meltWidth,meltDepth,meltArea
[0.],[0.],[0.]
[0.],[0.],[0.]
[0.],[0.],[0.]
[0.],[0.],[0.]
[0.],[0.],[0.]
[0.],[0.],[0.]
[0.],[0.],[0.]
[0.],[0.],[0.]
[0.],[0.],[0.]
[0.],[0.],[0.]
[0.],[0.],[0.]
[0.],[0.],[0.]
[0.],[0.],[0.]
[0.],[0.],[0.]
[0.],[0.],[0.]
[0.],[0.],[0.]
[0.],[0.],[0.]
[0.],[0.],[0.]
[0.],[0.],[0.]
[0.],[0.],[0.]
[0.],[0.],[0.]
[0.],[0.],[0.]
[0.],[0.],[0.]
[0.],[0.],[0.]
[0.],[0.],[0.]
[0.],[0.],[0.]
[0.],[0.],[0.]
[0.],[0.],[0.]
[0.],[0.],[0.]
[0.],[0.],[0.]
[0.],[0.],[0.]
[0.],[0.],[0.]
[0.],[0.],[0.]
[0.],[0.],[0.]
[0.],[0.],[0.]
[0.],[0.],[0.]
[0.],[0.],[0.]
[0.],[0.],[0.]
[0.],[0.],[0.]
[0.],[0.],[0.]
[0.],[0.],[0.]
[0.],[0.],[0.]
[0.],[0.],[0.]
[0.],[0.],[0.]
[0.],[0.],[0.]
[0.],[0.],[0.]
[0.],[0.],[0.]
[0.],[0.],[0.]
[0.],[0.],[0.]
[0.],[0.],[0.]
[0.],[0.],[0.]
[0.],[0.],[0.]
[0.],[0.],[0.]
[0.],[0.],[0.]
[0.],[0.],[0.]
[0.],[0.],[0.]
[0.],[0.],[0.]
[0.],[0.],[0.]
[0.],[0.],[0.]
[0.],[0.],[0.]
[0.],[0.],[0.]
[0.],[0.],[0.]
[0.],[0.],[0.]
[0.],[0.],[0.]
[0.],[0.],[0.]
[0.],[0.],[0.]
[0.],[0.],[0.]
[0.],[0.],[0.]
[0.],[0.],[0.]
[0.],[0.],[0.]
[0.],[0.],[0.]
[0.],[0.],[0.]
[0.],[0.],[0.]
[0.],[0.],[0.]
[0.],[0.],[0.]
[0.],[0.],[0.]
[0.],[0.],[0.]
[0.],[0.],[0.]
[0.],[0.],[0.]
[0.],[0.],[0.]
[0.],[0.],[0.]
[0.],[0.],[0.]
[0.],[0.],[0.]
[0.],[0.],[0.]
[0.],[0.],[0.]
[0.],[0.],[0.]
[0.],[0.],[0.]
[0.],[0.],[0.]
[0.],[0.],[0.]
[0.],[0.],[0.]
[0.],[0.],[0.]
[0.],[0.],[0.]
[0.],[0.],[0.]
[0.],[0.],[0.]
[0.],[0.],[0.]
[0.],[0.],[0.]
[0.],[0.],[0.]
[0.],[0.],[0.]
[0.],[0.],[0.]
[0.],[0.],[0.]
[0.],[0.],[0.]
[0.],[0.],[0.]
[0.],[0.],[0.]
[0.],[0.],[0.]
[0.],[0.],[0.]
[0.],[0.],[0.]
[0.],[0.],[0.]
[0.],[0.],[0.]
[0.],[0.],[0.]
[2.52043039],[0.02079866],[0.02456267]
[0.],[0.],[0.]
[0.],[0.],[0.]
[0.],[0.],[0.]
[0.],[0.],[0.]
[1.52242129],[0.14429152],[0.10917609]
[2.28144424],[0.25531871],[0.43472604]
[2.6776647],[0.40477195],[0.7231852]
[2.80279646],[0.49181887],[0.88347248]
[3.03472873],[0.50686054],[1.00834432]
[3.11181749],[0.51347284],[1.04317666]
[3.30672716],[0.51811214],[1.08030373]
[3.26686614],[0.52186063],[1.07614932]
[3.44690746],[0.52970332],[1.1142768]
[3.41726348],[0.53860627],[1.12612886]
[3.64214154],[0.539176],[1.16509567]
[3.60321649],[0.54750028],[1.1615476]
[3.74582601],[0.55596834],[1.20401906]
[3.69426619],[0.56802301],[1.20770245]
[3.81604595],[0.57198277],[1.24205483]
[3.82091611],[0.57335535],[1.24649397]
[3.86625937],[0.57115718],[1.25136128]
[3.85643167],[0.57239395],[1.24329725]
[3.88023807],[0.56990823],[1.24617026]
[3.863195],[0.57170376],[1.24308382]
[3.85013196],[0.57066148],[1.23840044]
[3.82786464],[0.57103579],[1.22340241]
[3.81683019],[0.57241088],[1.21497966]
[3.79502668],[0.57097558],[1.20279085]
[3.76663859],[0.57514364],[1.18674328]
[3.74542998],[0.57048247],[1.16990665]
[3.72054454],[0.57218916],[1.15227661]
[3.73144447],[0.56904491],[1.15273905]
[3.72628449],[0.56892574],[1.17230013]
[3.70324071],[0.56586701],[1.14190476]
[3.68422817],[0.56330247],[1.13910316]
[3.65476919],[0.56079086],[1.11981077]
[3.6123377],[0.5580803],[1.11077688]
[3.58496315],[0.55023364],[1.09878569]
[3.55257114],[0.54190235],[1.07837451]
[3.52456576],[0.53324625],[1.06276173]
[3.47890838],[0.52454525],[1.04508221]
[3.4240279],[0.51791997],[1.02309622]
[3.37603745],[0.51208562],[0.99856336]
[3.32407603],[0.50229052],[0.97338936]
[3.27619314],[0.49249554],[0.95156142]
[3.22484144],[0.48244076],[0.91556538]
[3.18627375],[0.47928629],[0.89199709]
[3.13692475],[0.47719187],[0.86930234]
[3.08359621],[0.47611155],[0.84383125]
[3.00680481],[0.475285],[0.80737169]
[2.92687686],[0.46839865],[0.76784391]
[2.82029432],[0.45760269],[0.72387622]
[2.70383529],[0.44192961],[0.66853734]
[6.84463654],[0.86019189],[4.66591808]
[6.1958514],[0.84470871],[3.29730605]
[4.24870363],[0.79961892],[1.7741901]
[2.05717563],[0.05837242],[0.08269466]
[0.],[0.],[0.]
[0.],[0.],[0.]
[2.02994537],[0.22728821],[0.32655215]
[2.70199281],[0.33065984],[0.66485234]
[3.01358816],[0.55101465],[1.06273096]
[3.18324672],[0.63087891],[1.25158313]
[3.40094775],[0.6450841],[1.49938036]
[3.45947057],[0.65114733],[1.52586678]
[3.70876681],[0.65669844],[1.6873437]
[3.70909851],[0.66656865],[1.64547478]
[3.90260802],[0.67256044],[1.78143825]
[3.84144243],[0.68686265],[1.72975808]
[4.01695394],[0.69666661],[1.88264629]
[3.95607149],[0.71112182],[1.83280841]
[4.09633678],[0.72114117],[1.97757878]
[4.02131089],[0.73421256],[1.93048359]
[4.16990723],[0.73938554],[2.06285135]
[4.11159689],[0.7438737],[2.0282539]
[4.2053597],[0.74627969],[2.09185595]
[4.14402884],[0.7475511],[2.04704035]
[4.21564412],[0.7491738],[2.0908823]
[4.14547457],[0.74829962],[2.05783249]
[4.15683331],[0.75303262],[2.08536153]
[4.10241146],[0.75001945],[2.05655194]
[4.1110584],[0.75772965],[2.07828333]
[4.05909008],[0.75254663],[2.04284734]
[4.03933476],[0.76370954],[2.04212621]
[4.00476362],[0.75456348],[2.00039849]
[3.98192897],[0.76044285],[2.0081525]
[3.98976464],[0.75445354],[1.98061967]
[3.96806707],[0.75729608],[2.01396406]
[3.94763524],[0.7547233],[1.96062206]
[3.90002388],[0.75303716],[1.9634577]
[3.86900823],[0.75171826],[1.93120246]
[3.81203313],[0.74923388],[1.91068428]
[3.76738073],[0.74063757],[1.89165893]
[3.72944772],[0.73206773],[1.85796289]
[3.70103899],[0.72452494],[1.83209835]
[3.64961632],[0.71695266],[1.78962795]
[3.57732629],[0.70985268],[1.73818374]
[3.52046481],[0.70253328],[1.68868065]
[3.46831675],[0.69458712],[1.63799659]
[3.42005847],[0.68726991],[1.59804332]
[3.37047009],[0.67929016],[1.54960081]
[3.33606256],[0.67235684],[1.51204608]
[3.28831466],[0.67569265],[1.47748386]
[3.24185057],[0.67866928],[1.44204596]
[3.19731682],[0.68235938],[1.40599168]
[3.13183008],[0.67277832],[1.3597037]
[3.04701947],[0.66308054],[1.28895236]
[2.92879619],[0.65369304],[1.21142599]
[9.45092205],[1.62069754],[10.68143683]
[7.90529944],[1.32560535],[6.32269283]
[6.87173222],[1.14485283],[4.44994131]
[4.94571173],[0.90593153],[2.45179001]
[2.57612636],[0.17858346],[0.28527538]
[0.],[0.],[0.]
[2.27074293],[0.25161738],[0.3748688]
[2.79822046],[0.42646958],[0.83729039]
[3.22894255],[0.60749696],[1.26346462]
[3.4726819],[0.6841882],[1.55220166]
[3.62193809],[0.69810384],[1.74836366]
[3.77874701],[0.70678815],[1.86137273]
[3.97476189],[0.71622293],[2.0087679]
[4.02056868],[0.72799344],[1.9996391]
[4.1665087],[0.73070216],[2.15589207]
[4.16575795],[0.74137998],[2.12560926]
[4.27884786],[0.75068211],[2.28832153]
[4.2823535],[0.75755843],[2.25586555]
[4.36742093],[0.7758528],[2.41301387]
[4.36882251],[0.77662225],[2.3616212]
[4.44989555],[0.79127015],[2.50784866]
[4.45259122],[0.79116864],[2.43914878]
[4.50418817],[0.80259279],[2.53107858]
[4.50779808],[0.79920489],[2.44713941]
[4.53451386],[0.80874104],[2.53418186]
[4.48193071],[0.80614437],[2.44280073]
[4.46568975],[0.81573664],[2.50736116]
[4.39565892],[0.81388576],[2.41207233]
[4.40945748],[0.82209401],[2.47435086]
[4.30955286],[0.8202788],[2.38109954]
[4.33723513],[0.82721604],[2.42269846]
[4.2325827],[0.823056],[2.34007946]
[4.22753647],[0.82550033],[2.3470266]
[4.21438],[0.82099765],[2.31208376]
[4.16689466],[0.82088302],[2.32743315]
[4.12500887],[0.81864028],[2.27229574]
[4.04609115],[0.81688084],[2.26358493]
[3.99708116],[0.81553962],[2.22248584]
[3.9270504],[0.81440564],[2.19452311]
[3.87306487],[0.8101695],[2.16824097]
[3.82511206],[0.80362675],[2.13025247]
[3.78521423],[0.79683886],[2.10013724]
[3.73630741],[0.78974258],[2.05835234]
[3.6659398],[0.78276518],[2.00583105]
[3.61601883],[0.77594601],[1.95630569]
[3.5661358],[0.76840426],[1.90297782]
[3.5152891],[0.76142926],[1.85481831]
[3.46878862],[0.75452969],[1.80602141]
[3.42732186],[0.74820188],[1.75912842]
[3.37466994],[0.74362212],[1.70674555]
[3.32132915],[0.74311933],[1.65284429]
[3.26775234],[0.74068],[1.58042588]
[3.20824381],[0.73143316],[1.50761166]
[3.15927594],[0.71161268],[1.4227684]
[3.08552743],[0.69335369],[1.32981477]
[11.02052614],[1.66192168],[13.18107047]
[9.30422295],[1.60719092],[9.52326678]
[8.26752204],[1.44579505],[6.82550407]
[7.35212429],[1.14755226],[4.81679063]
[5.94089025],[0.82736778],[2.45166004]
[3.13268839],[0.26816972],[0.47837047]
[1.75855427],[0.24940114],[0.2809424]
[2.75728352],[0.46656187],[0.94642694]
[3.16126989],[0.62781336],[1.40367685]
[3.67508569],[0.69393226],[1.73817833]
[3.83441015],[0.72698498],[1.95224505]
[4.01982003],[0.74434871],[2.10611947]
[4.19885542],[0.75664646],[2.22781579]
[4.31750888],[0.75378363],[2.31529969]
[4.38456416],[0.76503543],[2.43541554]
[4.45229979],[0.76981776],[2.47423388]
[4.5045087],[0.78651198],[2.60692688]
[4.56245627],[0.79088003],[2.61546919]
[4.58488732],[0.80704584],[2.72513047]
[4.63393151],[0.80638713],[2.70600275]
[4.64510076],[0.82212537],[2.80591025]
[4.69150871],[0.8200132],[2.75292354]
[4.68966881],[0.83293844],[2.82036719]
[4.72834511],[0.82675556],[2.75166912]
[4.6951314],[0.83629652],[2.81867172]
[4.65172603],[0.8321937],[2.71638324]
[4.6031701],[0.84074702],[2.77027223]
[4.54152223],[0.83875593],[2.65279158]
[4.52034734],[0.84684655],[2.70981186]
[4.43904407],[0.84491372],[2.58432886]
[4.42044746],[0.84975571],[2.62689368]
[4.34411345],[0.84748572],[2.53084841]
[4.32799145],[0.84859867],[2.54304601]
[4.30573656],[0.84864202],[2.50017555]
[4.22533902],[0.84649655],[2.49896901]
[4.17378586],[0.84694321],[2.43954293]
[4.08264405],[0.84826345],[2.42364298]
[4.03063033],[0.84933534],[2.3783132]
[3.94770321],[0.85014351],[2.3462592]
[3.89021924],[0.84964991],[2.32055384]
[3.84008046],[0.84936329],[2.2875623]
[3.79853771],[0.84916854],[2.25459431]
[3.74310831],[0.84752153],[2.18936955]
[3.67838148],[0.84176404],[2.12516005]
[3.62379715],[0.83404023],[2.06069058]
[3.56078563],[0.82192139],[1.98129534]
[3.5002326],[0.8108663],[1.90864371]
[3.43945624],[0.79996338],[1.83888166]
[3.39019924],[0.78934168],[1.78148424]
[3.32363256],[0.77924388],[1.71714645]
[3.27064871],[0.77368121],[1.66381149]
[3.23790597],[0.75679158],[1.60130691]
[3.19396233],[0.73894318],[1.53418975]
[3.15393694],[0.7211306],[1.45027819]
[3.11030556],[0.70278802],[1.36394002]
[12.89902879],[1.68520801],[14.47008403]
[10.78779896],[1.615895],[11.16984126]
[9.67314929],[1.59117059],[9.41923653]
[8.48057615],[1.31433818],[6.67718598]
[6.78488733],[1.01436771],[4.02222479]
[4.59723563],[0.5658728],[1.69400756]
[2.66381356],[0.25449528],[0.47278758]
[2.68523991],[0.55356231],[1.00960559]
[3.10034566],[0.69173097],[1.55521571]
[3.66078439],[0.7338746],[1.92291535]
[4.03385328],[0.78120336],[2.19451998]
[4.19429137],[0.78235065],[2.34559563]
[4.38490042],[0.79644796],[2.5089802]
[4.50684925],[0.79368413],[2.61443651]
[4.54269242],[0.80872739],[2.72657738]
[4.61883015],[0.81291099],[2.77202795]
[4.61157249],[0.82849439],[2.85969812]
[4.65656251],[0.83264304],[2.83802335]
[4.665376],[0.84753103],[2.94381967]
[4.70007646],[0.84635061],[2.88543074]
[4.71218057],[0.86056545],[2.99854566]
[4.75110548],[0.85844939],[2.94270908]
[4.75245421],[0.869094],[3.01393515]
[4.78348691],[0.86321525],[2.94689912]
[4.71000331],[0.8715845],[2.97273284]
[4.67877608],[0.86608029],[2.87516377]
[4.60403516],[0.87482718],[2.89770928]
[4.55609343],[0.86938217],[2.79207047]
[4.51342388],[0.87652858],[2.83094067]
[4.45625066],[0.87621323],[2.72097236]
[4.41728125],[0.87680874],[2.74573188]
[4.35849724],[0.87874146],[2.65601884]
[4.33719553],[0.87618745],[2.65644084]
[4.29602674],[0.87824291],[2.61096773]
[4.19631973],[0.87530888],[2.59364292]
[4.14256004],[0.8767407],[2.53649029]
[4.05448445],[0.87867365],[2.51811364]
[4.00296286],[0.8700802],[2.45205937]
[3.91546866],[0.85996292],[2.39262107]
[3.85915111],[0.85439868],[2.32153281]
[3.81111196],[0.84939803],[2.24551358]
[3.77495102],[0.84466123],[2.18440084]
[3.72405489],[0.83893244],[2.09188449]
[3.65967317],[0.83452218],[2.01529516]
[3.59886381],[0.83003731],[1.94671154]
[3.51405391],[0.82555761],[1.87988026]
[3.42722727],[0.82035435],[1.82269438]
[3.33947062],[0.81045955],[1.7681873]
[3.29004195],[0.80040593],[1.72198957]
[3.2512284],[0.78904619],[1.67532484]
[3.21655545],[0.7747643],[1.62983386]
[3.18306974],[0.76466633],[1.58065524]
[3.13929392],[0.75370274],[1.51564836]
[3.1027923],[0.7380251],[1.45410645]
[3.06986088],[0.71956978],[1.38478323]
[12.79327757],[1.77052899],[15.51864745]
[9.68980527],[1.62131754],[11.1071582]
[8.39885663],[1.60376454],[8.96058755]
[6.84613542],[1.51963746],[7.11221188]
[5.27737113],[1.13207764],[4.73361332]
[3.64100487],[0.80570584],[2.44929233]
[2.81202197],[0.37665038],[0.63198114]
[2.03573034],[0.5444355],[0.74813164]
[2.94563869],[0.73766052],[1.50807145]
[3.38056104],[0.78009919],[1.92737143]
[4.12641138],[0.80533943],[2.36429369]
[4.30850086],[0.81475535],[2.54132915]
[4.48362668],[0.83087131],[2.70668073]
[4.6194095],[0.8297444],[2.8242338]
[4.6359661],[0.84491815],[2.92176187]
[4.69420651],[0.84779763],[2.93506926]
[4.67036413],[0.8620983],[3.0153622]
[4.73376546],[0.86548216],[3.00699607]
[4.72700548],[0.88067824],[3.09644765]
[4.78577015],[0.87738987],[3.06032532]
[4.77384474],[0.88870819],[3.14137133]
[4.85852885],[0.88600621],[3.12062872]
[4.83010818],[0.89401486],[3.158672]
[4.8576384],[0.89095222],[3.10161155]
[4.76996436],[0.89796528],[3.10610848]
[4.7518613],[0.89365925],[3.02460564]
[4.65129784],[0.90140624],[3.02642474]
[4.63216394],[0.89488973],[2.93513425]
[4.55783096],[0.90020989],[2.95704703]
[4.5156549],[0.89671334],[2.85614637]
[4.46089805],[0.89456529],[2.87597156]
[4.41508019],[0.89751992],[2.78231583]
[4.3753026],[0.89491911],[2.77422045]
[4.3515893],[0.89107986],[2.72838529]
[4.23791771],[0.87428141],[2.67493084]
[4.19316965],[0.86032704],[2.58251135]
[4.09274059],[0.85094428],[2.51173471]
[4.04876881],[0.8416256],[2.40968963]
[3.95535362],[0.83228355],[2.30801069]
[3.8944855],[0.82841366],[2.22060214]
[3.85246957],[0.82538787],[2.12525537]
[3.82082489],[0.82242924],[2.05208934]
[3.77232611],[0.8179429],[1.98535135]
[3.70943532],[0.81430818],[1.93292959]
[3.64499211],[0.81081928],[1.8814391]
[3.55736575],[0.80735107],[1.82509378]
[3.46416564],[0.8045675],[1.7814202]
[3.36107958],[0.8015658],[1.74027507]
[3.30217242],[0.79929647],[1.70089335]
[3.25516492],[0.79339316],[1.65947521]
[3.21827676],[0.77846608],[1.61696893]
[3.17950942],[0.76884043],[1.56243184]
[3.13476124],[0.76029017],[1.50080486]
[3.09750257],[0.75380721],[1.4556819]
[3.07471669],[0.73931431],[1.40767574]
[12.52767732],[1.86160419],[16.14409014]
[9.46170111],[1.67005641],[11.32511971]
[8.52625233],[1.62120429],[9.24363171]
[7.69780937],[1.56983709],[7.31614002]
[5.47532137],[1.22783136],[5.10485564]
[3.69140816],[0.87405086],[3.15822258]
[2.35091458],[0.31488534],[0.44688607]
[1.91838087],[0.54504482],[0.82735659]
[2.94075252],[0.76075539],[1.49891102]
[3.43302432],[0.80653208],[1.98469825]
[4.21012069],[0.82820114],[2.48620448]
[4.38789339],[0.8425046],[2.66904634]
[4.53627008],[0.86155304],[2.83457333]
[4.66420187],[0.86241873],[2.93765475]
[4.67690021],[0.88150585],[3.04252489]
[4.74020544],[0.88443657],[3.06775008]
[4.71033552],[0.90158004],[3.1425962]
[4.78828416],[0.90506737],[3.14977866]
[4.76291817],[0.92084733],[3.21807953]
[4.84362825],[0.91611809],[3.19499972]
[4.8155543],[0.92800825],[3.27293599]
[4.91792355],[0.92077741],[3.25633505]
[4.88677592],[0.93119627],[3.30116895]
[4.91731949],[0.92378348],[3.24344768]
[4.8350105],[0.93297567],[3.25066473]
[4.82044766],[0.92651591],[3.16928156]
[4.70021356],[0.93570297],[3.16415471]
[4.7049099],[0.92855248],[3.08049277]
[4.60805457],[0.93676577],[3.094737]
[4.59445987],[0.92977365],[2.9950673]
[4.51449429],[0.93110089],[3.00809337]
[4.49084488],[0.92610313],[2.90988633]
[4.44035388],[0.9212197],[2.89494052]
[4.41978256],[0.89072256],[2.80187946]
[4.29844644],[0.86988685],[2.72121022]
[4.25773984],[0.85642534],[2.62616641]
[4.14909714],[0.84437117],[2.54066896]
[4.10843788],[0.83448688],[2.4088647]
[4.01147162],[0.82523492],[2.30075664]
[3.94676316],[0.8209822],[2.18399465]
[3.91001441],[0.81769373],[2.09639671]
[3.87967628],[0.81478652],[2.02784628]
[3.83723001],[0.81140902],[1.96158718]
[3.77812887],[0.80828686],[1.90306833]
[3.71431636],[0.80494276],[1.85517414]
[3.63513112],[0.80121724],[1.80239983]
[3.5484431],[0.79788968],[1.75887133]
[3.45287841],[0.79469284],[1.71765731]
[3.34659071],[0.79199861],[1.6785456]
[3.2888811],[0.78816946],[1.64069668]
[3.24505433],[0.77853736],[1.60350223]
[3.16549274],[0.76793265],[1.53890593]
[3.06973451],[0.75814461],[1.4633851]
[3.01686522],[0.7508557],[1.4144436]
[2.97854161],[0.74166252],[1.36914397]
[12.17077493],[1.9156676],[16.41860311]
[9.59588988],[1.72910577],[11.67484934]
[8.66186101],[1.65312866],[9.52489601]
[7.83337738],[1.58357192],[7.55328189]
[5.67043621],[1.34149676],[5.34898087]
[3.83651431],[0.94431607],[3.4000113]
[2.45505875],[0.38138599],[0.68293039]
[2.16105775],[0.57390771],[1.00846282]
[3.1142961],[0.75062691],[1.60473834]
[3.85900169],[0.80222658],[2.19091762]
[4.26501916],[0.83246491],[2.53311417]
[4.44218922],[0.84713783],[2.72519869]
[4.57528144],[0.86492703],[2.89825782]
[4.70873459],[0.86750273],[2.99227437]
[4.71399347],[0.88666882],[3.09847898]
[4.78189333],[0.8891906],[3.12332228]
[4.74703779],[0.90622903],[3.18926921]
[4.83270203],[0.90924967],[3.20335192]
[4.8001548],[0.92525266],[3.2687977]
[4.89947071],[0.92151463],[3.26453867]
[4.85410072],[0.93305441],[3.33006367]
[4.96696875],[0.92698231],[3.33073024]
[4.93501724],[0.93705046],[3.36611147]
[4.96460032],[0.93032487],[3.32433359]
[4.8843434],[0.93966145],[3.32672481]
[4.86862713],[0.93368958],[3.25179274]
[4.7503405],[0.94313472],[3.23727659]
[4.7553287],[0.93694148],[3.16099433]
[4.64560611],[0.94684907],[3.16815342]
[4.64853539],[0.93984531],[3.0776667]
[4.55336238],[0.94644731],[3.08506641]
[4.53753659],[0.94306729],[2.9955581]
[4.48328433],[0.94834569],[3.00236804]
[4.47641847],[0.94720279],[2.93554395]
[4.35384156],[0.922331],[2.87254816]
[4.3198169],[0.89437322],[2.78902037]
[4.20459895],[0.86972825],[2.68998517]
[4.17119707],[0.85577805],[2.60732664]
[4.07103011],[0.84607235],[2.49930599]
[4.00672977],[0.84147327],[2.39460934]
[3.95544236],[0.83791308],[2.29835229]
[3.91992258],[0.83465247],[2.18738272]
[3.88224016],[0.8309313],[2.10083822]
[3.82821785],[0.82802368],[2.02410133]
[3.76926388],[0.82502715],[1.95776091]
[3.69885417],[0.82195972],[1.88991712]
[3.62427003],[0.81842867],[1.83646161]
[3.54211829],[0.81488139],[1.78962059]
[3.45558564],[0.81163608],[1.74690711]
[3.33405881],[0.80512125],[1.69614659]
[3.28634798],[0.79727146],[1.65786407]
[3.24452489],[0.78274816],[1.59801245]
[3.19790111],[0.7730137],[1.53680606]
[3.15078435],[0.76409289],[1.48958616]
[3.09404005],[0.75705154],[1.44749663]
[12.19830629],[1.95308659],[16.80269962]
[9.71225207],[1.76861852],[11.97508283]
[8.78755163],[1.69066835],[9.73635533]
[7.96234724],[1.59689776],[7.74502518]
[5.53650666],[1.42414387],[5.60404168]
[3.64201151],[1.029978],[3.55568313]
[2.56691236],[0.43166767],[0.93114291]
[2.58148756],[0.65210961],[1.17182594]
[3.37260245],[0.78535942],[1.86074704]
[4.13145735],[0.83621159],[2.43123786]
[4.29990886],[0.85832515],[2.64662509]
[4.47238211],[0.87104038],[2.83277449]
[4.59939332],[0.88808053],[3.00732161]
[4.72308897],[0.89089114],[3.0891198]
[4.72786255],[0.90883543],[3.19180353]
[4.79627679],[0.91151229],[3.20841897]
[4.76108734],[0.92583005],[3.27278224]
[4.84873585],[0.93042637],[3.28948572]
[4.81268937],[0.94148421],[3.35167783]
[4.91948336],[0.94314738],[3.35710735]
[4.86929386],[0.95183011],[3.41536054]
[5.00156385],[0.94883677],[3.43278169]
[4.97924909],[0.95848593],[3.46708897]
[4.99514767],[0.95170434],[3.42546812]
[4.91267033],[0.96071711],[3.4203894]
[4.90010394],[0.95482391],[3.35314999]
[4.78944701],[0.96478707],[3.33845828]
[4.7953616],[0.95729998],[3.26761427]
[4.66896675],[0.96768833],[3.26132756]
[4.68939078],[0.95996997],[3.179851]
[4.58020356],[0.96714669],[3.17620573]
[4.58594288],[0.96238829],[3.09978177]
[4.51198213],[0.96654783],[3.08973213]
[4.48899337],[0.96637528],[3.02597624]
[4.36513477],[0.96925934],[2.98301434]
[4.34322154],[0.96124067],[2.91672137]
[4.22840573],[0.92641917],[2.84424488]
[4.20033558],[0.90291089],[2.76758849]
[4.09928734],[0.8800502],[2.67367884]
[4.03707161],[0.86585381],[2.61033141]
[3.98469749],[0.86214557],[2.50537309]
[3.94468158],[0.85848429],[2.41919283]
[3.91131576],[0.85450516],[2.31325484]
[3.8547639],[0.85112008],[2.19236635]
[3.7954447],[0.84773723],[2.09772296]
[3.73326089],[0.84364022],[2.01349834]
[3.66660655],[0.83996843],[1.94415575]
[3.59181925],[0.83643028],[1.87901535]
[3.51125173],[0.83209552],[1.821431]
[3.39562671],[0.82559946],[1.76525175]
[3.30841425],[0.81868429],[1.72109044]
[3.26936002],[0.80224253],[1.66134035]
[3.22553561],[0.79004661],[1.60016429]
[3.18812274],[0.78113406],[1.55164235]
[3.15987242],[0.77078393],[1.51549372]
[11.95461329],[2.00166886],[17.09825801]
[9.73676927],[1.82261389],[12.30761445]
[8.81732623],[1.73820388],[9.98241683]
[7.99668334],[1.61462491],[7.94736905]
[7.00203048],[1.42867372],[5.80787577]
[3.55312589],[1.12384181],[3.67775268]
[2.57657186],[0.73854633],[1.14608469]
[2.90085008],[0.69017526],[1.35060416]
[3.70684206],[0.8027209],[2.11600562]
[4.17249373],[0.85437696],[2.51449955]
[4.34704599],[0.8742577],[2.7343092]
[4.51171014],[0.88364251],[2.91495848]
[4.62820256],[0.90537399],[3.09643339]
[4.75820306],[0.9083793],[3.17799584]
[4.7597252],[0.92232473],[3.26937507]
[4.83458965],[0.92752565],[3.28610584]
[4.79531088],[0.93647196],[3.3470993]
[4.88771028],[0.94319054],[3.365944]
[4.84755969],[0.95269207],[3.42599394]
[4.97278939],[0.95696378],[3.4554987]
[4.94959891],[0.96337124],[3.51439607]
[5.06116266],[0.96581042],[3.53555563]
[5.04518327],[0.97037297],[3.56878017]
[5.04710794],[0.9695204],[3.53606681]
[4.97623275],[0.97573494],[3.5353252]
[4.95645524],[0.97236651],[3.46621785]
[4.86269957],[0.98193366],[3.45663768]
[4.8564683],[0.97443728],[3.38017812]
[4.75110195],[0.98525229],[3.37717003]
[4.75808606],[0.97661039],[3.29085079]
[4.6322891],[0.98611176],[3.28265961]
[4.66362779],[0.98225079],[3.21544812]
[4.57308068],[0.98697543],[3.19736214]
[4.57145541],[0.98647651],[3.14511924]
[4.4201405],[0.98968098],[3.10631844]
[4.40345379],[0.99130797],[3.05835204]
[4.28188052],[0.99327615],[3.00464335]
[4.2635384],[0.96740182],[2.94238617]
[4.16295899],[0.93467495],[2.87767581]
[4.10253048],[0.91599049],[2.80463871]
[4.05112684],[0.8998559],[2.74195292]
[4.00526671],[0.88508849],[2.65968722]
[3.95714318],[0.88034526],[2.54429111]
[3.89962387],[0.87569318],[2.43454773]
[3.84514456],[0.87122495],[2.31837763]
[3.78961682],[0.8666084],[2.18707962]
[3.73042647],[0.86247726],[2.08997842]
[3.66551929],[0.85849496],[2.00426654]
[3.59528774],[0.85420081],[1.93324188]
[3.49938128],[0.84751376],[1.86060816]
[3.39096552],[0.8414311],[1.79545831]
[3.30578964],[0.82718098],[1.72899211]
[3.264548],[0.81019062],[1.66451834]
[3.23118839],[0.80078794],[1.62090219]
[3.20223638],[0.79024274],[1.58239399]
[11.86960096],[2.06089128],[17.62712028]
[9.73741778],[1.90025469],[12.76001739]
[8.83180495],[1.79979091],[10.34137629]
[8.00915652],[1.67035999],[8.18359585]
[7.01329019],[1.49793077],[5.9111941]
[4.04922844],[1.27656888],[3.91798638]
[1.70926631],[0.96747239],[1.25761988]
[3.12135196],[0.71950492],[1.58636723]
[4.03009484],[0.81842862],[2.29717718]
[4.21037723],[0.87049253],[2.58644441]
[4.3908667],[0.88945169],[2.81136537]
[4.54352641],[0.89619725],[2.98181022]
[4.65448192],[0.91507547],[3.16535473]
[4.79374021],[0.92101875],[3.24768846]
[4.79393283],[0.92987647],[3.33417674]
[4.87312003],[0.93667498],[3.34832613]
[4.82696751],[0.94489523],[3.40741265]
[4.93068439],[0.95193972],[3.43394425]
[4.888294],[0.96085287],[3.49271234]
[5.03641105],[0.96590937],[3.55025546]
[5.02348298],[0.97249197],[3.60101217]
[5.11404763],[0.9751414],[3.62403399]
[5.10022534],[0.9817531],[3.6628524]
[5.09163697],[0.9823106],[3.62663991]
[5.03270353],[0.98871554],[3.6347367]
[5.00899523],[0.9869628],[3.56850801]
[4.93115269],[0.9933201],[3.55847275]
[4.91327804],[0.99057168],[3.48443559]
[4.82865687],[0.99761337],[3.47631881]
[4.8223707],[0.99340363],[3.394017]
[4.7208606],[1.00063446],[3.38317861]
[4.73106143],[0.99880983],[3.31721387]
[4.66001842],[1.00409808],[3.30204195]
[4.64864749],[1.00338348],[3.25199425]
[4.4810806],[1.00747003],[3.19581674]
[4.48304062],[1.00920068],[3.17130227]
[4.33031084],[1.011206],[3.12656192]
[4.32051976],[1.01320642],[3.08175172]
[4.21834256],[1.00459942],[3.02443756]
[4.15972812],[0.98241571],[2.97813837]
[4.11211998],[0.95860531],[2.95956201]
[4.06955465],[0.9358676],[2.88247375]
[4.0207297],[0.91833641],[2.79952869]
[3.94325796],[0.90235119],[2.69316163]
[3.88620259],[0.89280558],[2.55241494]
[3.83895618],[0.88771334],[2.43914941]
[3.78658124],[0.88316398],[2.35179641]
[3.72784849],[0.87898369],[2.19927688]
[3.66632748],[0.87420591],[2.08672728]
[3.58741036],[0.8675542],[1.98985607]
[3.50016795],[0.86088217],[1.90748016]
[3.40057387],[0.84908186],[1.81656352]
[3.30200142],[0.83134809],[1.73497993]
[3.26712713],[0.81749291],[1.68282837]
[3.23930775],[0.80766526],[1.64388729]
[11.83647262],[2.09492442],[17.91158118]
[9.71627788],[1.95416444],[12.91596709]
[8.77895982],[1.82386869],[10.40165315]
[7.95305115],[1.69650726],[8.18535776]
[6.90744599],[1.52207093],[5.80687111]
[5.80226967],[1.30843683],[3.73833673]
[1.91431504],[0.87192189],[1.3307198]
[3.39704761],[0.72324115],[1.7417692]
[4.08313699],[0.81648691],[2.33901394]
[4.25783847],[0.86770194],[2.6254816]
[4.44535643],[0.88426831],[2.85687762]
[4.58711615],[0.89778444],[3.022835]
[4.68872176],[0.91589075],[3.20324455]
[4.83613766],[0.92262156],[3.28688014]
[4.83241776],[0.93241074],[3.37494661]
[4.91639045],[0.93838975],[3.38994311]
[4.86878218],[0.94850401],[3.44778565]
[5.00100626],[0.95507501],[3.50384764]
[4.95881442],[0.96729451],[3.55774675]
[5.0953934],[0.97246405],[3.61962182]
[5.08753485],[0.98113596],[3.6684711]
[5.16449768],[0.98314651],[3.69724219]
[5.15457687],[0.98978577],[3.73679008]
[5.13512739],[0.98880511],[3.69601637]
[5.08664247],[0.99534343],[3.70826352]
[5.05886714],[0.99436628],[3.64820488]
[4.99233359],[1.00040703],[3.64219525]
[4.96761862],[0.99861831],[3.56744416]
[4.89894436],[1.00469364],[3.56436171]
[4.88344609],[1.00376678],[3.48898281]
[4.8013798],[1.00788431],[3.47864618]
[4.79702771],[1.00951886],[3.41539202]
[4.73872796],[1.01230755],[3.40131973]
[4.72145619],[1.01467122],[3.35393231]
[4.57698342],[1.0157914],[3.28584531]
[4.56711934],[1.01796193],[3.26230726]
[4.39950696],[1.02046016],[3.20721811]
[4.40963119],[1.0225271],[3.19497794]
[4.27482722],[1.02435944],[3.14619791]
[4.21587957],[1.02402013],[3.1112354]
[4.16770772],[1.01735007],[3.07871922]
[4.12497628],[0.9953359],[3.05188908]
[4.07984478],[0.97545236],[3.0225985]
[4.003996],[0.96797118],[2.95817168]
[3.9244269],[0.99026793],[2.90072563]
[3.8807868],[0.98200073],[2.82636151]
[3.83333518],[0.90228664],[2.66696435]
[3.78106656],[0.89781952],[2.50452491]
[3.72870317],[0.89256961],[2.39547672]
[3.66105384],[0.88535052],[2.22857182]
[3.58795867],[0.87829522],[2.07532095]
[3.50754515],[0.86871293],[1.948675]
[3.39743],[0.85099517],[1.83693873]
[3.306196],[0.83527331],[1.76601013]
[3.28374627],[0.82273624],[1.71375151]
[11.90550003],[2.13968334],[18.19096151]
[9.7418503],[1.97173398],[13.08649401]
[8.80157213],[1.84171525],[10.49393407]
[7.95357795],[1.71815621],[8.14363545]
[6.8855078],[1.52691535],[5.44112508]
[2.64356304],[1.2549855],[3.12525629]
[2.32027593],[0.82036087],[1.46853858]
[3.68417604],[0.75988702],[1.96734541]
[4.1190798],[0.84730219],[2.44770494]
[4.28882525],[0.89599186],[2.71867317]
[4.47992111],[0.90934526],[2.95096532]
[4.61922053],[0.91683246],[3.1065134]
[4.71543438],[0.9311772],[3.28206742]
[4.85859326],[0.93738378],[3.36589918]
[4.85616654],[0.94771297],[3.45567507]
[4.95444019],[0.95377016],[3.48050614]
[4.91272896],[0.9649722],[3.54620852]
[5.059649],[0.97296245],[3.61440251]
[5.0211255],[0.98395075],[3.66274376]
[5.14608309],[0.98673733],[3.72365429]
[5.14044095],[0.99476816],[3.77782112]
[5.19746727],[0.99454306],[3.8006507]
[5.17868506],[1.00099154],[3.83288209]
[5.15871921],[0.99979974],[3.7924456]
[5.11226346],[1.0060156],[3.79846564]
[5.08692031],[1.00518683],[3.73778144]
[5.0192738],[1.01117581],[3.72517313]
[4.99906587],[1.0100759],[3.65259275]
[4.93110046],[1.01527918],[3.64904253]
[4.92451942],[1.01507327],[3.58123761]
[4.84737635],[1.0184294],[3.57085419]
[4.82096754],[1.01887221],[3.48081005]
[4.7678639],[1.02159274],[3.46812279]
[4.74913623],[1.02168056],[3.4160651]
[4.61257133],[1.02346829],[3.34958074]
[4.60146792],[1.02483101],[3.32839151]
[4.44250366],[1.02672294],[3.27541436]
[4.44794113],[1.02862162],[3.26624512]
[4.2965918],[1.03071403],[3.21375649]
[4.2373913],[1.03053449],[3.19609754]
[4.18800897],[1.03042044],[3.17237935]
[4.13976936],[1.03037891],[3.15240027]
[4.08919535],[1.02724408],[3.12824982]
[4.01728403],[1.00692053],[3.07669439]
[3.95171365],[0.99771187],[3.03819521]
[3.91054207],[1.01779363],[2.99246855]
[3.86571837],[1.03133213],[2.93657844]
[3.82290443],[1.04145498],[2.89845002]
[3.78062469],[0.99610547],[2.8271451]
[3.72632387],[0.90123479],[2.66768875]
[3.66667266],[0.89492243],[2.50838662]
[3.59920716],[0.88838679],[2.43931173]
[3.50413369],[0.87194885],[2.06673835]
[3.41614619],[0.85780785],[1.91243798]
[3.35979668],[0.84339432],[1.82768495]
[11.87097681],[2.17001917],[18.48722589]
[9.74169975],[1.99083564],[13.40139269]
[8.79862667],[1.85953071],[10.71897662]
[7.95373798],[1.74289441],[8.31198142]
[5.97590983],[1.53675246],[5.29321599]
[2.71895367],[1.25648023],[3.23897284]
[2.66350871],[0.79884691],[1.55457116]
[3.7932386],[0.77804971],[2.04894396]
[4.1673961],[0.86329624],[2.52123322]
[4.32738009],[0.90839073],[2.77824884]
[4.52601284],[0.92212714],[3.02186324]
[4.65838206],[0.92858219],[3.18032697]
[4.74611434],[0.94249677],[3.35703648]
[4.90461228],[0.94872635],[3.45366518]
[4.91597307],[0.9600963],[3.55441]
[5.04110727],[0.96726576],[3.59781787]
[4.98238549],[0.97799885],[3.65583618]
[5.14378041],[0.98470276],[3.7471214]
[5.11046912],[0.9973977],[3.79014674]
[5.21287236],[1.00068139],[3.8617474]
[5.19975732],[1.00766132],[3.9214779]
[5.23830109],[1.00599532],[3.9437014]
[5.22247539],[1.01082146],[3.9704976]
[5.20014132],[1.00890025],[3.91977363]
[5.16460517],[1.014739],[3.92015061]
[5.12904537],[1.01412463],[3.85349904]
[5.07023662],[1.0199604],[3.84309707]
[5.04772939],[1.01921013],[3.77290476]
[4.99289108],[1.02516872],[3.77103557]
[4.97934993],[1.02384935],[3.70066083]
[4.91794218],[1.028815],[3.69614779]
[4.87742207],[1.02703629],[3.59886651]
[4.83532659],[1.03001993],[3.59113767]
[4.81288528],[1.03006837],[3.53982483]
[4.69670032],[1.03214234],[3.47291428]
[4.67551129],[1.03393267],[3.45435402]
[4.53402931],[1.0360632],[3.40451012]
[4.52735919],[1.04014442],[3.39905083]
[4.38835151],[1.04502462],[3.34553951]
[4.30380225],[1.04406766],[3.3246934]
[4.23572535],[1.04160582],[3.32924862]
[4.1853452],[1.04008565],[3.32980434]
[4.13768441],[1.05557966],[3.31978394]
[4.07266319],[1.07361558],[3.28524221]
[4.0084981],[1.0868858],[3.24803711]
[3.94813161],[1.10130178],[3.19882636]
[3.90991209],[1.11088681],[3.18114768]
[3.87463491],[1.11754163],[3.15281029]
[3.84184443],[1.11801265],[3.12705602]
[3.79818813],[1.11663969],[3.09225603]
[3.75084853],[1.0764063],[3.05318463]
[3.69716293],[0.98970729],[2.99454215]
[3.62418241],[0.89695228],[2.87038634]
[3.55364258],[0.8974224],[2.73496116]
[3.51379761],[0.86797781],[2.47799744]
[11.84823807],[2.18581912],[18.85274301]
[9.74071413],[2.01068622],[13.70692355]
[8.80735416],[1.88111948],[10.94841177]
[7.87755775],[1.77862867],[8.37396243]
[5.23741279],[1.56526689],[5.24228165]
[2.67893014],[1.28090465],[3.2860959]
[3.13251209],[0.70958588],[1.57063544]
[3.83513835],[0.77612634],[2.06212222]
[4.22209706],[0.86197125],[2.56427638]
[4.37372186],[0.90417321],[2.80500482]
[4.57737696],[0.9186029],[3.06184504]
[4.70491543],[0.93744933],[3.23110241]
[4.80697459],[0.95146993],[3.42304784]
[4.99214314],[0.95852828],[3.54361648]
[5.00317385],[0.97029941],[3.65149143]
[5.1506948],[0.97999284],[3.72664249]
[5.09408454],[0.99345011],[3.78207468]
[5.23698266],[1.00316869],[3.89228068]
[5.20748017],[1.02014856],[3.96392161]
[5.29809171],[1.02503593],[4.06902311]
[5.28562246],[1.03441115],[4.14024754]
[5.3088245],[1.03115367],[4.15582738]
[5.30233748],[1.03569415],[4.19980328]
[5.27071201],[1.02919027],[4.13335931]
[5.23992778],[1.03328192],[4.13317043]
[5.19646398],[1.02663227],[4.03842018]
[5.14709536],[1.03123205],[4.0191867]
[5.11754982],[1.02779944],[3.93439765]
[5.06744349],[1.03215994],[3.9231026]
[5.04380987],[1.0289946],[3.83526149]
[4.99247695],[1.03327018],[3.8215457]
[4.94030021],[1.03172096],[3.71234248]
[4.90531507],[1.03506076],[3.70002332]
[4.87722666],[1.03489524],[3.64823909]
[4.77589582],[1.03778179],[3.57379941]
[4.74707084],[1.04124355],[3.55225911]
[4.61665146],[1.04464306],[3.50610555]
[4.60033899],[1.04876656],[3.50923887]
[4.47974357],[1.05334064],[3.46202592]
[4.39735676],[1.06955699],[3.44181094]
[4.33083073],[1.06094112],[3.41351913]
[4.25830118],[1.04713272],[3.40327385]
[4.18770302],[1.06242349],[3.38336036]
[4.12337311],[1.08282039],[3.35820117]
[4.06076468],[1.09682407],[3.3357159]
[3.99639655],[1.11190034],[3.30377667]
[3.94509982],[1.12210418],[3.27976555]
[3.91356994],[1.1330745],[3.26926842]
[3.88540035],[1.13474553],[3.25838303]
[3.85066871],[1.13428977],[3.23223834]
[3.81518707],[1.13760643],[3.20874054]
[3.77720936],[1.13693673],[3.20870002]
[3.72233744],[1.05753501],[3.1315659]
[3.66619759],[0.92821226],[3.02200977]
[3.63142911],[0.8847369],[2.817246]
[11.47683185],[2.2405695],[18.60934794]
[9.78323485],[2.03099679],[13.85512589]
[8.76379187],[1.89873443],[10.90294477]
[7.23750921],[1.79059225],[8.07905187]
[4.79939658],[1.56547144],[5.04052694]
[2.61961276],[1.11326045],[2.65456259]
[3.20738145],[0.74820731],[1.52849163]
[3.91659616],[0.80840167],[2.1765846]
[4.2683262],[0.88915015],[2.66025218]
[4.42595775],[0.9269216],[2.89223145]
[4.62930697],[0.94369309],[3.15538734]
[4.77254384],[0.95596186],[3.35622321]
[4.87557061],[0.96940189],[3.55805156]
[5.06700088],[0.97968426],[3.68481648]
[5.07172598],[0.9941212],[3.78897128]
[5.22977101],[1.0028989],[3.88334837]
[5.17791576],[1.01586543],[3.95128154]
[5.3159748],[1.03341267],[4.10743479]
[5.2947721],[1.05376816],[4.194518]
[5.36273595],[1.07287313],[4.33019087]
[5.34423129],[1.09688615],[4.43359998]
[5.36389345],[1.10690544],[4.45357207]
[5.35990915],[1.11488629],[4.49238954]
[5.32629888],[1.10521248],[4.41732867]
[5.29644138],[1.12102507],[4.41123623]
[5.25268232],[1.08256276],[4.31218601]
[5.2073648],[1.09637182],[4.28597957]
[5.17878945],[1.0543477],[4.19090981]
[5.13811706],[1.06920296],[4.18328981]
[5.11246696],[1.05338463],[4.07944937]
[5.06437575],[1.05688514],[4.07052472]
[4.99972182],[1.05305146],[3.92632334]
[4.96940044],[1.05494005],[3.90673359]
[4.93650117],[1.05314644],[3.83794942]
[4.83971489],[1.0556146],[3.74940239]
[4.80202256],[1.05690651],[3.70941157]
[4.67047454],[1.06405778],[3.64977165]
[4.64132883],[1.07649614],[3.64042856]
[4.52498145],[1.0884734],[3.57937737]
[4.44177907],[1.10332895],[3.54857765]
[4.36772731],[1.09804089],[3.50813995]
[4.29454944],[1.0824724],[3.4737015]
[4.22490592],[1.06877519],[3.45100824]
[4.14496453],[1.09216375],[3.42289849]
[4.07857922],[1.11183392],[3.3972488]
[4.01258752],[1.12779941],[3.36946463]
[3.96613225],[1.13832231],[3.35008986]
[3.94274814],[1.14601132],[3.3488647]
[3.92051409],[1.15073814],[3.35552819]
[3.89314263],[1.15079468],[3.34274333]
[3.86487687],[1.1539298],[3.33270916]
[3.83486391],[1.14829833],[3.34097956]
[3.79249476],[1.08904806],[3.27784748]
[3.74521471],[1.05150098],[3.21055407]
[3.71080276],[1.00592606],[3.06498988]
[11.42802339],[2.26344343],[18.8932165]
[9.82482529],[2.03738956],[14.052039]
[8.66601297],[1.90750007],[10.99106014]
[7.04338024],[1.80028802],[8.06827212]
[3.72809088],[1.56668578],[4.97631649]
[2.62994051],[1.07835333],[1.86671634]
[3.22682088],[0.76053508],[1.53722606]
[3.94417867],[0.8222914],[2.22764704]
[4.31986355],[0.90147239],[2.72365553]
[4.47047316],[0.93859362],[2.95153079]
[4.68065614],[0.96364571],[3.23842029]
[4.82411079],[0.9757389],[3.45196423]
[4.92577195],[0.98601377],[3.66097685]
[5.12349002],[0.99521539],[3.79555809]
[5.12268007],[1.00932035],[3.90052504]
[5.29534275],[1.0214564],[4.04097262]
[5.25251178],[1.04216089],[4.12934546]
[5.37944918],[1.05997334],[4.30119333]
[5.35725046],[1.11905302],[4.46878465]
[5.4190539],[1.17665433],[4.63471801]
[5.3989616],[1.20187968],[4.73071446]
[5.40844654],[1.21101443],[4.74890263]
[5.40717069],[1.21287538],[4.78752099]
[5.37572151],[1.20804418],[4.7237738]
[5.34966348],[1.21553633],[4.71502982]
[5.30361357],[1.18971975],[4.61531269]
[5.26118779],[1.19806682],[4.586516]
[5.22624393],[1.17020942],[4.49111213]
[5.19142896],[1.17670657],[4.48302697]
[5.16186255],[1.16329387],[4.38365255]
[5.12159331],[1.16023821],[4.37014119]
[5.06020571],[1.15595675],[4.23434384]
[5.03598591],[1.155039],[4.20923184]
[5.00156534],[1.15630188],[4.14392422]
[4.91562728],[1.15950065],[4.05900108]
[4.88152571],[1.16385999],[4.00135708]
[4.75473101],[1.17345015],[3.93580574]
[4.712655],[1.18252867],[3.92179832]
[4.60329328],[1.19110946],[3.85122977]
[4.5151126],[1.20145267],[3.81139616]
[4.44088256],[1.19162058],[3.77846895]
[4.36810612],[1.17216702],[3.73243472]
[4.29883471],[1.17849367],[3.67769548]
[4.20266198],[1.18882664],[3.61267541]
[4.11083851],[1.1954575],[3.55651573]
[4.0448889],[1.19968141],[3.5079179]
[3.98373799],[1.20398295],[3.49394326]
[3.95696457],[1.20545224],[3.49247665]
[3.93787826],[1.20499238],[3.50632102]
[3.914192],[1.20343277],[3.51441069]
[3.88883057],[1.20466103],[3.54181468]
[3.86180537],[1.19312846],[3.55561229]
[3.82642237],[1.13374527],[3.5242474]
[3.78451626],[1.09143185],[3.46163219]
[3.75337996],[1.0560826],[3.35049674]
[11.35283617],[2.28525351],[19.20060351]
[9.87459679],[2.05647455],[14.3821489]
[8.50551429],[1.92795408],[11.19479117]
[6.9757753],[1.82729177],[8.1643835]
[3.68314159],[1.61010015],[4.73037986]
[2.53065058],[1.06506855],[1.67840553]
[3.1998743],[0.77422197],[1.50940781]
[3.97273939],[0.833983],[2.27090661]
[4.36495186],[0.91323483],[2.78276195]
[4.51925181],[0.95113609],[3.0117144]
[4.72742402],[0.97664194],[3.30770785]
[4.87542719],[0.98921712],[3.53398607]
[4.97088457],[0.99890925],[3.743398]
[5.17701371],[1.00745382],[3.88461733]
[5.17867224],[1.02434015],[4.00028102]
[5.3584173],[1.04052209],[4.17489258]
[5.3180187],[1.06090317],[4.26920984]
[5.43762632],[1.11038836],[4.52497652]
[5.41182515],[1.1922983],[4.70483814]
[5.46613422],[1.24550336],[4.86322582]
[5.44805065],[1.26994118],[4.95467955]
[5.45915354],[1.27754171],[4.99225231]
[5.45273066],[1.28072962],[5.02478965]
[5.42716685],[1.27448835],[4.97790936]
[5.40674033],[1.27365783],[4.97218529]
[5.36105978],[1.26166227],[4.88489632]
[5.32021701],[1.26072121],[4.84447166]
[5.2857299],[1.24748151],[4.75796544]
[5.24814749],[1.2447956],[4.72930738]
[5.22205985],[1.23801345],[4.63589878]
[5.18066254],[1.23336593],[4.60844842]
[5.12456597],[1.22910352],[4.48095209]
[5.0979543],[1.22943472],[4.45104102]
[5.06603097],[1.2302109],[4.38840349]
[4.98566338],[1.23449201],[4.29940678]
[4.94767655],[1.23893725],[4.2440591]
[4.83258046],[1.24303562],[4.15086536]
[4.78271153],[1.24695733],[4.13122951]
[4.68259437],[1.25044648],[4.05490358]
[4.59583618],[1.25755373],[4.01934338]
[4.52383354],[1.24888319],[3.97632574]
[4.45147592],[1.23528167],[3.9219551]
[4.38416783],[1.23979511],[3.86065307]
[4.29632703],[1.24611097],[3.78602933]
[4.15744941],[1.24945249],[3.69565961]
[4.08392618],[1.25061652],[3.65144018]
[4.02083302],[1.25260117],[3.62271372]
[3.97984616],[1.25518145],[3.60705593]
[3.95902407],[1.24872493],[3.60561332]
[3.93469365],[1.24043486],[3.62520518]
[3.91154965],[1.23462358],[3.63761182]
[3.88651328],[1.21080519],[3.63434321]
[3.85500782],[1.14817596],[3.58908547]
[3.81963038],[1.09948751],[3.52084588]
[3.79150534],[1.06033858],[3.40046268]
[11.36619353],[2.32006312],[19.49060276]
[9.82741701],[2.07406647],[14.52949749]
[8.43542699],[1.94682723],[11.23596286]
[6.85481583],[1.83905199],[8.06774366]
[3.61549258],[1.5861769],[3.73220039]
[2.39296138],[1.02170744],[1.57611423]
[3.23438704],[0.77923474],[1.51493365]
[4.03013613],[0.83457065],[2.32666867]
[4.41494004],[0.9161422],[2.82889927]
[4.5851887],[0.95318582],[3.08125064]
[4.78670792],[0.97903148],[3.3959227]
[4.93425128],[0.99745731],[3.62174477]
[5.02557446],[1.01224533],[3.82084372]
[5.24805387],[1.0225214],[3.98821896]
[5.25553106],[1.04392668],[4.12548305]
[5.42497934],[1.05958662],[4.31643246]
[5.3865298],[1.11383188],[4.50918414]
[5.4970273],[1.18603603],[4.77924207]
[5.4694371],[1.25920951],[4.93969229]
[5.51615781],[1.30201816],[5.08189535]
[5.49959091],[1.32467105],[5.18297011]
[5.5139908],[1.33231837],[5.2297115]
[5.50611547],[1.33620422],[5.25792654]
[5.47609469],[1.33095843],[5.22541748]
[5.46377843],[1.32209512],[5.22933838]
[5.41276915],[1.31732439],[5.13756471]
[5.38281227],[1.31211742],[5.0898683]
[5.33966722],[1.30766575],[5.00480044]
[5.31365146],[1.30258465],[4.97426637]
[5.27855053],[1.2999899],[4.88831926]
[5.24960784],[1.29546031],[4.85952117]
[5.19294358],[1.29122341],[4.73973891]
[5.17685912],[1.29022475],[4.70456552]
[5.14094322],[1.29303005],[4.64706763]
[5.06899047],[1.29610837],[4.55702779]
[5.03198478],[1.29931492],[4.50634527]
[4.927014],[1.30193718],[4.38351609]
[4.87248679],[1.30447441],[4.35791966]
[4.77013888],[1.30662282],[4.2756194]
[4.67784795],[1.30968731],[4.23060182]
[4.60627128],[1.29932563],[4.1762974]
[4.53433081],[1.28977789],[4.11152917]
[4.46867926],[1.28758825],[4.03261391]
[4.3833636],[1.28713314],[3.94679458]
[4.25928059],[1.28764997],[3.84744454]
[4.12461873],[1.28737498],[3.77920046]
[4.06022388],[1.28746899],[3.74423752]
[4.01106838],[1.2873145],[3.71817967]
[3.98768649],[1.28164528],[3.72819758]
[3.96440378],[1.27314965],[3.74241834]
[3.94109908],[1.2693731],[3.75478384]
[3.91653479],[1.23640997],[3.74202891]
[3.88457621],[1.16840195],[3.6936006]
[3.85097031],[1.10873688],[3.59668578]
[3.81882953],[1.06702568],[3.50333664]
[10.38046162],[2.33697133],[18.99606842]
[9.59083151],[2.08656223],[14.4537653]
[8.16019374],[1.95876998],[10.84001802]
[5.04294341],[1.80791267],[6.9870431]
[3.54941888],[1.34161482],[2.79554564]
[2.26052381],[0.89150525],[1.46116476]
[3.32285405],[0.82003742],[1.64284695]
[4.08707396],[0.86871551],[2.46189035]
[4.45591978],[0.94211915],[2.93808459]
[4.62906686],[0.97705844],[3.20268382]
[4.83968627],[1.00241572],[3.52294203]
[4.9814611],[1.01497079],[3.74579117]
[5.07965486],[1.03119946],[3.94425904]
[5.30236118],[1.04654133],[4.12851683]
[5.3110267],[1.0671714],[4.26693533]
[5.48280472],[1.11482571],[4.56919057]
[5.44456624],[1.19517377],[4.77539746]
[5.52828939],[1.25820402],[5.02333807]
[5.49204344],[1.3210964],[5.15809354]
[5.55168377],[1.35613877],[5.32267118]
[5.54280952],[1.37537578],[5.41619465]
[5.55623955],[1.38361788],[5.4923168]
[5.54866476],[1.3881873],[5.52753157]
[5.51254673],[1.38385863],[5.50069788]
[5.49364457],[1.37892148],[5.49750209]
[5.450399],[1.37442979],[5.41923963]
[5.42593371],[1.37116869],[5.37505731]
[5.38057081],[1.36714727],[5.28975067]
[5.36489121],[1.3624516],[5.24850164]
[5.32351779],[1.35867522],[5.15549274]
[5.30687678],[1.35399651],[5.12156624]
[5.23766043],[1.34922034],[4.98423676]
[5.22869159],[1.34951624],[4.95393897]
[5.18911175],[1.35191115],[4.8824099]
[5.12777883],[1.3538609],[4.80081991]
[5.0864549],[1.35616141],[4.73966445]
[4.98851117],[1.35800366],[4.61067446]
[4.929462],[1.35979692],[4.58302795]
[4.84410947],[1.36117082],[4.51389986]
[4.75651741],[1.3635482],[4.46552634]
[4.68133663],[1.35634738],[4.40354213]
[4.61199042],[1.34452021],[4.33220617]
[4.54688365],[1.34016886],[4.24602603]
[4.45308428],[1.33826337],[4.13101316]
[4.2999724],[1.33478803],[4.01004766]
[4.13427113],[1.32975665],[3.9221008]
[4.07429689],[1.32537108],[3.88209735]
[4.04207055],[1.32219734],[3.87643708]
[4.02124871],[1.31602006],[3.88093979]
[3.99574179],[1.30616082],[3.87718137]
[3.97021696],[1.30371573],[3.88121932]
[3.94479818],[1.27098812],[3.88410847]
[3.91553851],[1.20533592],[3.83916921]
[3.88520469],[1.1396124],[3.73206108]
[3.85513855],[1.09206926],[3.63159944]
[10.33303472],[2.35184888],[19.28811445]
[9.55175694],[2.0972282],[14.61350447]
[7.95901858],[1.97034668],[10.82054213]
[5.08321525],[1.81067611],[6.85599142]
[3.56714032],[1.3295741],[2.81629475]
[2.24102163],[0.88636803],[1.54798872]
[3.37772336],[0.84438812],[1.73832775]
[4.12823013],[0.89035187],[2.54988492]
[4.51373945],[0.95939238],[3.03735998]
[4.69605403],[0.99498062],[3.32155871]
[4.89591874],[1.020248],[3.64089152]
[5.03708244],[1.03507583],[3.86980446]
[5.14514374],[1.05454774],[4.09214123]
[5.38017533],[1.069928],[4.30931202]
[5.39092291],[1.14754183],[4.573474]
[5.5511802],[1.21167986],[4.90881798]
[5.51541779],[1.27815401],[5.0740541]
[5.58546811],[1.33086303],[5.29747119]
[5.55009042],[1.38619497],[5.43421244]
[5.61056367],[1.41516975],[5.60125038]
[5.60111579],[1.43022174],[5.72262813]
[5.60529716],[1.43899702],[5.79430232]
[5.59592552],[1.44357987],[5.8265898]
[5.55841848],[1.44489046],[5.82761216]
[5.54077867],[1.44341708],[5.8114676]
[5.49406534],[1.43874289],[5.76456146]
[5.47652984],[1.43391063],[5.69579946]
[5.42583277],[1.42973781],[5.62546282]
[5.41860589],[1.42475038],[5.57462917]
[5.37423662],[1.42117415],[5.48713987]
[5.3650251],[1.41942754],[5.45425263]
[5.29375576],[1.41982555],[5.33121087]
[5.28945402],[1.42236666],[5.31058366]
[5.24844274],[1.42310005],[5.24322611]
[5.19758764],[1.42424908],[5.17577274]
[5.15461799],[1.42510261],[5.11481103]
[5.07483237],[1.42539828],[5.00390085]
[5.00860491],[1.42571456],[4.95430829]
[4.93495935],[1.42561548],[4.8784184]
[4.84958226],[1.42661929],[4.82497589]
[4.78014164],[1.42163014],[4.76047856]
[4.71500415],[1.42288008],[4.70866151]
[4.65617817],[1.4152487],[4.66335798]
[4.57520379],[1.40994448],[4.57774509]
[4.44403051],[1.40379467],[4.46996069]
[4.24963362],[1.3954507],[4.34251636]
[4.1092472],[1.38669475],[4.30270359]
[4.07010605],[1.38167741],[4.29746754]
[4.05122985],[1.37645496],[4.31993651]
[4.02934243],[1.36579606],[4.30793799]
[4.00385688],[1.36192598],[4.29497249]
[3.97938017],[1.32617904],[4.26887657]
[3.95486405],[1.27477786],[4.22335151]
[3.93041636],[1.21722909],[4.13281899]
[3.90472791],[1.16985306],[4.02758905]
[10.23932114],[2.37275999],[19.54195552]
[9.45666483],[2.11644554],[14.84784487]
[7.55185113],[1.99506793],[10.72814242]
[5.07542619],[1.79908386],[6.70396227]
[3.53744758],[1.33294233],[2.7928841]
[2.19553684],[0.87476265],[1.56640039]
[3.37496868],[0.86367117],[1.76981954]
[4.13468014],[0.90626116],[2.60440376]
[4.56737584],[0.97281308],[3.12267741]
[4.74988487],[1.00756801],[3.42178763]
[4.94418047],[1.03420242],[3.74023914]
[5.08524972],[1.05475373],[3.98313858]
[5.20488956],[1.07402405],[4.23377605]
[5.45303866],[1.14269046],[4.59921855]
[5.46818676],[1.22834609],[4.88042076]
[5.61538703],[1.28162312],[5.18342489]
[5.56207934],[1.34502426],[5.32132827]
[5.63287435],[1.38991625],[5.55179155]
[5.61231689],[1.44052775],[5.70894632]
[5.65694785],[1.46691486],[5.87711717]
[5.65022425],[1.48147811],[6.00481429]
[5.64967234],[1.4907845],[6.09247821]
[5.63865506],[1.49855471],[6.11834659]
[5.59964076],[1.49923232],[6.13798364]
[5.58501971],[1.49855339],[6.12549964]
[5.53393723],[1.49323266],[6.08691212]
[5.52471171],[1.48771535],[6.0224575]
[5.47006851],[1.48297591],[5.94665715]
[5.46817411],[1.47825165],[5.88789785]
[5.42056312],[1.47612103],[5.80910868]
[5.41893935],[1.47402772],[5.76311079]
[5.34403125],[1.47366362],[5.65053125]
[5.34318138],[1.47487244],[5.61986166]
[5.30029573],[1.47469367],[5.55807285]
[5.25765963],[1.47559303],[5.4904412]
[5.21327024],[1.47537028],[5.43687354]
[5.14421084],[1.47563726],[5.32080531]
[5.07681889],[1.4759211],[5.25416834]
[5.01226378],[1.47577714],[5.17490298]
[4.92845811],[1.47699698],[5.11338435]
[4.86184738],[1.47529517],[5.06549464]
[4.80012041],[1.47420906],[5.04218228]
[4.74495997],[1.46663807],[4.99976603]
[4.67645824],[1.46114683],[4.9288828]
[4.58116812],[1.45508763],[4.84518896]
[4.42976737],[1.44781731],[4.78793812]
[4.21801067],[1.43936701],[4.7068719]
[4.10099284],[1.43454344],[4.671521]
[4.08527597],[1.42756039],[4.66577704]
[4.06824998],[1.41786864],[4.65516387]
[4.04855285],[1.41329535],[4.64320814]
[4.02834051],[1.37623325],[4.60926614]
[4.00426555],[1.32568165],[4.56923375]
[3.98147773],[1.27356243],[4.491085]
[3.96059892],[1.22002178],[4.35579973]
[10.30093847],[2.41841466],[19.73431886]
[9.30489863],[2.1416111],[14.88449355]
[6.69464783],[2.01959679],[10.5563335]
[5.03662531],[1.79728844],[6.54067652]
[3.48276028],[1.31483063],[2.69847725]
[2.13439061],[0.84899386],[1.55527273]
[3.43587317],[0.86715647],[1.81533631]
[4.1695472],[0.91170995],[2.66773988]
[4.625711],[0.97368638],[3.20707774]
[4.81106462],[1.00840013],[3.51618097]
[4.99755294],[1.04532541],[3.83895078]
[5.1446085],[1.06918835],[4.10108131]
[5.26666589],[1.15476273],[4.46888221]
[5.52980334],[1.22764021],[4.91643145]
[5.55047156],[1.30243642],[5.19031171]
[5.67910917],[1.34738322],[5.46350463]
[5.61458974],[1.4043659],[5.58162696]
[5.69227466],[1.44352434],[5.81885075]
[5.67419882],[1.4897618],[5.99613539]
[5.70455343],[1.51330289],[6.14811751]
[5.69745559],[1.52620906],[6.27302132]
[5.69281575],[1.53358891],[6.36755997]
[5.6815618],[1.54223017],[6.38681259]
[5.65091273],[1.54323381],[6.43153076]
[5.64991543],[1.54299248],[6.41611952]
[5.59932872],[1.53745033],[6.45248469]
[5.60111384],[1.5316887],[6.34608873]
[5.53485285],[1.52710742],[6.29890688]
[5.52989953],[1.52308353],[6.19473372]
[5.47514261],[1.52021666],[6.12126288]
[5.47515916],[1.51743108],[6.06119726]
[5.39291786],[1.51621039],[5.94578828]
[5.40232649],[1.51632743],[5.91593878]
[5.34873577],[1.5159755],[5.85692466]
[5.31304365],[1.51676959],[5.79578404]
[5.26762859],[1.51688401],[5.74830306]
[5.2080697],[1.51806349],[5.64759416]
[5.14409303],[1.51922517],[5.56283002]
[5.08447193],[1.52012738],[5.4961067]
[5.0009708],[1.52266859],[5.44487453]
[4.94132749],[1.52359974],[5.41926527]
[4.88344959],[1.51996922],[5.39061854]
[4.83233045],[1.51389756],[5.35931587]
[4.77040747],[1.50700934],[5.29814622]
[4.702043],[1.49983252],[5.23517407]
[4.60442408],[1.48859855],[5.17588841]
[4.47327461],[1.47970934],[5.13940761]
[4.28404653],[1.47446022],[5.06978177]
[4.13173564],[1.46690332],[5.01873821]
[4.1028031],[1.45690612],[4.99891146]
[4.0862577],[1.4497606],[4.98385296]
[4.06938731],[1.41387006],[4.94720849]
[4.05049986],[1.3671511],[4.88864856]
[4.02657829],[1.32132057],[4.81957787]
[4.00678003],[1.27999021],[4.72947797]
[10.35993396],[2.44301255],[19.4408901]
[8.35876872],[2.1637502],[14.41064561]
[6.55863912],[2.00511896],[9.67175711]
[4.99666078],[1.6373708],[5.2914449]
[3.42689424],[1.21859777],[2.37232259]
[2.07175304],[0.77781923],[1.54522468]
[3.53035315],[0.89703321],[1.97315061]
[4.21042349],[0.94273609],[2.80488149]
[4.6544209],[0.99356335],[3.32402832]
[4.84769141],[1.02425102],[3.63056267]
[5.0369202],[1.06574908],[3.95584286]
[5.18888499],[1.13942885],[4.27651196]
[5.30346892],[1.24186434],[4.75129226]
[5.57656554],[1.30450437],[5.21568362]
[5.58477209],[1.37120311],[5.46558225]
[5.70933493],[1.41106801],[5.72803241]
[5.66433411],[1.46108572],[5.86618676]
[5.72795417],[1.49679293],[6.11361065]
[5.71313722],[1.53891174],[6.28098899]
[5.73656703],[1.55994559],[6.43564601]
[5.73040316],[1.57188373],[6.55024687]
[5.74202473],[1.57761546],[6.67445372]
[5.79056507],[1.58599656],[6.71008472]
[5.79895133],[1.58744325],[6.82486091]
[5.80964977],[1.58763005],[6.8412754]
[5.80519989],[1.5819026],[6.88491461]
[5.79836077],[1.57630196],[6.81728129]
[5.73960802],[1.57328851],[6.74440093]
[5.69940608],[1.56984251],[6.62877854]
[5.63395867],[1.56782357],[6.56847372]
[5.61337182],[1.56644687],[6.47133614]
[5.49548895],[1.56597579],[6.38267019]
[5.53861231],[1.56704444],[6.3372038]
[5.42029638],[1.56672962],[6.2986275]
[5.43439703],[1.56782959],[6.21171416]
[5.33507881],[1.56755371],[6.17753194]
[5.30137726],[1.56802403],[6.04959617]
[5.2141886],[1.56917744],[5.97666162]
[5.18068628],[1.57018837],[5.90307935]
[5.07828982],[1.57371157],[5.85897246]
[5.01120816],[1.57445287],[5.81203799]
[4.9506002],[1.56574258],[5.76362192]
[4.89649107],[1.55696037],[5.72745395]
[4.84712431],[1.54880374],[5.74169952]
[4.78762623],[1.53978705],[5.69041733]
[4.71479532],[1.52840607],[5.62306126]
[4.62049909],[1.5203022],[5.54807717]
[4.51468709],[1.51427706],[5.49588243]
[4.42507687],[1.50671396],[5.47241432]
[4.30539867],[1.49669113],[5.40830861]
[4.18319666],[1.48690285],[5.35479999]
[4.13385663],[1.45248964],[5.30460845]
[4.08971796],[1.4089645],[5.26262321]
[4.07063573],[1.3688569],[5.21494789]
[4.04995149],[1.33190234],[5.11383703]
[10.45843491],[2.47172359],[19.70151284]
[8.37404782],[2.19121558],[14.60818689]
[6.64580023],[2.02918583],[9.68623325]
[5.0411235],[1.64664011],[5.360239]
[3.45851705],[1.21342007],[2.43010045]
[2.08482725],[0.77561188],[1.62501474]
[3.55609131],[0.91083644],[2.03499468]
[4.23356927],[0.95581361],[2.87136044]
[4.69206284],[1.00575462],[3.40717117]
[4.889058],[1.03698657],[3.71923348]
[5.07946889],[1.12336732],[4.067932]
[5.23141646],[1.23013318],[4.50381744]
[5.34224419],[1.32404873],[5.07049486]
[5.62301724],[1.38111091],[5.5288527]
[5.6371604],[1.44315074],[5.7849707]
[5.76835996],[1.47863598],[6.07892459]
[5.72989951],[1.52038849],[6.22050773]
[5.77504362],[1.55222675],[6.44394929]
[5.76200992],[1.58902258],[6.59539139]
[5.77644725],[1.60760793],[6.75584778]
[5.79072291],[1.62158199],[6.87501971]
[5.89653853],[1.62766129],[7.12138989]
[5.95313481],[1.63459524],[7.19893497]
[5.97209395],[1.63990882],[7.29344594]
[5.96018253],[1.64717715],[7.34831747]
[5.95940207],[1.65011804],[7.40751997]
[5.94413743],[1.64977529],[7.4050296]
[5.91031928],[1.6343787],[7.35510464]
[5.87524678],[1.62937231],[7.26302736]
[5.83561958],[1.62774004],[7.21011608]
[5.81890229],[1.62669108],[7.13887105]
[5.74161486],[1.6252076],[7.04643845]
[5.75862451],[1.62630127],[7.00633688]
[5.68400979],[1.62504425],[6.95041769]
[5.67279475],[1.62649005],[6.87883882]
[5.5794497],[1.62507893],[6.81284584]
[5.55537776],[1.62615113],[6.73577079]
[5.44596126],[1.62623815],[6.64207734]
[5.42432591],[1.62596358],[6.55872542]
[5.29598035],[1.62707314],[6.44011777]
[5.21081106],[1.62724176],[6.41536002]
[5.1358253],[1.61783657],[6.3939919]
[5.0634979],[1.60711436],[6.37072415]
[5.00876981],[1.59599197],[6.32485052]
[4.93365663],[1.58700343],[6.25278481]
[4.83177778],[1.58272074],[6.17583173]
[4.74440017],[1.57872011],[6.12956199]
[4.66200525],[1.5748077],[6.0697268]
[4.59898136],[1.56883053],[6.02003184]
[4.52000872],[1.54053808],[5.94378309]
[4.43239591],[1.52942849],[5.90589043]
[4.3240244],[1.49839615],[5.83787865]
[4.22345411],[1.46043502],[5.74713095]
[4.17835727],[1.42920129],[5.66765811]
[4.17069929],[1.39849307],[5.56160918]
[10.54648016],[2.4993862],[19.97050109]
[8.4771237],[2.22157677],[14.70620361]
[6.68466274],[2.05294138],[9.61170611]
[5.02778408],[1.66610009],[5.36990872]
[3.43062211],[1.22702117],[2.43979308]
[2.04561457],[0.76904386],[1.63279935]
[3.51447813],[0.91337476],[2.01060098]
[4.21644255],[0.95845385],[2.88380869]
[4.70232745],[1.00596611],[3.43847537]
[4.90214883],[1.04075025],[3.7566048]
[5.10003081],[1.14389544],[4.12103706]
[5.24487199],[1.26096994],[4.59212574]
[5.35312581],[1.35697986],[5.1803671]
[5.62947511],[1.41315912],[5.63917381]
[5.66121384],[1.47542752],[5.92229722]
[5.78210431],[1.50930044],[6.23291638]
[5.74717884],[1.5541469],[6.40634792]
[5.78480332],[1.58793584],[6.62571924]
[5.77418133],[1.62772509],[6.80882456]
[5.786684],[1.66530789],[7.02488682]
[5.84222141],[1.69308474],[7.25206356]
[5.98000727],[1.70065709],[7.52579102]
[6.03138758],[1.71159221],[7.64829217]
[6.05387146],[1.7238506],[7.77569473]
[6.03999174],[1.73502734],[7.8808173]
[6.04828022],[1.75592318],[7.9788731]
[6.03897366],[1.78323217],[8.00763843]
[6.02142358],[1.771112],[7.97691206]
[5.98712644],[1.75711361],[7.8861043]
[5.95365836],[1.74507413],[7.8152441]
[5.94230924],[1.73188536],[7.74834848]
[5.87424849],[1.72061194],[7.64613108]
[5.87967573],[1.6919616],[7.60245942]
[5.83027502],[1.70038827],[7.56460783]
[5.80735422],[1.68495692],[7.48627381]
[5.74510052],[1.68217922],[7.41969766]
[5.70537997],[1.67632304],[7.33118855]
[5.62989878],[1.674293],[7.23580499]
[5.59210925],[1.67309398],[7.13695392]
[5.49788399],[1.67335387],[7.02390237]
[5.41296091],[1.6728985],[6.9532641]
[5.34232364],[1.66464926],[6.89673402]
[5.27998404],[1.65496072],[6.83343571]
[5.23091739],[1.64907577],[6.77235695]
[5.17541019],[1.64399303],[6.68253043]
[5.04283792],[1.63896754],[6.55621212]
[4.897468],[1.63439244],[6.47692415]
[4.78760454],[1.63004236],[6.40139977]
[4.72562798],[1.62275664],[6.35439382]
[4.67223379],[1.59272186],[6.30928126]
[4.6141682],[1.56775217],[6.27032662]
[4.54800325],[1.53850583],[6.20206587]
[4.45566741],[1.50577887],[6.11276453]
[4.33457077],[1.47817501],[6.01505822]
[4.31458653],[1.44935345],[5.91479855]
[10.60561602],[2.54788049],[20.25739731]
[8.53707081],[2.24567669],[14.63306163]
[6.65888932],[2.0733312],[9.41898864]
[4.98222347],[1.67820447],[5.21957148]
[3.33933491],[1.21272962],[2.32105381]
[1.95499545],[0.7358644],[1.57145135]
[3.51749109],[0.90378959],[1.99501144]
[4.22544474],[0.95336274],[2.91333847]
[4.71849655],[1.00819781],[3.47623919]
[4.92515244],[1.04847918],[3.80571143]
[5.12737636],[1.18070069],[4.19287914]
[5.26743874],[1.29632785],[4.70902314]
[5.35922588],[1.40020111],[5.32300705]
[5.66324706],[1.45554135],[5.81476199]
[5.70125266],[1.51764904],[6.15961367]
[5.80618683],[1.54809551],[6.47143256]
[5.77751213],[1.59365366],[6.65325165]
[5.80810157],[1.62393763],[6.87961369]
[5.8003786],[1.67448792],[7.11203676]
[5.83287656],[1.71899536],[7.39833482]
[5.97991198],[1.75175155],[7.68209836]
[6.09298634],[1.76307306],[7.90479281]
[6.12165278],[1.76743545],[8.05242266]
[6.13906351],[1.7787747],[8.19265009]
[6.11658501],[1.80178786],[8.29671731]
[6.12277457],[1.82982411],[8.4067311]
[6.10978437],[1.85481357],[8.44799397]
[6.09507061],[1.84112414],[8.43922002]
[6.06360896],[1.82495769],[8.32980357]
[6.02934868],[1.81115209],[8.25620848]
[6.01879282],[1.79711647],[8.18070703]
[5.95554319],[1.78462167],[8.0682418]
[5.95321956],[1.75501104],[8.01301434]
[5.91394463],[1.76080779],[7.95545078]
[5.88330643],[1.73113872],[7.86918913]
[5.8340398],[1.73761498],[7.79140206]
[5.78699104],[1.71109089],[7.70590863]
[5.72742237],[1.71634242],[7.61667838]
[5.68447434],[1.7069017],[7.53581392]
[5.60480242],[1.69932505],[7.39291465]
[5.51856769],[1.6987579],[7.30013511]
[5.44630334],[1.69434501],[7.21944205]
[5.38656884],[1.68687387],[7.13997246]
[5.33738936],[1.68008118],[7.06627944]
[5.29245362],[1.67493109],[6.96730446]
[5.19115088],[1.66988238],[6.83219376]
[5.06836994],[1.66558313],[6.72748329]
[4.92144089],[1.66118919],[6.60577022]
[4.80778683],[1.65227293],[6.56252164]
[4.73558582],[1.62495355],[6.51168768]
[4.68722795],[1.5957827],[6.47789336]
[4.63576827],[1.56485026],[6.41694551]
[4.56700975],[1.53464447],[6.32883923]
[4.48398202],[1.50768779],[6.24181077]
[4.41231123],[1.48109554],[6.13570669]
[10.87166883],[2.56325593],[19.52606066]
[8.5563507],[2.26092367],[13.64420963]
[6.6249689],[2.02159069],[8.14559217]
[4.91712835],[1.5636385],[4.60870631]
[3.231526],[1.13694646],[2.08590872]
[1.87427408],[0.73971096],[1.53415563]
[3.52496003],[0.91715348],[2.06822152]
[4.22877764],[0.96711343],[2.98672189]
[4.70732973],[1.01626899],[3.53069854]
[4.9175707],[1.061996],[3.86753539]
[5.13876927],[1.23776126],[4.30412127]
[5.26729325],[1.34715668],[4.87352414]
[5.32987947],[1.45618034],[5.49695604]
[5.67639805],[1.50835661],[6.02782676]
[5.72042435],[1.56514364],[6.41116647]
[5.81258736],[1.59308156],[6.69702856]
[5.79348419],[1.63412462],[6.93219261]
[5.81919574],[1.67168415],[7.17598149]
[5.84074413],[1.73289362],[7.5234958]
[5.96425837],[1.77536755],[7.82769687]
[6.09622374],[1.8087142],[8.15273503]
[6.18575448],[1.82710553],[8.37129357]
[6.18283735],[1.83150598],[8.54404414]
[6.19920201],[1.86106704],[8.67412008]
[6.17506958],[1.88989982],[8.79271468]
[6.19540778],[1.91390976],[8.90700648]
[6.1640115],[1.93338368],[8.93414607]
[6.21397948],[1.91787363],[8.93752104]
[6.13548828],[1.89692557],[8.82019882]
[6.12867263],[1.87921511],[8.72232222]
[6.08242255],[1.85942218],[8.64146498]
[6.05073935],[1.84533227],[8.51771117]
[6.01772475],[1.81561326],[8.44786495]
[6.00666126],[1.81974605],[8.38665527]
[5.94157068],[1.78988318],[8.27714028]
[5.91341554],[1.79473204],[8.19366161]
[5.83752314],[1.76793119],[8.08562984]
[5.80151033],[1.77273105],[7.99662869]
[5.73728957],[1.76322475],[7.89213625]
[5.65928702],[1.75332352],[7.76515082]
[5.57140795],[1.74344647],[7.65782641]
[5.51156827],[1.73242859],[7.55820668]
[5.45916577],[1.72260908],[7.46330334]
[5.41840127],[1.70880803],[7.38665119]
[5.38265913],[1.70155001],[7.27796496]
[5.30523808],[1.69582358],[7.12700418]
[5.20680063],[1.69112005],[7.02181802]
[5.10011521],[1.68648804],[6.90512243]
[4.97996478],[1.67600407],[6.79277877]
[4.83887614],[1.64948442],[6.69757542]
[4.75967588],[1.6224707],[6.64476082]
[4.71903684],[1.59469905],[6.58873408]
[4.6623121],[1.56942586],[6.50820425]
[4.60349985],[1.53988735],[6.42334673]
[4.50990771],[1.50709666],[6.30893627]
[11.1830901],[2.57977495],[19.74092836]
[8.65778392],[2.28012164],[13.44323109]
[6.67013239],[2.03182362],[8.14673138]
[4.94953835],[1.57132059],[4.59796327]
[3.23955618],[1.12267464],[2.09077563]
[1.90923526],[0.75392293],[1.57662331]
[3.52961906],[0.92827198],[2.10615854]
[4.23560672],[0.97734903],[3.03436368]
[4.72620632],[1.02490855],[3.59483389]
[4.94703709],[1.07708887],[3.9435138]
[5.16924629],[1.31253556],[4.46383199]
[5.28256374],[1.41937673],[5.140575]
[5.34090062],[1.51958067],[5.74044977]
[5.71755226],[1.56707474],[6.30701979]
[5.76051908],[1.61762138],[6.74876959]
[5.83826685],[1.64411439],[7.02276879]
[5.82215653],[1.69525013],[7.32927714]
[5.84673525],[1.74134272],[7.67750935]
[5.90885966],[1.79345212],[8.03572986]
[6.07840977],[1.8337346],[8.33694074]
[6.18071922],[1.87865737],[8.72580486]
[6.25938405],[1.90372746],[8.94127122]
[6.24211702],[1.92826547],[9.1581236]
[6.28014675],[1.95703212],[9.26002055]
[6.23035837],[1.98260058],[9.36286635]
[6.29706182],[2.00043009],[9.46995824]
[6.24834102],[2.01471955],[9.48538888]
[6.32055125],[1.99857556],[9.52460645]
[6.23609529],[1.9760501],[9.39467618]
[6.24033548],[1.95718487],[9.30283169]
[6.18224339],[1.93603409],[9.18120039]
[6.16278252],[1.91833962],[9.05470771]
[6.11564653],[1.88626417],[8.95318147]
[6.11733467],[1.88683393],[8.89490441]
[6.03919734],[1.85559467],[8.75593902]
[6.02821783],[1.85733209],[8.68076517]
[5.93329059],[1.82930455],[8.55071569]
[5.91753536],[1.83177908],[8.46351526]
[5.82842684],[1.82117063],[8.32825725]
[5.76933416],[1.81020853],[8.20011874]
[5.66153378],[1.79924657],[8.06630099]
[5.60033141],[1.78829093],[7.95308982]
[5.54752906],[1.77864832],[7.83471663]
[5.50496226],[1.75166973],[7.73619246]
[5.47220984],[1.73598364],[7.62711849]
[5.4007662],[1.72878442],[7.49236207]
[5.3098321],[1.72401305],[7.36790926]
[5.22326911],[1.71920962],[7.23531766]
[5.13026067],[1.7076802],[7.12141823]
[5.00502814],[1.68646858],[6.99028446]
[4.86525621],[1.66356168],[6.88919279]
[4.77941636],[1.64078603],[6.81174564]
[4.73494965],[1.61680798],[6.73389401]
[4.68498257],[1.59189577],[6.65431911]
[4.60338567],[1.56052355],[6.54201078]
[11.80371563],[2.60116008],[20.09783707]
[8.73033742],[2.3086046],[13.4419761]
[6.68045805],[2.04511095],[8.1597749]
[4.9400974],[1.58289253],[4.60151021]
[3.17910494],[1.13601179],[2.07247637]
[1.91060287],[0.75673912],[1.55884546]
[3.47691995],[0.93507304],[2.09250442]
[4.1998895],[0.98397457],[3.04501246]
[4.73714836],[1.03026876],[3.64154822]
[4.98515385],[1.09477025],[4.00504519]
[5.19158114],[1.35747505],[4.58298516]
[5.28820026],[1.46705883],[5.31247698]
[5.34163023],[1.56902742],[5.92399695]
[5.74506909],[1.61595015],[6.54844726]
[5.78916116],[1.67103851],[7.01988988]
[5.85443812],[1.71681916],[7.36153875]
[5.84224243],[1.78220136],[7.75960878]
[5.88433348],[1.82692556],[8.15215703]
[6.0121652],[1.87010603],[8.54957169]
[6.16073872],[1.92965205],[8.95200654]
[6.24078893],[1.97384192],[9.37561987]
[6.30941869],[1.99966362],[9.60304849]
[6.28597749],[2.04232318],[9.83559242]
[6.36303346],[2.07063038],[9.92235123]
[6.3043028],[2.08307573],[10.02522428]
[6.38059484],[2.09156972],[10.09834305]
[6.32503973],[2.0992606],[10.10308489]
[6.4260078],[2.08489284],[10.15941818]
[6.33176093],[2.06172187],[10.03132488]
[6.3626061],[2.04216768],[9.94976677]
[6.28062619],[2.02017802],[9.80206525]
[6.28761909],[2.00096285],[9.68019489]
[6.21791983],[1.97067857],[9.55278171]
[6.23916514],[1.96906807],[9.48857899]
[6.13922672],[1.93814504],[9.32485149]
[6.14679052],[1.93735109],[9.24371442]
[6.03266642],[1.90867559],[9.0756853]
[6.03601312],[1.90867749],[8.98513782]
[5.92132867],[1.89844161],[8.80379554]
[5.87913951],[1.88794443],[8.68019895]
[5.76738332],[1.87741636],[8.51946765]
[5.70855782],[1.86581453],[8.393194]
[5.66035079],[1.85555817],[8.2586255]
[5.61788927],[1.83399327],[8.1377287]
[5.585832],[1.78576003],[8.00165149]
[5.5319852],[1.75710274],[7.85030454]
[5.41663099],[1.75177715],[7.69355581]
[5.32589007],[1.74671876],[7.54142065]
[5.25320525],[1.73505999],[7.40297103]
[5.16077641],[1.71360596],[7.27258632]
[5.06057366],[1.69224237],[7.15861851]
[4.93789019],[1.67113932],[7.03189697]
[4.80482494],[1.6483403],[6.91944418]
[4.75772899],[1.62478157],[6.83929282]
[4.6983478],[1.5952959],[6.7321414]
[12.97612687],[2.64013655],[20.85977509]
[8.86927855],[2.35860838],[13.57660986]
[6.65181145],[2.07742524],[8.24496494]
[4.89482196],[1.60709544],[4.56458419]
[3.03388206],[1.12517689],[1.97780123]
[1.94504683],[0.76481474],[1.52118269]
[3.48469937],[0.9433504],[2.12956913]
[4.20823401],[0.99089602],[3.08552088]
[4.75925352],[1.03616899],[3.69691709]
[5.02979351],[1.15606783],[4.08644162]
[5.21623975],[1.4113353],[4.72914628]
[5.30193413],[1.51493385],[5.50067836]
[5.36573094],[1.61336729],[6.11962101]
[5.78102426],[1.67429445],[6.80930136]
[5.82289464],[1.74996748],[7.3041035]
[5.87783876],[1.80163356],[7.73916935]
[5.88497521],[1.85915026],[8.19157017]
[5.94525889],[1.90839697],[8.64294626]
[6.10329079],[1.97148742],[9.14603354]
[6.23494343],[2.02397763],[9.58749236]
[6.29738392],[2.06420709],[10.01071181]
[6.3828835],[2.11560159],[10.3104315]
[6.34298034],[2.16172469],[10.51311958]
[6.44299579],[2.18456816],[10.5724501]
[6.37583229],[2.19110273],[10.6840921]
[6.47726047],[2.19045378],[10.72075892]
[6.39508816],[2.19002254],[10.713658]
[6.51047043],[2.17140565],[10.76846421]
[6.4329252],[2.13424345],[10.61135373]
[6.45480446],[2.11356923],[10.52787528]
[6.37759053],[2.09028665],[10.34083676]
[6.38081612],[2.06992269],[10.22867719]
[6.32596158],[2.04034779],[10.08530118]
[6.33720123],[2.03727835],[10.02544515]
[6.24803791],[2.00711197],[9.84371033]
[6.25163228],[2.00482214],[9.76599626]
[6.13947934],[1.97680899],[9.57708485]
[6.14895775],[1.97483951],[9.48930983]
[6.02392708],[1.96397567],[9.27609528]
[5.99406087],[1.9527528],[9.16374986]
[5.87589111],[1.94148512],[8.98151197]
[5.81572148],[1.92945111],[8.85228196]
[5.76746477],[1.91929757],[8.71186848]
[5.7254124],[1.90196032],[8.58356741]
[5.69260177],[1.85615923],[8.41480086]
[5.64880454],[1.81005041],[8.20449025]
[5.54002401],[1.77247597],[8.00726453]
[5.43358318],[1.76574729],[7.80899505]
[5.34113798],[1.75324192],[7.64856394]
[5.26856816],[1.73280359],[7.49927287]
[5.19084907],[1.71302435],[7.38510402]
[5.09793808],[1.69298252],[7.26022063]
[4.9575258],[1.67096413],[7.1056535]
[4.8224364],[1.64836077],[6.98518519]
[4.76303244],[1.62040151],[6.87381068]
[14.21518343],[2.65972595],[21.11630228]
[9.17766764],[2.33984813],[12.81008616]
[6.62102411],[2.0176332],[7.70160683]
[4.84603402],[1.54099731],[4.28600191]
[2.88642478],[1.08030217],[1.87641841]
[2.01168282],[0.79297674],[1.52395769]
[3.54286281],[0.95735549],[2.23671294]
[4.23631127],[0.99867126],[3.15846431]
[4.74837818],[1.04561768],[3.7530595]
[5.05780668],[1.21591715],[4.18402777]
[5.21048255],[1.46287595],[4.86377433]
[5.29475551],[1.56019736],[5.67472972]
[5.35474415],[1.66598809],[6.29323796]
[5.78641789],[1.75209354],[7.05572918]
[5.82785934],[1.83143758],[7.58204872]
[5.88069924],[1.87923393],[8.14252745]
[5.92512588],[1.95809175],[8.69779002]
[6.06106789],[2.02090303],[9.27038662]
[6.1799691],[2.07503313],[9.78908493]
[6.29674014],[2.12038277],[10.22693914]
[6.34072876],[2.16913916],[10.68546465]
[6.45973909],[2.25828141],[10.99608906]
[6.40165725],[2.29850881],[11.20468261]
[6.53698495],[2.31398465],[11.28725749]
[6.44487262],[2.32390518],[11.37385791]
[6.56666019],[2.31647717],[11.37739177]
[6.50580796],[2.29820392],[11.39905856]
[6.58023069],[2.2747269],[11.40378734]
[6.5439295],[2.22825179],[11.27356843]
[6.53290656],[2.19073026],[11.12843073]
[6.48171924],[2.15353915],[10.93111593]
[6.45481222],[2.13153007],[10.77876511]
[6.41844808],[2.1035335],[10.63350133]
[6.40944495],[2.09760783],[10.55381269]
[6.33586674],[2.06897848],[10.37363072]
[6.32501147],[2.06463882],[10.28533967]
[6.22862583],[2.03749381],[10.08548753]
[6.20151465],[2.03304704],[9.95323572]
[6.09064351],[2.02195648],[9.76511864]
[6.05292991],[2.01098632],[9.65900077]
[5.96118957],[2.00009293],[9.46944206]
[5.91348777],[1.98974839],[9.33525167]
[5.87533454],[1.97689093],[9.18120978]
[5.83591945],[1.96026196],[9.04302656]
[5.80634136],[1.91945123],[8.86965253]
[5.76953035],[1.87621164],[8.6273524]
[5.67002167],[1.83179538],[8.36098073]
[5.57089617],[1.78611199],[8.132628]
[5.47238164],[1.77204461],[7.92631421]
[5.36293105],[1.75202288],[7.74437585]
[5.29875821],[1.73287277],[7.60865552]
[5.22825855],[1.71368235],[7.48451664]
[5.12660406],[1.69236513],[7.32890266]
[5.01051976],[1.67078916],[7.18784388]
[4.8601842],[1.64271712],[7.02495374]
[15.20415632],[2.67667003],[22.51679634]
[9.59807319],[2.37346761],[13.24661256]
[6.68415316],[2.07457843],[7.92115759]
[4.92337444],[1.57345714],[4.37805655]
[2.95365946],[1.06718257],[1.92999444]
[2.05186563],[0.8074542],[1.59585382]
[3.55440761],[0.96717416],[2.27893711]
[4.24654617],[1.00652662],[3.19802514]
[4.80860377],[1.05777737],[3.82611888]
[5.09147916],[1.28240324],[4.30679393]
[5.22920536],[1.52236584],[5.05061064]
[5.32537501],[1.6124647],[5.91687913]
[5.43554996],[1.73259339],[6.56446199]
[5.820101],[1.82685309],[7.38226878]
[5.86180134],[1.89944135],[7.94335006]
[5.92563751],[1.95722532],[8.57938794]
[6.01603907],[2.04219012],[9.2215365]
[6.15743234],[2.10094494],[9.80901473]
[6.24792061],[2.15683055],[10.34433927]
[6.35287181],[2.19364524],[10.84581082]
[6.38482056],[2.30126876],[11.35499803]
[6.54533489],[2.39724441],[11.71696221]
[6.46900495],[2.43463862],[11.96134126]
[6.62033918],[2.43789867],[12.05146337]
[6.54871537],[2.43724069],[12.12284568]
[6.64243511],[2.43462727],[12.17228033]
[6.59508647],[2.41675989],[12.18983673]
[6.64422028],[2.39411087],[12.12250738]
[6.62659038],[2.33334157],[12.03488702]
[6.59947381],[2.28715523],[11.83256557]
[6.56527153],[2.2416753],[11.60721386]
[6.52236527],[2.2004266],[11.38710777]
[6.49645214],[2.16517523],[11.23012298]
[6.47742217],[2.15471284],[11.10872632]
[6.41347145],[2.12896847],[10.93001628]
[6.39428834],[2.12064762],[10.81264971]
[6.30882343],[2.09564701],[10.62765871]
[6.26375775],[2.08950488],[10.47548088]
[6.16721898],[2.07473656],[10.30151796]
[6.12070657],[2.06414218],[10.1860471]
[6.04169235],[2.05349357],[10.00697315]
[5.99400168],[2.04350551],[9.86555039]
[5.9578655],[2.03114521],[9.70659037]
[5.9194107],[2.01670714],[9.55432389]
[5.88955494],[1.97893968],[9.37692661]
[5.85465398],[1.93800765],[9.13533245]
[5.77592186],[1.89634095],[8.83805743]
[5.67525108],[1.85277249],[8.52658215]
[5.57632453],[1.80422922],[8.26921492]
[5.47470117],[1.77497237],[8.05239373]
[5.37977087],[1.75826238],[7.86896585]
[5.31221619],[1.74103687],[7.72870588]
[5.23308911],[1.72156418],[7.57206534]
[5.14523411],[1.70228947],[7.43240187]
[5.03715778],[1.67767919],[7.28063492]
[16.04159017],[2.69769059],[24.21159836]
[12.37317328],[2.39714869],[14.13391638]
[6.70596988],[2.10690069],[8.17145692]
[4.94640954],[1.61549214],[4.51100673]
[2.92718427],[1.09209571],[1.96707415]
[2.0578092],[0.81571462],[1.60940974]
[3.51648222],[0.97415406],[2.28093755]
[4.21794769],[1.01163573],[3.20794306]
[4.85479534],[1.06703655],[3.88702578]
[5.10951141],[1.32755434],[4.40023525]
[5.23915665],[1.56550101],[5.17963814]
[5.34790843],[1.6647432],[6.11443715]
[5.50841148],[1.7939646],[6.84557367]
[5.843593],[1.90281527],[7.66713907]
[5.88904138],[1.97970142],[8.29160281]
[5.96575843],[2.04981759],[9.04595395]
[6.10872518],[2.13109987],[9.74693242]
[6.23408969],[2.18464738],[10.35841311]
[6.30325601],[2.2305722],[10.94504027]
[6.4078237],[2.3165163],[11.50415465]
[6.44952084],[2.44275888],[12.05659261]
[6.63352482],[2.52237371],[12.46446464]
[6.55298463],[2.54831973],[12.70812347]
[6.69290226],[2.54909207],[12.81561116]
[6.64072549],[2.54716164],[12.9177273]
[6.70906371],[2.5433824],[12.96204102]
[6.67388651],[2.54012623],[12.9894733]
[6.70025206],[2.51888996],[12.87123192]
[6.69537647],[2.45233759],[12.83743939]
[6.65821819],[2.40264489],[12.59753724]
[6.64022599],[2.34415432],[12.37884243]
[6.58264802],[2.29946587],[12.1012494]
[6.56879644],[2.25403267],[11.94526205]
[6.539003],[2.22983494],[11.75844523]
[6.48258131],[2.19442443],[11.57936714]
[6.45661113],[2.18134502],[11.43988367]
[6.37325589],[2.15875262],[11.23408726]
[6.31566639],[2.1489987],[11.0490663]
[6.23179067],[2.13265113],[10.86838912]
[6.17962588],[2.1225936],[10.73660676]
[6.11204429],[2.11248533],[10.5544707]
[6.06659973],[2.10288731],[10.40407853]
[6.03159098],[2.09128124],[10.23645692]
[5.99441044],[2.07887893],[10.06908387]
[5.96501861],[2.04567545],[9.88266415]
[5.93259636],[2.00905938],[9.65079642]
[5.87228065],[1.97068156],[9.3537655]
[5.79384048],[1.9306874],[9.03454766]
[5.69700099],[1.88631745],[8.71545639]
[5.58228421],[1.8414236],[8.40144608]
[5.49111494],[1.79516638],[8.17282026]
[5.39426868],[1.7633516],[7.97285162]
[5.31165561],[1.74471624],[7.78961916]
[5.2384351],[1.72642408],[7.63140181]
[5.15547935],[1.70394234],[7.49323532]
