meltWidth,meltDepth,meltArea
[0.],[0.],[0.]
[0.],[0.],[0.]
[0.],[0.],[0.]
[0.],[0.],[0.]
[0.],[0.],[0.]
[0.],[0.],[0.]
[0.],[0.],[0.]
[0.],[0.],[0.]
[0.],[0.],[0.]
[0.],[0.],[0.]
[0.],[0.],[0.]
[0.],[0.],[0.]
[0.],[0.],[0.]
[0.],[0.],[0.]
[0.],[0.],[0.]
[0.],[0.],[0.]
[0.],[0.],[0.]
[0.],[0.],[0.]
[0.],[0.],[0.]
[0.],[0.],[0.]
[0.],[0.],[0.]
[0.],[0.],[0.]
[0.],[0.],[0.]
[0.],[0.],[0.]
[0.],[0.],[0.]
[0.],[0.],[0.]
[0.],[0.],[0.]
[0.],[0.],[0.]
[0.],[0.],[0.]
[0.],[0.],[0.]
[0.],[0.],[0.]
[0.],[0.],[0.]
[0.],[0.],[0.]
[0.],[0.],[0.]
[0.],[0.],[0.]
[0.],[0.],[0.]
[0.],[0.],[0.]
[0.],[0.],[0.]
[0.],[0.],[0.]
[0.],[0.],[0.]
[0.],[0.],[0.]
[0.],[0.],[0.]
[0.],[0.],[0.]
[0.],[0.],[0.]
[0.],[0.],[0.]
[0.],[0.],[0.]
[0.],[0.],[0.]
[0.],[0.],[0.]
[0.],[0.],[0.]
[0.],[0.],[0.]
[0.],[0.],[0.]
[0.],[0.],[0.]
[0.],[0.],[0.]
[0.],[0.],[0.]
[0.],[0.],[0.]
[0.02617816],[0.00462373],[3.36864096e-05]
[2.25551105],[0.17181349],[0.15867767]
[2.36108685],[0.27771596],[0.36866093]
[2.43828408],[0.32821395],[0.51706837]
[2.45815389],[0.35614832],[0.56062624]
[2.38599258],[0.34928163],[0.50569412]
[2.27928439],[0.29989921],[0.42456052]
[2.12463356],[0.30779979],[0.39228715]
[2.00946891],[0.29368681],[0.35804432]
[1.97775283],[0.3098803],[0.36054205]
[1.95524073],[0.30589259],[0.34707436]
[1.93441147],[0.32224345],[0.351453]
[1.91332979],[0.32943068],[0.34269475]
[1.8472952],[0.33018162],[0.32241537]
[1.71689609],[0.32273738],[0.29000821]
[1.62379053],[0.33588808],[0.28126341]
[1.52251345],[0.31853943],[0.25024676]
[1.46093213],[0.34021175],[0.25265538]
[1.35287185],[0.30779859],[0.21503592]
[1.30333273],[0.32776853],[0.21720007]
[1.21100224],[0.29164842],[0.18232015]
[1.17685178],[0.30656834],[0.18337655]
[1.10520811],[0.27000552],[0.15367608]
[1.08566934],[0.28709401],[0.15821294]
[1.02542457],[0.24769161],[0.13054367]
[1.00897379],[0.26501811],[0.13557047]
[0.97023214],[0.22955117],[0.11445574]
[0.96351675],[0.24558888],[0.12032551]
[0.91972972],[0.20794772],[0.0979175]
[0.91988816],[0.22908648],[0.10675571]
[0.93842239],[0.2032589],[0.10093916]
[0.87007128],[0.1955364],[0.08556284]
[0.8511206],[0.18685079],[0.07936345]
[0.83587588],[0.17917244],[0.07413366]
[0.80984507],[0.16764183],[0.06694148]
[0.76387668],[0.1573986],[0.05921471]
[0.73614404],[0.14865751],[0.05383472]
[0.64897662],[0.11296165],[0.03584267]
[0.42247056],[0.07873678],[0.01607959]
[0.2073715],[0.04011007],[0.0038736]
[0.],[0.],[0.]
[0.],[0.],[0.]
[0.],[0.],[0.]
[0.],[0.],[0.]
[0.],[0.],[0.]
[0.],[0.],[0.]
[0.],[0.],[0.]
[0.],[0.],[0.]
[0.],[0.],[0.]
[0.],[0.],[0.]
[0.],[0.],[0.]
[0.],[0.],[0.]
[0.],[0.],[0.]
[4.62672492],[0.09936558],[0.27744394]
[4.39639821],[0.10339157],[0.25808218]
[2.777433],[0.07636738],[0.10875292]
[2.29059567],[0.32196673],[0.32115633]
[2.39119831],[0.48569973],[0.74419114]
[2.56830234],[0.54166569],[1.11318677]
[2.47860582],[0.81847111],[1.83684432]
[2.51722954],[0.83661764],[1.91169506]
[2.30839392],[0.81744044],[1.96840705]
[2.36831169],[0.88762074],[2.08360179]
[2.14901024],[0.86998323],[2.09313162]
[2.32813844],[0.87393642],[2.23365373]
[2.35838135],[0.87545316],[2.21762849]
[2.5158689],[0.91515351],[2.29845452]
[2.53177693],[0.87168249],[2.24030302]
[2.62504436],[0.95307694],[2.2845279]
[2.63406399],[0.87243269],[2.22236047]
[2.6925383],[0.91456091],[2.21966895]
[2.71654812],[0.84320638],[2.13696396]
[2.80600648],[0.86609254],[2.14596027]
[2.85321501],[0.8239814],[2.08919787]
[2.90096206],[0.84841219],[2.1036731]
[2.87908216],[0.81369446],[2.02915382]
[2.86649997],[0.8216203],[2.01557611]
[2.8338422],[0.78726301],[1.93730772]
[2.81082104],[0.78457341],[1.92413295]
[2.77707378],[0.75800857],[1.85053693]
[2.77720117],[0.74735186],[1.83180646]
[2.76206837],[0.72854621],[1.76113356]
[2.75811838],[0.70515457],[1.73064168]
[2.74973222],[0.70004929],[1.67083444]
[2.74163669],[0.66281406],[1.61356021]
[2.73713741],[0.6504797],[1.5839115]
[2.72142515],[0.62297197],[1.51679753]
[2.77630375],[0.60979914],[1.4972943]
[2.74003189],[0.59452912],[1.46077288]
[2.78847369],[0.5893469],[1.42000691]
[2.75364026],[0.58427652],[1.38373013]
[2.76040305],[0.57839312],[1.36414463]
[2.76438515],[0.57269207],[1.31631118]
[2.76610845],[0.55847108],[0.90955629]
[2.7776541],[0.5342361],[0.84458494]
[2.78916637],[0.51696166],[0.81020309]
[2.80879133],[0.49343536],[0.79295435]
[2.84666587],[0.4737816],[0.77961992]
[2.87348496],[0.44793468],[0.76011586]
[2.87930406],[0.42486079],[0.74046701]
[2.8223174],[0.41633625],[0.71902897]
[2.74795165],[0.41685165],[0.70408793]
[2.66313366],[0.42140496],[0.69060582]
[2.58084293],[0.40928702],[0.67064292]
[2.49938053],[0.40076975],[0.65352911]
[2.43747404],[0.39377885],[0.64092372]
[2.37267294],[0.39833305],[0.62101642]
[2.25354338],[0.39470255],[0.58419603]
[6.36863928],[0.85347186],[5.06543282]
[5.03564416],[0.8521816],[3.69580488]
[5.50441847],[0.83280085],[2.66322334]
[4.2190789],[0.35434892],[1.07250148]
[2.42358527],[0.49391805],[0.87820483]
[2.60239494],[0.57724239],[1.22692258]
[2.51763252],[0.89721955],[2.02918531]
[2.53243785],[0.9143418],[2.13787721]
[2.342833],[0.95374508],[2.25631464]
[2.41352223],[1.01635834],[2.44871181]
[2.37597109],[0.97837499],[2.51538653]
[2.56653022],[1.10031806],[2.68090552]
[2.67008015],[1.06448013],[2.69537615]
[2.79118993],[1.12422196],[2.78640081]
[2.87702726],[1.09977552],[2.76854752]
[2.88328694],[1.13527489],[2.78878417]
[2.94165715],[1.09809791],[2.75393063]
[2.97591297],[1.12901115],[2.75877203]
[3.05822623],[1.0614571],[2.71886889]
[3.12779001],[1.08975279],[2.73477782]
[3.20463019],[1.03264827],[2.70210714]
[3.19131835],[1.05563677],[2.70299962]
[3.17067489],[1.01016979],[2.62266513]
[3.13964334],[1.01540437],[2.59694988]
[3.11660446],[0.97210741],[2.52029843]
[3.08237873],[0.96722538],[2.48959475]
[3.05470388],[0.93799729],[2.42032685]
[3.04814015],[0.92777941],[2.38763083]
[3.02952164],[0.90200174],[2.33103206]
[3.0218995],[0.88533939],[2.27135354]
[3.00608414],[0.86946726],[2.22141847]
[3.00411679],[0.84502708],[2.15533918]
[2.98810935],[0.82988586],[2.12339221]
[2.98294935],[0.80576214],[2.06217411]
[3.03859185],[0.79076578],[2.06632804]
[3.00820433],[0.779675],[2.01902258]
[3.05371061],[0.77164468],[1.98132844]
[3.02828178],[0.76391763],[1.94012587]
[3.02863],[0.75468166],[1.92175343]
[3.03388047],[0.74594273],[1.87426785]
[3.03556222],[0.72883527],[1.71273689]
[3.04955354],[0.70439774],[1.28800163]
[3.06373651],[0.6908645],[1.24389872]
[3.08569716],[0.67389077],[1.21683069]
[3.10945842],[0.65698889],[1.20590705]
[3.1380142],[0.63654209],[1.18795653]
[3.16090238],[0.614634],[1.17571305]
[3.15635276],[0.589188],[1.1565163]
[3.11654154],[0.55800291],[1.11808126]
[3.04488631],[0.54770092],[1.08205752]
[2.9540325],[0.55776571],[1.06166246]
[2.8505385],[0.55339595],[1.03359758]
[2.76263729],[0.54515438],[1.01377842]
[2.68435121],[0.54246654],[0.9929486]
[2.59533828],[0.53554031],[0.95936739]
[8.64158663],[1.25425939],[9.00106315]
[5.54098984],[0.91899438],[5.1288725]
[4.4735029],[0.87271669],[3.78344086]
[4.45622007],[0.81317955],[2.40006235]
[4.04720408],[0.50730562],[1.50715526]
[2.65559103],[0.60808572],[1.36851009]
[2.61203282],[0.96766468],[1.97200916]
[2.61818134],[0.9921454],[2.29327232]
[2.47692323],[1.04267269],[2.48652906]
[2.500504],[1.11480876],[2.68653201]
[2.68884222],[1.13483909],[2.76535882]
[2.89957193],[1.18781819],[2.90355248]
[3.03540382],[1.18270845],[2.94503162]
[3.12701545],[1.19928963],[3.06788573]
[3.25449845],[1.18945148],[3.06168631]
[3.21931173],[1.20526157],[3.07855259]
[3.35161108],[1.1844979],[3.06025691]
[3.33186672],[1.19332062],[3.0669296]
[3.46944011],[1.14522806],[3.07276391]
[3.45709465],[1.18141996],[3.0883001]
[3.50309798],[1.11174636],[3.05367657]
[3.4694459],[1.14359053],[3.03981057]
[3.45151503],[1.08500619],[2.96753246]
[3.45119181],[1.10500628],[2.9492111]
[3.42327557],[1.04974179],[2.86943803]
[3.38147648],[1.06110535],[2.82544706]
[3.35573771],[1.01683331],[2.76479215]
[3.33826543],[1.02261781],[2.71554514]
[3.31744337],[0.98231454],[2.65659102]
[3.31242126],[0.9781919],[2.59776374]
[3.28360371],[0.95003417],[2.54523182]
[3.29115015],[0.9350167],[2.47980153]
[3.2553513],[0.91704281],[2.45921943]
[3.28361656],[0.89323002],[2.3991036]
[3.31160579],[0.88327065],[2.40044994]
[3.30013335],[0.88222113],[2.35536242]
[3.32089527],[0.87573809],[2.32117039]
[3.31292195],[0.86226501],[2.28312243]
[3.29972169],[0.8604969],[2.25881008]
[3.30181135],[0.84517994],[2.21533687]
[3.30008015],[0.81121044],[2.13397888]
[3.31416598],[0.77790441],[1.76918904]
[3.32781044],[0.76223609],[1.52227559]
[3.34923883],[0.74504266],[1.48086732]
[3.37563295],[0.72884635],[1.44990721]
[3.40234296],[0.71162417],[1.42819963]
[3.42725131],[0.6944531],[1.40924598]
[3.44710833],[0.67401164],[1.39102086]
[3.4372046],[0.64767666],[1.37098456]
[3.39685589],[0.62451547],[1.3232493]
[3.33961247],[0.60130497],[1.26650646]
[3.24700871],[0.5973185],[1.22366687]
[3.15383837],[0.60123956],[1.19420499]
[3.0366692],[0.59777717],[1.15265201]
[2.91091817],[0.59861944],[1.11436129]
[12.12148155],[1.39027593],[11.13536679]
[8.25979993],[1.09147018],[7.41989971]
[5.26630763],[0.905332],[5.56330548]
[4.54002101],[0.80272387],[3.87270402]
[3.80208497],[0.50308961],[1.57969504]
[3.03874311],[0.55007106],[1.44079767]
[2.50920849],[0.89252942],[1.55557321]
[2.48493444],[1.05378657],[2.14223971]
[2.5317015],[1.09971553],[2.47148219]
[2.91288976],[1.17095578],[2.68929845]
[3.05402845],[1.1619727],[2.7681897]
[3.21158376],[1.20709144],[2.94384587]
[3.39828786],[1.18670451],[3.00469383]
[3.48334195],[1.21352398],[3.15918384]
[3.66161525],[1.17586967],[3.16230487]
[3.57734434],[1.21042646],[3.19558085]
[3.77020896],[1.15526934],[3.1980397]
[3.65705333],[1.18796089],[3.22108763]
[3.85094378],[1.15121716],[3.22652372]
[3.68119189],[1.15112246],[3.19255536]
[3.77876316],[1.15021934],[3.16615211]
[3.65018431],[1.14820649],[3.09510202]
[3.68043463],[1.13631704],[3.05817355]
[3.6120072],[1.11836341],[2.97302843]
[3.60144489],[1.10119091],[2.92062937]
[3.54169326],[1.09045343],[2.84561585]
[3.53069555],[1.07298947],[2.79809035]
[3.50493195],[1.05231795],[2.71194363]
[3.5039776],[1.03778806],[2.67565112]
[3.48400061],[1.02316264],[2.56861807]
[3.46893595],[0.99819836],[2.54426598]
[3.4690223],[0.9867454],[2.32351378]
[3.44931037],[0.94222615],[2.30072736]
[3.47818664],[0.95336062],[2.19354087]
[3.49347004],[0.9450599],[2.16979966]
[3.49302435],[0.94206752],[2.1260929]
[3.50074014],[0.93380422],[2.08239906]
[3.49191206],[0.8484057],[2.00263062]
[3.46085823],[0.84094611],[1.94628804]
[3.45852388],[0.83292911],[1.90344858]
[3.45858175],[0.81798447],[1.80153665]
[3.46739905],[0.78857903],[1.73535484]
[3.48023417],[0.77252412],[1.69554603]
[3.50693013],[0.75710678],[1.66877254]
[3.54414336],[0.74214527],[1.63853147]
[3.58978468],[0.72751519],[1.61600842]
[3.62954897],[0.71421873],[1.60464962]
[3.66104904],[0.70126565],[1.58855717]
[3.64646934],[0.68119997],[1.56384518]
[3.60855465],[0.66477392],[1.52871185]
[3.54097355],[0.65209543],[1.464044]
[3.47265508],[0.62039296],[1.37951351]
[3.40318916],[0.60895254],[1.31869526]
[3.30496849],[0.60238015],[1.25747123]
[3.17806081],[0.60674915],[1.20690467]
[13.06848024],[1.448063],[12.2328323]
[10.05780927],[1.24577852],[8.46430905]
[8.46554064],[1.0684846],[6.38966379]
[6.15762246],[0.96632081],[4.9860501]
[3.70804962],[0.61751801],[3.20014181]
[2.85074945],[0.56078121],[1.39284569]
[2.59048398],[0.79866747],[1.60825642]
[2.46377436],[1.1040968],[2.18263102]
[2.77713348],[1.17658525],[2.75204293]
[3.3108227],[1.21380704],[3.05899366]
[3.35423252],[1.249677],[3.12283206]
[3.53549511],[1.25785194],[3.30081131]
[3.67716923],[1.25850474],[3.38007086]
[3.78887762],[1.25707067],[3.49189675]
[3.91027553],[1.25901392],[3.53133015]
[3.91695691],[1.25995885],[3.54974552]
[4.03408852],[1.25533894],[3.59961667]
[3.9921691],[1.26065126],[3.56366554]
[4.10769145],[1.25317524],[3.60116802]
[3.97280778],[1.25087462],[3.50235393]
[4.07515109],[1.25084754],[3.50036362]
[3.90071785],[1.25239461],[3.4092458]
[3.98626962],[1.2484867],[3.36337007]
[3.81964768],[1.2390262],[3.27494973]
[3.8540414],[1.22715331],[3.22739646]
[3.75939925],[1.21934368],[3.15817501]
[3.75130652],[1.20664888],[3.09910095]
[3.72028027],[1.19355275],[3.02048643]
[3.71903113],[1.1839802],[2.99234061]
[3.695688],[1.17395422],[2.81601546]
[3.68260683],[1.15561947],[2.84118614]
[3.6789182],[1.15121394],[2.67620356]
[3.67487481],[1.12659636],[2.64514779]
[3.69315803],[1.13094676],[2.59823093]
[3.69273544],[1.12308223],[2.56300205]
[3.69580744],[1.11928675],[2.53808777]
[3.68000659],[1.10315912],[2.49178193]
[3.67874581],[1.0788588],[2.43565312]
[3.64278622],[1.06346639],[2.40402609]
[3.63870181],[1.04656554],[2.36889127]
[3.63589603],[1.00223545],[2.28532508]
[3.64020008],[0.88156287],[2.16237913]
[3.64985336],[0.85860003],[2.08088712]
[3.67127038],[0.83330267],[2.02844404]
[3.70884251],[0.81535791],[1.98339393]
[3.75137733],[0.79759718],[1.94484584]
[3.78724871],[0.7824545],[1.91450232]
[3.80094505],[0.76778543],[1.8772139]
[3.77047547],[0.74782769],[1.8315963]
[3.72656585],[0.72818013],[1.76733463]
[3.68729477],[0.70609065],[1.70969551]
[3.63268876],[0.67549092],[1.62404583]
[3.58435275],[0.65302215],[1.5515343]
[3.51660953],[0.64963621],[1.47791064]
[3.43827349],[0.64075896],[1.39939766]
[12.08410048],[1.4805533],[12.49248219]
[9.63437735],[1.30294],[8.7303078]
[8.47814],[1.1907463],[6.91714999]
[7.55035988],[1.06351088],[5.44223979]
[4.84623604],[0.92507963],[4.26463129]
[3.16338489],[0.57899409],[2.70938911]
[2.63892746],[0.71005537],[1.54420022]
[2.39308159],[1.04230313],[1.94059725]
[2.74835167],[1.19906639],[2.76288819]
[3.44751124],[1.25194226],[3.24631432]
[3.54109691],[1.2873966],[3.33746901]
[3.70492077],[1.29567044],[3.52053977]
[3.84847073],[1.29873],[3.61565184]
[3.90829322],[1.3011098],[3.65709908]
[4.05564131],[1.30707997],[3.73007725]
[4.03265389],[1.30792265],[3.69262225]
[4.1497166],[1.3043316],[3.75636081]
[4.1162207],[1.3047102],[3.71399577]
[4.20631728],[1.30380096],[3.75077233]
[4.12016358],[1.30173288],[3.64413033]
[4.18038412],[1.3018138],[3.66576902]
[4.07848563],[1.30082185],[3.55927517]
[4.12297793],[1.29595256],[3.52062575]
[3.97454085],[1.28556111],[3.43736936]
[4.00453117],[1.27597628],[3.39175609]
[3.89169649],[1.27053896],[3.3074841]
[3.90768647],[1.26133266],[3.27190469]
[3.8700497],[1.25061698],[3.10014266]
[3.85876157],[1.24453844],[3.14126413]
[3.84350946],[1.23810085],[2.9556709]
[3.83732817],[1.22494085],[2.92688996]
[3.82607728],[1.22464401],[2.8452198]
[3.82810534],[1.21152268],[2.82239583]
[3.83834256],[1.21144746],[2.78732577]
[3.82365351],[1.20374484],[2.74384268]
[3.82341501],[1.19446397],[2.71132235]
[3.79643596],[1.18294232],[2.67072096]
[3.80303841],[1.16759778],[2.63206421]
[3.76480092],[1.15780378],[2.60646662]
[3.75984179],[1.1476042],[2.57452564]
[3.75748198],[1.11123586],[2.50485778]
[3.76278472],[1.05736045],[2.41877565]
[3.7741542],[0.93329098],[2.33133906]
[3.79500697],[0.87710547],[2.27041232]
[3.83572792],[0.85592232],[2.22529555]
[3.88221401],[0.83580102],[2.18614674]
[3.92093735],[0.82088834],[2.15426306]
[3.94738639],[0.80563874],[2.11935082]
[3.91362835],[0.78563558],[2.07129554]
[3.86554381],[0.77163388],[1.99934144]
[3.79604314],[0.75217041],[1.90230684]
[3.73551836],[0.72472599],[1.81191104]
[3.67741817],[0.69781012],[1.72658097]
[3.62326587],[0.67030987],[1.64207229]
[3.56634637],[0.63060803],[1.55159069]
[12.15071489],[1.56972495],[13.30327555]
[9.66916021],[1.38449838],[9.40172138]
[8.49747339],[1.24567739],[7.52810682]
[7.57151328],[1.15900787],[5.93853853]
[6.36142732],[1.04565108],[4.67041277]
[5.14725567],[0.96709361],[3.84392442]
[3.19957088],[0.66851284],[2.23818983]
[2.31629979],[0.96531884],[1.87576503]
[2.64527265],[1.206075],[2.72853514]
[3.20463273],[1.28301201],[3.19448856]
[3.56439513],[1.32585081],[3.42393369]
[3.71268046],[1.33148456],[3.53145349]
[3.87988195],[1.33223474],[3.6006333]
[3.93472827],[1.33492162],[3.63436839]
[4.09872032],[1.32897983],[3.69323399]
[4.04591728],[1.32426405],[3.66625992]
[4.14241004],[1.31941347],[3.69165836]
[4.10650337],[1.31914068],[3.66575914]
[4.17327771],[1.31612837],[3.65629973]
[4.17133078],[1.31346003],[3.63564552]
[4.16728588],[1.31302077],[3.59738398]
[4.15824778],[1.3110222],[3.55190921]
[4.17205237],[1.30530922],[3.52736325]
[4.08007708],[1.30834429],[3.41294109]
[4.10242683],[1.28217111],[3.40449303]
[3.99843304],[1.27482551],[3.21126774]
[4.00381316],[1.26349318],[3.22075531]
[3.95673793],[1.25200812],[3.06540796]
[3.95020532],[1.24281718],[3.02817344]
[3.92928004],[1.23382895],[2.95598491]
[3.91213776],[1.22395599],[2.89039736]
[3.91599798],[1.22317839],[2.878192]
[3.91816408],[1.2078591],[2.8452694]
[3.92852116],[1.21297714],[2.83339077]
[3.89769822],[1.20326778],[2.78465956]
[3.88686297],[1.19600046],[2.74895939]
[3.85577578],[1.18576479],[2.71651343]
[3.86167548],[1.17076599],[2.67420329]
[3.81918872],[1.16164969],[2.64028538]
[3.80836433],[1.15030524],[2.60629595]
[3.80226203],[1.12562623],[2.55837341]
[3.80165557],[1.07169572],[2.48332836]
[3.80902302],[0.95862902],[2.39732415]
[3.8271438],[0.89762692],[2.33828739]
[3.86873563],[0.87349771],[2.29071934]
[3.91293304],[0.84897261],[2.24771045]
[3.94780408],[0.83138591],[2.21452511]
[3.94768007],[0.81463183],[2.17463181]
[3.89872135],[0.79461232],[2.10159658]
[3.82938626],[0.77945567],[2.00224724]
[3.74949825],[0.76275329],[1.90461705]
[3.6912492],[0.74087223],[1.82214401]
[3.6260653],[0.71100286],[1.71134258]
[3.54277698],[0.63144186],[1.56408281]
[3.41833205],[0.57593298],[1.37386375]
[12.26949588],[1.62163885],[13.72700733]
[9.70478926],[1.44899542],[9.83748013]
[8.52519808],[1.30946017],[7.90497675]
[7.59720979],[1.22770383],[6.2908034]
[6.35468792],[1.11577201],[4.71412165]
[5.11915933],[1.00745661],[3.76972257]
[3.77921821],[0.82920396],[2.466263]
[2.6601041],[0.96382843],[2.06987918]
[2.7842689],[1.19340378],[2.88593273]
[3.33906321],[1.25354058],[3.11411156]
[3.60251904],[1.3057677],[3.26764385]
[3.73290381],[1.3120488],[3.35709848]
[3.90130981],[1.31028571],[3.43676958]
[3.95092697],[1.29156179],[3.41761275]
[4.11996653],[1.28319738],[3.47964012]
[4.06738547],[1.27714797],[3.39527504]
[4.15791225],[1.27186215],[3.42499099]
[4.1314395],[1.2718643],[3.33700922]
[4.18922915],[1.26856142],[3.33817314]
[4.17289692],[1.26519245],[3.19784553]
[4.17253909],[1.26239326],[3.20184327]
[4.1672043],[1.2602471],[3.08034187]
[4.15943427],[1.25404022],[3.06844068]
[4.07661668],[1.24205131],[2.95344776]
[4.09947226],[1.2296449],[2.91174876]
[3.99740306],[1.22222979],[2.85998335]
[4.00812168],[1.20153047],[2.81001291]
[3.94696619],[1.17187403],[2.7641991]
[3.95455288],[1.15851276],[2.7135482]
[3.92132745],[1.14156725],[2.69145759]
[3.90937492],[1.115903],[2.63074734]
[3.91413381],[1.10817441],[2.63353727]
[3.92225607],[1.08705766],[2.6132327]
[3.92802415],[1.0779613],[2.60050284]
[3.90508546],[1.06982836],[2.57452514]
[3.89614219],[1.06280544],[2.55020054]
[3.86637981],[1.04313025],[2.5208209]
[3.86885789],[1.01323206],[2.48203273]
[3.82802592],[0.99825597],[2.45424891]
[3.8161883],[0.97120847],[2.42511275]
[3.80844834],[0.93433514],[2.37744862]
[3.80627744],[0.90630285],[2.32309203]
[3.81220635],[0.88291927],[2.27745333]
[3.82963644],[0.85961156],[2.23816576]
[3.87241646],[0.83920211],[2.2131063]
[3.91601237],[0.82093642],[2.18499765]
[3.95123787],[0.8057544],[2.16199817]
[3.96211765],[0.7910681],[2.13476725]
[3.91344048],[0.77394904],[2.07447399]
[3.83972347],[0.76153654],[1.98006202]
[3.76978832],[0.74648189],[1.90355279]
[3.69642507],[0.71637211],[1.79898394]
[3.59132396],[0.65042832],[1.62594088]
[3.47448932],[0.5925587],[1.43340898]
[3.31156786],[0.54070077],[1.2433448]
[12.42280162],[1.69279109],[14.19822763]
[9.85191868],[1.48423929],[10.15859777]
[8.63582075],[1.34753858],[8.19529457]
[7.69856884],[1.27117627],[6.54398497]
[6.46939509],[1.17773776],[4.90603049]
[5.17861163],[1.02904726],[3.9472518]
[3.81689121],[0.87321548],[2.80383443]
[2.68386353],[1.07079144],[2.68693035]
[2.99840355],[1.22377815],[3.17915379]
[3.55155253],[1.28517021],[3.30582827]
[3.65609568],[1.33341793],[3.36424857]
[3.78339625],[1.34114547],[3.45647884]
[3.95086667],[1.32765113],[3.52024529]
[4.01695576],[1.30893857],[3.50311943]
[4.17894353],[1.30152483],[3.55852507]
[4.12405047],[1.29484336],[3.4537335]
[4.21440337],[1.28950685],[3.47788165]
[4.17738152],[1.28967112],[3.36882333]
[4.21961845],[1.28601929],[3.37074764]
[4.21859163],[1.2815647],[3.22600365]
[4.21191832],[1.27890004],[3.22189614]
[4.21682166],[1.27660612],[3.11602689]
[4.18782275],[1.27031021],[3.09665711]
[4.12135837],[1.2583192],[2.99178136]
[4.12782362],[1.23504716],[2.95322658]
[4.04670622],[1.22561525],[2.901995]
[4.05320419],[1.20197524],[2.85415158]
[3.99779094],[1.17450025],[2.80977994]
[4.01474337],[1.15962541],[2.7613613]
[3.9792486],[1.1513182],[2.74221381]
[3.97237676],[1.12919859],[2.69238017]
[3.96272287],[1.12997927],[2.69171113]
[3.97478262],[1.1086432],[2.68023243]
[3.9687351],[1.10325417],[2.65829093]
[3.94574133],[1.09628616],[2.64361565]
[3.9478619],[1.09619594],[2.62221933]
[3.92168639],[1.08448898],[2.60428792]
[3.93588273],[1.06394985],[2.57469008]
[3.89530337],[1.04707938],[2.54698888]
[3.88579322],[1.02340603],[2.52209994]
[3.88226485],[0.96885565],[2.47590223]
[3.88136881],[0.93075254],[2.43027422]
[3.88985596],[0.90690207],[2.39356821]
[3.90710161],[0.88649568],[2.37024853]
[3.95243069],[0.86698468],[2.34810633]
[3.9996905],[0.84693726],[2.3268456]
[4.03784225],[0.83034651],[2.30943697]
[4.04754173],[0.81459213],[2.28591594]
[4.00096623],[0.79725697],[2.22787212]
[3.93809329],[0.78693416],[2.14292796]
[3.87901631],[0.77487409],[2.06846954]
[3.82736765],[0.76487162],[1.99887221]
[3.75495715],[0.73191297],[1.87489116]
[3.66549678],[0.67907577],[1.71880532]
[3.56613727],[0.60645385],[1.54239806]
[12.3825029],[1.75295606],[14.60027169]
[9.81677227],[1.5149139],[10.41186663]
[8.61095867],[1.37781099],[8.43292757]
[7.67967844],[1.30553591],[6.72852521]
[6.43450981],[1.22432435],[5.07702169]
[5.16555574],[1.08399393],[4.16812223]
[3.73082318],[0.92055343],[3.08454592]
[2.62401508],[1.08136269],[3.2643175]
[3.19433919],[1.24084994],[3.31080201]
[3.5950429],[1.30899605],[3.36049844]
[3.69394994],[1.35965127],[3.43945491]
[3.81940221],[1.35847765],[3.51644237]
[3.99474942],[1.33730298],[3.55171285]
[4.07133793],[1.31807575],[3.5446443]
[4.22162097],[1.31084343],[3.59842982]
[4.16794841],[1.30740167],[3.49210675]
[4.24790639],[1.30136773],[3.50521467]
[4.23033139],[1.30139306],[3.38140277]
[4.22986121],[1.29777717],[3.37293445]
[4.25499828],[1.29023273],[3.22649925]
[4.23740239],[1.28400499],[3.21767617]
[4.2202967],[1.28607417],[3.12519961]
[4.1781645],[1.27488471],[3.09499717]
[4.1189174],[1.25149271],[2.99871848]
[4.12365679],[1.22733908],[2.96629144]
[4.04862191],[1.2087604],[2.89955159]
[4.05614628],[1.18501823],[2.85456021]
[4.00403604],[1.15755901],[2.80940822]
[4.0218863],[1.15369934],[2.77621717]
[3.97587094],[1.14595588],[2.7517465]
[3.97851183],[1.1255206],[2.70944025]
[3.95652504],[1.12595992],[2.70288957]
[3.96918442],[1.10482278],[2.69382408]
[3.96242844],[1.09330035],[2.66687198]
[3.94061173],[1.08206875],[2.6523855]
[3.94171451],[1.07794053],[2.62507826]
[3.91739751],[1.06766343],[2.61197289]
[3.93281104],[1.0449427],[2.57941431]
[3.89889554],[1.04075814],[2.56230187]
[3.89186946],[1.02378647],[2.54294551]
[3.8873194],[0.98101808],[2.50600361]
[3.88650767],[0.94620091],[2.46303242]
[3.89546042],[0.91520545],[2.4287825]
[3.91304255],[0.89558327],[2.40774039]
[3.95790405],[0.87609927],[2.39097604]
[4.00527733],[0.85549224],[2.37092368]
[4.04344506],[0.84008687],[2.35792256]
[4.08626259],[0.8251249],[2.34071553]
[4.0538076],[0.81014856],[2.30024516]
[3.99669729],[0.80042667],[2.22505394]
[3.94995928],[0.78895879],[2.16751312]
[3.90363013],[0.77881354],[2.10545844]
[3.84736944],[0.76371389],[2.01350615]
[3.77028324],[0.72435563],[1.88626202]
[3.68818147],[0.67408769],[1.73893689]
[12.3917846],[1.81728534],[15.01931331]
[9.82599652],[1.54494023],[10.66070693]
[8.60756483],[1.39986307],[8.61109616]
[7.67628581],[1.32762296],[6.85652508]
[6.4243338],[1.25030012],[5.13536506]
[5.15863563],[1.10648468],[4.26392115]
[3.70073457],[0.96371183],[3.32073931]
[2.80013363],[1.12355109],[3.45976824]
[3.37877027],[1.2507781],[3.34361276]
[3.6337589],[1.32003186],[3.3511022]
[3.7289918],[1.36554675],[3.43674849]
[3.85698168],[1.35506356],[3.50631274]
[4.03974883],[1.33485817],[3.54338372]
[4.115842],[1.3132256],[3.52980686]
[4.26316049],[1.29647464],[3.56240693]
[4.21500946],[1.28586879],[3.39226839]
[4.28207737],[1.26967986],[3.43992657]
[4.2609407],[1.27196885],[3.30085301]
[4.25891108],[1.26375111],[3.29156956]
[4.30173847],[1.25080433],[3.17829778]
[4.2614234],[1.24041451],[3.160492]
[4.2298721],[1.2409651],[3.08077102]
[4.18187725],[1.22236108],[3.03795993]
[4.12981328],[1.20144683],[2.95563837]
[4.13162573],[1.17878577],[2.9291179]
[4.05547266],[1.16798095],[2.86782051]
[4.06909995],[1.14489277],[2.8283254]
[4.02258766],[1.12345038],[2.789386]
[4.03483821],[1.11396554],[2.75215057]
[3.98931234],[1.10314251],[2.72419401]
[3.99556314],[1.07966268],[2.68542346]
[3.96156098],[1.07684262],[2.67089999]
[3.97612339],[1.05805849],[2.66564762]
[3.96746844],[1.04813264],[2.63901235]
[3.95059028],[1.03468418],[2.62452907]
[3.95188008],[1.03252878],[2.59978486]
[3.92822269],[1.02486605],[2.58933916]
[3.94160235],[1.01094941],[2.56410206]
[3.90738773],[1.00825892],[2.54850279]
[3.90073057],[0.99349365],[2.53187724]
[3.89713869],[0.95909421],[2.50187367]
[3.89652256],[0.93161784],[2.46414248]
[3.90267343],[0.91233628],[2.4321622]
[3.91970918],[0.8936373],[2.4153218]
[3.96469351],[0.87575177],[2.40421604]
[4.01142262],[0.8570937],[2.3895271]
[4.04915756],[0.8417789],[2.37688845]
[4.09449229],[0.82623399],[2.36865039]
[4.10212159],[0.81394598],[2.34273815]
[4.05183508],[0.80575599],[2.2898113]
[4.00692989],[0.79876152],[2.24383485]
[3.95939541],[0.79079152],[2.18416421]
[3.91130124],[0.78228224],[2.10923194]
[3.85697922],[0.76954519],[2.02527125]
[3.79224481],[0.72490555],[1.90361666]
[12.35816481],[1.87462512],[15.24082893]
[9.79257765],[1.55596719],[10.80875222]
[8.58429671],[1.4121602],[8.71694846]
[7.6530219],[1.33953432],[6.91046842]
[6.37374424],[1.26644565],[4.99604198]
[5.10861064],[1.10902509],[4.05985551]
[3.64856675],[0.97533108],[3.15594604]
[3.02053775],[1.08256807],[3.4177124]
[3.40365423],[1.21750935],[3.05641549]
[3.67221651],[1.27711378],[3.12609467]
[3.77349062],[1.27552248],[3.15927279]
[3.89436278],[1.2386535],[3.16654938]
[4.08087914],[1.18898182],[3.19503142]
[4.15389673],[1.14883649],[3.10586489]
[4.29768816],[1.12720029],[3.20178305]
[4.25808859],[1.12101967],[3.07903374]
[4.30006659],[1.11103935],[3.09729958]
[4.29037014],[1.11003524],[3.01448566]
[4.28663261],[1.10401599],[3.00182708]
[4.30545259],[1.09110838],[2.93461737]
[4.25738891],[1.08035548],[2.91278417]
[4.22505187],[1.07148069],[2.8531825]
[4.17539858],[1.04754588],[2.81188983]
[4.12744174],[1.02020649],[2.74785319]
[4.12364994],[0.99682269],[2.7162666]
[4.05326011],[0.9898824],[2.66525108]
[4.07707099],[0.96715949],[2.62855868]
[4.02082113],[0.96996808],[2.59936025]
[4.03619634],[0.94771382],[2.567425]
[3.99094858],[0.9563],[2.54935288]
[3.99617431],[0.93435703],[2.51846862]
[3.956154],[0.94240222],[2.50349206]
[3.9739501],[0.92883574],[2.5036459]
[3.96317845],[0.93282656],[2.48913879]
[3.94602121],[0.91811102],[2.48585218]
[3.94528495],[0.91422352],[2.46294586]
[3.92450703],[0.91131462],[2.45910195]
[3.93610253],[0.90848892],[2.44087196]
[3.90237059],[0.90536361],[2.42845501]
[3.89592634],[0.90145307],[2.41764501]
[3.89214268],[0.89406289],[2.39731479]
[3.89147139],[0.87879398],[2.37139246]
[3.89767523],[0.86414425],[2.34935501]
[3.91538704],[0.85031541],[2.34198883]
[3.96195346],[0.83698358],[2.33916262]
[4.00827998],[0.82522362],[2.33288862]
[4.04642215],[0.81477587],[2.32948883]
[4.09087665],[0.80444504],[2.32978724]
[4.12196664],[0.79659367],[2.31628718]
[4.1037913],[0.7909799],[2.29525169]
[4.05658274],[0.7844361],[2.26123548]
[4.00957446],[0.77702853],[2.20439618]
[3.9623529],[0.77035901],[2.13427741]
[3.91021856],[0.76370855],[2.05789736]
[3.85908077],[0.74431659],[1.97033493]
[12.47779264],[1.89394121],[15.55175431]
[9.89946457],[1.56639549],[11.03138434]
[8.66500223],[1.42469769],[8.88458371]
[7.72067085],[1.3517385],[7.04858514]
[6.4473049],[1.28145457],[5.10368721]
[5.18216162],[1.11196318],[4.19063091]
[3.7242477],[1.05092701],[3.6287779]
[3.23564964],[1.15016657],[3.65593144]
[3.43738905],[1.2613015],[3.17352094]
[3.71611183],[1.30187088],[3.19976806]
[3.81655627],[1.2724319],[3.1974524]
[3.93124115],[1.23742744],[3.21064304]
[4.10873753],[1.19506237],[3.2482128]
[4.19166679],[1.15998542],[3.15822679]
[4.33287593],[1.14075015],[3.26275375]
[4.30367621],[1.13453335],[3.14390666]
[4.33606413],[1.12145792],[3.15277431]
[4.32725371],[1.1205906],[3.07097712]
[4.32337806],[1.11402807],[3.05977861]
[4.33323266],[1.10481157],[3.00009229]
[4.28508062],[1.08757123],[2.97381313]
[4.25795852],[1.07313421],[2.91421804]
[4.20795019],[1.05269421],[2.87634857]
[4.16998834],[1.02826133],[2.81332924]
[4.17030556],[1.00620831],[2.79325597]
[4.11406828],[0.99686255],[2.74415471]
[4.13509567],[0.98694055],[2.71869801]
[4.08649965],[0.98022508],[2.69184087]
[4.09788051],[0.97080264],[2.65151769]
[4.05483199],[0.96653014],[2.64015067]
[4.0537612],[0.95732525],[2.6043906]
[4.01205502],[0.95629202],[2.59157616]
[4.03099185],[0.94094018],[2.59017336]
[4.02699289],[0.94561551],[2.57625308]
[3.99761053],[0.94229041],[2.56824298]
[4.00529005],[0.94218918],[2.54684721]
[3.97837833],[0.94135006],[2.53872693]
[3.99436913],[0.93671059],[2.5202723]
[3.95673382],[0.93620625],[2.5042953]
[3.95048531],[0.92934535],[2.4939031]
[3.94717757],[0.91105827],[2.47504523]
[3.94888147],[0.89369768],[2.44985125]
[3.95273588],[0.88030542],[2.42875359]
[3.96725813],[0.86741003],[2.42209858]
[4.01183646],[0.85493006],[2.42021712]
[4.05928852],[0.84266565],[2.41486595]
[4.09913713],[0.83266161],[2.4130274]
[4.14405605],[0.82341545],[2.41590325]
[4.17650325],[0.81763129],[2.40708378]
[4.15764901],[0.81178843],[2.39226311]
[4.1094702],[0.80710473],[2.36235516]
[4.06340025],[0.80289073],[2.30834928]
[4.01775749],[0.79650531],[2.24007877]
[3.9610573],[0.79018646],[2.16493167]
[3.91461913],[0.78118167],[2.08900292]
[12.52507962],[1.91999116],[15.96445057]
[9.90696852],[1.58525692],[11.33342635]
[8.69732757],[1.44353396],[9.16880464]
[7.71730416],[1.37540233],[7.27244941]
[6.44036933],[1.30603085],[5.24681696]
[5.17523989],[1.16005337],[4.28454598]
[3.71733314],[1.10043673],[3.74858297]
[3.31321467],[1.17832531],[3.75078682]
[3.47321242],[1.28917316],[3.219141]
[3.75555458],[1.30396999],[3.18077968]
[3.85732582],[1.24429308],[3.1790834]
[3.9617305],[1.21346996],[3.17144513]
[4.15262585],[1.17608556],[3.24981312]
[4.22848119],[1.14007698],[3.15441218]
[4.36159999],[1.12309722],[3.25058248]
[4.33766718],[1.11718262],[3.16187915]
[4.3565355],[1.10721084],[3.16544229]
[4.3644085],[1.10483699],[3.10003624]
[4.36927865],[1.09773873],[3.09110917]
[4.36174959],[1.08092008],[3.02315265]
[4.30915345],[1.05980911],[2.99614384]
[4.28670284],[1.04529772],[2.93979909]
[4.23304649],[1.02518245],[2.90236221]
[4.20667977],[1.01055691],[2.85441715]
[4.20415358],[0.98882536],[2.84099422]
[4.14850267],[0.98839635],[2.79751796]
[4.17252796],[0.98054113],[2.78054562]
[4.11715644],[0.97286427],[2.73967084]
[4.12832175],[0.96525869],[2.70583954]
[4.08278616],[0.9613982],[2.68663689]
[4.08129806],[0.95270125],[2.65807596]
[4.04191075],[0.95230374],[2.64158665]
[4.05354398],[0.94038478],[2.63016278]
[4.05531385],[0.94553147],[2.62754349]
[4.02086725],[0.94415299],[2.62037713]
[4.03037908],[0.94668769],[2.60039136]
[3.99955036],[0.94489252],[2.59196241]
[4.02259684],[0.93880132],[2.57404403]
[3.98249719],[0.93682377],[2.55598993]
[3.97773016],[0.93030796],[2.54524945]
[3.975849],[0.91285041],[2.52677895]
[3.97661712],[0.89889449],[2.50332126]
[3.97706709],[0.88573939],[2.47207381]
[3.98973792],[0.87324628],[2.46268644]
[4.03449114],[0.86104795],[2.46178719]
[4.08322105],[0.84821786],[2.45680601]
[4.12374663],[0.83852261],[2.45654803]
[4.16847343],[0.83029043],[2.46085746]
[4.20224629],[0.82432733],[2.45563156]
[4.24050569],[0.82060997],[2.46775797]
[4.19073347],[0.81571997],[2.44679289]
[4.14184834],[0.81169551],[2.39881354]
[4.09486622],[0.80799839],[2.33221402]
[4.03781102],[0.8034162],[2.25852664]
[3.98781208],[0.7982915],[2.18370219]
[12.5255043],[1.95946714],[16.35621509]
[9.93440799],[1.62441189],[11.56274609]
[8.70643985],[1.47481752],[9.32651447]
[7.69966922],[1.39628726],[7.35937722]
[6.39029742],[1.3232337],[5.19579197]
[5.12515217],[1.16701539],[4.02287236]
[3.66723484],[1.11248407],[3.58543752]
[3.34782051],[1.16297034],[3.54262676]
[3.53888323],[1.26836269],[3.01256927]
[3.79399023],[1.15811545],[2.88777999]
[3.90192967],[1.13804946],[2.976983]
[4.0016507],[1.11929294],[2.97420409]
[4.2029445],[1.09659707],[3.08937265]
[4.27527739],[1.0770451],[3.0551668]
[4.39046287],[1.06410791],[3.13126407]
[4.3626894],[1.05718281],[3.07047613]
[4.37825005],[1.03732459],[3.06586689]
[4.42792945],[1.02481323],[3.01740411]
[4.40384565],[1.01154248],[2.99701635]
[4.38932254],[0.9996858],[2.94610593]
[4.33256614],[0.97484024],[2.91231588]
[4.31241467],[0.98313991],[2.86941382]
[4.25552002],[0.96681725],[2.83849207]
[4.23720227],[0.97153181],[2.80061603]
[4.2320651],[0.95568936],[2.79777434]
[4.16942006],[0.95236354],[2.75381515]
[4.2015157],[0.94099777],[2.75244593]
[4.13183743],[0.9424682],[2.70183331]
[4.1545672],[0.93107679],[2.67674831]
[4.09440829],[0.93334098],[2.6533438]
[4.09926021],[0.92334065],[2.62954981]
[4.05995297],[0.92507591],[2.61554029]
[4.06808325],[0.91928318],[2.5978391]
[4.07279531],[0.91997841],[2.60700029]
[4.03739113],[0.91448116],[2.60323601]
[4.04752105],[0.91176428],[2.58226226]
[4.01216959],[0.90968241],[2.57298951]
[4.03520126],[0.90708892],[2.55604797]
[3.99381984],[0.90383173],[2.53959856]
[3.98876342],[0.90008449],[2.52943312]
[3.98643989],[0.89306679],[2.51214574]
[3.9867463],[0.88088112],[2.49007342]
[3.98870213],[0.86946874],[2.46169268]
[4.00290558],[0.85939981],[2.45110751]
[4.04979878],[0.84966495],[2.44736513]
[4.09857247],[0.84043207],[2.44481847]
[4.13950654],[0.83251727],[2.44694073]
[4.18559953],[0.82629939],[2.45099161]
[4.22287829],[0.82043433],[2.45203979]
[4.2715385],[0.81661778],[2.47214228]
[4.26412537],[0.81044272],[2.47263698]
[4.21936434],[0.80479814],[2.43044654]
[4.1663923],[0.79942103],[2.36482463]
[4.10940549],[0.79526859],[2.2949213]
[4.05945113],[0.79092191],[2.22065406]
[12.62925656],[1.97733186],[16.65232878]
[10.10665026],[1.63397204],[11.76106837]
[8.79662388],[1.48128499],[9.45831895]
[7.83673541],[1.39864182],[7.48069055]
[6.46433249],[1.32282444],[5.27258209]
[5.19920419],[1.15265767],[4.16573002]
[3.74127537],[1.14573347],[3.84884982]
[3.39525482],[1.21726075],[3.74933915]
[3.6001992],[1.29901814],[3.16263168]
[3.83354635],[1.18542363],[2.99189678]
[3.9350511],[1.16140592],[3.07418398]
[4.03514107],[1.14378316],[3.08051499]
[4.23879626],[1.12103289],[3.18760741]
[4.31140012],[1.10186308],[3.16151017]
[4.43686824],[1.09347823],[3.25704036]
[4.41626778],[1.08797313],[3.19645053]
[4.42515482],[1.07194999],[3.19075112]
[4.50447308],[1.06240797],[3.15935179]
[4.46535579],[1.05009426],[3.13376919]
[4.46147716],[1.0289071],[3.08763924]
[4.40302816],[1.006908],[3.06850444]
[4.39804651],[1.00445455],[3.03774121]
[4.34113356],[0.990613],[3.02754141]
[4.33583869],[0.99881594],[2.99769616]
[4.32648563],[0.98112241],[3.00109582]
[4.2715372],[0.98440594],[2.94711718]
[4.30136995],[0.96862719],[2.94266591]
[4.22122979],[0.9695777],[2.86024727]
[4.24464493],[0.95674105],[2.83993322]
[4.17492839],[0.95943536],[2.79095882]
[4.18088482],[0.94845102],[2.75976466]
[4.13228062],[0.95104538],[2.7341658]
[4.13998444],[0.94446053],[2.7192316]
[4.14216552],[0.94544568],[2.72011562]
[4.09941557],[0.93949691],[2.7134941]
[4.11253668],[0.93780025],[2.69655084]
[4.06720188],[0.93698265],[2.68380777]
[4.09089022],[0.93188277],[2.66580886]
[4.04494944],[0.93166533],[2.6472009]
[4.03865987],[0.92485963],[2.63615455]
[4.03613729],[0.91795052],[2.61826423]
[4.03597556],[0.90568907],[2.59577258]
[4.03633058],[0.89420871],[2.56615407]
[4.04749509],[0.88377733],[2.55326729]
[4.09367543],[0.87338062],[2.54816642]
[4.14522834],[0.8630593],[2.54133476]
[4.18991693],[0.85498021],[2.54478926]
[4.24165682],[0.84963484],[2.55496424]
[4.28366052],[0.84387467],[2.56606109]
[4.32936053],[0.83937139],[2.58460696]
[4.31799878],[0.8330451],[2.58015587]
[4.26996593],[0.82789841],[2.53738152]
[4.21666172],[0.82297002],[2.47723392]
[4.15758806],[0.81875913],[2.40635825]
[4.11136912],[0.81440471],[2.33510727]
[12.62544923],[1.99195547],[16.88302392]
[10.11500989],[1.64339112],[11.92365966]
[8.80227735],[1.49302788],[9.56769378]
[7.83747279],[1.40838251],[7.55415448]
[6.41056468],[1.32646018],[5.32457616]
[5.14541757],[1.16395806],[4.25905206]
[3.68749663],[1.15827119],[3.90677284]
[3.4129539],[1.23844031],[3.81038552]
[3.63619337],[1.3148039],[3.2143295]
[3.8522548],[1.20076285],[3.05786735]
[3.96462138],[1.17836427],[3.14112163]
[4.06299428],[1.16097905],[3.15122003]
[4.28157938],[1.13843056],[3.26543682]
[4.35635847],[1.12025623],[3.25904121]
[4.47870061],[1.11358946],[3.36512422]
[4.46947943],[1.11000498],[3.30993629]
[4.47692608],[1.0983734],[3.30637192]
[4.57298919],[1.09203415],[3.31163758]
[4.51611427],[1.07853822],[3.29028771]
[4.51795753],[1.06075468],[3.25728253]
[4.45527956],[1.04025599],[3.23881853]
[4.46084077],[1.0308518],[3.21364125]
[4.40357767],[1.01845005],[3.21479228]
[4.41347414],[1.02507971],[3.19869219]
[4.3983504],[1.0070337],[3.20357189]
[4.34765825],[1.0113929],[3.1481262]
[4.37587325],[0.99313791],[3.13819563]
[4.28921606],[0.99822905],[3.03764014]
[4.31816615],[0.98027332],[3.0201539]
[4.23565668],[0.98297401],[2.94556344]
[4.24161879],[0.96753765],[2.90304211]
[4.17998158],[0.97037664],[2.86081753]
[4.18443716],[0.96286736],[2.83859457]
[4.17906085],[0.96202839],[2.82031435]
[4.13209326],[0.95490547],[2.80576202]
[4.13641425],[0.95183081],[2.77086936]
[4.08680865],[0.95106978],[2.75248972]
[4.10631047],[0.94580291],[2.72576195]
[4.05902297],[0.94900801],[2.70661274]
[4.05073645],[0.94053058],[2.6934343]
[4.04812817],[0.93157714],[2.67556345]
[4.04843305],[0.91911937],[2.65343387]
[4.04912911],[0.90741641],[2.62407817]
[4.06023866],[0.89698168],[2.61111944]
[4.10603602],[0.88667984],[2.60626826]
[4.15863263],[0.87591177],[2.59915733]
[4.2034959],[0.86832604],[2.60079338]
[4.25589094],[0.86279767],[2.60929979]
[4.29806845],[0.85799514],[2.62322307]
[4.34737117],[0.85272459],[2.64585314]
[4.35497253],[0.84652976],[2.64769622]
[4.3100963],[0.84122897],[2.60930317]
[4.26062779],[0.83684913],[2.55302683]
[4.19947524],[0.83335992],[2.47905998]
[4.15265653],[0.83007328],[2.40960412]
[12.65848799],[2.01937307],[17.25810668]
[10.16855362],[1.68714362],[12.13973303]
[8.82293359],[1.52622635],[9.68918054]
[7.85576347],[1.42507077],[7.62315422]
[6.40415648],[1.33097918],[5.35090056]
[5.13900983],[1.16305463],[4.28505128]
[3.68109487],[1.15940166],[3.84291529]
[3.41588038],[1.23352257],[3.79408551]
[3.67328379],[1.31043952],[3.20748555]
[3.87047903],[1.1938105],[3.05725168]
[3.99018711],[1.17851231],[3.15390382]
[4.09675516],[1.16168046],[3.18699404]
[4.33374173],[1.14049477],[3.32649578]
[4.41822982],[1.12905408],[3.35028127]
[4.52992268],[1.12530206],[3.45926836]
[4.52787426],[1.12190867],[3.41432219]
[4.54403307],[1.11444562],[3.43476792]
[4.63823383],[1.10722848],[3.43953536]
[4.58153692],[1.09136078],[3.41996419]
[4.59240623],[1.07439292],[3.39148354]
[4.53374892],[1.05776637],[3.39083387]
[4.54315717],[1.04824974],[3.3684212]
[4.48129839],[1.04106185],[3.37646652]
[4.49177987],[1.04603642],[3.35848583]
[4.46903323],[1.02601689],[3.35733327]
[4.42725747],[1.02896128],[3.3029938]
[4.44947312],[1.007757],[3.29157389]
[4.3683844],[1.01364578],[3.18403577]
[4.39872857],[0.99267183],[3.16386226]
[4.31102997],[1.00063023],[3.0750448]
[4.32391007],[0.98109304],[3.04071428]
[4.25702021],[0.98825218],[2.98672932]
[4.26024984],[0.97855231],[2.96080689]
[4.24965881],[0.97753177],[2.93664428]
[4.18913793],[0.96856283],[2.9118393]
[4.19309008],[0.96370355],[2.87336826]
[4.13322492],[0.95900195],[2.84603994]
[4.15130052],[0.95430991],[2.81039558]
[4.10103677],[0.94921075],[2.78026969]
[4.08529353],[0.94548199],[2.75788183]
[4.07915147],[0.93847439],[2.73052553]
[4.07676002],[0.92610524],[2.70171749]
[4.0733936],[0.9151937],[2.66775215]
[4.08077001],[0.90481119],[2.65326133]
[4.12586415],[0.89488397],[2.64802886]
[4.1789761],[0.88438937],[2.64263668]
[4.22739862],[0.87721907],[2.6453392]
[4.27752825],[0.87189881],[2.6520096]
[4.31930801],[0.86810156],[2.66996181]
[4.36956796],[0.86238925],[2.6930367]
[4.38736098],[0.85566065],[2.6970951]
[4.34490654],[0.8498756],[2.66205817]
[4.29882351],[0.84485224],[2.60898426]
[4.24117523],[0.84119499],[2.53683258]
[4.18921225],[0.8379272],[2.46440125]
[12.64830189],[2.03886497],[17.40713812]
[10.18624341],[1.69981969],[12.24440564]
[8.83285917],[1.53251566],[9.73583518]
[7.84995148],[1.42982587],[7.61427174]
[6.34851393],[1.32556497],[5.23422961]
[5.08315052],[1.14159399],[3.95108272]
[3.62519516],[1.11232545],[3.46364947]
[3.44211694],[1.01445573],[3.35079174]
[3.71468068],[1.14186621],[2.93375128]
[3.89916984],[1.12557101],[2.92149397]
[4.03502907],[1.12907353],[3.06469295]
[4.15576662],[1.11830164],[3.14781154]
[4.39796741],[1.10803122],[3.30550284]
[4.485196],[1.10169435],[3.36861065]
[4.5771912],[1.09594141],[3.46124112]
[4.59652656],[1.08755636],[3.44083108]
[4.618554],[1.0760099],[3.46960659]
[4.7044674],[1.06720461],[3.47575792]
[4.64700667],[1.05346889],[3.46789936]
[4.65743253],[1.04015787],[3.4452243]
[4.59439269],[1.02793084],[3.44931151]
[4.6039603],[1.03830037],[3.43396212]
[4.54201339],[1.02760434],[3.44126918]
[4.55229245],[1.03914311],[3.42835314]
[4.53210702],[1.02003284],[3.42789185]
[4.49277878],[1.02026964],[3.37994738]
[4.51114146],[0.99724618],[3.36128101]
[4.43308287],[1.00236804],[3.25775105]
[4.46666923],[0.98247167],[3.23750025]
[4.37523406],[0.98779111],[3.12987349]
[4.3992433],[0.96995676],[3.10836347]
[4.32921155],[0.97635731],[3.04280395]
[4.32000444],[0.97185686],[3.01881115]
[4.31561582],[0.96816635],[2.994465]
[4.24830179],[0.96303785],[2.96739718]
[4.25022955],[0.95879548],[2.92855332]
[4.1824449],[0.95458872],[2.89669744]
[4.19515116],[0.95038689],[2.86065199]
[4.14155146],[0.94579912],[2.82760177]
[4.12291064],[0.94161118],[2.80193921]
[4.11158831],[0.93361207],[2.77116594]
[4.10769365],[0.92143643],[2.74074709]
[4.10670656],[0.90931951],[2.69774399]
[4.10507736],[0.89918137],[2.66175813]
[4.14832773],[0.88985622],[2.65476241]
[4.20034257],[0.88123572],[2.64909058]
[4.24908433],[0.87540881],[2.65021191]
[4.29557693],[0.87114939],[2.65556828]
[4.33747358],[0.86746236],[2.67160518]
[4.38723039],[0.86147782],[2.6924794]
[4.41652723],[0.8548411],[2.70076331]
[4.37636113],[0.84899897],[2.66747528]
[4.33328537],[0.8430094],[2.61648254]
[4.27858925],[0.83760862],[2.5494377]
[4.22335971],[0.83276553],[2.47106133]
[12.81479307],[2.05016306],[17.63672818]
[10.2575443],[1.71320112],[12.37040185]
[8.87687328],[1.5342803],[9.80433969]
[7.92673589],[1.4300759],[7.67379566]
[6.44643811],[1.32273713],[5.28050726]
[5.15786254],[1.12417234],[3.9634866]
[3.69964106],[1.12715544],[3.56367545]
[3.48076652],[1.05915371],[3.46272259]
[3.76343632],[1.175014],[3.05513488]
[3.9495233],[1.15466048],[3.02361926]
[4.07731893],[1.15591614],[3.16735541]
[4.20840947],[1.14860568],[3.2750283]
[4.45650793],[1.13910338],[3.44930141]
[4.55624349],[1.13002066],[3.5445785]
[4.64408687],[1.12415506],[3.62530964]
[4.68663404],[1.11801356],[3.63797468]
[4.70297662],[1.10178521],[3.66859297]
[4.79911347],[1.09315785],[3.67548515]
[4.75219316],[1.07962827],[3.68283242]
[4.74873773],[1.07262612],[3.64080104]
[4.69458865],[1.05712621],[3.66330103]
[4.68977035],[1.07164563],[3.63217797]
[4.63556405],[1.05543368],[3.64664705]
[4.63527625],[1.07208924],[3.62755246]
[4.61743366],[1.04832918],[3.63702761]
[4.58103735],[1.05364006],[3.58573115]
[4.59687456],[1.02380509],[3.56394347]
[4.53293694],[1.03116808],[3.45924094]
[4.55357128],[1.00336474],[3.42424353]
[4.48087014],[1.01339991],[3.32116972]
[4.4899921],[0.99007422],[3.29282728]
[4.42356639],[1.00350566],[3.21733998]
[4.41441406],[0.99075313],[3.18071068]
[4.40688078],[0.99346869],[3.16066289]
[4.33216217],[0.98442096],[3.11865222]
[4.33596329],[0.98013473],[3.08296236]
[4.2623365],[0.97667002],[3.04516321]
[4.27191843],[0.97322362],[3.00770373]
[4.21891168],[0.96941716],[2.97258789]
[4.19782628],[0.9660078],[2.94550695]
[4.18169983],[0.95936938],[2.91344291]
[4.17181603],[0.94747247],[2.88111545]
[4.1701278],[0.93598806],[2.83792001]
[4.16594348],[0.92579441],[2.795133]
[4.2012829],[0.91577661],[2.76578168]
[4.26392152],[0.90523181],[2.76250432]
[4.31386667],[0.89865653],[2.76870416]
[4.35609864],[0.89303144],[2.77372989]
[4.39347144],[0.88813483],[2.78724287]
[4.43683985],[0.88181485],[2.79940266]
[4.44314242],[0.87485405],[2.79355061]
[4.3979486],[0.86956185],[2.75444623]
[4.35298311],[0.86375466],[2.69896555]
[4.2991037],[0.85851353],[2.63385587]
[4.24835992],[0.85340377],[2.56008856]
[12.95529081],[2.06588497],[17.9409225]
[10.24143271],[1.73592733],[12.55679083]
[8.86098796],[1.54730169],[9.92309761]
[7.84636644],[1.44356758],[7.70778261]
[6.3145459],[1.34044187],[5.27142108]
[5.04960591],[1.14995091],[3.90396265]
[3.61862685],[1.12094381],[3.47240408]
[3.53127154],[1.02740759],[3.36588717]
[3.82402126],[1.16511651],[3.06135553]
[3.99614096],[1.17078242],[3.09324969]
[4.13350925],[1.17570531],[3.25992737]
[4.27914471],[1.17339755],[3.38803498]
[4.52218065],[1.16644079],[3.58067495]
[4.6236138],[1.1543527],[3.70379625]
[4.697204],[1.14768957],[3.78589632]
[4.77275173],[1.14218884],[3.83044466]
[4.78136568],[1.12518611],[3.85577511]
[4.87816368],[1.11689524],[3.87789989]
[4.81048798],[1.10363952],[3.86660169]
[4.81850783],[1.10604607],[3.84754206]
[4.75605592],[1.08814261],[3.86255392]
[4.74724256],[1.10535579],[3.83755951]
[4.69758343],[1.08686372],[3.8584687]
[4.68867405],[1.10375367],[3.83218845]
[4.68432169],[1.07717623],[3.8630714]
[4.64042094],[1.08411961],[3.7917203]
[4.661498],[1.05578633],[3.78101389]
[4.60586923],[1.06341514],[3.66396029]
[4.61826902],[1.03290839],[3.62420265]
[4.55640147],[1.04238114],[3.51001421]
[4.55234123],[1.01364836],[3.46715453]
[4.48663206],[1.02534326],[3.38313119]
[4.4748053],[1.00934443],[3.3401736]
[4.4649807],[1.01383856],[3.3112089]
[4.38617418],[1.00129775],[3.26017088]
[4.38809046],[0.99750002],[3.22421509]
[4.31045696],[0.99451153],[3.18172212]
[4.31928618],[0.99092569],[3.14363075]
[4.26445494],[0.98588926],[3.1034081]
[4.24245542],[0.98173821],[3.07209629]
[4.22626255],[0.97760238],[3.03993593]
[4.21319633],[0.96756141],[3.00367729]
[4.20772723],[0.95727855],[2.96184331]
[4.2024039],[0.94800257],[2.92187216]
[4.23756609],[0.93882024],[2.89567437]
[4.31554619],[0.92990661],[2.88710748]
[4.36408062],[0.92347329],[2.88546675]
[4.4051968],[0.91879267],[2.89572427]
[4.44437313],[0.91132767],[2.91028549]
[4.4841797],[0.90287781],[2.91839637]
[4.49401211],[0.89398952],[2.90392359]
[4.45230979],[0.88541522],[2.85604181]
[4.407202],[0.87808933],[2.79485351]
[4.35241641],[0.87151478],[2.72556417]
[4.30151527],[0.86523265],[2.64873718]
[13.13686564],[2.09867517],[18.45859439]
[10.29054612],[1.79817644],[12.84062781]
[8.88869534],[1.58089246],[10.0654581]
[7.81076078],[1.46452047],[7.74380051]
[6.23328869],[1.36122915],[5.254863]
[4.95344009],[1.16119117],[3.76916933]
[3.52245367],[1.06745859],[3.2384947]
[3.57247836],[0.99049973],[3.21138651]
[3.8774381],[1.16100147],[3.04754505]
[4.04092605],[1.17556857],[3.14109583]
[4.18876953],[1.17888191],[3.32188081]
[4.36029362],[1.17723244],[3.47222121]
[4.58786038],[1.16905362],[3.68084217]
[4.688118],[1.16186434],[3.83265868]
[4.75792273],[1.15890506],[3.92471279]
[4.85436821],[1.15446714],[3.99227025]
[4.8528724],[1.13766532],[4.01466969]
[4.96941402],[1.13039599],[4.07689365]
[4.87389757],[1.11741767],[4.04563288]
[4.92196341],[1.12786542],[4.05278633]
[4.82217704],[1.11425559],[4.05408]
[4.83340566],[1.13383175],[4.04323584]
[4.76708456],[1.13065859],[4.06591416]
[4.7891757],[1.15130447],[4.04808044]
[4.75814635],[1.12502554],[4.07697757]
[4.76917926],[1.14112892],[4.01217404]
[4.74791231],[1.12220954],[4.00351899]
[4.76201808],[1.11321867],[3.88588628]
[4.7237622],[1.07184552],[3.83757506]
[4.72805314],[1.06312515],[3.71287106]
[4.64029136],[1.03689266],[3.64884713]
[4.6399776],[1.04708408],[3.57304911]
[4.56198353],[1.03139888],[3.50541295]
[4.6166417],[1.03466423],[3.49349885]
[4.45415753],[1.02206],[3.40115322]
[4.50181073],[1.01742349],[3.38077257]
[4.36483597],[1.01375131],[3.32175395]
[4.40798895],[1.01009028],[3.29558569]
[4.32002679],[1.00601216],[3.25248365]
[4.29928325],[1.0025613],[3.22607318]
[4.28459893],[0.99661802],[3.19583538]
[4.2720795],[0.9887018],[3.16398498]
[4.26486827],[0.97945745],[3.11700082]
[4.25525239],[0.97036149],[3.068375]
[4.32085112],[0.96129185],[3.04856362]
[4.39284548],[0.95308346],[3.04171515]
[4.43397711],[0.94682126],[3.03230138]
[4.46950304],[0.94266535],[3.02586472]
[4.5080008],[0.93510823],[3.03485166]
[4.54493422],[0.92582297],[3.04346059]
[4.55268552],[0.91625438],[3.0305839]
[4.51734787],[0.90741171],[2.98132507]
[4.47109169],[0.89820875],[2.91533903]
[4.41557388],[0.8899004],[2.84049193]
[4.36516996],[0.88173833],[2.76150383]
[13.24835154],[2.1265236],[18.73070094]
[10.38086104],[1.82641628],[12.99804002]
[8.90025481],[1.604081],[10.11390964]
[7.72645343],[1.47447064],[7.68079039]
[6.08722465],[1.37237004],[5.14832177]
[4.8159138],[1.15597975],[3.45787162]
[3.38502016],[0.85800299],[2.91350387]
[3.63412192],[0.91245468],[2.99054194]
[3.9379413],[1.09021631],[2.92280307]
[4.10234305],[1.12994892],[3.10488061]
[4.25410853],[1.14165166],[3.29853486]
[4.44848474],[1.14817315],[3.4884886]
[4.65619041],[1.1406225],[3.70985971]
[4.7603359],[1.13092866],[3.87016882]
[4.81881622],[1.12110216],[3.95658414]
[4.93055539],[1.11707362],[4.06897364]
[4.92128204],[1.10706153],[4.09648867]
[5.047339],[1.11581938],[4.17586114]
[4.92727448],[1.11960984],[4.13864118]
[5.01103139],[1.13887084],[4.1748235]
[4.87161628],[1.14339416],[4.16463342]
[4.9895246],[1.16003559],[4.20269348]
[4.82941015],[1.16353381],[4.20042664]
[4.97148582],[1.17681394],[4.23451557]
[4.8484064],[1.16932691],[4.23774193]
[4.96266423],[1.18974886],[4.21351984]
[4.88641417],[1.17668093],[4.18251785]
[4.93908359],[1.16658388],[4.08634148]
[4.91236593],[1.13038477],[4.03847788]
[4.89896599],[1.11943354],[3.91134105]
[4.79133633],[1.08985086],[3.8507868]
[4.82104],[1.08912652],[3.78686291]
[4.74475132],[1.07143136],[3.71112634]
[4.81306792],[1.06691408],[3.72347513]
[4.65220112],[1.04929196],[3.60708243]
[4.7003655],[1.04283292],[3.5963152]
[4.55229542],[1.02882909],[3.5141941]
[4.61222295],[1.02534777],[3.50447231]
[4.49751981],[1.02215234],[3.43126536]
[4.4667057],[1.01936846],[3.3990309]
[4.44634505],[1.01105497],[3.36064425]
[4.42790719],[0.99534387],[3.31397361]
[4.41446675],[0.98727959],[3.26001222]
[4.39521581],[0.97959667],[3.20541384]
[4.40300464],[0.97045825],[3.16392389]
[4.46741453],[0.96338787],[3.15492461]
[4.50351893],[0.95856137],[3.14590797]
[4.53835678],[0.95390607],[3.14022402]
[4.57287771],[0.94571965],[3.13782192]
[4.60786913],[0.93641809],[3.1292983]
[4.60773002],[0.92746375],[3.10623151]
[4.58768207],[0.9187053],[3.06802605]
[4.54436894],[0.90936823],[3.00549582]
[4.49123272],[0.90086913],[2.92839501]
[4.44085984],[0.89238646],[2.85144012]
[13.46435906],[2.14278751],[19.08199832]
[10.68154933],[1.85772959],[13.31480718]
[9.08732866],[1.62772783],[10.27308759]
[7.74741447],[1.48067696],[7.7272213]
[6.08923044],[1.37557078],[5.14593808]
[4.77372727],[1.13776853],[3.47649589]
[3.34161176],[0.84280581],[3.0431571]
[3.69163719],[0.97843477],[3.09031833]
[3.99883454],[1.12380046],[2.97902078]
[4.16655533],[1.14813164],[3.21362005]
[4.30252039],[1.16913659],[3.40478468]
[4.52044795],[1.17400458],[3.64080279]
[4.72668785],[1.16271007],[3.8677736]
[4.83624051],[1.14966292],[4.07489968]
[4.88519034],[1.14484298],[4.16207286]
[5.0000632],[1.17291218],[4.2985534]
[4.98753524],[1.16337618],[4.3211816]
[5.15956469],[1.16827154],[4.434591]
[5.02964564],[1.17308881],[4.36900783]
[5.19473752],[1.19358499],[4.47685376]
[5.01060006],[1.1976896],[4.42388513]
[5.17830025],[1.21884291],[4.53599607]
[4.9957076],[1.22314616],[4.49955699]
[5.17483535],[1.24238625],[4.60169399]
[5.08272626],[1.24007878],[4.58808931]
[5.18300595],[1.26201842],[4.61363681]
[5.1338671],[1.25569011],[4.57314163]
[5.17089157],[1.24923544],[4.51920082]
[5.15930877],[1.21888347],[4.45634103]
[5.13928382],[1.20561473],[4.3450512]
[5.09359094],[1.18282066],[4.28478881]
[5.05816643],[1.17835167],[4.20336818]
[5.03572666],[1.16228262],[4.13525244]
[5.03804999],[1.15550868],[4.12540964]
[4.93129221],[1.13944027],[4.00531717]
[4.91666446],[1.13130864],[3.97308394]
[4.80338871],[1.11548253],[3.87599868]
[4.80849566],[1.10437524],[3.85702542]
[4.73485132],[1.09165717],[3.77894128]
[4.69338873],[1.08028666],[3.73505475]
[4.67001147],[1.06996585],[3.69034878]
[4.64863051],[1.05888346],[3.63427575]
[4.63114361],[1.03207649],[3.56311243]
[4.60859056],[1.00525455],[3.47802566]
[4.59720062],[0.99913998],[3.41708968]
[4.59103289],[0.99446098],[3.3717144]
[4.5958484],[0.98912499],[3.34010972]
[4.62287579],[0.98397837],[3.33095251]
[4.65037859],[0.97544291],[3.32483795]
[4.67655679],[0.96651388],[3.310594]
[4.67386937],[0.95690042],[3.2758535]
[4.63929597],[0.94805673],[3.21050323]
[4.60106519],[0.93899852],[3.14892217]
[4.55196699],[0.93075802],[3.07657693]
[4.50476193],[0.92250731],[2.99723903]
[13.6928826],[2.16614402],[19.54952744]
[10.87665391],[1.89287773],[13.71007986]
[9.28318089],[1.66093767],[10.54276461]
[7.61340844],[1.50226256],[7.77534467]
[5.92902876],[1.39998152],[5.13942296]
[4.59839367],[1.16602633],[3.47539281]
[3.23065631],[0.83726908],[3.08941098]
[3.74250501],[1.01507348],[3.07959417]
[4.07938623],[1.14978624],[3.05686843]
[4.23249591],[1.18426063],[3.33076338]
[4.36330001],[1.20520449],[3.52425343]
[4.59979425],[1.19956694],[3.79319316]
[4.80398853],[1.18712619],[4.08609409]
[4.90233978],[1.19356597],[4.322397]
[4.9374079],[1.21934869],[4.41216685]
[5.10028769],[1.24363254],[4.56555232]
[5.06297157],[1.2384004],[4.57677464]
[5.27604066],[1.24647146],[4.75427973]
[5.18514206],[1.25133554],[4.71201352]
[5.31616656],[1.27306339],[4.8359024]
[5.19548294],[1.28230437],[4.80917211]
[5.31468031],[1.30226362],[4.93724388]
[5.20303545],[1.31324947],[4.92599323]
[5.32130802],[1.32783264],[5.03357121]
[5.28371367],[1.32903538],[5.06027207]
[5.33908014],[1.34713452],[5.09389427]
[5.32103688],[1.34451264],[5.08109001]
[5.32019425],[1.33395537],[5.03954109]
[5.33343821],[1.30902379],[4.95555289]
[5.28924675],[1.29330454],[4.81777268]
[5.28218329],[1.27480414],[4.7395079]
[5.21585227],[1.26702935],[4.63965318]
[5.20893409],[1.25313213],[4.57075374]
[5.19164724],[1.24521316],[4.53697067]
[5.11116291],[1.23188425],[4.42463117]
[5.07966854],[1.2233542],[4.38350427]
[4.96886313],[1.2096867],[4.26222205]
[4.94217474],[1.19911749],[4.229107]
[4.88552714],[1.18719599],[4.15286216]
[4.83481931],[1.17661612],[4.10541984]
[4.80951375],[1.16645815],[4.05297522]
[4.78594132],[1.15547959],[3.98278952]
[4.76623571],[1.1316343],[3.8974642]
[4.74189257],[1.09720988],[3.80171167]
[4.73003981],[1.06315339],[3.70935848]
[4.71986165],[1.02606393],[3.62503104]
[4.70242278],[1.01493224],[3.56748264]
[4.70030718],[1.01078415],[3.52549979]
[4.71731231],[1.00136856],[3.50017386]
[4.73566918],[0.99186985],[3.47817937]
[4.73145097],[0.98140824],[3.43998148]
[4.70581896],[0.97128257],[3.37662714]
[4.67091754],[0.96178424],[3.30464101]
[4.62299214],[0.9535086],[3.21505097]
[4.57549002],[0.94525878],[3.13873825]
[14.10951019],[2.20152805],[20.28668514]
[11.13804196],[1.9582897],[14.24466918]
[9.52441813],[1.73105596],[10.8918028]
[7.60689787],[1.52910969],[7.88603924]
[5.84685309],[1.42365692],[5.15263438]
[4.47179811],[1.18105155],[3.42693084]
[3.24702296],[0.83085843],[3.04421164]
[3.75353484],[1.02912799],[3.05899007]
[4.15141632],[1.15917947],[3.12107925]
[4.28859486],[1.2066454],[3.40535517]
[4.41467039],[1.2504099],[3.623757]
[4.68747177],[1.24901489],[4.01872217]
[4.87442419],[1.23119965],[4.35024225]
[4.97081049],[1.26762439],[4.6074891]
[5.00079213],[1.29207234],[4.70224667]
[5.23208838],[1.31649974],[4.90518736]
[5.23440654],[1.31500587],[4.95116198]
[5.41966059],[1.32156964],[5.14348829]
[5.3718485],[1.33019514],[5.12651387]
[5.45772382],[1.34634211],[5.23283726]
[5.38384391],[1.36184291],[5.23595549]
[5.45299149],[1.37764734],[5.36605814]
[5.39119911],[1.3944328],[5.41698614]
[5.45676933],[1.40835868],[5.54307824]
[5.44612853],[1.42536791],[5.58432095]
[5.47568191],[1.44345797],[5.64600284]
[5.47912226],[1.44463172],[5.65052658]
[5.47143141],[1.43009232],[5.62708728]
[5.50611666],[1.40796983],[5.55171837]
[5.46904442],[1.38347527],[5.39780553]
[5.49165916],[1.36546623],[5.29880148]
[5.39623487],[1.35179518],[5.17121528]
[5.42269316],[1.33997427],[5.1039134]
[5.36253819],[1.32964436],[5.0440269]
[5.32888994],[1.31815643],[4.94633538]
[5.24205146],[1.30772414],[4.8547849]
[5.166165],[1.29585072],[4.7331616]
[5.06368215],[1.28516279],[4.63360366]
[5.0305645],[1.27344601],[4.54410885]
[4.9581489],[1.26274072],[4.47658721]
[4.93141572],[1.25224461],[4.41244756]
[4.90635432],[1.24165147],[4.33360014]
[4.8850642],[1.22234507],[4.23654507]
[4.85910007],[1.19006391],[4.12948506]
[4.84269675],[1.15749871],[4.02236972]
[4.83283437],[1.12211979],[3.92423415]
[4.81042836],[1.09022848],[3.83105934]
[4.80418156],[1.05646777],[3.75678207]
[4.80220206],[1.02381601],[3.70335647]
[4.79588299],[1.01451986],[3.64229435]
[4.78980072],[1.00425913],[3.59230092]
[4.77076944],[0.99408023],[3.53200008]
[4.73559473],[0.98310302],[3.4573221]
[4.6905188],[0.97416327],[3.3624108]
[4.64663255],[0.96553344],[3.27074886]
[14.80303087],[2.23233232],[20.86894342]
[11.62574943],[1.99488176],[14.6147885]
[9.73305118],[1.77310398],[11.09610701]
[7.51624797],[1.54943089],[7.86975852]
[5.72128355],[1.43519485],[5.08762221]
[4.35783756],[1.17317968],[3.32175195]
[3.29915924],[0.81015525],[2.96104861]
[3.78452885],[0.99528036],[2.95672638]
[4.23172281],[1.14334072],[3.15468474]
[4.35646272],[1.23447941],[3.45279302]
[4.47204524],[1.27859441],[3.74960347]
[4.80414589],[1.28013115],[4.27114012]
[4.95883099],[1.29186618],[4.59977592]
[5.04623342],[1.3209659],[4.84200788]
[5.07417136],[1.35599102],[4.96863384]
[5.40597076],[1.37681808],[5.24355649]
[5.42366731],[1.38384907],[5.30580436]
[5.54184708],[1.38639627],[5.50096559]
[5.51540643],[1.39852708],[5.53546672]
[5.57436779],[1.40970629],[5.65113403]
[5.52748385],[1.42754828],[5.69723577]
[5.56902371],[1.44564644],[5.84078523]
[5.53630673],[1.46335627],[5.92063455]
[5.58206605],[1.49142545],[6.0741222]
[5.61696437],[1.51949332],[6.17138744]
[5.6505597],[1.54645643],[6.25307678]
[5.68572142],[1.55457426],[6.26293552]
[5.66231003],[1.54102214],[6.25825284]
[5.72596794],[1.52197854],[6.20271774]
[5.70703158],[1.47146933],[6.04400003]
[5.75184143],[1.45282826],[5.92694323]
[5.62291678],[1.43180436],[5.76089351]
[5.67914266],[1.41781853],[5.67924265]
[5.563951],[1.39975128],[5.56909587]
[5.58054292],[1.38856858],[5.47789139]
[5.446274],[1.37569391],[5.34905692]
[5.39998683],[1.36622063],[5.23324813]
[5.27134024],[1.35570019],[5.10856426]
[5.21722909],[1.34439768],[4.98586872]
[5.1266092],[1.33385988],[4.90233368]
[5.09240446],[1.32330611],[4.82455405]
[5.0593013],[1.31281549],[4.73815684]
[5.02742736],[1.29569599],[4.63202136]
[4.99600118],[1.26434107],[4.50626072]
[4.97292239],[1.23362189],[4.34781842]
[4.93486619],[1.20032032],[4.19393513]
[4.90700563],[1.17025353],[4.08502489]
[4.89475707],[1.13776805],[3.98704683]
[4.88676659],[1.10425372],[3.89538986]
[4.87818214],[1.06476165],[3.81034654]
[4.85607831],[1.02407958],[3.72604452]
[4.83572593],[1.00355818],[3.64545877]
[4.79978557],[0.99364433],[3.56436683]
[4.75661952],[0.98493702],[3.47047725]
[4.71483828],[0.97627526],[3.37304985]
[16.78006556],[2.25361938],[21.68011898]
[12.45217346],[2.02087897],[15.18547231]
[10.54587675],[1.81355659],[11.47478184]
[7.72998271],[1.57436403],[7.98868699]
[5.73072771],[1.44041005],[5.08476576]
[4.34070719],[1.16322632],[3.39522728]
[3.35887495],[0.82091126],[3.14902514]
[3.82792584],[1.05032324],[3.11799857]
[4.32102549],[1.182928],[3.32118343]
[4.42013591],[1.3089944],[3.64103132]
[4.60753536],[1.34780661],[4.01981817]
[4.90022048],[1.35596623],[4.60199657]
[5.02716822],[1.37184314],[4.92536806]
[5.11039674],[1.40793151],[5.18383975]
[5.14037428],[1.44250086],[5.33909898]
[5.52951024],[1.46351934],[5.68563313]
[5.5521516],[1.47119977],[5.82042282]
[5.64512459],[1.47400083],[6.03402561]
[5.63571221],[1.48749734],[6.13435853]
[5.67300292],[1.49782599],[6.26205402]
[5.65435349],[1.51694263],[6.36012714]
[5.69488483],[1.55972583],[6.51082866]
[5.72579245],[1.5894956],[6.64494105]
[5.75590945],[1.62831483],[6.80123333]
[5.84167878],[1.66099163],[6.93212363]
[5.90217404],[1.68980135],[7.06901751]
[5.96010111],[1.70010272],[7.11146689]
[5.95241539],[1.69658627],[7.12794615]
[6.00904192],[1.67736883],[7.10921236]
[5.98459264],[1.64168899],[6.96788249]
[6.02959203],[1.60236369],[6.82573996]
[5.94029097],[1.55451708],[6.6290683]
[5.95681308],[1.54022236],[6.51378559]
[5.87458235],[1.50652417],[6.37134148]
[5.8601983],[1.49183801],[6.25184246]
[5.76029718],[1.4627386],[6.08455102]
[5.70498117],[1.44997923],[5.92828498]
[5.57267123],[1.43701391],[5.75560913]
[5.52068607],[1.42464415],[5.62455054]
[5.36192905],[1.41414222],[5.46531869]
[5.31879326],[1.40365105],[5.37385814]
[5.27704855],[1.39323484],[5.27041705]
[5.23103402],[1.37830157],[5.15003834]
[5.19230687],[1.34759991],[5.02042431]
[5.15374837],[1.31804253],[4.85182404]
[5.09856749],[1.28744371],[4.65544339]
[5.03339612],[1.25908405],[4.46977017]
[4.98571274],[1.22709051],[4.31790706]
[4.96859953],[1.19499427],[4.19617959]
[4.95422495],[1.15665477],[4.07992997]
[4.93354983],[1.1180245],[3.96388944]
[4.90507262],[1.07686619],[3.85042017]
[4.86139616],[1.02705601],[3.73804268]
[4.81521812],[1.01107226],[3.62504826]
[4.77391649],[1.00273251],[3.52730573]
[19.89754218],[2.27620855],[22.76671667]
[13.33618013],[2.04966309],[15.78549331]
[11.05583006],[1.86126811],[11.94273682]
[7.89314059],[1.61015761],[8.19763301]
[5.67471486],[1.46338572],[5.17010534]
[4.24483594],[1.20419227],[3.48048298]
[3.42145964],[0.8661526],[3.26302208]
[3.88190399],[1.08193602],[3.20495025]
[4.40113883],[1.24576967],[3.4668493]
[4.49731316],[1.38279147],[3.86967739]
[4.78849506],[1.41114138],[4.39916802]
[5.01236805],[1.42588244],[4.95967683]
[5.09972257],[1.46129921],[5.2731105]
[5.20573836],[1.49681487],[5.55312343]
[5.29892014],[1.52779833],[5.8371323]
[5.6477027],[1.55009563],[6.19806247]
[5.66930001],[1.5578881],[6.38054993]
[5.73270538],[1.58071572],[6.65874628]
[5.74580155],[1.59542002],[6.82687853]
[5.78722557],[1.63231231],[6.98646325]
[5.80852427],[1.65975338],[7.1158639]
[5.83073275],[1.69780873],[7.304293]
[5.92361256],[1.73894659],[7.49524478]
[5.97469109],[1.77374334],[7.6762718]
[6.0452989],[1.80919487],[7.84859782]
[6.09084161],[1.83107216],[7.96429119]
[6.13824066],[1.8406614],[8.03787219]
[6.13455792],[1.84577387],[8.05796579]
[6.18066322],[1.82373158],[8.03878292]
[6.16176748],[1.79482049],[7.95695447]
[6.20356404],[1.76349381],[7.79765155]
[6.14777706],[1.72860274],[7.60167418]
[6.14406464],[1.71417235],[7.45654234]
[6.0884342],[1.68089108],[7.31016574]
[6.06657282],[1.67295343],[7.18186971]
[6.00064283],[1.62659035],[7.00241906]
[5.93840114],[1.61282631],[6.83535062]
[5.83511321],[1.56458186],[6.63959623]
[5.77609372],[1.5380381],[6.47348987]
[5.60778769],[1.51605889],[6.23044312]
[5.52600134],[1.49551967],[6.06694462]
[5.48678976],[1.47666515],[5.93242092]
[5.44711453],[1.45969351],[5.79256593]
[5.40932401],[1.43108548],[5.65343059]
[5.37737554],[1.40300537],[5.46540906]
[5.32525769],[1.37529604],[5.22511763]
[5.22301683],[1.34858272],[5.00033624]
[5.11960006],[1.31854707],[4.79866825]
[5.06872067],[1.28797754],[4.59478511]
[5.02733159],[1.25245047],[4.39817767]
[4.99890542],[1.21533461],[4.25452314]
[4.97723036],[1.1761328],[4.1104618]
[4.94160101],[1.12837546],[3.96724499]
[4.89683674],[1.05162047],[3.83176388]
[4.84522114],[1.02495768],[3.70151205]
[21.28775132],[2.31097963],[24.4062503]
[15.23119515],[2.10101367],[16.83334221]
[12.09854418],[1.94303525],[12.6710505]
[9.998551],[1.6981503],[8.6442261]
[5.67377318],[1.49365109],[5.27581988]
[4.19494188],[1.23638963],[3.56017587]
[3.44698991],[0.89243558],[3.32417402]
[3.91439943],[1.09803729],[3.28031107]
[4.47306275],[1.30628405],[3.59828015]
[4.59021696],[1.43020275],[4.08631408]
[4.93175185],[1.46674927],[4.74449921]
[5.11950442],[1.48491264],[5.28707083]
[5.18532351],[1.53261131],[5.61618521]
[5.3691532],[1.56869165],[5.98008619]
[5.49046535],[1.60092842],[6.32721773]
[5.74543141],[1.62330042],[6.76018744]
[5.76396884],[1.64633503],[7.01610707]
[5.82341899],[1.72678791],[7.34364629]
[5.89208604],[1.76204379],[7.59095297]
[5.93689973],[1.7901254],[7.77794753]
[6.00473641],[1.82496176],[7.95754086]
[6.05808649],[1.85505803],[8.15823282]
[6.11449932],[1.89243693],[8.38156213]
[6.16384241],[1.91722377],[8.5557457]
[6.20848288],[1.94960652],[8.76259868]
[6.25212044],[1.96299199],[8.86128105]
[6.28847882],[1.97114106],[8.96574958]
[6.29776024],[1.97060112],[9.00459769]
[6.32126965],[1.96494827],[8.99761864]
[6.35178765],[1.9402191],[9.01598666]
[6.3633644],[1.90624591],[8.85408432]
[6.39867379],[1.8754523],[8.70319994]
[6.33808865],[1.8566142],[8.51101617]
[6.32399959],[1.82765451],[8.36145046]
[6.2508808],[1.81760907],[8.20188052]
[6.2211012],[1.78858616],[8.01632677]
[6.13146],[1.77923742],[7.84262827]
[6.07698313],[1.75136404],[7.63578007]
[5.98898839],[1.73033352],[7.45578759]
[5.86404193],[1.71121676],[7.20915135]
[5.74260447],[1.69180468],[6.97400923]
[5.6534228],[1.67292949],[6.76831289]
[5.61822312],[1.64270997],[6.58666519]
[5.57789073],[1.61173253],[6.39713093]
[5.5420382],[1.52482691],[6.1732669]
[5.51303837],[1.46158165],[5.90776449]
[5.44949755],[1.43591083],[5.60494132]
[5.37553219],[1.40654246],[5.35241454]
[5.27917584],[1.37691885],[5.10060302]
[5.14216318],[1.34364924],[4.84144737]
[5.08052202],[1.30614855],[4.59983868]
[5.03927658],[1.26740545],[4.38639281]
[5.01122916],[1.22076571],[4.22420252]
[4.97606858],[1.14780714],[4.05230315]
[4.93695253],[1.06566654],[3.90707743]
[23.39882047],[2.34447465],[25.99686294]
[17.62550025],[2.13636375],[17.96611586]
[13.83257954],[1.98481689],[13.39473717]
[11.0076287],[1.74993691],[9.14258895]
[5.64287794],[1.51277916],[5.29881969]
[4.10778272],[1.244491],[3.56429023]
[3.51651486],[0.89011314],[3.33858129]
[4.03674927],[1.07772391],[3.30887441]
[4.56227817],[1.3339085],[3.70010524]
[4.7017781],[1.45124822],[4.28891983]
[5.08030428],[1.49517449],[5.06707065]
[5.23205276],[1.53702696],[5.572967]
[5.31292686],[1.58317077],[5.92986041]
[5.57818145],[1.62002172],[6.40564129]
[5.68644801],[1.64964075],[6.8799861]
[5.8528933],[1.69270889],[7.31557649]
[5.87300349],[1.78656589],[7.63561997]
[5.94982042],[1.86137085],[8.01810744]
[6.08382403],[1.89971647],[8.36169733]
[6.15919922],[1.92395745],[8.57475478]
[6.19000628],[1.95636949],[8.86098153]
[6.24297993],[1.98196746],[8.98894683]
[6.26739125],[2.01787571],[9.3256958]
[6.32287805],[2.04287391],[9.4231243]
[6.3442444],[2.06891766],[9.638552]
[6.41909303],[2.08821213],[9.78555922]
[6.43999001],[2.09209096],[9.88146066]
[6.51376619],[2.08693517],[9.95611566]
[6.49968076],[2.07806911],[9.94413464]
[6.58791269],[2.05524975],[9.97403864]
[6.54539529],[2.0234225],[9.85700482]
[6.76246823],[1.99370031],[9.77359733]
[6.6126307],[1.9669417],[9.5098401]
[6.64632967],[1.93961797],[9.38278266]
[6.47555032],[1.92446477],[9.16783111]
[6.47261401],[1.89760685],[9.01370838]
[6.35682883],[1.88756145],[8.81541772]
[6.33239989],[1.86402886],[8.64233945]
[6.20624057],[1.845135],[8.42969768]
[6.11840036],[1.82766934],[8.18328004]
[5.97923491],[1.81017895],[7.91942212]
[5.89196385],[1.79313755],[7.67319605]
[5.81406949],[1.77366438],[7.41682722]
[5.74495613],[1.75515212],[7.17680889]
[5.70747598],[1.70600945],[6.94058478]
[5.68035365],[1.63381073],[6.62419953]
[5.62366675],[1.55661789],[6.24796637]
[5.55583583],[1.48008343],[5.92501567]
[5.49019865],[1.44579183],[5.61783993]
[5.40004918],[1.41537818],[5.32407226]
[5.28045174],[1.37786162],[5.02603407]
[5.14289541],[1.34031501],[4.73800802]
[5.07906954],[1.29389738],[4.48068378]
[5.04103727],[1.22479374],[4.26104444]
[5.01026484],[1.14683705],[4.0859307]
[25.73952499],[2.364299],[28.23096949]
[20.43851463],[2.16280386],[19.57616959]
[16.46904697],[2.0181719],[14.6909047]
[13.95154153],[1.80149643],[10.19279516]
[5.72979007],[1.52521852],[5.4174167]
[4.16142224],[1.25084391],[3.76382096]
[3.59193428],[0.93214589],[3.54246751]
[4.16586079],[1.1262189],[3.53705632]
[4.68039807],[1.40084405],[3.92242995]
[4.90913258],[1.51194816],[4.65500507]
[5.20337747],[1.56210103],[5.44524082]
[5.37059104],[1.60557178],[5.95251015]
[5.45313381],[1.65130751],[6.39867414]
[5.75053007],[1.68662667],[6.96227255]
[5.84209679],[1.74168617],[7.59727995]
[5.99262401],[1.83611508],[8.09299248]
[6.04942798],[1.92814744],[8.50447927]
[6.1603413],[1.98813888],[8.8533037]
[6.26366073],[2.02663159],[9.2927497]
[6.33900677],[2.0631478],[9.52729864]
[6.3468875],[2.10123234],[9.82692461]
[6.39977367],[2.13190276],[10.00536152]
[6.40220451],[2.16392795],[10.35583124]
[6.49732636],[2.19116138],[10.42011251]
[6.48321636],[2.2186793],[10.74606102]
[6.62513279],[2.24106612],[10.81253528]
[6.61327705],[2.23618565],[10.92624107]
[6.86025793],[2.22123923],[11.03711805]
[6.7524202],[2.20331958],[11.02691365]
[6.97078267],[2.17210771],[11.14409879]
[6.9251228],[2.13015275],[11.10010554]
[7.06866511],[2.10187704],[11.03289235]
[7.11144778],[2.07576193],[10.81358195]
[7.05788772],[2.0490805],[10.60763983]
[6.96529059],[2.03178668],[10.3674232]
[6.91336176],[2.00609414],[10.17565527]
[6.77686725],[1.99520187],[9.93369594]
[6.73920952],[1.97711537],[9.74662169]
[6.53430468],[1.95865341],[9.48602037]
[6.48519921],[1.93943388],[9.28106675]
[6.2318947],[1.92010565],[8.97765417]
[6.13558417],[1.90411998],[8.73379858]
[6.04647191],[1.8863707],[8.46670034]
[5.92500674],[1.87062812],[8.16588345]
[5.88957862],[1.82991333],[7.90010153]
[5.86284941],[1.77728094],[7.58776018]
[5.81685512],[1.72533962],[7.14110803]
[5.74864861],[1.68272134],[6.71774925]
[5.65691365],[1.61345404],[6.31962286]
[5.57746946],[1.51953639],[5.94853315]
[5.49329926],[1.45487423],[5.60171604]
[5.39956891],[1.41964686],[5.27313917]
[5.26885045],[1.37505659],[4.93280316]
[5.13198284],[1.31011926],[4.62947496]
[5.07221099],[1.23624291],[4.37680725]
[26.05735028],[2.3954312],[30.42293642]
[21.61672689],[2.18949415],[21.6280987]
[17.13314491],[2.05297738],[15.89286975]
[14.99419353],[1.84865822],[11.36959915]
[5.73081435],[1.55167152],[5.82812732]
[4.11649958],[1.29629293],[3.95590366]
[3.67183454],[0.978778],[3.70206278]
[4.3031051],[1.17089247],[3.7237726]
[4.78938658],[1.47618233],[4.17285348]
[5.10017425],[1.57252309],[5.10057563]
[5.3235802],[1.62207614],[5.88493769]
[5.51638587],[1.67186788],[6.38288342]
[5.68108835],[1.73024701],[7.0080913]
[5.91121073],[1.78122996],[7.66292754]
[6.024786],[1.88606307],[8.42136225]
[6.17011858],[1.96940142],[8.99612406]
[6.31508503],[2.04986461],[9.47811681]
[6.425472],[2.09791376],[9.87712697]
[6.44378242],[2.19710013],[10.330886]
[6.48296064],[2.24449731],[10.65297001]
[6.47648795],[2.28056374],[10.95534876]
[6.57272197],[2.31091602],[11.20300827]
[6.54517137],[2.34423467],[11.53305304]
[6.70792131],[2.37167875],[11.71419673]
[6.65488096],[2.3977103],[11.99409506]
[6.96070563],[2.42648635],[11.97851183]
[6.95755452],[2.40868821],[12.22141052]
[7.14730592],[2.46229973],[12.27313434]
[7.17758966],[2.41689646],[12.35339491]
[7.27744143],[2.40743745],[12.411368]
[7.33786728],[2.33334512],[12.44937826]
[7.39125286],[2.26564042],[12.40513963]
[7.55027172],[2.1857735],[12.27747578]
[7.48173965],[2.14057243],[11.96601071]
[7.44757332],[2.11920914],[11.75998027]
[7.30641133],[2.10131315],[11.46293613]
[7.26061169],[2.09054762],[11.28772989]
[7.15282912],[2.07514346],[11.02646296]
[7.04989751],[2.05910355],[10.80870689]
[6.92103369],[2.04253139],[10.52898715]
[6.76859907],[2.02394051],[10.22873632]
[6.6110707],[2.00685167],[9.92324697]
[6.46259554],[1.98929524],[9.60840837]
[6.29021506],[1.97010056],[9.26624987]
[6.1552286],[1.93570545],[8.92839521]
[6.10397678],[1.88868447],[8.59803786]
[6.04352926],[1.84184382],[8.16159211]
[5.93620004],[1.79426152],[7.63402027]
[5.84641364],[1.75267277],[7.16073758]
[5.7426959],[1.71092075],[6.7283467]
[5.64089274],[1.65150822],[6.31390727]
[5.57309641],[1.53902277],[5.92318704]
[5.47885198],[1.4528119],[5.53573648]
[5.36606124],[1.39401094],[5.17340384]
[5.23122053],[1.3261803],[4.83456026]
[26.39070182],[2.43753306],[33.03300997]
[22.85704298],[2.22756273],[24.15331435]
[19.14345726],[2.10639946],[17.7607441]
[15.53106498],[1.93233073],[12.5976044]
[5.83154621],[1.59145222],[6.64148167]
[4.12443083],[1.3337832],[4.26882691]
[3.71644532],[1.00174141],[3.80122263]
[4.3927089],[1.25437025],[3.8911531]
[4.94799285],[1.53376731],[4.45647365]
[5.23177654],[1.6216857],[5.4586217]
[5.44792412],[1.67064834],[6.26522676]
[5.70115254],[1.74535536],[6.88154282]
[5.85895191],[1.83408775],[7.62833564]
[6.04452374],[1.9197264],[8.41504216]
[6.2079061],[2.01526908],[9.25588236]
[6.39527053],[2.08496189],[9.91009352]
[6.52415411],[2.17069211],[10.44580614]
[6.62167127],[2.28096322],[10.97551734]
[6.63960212],[2.38669325],[11.46386]
[6.72854954],[2.43158393],[11.88225482]
[6.63794029],[2.4621264],[12.15440331]
[6.79831581],[2.48821346],[12.47327794]
[6.71403834],[2.51613263],[12.73907179]
[7.01537153],[2.539639],[13.05080057]
[6.99958672],[2.56607784],[13.32742284]
[7.18464531],[2.5880848],[13.43570982]
[7.27997102],[2.5849849],[13.72460128]
[7.43583078],[2.61953831],[13.68237047]
[7.59715273],[2.59396953],[13.96508802]
[7.67093453],[2.61251459],[13.90755704]
[7.7366785],[2.57340657],[14.01909351]
[7.79636549],[2.52424419],[14.07240269]
[7.86271195],[2.44578486],[13.99417865]
[7.92200173],[2.37339059],[13.69088561]
[7.86023812],[2.29372935],[13.36893384]
[7.79021138],[2.24199331],[13.03120566]
[7.72226484],[2.18759517],[12.79956528]
[7.62822251],[2.15729564],[12.50473917]
[7.55430225],[2.14376821],[12.2900657]
[7.38367525],[2.13268706],[11.95028441]
[7.28121579],[2.11850379],[11.67424573]
[7.08123772],[2.10511073],[11.31312961]
[6.94629678],[2.09160988],[10.99427308]
[6.78488598],[2.06180395],[10.64387047]
[6.63608077],[2.03621433],[10.27161613]
[6.52882893],[1.99713582],[9.91388893]
[6.43126209],[1.95896671],[9.47422443]
[6.31811666],[1.91830702],[8.72521877]
[6.10559552],[1.87423206],[8.10771656]
[5.93544305],[1.83212193],[7.57702149]
[5.82527146],[1.786183],[7.08533081]
[5.72429416],[1.73672085],[6.63825315]
[5.63924576],[1.68215372],[6.20052746]
[5.55708],[1.56519207],[5.79010848]
[5.46623257],[1.43777901],[5.39275443]
