meltWidth,meltDepth,meltArea
[0.],[0.],[0.]
[0.],[0.],[0.]
[0.79614041],[0.06270468],[0.03106614]
[1.03885758],[0.38396895],[0.28571644]
[1.12898033],[0.47184022],[0.33102122]
[1.2412759],[0.51383826],[0.44775446]
[1.34700459],[0.54592712],[0.47511694]
[1.39483144],[0.57773682],[0.56598347]
[1.47730008],[0.57628924],[0.56240308]
[1.47058744],[0.57543595],[0.58586214]
[1.55244671],[0.5586896],[0.56604636]
[1.50707878],[0.53588642],[0.56569732]
[1.56049469],[0.49833981],[0.5253019]
[1.52758463],[0.46939894],[0.52781885]
[1.6244888],[0.44540337],[0.50105914]
[1.62145339],[0.44969674],[0.5200521]
[1.73941207],[0.4269065],[0.5209773]
[1.7562999],[0.45035596],[0.55854351]
[1.85850111],[0.44720998],[0.57123255]
[1.83809848],[0.44562849],[0.58553966]
[1.92364192],[0.44212235],[0.59073917]
[1.91545141],[0.43829948],[0.60994395]
[1.99064504],[0.43438014],[0.6133818]
[1.96766005],[0.43261481],[0.62727559]
[2.0401102],[0.42836644],[0.63423878]
[2.02314904],[0.42888164],[0.6536487]
[2.08990388],[0.42483687],[0.65875758]
[2.06603529],[0.42696728],[0.67444771]
[2.1108821],[0.42114798],[0.66522534]
[2.09868202],[0.42401511],[0.67323703]
[2.10266219],[0.41865234],[0.66637275]
[2.10660105],[0.42056426],[0.65996923]
[2.10572393],[0.42859502],[0.66273378]
[2.11228496],[0.43033459],[0.66495113]
[2.11571765],[0.4313281],[0.66968281]
[2.11336359],[0.43014777],[0.67156293]
[2.11893746],[0.42865335],[0.67296906]
[2.11864569],[0.42731885],[0.67453572]
[2.11987997],[0.42615212],[0.67610667]
[2.11597105],[0.42504508],[0.67657059]
[2.11939184],[0.42371654],[0.67796263]
[2.11903669],[0.42229443],[0.67930997]
[2.11075815],[0.42126376],[0.67909075]
[2.11481588],[0.42443896],[0.68288242]
[2.12504086],[0.4290427],[0.69166251]
[2.13474407],[0.44427291],[0.70643477]
[2.1369828],[0.46040385],[0.71929669]
[2.14412638],[0.48531181],[0.73207531]
[2.15079061],[0.50483525],[0.74622047]
[2.15439316],[0.51708506],[0.75824596]
[2.13818824],[0.51748241],[0.74938493]
[2.11384017],[0.51534854],[0.73477363]
[1.75197402],[0.50843955],[0.62221057]
[0.],[0.],[0.]
[0.],[0.],[0.]
[0.],[0.],[0.]
[0.],[0.],[0.]
[0.80966492],[0.58469539],[0.23328008]
[1.18769287],[0.80065276],[0.56263135]
[1.30237697],[0.75646763],[0.62296467]
[1.4074703],[0.86469564],[0.76465381]
[1.53265776],[0.82020185],[0.80469228]
[1.64438714],[0.89490306],[0.90074801]
[1.73085793],[0.84991117],[0.90128086]
[1.68710982],[0.87782637],[0.88533778]
[1.7374718],[0.81590268],[0.84613829]
[1.76759555],[0.82700143],[0.86516234]
[1.80040262],[0.80201119],[0.85395898]
[1.82499698],[0.81325485],[0.87445944]
[1.90324126],[0.79055347],[0.91014988]
[1.9543884],[0.81550144],[0.96573909]
[2.0222386],[0.80378896],[1.01085133]
[2.05356173],[0.831396],[1.05111692]
[2.09353182],[0.80379714],[1.05590148]
[2.10963388],[0.84875524],[1.10147795]
[2.13879454],[0.80037614],[1.08345498]
[2.14449438],[0.85149925],[1.13304082]
[2.17150066],[0.79551212],[1.10743024]
[2.168382],[0.84391232],[1.14749246]
[2.19794729],[0.78909178],[1.12402348]
[2.19503429],[0.82126294],[1.15732755]
[2.22626913],[0.77895348],[1.14061073]
[2.22234989],[0.8006299],[1.16136908]
[2.25345075],[0.77472917],[1.16233057]
[2.2644245],[0.79043897],[1.17926993]
[2.27996872],[0.77646948],[1.19292682]
[2.28291743],[0.77162308],[1.17662122]
[2.28152905],[0.76688215],[1.17340345]
[2.28582308],[0.76537065],[1.17470985]
[2.28655327],[0.7681209],[1.17929234]
[2.28641902],[0.77036377],[1.18429307]
[2.28618465],[0.77211061],[1.18585976]
[2.28438499],[0.77622206],[1.19131995]
[2.28435792],[0.78057198],[1.1983898]
[2.27868481],[0.78142805],[1.19606897]
[2.2733255],[0.77894567],[1.18994256]
[2.26839617],[0.7756206],[1.18433884]
[2.26123357],[0.77168287],[1.17738389]
[2.25547661],[0.7653939],[1.16784034]
[2.25674068],[0.76160423],[1.1696125]
[2.25920607],[0.76318839],[1.1731336]
[2.26199585],[0.75898762],[1.17695031]
[2.27504045],[0.75731747],[1.19284999]
[2.29149777],[0.75635563],[1.20964914]
[2.29211524],[0.76118727],[1.22324359]
[2.29570065],[0.75985983],[1.22685018]
[2.29833985],[0.75484085],[1.23046901]
[1.99911435],[0.75050896],[1.14588587]
[0.],[0.],[0.]
[0.],[0.],[0.]
[0.],[0.],[0.]
[0.11141365],[0.19321478],[0.00955469]
[0.83039506],[0.84024555],[0.34443845]
[1.21604672],[1.01302638],[0.66106983]
[1.34411965],[0.97280795],[0.71893422]
[1.45544734],[1.05480931],[0.89595091]
[1.5786098],[0.99581007],[0.88518261]
[1.7157501],[1.0306505],[0.98892071]
[1.76929953],[0.98226257],[0.96009078]
[1.7968422],[0.97715384],[0.95758318]
[1.84378405],[0.92942114],[0.94885707]
[1.92618978],[0.95014923],[1.0219526]
[1.99135362],[0.92904255],[1.06120496]
[2.05649435],[0.953318],[1.13223934]
[2.12230648],[0.93853738],[1.1697348]
[2.15283774],[0.96337809],[1.2193224]
[2.22229989],[0.94884831],[1.24944341]
[2.24359848],[0.97367568],[1.29373692]
[2.31826044],[0.95466812],[1.32381545]
[2.31670583],[0.98437859],[1.35041405]
[2.36987526],[0.94767535],[1.34945415]
[2.36292297],[0.98402013],[1.38038056]
[2.40754302],[0.93723305],[1.36500669]
[2.39006425],[0.97558265],[1.3881064]
[2.44110778],[0.92834569],[1.37602022]
[2.41131143],[0.96035793],[1.39746642]
[2.46848181],[0.91189889],[1.38281026]
[2.43475312],[0.93350648],[1.39064401]
[2.48876641],[0.89593567],[1.38968778]
[2.48373946],[0.90890214],[1.39657509]
[2.49306428],[0.89049522],[1.40657028]
[2.49519708],[0.88176402],[1.38069166]
[2.48717243],[0.87491438],[1.37083217]
[2.49107],[0.87805444],[1.37369059]
[2.4898352],[0.88131076],[1.37792365]
[2.48579541],[0.8875764],[1.38675372]
[2.48718653],[0.89375581],[1.39301418]
[2.48609392],[0.89796834],[1.39915602]
[2.48614117],[0.90297957],[1.40880118]
[2.4812492],[0.90712952],[1.41308674]
[2.48073874],[0.91284249],[1.41636407]
[2.47679536],[0.91333816],[1.4171435]
[2.46636477],[0.91557249],[1.41480438]
[2.46018422],[0.91666575],[1.40891203]
[2.45186241],[0.91966792],[1.40465684]
[2.44312659],[0.9206623],[1.39892444]
[2.42848318],[0.91396331],[1.38424491]
[2.41766395],[0.90574993],[1.36574607]
[2.42025356],[0.89051598],[1.36286194]
[2.42278581],[0.87990055],[1.36520339]
[2.43279689],[0.86454445],[1.37590412]
[2.43113668],[0.85170797],[1.37686286]
[2.11308692],[0.84237111],[1.28226091]
[0.],[0.],[0.]
[0.],[0.],[0.]
[0.],[0.],[0.]
[0.06016234],[0.2534004],[0.00584913]
[0.91901665],[0.81875349],[0.37217793]
[1.28553579],[0.91729515],[0.5839966]
[1.52461081],[0.88152726],[0.67960165]
[1.69742273],[0.94641765],[0.83131487]
[1.82978846],[0.93740054],[0.89638161]
[1.95239822],[0.93364454],[0.96302683]
[2.0229418],[0.91853622],[1.00785917]
[2.09115229],[0.93031752],[1.07985334]
[2.16853225],[0.91713284],[1.12077635]
[2.21369093],[0.93963331],[1.17862263]
[2.29840371],[0.91684489],[1.19796681]
[2.31802467],[0.94909635],[1.2433312]
[2.40577275],[0.91199278],[1.26020602]
[2.42872934],[0.95289829],[1.31048781]
[2.53194647],[0.90914048],[1.33456479]
[2.53856297],[0.9494439],[1.39437199]
[2.63477827],[0.91640243],[1.42548418]
[2.64822974],[0.94531952],[1.45175517]
[2.70167949],[0.91947227],[1.46965324]
[2.71936136],[0.93395173],[1.48743655]
[2.75496923],[0.91927163],[1.50365341]
[2.75801208],[0.92324406],[1.49978805]
[2.78787516],[0.90839742],[1.51567902]
[2.78895063],[0.91529247],[1.52039577]
[2.82053998],[0.89586394],[1.52837378]
[2.83188611],[0.90278016],[1.5279599]
[2.84503546],[0.88482352],[1.54197224]
[2.88866862],[0.89279802],[1.55143805]
[2.8763846],[0.88095897],[1.57018711]
[2.89932401],[0.87335778],[1.54520507]
[2.88018519],[0.86933389],[1.53308508]
[2.86569759],[0.87357969],[1.53298163]
[2.85364914],[0.87789103],[1.53187453]
[2.83451551],[0.88356155],[1.53566055]
[2.82384761],[0.88892138],[1.53309058]
[2.81313864],[0.89209176],[1.53045749]
[2.80092182],[0.89531641],[1.5316447]
[2.79040303],[0.89779989],[1.53048552]
[2.78022512],[0.90106879],[1.52648837]
[2.76800679],[0.89944785],[1.52184008]
[2.74760536],[0.89794528],[1.51588603]
[2.73420226],[0.8957499],[1.50325979]
[2.71845939],[0.89342274],[1.48768921]
[2.68167974],[0.89170816],[1.47231474]
[2.640659],[0.88712296],[1.45117547]
[2.59700744],[0.88287605],[1.42737129]
[2.58294804],[0.87475528],[1.4076244]
[2.57107205],[0.8692301],[1.39485013]
[2.58229985],[0.86596295],[1.40329645]
[2.58711244],[0.86852531],[1.42133058]
[2.22844705],[0.85821089],[1.34066689]
[0.],[0.],[0.]
[0.],[0.],[0.]
[0.],[0.],[0.]
[0.46777521],[0.68056121],[0.15484278]
[1.28466873],[0.88336436],[0.56239454]
[1.68969323],[0.91307473],[0.7991435]
[1.96145042],[0.92014221],[0.99113528]
[2.13751124],[0.97142061],[1.18157978]
[2.26161682],[0.95707226],[1.27980071]
[2.31267009],[0.9842149],[1.35402174]
[2.38915476],[0.95341001],[1.38026137]
[2.40839475],[0.99078353],[1.43603009]
[2.4930903],[0.9471693],[1.45389826]
[2.50373204],[0.98455453],[1.51380932]
[2.59505129],[0.93961516],[1.53343454]
[2.60252895],[0.97298215],[1.57635667]
[2.67737835],[0.9353499],[1.60154555]
[2.73890766],[0.9606336],[1.63675006]
[2.84199976],[0.93543452],[1.6760663]
[2.89203768],[0.95515322],[1.71125599]
[3.0170615],[0.94453565],[1.75933291]
[3.06161063],[0.94840875],[1.76517412]
[3.1685147],[0.94528799],[1.80145353]
[3.16654497],[0.94577595],[1.79778808]
[3.24619051],[0.94701853],[1.83059329]
[3.20646413],[0.94527056],[1.81528787]
[3.27730094],[0.94464814],[1.84780913]
[3.22430427],[0.93783179],[1.82987117]
[3.29787162],[0.93775494],[1.85955222]
[3.25084183],[0.93193257],[1.83719496]
[3.31721603],[0.92782273],[1.8628981]
[3.30698393],[0.92773859],[1.85848094]
[3.34461819],[0.92272467],[1.87691462]
[3.32143785],[0.91559897],[1.85433117]
[3.34699393],[0.91258746],[1.84589138]
[3.31264454],[0.9154205],[1.84142167]
[3.30990774],[0.91789218],[1.84080894]
[3.29435895],[0.92162453],[1.84188068]
[3.28434794],[0.92520811],[1.83915303]
[3.27828299],[0.92663504],[1.83606208]
[3.26559434],[0.92832993],[1.83192356]
[3.24718104],[0.92788941],[1.8191485]
[3.23368179],[0.928326],[1.80721757]
[3.21524735],[0.9249279],[1.79489262]
[3.18930472],[0.92218225],[1.78155032]
[3.1674829],[0.92053319],[1.76317259]
[3.15003027],[0.91629323],[1.74504326]
[3.12327673],[0.91397121],[1.72457656]
[3.09880797],[0.90794812],[1.70240081]
[3.03706897],[0.90319405],[1.67045422]
[2.99172032],[0.89562678],[1.64572596]
[2.93639826],[0.88996432],[1.62307195]
[2.88393262],[0.88556722],[1.59968419]
[2.83822048],[0.8780423],[1.58145459]
[2.36022859],[0.87647718],[1.44236916]
[0.],[0.],[0.]
[0.],[0.],[0.]
[0.],[0.],[0.]
[0.74469617],[0.92423791],[0.35704943]
[1.6305611],[1.00383688],[0.85123131]
[1.8950033],[1.05339166],[1.08189135]
[2.1406306],[1.00199769],[1.22616496]
[2.30703453],[1.07163127],[1.44886615]
[2.4443555],[1.01156671],[1.51698738]
[2.49396742],[1.04958969],[1.60755353]
[2.57307198],[0.99225635],[1.61931456]
[2.58511744],[1.00992894],[1.65825422]
[2.66841202],[0.96076055],[1.6726316]
[2.74183196],[0.97300058],[1.71707577]
[2.84679184],[0.95382028],[1.76124237]
[2.89950108],[0.95856292],[1.78974747]
[3.01834443],[0.95187882],[1.85569366]
[3.06974437],[0.95136906],[1.86836833]
[3.23097021],[0.95278494],[1.92526763]
[3.28164771],[0.95134435],[1.93294905]
[3.46911056],[0.96049905],[2.00419317]
[3.47201386],[0.95492517],[1.99814985]
[3.5986517],[0.96322169],[2.05596455]
[3.52913515],[0.95804156],[2.03785085]
[3.61470589],[0.9657746],[2.08437996]
[3.54322799],[0.95966786],[2.05514881]
[3.63706975],[0.96344084],[2.09996426]
[3.55312703],[0.95393308],[2.0667595]
[3.64578478],[0.96004357],[2.11017912]
[3.57271644],[0.94892075],[2.07778727]
[3.6629168],[0.95513237],[2.12576368]
[3.63158933],[0.94549604],[2.11035938]
[3.68503043],[0.9468125],[2.13928721]
[3.65319328],[0.94172279],[2.12197199]
[3.68853257],[0.94039694],[2.12858937]
[3.66166628],[0.94170826],[2.1143092]
[3.65932891],[0.94266622],[2.10953006]
[3.64807953],[0.94456222],[2.1003001]
[3.63754229],[0.94480876],[2.0883649]
[3.63096601],[0.94328289],[2.07469084]
[3.61839619],[0.94209252],[2.06034702]
[3.59739276],[0.94134309],[2.05996517]
[3.5825786],[0.9411493],[2.0526601]
[3.56213433],[0.93744361],[2.05694085]
[3.53631834],[0.93535786],[2.0605711]
[3.52350093],[0.93422804],[2.06225208]
[3.51397559],[0.92945093],[2.05571914]
[3.49607636],[0.92672829],[2.03791187]
[3.46887042],[0.92198324],[2.0160164]
[3.43681043],[0.91816958],[1.97316903]
[3.40247433],[0.91015206],[1.93800627]
[3.36341299],[0.90464089],[1.90512188]
[3.33498734],[0.90057888],[1.87218463]
[3.30655083],[0.8929214],[1.84193938]
[2.78970972],[0.88749039],[1.64869311]
[0.],[0.],[0.]
[0.],[0.],[0.]
[0.03743925],[0.02696668],[0.00035567]
[1.12381953],[0.97404508],[0.5567552]
[1.82507038],[1.02888417],[1.00703506]
[2.0310868],[1.1164157],[1.24671268]
[2.3137871],[1.0425261],[1.43609516]
[2.45494205],[1.1146974],[1.6656089]
[2.59155562],[1.04558531],[1.73397695]
[2.68103106],[1.08230345],[1.83952292]
[2.80445584],[1.01946669],[1.86444633]
[2.88986337],[1.04127649],[1.91696889]
[2.99519822],[1.00201702],[1.9314089]
[3.05100894],[1.01208865],[1.97228639]
[3.19116422],[0.99743542],[2.02837706]
[3.25285071],[0.99231133],[2.05194378]
[3.43767827],[0.99085187],[2.1222144]
[3.51372149],[0.98247169],[2.13933809]
[3.65467426],[0.98988787],[2.21142995]
[3.64409663],[0.98125026],[2.21085115]
[3.7638575],[0.99296612],[2.28542461]
[3.77457961],[0.9849037],[2.27301202]
[3.86114626],[0.99501497],[2.33159886]
[3.83287942],[0.98202991],[2.30431396]
[3.88997229],[0.99480662],[2.35655606]
[3.86033547],[0.97961168],[2.32760513]
[3.93452381],[0.9905283],[2.3795175]
[3.89145666],[0.97183738],[2.38476166]
[3.96079598],[0.98589406],[2.39616775]
[3.91595301],[0.96644699],[2.44327818]
[3.99018224],[0.97845622],[2.43629382]
[3.9831092],[0.96280376],[2.51469937]
[3.99526633],[0.96776709],[2.50635815]
[4.01203235],[0.96343423],[2.55693913]
[4.00573302],[0.9625969],[2.52072446]
[4.02233972],[0.96401787],[2.49888216]
[4.00327664],[0.96439743],[2.49318315]
[3.99562247],[0.9650971],[2.47726965]
[3.9810118],[0.96644272],[2.45715717]
[3.9666241],[0.96442551],[2.43484678]
[3.95156301],[0.96441081],[2.41491283]
[3.9265471],[0.96451482],[2.40081257]
[3.90268291],[0.96643601],[2.37824509]
[3.87851046],[0.96433871],[2.35876879]
[3.8412779],[0.96200549],[2.33993412]
[3.79966613],[0.96021062],[2.31716258]
[3.76689379],[0.95426167],[2.29579138]
[3.72713675],[0.95196443],[2.27455374]
[3.67904042],[0.9478908],[2.25461805]
[3.61535844],[0.94343258],[2.22128923]
[3.55081024],[0.935957],[2.19972005]
[3.51853617],[0.9313506],[2.17420582]
[3.49878066],[0.92865492],[2.14579355]
[3.47964824],[0.92182786],[2.11531548]
[2.91040948],[0.91741099],[1.87276928]
[0.],[0.],[0.]
[0.],[0.],[0.]
[0.],[0.],[0.]
[1.53404359],[0.65991669],[0.50110748]
[1.9349917],[0.82777734],[0.89472894]
[2.21234435],[0.89508383],[1.1666955]
[2.50303593],[0.90964132],[1.39538938]
[2.58395116],[0.95534816],[1.57116172]
[2.72247763],[0.95842619],[1.69800014]
[2.91386007],[0.96328793],[1.79818015]
[3.08204328],[0.96803593],[1.87539896]
[3.22332294],[0.95592891],[1.96864554]
[3.30367059],[0.96471622],[1.98374184]
[3.42301788],[0.9540867],[2.13791452]
[3.5765464],[0.96639666],[2.13234256]
[3.63465227],[0.94803814],[2.24596358]
[3.78734839],[0.96438582],[2.30296268]
[3.82114214],[0.95424611],[2.35730968]
[3.96303272],[0.97063021],[2.41069782]
[4.00346001],[0.95992487],[2.4890818]
[4.09423468],[0.97955597],[2.48168734]
[4.13941861],[0.9680142],[2.57589226]
[4.20169996],[0.98705047],[2.53500792]
[4.18736156],[0.97241139],[2.64511921]
[4.21920641],[0.99188495],[2.61827394]
[4.20083734],[0.97481616],[2.70083372]
[4.26268007],[0.99224947],[2.67170716]
[4.22105592],[0.97065588],[2.73461363]
[4.28648522],[0.9894766],[2.73066149]
[4.23556921],[0.9692355],[2.76935289]
[4.30679057],[0.98316196],[2.78750985]
[4.31551814],[0.97280454],[2.82870459]
[4.29138146],[0.98349247],[2.84541517]
[4.33900333],[0.97583245],[2.87306031]
[4.29007737],[0.97390585],[2.87848869]
[4.33450385],[0.97034558],[2.85705663]
[4.29435566],[0.97113138],[2.8290816]
[4.28290507],[0.97298391],[2.80113358]
[4.27463811],[0.97584884],[2.77002698]
[4.26008707],[0.97444459],[2.72504565]
[4.25047959],[0.97420348],[2.68252129]
[4.22979177],[0.97309036],[2.64622084]
[4.21277625],[0.97360275],[2.59989301]
[4.19879236],[0.97231267],[2.56368518]
[4.16971196],[0.97114237],[2.53561222]
[4.14224751],[0.97171816],[2.50567003]
[4.11776922],[0.96817215],[2.47459514]
[4.09009829],[0.96756214],[2.45053866]
[4.0493543],[0.96400481],[2.42458629]
[3.99677667],[0.95935488],[2.38190472]
[3.93134833],[0.95113718],[2.34767596]
[3.85337958],[0.94538642],[2.31588434]
[3.77908759],[0.94088397],[2.28554018]
[3.71742067],[0.93382366],[2.2576409]
[3.07549618],[0.9290757],[1.99960141]
[0.],[0.],[0.]
[0.],[0.],[0.]
[0.],[0.],[0.]
[1.78479614],[0.74054553],[0.67110448]
[2.25455427],[0.87553947],[1.12967684]
[2.44421474],[0.91423849],[1.40358616]
[2.69584898],[0.94232999],[1.64573947]
[2.92054851],[0.97152356],[1.83748226]
[2.95327614],[0.99070501],[1.9239879]
[3.28334186],[0.98972967],[2.16612255]
[3.37430046],[1.0058152],[2.16447327]
[3.47290822],[0.99308262],[2.35216419]
[3.59492159],[1.00053567],[2.32076606]
[3.63712662],[0.98578705],[2.4398089]
[3.83001303],[1.0003278],[2.47840092]
[3.90533759],[0.98543504],[2.55962004]
[4.05406934],[1.00296741],[2.58340761]
[4.11724487],[0.99549884],[2.67389064]
[4.23006376],[1.00754565],[2.67792407]
[4.28998801],[0.997085],[2.77599065]
[4.38117321],[1.01415222],[2.80841137]
[4.42845704],[1.00312679],[2.90594487]
[4.4883341],[1.02105352],[2.92469028]
[4.46166212],[1.00881695],[2.98093304]
[4.50334855],[1.02310841],[3.02839096]
[4.46988125],[1.01545779],[3.03379779]
[4.53958386],[1.02091635],[3.08995174]
[4.48420528],[1.02367267],[3.06708543]
[4.54996745],[1.02616905],[3.14769739]
[4.49829307],[1.0284573],[3.1079114]
[4.56393045],[1.03205464],[3.18672981]
[4.57497374],[1.03187456],[3.16968642]
[4.54930075],[1.04209704],[3.19739743]
[4.58778333],[1.03711494],[3.21558515]
[4.54283931],[1.03589814],[3.21708185]
[4.5779124],[1.02481908],[3.21166967]
[4.55160929],[1.01898603],[3.17953407]
[4.52881669],[1.01547442],[3.14879092]
[4.52645688],[1.00552201],[3.11487933]
[4.5126679],[0.99845722],[3.06563414]
[4.50332447],[0.99904329],[3.00981111]
[4.47797003],[1.00007093],[2.95025229]
[4.46565062],[1.00467954],[2.89514551]
[4.45484165],[1.00437795],[2.8458474]
[4.42865102],[1.00428924],[2.79870731]
[4.41188806],[1.00569539],[2.76339542]
[4.39597274],[1.003924],[2.73113786]
[4.38082174],[1.00482304],[2.7097651]
[4.35040808],[1.00635292],[2.68949212]
[4.32137785],[1.00568534],[2.65299028]
[4.29436726],[1.00071254],[2.61571008]
[4.23652464],[0.99622892],[2.57283278]
[4.1803499],[0.99288839],[2.52991727]
[4.12866344],[0.98548734],[2.49913669]
[3.47043579],[0.97908674],[2.20028893]
[0.],[0.],[0.]
[0.],[0.],[0.]
[0.],[0.],[0.]
[1.87001008],[0.74054496],[0.71067212]
[2.42085843],[0.88927643],[1.27897098]
[2.56269785],[0.92039323],[1.54891947]
[2.77556971],[0.95998193],[1.78912592]
[3.1309608],[0.99099574],[2.0594728]
[3.11889785],[1.01466446],[2.08146731]
[3.38597408],[1.01613498],[2.33333253]
[3.53848501],[1.02593435],[2.34272271]
[3.56143441],[1.01146982],[2.49062118]
[3.76668952],[1.01878991],[2.50276407]
[3.82747948],[1.00730648],[2.59157902]
[4.01379012],[1.02120062],[2.63124823]
[4.07145732],[1.00874781],[2.71374936]
[4.23659498],[1.02693361],[2.73201426]
[4.26362826],[1.0202244],[2.84736505]
[4.38149026],[1.03348069],[2.90696509]
[4.43450947],[1.02248482],[3.01168067]
[4.53043649],[1.03958402],[3.11471453]
[4.5502218],[1.03525041],[3.15706235]
[4.61585511],[1.04479237],[3.24971358]
[4.58775688],[1.06196409],[3.24425986]
[4.63188287],[1.06746818],[3.3218515]
[4.59732796],[1.07122442],[3.28868596]
[4.65907241],[1.076881],[3.37026839]
[4.61170479],[1.08366721],[3.31174833]
[4.67431426],[1.08868856],[3.407495]
[4.6285885],[1.09357436],[3.34150775]
[4.6936805],[1.09798494],[3.43442378]
[4.71325901],[1.09746753],[3.3938387]
[4.70062688],[1.10608444],[3.41809463]
[4.72573758],[1.10361903],[3.43700087]
[4.7001675],[1.10470918],[3.42754255]
[4.72273007],[1.09407616],[3.42540465]
[4.7144102],[1.08432128],[3.39813245]
[4.68395974],[1.0729634],[3.37021219]
[4.68587703],[1.05153517],[3.34112259]
[4.67343933],[1.03061534],[3.29739828]
[4.66439678],[1.01904378],[3.25052375]
[4.64238104],[1.01575522],[3.19846863]
[4.63366687],[1.01974582],[3.15613108]
[4.6262005],[1.0174334],[3.0998706]
[4.6026379],[1.01923326],[3.04805799]
[4.58731488],[1.02181099],[2.99853784]
[4.56920331],[1.01910646],[2.94473691]
[4.55523325],[1.01908605],[2.90696717]
[4.5312902],[1.01910306],[2.86424343]
[4.51144969],[1.01924026],[2.81198527]
[4.49721069],[1.01464952],[2.76016339]
[4.45928006],[1.01225662],[2.71957548]
[4.41875787],[1.01207338],[2.68263318]
[4.37962314],[1.00639483],[2.64367447]
[3.72327613],[1.00229592],[2.32803093]
[0.],[0.],[0.]
[0.],[0.],[0.]
[0.],[0.],[0.]
[2.01816264],[0.75884457],[0.81613025]
[2.50753277],[0.90497941],[1.39384774]
[2.7760267],[0.94184005],[1.7150967]
[2.82392526],[0.98135505],[1.90066038]
[3.21821297],[1.01827307],[2.18915548]
[3.23926288],[1.03113753],[2.19307552]
[3.4694095],[1.0338277],[2.45407055]
[3.67993921],[1.04292155],[2.47239321]
[3.74038806],[1.03123816],[2.60148879]
[3.94383608],[1.04055708],[2.64951828]
[4.00005622],[1.02966253],[2.72538408]
[4.17144751],[1.04376343],[2.73713228]
[4.24589856],[1.02971369],[2.84178845]
[4.35884349],[1.04355381],[2.89848869]
[4.4144504],[1.03676909],[3.01485372]
[4.50096599],[1.04615535],[3.12166318]
[4.56269293],[1.04942527],[3.20425157]
[4.6546398],[1.06827269],[3.35359352]
[4.68035943],[1.08140343],[3.36042956]
[4.7343973],[1.09655195],[3.46542758]
[4.71672935],[1.11009999],[3.43673721]
[4.75414384],[1.11443983],[3.53922078]
[4.72610734],[1.11807063],[3.47361903]
[4.77653561],[1.12360446],[3.58183106]
[4.7381905],[1.13011659],[3.49428456]
[4.79263448],[1.1332949],[3.61659157]
[4.75258405],[1.13749292],[3.51619059]
[4.802613],[1.14209408],[3.62529949]
[4.82556775],[1.14363295],[3.57795068]
[4.82231622],[1.15225809],[3.60057811]
[4.83214228],[1.15228013],[3.62094313]
[4.82471183],[1.15471026],[3.6018015]
[4.82703453],[1.14461422],[3.59398496]
[4.82315892],[1.13533663],[3.55864156]
[4.78303902],[1.1215402],[3.52143565]
[4.78059585],[1.10228085],[3.48873179]
[4.76653936],[1.08323518],[3.45121696]
[4.75710841],[1.06221927],[3.41038408]
[4.73334896],[1.04248255],[3.3580165]
[4.72486732],[1.02588225],[3.31267418]
[4.71548534],[1.02163548],[3.27227356]
[4.69061112],[1.02349982],[3.22790522]
[4.67552952],[1.02652614],[3.18506134]
[4.65615762],[1.02644884],[3.13931662]
[4.63835128],[1.02826049],[3.09001607]
[4.60529809],[1.02881994],[3.02694242]
[4.58554985],[1.02955466],[2.96281551]
[4.57067416],[1.02425675],[2.90064084]
[4.53847179],[1.0216949],[2.83611944]
[4.50442986],[1.02145833],[2.77725395]
[4.46449491],[1.01476853],[2.72551395]
[3.79574751],[1.01151405],[2.39572109]
[0.],[0.],[0.]
[0.],[0.],[0.]
[0.],[0.],[0.]
[2.17409035],[0.72627841],[0.88406903]
[2.58585521],[0.87424545],[1.41386547]
[2.86872164],[0.90578873],[1.71868063]
[2.94911057],[0.96336455],[1.91073276]
[3.30491699],[0.98531662],[2.17092273]
[3.38325939],[1.00897413],[2.18839673]
[3.5588842],[1.00447852],[2.40852881]
[3.84018415],[1.02087633],[2.4865438]
[3.92267474],[1.00271807],[2.59175432]
[4.10975161],[1.01356653],[2.62184421]
[4.18100017],[0.99509427],[2.71852201]
[4.31930766],[1.00923875],[2.75077185]
[4.4019583],[0.99291735],[2.87378322]
[4.47473112],[1.00658419],[2.963175]
[4.55950759],[1.01543822],[3.07560118]
[4.61717031],[1.03998551],[3.21662345]
[4.69166015],[1.06712723],[3.28418442]
[4.75469949],[1.08596811],[3.43745579]
[4.78699456],[1.09867734],[3.42309727]
[4.8138994],[1.11408869],[3.55313417]
[4.81530732],[1.12688523],[3.50742593]
[4.82769541],[1.13274754],[3.62892911]
[4.81883268],[1.13687977],[3.551793]
[4.83848187],[1.14407801],[3.67082161]
[4.82128787],[1.15210828],[3.57720528]
[4.83986144],[1.15755413],[3.69437012]
[4.82858504],[1.1630533],[3.60447055]
[4.8490021],[1.16971095],[3.71639809]
[4.87507686],[1.1721241],[3.68925924]
[4.87602131],[1.18036721],[3.72167621]
[4.88147776],[1.18189617],[3.74030478]
[4.88076646],[1.18554623],[3.72656974]
[4.87764679],[1.1764696],[3.71368108]
[4.88121734],[1.16787393],[3.67287273]
[4.85192781],[1.15324486],[3.62389413]
[4.84136156],[1.13512402],[3.5726861]
[4.82949213],[1.11660183],[3.51862146]
[4.82086254],[1.09737595],[3.47511251]
[4.79866211],[1.08115208],[3.42746588]
[4.79111878],[1.06452672],[3.38739653]
[4.78041197],[1.04875466],[3.34812059]
[4.75414244],[1.03220969],[3.30273989]
[4.73944304],[1.01462856],[3.26155964]
[4.71867251],[1.00359577],[3.22420233]
[4.6998877],[1.00367749],[3.1761843]
[4.66447475],[1.00360734],[3.11764721]
[4.64346196],[1.00471357],[3.05491442]
[4.6228935],[0.99986302],[2.98161486]
[4.58676204],[0.99785385],[2.90291198]
[4.55567126],[0.99789244],[2.82541787]
[4.52087602],[0.99405266],[2.75733355]
[3.83727521],[0.99338121],[2.4213033]
[0.],[0.],[0.]
[0.],[0.],[0.]
[1.04417073],[0.10082164],[0.06538917]
[2.37797384],[0.7720134],[1.09775269]
[2.70402997],[0.91691444],[1.59355298]
[2.94997192],[0.94769675],[1.85123561]
[3.09523925],[0.99706855],[2.05386066]
[3.39836502],[1.01718122],[2.29507969]
[3.60103534],[1.0341829],[2.36110559]
[3.72455068],[1.02950093],[2.53943902]
[4.04531699],[1.04115466],[2.66146235]
[4.12422478],[1.02515183],[2.76853542]
[4.28927187],[1.03001743],[2.82448287]
[4.37388382],[1.01341309],[2.93749348]
[4.44474426],[1.02471294],[2.99457912]
[4.54818225],[1.01681312],[3.10620617]
[4.5856568],[1.04167174],[3.22804945]
[4.67007392],[1.06759673],[3.32072474]
[4.71615797],[1.09568549],[3.48330555]
[4.78661721],[1.12006297],[3.50803]
[4.85211373],[1.13538815],[3.68145181]
[4.87285462],[1.14679672],[3.64239793]
[4.90273758],[1.16064384],[3.78653116]
[4.89257454],[1.17169834],[3.72059692]
[4.90905702],[1.17721107],[3.85080624]
[4.88915606],[1.18148356],[3.76413327]
[4.91287581],[1.1886906],[3.88443175]
[4.89335025],[1.19628236],[3.782407]
[4.9144155],[1.20112611],[3.90591976]
[4.89595288],[1.20629822],[3.81034194]
[4.92246863],[1.21240891],[3.92965827]
[4.94107141],[1.21456833],[3.90469632]
[4.94968402],[1.2218866],[3.93439509]
[4.94671066],[1.22412143],[3.9552291]
[4.95227793],[1.22653144],[3.93727771]
[4.94173004],[1.22046927],[3.92984429]
[4.95217997],[1.21221983],[3.88608185]
[4.91934672],[1.19817465],[3.8332637]
[4.91565585],[1.18276771],[3.79013897]
[4.9085209],[1.16686096],[3.74021825]
[4.89636208],[1.15092259],[3.69377167]
[4.87842356],[1.13759608],[3.63512662]
[4.86412701],[1.12286251],[3.59496978]
[4.85375576],[1.10840478],[3.55077214]
[4.83324494],[1.0931053],[3.50209653]
[4.81405961],[1.07930911],[3.46148887]
[4.79387663],[1.06268422],[3.42746822]
[4.77652471],[1.04275561],[3.38608572]
[4.73952435],[1.02326542],[3.33066403]
[4.72309197],[1.02419831],[3.2751095]
[4.70244727],[1.02022263],[3.21290999]
[4.66983217],[1.01851188],[3.14402072]
[4.64759599],[1.01873549],[3.07171108]
[4.60879336],[1.0148028],[2.99026803]
[3.90376008],[1.01308884],[2.6103142]
[0.],[0.],[0.]
[0.],[0.],[0.]
[1.20571731],[0.19856594],[0.18118492]
[2.46635138],[0.78750071],[1.18726519]
[2.75487692],[0.93110775],[1.657739]
[3.02215659],[0.96662374],[1.93133222]
[3.22848105],[1.00510867],[2.14952101]
[3.48384303],[1.02873793],[2.35843379]
[3.77427473],[1.04200171],[2.4701395]
[3.90325983],[1.04218213],[2.66400597]
[4.15219388],[1.04705717],[2.80199078]
[4.29219528],[1.03384247],[2.96478842]
[4.37994362],[1.03608402],[3.0190604]
[4.47958194],[1.03491711],[3.17948298]
[4.50838094],[1.05299363],[3.25047303]
[4.61786393],[1.07453561],[3.37529561]
[4.65330036],[1.10068803],[3.48105052]
[4.74009017],[1.12041205],[3.56325683]
[4.7821221],[1.14134981],[3.70628232]
[4.85615255],[1.1587365],[3.73692034]
[4.91207272],[1.17141395],[3.88777749]
[4.93561175],[1.18236618],[3.86750123]
[4.9518989],[1.19552481],[3.97986617]
[4.95079294],[1.20404264],[3.93775161]
[4.9584835],[1.20940545],[4.03270356]
[4.94553025],[1.21366796],[3.97315987]
[4.96161543],[1.22106704],[4.05924237]
[4.94914962],[1.22872217],[3.98285539]
[4.96377157],[1.23410764],[4.07887516]
[4.95239551],[1.23941289],[4.00715397]
[4.97730449],[1.24582218],[4.10121824]
[5.00415772],[1.24772578],[4.09578592]
[5.00848669],[1.25522009],[4.12111303]
[5.01785333],[1.25783193],[4.14589076]
[5.01326975],[1.26048415],[4.12905432]
[5.02454555],[1.25657495],[4.12674887]
[5.02461408],[1.24723671],[4.08207086]
[5.00799621],[1.23390328],[4.03388996]
[5.00557414],[1.21891387],[3.99723131]
[4.99913177],[1.20708764],[3.95038041]
[4.98530344],[1.19559158],[3.90685274]
[4.96285508],[1.18343653],[3.85047887]
[4.94828103],[1.17001251],[3.81420181]
[4.93533766],[1.15685309],[3.77065375]
[4.91143087],[1.14278564],[3.70965715]
[4.8914611],[1.12986969],[3.66321765]
[4.86812747],[1.11644534],[3.61514841]
[4.84731471],[1.09771846],[3.56371732]
[4.81458196],[1.07953114],[3.50725609]
[4.79148417],[1.06017458],[3.45135846]
[4.77018264],[1.04220463],[3.39172991]
[4.73890189],[1.02994912],[3.32408694]
[4.71880577],[1.03009989],[3.25664541]
[4.68094812],[1.02601293],[3.18639114]
[3.94189755],[1.02420895],[2.79844175]
[0.],[0.],[0.]
[0.],[0.],[0.]
[1.23606229],[0.23731435],[0.19482725]
[2.54211055],[0.74912706],[1.189929]
[2.80734597],[0.88613187],[1.62111137]
[3.04104416],[0.9187519],[1.8666137]
[3.34882332],[0.96033859],[2.11670876]
[3.583823],[0.98410529],[2.31096548]
[3.8843821],[1.00000006],[2.49210634]
[4.03762733],[1.00170871],[2.66301499]
[4.24359397],[1.01105915],[2.83034045]
[4.40521227],[1.00946228],[3.05840466]
[4.44281701],[1.02779879],[3.13971891]
[4.55487043],[1.04505876],[3.28645755]
[4.57314594],[1.06113144],[3.35283822]
[4.69183251],[1.08102606],[3.47138488]
[4.71475749],[1.10683664],[3.56349095]
[4.8112251],[1.12618697],[3.64240342]
[4.84243414],[1.14811904],[3.77342601]
[4.92479065],[1.16686508],[3.8359595]
[4.96805133],[1.18064924],[3.95189775]
[4.99986705],[1.19175537],[3.95853856]
[5.00697468],[1.20500738],[4.04095476]
[5.01629434],[1.21271225],[4.02971395]
[5.01899478],[1.21850762],[4.0933563]
[5.02170211],[1.22302213],[4.06202833]
[5.03305694],[1.23093412],[4.1249225]
[5.02864258],[1.23865615],[4.07337509]
[5.04432423],[1.24460756],[4.14859629]
[5.04037751],[1.25043085],[4.09941967]
[5.06162038],[1.25756048],[4.17578069]
[5.08700589],[1.26063327],[4.18049785]
[5.09000483],[1.26801456],[4.20100978]
[5.10013511],[1.27151607],[4.22687347]
[5.10647084],[1.27416701],[4.21819041]
[5.11321615],[1.27132488],[4.21445175]
[5.12175246],[1.2606709],[4.17310058]
[5.10658239],[1.24700191],[4.1339441]
[5.10301266],[1.23335556],[4.09433567]
[5.0987811],[1.22177279],[4.04864609]
[5.08518665],[1.20888602],[4.00508812]
[5.06268897],[1.19703141],[3.9523737]
[5.0454777],[1.18463998],[3.91269457]
[5.03064657],[1.17148058],[3.86683444]
[5.00835369],[1.15741414],[3.810716]
[4.99051558],[1.14809461],[3.7758387]
[4.96860726],[1.13673302],[3.72582738]
[4.94680349],[1.11827406],[3.67003693]
[4.91178247],[1.10068984],[3.59196009]
[4.88496487],[1.08228308],[3.526449]
[4.86018101],[1.06376323],[3.45704015]
[4.83290464],[1.04317429],[3.38285295]
[4.79743975],[1.02196556],[3.31461119]
[4.75489857],[1.00610984],[3.2462918]
[3.97395337],[1.00437601],[2.8515359]
[0.],[0.],[0.]
[0.],[0.],[0.]
[1.43140683],[0.29584497],[0.28201501]
[2.63290419],[0.77018621],[1.30891446]
[2.89675251],[0.90566993],[1.73808572]
[3.11994366],[0.93773436],[1.96618602]
[3.47135211],[0.97764129],[2.26216822]
[3.72554087],[1.00156313],[2.41825167]
[3.98301373],[1.01666533],[2.65652372]
[4.16775248],[1.01844385],[2.83425174]
[4.3515987],[1.0312931],[3.04981913]
[4.49174417],[1.04562084],[3.27911902]
[4.52823155],[1.06361743],[3.37138825]
[4.63430643],[1.07950013],[3.4843827]
[4.65914748],[1.09491586],[3.56333498]
[4.76283449],[1.11108382],[3.64763273]
[4.7946649],[1.13731474],[3.74820167]
[4.87910988],[1.15696553],[3.81697209]
[4.92417633],[1.17810377],[3.95985069]
[4.9899104],[1.19578876],[4.0017313]
[5.04650849],[1.20910145],[4.12089533]
[5.07561562],[1.21988499],[4.12010883]
[5.10873544],[1.23266242],[4.20760691]
[5.10309076],[1.23941183],[4.18644523]
[5.12318636],[1.24513209],[4.25721051]
[5.10967457],[1.24915879],[4.21567351]
[5.1378333],[1.25673468],[4.28782]
[5.11827392],[1.26454928],[4.2270753]
[5.15268622],[1.27115627],[4.31182858]
[5.13291908],[1.27713553],[4.25570463]
[5.17135892],[1.28455549],[4.34012289]
[5.18486804],[1.28777063],[4.34566835]
[5.19856629],[1.29672438],[4.3729328]
[5.20822605],[1.30000447],[4.40977066]
[5.21871222],[1.30246288],[4.40023525]
[5.22836239],[1.30073284],[4.41357458]
[5.23981928],[1.28925036],[4.36497188]
[5.21720105],[1.27667267],[4.31856438]
[5.20921842],[1.26442221],[4.2637998]
[5.20478693],[1.2530727],[4.22064305]
[5.19245064],[1.24083808],[4.17772831]
[5.16740207],[1.22902709],[4.12318084]
[5.14900662],[1.21649725],[4.08332244]
[5.13117815],[1.20471741],[4.03810874]
[5.10772304],[1.19266924],[3.98479413]
[5.08991826],[1.18444062],[3.95559324]
[5.06742307],[1.17519407],[3.90701506]
[5.04726122],[1.15752509],[3.85279256]
[5.01674391],[1.14032859],[3.78213099]
[4.99265413],[1.12187389],[3.72347773]
[4.96690681],[1.10452133],[3.65082884]
[4.93493356],[1.08513224],[3.55755696]
[4.90625276],[1.06539373],[3.49267372]
[4.82983566],[1.04573191],[3.42059041]
[4.03595154],[1.02497131],[2.98991905]
[0.],[0.],[0.]
[0.],[0.],[0.]
[1.57100413],[0.3116628],[0.31294582]
[2.68705293],[0.77712065],[1.36848442]
[2.9653219],[0.91132094],[1.81272046]
[3.23141512],[0.94612269],[2.04819707]
[3.58021501],[0.98372278],[2.35260197]
[3.80953453],[1.00987165],[2.4962977]
[4.05333697],[1.02248797],[2.77587779]
[4.24412409],[1.03004456],[3.01216088]
[4.41524966],[1.07426132],[3.26503999]
[4.55445622],[1.09028267],[3.46033954]
[4.58495753],[1.10728345],[3.56611382]
[4.6964811],[1.12244035],[3.6610687]
[4.71738274],[1.13733784],[3.74048742]
[4.81765606],[1.15262842],[3.8127251]
[4.85043987],[1.17771108],[3.93196393]
[4.93621126],[1.19612215],[4.00108059]
[4.98027798],[1.21547511],[4.129767]
[5.04745273],[1.23167245],[4.18092482]
[5.13371755],[1.24440747],[4.28409083]
[5.16873502],[1.25459964],[4.29750103]
[5.20372444],[1.2659073],[4.37036499]
[5.19981147],[1.27207143],[4.36703856]
[5.22135869],[1.27851829],[4.43139994]
[5.21853293],[1.28350569],[4.42587247]
[5.23879687],[1.29096027],[4.47081529]
[5.23614818],[1.29873187],[4.4626586]
[5.25873827],[1.30733609],[4.50665448]
[5.25502388],[1.31589683],[4.51845684]
[5.28772087],[1.32767936],[4.57888086]
[5.29851953],[1.33536322],[4.63263908]
[5.31733233],[1.34868401],[4.68744156]
[5.31170671],[1.35624176],[4.7406576]
[5.33176917],[1.36212548],[4.76118934]
[5.32528436],[1.35795379],[4.76253138]
[5.34573189],[1.33951446],[4.71210243]
[5.32482175],[1.32101344],[4.64740179]
[5.32300912],[1.30425683],[4.55286341]
[5.32006438],[1.29373819],[4.47735871]
[5.30955086],[1.28236749],[4.41155097]
[5.28542168],[1.27113901],[4.3411524]
[5.25796561],[1.25894352],[4.27787308]
[5.23750064],[1.24713623],[4.23350675]
[5.21573256],[1.23558747],[4.18741626]
[5.19588507],[1.2288307],[4.16127606]
[5.17177416],[1.22001446],[4.11662135]
[5.14815745],[1.20482815],[4.06327166]
[5.11668728],[1.18892534],[3.99182187]
[5.09053466],[1.17117289],[3.93068582]
[5.06514366],[1.15364542],[3.85650295]
[5.03626301],[1.13480275],[3.77425622]
[5.01164532],[1.11625758],[3.70202684]
[4.90167727],[1.09818529],[3.61837187]
[4.08617237],[1.07885319],[3.12511232]
[0.],[0.],[0.]
[0.],[0.],[0.]
[1.68890151],[0.32730599],[0.37148192]
[2.73557534],[0.79042892],[1.436467]
[2.99898151],[0.91629717],[1.8782475]
[3.31142621],[0.95254281],[2.11715657]
[3.65502559],[0.98747935],[2.43004277]
[3.87804916],[1.01334945],[2.59210447]
[4.12119669],[1.02503022],[2.88451109]
[4.31110596],[1.06409638],[3.16931436]
[4.48115527],[1.10471127],[3.43012602]
[4.61624858],[1.12337609],[3.61120905]
[4.64393381],[1.13979278],[3.70806992]
[4.75330729],[1.15455026],[3.79357067]
[4.77945348],[1.16911979],[3.88913571]
[4.87008743],[1.18212378],[3.96450101]
[4.90832365],[1.20637304],[4.07829424]
[4.98997187],[1.22526529],[4.14778616]
[5.04849861],[1.24483119],[4.2700376]
[5.13365397],[1.25954921],[4.32553077]
[5.24056811],[1.27416816],[4.42915572]
[5.2818285],[1.28695665],[4.50340923]
[5.32111272],[1.3023908],[4.58021045]
[5.31360857],[1.31293974],[4.63657482]
[5.34597394],[1.32417762],[4.71175773]
[5.32885121],[1.3333721],[4.74841812]
[5.36716807],[1.34569929],[4.818776]
[5.34384289],[1.35740966],[4.84363851]
[5.40575938],[1.37061517],[4.92391963]
[5.41901412],[1.38158162],[4.95060065]
[5.4940978],[1.39402074],[5.04452302]
[5.53815009],[1.40350671],[5.09904574]
[5.60530739],[1.4159829],[5.17308393]
[5.63061518],[1.4241869],[5.22543939]
[5.68834343],[1.4322634],[5.26373514]
[5.7293644],[1.42698276],[5.26594969]
[5.76020415],[1.41029469],[5.22316507]
[5.76239405],[1.3877037],[5.13835622]
[5.7215153],[1.36375857],[5.004997]
[5.71312047],[1.34440457],[4.89592316]
[5.69090372],[1.3243381],[4.77849779]
[5.60027762],[1.30539457],[4.64297529]
[5.47084578],[1.28978068],[4.52326751]
[5.35313525],[1.27841245],[4.43642796]
[5.32957313],[1.2689069],[4.37167611]
[5.30543036],[1.26156544],[4.32656228]
[5.27714047],[1.25297749],[4.27665467]
[5.25199607],[1.23903304],[4.22813673]
[5.22402276],[1.22322418],[4.16415256]
[5.19562111],[1.20609437],[4.09728824]
[5.16982266],[1.18899933],[4.02607882]
[5.14300562],[1.17059467],[3.94570021]
[5.11566595],[1.15124679],[3.86469862]
[4.98754362],[1.13234208],[3.76908835]
[4.15823413],[1.11379228],[3.22645583]
[0.],[0.],[0.]
[0.],[0.],[0.]
[1.79387812],[0.33827932],[0.41620661]
[2.77620457],[0.7694582],[1.42708371]
[3.02680867],[0.89109356],[1.8518721]
[3.37128779],[0.92066707],[2.09910434]
[3.72851138],[0.96119094],[2.44033131]
[3.94351472],[0.9817163],[2.65405616]
[4.186057],[1.02858223],[2.9745179]
[4.38211623],[1.08289422],[3.26863489]
[4.55192433],[1.1209662],[3.51427054]
[4.67589015],[1.14026694],[3.67516675]
[4.70692701],[1.15639681],[3.7828955]
[4.80729484],[1.17147078],[3.86443077]
[4.83961222],[1.1861436],[3.97388288]
[4.92652845],[1.19858135],[4.04723325]
[4.97246676],[1.2211805],[4.17429033]
[5.06477994],[1.24649279],[4.26807228]
[5.15215729],[1.28160018],[4.42297706]
[5.26488157],[1.30841168],[4.56353353]
[5.38510555],[1.32797999],[4.75672414]
[5.4457749],[1.34292989],[4.86794034]
[5.55673652],[1.35810168],[4.99298329]
[5.60502788],[1.36880936],[5.04940297]
[5.65293406],[1.37976421],[5.1454857]
[5.70204792],[1.38896557],[5.17972497]
[5.73668537],[1.40059007],[5.26945224]
[5.80244272],[1.41252608],[5.31052031]
[5.8262489],[1.42608642],[5.38966693]
[5.90181804],[1.43677558],[5.44917797]
[5.91238175],[1.44886701],[5.5358681]
[6.01183373],[1.4591729],[5.62662283]
[6.04163027],[1.47048006],[5.72502277]
[6.11776326],[1.47871806],[5.81042061]
[6.11736419],[1.48743807],[5.87382143]
[6.20278352],[1.48017887],[5.89941676]
[6.20624943],[1.46778597],[5.87006292]
[6.23281917],[1.44568018],[5.7812857]
[6.17760087],[1.42117092],[5.62725435]
[6.16063307],[1.39705132],[5.44606244]
[6.14834506],[1.37428082],[5.27452115]
[6.11307878],[1.35522707],[5.08885177]
[5.98435536],[1.33463528],[4.93469255]
[5.86273614],[1.31431731],[4.79335146]
[5.74024018],[1.29723132],[4.66536209]
[5.61059266],[1.28228581],[4.55686445]
[5.48651968],[1.27266631],[4.45540535]
[5.37610631],[1.26001227],[4.37207563]
[5.3385483],[1.24396917],[4.28782432]
[5.30674786],[1.22609027],[4.19843771]
[5.27826619],[1.21023162],[4.12531271]
[5.25142371],[1.19341226],[4.04801143]
[5.22280859],[1.17619639],[3.97016046]
[5.09285793],[1.15906926],[3.87127781]
[4.24817631],[1.14079626],[3.3233396]
[0.],[0.],[0.]
[0.],[0.],[0.]
[1.8759278],[0.37507927],[0.50293152]
[2.83252532],[0.79404192],[1.52774568]
[3.06276361],[0.91412344],[1.95194029]
[3.43078566],[0.9416977],[2.20488997]
[3.81972663],[0.98142913],[2.58685246]
[4.02209239],[0.99972093],[2.8617801]
[4.2614282],[1.06524512],[3.18819648]
[4.46181607],[1.11782527],[3.46241688]
[4.62893318],[1.15377025],[3.70434819]
[4.73819557],[1.17296563],[3.85204983]
[4.78481035],[1.1882694],[3.99311632]
[4.87999964],[1.20258201],[4.08124826]
[4.92564979],[1.22260917],[4.21375991]
[5.00572192],[1.24762115],[4.32166036]
[5.07727978],[1.28438824],[4.47675692]
[5.1958944],[1.32026103],[4.62807722]
[5.3235101],[1.35694917],[4.8643536]
[5.41386185],[1.38100681],[5.06210218]
[5.6835442],[1.39878099],[5.30099805]
[5.88750831],[1.41247146],[5.41842485]
[5.98240895],[1.42596747],[5.56331109]
[6.0969411],[1.43618683],[5.66094752]
[6.09428231],[1.44690908],[5.76913751]
[6.19196646],[1.45594489],[5.85296905]
[6.17379281],[1.46655258],[5.95111932]
[6.27372859],[1.47803074],[6.04592583]
[6.2727489],[1.49155307],[6.12324468]
[6.36354146],[1.50265611],[6.24021913]
[6.36931525],[1.51364181],[6.32166381]
[6.45914594],[1.52231946],[6.46964089]
[6.49246569],[1.53534134],[6.57853178]
[6.54068848],[1.54156376],[6.70175011]
[6.58679105],[1.54892902],[6.77279879]
[6.61865504],[1.54465809],[6.83671278]
[6.67915137],[1.53353527],[6.82418972]
[6.66131957],[1.51316542],[6.74763695]
[6.66509701],[1.49043538],[6.57619251]
[6.62037378],[1.46906457],[6.37022533]
[6.60804232],[1.44565276],[6.1114417]
[6.59636665],[1.42307106],[5.87448428]
[6.53798529],[1.4047163],[5.66639617]
[6.41982485],[1.3885719],[5.47497988]
[6.29718806],[1.37445777],[5.29355889]
[6.16822278],[1.36105744],[5.13991679]
[6.04574986],[1.34707927],[5.02070739]
[5.92140755],[1.32946202],[4.89691621]
[5.811049],[1.30698441],[4.76307037]
[5.69905596],[1.28153661],[4.61596092]
[5.59278452],[1.25727576],[4.4616848]
[5.4873284],[1.23737607],[4.32640939]
[5.41883979],[1.2209006],[4.22471144]
[5.26702845],[1.20478721],[4.10590728]
[4.40555087],[1.18740323],[3.53278529]
[0.],[0.],[0.]
[0.],[0.],[0.]
[1.95691849],[0.39003464],[0.56013227]
[2.88593726],[0.80678578],[1.58310404]
[3.13722718],[0.92107178],[2.01585349]
[3.4928694],[0.94996872],[2.30853159]
[3.88588307],[0.99024789],[2.7194772]
[4.0923323],[1.04981266],[3.0740022]
[4.31915236],[1.11125127],[3.38052128]
[4.53233392],[1.16122637],[3.64651481]
[4.69456269],[1.19272475],[3.92565893]
[4.81174852],[1.21517629],[4.10605799]
[4.85773159],[1.24273962],[4.26055023]
[4.95221432],[1.26842844],[4.39090048]
[5.00075422],[1.29957578],[4.54471477]
[5.1129767],[1.32913812],[4.69287598]
[5.25591279],[1.36786479],[4.9493391]
[5.37437467],[1.40025203],[5.19575159]
[5.57869528],[1.43316618],[5.44198306]
[5.81061382],[1.45435287],[5.63310746]
[6.04383766],[1.47031694],[5.91185943]
[6.29132404],[1.48280812],[6.18744777]
[6.41004073],[1.49438507],[6.3548604]
[6.52329366],[1.50398636],[6.51783287]
[6.54526808],[1.51415653],[6.64934276]
[6.60619001],[1.52282698],[6.78163051]
[6.63608059],[1.53306333],[6.87032861]
[6.68464137],[1.54366227],[6.9867637]
[6.72800998],[1.55460136],[7.0846911]
[6.78946798],[1.56270363],[7.22686088]
[6.83775899],[1.57446696],[7.34487915]
[6.88081035],[1.584497],[7.53609615]
[6.9483306],[1.59585191],[7.6745255]
[6.95124209],[1.60082378],[7.81011163]
[7.03559497],[1.60790389],[7.90590993]
[7.03899942],[1.61578349],[8.00031824]
[7.11434968],[1.61211187],[8.0282086]
[7.09911668],[1.59119961],[7.9884873]
[7.09984936],[1.56279863],[7.82518704]
[7.0613329],[1.5456615],[7.6222018]
[7.03720704],[1.52790038],[7.39618912]
[7.02424561],[1.50989786],[7.0956843]
[7.01856944],[1.49085956],[6.81288347]
[6.94782492],[1.47358269],[6.54093179]
[6.85479063],[1.46116199],[6.32092257]
[6.754448],[1.44967403],[6.12888437]
[6.65820057],[1.43714018],[5.96622965]
[6.55139211],[1.42144119],[5.80182544]
[6.44147981],[1.40125537],[5.6161512]
[6.32718794],[1.37876479],[5.4109836]
[6.21995227],[1.35374449],[5.2135325]
[6.11296916],[1.32634057],[5.01304218]
[6.00440211],[1.29891447],[4.80795267]
[5.79758941],[1.27522254],[4.58181983]
[4.84338967],[1.25122247],[3.87352213]
[0.],[0.],[0.]
[0.],[0.],[0.]
[2.03404094],[0.40368928],[0.62746165]
[2.93755568],[0.82440071],[1.64797885]
[3.2042787],[0.93648109],[2.09417798]
[3.56746064],[0.96685066],[2.43935828]
[3.93654897],[1.02590452],[2.90302103]
[4.16647803],[1.08809022],[3.27033296]
[4.38949496],[1.15031103],[3.6030321]
[4.61579749],[1.21000376],[3.91075263]
[4.76178611],[1.25289403],[4.21188511]
[4.88358424],[1.28499892],[4.42042224]
[4.95085193],[1.31469512],[4.60466757]
[5.06335097],[1.34381426],[4.7598237]
[5.1836796],[1.37853741],[4.99605383]
[5.33320305],[1.40745619],[5.26013638]
[5.4553592],[1.44318335],[5.51060054]
[5.67878244],[1.47338203],[5.72658245]
[5.92921583],[1.50328843],[6.00721325]
[6.2059811],[1.52325292],[6.35022503]
[6.40631827],[1.53781509],[6.67354895]
[6.64463368],[1.54975803],[6.97411294]
[6.85318163],[1.56072972],[7.26523798]
[6.94221442],[1.57017079],[7.51367144]
[7.00468309],[1.57893245],[7.68432197]
[7.03056778],[1.5865309],[7.85540766]
[7.07915981],[1.59327869],[7.94356814]
[7.11450048],[1.60367135],[8.10454961]
[7.15833257],[1.61560639],[8.22776025]
[7.21287603],[1.62617675],[8.40633383]
[7.25482235],[1.63770152],[8.54761799]
[7.32029951],[1.6581819],[8.75831015]
[7.36188941],[1.68095474],[8.93462436]
[7.42669826],[1.71188348],[9.12900992]
[7.50006694],[1.74521546],[9.32295124]
[7.5504178],[1.77391071],[9.46199191]
[7.58119308],[1.77707342],[9.54750736]
[7.62360263],[1.76862288],[9.53338068]
[7.59174042],[1.73106794],[9.46650977]
[7.61238832],[1.69039581],[9.23994432]
[7.57690145],[1.63984178],[9.00547374]
[7.57385701],[1.60789241],[8.72572511]
[7.56819562],[1.57596975],[8.38265698]
[7.54325967],[1.55971837],[8.02404548]
[7.45759675],[1.54410436],[7.72789476]
[7.35797539],[1.52975615],[7.44826012]
[7.26729987],[1.517903],[7.21810313]
[7.17306546],[1.50234082],[6.98262613]
[7.07490696],[1.48428135],[6.74436076]
[6.9623546],[1.46435523],[6.48011906]
[6.85712285],[1.44167033],[6.24028929]
[6.74446141],[1.41571978],[5.98248566]
[6.63299712],[1.39030789],[5.71832542]
[6.41199504],[1.36409854],[5.40334948]
[5.56058847],[1.3357459],[4.56954285]
[0.],[0.],[0.]
[0.],[0.],[0.]
[2.06699742],[0.40479644],[0.62353525]
[2.95673547],[0.80654416],[1.62065747]
[3.22620441],[0.91840424],[2.07158051]
[3.60605416],[0.96137586],[2.47075119]
[3.96572773],[1.04594597],[2.98510633]
[4.20122971],[1.11949304],[3.3904355]
[4.4233529],[1.19184121],[3.76416596]
[4.65283865],[1.25462119],[4.08995396]
[4.81102976],[1.30051202],[4.40732724]
[4.95717491],[1.33224044],[4.64638858]
[5.04404652],[1.36776488],[4.88785868]
[5.18247419],[1.39876836],[5.12104208]
[5.3309309],[1.43346806],[5.38574573]
[5.41804467],[1.46133577],[5.60609873]
[5.63031464],[1.49432962],[5.87815626]
[5.8913053],[1.52348053],[6.18390723]
[6.1537276],[1.55239483],[6.55140169]
[6.40325046],[1.57381988],[6.91777991]
[6.62858768],[1.58598421],[7.27471325]
[6.88562592],[1.59620561],[7.70838327]
[7.07468063],[1.60601356],[8.04968748]
[7.18816171],[1.61429237],[8.3565777]
[7.24606273],[1.62445866],[8.59999216]
[7.30785878],[1.63360452],[8.81131141]
[7.32935742],[1.65097467],[8.98982356]
[7.40511091],[1.66894564],[9.17411539]
[7.41521177],[1.6903691],[9.37825629]
[7.53379734],[1.72617226],[9.58311763]
[7.58050675],[1.76413302],[9.8536211]
[7.6759648],[1.80436832],[10.11874098]
[7.6910604],[1.83833963],[10.38612249]
[7.77060581],[1.87047182],[10.62575459]
[7.7955773],[1.89944797],[10.83303873]
[7.88732326],[1.92077516],[10.99630206]
[7.91818615],[1.92002768],[11.08113494]
[7.97529926],[1.9044211],[11.11032987]
[7.96465818],[1.87837873],[11.03709794]
[7.97919386],[1.84862014],[10.87930103]
[7.970459],[1.81262652],[10.63084295]
[7.95278257],[1.77005303],[10.37368961]
[7.95036386],[1.7197188],[10.04808218]
[7.95328803],[1.66971587],[9.6796807]
[7.90984808],[1.63466419],[9.29030188]
[7.8124654],[1.601449],[8.90911092]
[7.72250202],[1.57359694],[8.5762243]
[7.63123186],[1.55922217],[8.28221722]
[7.53491362],[1.54235637],[7.99526654]
[7.43136035],[1.52283565],[7.68275618]
[7.33351076],[1.50271038],[7.38478602]
[7.23185055],[1.48066185],[7.08446975]
[7.12091031],[1.45814711],[6.76242089]
[6.88124566],[1.43447643],[6.35195566]
[6.03180218],[1.40866706],[5.3981379]
[0.],[0.],[0.]
[0.],[0.],[0.]
[2.08743534],[0.40436094],[0.65565862]
[2.98040788],[0.82937664],[1.69717651]
[3.2420841],[0.93960419],[2.15208549]
[3.62865667],[0.98539497],[2.59443381]
[3.97928949],[1.0786326],[3.15348284]
[4.22465698],[1.15336396],[3.58110085]
[4.46529732],[1.22974176],[3.97575006]
[4.70271462],[1.29336795],[4.30719437]
[4.87339212],[1.34296485],[4.6335334]
[5.02860193],[1.38217042],[4.93134255]
[5.12439553],[1.41730218],[5.21765197]
[5.27742939],[1.44812031],[5.46597797]
[5.41813464],[1.48237887],[5.72909134]
[5.52899429],[1.50969491],[5.96056178]
[5.80119554],[1.54370513],[6.28210481]
[6.11727372],[1.57427669],[6.70247279]
[6.30909795],[1.60268107],[7.09140865]
[6.57949023],[1.62076117],[7.47244586]
[6.84871051],[1.63289379],[7.93489155]
[7.04269426],[1.65081459],[8.40548027]
[7.25543604],[1.66719132],[8.86677858]
[7.4172302],[1.68847322],[9.24755001]
[7.49730363],[1.71875247],[9.57365263]
[7.61781706],[1.74712559],[9.82921721]
[7.64399165],[1.78277309],[10.16881692]
[7.72752992],[1.80894047],[10.42606139]
[7.72810324],[1.83998928],[10.70094055]
[7.84655848],[1.87626335],[10.9741821]
[7.86177062],[1.91112199],[11.19064735]
[7.98299765],[1.94426002],[11.48293825]
[8.03503586],[1.97252599],[11.68631057]
[8.13686547],[1.99626229],[11.9499819]
[8.22280356],[2.01948329],[12.15539918]
[8.30042306],[2.03552013],[12.36331571]
[8.36474794],[2.03390149],[12.45476246]
[8.37954087],[2.02484695],[12.58664068]
[8.39713573],[2.00199855],[12.56931392]
[8.37429525],[1.97467193],[12.48193057]
[8.39374432],[1.94170888],[12.24018752]
[8.35991451],[1.90595518],[11.93987215]
[8.35199624],[1.86875801],[11.61447221]
[8.34740862],[1.83212032],[11.18747986]
[8.32691755],[1.78935377],[10.79916288]
[8.23372655],[1.7425124],[10.3985896]
[8.14035639],[1.69246709],[10.0186076]
[8.04456599],[1.65139528],[9.60880052]
[7.94609859],[1.61116545],[9.21720619]
[7.84277195],[1.57985858],[8.85301841]
[7.74711436],[1.56252542],[8.52655069]
[7.65563745],[1.54125951],[8.18104755]
[7.54283452],[1.51875577],[7.78961953]
[7.29083449],[1.49744277],[7.38298073]
[6.4403406],[1.47388642],[6.29259967]
[0.],[0.],[0.]
[0.],[0.],[0.]
[2.120816],[0.40697882],[0.67127851]
[2.9995655],[0.84262341],[1.7475325]
[3.27058525],[0.95797881],[2.22570709]
[3.66706715],[1.02356847],[2.76980701]
[4.00886818],[1.11981647],[3.35601552]
[4.28006738],[1.19796578],[3.79743715]
[4.53621271],[1.27416731],[4.20698247]
[4.76298874],[1.34027858],[4.5277278]
[4.9378472],[1.39465139],[4.88055319]
[5.09606894],[1.43415389],[5.26254256]
[5.22075579],[1.47002628],[5.57469661]
[5.34760516],[1.50134646],[5.82517109]
[5.48317668],[1.53669436],[6.11848838]
[5.67825222],[1.56659047],[6.49095322]
[5.95449134],[1.60270192],[6.88750104]
[6.25128671],[1.6271777],[7.30954898]
[6.48687822],[1.65210722],[7.75267658]
[6.79634504],[1.67413149],[8.26366627]
[7.04146223],[1.71395182],[8.79015027]
[7.28820296],[1.74315585],[9.36147926]
[7.5465306],[1.77461484],[9.90591096]
[7.74717546],[1.80547003],[10.28766501]
[7.80571958],[1.83790699],[10.72356174]
[7.94265443],[1.86934727],[11.07284761]
[7.97266798],[1.90399223],[11.38062168]
[8.07699157],[1.92795006],[11.66574793]
[8.11034333],[1.95763258],[11.90669808]
[8.23280765],[1.98429181],[12.20074517]
[8.29254714],[2.01545581],[12.43495881]
[8.38189338],[2.04094513],[12.79910081]
[8.45057985],[2.06456453],[13.03242421]
[8.4653379],[2.08248884],[13.33309732]
[8.55690902],[2.10323131],[13.55113576]
[8.5879996],[2.11873959],[13.73670935]
[8.68396889],[2.11484376],[13.84142639]
[8.70957804],[2.10849216],[13.90599982]
[8.73309274],[2.08842477],[13.90257656]
[8.7130498],[2.06355184],[13.80535491]
[8.72511513],[2.03293451],[13.63001395]
[8.70540444],[2.00056111],[13.34327647]
[8.68207549],[1.96490734],[13.01568361]
[8.67873034],[1.92989717],[12.6712882]
[8.67389217],[1.89374598],[12.26783049]
[8.61967444],[1.85509834],[11.78408892]
[8.53013029],[1.81113297],[11.32738502]
[8.43622895],[1.76658938],[10.93492216]
[8.33865899],[1.71753298],[10.53335081]
[8.2310388],[1.65579198],[10.12385582]
[8.1305808],[1.60774743],[9.72905249]
[8.03318064],[1.58889928],[9.30435896]
[7.92834461],[1.57040623],[8.85208016]
[7.66447901],[1.54854283],[8.39287673]
[6.82035975],[1.52538171],[7.30320453]
[0.],[0.],[0.]
[0.],[0.],[0.]
[2.22673451],[0.41383079],[0.71778358]
[3.02098896],[0.86461543],[1.81409934]
[3.30840178],[0.97757537],[2.30443676]
[3.72158711],[1.0483448],[2.92023481]
[4.06226349],[1.15226136],[3.51468901]
[4.35150123],[1.23376194],[3.97043922]
[4.60396007],[1.31876553],[4.41071989]
[4.82887146],[1.38845067],[4.75116626]
[5.01485887],[1.44882899],[5.21738442]
[5.21658905],[1.49232907],[5.64126758]
[5.34448284],[1.52916442],[5.99017716]
[5.43095077],[1.5629688],[6.3211259]
[5.65556669],[1.59920291],[6.69979645]
[5.90695686],[1.62516539],[7.09274899]
[6.19325788],[1.65688672],[7.57256835]
[6.46399809],[1.68070737],[8.01494552]
[6.73367091],[1.72898971],[8.59988205]
[6.98349378],[1.79478545],[9.18433355]
[7.25905338],[1.84684903],[9.80747806]
[7.57275933],[1.87871864],[10.40156684]
[7.76485802],[1.90689732],[10.96060687]
[8.00382022],[1.93427575],[11.49850616]
[8.12491907],[1.96370816],[11.91821757]
[8.26101729],[1.9901998],[12.24711816]
[8.31879591],[2.01934264],[12.60632759]
[8.41192012],[2.0399629],[13.03231007]
[8.48447521],[2.06772388],[13.35895714]
[8.51341386],[2.08769203],[13.65723074]
[8.62809308],[2.11498958],[13.96725298]
[8.68908071],[2.13428525],[14.24047189]
[8.78514501],[2.15406656],[14.48713496]
[8.84685963],[2.16969688],[14.74232396]
[8.9729682],[2.18688563],[14.99545085]
[9.05169286],[2.19886131],[15.17155273]
[9.11133304],[2.19628068],[15.37452566]
[9.16502905],[2.1900802],[15.45740008]
[9.1436365],[2.17119156],[15.54373505]
[9.15704818],[2.14939574],[15.43070219]
[9.13117369],[2.12469754],[15.2660321]
[9.14203035],[2.09699451],[14.95702536]
[9.10254691],[2.0645549],[14.59263]
[9.0932495],[2.03287633],[14.23680912]
[9.08247751],[2.0007878],[13.75753467]
[9.03639464],[1.96638598],[13.29813285]
[8.93177109],[1.92980386],[12.85072385]
[8.81781042],[1.89227301],[12.40926177]
[8.7188981],[1.85174785],[11.94346355]
[8.61526541],[1.80289373],[11.43468921]
[8.52006497],[1.73858269],[11.00943449]
[8.42650837],[1.66833796],[10.57524342]
[8.32398968],[1.61654929],[10.09610183]
[8.03748838],[1.59816356],[9.55532027]
[7.18722514],[1.57769376],[8.33781513]
[0.],[0.],[0.]
[0.],[0.],[0.]
[2.26851254],[0.42963203],[0.76953885]
[3.05227397],[0.85805364],[1.83739135]
[3.42382889],[0.96761962],[2.36499431]
[3.79849185],[1.08030892],[3.05390279]
[4.14151569],[1.18574183],[3.67061772]
[4.47993319],[1.27055507],[4.15006887]
[4.69582776],[1.35636886],[4.59890305]
[4.93869768],[1.42674501],[4.98659584]
[5.13360286],[1.48815453],[5.50327774]
[5.339656],[1.53066427],[5.93608854]
[5.45588769],[1.5711908],[6.31440672]
[5.5635856],[1.60113995],[6.74809098]
[5.87137641],[1.63275637],[7.17543492]
[6.19067498],[1.65859803],[7.59993092]
[6.39044682],[1.69282443],[8.08906714]
[6.69748536],[1.76878971],[8.69850727]
[7.00186738],[1.83325204],[9.35306765]
[7.21776646],[1.89701236],[9.99882332]
[7.50983911],[1.94263684],[10.67189858]
[7.79917238],[1.97052917],[11.22635869]
[8.01859464],[1.99714271],[11.97676153]
[8.31358504],[2.02057669],[12.4864345]
[8.47109339],[2.04825319],[12.99165969]
[8.52932016],[2.07510574],[13.47737728]
[8.62132576],[2.10225409],[13.92491522]
[8.69253571],[2.11941685],[14.23522889]
[8.77004882],[2.14699105],[14.64187801]
[8.85214128],[2.16006262],[14.92018834]
[8.92886317],[2.18464247],[15.28609874]
[9.06514787],[2.19960326],[15.64294279]
[9.14494042],[2.22138514],[16.02826131]
[9.21740587],[2.24000313],[16.30401957]
[9.24159904],[2.25985603],[16.57513888]
[9.33130202],[2.27830385],[16.76286368]
[9.36033776],[2.28907416],[16.90647463]
[9.44870249],[2.28117846],[16.99829024]
[9.44418526],[2.255305],[17.02556635]
[9.47385197],[2.22230478],[16.9592684]
[9.46263598],[2.18933681],[16.77515729]
[9.48447364],[2.16320805],[16.5027289]
[9.46955475],[2.13585716],[16.14678448]
[9.44819839],[2.10930944],[15.76444564]
[9.44198872],[2.08025963],[15.3469481]
[9.43327794],[2.04821293],[14.85045116]
[9.38646103],[2.01446986],[14.30616899]
[9.24164365],[1.98182777],[13.72784666]
[9.10812565],[1.94587812],[13.25152359]
[9.0067846],[1.90085891],[12.7757494]
[8.90506493],[1.84383997],[12.3050237]
[8.80928266],[1.78313441],[11.81494256]
[8.7115105],[1.71376515],[11.25513251]
[8.40911958],[1.63401991],[10.62328054]
[7.56396107],[1.60618478],[9.37236151]
[0.],[0.],[0.]
[0.],[0.],[0.]
[2.28697496],[0.48035014],[0.87803922]
[3.0811252],[0.90286219],[1.99442669]
[3.55784122],[1.00390742],[2.55966559]
[3.85876237],[1.12379822],[3.27796644]
[4.21415241],[1.2321115],[3.91215759]
[4.58845479],[1.31911679],[4.42690233]
[4.78025147],[1.40230023],[4.85907213]
[5.02839944],[1.4708199],[5.3507578]
[5.26992202],[1.53214213],[5.86954592]
[5.42119096],[1.58190081],[6.29922407]
[5.55198777],[1.61580536],[6.82273844]
[5.77152859],[1.64432508],[7.24362449]
[6.10999559],[1.67629371],[7.73390836]
[6.36248476],[1.72838461],[8.16996833]
[6.60479645],[1.79789861],[8.82517502]
[6.92090788],[1.88022102],[9.48357289]
[7.17962326],[1.93945371],[10.24523227]
[7.43595651],[1.9947181],[10.86840656]
[7.72243357],[2.03619996],[11.5851155]
[7.99475149],[2.05971759],[12.25110402]
[8.27439675],[2.08711539],[12.96480362]
[8.50223205],[2.10750268],[13.54007771]
[8.70519236],[2.13506707],[14.23976141]
[8.82949787],[2.15769801],[14.66177605]
[8.88322572],[2.18203376],[15.14577636]
[8.99591742],[2.1988773],[15.56177703]
[9.0777207],[2.23371931],[16.14872893]
[9.18696279],[2.25909128],[16.54648708]
[9.23447236],[2.2800733],[16.99411376]
[9.31838458],[2.30066366],[17.34390909]
[9.35805236],[2.32004226],[17.66640599]
[9.45016706],[2.33600089],[17.92750562]
[9.50283276],[2.35214523],[18.16338013]
[9.58811771],[2.36869828],[18.37600209]
[9.69639266],[2.3824149],[18.54575543]
[9.78013773],[2.37667526],[18.7587363]
[9.79769151],[2.35280113],[18.80577264]
[9.79516045],[2.31453461],[18.8101684]
[9.80535476],[2.28250664],[18.60938095]
[9.79707306],[2.24896137],[18.34240928]
[9.80796186],[2.21545302],[17.92079579]
[9.77455034],[2.18388755],[17.50208558]
[9.77493401],[2.15716567],[17.0503617]
[9.77314925],[2.13031573],[16.51149677]
[9.76857489],[2.10228839],[15.98901486]
[9.69959155],[2.07298001],[15.45462351]
[9.55395432],[2.04105176],[14.88670748]
[9.41349508],[1.9983742],[14.28531285]
[9.29921618],[1.94990741],[13.7248815]
[9.20154942],[1.89362034],[13.2285927]
[9.10045898],[1.83544476],[12.70529789]
[8.79909495],[1.76866564],[12.0832446]
[7.95573234],[1.69848334],[10.70588022]
[0.09843204],[0.35566967],[0.00954197]
[0.],[0.],[0.]
[2.30778038],[0.54564799],[0.99051491]
[3.10260519],[0.93817646],[2.14027176]
[3.67849879],[1.03791157],[2.78083204]
[3.92403513],[1.17592528],[3.51918516]
[4.34868515],[1.29038883],[4.20506329]
[4.68326176],[1.37321434],[4.72226805]
[4.90666267],[1.45652893],[5.25501753]
[5.18387004],[1.5222134],[5.77828991]
[5.39022119],[1.58357566],[6.25883439]
[5.51526086],[1.62755477],[6.79305633]
[5.75922441],[1.66286947],[7.34866079]
[6.05601971],[1.68642032],[7.78518474]
[6.29043581],[1.73792748],[8.31168972]
[6.58018648],[1.81502947],[8.90105364]
[6.88927256],[1.88547993],[9.5963365]
[7.10991123],[1.96108943],[10.31117395]
[7.39244483],[2.01853825],[11.13169194]
[7.72102142],[2.06881143],[11.72805585]
[7.92538047],[2.11170417],[12.58379384]
[8.26749056],[2.1364996],[13.2441877]
[8.5384216],[2.16430187],[14.01012634]
[8.75805596],[2.18395584],[14.77626374]
[8.99064541],[2.21150189],[15.51322172]
[9.1995072],[2.24270401],[16.07699093]
[9.22168988],[2.27797184],[16.71262193]
[9.32212566],[2.3061955],[17.23344389]
[9.33345664],[2.34127714],[17.79744103]
[9.46243836],[2.36308841],[18.20399781]
[9.50267373],[2.38122471],[18.63048366]
[9.60434499],[2.39889781],[19.00552947]
[9.68247789],[2.41372987],[19.33909226]
[9.80416801],[2.43400783],[19.78112536]
[9.89608531],[2.450442],[20.08658428]
[9.94570997],[2.47658843],[20.36517891]
[10.01455505],[2.4955298],[20.54755408]
[10.0254891],[2.51451149],[20.65324814]
[10.09914189],[2.48224485],[20.68575268]
[10.04386723],[2.46145446],[20.64423193]
[10.11721626],[2.40952342],[20.51618787]
[10.06700811],[2.35246063],[20.19004034]
[10.13545853],[2.30714029],[19.84022543]
[10.09032322],[2.27334414],[19.38826068]
[10.09493331],[2.24212963],[18.92980963]
[10.10434438],[2.2092863],[18.41524644]
[10.1152482],[2.17474537],[17.8699875]
[10.09894855],[2.1473991],[17.24634739]
[9.92266835],[2.12147737],[16.56762314]
[9.77214989],[2.08460384],[15.95838162]
[9.64284994],[2.04181115],[15.39263443]
[9.54260861],[1.99125982],[14.83444423]
[9.45363729],[1.93461348],[14.22953451]
[9.14451302],[1.87496494],[13.49977234]
[8.31253325],[1.8149733],[12.05901242]
[0.29846065],[0.89264207],[0.11583495]
[0.],[0.],[0.]
[2.32878618],[0.60979373],[1.10722534]
[3.12330162],[0.97128946],[2.28026698]
[3.77697719],[1.08478865],[3.00137989]
[4.01665526],[1.23174547],[3.75683132]
[4.47110606],[1.34786973],[4.49274098]
[4.78697156],[1.43149085],[5.0267896]
[5.038072],[1.5230544],[5.64123496]
[5.31241137],[1.57699417],[6.16180986]
[5.48785766],[1.64642042],[6.64837509]
[5.72293931],[1.67825037],[7.29728671]
[6.01413416],[1.72518933],[7.89555511]
[6.27308405],[1.76227613],[8.40063437]
[6.52104443],[1.84102576],[9.09626781]
[6.85767831],[1.91735513],[9.68707557]
[7.10003104],[1.98262731],[10.46288014]
[7.36206623],[2.047961],[11.22535203]
[7.67420917],[2.101134],[12.03381918]
[7.93110622],[2.14821749],[12.77986226]
[8.18154651],[2.18694382],[13.57988216]
[8.50502639],[2.21088636],[14.33182467]
[8.76245037],[2.24538399],[15.26998815]
[9.05056311],[2.27431856],[16.02008294]
[9.26976331],[2.30824901],[16.83528547]
[9.46355056],[2.34304253],[17.60019407]
[9.49831938],[2.37838682],[18.24284912]
[9.60990654],[2.40651954],[18.72607259]
[9.65556935],[2.44255161],[19.3144648]
[9.78904722],[2.48152631],[19.92772588]
[9.87419505],[2.50050185],[20.42386706]
[9.9606536],[2.53469337],[21.02228219]
[10.04375127],[2.55375856],[21.41168022]
[10.05851382],[2.57958779],[21.74128496]
[10.18190889],[2.61026607],[22.06792366]
[10.23354804],[2.64199574],[22.28745757]
[10.36417422],[2.67169424],[22.48794353]
[10.45446289],[2.64760773],[22.55460397]
[10.51933788],[2.61882678],[22.68070721]
[10.52646279],[2.59310028],[22.63071194]
[10.5357116],[2.55118566],[22.62123134]
[10.5476998],[2.50399909],[22.30544192]
[10.56055327],[2.45039236],[21.98650594]
[10.58071082],[2.39499462],[21.46331301]
[10.56338471],[2.3538042],[20.97960631]
[10.58147399],[2.31204308],[20.45809573]
[10.59625624],[2.27172561],[19.8990945]
[10.6065929],[2.24044478],[19.27726207]
[10.52319452],[2.20934988],[18.5759094]
[10.2456556],[2.16543477],[17.82380625]
[10.00464258],[2.13097121],[17.12195888]
[9.87723668],[2.08917606],[16.50621115]
[9.77319357],[2.04079577],[15.87044285]
[9.44284595],[1.98416771],[15.15078207]
[8.60902598],[1.92924636],[13.64541877]
[0.42782312],[0.94882012],[0.24692191]
[0.],[0.],[0.]
[2.35265517],[0.62722896],[1.17565093]
[3.14653381],[0.96533988],[2.33731385]
[3.86777039],[1.07952434],[3.14716682]
[4.18182781],[1.2634322],[3.92257162]
[4.57351344],[1.37832328],[4.67771381]
[4.91154435],[1.46089381],[5.30049573]
[5.21086066],[1.54480633],[5.92495629]
[5.41592935],[1.60330337],[6.41909784]
[5.5907949],[1.67065645],[7.01793071]
[5.97166725],[1.7021499],[7.66196127]
[6.23959627],[1.76077629],[8.32707212]
[6.48653778],[1.84001384],[8.99563486]
[6.79171326],[1.91527171],[9.71427707]
[7.04661199],[1.98470577],[10.39658231]
[7.31947454],[2.04665856],[11.24839109]
[7.65958135],[2.10319924],[11.96751504]
[7.85456001],[2.15622112],[12.90659425]
[8.16339487],[2.19923685],[13.62545163]
[8.48416077],[2.2393853],[14.48587212]
[8.72140273],[2.29821789],[15.42688906]
[9.0177722],[2.33546515],[16.36482131]
[9.32359582],[2.36710816],[17.16197568]
[9.49540514],[2.40337876],[18.17122848]
[9.72790465],[2.43802296],[18.97258932]
[9.82946105],[2.4820574],[19.6924314]
[9.95951895],[2.54074916],[20.43659317]
[10.03037744],[2.57876548],[21.1479517]
[10.07399493],[2.62263758],[21.76104048]
[10.19025535],[2.64165944],[22.29999102]
[10.24753164],[2.67537246],[22.75886597]
[10.36826948],[2.71609371],[23.20782412]
[10.44171426],[2.74048934],[23.53053993]
[10.59091273],[2.77339071],[23.98098171]
[10.73044336],[2.79577492],[24.26996119]
[10.81556068],[2.8141853],[24.59961567]
[11.00982431],[2.7935079],[24.73565697]
[11.09307234],[2.74639395],[24.84520754]
[11.1235718],[2.72541419],[24.86832261]
[11.12202366],[2.69096721],[24.7978859]
[11.1473298],[2.64313555],[24.5827889]
[11.16482271],[2.59383895],[24.25532582]
[11.18495682],[2.54947636],[23.83845884]
[11.2017491],[2.49981161],[23.34364861]
[11.20300156],[2.45527649],[22.80047498]
[11.22287495],[2.41454464],[22.1905433]
[11.23801253],[2.37124974],[21.51020822]
[11.24889044],[2.32293989],[20.6417771]
[11.03930992],[2.27245201],[19.76562826]
[10.6604094],[2.22578171],[18.95008876]
[10.38393132],[2.17759748],[18.19655063]
[10.16800076],[2.12078903],[17.45522715]
[9.75006351],[2.06398801],[16.59628922]
[8.91447862],[2.01069062],[15.02100457]
[0.61983195],[1.01687696],[0.51008332]
[0.],[0.],[0.]
[2.36271967],[0.67672856],[1.28492003]
[3.15121936],[1.01818815],[2.49330626]
[3.91929843],[1.13237752],[3.36626282]
[4.31185562],[1.31063666],[4.17805267]
[4.63090334],[1.4425716],[4.95133719]
[5.0283638],[1.52584155],[5.65004524]
[5.3412826],[1.60885231],[6.29107976]
[5.47317917],[1.67384047],[6.82355189]
[5.76619695],[1.73316072],[7.47353771]
[6.17936249],[1.76155265],[8.15220385]
[6.3656986],[1.84386585],[8.93704258]
[6.71266836],[1.92229491],[9.64760681]
[7.01903589],[1.99297797],[10.45571366]
[7.22075492],[2.05354817],[11.22612551]
[7.54981592],[2.11184931],[12.05973635]
[7.83447194],[2.16794931],[12.90397196]
[8.05809295],[2.22613761],[13.7923263]
[8.41251627],[2.25721612],[14.57752359]
[8.64687492],[2.32582913],[15.58546397]
[8.92648923],[2.38400802],[16.49950571]
[9.23633573],[2.42029658],[17.48230805]
[9.49862248],[2.46036731],[18.4919427]
[9.72113796],[2.50787957],[19.50723661]
[9.997213],[2.56864657],[20.46454304]
[10.11780617],[2.61229012],[21.37044883]
[10.18858073],[2.6629671],[22.10919665]
[10.2893691],[2.70915457],[22.78087498]
[10.38767077],[2.74946046],[23.38076041]
[10.49799848],[2.78201593],[23.98485548]
[10.61158508],[2.82340265],[24.57373726]
[10.72442018],[2.85987905],[25.26201601]
[10.82954648],[2.88784056],[25.72050112]
[10.96121041],[2.91797508],[26.18632837]
[11.17882546],[2.93847674],[26.57210299]
[11.35750869],[2.94855798],[26.90308221]
[11.51592074],[2.92914747],[27.12981445]
[11.69312936],[2.89938693],[27.34384117]
[11.69713178],[2.88133076],[27.48059621]
[11.7348216],[2.85149916],[27.519926]
[11.72862877],[2.81050219],[27.38510097]
[11.77471753],[2.74501921],[27.03849677]
[11.77469222],[2.69049901],[26.56291742]
[11.80687936],[2.63690925],[26.00653248]
[11.82301054],[2.5902157],[25.37520512]
[11.81150476],[2.55367239],[24.71106506]
[11.82798087],[2.51624521],[23.95024779]
[11.84245255],[2.47807375],[23.25608742]
[11.86389402],[2.43604277],[22.33776658]
[11.65419762],[2.39633874],[21.25048457]
[11.19651323],[2.35047473],[20.25550005]
[10.76880955],[2.29843487],[19.37537732]
[10.27647732],[2.20893762],[18.43550681]
[9.36350706],[2.11907885],[16.70379856]
[2.4964249],[1.11655644],[1.45884281]
[0.],[0.],[0.]
[2.38659611],[0.74831162],[1.41084745]
[3.17161251],[1.07631751],[2.63975786]
[4.00760166],[1.17632915],[3.65560797]
[4.43941924],[1.37191174],[4.48466467]
[4.70810149],[1.51871512],[5.30057274]
[5.20701228],[1.5994725],[6.07609109]
[5.46445397],[1.67609782],[6.6882891]
[5.57098877],[1.74472433],[7.32916146]
[6.05448378],[1.7930987],[8.04384179]
[6.33396291],[1.8331444],[8.69691229]
[6.61366285],[1.93032266],[9.68113773]
[6.96873837],[2.00386696],[10.43530941]
[7.2093048],[2.0709992],[11.40438254]
[7.49136345],[2.12543821],[12.09283865]
[7.78734845],[2.19406327],[13.0713888]
[8.06142464],[2.24719406],[13.90665846]
[8.35414885],[2.29577578],[14.76485704]
[8.58965515],[2.3359302],[15.75990621]
[8.88030962],[2.41217138],[16.75490254]
[9.23609917],[2.47071646],[17.74408911]
[9.42631231],[2.53766756],[18.93303483]
[9.75668931],[2.59711262],[19.96866045]
[10.04504903],[2.6383751],[21.02361802]
[10.24955325],[2.69235829],[22.18272678]
[10.43922105],[2.74548534],[23.12772538]
[10.60614585],[2.79964543],[23.84941677]
[10.68438572],[2.85202723],[24.55445733]
[10.8304155],[2.89479404],[25.35117792]
[10.89604932],[2.94281437],[26.06323011]
[11.09226246],[2.97658307],[26.75563722]
[11.24076398],[3.00463356],[27.38833085]
[11.40841111],[3.02572619],[27.97077766]
[11.62101537],[3.05056198],[28.56374787]
[11.78482205],[3.07234849],[29.09438805]
[11.97116745],[3.08103142],[29.56993543]
[12.16351724],[3.07540555],[29.95078325]
[12.30937155],[3.06128163],[30.25603772]
[12.41651391],[3.04924945],[30.48222114]
[12.4061688],[3.05604418],[30.60377514]
[12.48236688],[3.02368944],[30.59273848]
[12.44843718],[2.94951957],[30.36461025]
[12.47074632],[2.86792101],[29.85314819]
[12.45050338],[2.78648874],[29.17924681]
[12.50762284],[2.72756929],[28.450598]
[12.49935577],[2.68226396],[27.62306149]
[12.50234008],[2.63888516],[26.78312083]
[12.51655404],[2.60267604],[25.87905264]
[12.53815246],[2.56443417],[24.98886269]
[12.54909715],[2.52859177],[24.00761821]
[12.31279055],[2.49199009],[22.89648257]
[11.86054247],[2.45014515],[21.68790065]
[11.12883942],[2.37399215],[20.45319184]
[10.07388557],[2.27836919],[18.50492064]
[4.19697356],[1.2344537],[3.23854942]
[0.],[0.],[0.]
[2.40992602],[0.84152971],[1.56130894]
[3.19307952],[1.13754453],[2.78697019]
[4.0365507],[1.23605855],[3.95435393]
[4.55174141],[1.43479962],[4.79148147]
[4.78135085],[1.59301442],[5.69007524]
[5.34071092],[1.66731843],[6.46596536]
[5.56282747],[1.74968826],[7.19176612]
[5.84039946],[1.80705841],[7.84993798]
[6.25007467],[1.8551658],[8.66525852]
[6.54794423],[1.93906988],[9.49600747]
[6.9465525],[2.02706586],[10.49632848]
[7.13396628],[2.09123446],[11.39205578]
[7.44485121],[2.16304438],[12.32608422]
[7.78023137],[2.21677844],[13.14671786]
[7.95493227],[2.27659049],[14.08508582]
[8.35726928],[2.32351503],[14.9561228]
[8.61233096],[2.38320446],[16.00186465]
[8.83813127],[2.42913868],[17.00117528]
[9.17365711],[2.51200398],[18.0766131]
[9.44962355],[2.59614075],[19.27899068]
[9.69202991],[2.66435765],[20.47334023]
[10.03169877],[2.71863],[21.51693921]
[10.27852689],[2.77115991],[22.7144481]
[10.57814191],[2.82538043],[23.86475838]
[10.82869429],[2.88443554],[24.89348041]
[11.04629181],[2.93526439],[25.80927256]
[11.13623542],[2.99495314],[26.60432028]
[11.32483638],[3.04053374],[27.41881403]
[11.51143727],[3.09249644],[28.25576641]
[11.6648426],[3.12691663],[29.07094048]
[11.87751038],[3.15255473],[29.89726432]
[12.04841409],[3.17630329],[30.72228518]
[12.2090343],[3.20001033],[31.46577036]
[12.44200774],[3.21991497],[32.14306893]
[12.58359495],[3.24007538],[32.67514957]
[12.77115212],[3.25023885],[33.17254499]
[12.97355628],[3.2472199],[33.66294403]
[13.05279681],[3.24842628],[33.97271734]
[13.10322106],[3.26791821],[34.14584688]
[13.17567958],[3.2485705],[34.1338386]
[13.22949016],[3.17424758],[34.05304408]
[13.17497268],[3.085783],[33.62838821]
[13.22063668],[2.99615642],[32.98812186]
[13.17464385],[2.90874074],[32.14521463]
[13.21178059],[2.82336466],[31.28877151]
[13.18675145],[2.77444495],[30.16168022]
[13.19630563],[2.73078217],[29.17933377]
[13.21830514],[2.68598881],[27.99936594]
[13.22902732],[2.64542645],[26.98028646]
[13.24367308],[2.6120505],[25.73176094]
[12.96952439],[2.57305928],[24.48596799]
[12.20515466],[2.51124667],[23.07341727]
[11.03270853],[2.43486995],[20.85188049]
[5.53431647],[1.32403218],[4.77044066]
[0.],[0.],[0.]
[2.43003392],[0.84421999],[1.61586795]
[3.2148596],[1.11391446],[2.80782578]
[4.06091739],[1.27890009],[4.10694113]
[4.64821187],[1.4659515],[5.00371776]
[4.97102379],[1.61323124],[5.94287908]
[5.45177256],[1.69436014],[6.72954751]
[5.70053995],[1.76497555],[7.59611263]
[6.1513057],[1.82480804],[8.3009792]
[6.38817194],[1.89765553],[9.21618335]
[6.86645903],[2.01188008],[10.1959828]
[7.14734825],[2.08947474],[11.15933407]
[7.39183906],[2.14519605],[12.08665218]
[7.7624796],[2.21566926],[13.14402891]
[7.97504397],[2.26762854],[14.04419725]
[8.22854393],[2.32218194],[14.95481396]
[8.59104254],[2.38051636],[16.08931071]
[8.83606369],[2.47799334],[17.16238491]
[9.15944742],[2.53713781],[18.18809152]
[9.39056393],[2.66498125],[19.52122596]
[9.69235236],[2.74316939],[20.72634844]
[10.01843448],[2.79713265],[21.90539532]
[10.22710168],[2.84754958],[23.11778589]
[10.55032849],[2.90632226],[24.2793702]
[10.93885347],[2.9599304],[25.44763105]
[11.21404689],[3.01680646],[26.64678878]
[11.51954259],[3.06366483],[27.77649587]
[11.75103136],[3.11885692],[28.71549307]
[11.91989295],[3.16347322],[29.57970365]
[12.13088059],[3.2151684],[30.58075551]
[12.3314863],[3.2572595],[31.62831542]
[12.47348611],[3.28703509],[32.51299098]
[12.68135802],[3.31118808],[33.50916066]
[12.85724109],[3.33925192],[34.45366761]
[13.0272152],[3.36295484],[35.30702849]
[13.2344399],[3.38689271],[35.99239582]
[13.36474449],[3.4031177],[36.44478084]
[13.5638374],[3.40366007],[36.961142]
[13.73016806],[3.40913106],[37.41986091]
[13.77025177],[3.41877008],[37.71844485]
[14.03120196],[3.39802769],[37.97558881]
[14.12636222],[3.34621734],[38.02703901]
[14.13596944],[3.28649266],[38.00297142]
[14.11980496],[3.21798793],[37.55962275]
[14.14006099],[3.13882863],[36.80334979]
[14.12940737],[3.04716454],[35.73523801]
[14.12529783],[2.95241609],[34.72340476]
[14.11854575],[2.87103969],[33.39466603]
[14.09858562],[2.81394274],[32.00890022]
[14.09589417],[2.76952016],[30.5902613]
[14.08814657],[2.72781946],[29.11902118]
[13.94709421],[2.68262486],[27.50300393]
[13.28524726],[2.62928616],[25.77550781]
[12.09452608],[2.5650985],[23.36813162]
[6.68644045],[1.41515411],[6.64136771]
[3.22403414],[0.88831329],[1.41923334]
[2.42721675],[0.55586052],[1.21039983]
[3.20961342],[0.71491027],[2.02765338]
[4.05186273],[1.02406546],[3.25919165]
[4.69491582],[1.21947775],[4.11087638]
[5.1730256],[1.31566532],[5.03014915]
[5.50627805],[1.43667063],[5.76906089]
[5.94681136],[1.51868131],[6.71850552]
[6.2835689],[1.63298225],[7.38396771]
[6.54684149],[1.76042421],[8.40791018]
[7.01308914],[1.85362799],[9.31851052]
[7.29181727],[1.93075677],[10.39249046]
[7.68739635],[1.97896128],[11.20816057]
[7.89822842],[2.04667768],[12.35606297]
[8.18418485],[2.11050429],[13.18905893]
[8.51102228],[2.18512086],[14.26707927]
[8.71798651],[2.25168886],[15.34485046]
[9.06655661],[2.36378061],[16.47093329]
[9.3614752],[2.46498392],[17.6723048]
[9.55117671],[2.56597601],[18.91757057]
[9.94745031],[2.64092114],[20.08907446]
[10.18110017],[2.73125001],[21.34718187]
[10.44939537],[2.78227388],[22.54487528]
[10.81444402],[2.83726762],[23.76072028]
[11.19267805],[2.88252096],[25.03617536]
[11.57575234],[2.94069126],[26.327388]
[11.9276884],[2.98247045],[27.54774488]
[12.23475022],[3.0420933],[28.85450147]
[12.4696402],[3.09079432],[29.9058593]
[12.63624824],[3.15632588],[30.93362853]
[12.83140554],[3.20760726],[32.08484577]
[13.03391581],[3.25395522],[33.21148662]
[13.17008984],[3.28819629],[34.21218157]
[13.37956492],[3.32766064],[35.23875881]
[13.55460197],[3.36233932],[36.24359399]
[13.71724481],[3.38939183],[37.08656526]
[13.92725369],[3.42306385],[37.80514181]
[14.09049553],[3.45552329],[38.3510509]
[14.33657571],[3.48594984],[38.90975538]
[14.6342578],[3.49143179],[39.43927003]
[14.8791649],[3.48104682],[39.8383081]
[15.12801607],[3.46686358],[40.38040297]
[15.22841283],[3.41830597],[40.46449581]
[15.19350864],[3.34814205],[40.45338671]
[15.22064099],[3.25281084],[40.10852016]
[15.18552448],[3.16326938],[39.43297504]
[15.20736032],[3.09693803],[38.13944228]
[15.16097506],[3.00992853],[36.81776624]
[15.20222806],[2.92362888],[35.39070753]
[15.15396779],[2.84859924],[33.72783492]
[15.14853241],[2.77546671],[32.11913882]
[15.15935099],[2.70884748],[30.39759282]
[14.88178415],[2.65771557],[27.81212824]
[13.20070043],[2.57429154],[24.98638398]
