meltWidth,meltDepth,meltArea
[2.53478393],[0.50047996],[0.77041063]
[2.48622966],[0.57194592],[0.87766289]
[2.79532952],[0.60439336],[1.15543674]
[2.83780721],[0.67560711],[1.2313491]
[3.00717947],[0.71709922],[1.4965308]
[3.02652913],[0.77547906],[1.53424692]
[3.14416336],[0.78398921],[1.73090156]
[3.14777655],[0.81610371],[1.67221254]
[3.21298149],[0.82118151],[1.81598625]
[3.12516698],[0.82372651],[1.70045595]
[3.18743705],[0.82198508],[1.81195552]
[3.13218068],[0.80890882],[1.70139967]
[3.15730862],[0.80868278],[1.77621517]
[3.22477699],[0.79558526],[1.75492463]
[3.2426747],[0.79568153],[1.77163261]
[3.29586111],[0.78305298],[1.80799944]
[3.39351933],[0.78696384],[1.84347148]
[3.33003716],[0.77439797],[1.83693361]
[3.49218775],[0.78077912],[1.93233255]
[3.35795104],[0.78142504],[1.88709172]
[3.51985544],[0.81710013],[2.01520303]
[3.35709099],[0.83001309],[1.96193132]
[3.53481808],[0.88117001],[2.09820641]
[3.35819113],[0.89374946],[2.03851032]
[3.54375686],[0.96076811],[2.18497266]
[3.36904308],[0.94048666],[2.10319017]
[3.55584993],[1.01162384],[2.2666728]
[3.49396176],[0.97951029],[2.21647416]
[3.57773435],[1.02046686],[2.3423166]
[3.53431534],[1.01035033],[2.3226132]
[3.5916757],[1.01482817],[2.35846751]
[3.56994029],[1.02018944],[2.37303259]
[3.60249967],[1.0245779],[2.39521116]
[3.62550413],[1.03251309],[2.41593595]
[3.61941776],[1.03787872],[2.41871298]
[3.60150432],[1.04155533],[2.41365347]
[3.58073652],[1.04860533],[2.41052195]
[3.53807473],[1.05344972],[2.3983113]
[3.53367118],[1.0587816],[2.39479287]
[3.5251055],[1.05952085],[2.38695448]
[3.51287772],[1.05964864],[2.38168604]
[3.50693712],[1.05986711],[2.38805016]
[3.50168912],[1.06016749],[2.39530219]
[3.47683488],[1.06126537],[2.39787872]
[3.40591145],[1.0630455],[2.38655644]
[3.36415516],[1.0654825],[2.38231835]
[3.3285966],[1.06729679],[2.37746466]
[3.2885879],[1.06927882],[2.37931892]
[3.26830638],[1.07208079],[2.41447794]
[3.28201321],[1.08024008],[2.46421323]
[2.8249789],[1.08389206],[2.23316017]
[2.07157322],[1.08987252],[1.44878034]
[1.32710277],[0.86340767],[0.70006851]
[0.1924797],[0.15610809],[0.01473165]
[2.19419505],[0.43115187],[0.65278669]
[2.88151399],[0.606707],[1.22068084]
[3.00077457],[0.67002958],[1.37525114]
[3.11246103],[0.71355779],[1.63654374]
[3.39626647],[0.75688832],[1.76309791]
[3.48867673],[0.7861758],[1.94567694]
[3.58961032],[0.81068634],[2.0489739]
[3.74987101],[0.82746214],[2.23628035]
[3.69923668],[0.8381392],[2.19884481]
[3.80894706],[0.83202447],[2.34357942]
[3.65675563],[0.8339626],[2.24495202]
[3.79426478],[0.82848733],[2.36532849]
[3.62142482],[0.82766968],[2.25144562]
[3.78341198],[0.82122833],[2.35953307]
[3.58730062],[0.8193794],[2.24636499]
[3.77559398],[0.81317737],[2.35795864]
[3.58711952],[0.80964919],[2.24943253]
[3.76978306],[0.80830119],[2.36263777]
[3.56431554],[0.8190761],[2.26165814]
[3.79437473],[0.81708604],[2.40403965]
[3.59248202],[0.83101588],[2.29899339]
[3.88989532],[0.82853592],[2.46217333]
[3.82380721],[0.84364668],[2.40724797]
[4.10811776],[0.84267318],[2.58755227]
[3.91974677],[0.85704882],[2.49284755]
[4.19021818],[0.85683496],[2.67160418]
[3.97608739],[0.87309297],[2.57067483]
[4.20755167],[0.8736448],[2.71467115]
[4.16031369],[0.88684443],[2.67345138]
[4.20890808],[0.88473392],[2.75584768]
[4.17162594],[0.89224714],[2.69704275]
[4.16067137],[0.89612973],[2.71574016]
[4.12684379],[0.89837749],[2.68563438]
[4.10159093],[0.90030301],[2.68285457]
[4.08241466],[0.90094519],[2.67448313]
[4.07157005],[0.9020945],[2.6703552]
[4.06561878],[0.90385924],[2.67344361]
[4.06534023],[0.90490599],[2.68109738]
[3.99369826],[0.90680266],[2.66114227]
[3.96145189],[0.90801004],[2.65612225]
[3.9272468],[0.91247596],[2.65290262]
[3.88259762],[0.92695556],[2.65497545]
[3.850879],[0.94333436],[2.6628705]
[3.83669766],[0.96542597],[2.6823031]
[3.82215226],[0.99466283],[2.70244521]
[3.78641794],[1.03247573],[2.72416866]
[3.7747298],[1.06844932],[2.76115862]
[3.7625033],[1.10104034],[2.79603637]
[3.73897271],[1.13276599],[2.82761179]
[3.72085612],[1.14483965],[2.85414482]
[3.71015436],[1.1535345],[2.89781385]
[3.34630363],[1.16567056],[2.8108412]
[2.58979146],[1.18351843],[2.09931074]
[1.8414927],[1.20284755],[1.24899955]
[0.27953671],[0.24797324],[0.03426483]
[2.46248326],[0.51055005],[0.84399528]
[3.04093956],[0.63955239],[1.42257135]
[3.27353538],[0.69994307],[1.62194665]
[3.26911341],[0.75148874],[1.78817202]
[3.58863717],[0.78628006],[2.02065261]
[3.66350804],[0.80843356],[2.12791582]
[3.78028801],[0.83493432],[2.31820441]
[3.85559445],[0.84488078],[2.37419207]
[3.84133798],[0.84396755],[2.43339026]
[3.86749687],[0.83907264],[2.46357022]
[3.82949304],[0.83631805],[2.46289553]
[3.86095661],[0.83556167],[2.50111935]
[3.82020938],[0.84935851],[2.49792206]
[3.86562123],[0.84817821],[2.54664271]
[3.85051093],[0.86373533],[2.55038174]
[3.93070125],[0.87054409],[2.60900249]
[3.9380018],[0.8794867],[2.61512176]
[3.99412291],[0.88507448],[2.68105754]
[4.03335422],[0.89486849],[2.69426426]
[4.21186025],[0.89961483],[2.84405047]
[4.27742762],[0.91292363],[2.87983454]
[4.3500197],[0.91385033],[2.99516118]
[4.39656245],[0.92519758],[3.03029511]
[4.4421193],[0.92561364],[3.12811318]
[4.43242961],[0.93834264],[3.0877389]
[4.44830885],[0.93782807],[3.15022128]
[4.44890323],[0.95288568],[3.118417]
[4.46074983],[0.95036711],[3.17434766]
[4.49440503],[0.96273835],[3.18506266]
[4.472526],[0.96137574],[3.20048917]
[4.51258228],[0.96437421],[3.20429417]
[4.5094594],[0.96734553],[3.2338828]
[4.53043674],[0.96762899],[3.21228725]
[4.51651132],[0.9678462],[3.20506978]
[4.51039562],[0.96567137],[3.18864815]
[4.50806821],[0.96433937],[3.17851996]
[4.50923725],[0.96443563],[3.17646596]
[4.50876151],[0.9648053],[3.16724928]
[4.50986691],[0.96574918],[3.16187598]
[4.51018896],[0.96667386],[3.16108185]
[4.51116461],[0.96814741],[3.15874239]
[4.49318304],[0.96920677],[3.13630232]
[4.48040242],[0.97085341],[3.11866878]
[4.46685908],[0.97277624],[3.10440859]
[4.45892419],[0.97276215],[3.10532829]
[4.43029094],[0.97222825],[3.07564297]
[4.41784337],[0.97277157],[3.06976113]
[4.40643578],[0.97214784],[3.05759428]
[4.36312938],[1.0015213],[3.0550179]
[4.32088052],[1.0308697],[3.06064541]
[4.28274052],[1.05634869],[3.07837571]
[3.64160213],[1.08203472],[2.8407409]
[2.8890418],[1.10862368],[2.17308476]
[2.13559499],[1.13791635],[1.37959088]
[0.45963575],[0.33474455],[0.07629487]
[2.75923218],[0.54924479],[0.98576724]
[3.11342781],[0.65577741],[1.51094604]
[3.53079381],[0.71461245],[1.87760029]
[3.56539325],[0.77365841],[2.01394792]
[3.74681066],[0.8025944],[2.25531453]
[3.83350896],[0.82860423],[2.35213278]
[3.90239064],[0.85043405],[2.49631872]
[3.93339164],[0.85818771],[2.56188505]
[3.92647639],[0.86935883],[2.60653415]
[3.99075733],[0.87427576],[2.64962446]
[4.01522234],[0.88863465],[2.67491279]
[4.07147122],[0.8905686],[2.7352103]
[4.14655019],[0.90364479],[2.78252624]
[4.17428623],[0.90939784],[2.84795364]
[4.23430416],[0.92322086],[2.89532489]
[4.25211666],[0.92948725],[2.9717217]
[4.35444298],[0.94270062],[3.04587486]
[4.43638328],[0.94936835],[3.20033831]
[4.51845947],[0.97168291],[3.292464]
[4.5648717],[0.97905615],[3.4198141]
[4.59722347],[0.99637402],[3.43037865]
[4.60108372],[0.99582095],[3.48837084]
[4.6377345],[1.01145285],[3.47117119]
[4.64556061],[1.01165386],[3.54428781]
[4.69089066],[1.02631848],[3.49982694]
[4.68325978],[1.02171443],[3.57240911]
[4.72268649],[1.03556594],[3.52354826]
[4.73407365],[1.02927664],[3.60940974]
[4.80872486],[1.04144212],[3.64373223]
[4.75037297],[1.03646688],[3.6463117]
[4.81887117],[1.04330062],[3.66589617]
[4.7974656],[1.04633095],[3.67882871]
[4.8273492],[1.04728514],[3.67397448]
[4.80272805],[1.04648934],[3.65572211]
[4.78509969],[1.04344898],[3.63918911]
[4.78518214],[1.04147349],[3.62849894]
[4.78520016],[1.04004962],[3.62179315]
[4.78751914],[1.03764769],[3.60716867]
[4.7925516],[1.03606263],[3.58366768]
[4.79947577],[1.03447523],[3.56757931]
[4.81098183],[1.03340772],[3.54786935]
[4.80969494],[1.03107625],[3.51065146]
[4.81034842],[1.0294802],[3.47695677]
[4.80768647],[1.02770388],[3.44860506]
[4.82193352],[1.02407297],[3.43788188]
[4.80049486],[1.01736747],[3.37009477]
[4.80304395],[1.01010477],[3.34959057]
[4.8002648],[1.00278644],[3.32666885]
[4.78735218],[0.99756839],[3.29623736]
[4.76262148],[0.99442353],[3.27382691]
[4.72179185],[1.00399321],[3.26173562]
[4.01039572],[1.03433179],[2.95807311]
[3.25268234],[1.05711815],[2.25825423]
[2.4845645],[1.0770852],[1.48936954]
[0.69487742],[0.36898046],[0.12726228]
[2.91272417],[0.5354962],[1.05715081]
[3.26282145],[0.65879103],[1.57778583]
[3.56377061],[0.72004162],[1.95360489]
[3.6114381],[0.79137627],[2.13315219]
[3.75766897],[0.84007596],[2.37389505]
[3.85182165],[0.8619401],[2.48363614]
[3.96367153],[0.89279884],[2.6394455]
[4.00931363],[0.90375765],[2.70427198]
[4.07199761],[0.91563397],[2.78606712]
[4.10823939],[0.92437495],[2.8447892]
[4.19772524],[0.93763558],[2.9067104]
[4.21697657],[0.9447261],[2.96980771]
[4.30347803],[0.96232297],[3.04065271]
[4.3160983],[0.97316218],[3.13315402]
[4.41044066],[0.99747484],[3.20117543]
[4.50068269],[1.00284563],[3.40051128]
[4.56008764],[1.02339614],[3.45997127]
[4.59721973],[1.02689338],[3.58273994]
[4.62457672],[1.04504843],[3.55757667]
[4.67697063],[1.04977105],[3.68177554]
[4.76705749],[1.06113787],[3.67562323]
[4.7913863],[1.05742628],[3.75927027]
[4.83753897],[1.06711297],[3.72353238]
[4.88492478],[1.06702756],[3.83809512]
[4.86587695],[1.07417352],[3.74231599]
[4.90616587],[1.08338347],[3.86848465]
[4.87236414],[1.08616338],[3.76167084]
[4.91259984],[1.11485174],[3.91934235]
[4.97026827],[1.1146462],[3.96295055]
[4.91689502],[1.13890597],[3.97484326]
[4.97407817],[1.14423724],[4.02830761]
[4.95596799],[1.15367515],[4.0375041]
[4.96776175],[1.15801985],[4.04670397]
[4.95774739],[1.15406137],[4.03076249]
[4.93183558],[1.14922485],[4.00689265]
[4.93007337],[1.143426],[3.9900716]
[4.92337809],[1.13670193],[3.9616986]
[4.92932514],[1.13408427],[3.94704106]
[4.92818004],[1.13023617],[3.90519516]
[4.93641466],[1.1259811],[3.88022121]
[4.94817457],[1.11975145],[3.85601129]
[4.9495947],[1.11694012],[3.81929042]
[4.94885912],[1.11265867],[3.78040513]
[4.95481737],[1.10621341],[3.74904744]
[4.98768768],[1.09371448],[3.75758467]
[4.98334599],[1.07623976],[3.68969746]
[4.99626786],[1.06206182],[3.66163389]
[5.0092506],[1.05048352],[3.63131922]
[5.01758438],[1.04671214],[3.60959244]
[5.02669914],[1.04668312],[3.59308631]
[5.00979161],[1.05714015],[3.56907491]
[4.26399602],[1.07631157],[3.20873712]
[3.49974538],[1.09519606],[2.45340122]
[2.73201057],[1.09286839],[1.64897942]
[1.13225506],[0.43599185],[0.27150569]
[3.05267262],[0.55948283],[1.30547221]
[3.40524451],[0.67593203],[1.72353729]
[3.61871654],[0.75818051],[2.10034846]
[3.69172961],[0.83013086],[2.30193983]
[3.79982288],[0.86421735],[2.49705087]
[3.8911552],[0.88536014],[2.62270581]
[4.03588671],[0.9133503],[2.77950163]
[4.08705205],[0.92762552],[2.8623618]
[4.18687774],[0.9409477],[2.96063762]
[4.20664236],[0.95460221],[3.03488063]
[4.29524088],[0.97842038],[3.11055488]
[4.3545984],[0.9835714],[3.24028494]
[4.46642669],[1.00826764],[3.36025152]
[4.52765892],[1.01166652],[3.5232384]
[4.55577959],[1.03312629],[3.53321993]
[4.59610498],[1.03753165],[3.65608242]
[4.62981097],[1.05350035],[3.64705789]
[4.66690141],[1.05662749],[3.7671269]
[4.7520129],[1.06836064],[3.76526841]
[4.80171734],[1.07677893],[3.88318323]
[4.88615412],[1.08379369],[3.91391453]
[4.91212281],[1.11440547],[4.01113609]
[4.92117429],[1.11656327],[4.00780951]
[4.96554084],[1.1453369],[4.10255723]
[4.94435756],[1.14856241],[4.07422264]
[4.96765878],[1.17655771],[4.17668668]
[4.93415289],[1.17836529],[4.1473631]
[4.9696313],[1.20673716],[4.2660973]
[5.02575956],[1.20524499],[4.37018505]
[4.97480347],[1.22650733],[4.36480562]
[5.0307945],[1.23676213],[4.47336612]
[5.00716667],[1.24442532],[4.4697449]
[5.022333],[1.24784471],[4.50858678]
[5.00599568],[1.24316223],[4.49583618]
[4.98190759],[1.2373826],[4.47812011]
[4.97668451],[1.23067937],[4.46081162]
[4.96623112],[1.22413459],[4.43055448]
[4.97314934],[1.2182805],[4.41637795]
[4.96557912],[1.21508727],[4.3868032]
[4.964836],[1.21188956],[4.35927633]
[4.97703117],[1.20869289],[4.33582702]
[4.98282978],[1.20519446],[4.29663437]
[4.99471514],[1.20201659],[4.27657755]
[5.00549925],[1.19776796],[4.24760164]
[5.02928635],[1.1888272],[4.22691357]
[5.03122236],[1.17410906],[4.16645547]
[5.0430122],[1.16824895],[4.12270768]
[5.05568047],[1.17253278],[4.08060875]
[5.0608816],[1.17990931],[4.01048881]
[5.0609502],[1.18261462],[3.95750863]
[5.03445344],[1.19151319],[3.91912165]
[4.31259345],[1.20511972],[3.54758056]
[3.56630036],[1.21640868],[2.72822875]
[2.81465188],[1.18300538],[1.83696048]
[1.51140969],[0.46994274],[0.44765413]
[3.10778823],[0.5963226],[1.52390619]
[3.51997291],[0.71415171],[1.90692034]
[3.67192477],[0.79310895],[2.25719284]
[3.75082893],[0.85379464],[2.46143235]
[3.84541395],[0.88724702],[2.65389366]
[3.94539705],[0.90984746],[2.79800422]
[4.09853986],[0.94755716],[2.95466373]
[4.17031719],[0.95909066],[3.06555346]
[4.31106212],[0.98097872],[3.17928502]
[4.41175408],[0.98882861],[3.35973147]
[4.48054662],[1.01014001],[3.4538054]
[4.52057846],[1.01640136],[3.57214156]
[4.55324191],[1.03679584],[3.59366829]
[4.59494842],[1.041983],[3.71313387]
[4.61476657],[1.05643252],[3.68632456]
[4.66971765],[1.0618155],[3.84508559]
[4.73989385],[1.07056529],[3.84416954]
[4.7922739],[1.07857795],[3.98816907]
[4.88101843],[1.09063205],[4.06007081]
[4.97032892],[1.1287308],[4.23642639]
[4.98822809],[1.15749685],[4.27641544]
[5.03650789],[1.17612456],[4.40925469]
[5.02857166],[1.18945175],[4.38751764]
[5.08595116],[1.2245182],[4.53458064]
[5.0405214],[1.22531227],[4.48843725]
[5.08713034],[1.25378364],[4.63355764]
[5.03469665],[1.25287879],[4.58588875]
[5.08657038],[1.27569409],[4.73719179]
[5.12242959],[1.28366206],[4.83836187]
[5.09310022],[1.30734714],[4.86484389]
[5.13156662],[1.32888447],[4.96832535]
[5.11615525],[1.34949153],[4.96513894]
[5.12229201],[1.36401195],[5.0211924]
[5.11846654],[1.36938513],[5.01228402]
[5.08268551],[1.36505147],[5.0027642]
[5.07485156],[1.3588406],[4.99089549]
[5.06501948],[1.35208001],[4.96365562]
[5.07639411],[1.34470723],[4.95571343]
[5.06696807],[1.33760979],[4.91984975]
[5.06659035],[1.33044465],[4.89895222]
[5.07716384],[1.32324102],[4.89359778]
[5.07882627],[1.31538454],[4.87261607]
[5.07755652],[1.30817408],[4.86122875]
[5.07650322],[1.3005007],[4.8469434]
[5.0967714],[1.30180002],[4.85096702]
[5.09920928],[1.30113986],[4.80692492]
[5.10740951],[1.30088876],[4.7748219]
[5.11130234],[1.30389321],[4.72753555]
[5.09949358],[1.31784912],[4.65028491]
[5.08727141],[1.32634462],[4.56668222]
[5.05502371],[1.33105388],[4.48598134]
[4.34043061],[1.33788356],[4.08776515]
[3.59582641],[1.34155405],[3.18966792]
[2.84794009],[1.29356048],[2.1839219]
[1.8045123],[0.49831655],[0.63889596]
[3.12919231],[0.66643442],[1.75890156]
[3.654269],[0.7624672],[2.19670176]
[3.74375584],[0.84055488],[2.47264994]
[3.83237595],[0.88416771],[2.67880634]
[3.88780895],[0.92267419],[2.83349493]
[4.11526357],[0.94701275],[3.06783034]
[4.34058221],[0.98382459],[3.26691031]
[4.43093008],[0.99304938],[3.41283032]
[4.46405554],[1.01457394],[3.45413006]
[4.51402105],[1.02285556],[3.60964929]
[4.53325116],[1.04069493],[3.61165183]
[4.59101911],[1.04707514],[3.76124523]
[4.60331098],[1.06113139],[3.73131204]
[4.67587497],[1.06645515],[3.91727903]
[4.7242848],[1.07575312],[3.89709192]
[4.79872731],[1.08087469],[4.10829751]
[4.90511123],[1.1095188],[4.19881321]
[5.02810257],[1.15096031],[4.44183629]
[5.04371749],[1.18434204],[4.45535827]
[5.17828774],[1.21444366],[4.71666795]
[5.16286828],[1.24192245],[4.70364465]
[5.28492594],[1.26653871],[4.93311363]
[5.19937491],[1.28280681],[4.84013783]
[5.35420614],[1.3022322],[5.08863316]
[5.22975136],[1.32173124],[4.98148324]
[5.36868477],[1.34343701],[5.22460729]
[5.22892217],[1.36223408],[5.1179478]
[5.37125225],[1.38574161],[5.36036942]
[5.32876894],[1.40377416],[5.39360265]
[5.38735398],[1.42486331],[5.49654921]
[5.34086655],[1.44378223],[5.53576537]
[5.37755539],[1.46129341],[5.55983967]
[5.33919437],[1.47289869],[5.59914927]
[5.37811599],[1.47648539],[5.60940523]
[5.32305851],[1.47387528],[5.59308052]
[5.31225419],[1.4682279],[5.58393504]
[5.30211863],[1.46290679],[5.5648575]
[5.30271005],[1.45729168],[5.55937645]
[5.28856884],[1.45168413],[5.53536292]
[5.27581028],[1.44611411],[5.51836839]
[5.26948011],[1.4404144],[5.50891149]
[5.25735803],[1.43435226],[5.48213003]
[5.24824701],[1.42867729],[5.46473711]
[5.23274726],[1.42975215],[5.44487773]
[5.23094953],[1.43169552],[5.43589898]
[5.19360681],[1.43008171],[5.36167693]
[5.17104403],[1.42604131],[5.30268434]
[5.14864648],[1.42149994],[5.23787203]
[5.12951314],[1.42091909],[5.13593371]
[5.10315476],[1.42321253],[5.03296774]
[5.06559284],[1.4282379],[4.99435466]
[4.39809857],[1.43217965],[4.59257405]
[3.65874297],[1.43502774],[3.61589468]
[2.91321438],[1.40283204],[2.53356078]
[2.25339764],[0.53605225],[0.87592536]
[3.13724806],[0.72106977],[1.94138337]
[3.69194243],[0.80494132],[2.38406742]
[3.76971366],[0.87540305],[2.64124483]
[3.86406895],[0.92506891],[2.8547138]
[3.9149803],[0.9601199],[2.98803251]
[4.21342829],[0.98374661],[3.25908849]
[4.38286004],[1.02169153],[3.4125097]
[4.47425593],[1.03017595],[3.57023851]
[4.50321915],[1.04592928],[3.61818917]
[4.57588195],[1.05360709],[3.78347673]
[4.596739],[1.06679622],[3.77636859]
[4.69275285],[1.07368734],[3.97651326]
[4.75253983],[1.08175305],[4.02509333]
[4.8927489],[1.10816211],[4.28464809]
[4.95703493],[1.14017277],[4.36338893]
[5.13600646],[1.17643753],[4.6652185]
[5.16335373],[1.21022113],[4.73785764]
[5.35761859],[1.24583913],[5.01185772]
[5.32122618],[1.27493644],[5.00753308]
[5.49848648],[1.30135997],[5.27474177]
[5.42376084],[1.32298254],[5.26783516]
[5.56718448],[1.3422396],[5.49765765]
[5.4723431],[1.35979641],[5.43614565]
[5.6264442],[1.38040833],[5.68226521]
[5.51204737],[1.39780755],[5.59536987]
[5.6427542],[1.41811953],[5.82555221]
[5.5154667],[1.43488884],[5.73512554]
[5.64411958],[1.45627004],[5.96174291]
[5.60599244],[1.47272325],[5.99319127]
[5.6587707],[1.49214555],[6.11905224]
[5.61624398],[1.51001925],[6.15103802]
[5.64368734],[1.52703786],[6.24170696]
[5.6191828],[1.5389347],[6.25539316]
[5.64674653],[1.54308639],[6.30838884]
[5.61071057],[1.54228689],[6.28682159]
[5.59615395],[1.53831914],[6.2920819]
[5.59131458],[1.53527298],[6.29326857]
[5.59140794],[1.53184331],[6.28759629]
[5.57420419],[1.52855349],[6.25586421]
[5.55959795],[1.52493322],[6.23232521]
[5.54296819],[1.52134209],[6.21095601]
[5.52290194],[1.51755264],[6.17792921]
[5.49878247],[1.51825257],[6.1480615]
[5.47426023],[1.52074641],[6.12093349]
[5.4514503],[1.52333874],[6.09266269]
[5.41196422],[1.52175241],[6.02675621]
[5.38053809],[1.52003162],[5.9712592]
[5.34750749],[1.52170538],[5.92433653]
[5.29752732],[1.52377904],[5.85449407]
[5.25486939],[1.52518886],[5.7752259]
[5.19938576],[1.52528054],[5.70651791]
[4.46517862],[1.5195813],[5.15175279]
[3.70073115],[1.51304177],[4.06169146]
[2.95644774],[1.5103265],[2.8957711]
[2.33726009],[0.61286452],[1.16748411]
[3.14479976],[0.76179758],[2.07991877]
[3.75248977],[0.84123222],[2.57783627]
[3.80614371],[0.90649517],[2.78744308]
[3.89606997],[0.96484993],[3.01460885]
[3.93443102],[0.9959362],[3.13656269]
[4.14011305],[1.02153359],[3.34456478]
[4.3751622],[1.04578744],[3.51321665]
[4.45452973],[1.05567199],[3.65764981]
[4.53925912],[1.06794778],[3.74173791]
[4.63773991],[1.07600485],[3.95242359]
[4.73035233],[1.08455808],[4.05444126]
[4.83715773],[1.12298358],[4.29179769]
[4.94705076],[1.15274462],[4.44494964]
[5.09756747],[1.18927842],[4.70811176]
[5.16802677],[1.21788149],[4.8245863]
[5.35513583],[1.25403735],[5.10093298]
[5.38382427],[1.28655421],[5.17146987]
[5.5957887],[1.32083539],[5.42859488]
[5.55985075],[1.34758336],[5.45546592]
[5.68580381],[1.37152327],[5.70487512]
[5.66948634],[1.39207605],[5.74354422]
[5.76637963],[1.41202042],[5.94811123]
[5.73304792],[1.42638867],[5.94926581]
[5.83446971],[1.44330572],[6.16253534]
[5.78677333],[1.45886951],[6.12519918]
[5.86198059],[1.47597921],[6.32175428]
[5.80148651],[1.49309805],[6.28990865]
[5.86742574],[1.51533712],[6.48578654]
[5.88342694],[1.53251433],[6.54511311]
[5.88625822],[1.55274224],[6.66280763]
[5.89884629],[1.5712968],[6.7150496]
[5.89436399],[1.58900058],[6.81182713]
[5.90750388],[1.60201825],[6.83504328]
[5.90445578],[1.60587892],[6.89681023]
[5.90449607],[1.60409345],[6.89425267]
[5.87907363],[1.59991077],[6.90402956]
[5.87812682],[1.59621539],[6.90880207]
[5.87688348],[1.59231226],[6.90367278]
[5.86198838],[1.58868131],[6.87976858]
[5.85333944],[1.58502193],[6.86464445]
[5.83823363],[1.58100168],[6.84964088]
[5.81496817],[1.57633053],[6.82186336]
[5.79023815],[1.5748547],[6.79391506]
[5.76567789],[1.57605819],[6.76994045]
[5.74288967],[1.57735753],[6.74072182]
[5.70747281],[1.57519401],[6.68662176]
[5.68144869],[1.57356202],[6.64642869]
[5.65174574],[1.57311359],[6.61337447]
[5.61035642],[1.5728093],[6.55349563]
[5.57452476],[1.57249244],[6.4932689]
[5.48712709],[1.57197161],[6.40539913]
[4.71591363],[1.57130806],[5.68115447]
[3.93487839],[1.57034307],[4.53866997]
[3.14289966],[1.56714667],[3.31519318]
[2.38144159],[0.678847],[1.36670095]
[3.16714294],[0.79838512],[2.23487975]
[3.81172837],[0.88326991],[2.74712871]
[3.86796148],[0.94894921],[2.96063886]
[3.95101828],[1.00136309],[3.17910285]
[3.97768732],[1.029781],[3.29300437]
[4.23000837],[1.05167694],[3.50311583]
[4.43718052],[1.0713002],[3.652485]
[4.56233046],[1.07719529],[3.84845017]
[4.67710757],[1.09180155],[4.01400924]
[4.78213927],[1.1326503],[4.27898419]
[4.92262113],[1.16680219],[4.46670179]
[5.0308124],[1.20058248],[4.71799642]
[5.13777471],[1.22871944],[4.88695543]
[5.28660017],[1.26390602],[5.13318214]
[5.35759174],[1.29296941],[5.26417106]
[5.542888],[1.32741015],[5.50389488]
[5.58691862],[1.35832712],[5.6218696]
[5.73644521],[1.39094596],[5.86158004]
[5.75459008],[1.41388572],[5.92364641]
[5.84351094],[1.43682622],[6.16760577]
[5.8640879],[1.457819],[6.2500145]
[5.9153861],[1.47690924],[6.4372618]
[5.92930837],[1.49098586],[6.46496351]
[5.98184072],[1.50820879],[6.63277397]
[5.98387326],[1.52332814],[6.63208106]
[6.01079553],[1.5399316],[6.79178878]
[6.00143398],[1.55415074],[6.79141805]
[6.0175165],[1.57267773],[6.94866948]
[6.07070242],[1.58809074],[7.02749244]
[6.03934348],[1.60726061],[7.12434062]
[6.09020676],[1.62686049],[7.19700801]
[6.07083518],[1.64396312],[7.29090132]
[6.10787284],[1.65741362],[7.32568244]
[6.08526339],[1.66099395],[7.38169016]
[6.10802314],[1.65896764],[7.39510075]
[6.07453619],[1.65589243],[7.39925451]
[6.07710446],[1.65277612],[7.40631563]
[6.07870078],[1.6477681],[7.4017115]
[6.0729137],[1.64312827],[7.37970763]
[6.07228493],[1.63886691],[7.36777165]
[6.05872192],[1.63549171],[7.35206125]
[6.03566614],[1.63155502],[7.32323305]
[6.02243742],[1.62892593],[7.30235791]
[6.00237773],[1.62923068],[7.28015942]
[5.98322414],[1.62903443],[7.2531073]
[5.9532124],[1.6262165],[7.2074254]
[5.93558734],[1.62393418],[7.17870973]
[5.91348799],[1.62137079],[7.15191477]
[5.88001552],[1.61890291],[7.10497458]
[5.85408477],[1.61675051],[7.05893329]
[5.70398154],[1.61475338],[6.96757958]
[4.9391729],[1.61246368],[6.12792823]
[4.17012814],[1.61048374],[4.94032121]
[3.3901116],[1.61037678],[3.68679036]
[2.37808309],[0.75572395],[1.50359293]
[3.19254701],[0.83287479],[2.36661951]
[3.86252206],[0.92540677],[2.89155528]
[3.92154208],[0.98700508],[3.12054618]
[3.99856391],[1.03808608],[3.33174846]
[4.10932126],[1.0579263],[3.45090417]
[4.39061161],[1.07247092],[3.7013514]
[4.59717214],[1.08665722],[3.86710412]
[4.71586685],[1.14107897],[4.14523526]
[4.85912374],[1.17224179],[4.39148301]
[4.97931245],[1.21070997],[4.6943455]
[5.10460365],[1.2446621],[4.91157807]
[5.23668086],[1.27768553],[5.16525019]
[5.32007225],[1.30508578],[5.31251164]
[5.48882189],[1.33935342],[5.56978526]
[5.54520581],[1.36761339],[5.69198115]
[5.72095707],[1.3991978],[5.9712536]
[5.79089766],[1.42652071],[6.09066384]
[5.89601027],[1.45187824],[6.33191329]
[5.9674289],[1.47188604],[6.42717911]
[6.00748109],[1.49506046],[6.65787419]
[6.05732373],[1.51084038],[6.73774197]
[6.07865749],[1.52843869],[6.91404981]
[6.1270058],[1.54372787],[6.94349523]
[6.14424517],[1.56078972],[7.10134347]
[6.18232668],[1.57752465],[7.11047573]
[6.17552948],[1.59595318],[7.26709036]
[6.20360107],[1.61104952],[7.27345428]
[6.18330583],[1.62881177],[7.42257016]
[6.26025495],[1.64275854],[7.49767759]
[6.20552824],[1.65935243],[7.60257487]
[6.28204469],[1.67386245],[7.67353139]
[6.23871964],[1.68753912],[7.75857558]
[6.30138785],[1.69644027],[7.81076245]
[6.25777645],[1.69868767],[7.85811663]
[6.30043081],[1.69602196],[7.88541387]
[6.2567685],[1.69338758],[7.88108513]
[6.25549149],[1.69123581],[7.88472267]
[6.25268271],[1.68860704],[7.87741858]
[6.24628782],[1.68592042],[7.8566152]
[6.25042374],[1.68320587],[7.84158927]
[6.237846],[1.68048722],[7.82332632]
[6.21314616],[1.67740476],[7.79402622]
[6.20046213],[1.67430327],[7.7744704]
[6.18100166],[1.67264113],[7.75096425]
[6.16278762],[1.67053912],[7.72410569]
[6.13300085],[1.66841329],[7.67842894]
[6.11810922],[1.66625197],[7.64549906]
[6.0937136],[1.66378386],[7.61790627]
[6.05442068],[1.66183993],[7.5709458]
[6.02486892],[1.66050543],[7.52497928]
[5.85969329],[1.65856252],[7.41738026]
[5.09168129],[1.6555348],[6.53162169]
[4.32569185],[1.65234416],[5.31158762]
[3.54744009],[1.6505183],[4.02820274]
[2.39432379],[0.80704623],[1.62021913]
[3.21645216],[0.8712582],[2.48010598]
[3.91858505],[0.96589165],[3.03319917]
[3.98021807],[1.02384542],[3.29216183]
[4.03670153],[1.06155716],[3.45815032]
[4.26581855],[1.07648535],[3.63040201]
[4.53913121],[1.10197714],[3.94998483]
[4.75523793],[1.17405317],[4.2380468]
[4.87232928],[1.23039],[4.57870127]
[5.04080507],[1.26249882],[4.89113119]
[5.16294221],[1.30138041],[5.20392678]
[5.27752141],[1.33084208],[5.41296491]
[5.42237639],[1.35950213],[5.6566529]
[5.49619888],[1.38296406],[5.82570889]
[5.65629059],[1.41221791],[6.08363581]
[5.73675451],[1.43613704],[6.24107843]
[5.8787629],[1.46079531],[6.52161352]
[5.9731013],[1.48265413],[6.63201185]
[6.05955656],[1.51184227],[6.85397997]
[6.15486875],[1.52344058],[6.9545375]
[6.1577398],[1.54729526],[7.16402582]
[6.2368731],[1.56209694],[7.2433564]
[6.22761088],[1.58381328],[7.43253761]
[6.31023963],[1.60015413],[7.45962964]
[6.29302735],[1.61573149],[7.63215781]
[6.3767004],[1.63007667],[7.62989741]
[6.32761733],[1.64582043],[7.79603836]
[6.41099303],[1.6592238],[7.79683615]
[6.33561174],[1.67653877],[7.96408046]
[6.46484044],[1.69019337],[8.0312614]
[6.36534471],[1.70417228],[8.14048005]
[6.48711493],[1.71499282],[8.2099687]
[6.4329106],[1.72774977],[8.27377691]
[6.50918312],[1.74938385],[8.38425188]
[6.45711498],[1.75430602],[8.42373163]
[6.5047816],[1.74579458],[8.48097969]
[6.45083663],[1.73776942],[8.45882317]
[6.44217247],[1.7295999],[8.45421198]
[6.42710324],[1.72506582],[8.43509131]
[6.41379418],[1.72210898],[8.40112369]
[6.41544773],[1.71924581],[8.38034844]
[6.3980465],[1.71637942],[8.35627749]
[6.3622803],[1.71331842],[8.31880963]
[6.34889601],[1.71116714],[8.29620943]
[6.31959292],[1.71082718],[8.26320916]
[6.28420737],[1.7116941],[8.22954889]
[6.24798185],[1.71236022],[8.18102345]
[6.23048359],[1.71105844],[8.15491856]
[6.20581348],[1.70909394],[8.12439146]
[6.16704824],[1.70721488],[8.07416337]
[6.14237669],[1.70356611],[8.03179649]
[5.94551689],[1.69811914],[7.90385153]
[5.17538983],[1.69434266],[6.96201604]
[4.41350256],[1.69256197],[5.70603369]
[3.63854155],[1.69063362],[4.39260323]
[2.44176599],[0.83461488],[1.74949742]
[3.24589181],[0.91232116],[2.6088871]
[3.97416997],[0.99844988],[3.1794848]
[4.01685286],[1.04535494],[3.40896679]
[4.14544099],[1.07199718],[3.57814306]
[4.4282651],[1.09931726],[3.83152559]
[4.68092524],[1.17937591],[4.23616709]
[4.91626635],[1.24658622],[4.62642149]
[5.06512921],[1.29683624],[4.98033236]
[5.21740894],[1.32776995],[5.30613293]
[5.34305934],[1.36491087],[5.61876204]
[5.44958941],[1.39070602],[5.83727037]
[5.60385903],[1.41725452],[6.10136405]
[5.68372585],[1.43917676],[6.29404836]
[5.81290193],[1.46729476],[6.56264968]
[5.92987735],[1.48721976],[6.72872732]
[6.02419787],[1.51842067],[6.96540143]
[6.17580602],[1.530996],[7.09625574]
[6.22537984],[1.56294197],[7.30193169]
[6.33248125],[1.57578225],[7.43098512]
[6.30228243],[1.59707995],[7.63446396]
[6.4108812],[1.61593865],[7.72931712]
[6.35633751],[1.63581142],[7.89439906]
[6.47935038],[1.65120388],[7.93923395]
[6.4313555],[1.66652332],[8.07619098]
[6.5377514],[1.68077777],[8.10237662]
[6.47991682],[1.69639732],[8.24619294]
[6.57077278],[1.70832706],[8.28981282]
[6.49061233],[1.72472098],[8.43588904]
[6.61723977],[1.74786293],[8.60918728]
[6.52500592],[1.77598963],[8.68074827]
[6.64330056],[1.8029054],[8.85893277]
[6.60737384],[1.83474072],[8.93471595]
[6.67073548],[1.86283267],[9.10145625]
[6.64005521],[1.86828104],[9.13359708]
[6.67429979],[1.85836923],[9.2284585]
[6.63717131],[1.84892841],[9.19978652]
[6.62227514],[1.83914088],[9.18138865]
[6.6058453],[1.82859625],[9.15240614]
[6.59205831],[1.81808272],[9.09951899]
[6.5907815],[1.80757686],[9.0609339]
[6.57516965],[1.79836757],[9.01533931]
[6.5317725],[1.78845642],[8.9508419]
[6.51035151],[1.77928316],[8.91276818]
[6.48122942],[1.77061267],[8.86568033]
[6.44622087],[1.76246019],[8.81639102]
[6.4091885],[1.75556123],[8.74266801]
[6.38630704],[1.7417782],[8.68139677]
[6.35365313],[1.73804705],[8.62502064]
[6.30266519],[1.73418194],[8.54833496]
[6.27326864],[1.72988124],[8.4801449]
[6.02850823],[1.72650787],[8.30711574]
[5.24744385],[1.72349318],[7.29818115]
[4.48530269],[1.72244951],[6.02107597]
[3.71814844],[1.72163979],[4.69127106]
[2.47277124],[0.86233266],[1.85909537]
[3.26783453],[0.9469824],[2.72580975]
[4.01675182],[1.01483209],[3.28204565]
[4.04889587],[1.05943561],[3.49202323]
[4.31297171],[1.09999538],[3.76040517]
[4.62594462],[1.17286765],[4.14278]
[4.80590375],[1.24853539],[4.60210965]
[5.0842673],[1.31010896],[5.01400488]
[5.27314774],[1.35561378],[5.37285004]
[5.39845863],[1.38603259],[5.71062041]
[5.54464918],[1.42249395],[6.05228994]
[5.63938347],[1.44409862],[6.28943482]
[5.77619502],[1.46895542],[6.57483123]
[5.88294335],[1.48930941],[6.75273317]
[5.98440954],[1.52143987],[7.02234832]
[6.11671378],[1.53333685],[7.16254662]
[6.18417948],[1.56918241],[7.40087025]
[6.35056032],[1.58157087],[7.54334808]
[6.35150008],[1.60421738],[7.74138667]
[6.48058432],[1.62039595],[7.86814873]
[6.4353349],[1.63983033],[8.06218253]
[6.55459272],[1.65886982],[8.16471462]
[6.51823604],[1.67830862],[8.31375488]
[6.63513324],[1.69288801],[8.42084544]
[6.6160376],[1.70782796],[8.5587656]
[6.71778001],[1.72521513],[8.65074792]
[6.69103929],[1.75171059],[8.78769719]
[6.76712076],[1.77506631],[8.90812805]
[6.71860074],[1.80654592],[9.02660694]
[6.81221119],[1.83734035],[9.25029129]
[6.7660601],[1.87365674],[9.30289698]
[6.84938607],[1.9050144],[9.55491487]
[6.85416915],[1.93423364],[9.62788075]
[6.88704254],[1.95976846],[9.82299643]
[6.89864632],[1.96256067],[9.85913035]
[6.8999067],[1.95471591],[9.92326628]
[6.8970759],[1.94668172],[9.9090126]
[6.87188538],[1.93775669],[9.88576676]
[6.85774853],[1.92787426],[9.85260586]
[6.84408137],[1.91871888],[9.81079614]
[6.83844015],[1.90932111],[9.77509658]
[6.8251239],[1.89981228],[9.73318408]
[6.77972312],[1.88905631],[9.65786441]
[6.74253583],[1.87887876],[9.60594555]
[6.70046981],[1.86844579],[9.53995556]
[6.65072759],[1.85698561],[9.46429894]
[6.59702774],[1.84598094],[9.37685183]
[6.5621541],[1.82737066],[9.29933325]
[6.51493218],[1.8027601],[9.20242104]
[6.45428893],[1.77951721],[9.06675669]
[6.39827047],[1.76014301],[8.93653591]
[6.17684133],[1.74761847],[8.70136002]
[5.38938448],[1.7426605],[7.60694495]
[4.61750376],[1.73987862],[6.28753839]
[3.8486062],[1.73789574],[4.92276907]
[2.49853847],[0.88748791],[1.94489418]
[3.28589296],[0.97018136],[2.81552011]
[4.05391962],[1.03591649],[3.37956773]
[4.21125778],[1.07503552],[3.65714843]
[4.47966852],[1.18885583],[4.07411981]
[4.7671838],[1.2552861],[4.56937986]
[4.95862723],[1.32444119],[5.01561393]
[5.23923896],[1.3790803],[5.46668467]
[5.46274262],[1.41921087],[5.84480869]
[5.55589902],[1.44855503],[6.17369215]
[5.69087582],[1.48340488],[6.51402771]
[5.79034286],[1.50060193],[6.76143476]
[5.89916735],[1.52896503],[7.03705509]
[6.01720188],[1.53875863],[7.20873521]
[6.09171656],[1.57524812],[7.48136572]
[6.23991324],[1.58638584],[7.62803984]
[6.30506982],[1.60911253],[7.87836029]
[6.45519471],[1.62435827],[8.0122767]
[6.47893657],[1.6439889],[8.21021377]
[6.61716194],[1.65895698],[8.3625426]
[6.59226518],[1.67905444],[8.54293207]
[6.70708418],[1.69769661],[8.7100381]
[6.69962437],[1.72273805],[8.87235015]
[6.80778689],[1.74846649],[9.02864824]
[6.83193138],[1.77431155],[9.17053044]
[6.91112598],[1.79950618],[9.32102257]
[6.93671129],[1.83138906],[9.43290232]
[6.97089503],[1.86218683],[9.6163282]
[6.99074116],[1.89957647],[9.73524284]
[7.03154755],[1.92730057],[9.97188868]
[7.0533792],[1.9576492],[10.04313882]
[7.08411539],[1.98413894],[10.25884837]
[7.16211683],[2.00857404],[10.34453331]
[7.16665134],[2.02903139],[10.48663503]
[7.24108617],[2.03229386],[10.53475672]
[7.21566203],[2.02574419],[10.57176483]
[7.24888518],[2.01808099],[10.56526776]
[7.21726022],[2.0099996],[10.54262374]
[7.19381861],[2.00172436],[10.51155061]
[7.17907512],[1.99365216],[10.47244515]
[7.16746657],[1.98555354],[10.43383532]
[7.15581618],[1.9769258],[10.3878224]
[7.0929849],[1.96602993],[10.31661046]
[7.02115437],[1.95536094],[10.256341]
[6.95998087],[1.94445136],[10.18854017]
[6.89305153],[1.93263631],[10.11110807]
[6.82275778],[1.92129509],[10.02076153]
[6.76819743],[1.90603915],[9.94102668]
[6.71113336],[1.88440157],[9.85185694]
[6.63838617],[1.85974206],[9.72942432]
[6.56445029],[1.83266785],[9.60436851]
[6.31716162],[1.80537856],[9.33386879]
[5.5170501],[1.78366435],[8.13029065]
[4.73417479],[1.76613168],[6.72337272]
[3.96388925],[1.75615616],[5.28109677]
[2.52377418],[0.91892363],[2.04712471]
[3.30125721],[0.9822758],[2.89311197]
[4.07925962],[1.05635583],[3.45942062]
[4.37314072],[1.1545523],[3.89048198]
[4.61617053],[1.25515057],[4.44426746]
[4.88731971],[1.31770138],[4.89873407]
[5.08361409],[1.38292934],[5.39853163]
[5.35205431],[1.43389001],[5.82694192]
[5.58030613],[1.47153042],[6.20433144]
[5.6753292],[1.500378],[6.54073599]
[5.78462952],[1.53154697],[6.88864913]
[5.90958392],[1.54749257],[7.14614954]
[5.99637797],[1.57530612],[7.45576841]
[6.14444785],[1.58636629],[7.61960948]
[6.18416769],[1.6120337],[7.87277229]
[6.37509853],[1.62428987],[8.0644931]
[6.39903755],[1.64330412],[8.26849154]
[6.58620623],[1.66089977],[8.44593951]
[6.62953176],[1.68049834],[8.6183312]
[6.77357057],[1.69758848],[8.84220581]
[6.77529693],[1.71814025],[9.00870206]
[6.88095166],[1.757141],[9.23720772]
[6.91166471],[1.79579623],[9.43495831]
[6.99942023],[1.82065118],[9.6479809]
[7.07968706],[1.85467262],[9.82858494]
[7.1647192],[1.88502318],[10.03940342]
[7.24515123],[1.91699095],[10.17129597]
[7.29362586],[1.94310476],[10.34368214]
[7.32456367],[1.97421899],[10.46483327]
[7.39161238],[1.99710888],[10.66111882]
[7.3979903],[2.02249083],[10.73030113]
[7.4771762],[2.04483448],[10.90798842]
[7.51690179],[2.06461642],[10.98609914]
[7.56512778],[2.07580568],[11.10016576]
[7.5854569],[2.07930314],[11.13751344]
[7.60024955],[2.07391849],[11.15553772]
[7.57382016],[2.06688395],[11.1366103]
[7.57492423],[2.05957345],[11.10029789]
[7.52529587],[2.051559],[11.06260074]
[7.50752787],[2.04406005],[11.0223482]
[7.48813061],[2.03651636],[10.98113598]
[7.4718472],[2.02899305],[10.93190569]
[7.43158388],[2.02096871],[10.85982952]
[7.34854847],[2.01258247],[10.79297621]
[7.2490264],[2.00337124],[10.72153361]
[7.13977904],[1.99291829],[10.64079957]
[7.03863003],[1.98196775],[10.54669374]
[6.96718817],[1.97000913],[10.45861353]
[6.90280411],[1.95044572],[10.35959732]
[6.82403838],[1.92880079],[10.22851087]
[6.74662452],[1.90793865],[10.10242683]
[6.45834676],[1.88562783],[9.81385262]
[5.64962352],[1.86138846],[8.58135072]
[4.85801362],[1.83708981],[7.17145408]
[4.07953401],[1.80848849],[5.69369848]
[2.54083654],[0.94776124],[2.12327682]
[3.31175383],[0.99393406],[2.95530973]
[4.08155009],[1.06967186],[3.5822698]
[4.50049623],[1.2285063],[4.24465859]
[4.70639101],[1.31539765],[4.75428847]
[4.98768912],[1.37144606],[5.27244505]
[5.19011321],[1.42948388],[5.72267161]
[5.44942576],[1.47542146],[6.13541669]
[5.66457528],[1.50803906],[6.53231155]
[5.78450713],[1.53470576],[6.86398607]
[5.8775513],[1.56802531],[7.26818021]
[6.02068566],[1.58089598],[7.50722695]
[6.08889153],[1.60546315],[7.82378418]
[6.25165908],[1.61336507],[8.00061941]
[6.27815084],[1.63704104],[8.21362408]
[6.45918634],[1.65012267],[8.39437012]
[6.4860766],[1.66860802],[8.55833811]
[6.7014825],[1.68519301],[8.78436992]
[6.76225063],[1.70504867],[8.94323238]
[6.89711108],[1.72217084],[9.20371251]
[6.93353513],[1.76206003],[9.39888182]
[7.02581908],[1.80007552],[9.68274307]
[7.10434391],[1.8463398],[9.91096549]
[7.21846787],[1.87499552],[10.18691768]
[7.34009184],[1.90737579],[10.38512118]
[7.47812856],[1.9362908],[10.56038073]
[7.53441324],[1.96674402],[10.71645822]
[7.62807751],[1.99087353],[10.85626954]
[7.61474138],[2.01959104],[10.98197046]
[7.72617093],[2.04043142],[11.14515165]
[7.688157],[2.06397153],[11.21266273]
[7.80561176],[2.08485159],[11.37556402]
[7.80550861],[2.10078487],[11.43764845]
[7.8909586],[2.11001091],[11.54474335]
[7.87829369],[2.11318953],[11.5721704]
[7.92196805],[2.10851568],[11.5876858]
[7.86290352],[2.10219725],[11.56338752]
[7.89738506],[2.09471091],[11.52962835]
[7.8338508],[2.08646657],[11.48313703]
[7.81837336],[2.07874158],[11.44210045]
[7.80313003],[2.07096011],[11.40197941]
[7.78543442],[2.06309736],[11.35045553]
[7.76064321],[2.05435872],[11.26894803]
[7.70439666],[2.04610377],[11.18855066]
[7.6018015],[2.03787916],[11.10008814]
[7.49413091],[2.02612626],[11.00498136]
[7.38750894],[2.01517995],[10.90909082]
[7.28246289],[2.00308509],[10.8152915]
[7.18032121],[1.98544073],[10.7137559]
[7.06256868],[1.96448083],[10.57892161]
[6.96853258],[1.94388338],[10.44922413]
[6.64003437],[1.92296702],[10.12867231]
[5.82330311],[1.89992098],[8.86151913]
[5.01974737],[1.8781201],[7.44106638]
[4.2267207],[1.8561647],[5.95301886]
[2.55220812],[0.95804989],[2.17188299]
[3.3175729],[1.00842742],[2.99504873]
[4.0834098],[1.10753038],[3.71330298]
[4.59644828],[1.26802299],[4.48187244]
[4.78693465],[1.35060191],[5.03107086]
[5.08385549],[1.40418821],[5.5462745]
[5.29660918],[1.46545483],[5.97668058]
[5.55131229],[1.50400015],[6.40027744]
[5.76166465],[1.54564301],[6.85481539]
[5.90735956],[1.56679171],[7.15602828]
[5.98334105],[1.59708127],[7.57630837]
[6.1418084],[1.60535184],[7.82365902]
[6.1837396],[1.62817941],[8.08600085]
[6.38205211],[1.63607351],[8.29065233]
[6.36097681],[1.65920141],[8.44759263]
[6.5603201],[1.67091289],[8.64916285]
[6.61256973],[1.68936608],[8.80490596]
[6.82543075],[1.70604438],[9.0692095]
[6.95933149],[1.72713351],[9.24924633]
[7.04464461],[1.75743119],[9.54598987]
[7.14890019],[1.79757451],[9.77830912]
[7.26750213],[1.84485169],[10.08685548]
[7.37651655],[1.89280965],[10.34488147]
[7.53071078],[1.9193323],[10.61580274]
[7.61358275],[1.9503103],[10.82302705]
[7.79624695],[1.97805521],[11.00143394]
[7.83347776],[2.00740899],[11.17149553]
[7.95218788],[2.03104507],[11.32748708]
[7.91593586],[2.06217276],[11.44640925]
[8.03690627],[2.08633333],[11.63500927]
[7.99875375],[2.1134529],[11.71639639]
[8.1051746],[2.13498169],[11.90142346]
[8.13357642],[2.15220161],[11.98557209]
[8.18645738],[2.16094015],[12.10967697]
[8.21191137],[2.16097136],[12.1450714]
[8.21523569],[2.14556108],[12.16747747]
[8.20085286],[2.13074582],[12.1069478]
[8.19148734],[2.12274011],[12.05714031]
[8.16528447],[2.11566239],[11.97851296]
[8.13088176],[2.10842952],[11.90020631]
[8.11310371],[2.10058125],[11.82066744]
[8.09349813],[2.09262984],[11.76027134]
[8.06927856],[2.08402647],[11.67875006]
[8.0431091],[2.07548865],[11.59854533]
[7.95733958],[2.06656694],[11.49732387]
[7.85086639],[2.05611382],[11.39073541]
[7.7387583],[2.04579727],[11.27673909]
[7.63245982],[2.03418963],[11.16539285]
[7.52648712],[2.01824293],[11.04751492]
[7.39111039],[1.99769713],[10.89206672]
[7.26332132],[1.97791478],[10.74803914]
[6.94040241],[1.95720952],[10.43730622]
[6.08328859],[1.93482904],[9.16534024]
[5.24120769],[1.91369192],[7.72317583]
[4.4270621],[1.89231899],[6.21441841]
[2.55752083],[0.96398067],[2.19896634]
[3.31833182],[1.02136772],[3.02190853]
[4.08309216],[1.15017166],[3.95022112]
[4.68625672],[1.30607095],[4.71436877]
[4.87031304],[1.38765777],[5.28622713]
[5.1705931],[1.43808868],[5.79110255]
[5.39573262],[1.5069706],[6.25038909]
[5.64351272],[1.53399013],[6.65937696]
[5.8457286],[1.58328729],[7.14759296]
[6.01416877],[1.59875028],[7.4453723]
[6.07607753],[1.62342994],[7.85760862]
[6.24041008],[1.6271112],[8.10965085]
[6.27642648],[1.6528473],[8.35487866]
[6.45201096],[1.65762298],[8.55197645]
[6.43804773],[1.68141697],[8.68389437]
[6.66065433],[1.68978562],[8.92140405]
[6.73852142],[1.7137188],[9.07017667]
[6.95773874],[1.72727257],[9.37638644]
[7.16571485],[1.75622363],[9.60219234]
[7.30149911],[1.80030155],[9.91731431]
[7.41351167],[1.83786942],[10.18060038]
[7.57776039],[1.90485374],[10.5440688]
[7.64466143],[1.95715217],[10.87086919]
[7.83686378],[1.98623164],[11.17780749]
[7.88431976],[2.02067344],[11.43558973]
[8.07337128],[2.05170684],[11.70064104]
[8.13723832],[2.08435945],[11.89467992]
[8.2485983],[2.11015195],[12.13745873]
[8.24833562],[2.14030033],[12.26999586]
[8.33160796],[2.16203849],[12.5197575]
[8.3372157],[2.18467399],[12.6291034]
[8.40992169],[2.20232966],[12.86718485]
[8.50171218],[2.2171934],[12.99082526]
[8.54140642],[2.22576242],[13.14614488]
[8.64590574],[2.2257533],[13.21456718]
[8.59571247],[2.2113545],[13.22817942]
[8.62487662],[2.19241826],[13.15184318]
[8.56271265],[2.17465255],[13.07381463]
[8.57985662],[2.15898533],[12.96300503]
[8.51595913],[2.14503707],[12.85116316]
[8.49292292],[2.13194967],[12.74214463]
[8.46852131],[2.12380257],[12.61649673]
[8.43650325],[2.11502776],[12.43265963]
[8.41663932],[2.10662781],[12.2467313]
[8.34640039],[2.09815686],[12.04085451]
[8.21180084],[2.0889637],[11.8970154]
[8.10009826],[2.07886378],[11.77408738]
[7.99218212],[2.06758325],[11.65112997]
[7.88409552],[2.05327488],[11.51777113]
[7.75631912],[2.03362777],[11.34681923]
[7.62931105],[2.01468764],[11.18951843]
[7.29793591],[1.99471742],[10.8663727]
[6.44250503],[1.9727561],[9.55939736]
[5.59625703],[1.95204062],[8.0899179]
[4.7500227],[1.93123593],[6.55661738]
[2.56088953],[0.9710325],[2.23545701]
[3.31871668],[1.03203163],[3.05041097]
[4.08282736],[1.18386609],[4.11855277]
[4.79032138],[1.3320473],[4.88412903]
[4.97114988],[1.4128973],[5.47201033]
[5.2594979],[1.4628736],[5.98628111]
[5.49686676],[1.53858494],[6.49521271]
[5.74751455],[1.56399125],[6.89761335]
[5.93280974],[1.60902132],[7.39971275]
[6.11842377],[1.62104716],[7.71368491]
[6.15403806],[1.6455101],[8.08512938]
[6.35312628],[1.64909216],[8.36045277]
[6.33488089],[1.67379198],[8.55088049]
[6.52995519],[1.67896962],[8.77669613]
[6.53472963],[1.70343033],[8.90020236]
[6.76789014],[1.71538314],[9.18658717]
[6.89289141],[1.74085199],[9.36706505]
[7.11809736],[1.76525052],[9.73027857]
[7.39100459],[1.80531059],[10.02222873]
[7.61155304],[1.88233488],[10.44055393]
[7.67918748],[1.9567402],[10.85902369]
[7.88292859],[2.02204472],[11.30234203]
[7.92192769],[2.06219635],[11.66197819]
[8.11079112],[2.08724077],[12.03107289]
[8.18894108],[2.11806851],[12.36727732]
[8.36965953],[2.14579087],[12.79068251]
[8.53727256],[2.17505174],[13.0790747]
[8.67772313],[2.19755247],[13.37812455]
[8.73126676],[2.22342638],[13.56236105]
[8.8065649],[2.23906574],[13.78654502]
[8.83445255],[2.25690436],[13.93971594]
[8.920506],[2.27318225],[14.12693682]
[8.96917496],[2.28560405],[14.27471055]
[9.03523705],[2.29427901],[14.42159914]
[9.0676231],[2.29324133],[14.49727274]
[9.08417065],[2.28055292],[14.50381344]
[9.04647199],[2.26296948],[14.43129962]
[9.0463688],[2.24659564],[14.3154945]
[9.00533776],[2.22587179],[14.20225624]
[8.99890042],[2.20934365],[14.06079436]
[8.95650679],[2.19519928],[13.92439677]
[8.93647726],[2.18046041],[13.8008423]
[8.90763063],[2.16409687],[13.64182788]
[8.88911714],[2.14897109],[13.44454636]
[8.86729697],[2.13662809],[13.20550257]
[8.75522887],[2.12799195],[12.88924621]
[8.60676155],[2.11958502],[12.59253058]
[8.40386125],[2.10957489],[12.3217386]
[8.22137042],[2.09772919],[12.08390037]
[8.08974035],[2.07668248],[11.89052083]
[7.97409919],[2.05690931],[11.72408448]
[7.62537524],[2.03858456],[11.36223864]
[6.78232277],[2.01778982],[10.01189197]
[5.9412822],[1.99811006],[8.51568957]
[5.09256722],[1.97884572],[6.95002581]
[2.56226445],[0.97858601],[2.26867563]
[3.31968898],[1.0422476],[3.08947139]
[4.0827448],[1.2146844],[4.25670755]
[4.83085683],[1.35367468],[5.07866314]
[5.07592631],[1.439269],[5.70151059]
[5.35188055],[1.49295367],[6.18982553]
[5.60086129],[1.56209041],[6.72763951]
[5.85150941],[1.58754052],[7.13997951]
[6.02203019],[1.63013788],[7.62433234]
[6.21313511],[1.64108243],[7.92372546]
[6.24323543],[1.66468764],[8.29006813]
[6.40710984],[1.66833077],[8.56126484]
[6.3864313],[1.69110784],[8.73707525]
[6.61938468],[1.69705668],[8.98103383]
[6.65830101],[1.72488486],[9.12486414]
[6.89400844],[1.74275214],[9.47396865]
[7.08962973],[1.7771784],[9.74103846]
[7.38765768],[1.84723614],[10.21590281]
[7.63709607],[1.91544048],[10.65369785]
[7.90994205],[1.98553253],[11.17190438]
[7.96009589],[2.05658029],[11.63012743]
[8.15124551],[2.11237978],[12.15242347]
[8.26049139],[2.14692799],[12.59315172]
[8.45396361],[2.16963181],[13.11475901]
[8.64614801],[2.19823978],[13.53544595]
[8.82086598],[2.22429911],[13.96037758]
[8.94902976],[2.25207567],[14.31290325]
[9.14617123],[2.27215204],[14.62867222]
[9.15670235],[2.29161686],[14.87483369]
[9.29956931],[2.30620536],[15.10015346]
[9.2562737],[2.32315338],[15.26590245]
[9.39671075],[2.33850569],[15.46482695]
[9.39187197],[2.35146783],[15.60726857]
[9.47683513],[2.36236626],[15.78094921]
[9.49197065],[2.36045659],[15.85807514]
[9.51681266],[2.344641],[15.90281311]
[9.46064666],[2.32735278],[15.8197111]
[9.48066121],[2.31238843],[15.71637743]
[9.41151977],[2.29277748],[15.55076927]
[9.43177942],[2.27129298],[15.42126894]
[9.3710918],[2.25190137],[15.22882885]
[9.3484303],[2.23749814],[15.05338781]
[9.31588495],[2.22179467],[14.84787292]
[9.29155626],[2.20712784],[14.63634754]
[9.27254839],[2.19224102],[14.36130564]
[9.22672664],[2.17525972],[14.10254948]
[9.08340707],[2.16008377],[13.81437155]
[8.93534685],[2.14421702],[13.510966]
[8.78372755],[2.13098748],[13.17772675]
[8.60757557],[2.11252214],[12.79109918]
[8.4150298],[2.09334823],[12.46402265]
[7.94954395],[2.07385089],[11.94539317]
[7.0682677],[2.05160033],[10.50388632]
[6.23657112],[2.03238215],[8.96848098]
[5.40427702],[2.01273259],[7.35915553]
[2.56691116],[0.99151046],[2.31181818]
[3.32316674],[1.05378902],[3.15153521]
[4.08360741],[1.24222652],[4.3795573]
[4.83271725],[1.37335508],[5.27542305]
[5.18667222],[1.46979163],[5.9527555]
[5.44869415],[1.51933817],[6.42161334]
[5.69953646],[1.58705219],[6.96523859]
[5.96227116],[1.61354264],[7.38318656]
[6.11521031],[1.6533237],[7.8300208]
[6.34156241],[1.66297525],[8.15712729]
[6.31400215],[1.68550028],[8.48089883]
[6.50179099],[1.68886493],[8.78001463]
[6.51025347],[1.71420727],[8.97525474]
[6.7391463],[1.73515645],[9.28754056]
[6.83942534],[1.77070224],[9.51011484]
[7.06190536],[1.81258357],[9.981135]
[7.34512773],[1.869218],[10.3790131]
[7.67801161],[1.95405103],[10.97276431]
[7.92146558],[2.02633302],[11.48743572]
[8.20468128],[2.08691573],[12.07276939]
[8.35849011],[2.14801407],[12.60188597]
[8.56111601],[2.19602982],[13.24473952]
[8.74232063],[2.22686188],[13.76204221]
[8.92010461],[2.2477822],[14.27928051]
[9.03482255],[2.27376059],[14.74005337]
[9.26318177],[2.29807793],[15.23942541]
[9.33172824],[2.32294163],[15.62664766]
[9.55063296],[2.33851911],[16.00904752]
[9.57245515],[2.35641693],[16.25997756]
[9.68815456],[2.3697873],[16.53876761]
[9.6770459],[2.38673036],[16.6930016]
[9.77022657],[2.39952861],[16.9295013]
[9.81952516],[2.40908639],[17.08053867]
[9.84949144],[2.41571198],[17.28979605]
[9.91113329],[2.4154697],[17.40004789]
[9.89497725],[2.40418394],[17.47995467]
[9.89330778],[2.38879766],[17.44310361]
[9.85551462],[2.37133957],[17.34121027]
[9.84423207],[2.34959614],[17.15054461]
[9.80985556],[2.32996447],[16.98934167]
[9.79964935],[2.3095177],[16.79561573]
[9.74931282],[2.29090352],[16.55811141]
[9.71397491],[2.27478708],[16.29650114]
[9.6877495],[2.26070435],[16.04950164]
[9.66507487],[2.24649993],[15.81094332]
[9.63364877],[2.23102593],[15.49488179]
[9.54716101],[2.21649224],[15.14583823]
[9.39533504],[2.2013075],[14.73980717]
[9.22584534],[2.18395282],[14.34938437]
[9.03959802],[2.15954555],[13.96975049]
[8.86558715],[2.13457082],[13.61962319]
[8.50615286],[2.11004618],[13.07952575]
[7.60077161],[2.08628134],[11.49665996]
[6.70057823],[2.06592726],[9.76849291]
[5.77524268],[2.04623386],[7.97271746]
[2.56718841],[1.00160387],[2.33820681]
[3.32285017],[1.06541665],[3.20712697]
[4.08363737],[1.28720255],[4.50914297]
[4.83248942],[1.41345638],[5.51357613]
[5.23963142],[1.50106587],[6.21053083]
[5.49435386],[1.54846742],[6.65597339]
[5.75227676],[1.61515148],[7.19978612]
[6.0072773],[1.6406465],[7.59977752]
[6.17068056],[1.67803571],[8.03362983]
[6.37891065],[1.68727721],[8.3875766]
[6.35014785],[1.71572449],[8.74171037]
[6.569186],[1.73137193],[9.11476667]
[6.6011924],[1.76283429],[9.36530872]
[6.83524273],[1.78860469],[9.77869896]
[6.99601351],[1.83377381],[10.13696511]
[7.25399698],[1.92475789],[10.71318267]
[7.56241053],[1.97872736],[11.21662277]
[7.94851773],[2.05312687],[11.85075642]
[8.24884464],[2.12326355],[12.4365951]
[8.58678459],[2.17660691],[13.13892597]
[8.76481858],[2.23082719],[13.71703764]
[8.95448981],[2.27310305],[14.36175806]
[9.07017636],[2.30069389],[14.9234536]
[9.31233479],[2.31952421],[15.50143661]
[9.36675229],[2.34247503],[15.98586118]
[9.58365828],[2.36322133],[16.54129189]
[9.6690578],[2.38243369],[17.00954586]
[9.8499936],[2.39756059],[17.46521801]
[9.9522848],[2.41428324],[17.83039821]
[10.02717789],[2.42575774],[18.13296614]
[10.06510577],[2.43901521],[18.34656002]
[10.11320747],[2.44978249],[18.58668456]
[10.21652318],[2.45941246],[18.82737442]
[10.22539874],[2.47229673],[19.00969384]
[10.33000973],[2.481938],[19.2095232]
[10.33457648],[2.48387484],[19.27898262]
[10.32949551],[2.46205153],[19.32076586]
[10.26764659],[2.43691607],[19.19534503]
[10.27179265],[2.40830697],[19.04029558]
[10.19753157],[2.3909466],[18.79704001]
[10.22173807],[2.37217062],[18.62074204]
[10.14818342],[2.35156754],[18.33493435]
[10.10629295],[2.33085143],[18.03530626]
[10.08180226],[2.31415218],[17.73149132]
[10.05683673],[2.30090655],[17.44404138]
[10.02641207],[2.28733527],[17.12943377]
[9.98616289],[2.27433227],[16.75724891]
[9.86247544],[2.26203671],[16.35742716]
[9.69968794],[2.24830954],[15.95176606]
[9.51290706],[2.2281901],[15.52411233]
[9.3384073],[2.20538186],[15.11960936]
[8.98740561],[2.18183523],[14.52781649]
[8.08204247],[2.15502412],[12.93782058]
[7.19108829],[2.1298771],[11.19767122]
[6.30040729],[2.10478509],[9.34931943]
[2.56722454],[1.00595202],[2.35755974]
[3.32277578],[1.06938719],[3.23182937]
[4.08379046],[1.30510612],[4.56149828]
[4.83257665],[1.42857987],[5.59537197]
[5.2675883],[1.51719001],[6.31428815]
[5.52192418],[1.56541422],[6.7785644]
[5.77526449],[1.63609934],[7.32978589]
[6.03035136],[1.66187855],[7.73737552]
[6.19277502],[1.70668198],[8.21485132]
[6.389664],[1.72385861],[8.62334263]
[6.35739671],[1.75641586],[9.03928761]
[6.59155699],[1.78652407],[9.49702563]
[6.64188373],[1.83763146],[9.84038294]
[6.8942273],[1.91099369],[10.448092]
[7.11861303],[1.95733315],[10.93437898]
[7.45298254],[2.03684145],[11.52492756]
[7.76151011],[2.09931552],[12.07472418]
[8.15754748],[2.1620332],[12.7706559]
[8.49248528],[2.22184297],[13.42850593]
[8.81224977],[2.26712485],[14.1588539]
[8.9951147],[2.31306938],[14.76756001]
[9.21829669],[2.34671118],[15.40352535]
[9.28935831],[2.36872657],[16.02623307]
[9.52087062],[2.38406939],[16.6495293]
[9.59317977],[2.40067539],[17.19140564]
[9.77950733],[2.4206366],[17.86251416]
[9.89208947],[2.43897286],[18.40159616]
[10.04605351],[2.45067485],[18.97230087]
[10.1907586],[2.46468586],[19.48095632]
[10.26715272],[2.47545144],[19.80581063]
[10.31879432],[2.49532196],[20.0924464]
[10.39294559],[2.51052896],[20.31584381]
[10.47805337],[2.53332743],[20.58058266]
[10.55212121],[2.56912655],[20.79207291]
[10.62296305],[2.57964162],[21.00475777]
[10.66684946],[2.58892972],[21.10210089]
[10.61938118],[2.54735495],[21.15807349]
[10.59832288],[2.52011913],[21.06154091]
[10.54946576],[2.49382384],[20.89922081]
[10.52250441],[2.46462195],[20.6641942]
[10.49166115],[2.43295577],[20.43995274]
[10.45424865],[2.4133565],[20.16181237]
[10.39061126],[2.39799622],[19.85103831]
[10.3581669],[2.38262015],[19.56085609]
[10.32626837],[2.36597791],[19.25343952]
[10.29258296],[2.35130199],[18.912188]
[10.25351267],[2.34008482],[18.56816122]
[10.15039243],[2.32880276],[18.18171143]
[10.01884061],[2.31627179],[17.7727123]
[9.89749686],[2.29815385],[17.33232619]
[9.7807678],[2.27743095],[16.91260867]
[9.51284304],[2.25583182],[16.32011519]
[8.64771778],[2.23125112],[14.67201675]
[7.79408888],[2.20845716],[12.83619562]
[6.93709879],[2.18523701],[10.89237553]
[2.56660076],[1.00929908],[2.36966166]
[3.32267196],[1.07081496],[3.24592041]
[4.08394334],[1.31152002],[4.58497196]
[4.83273076],[1.43497016],[5.62954003]
[5.28939852],[1.52544645],[6.36590375]
[5.5516743],[1.5769133],[6.8478833]
[5.78914772],[1.65214056],[7.4191227]
[6.0489423],[1.68221687],[7.86176145]
[6.19738771],[1.73098458],[8.36213311]
[6.40036884],[1.7507971],[8.81609686]
[6.36592599],[1.78347377],[9.27991879]
[6.61748009],[1.85536403],[9.83929204]
[6.71192001],[1.90780649],[10.29803237]
[6.98460847],[1.98030603],[10.95406715]
[7.2848528],[2.02728459],[11.46793345]
[7.64449968],[2.09983556],[12.06594632]
[7.93613936],[2.16836839],[12.65177259]
[8.32787464],[2.22691533],[13.43532367]
[8.66956683],[2.28252441],[14.1622824]
[8.9734703],[2.32280749],[14.8585601]
[9.16572352],[2.36345666],[15.52025429]
[9.4077587],[2.39402592],[16.19162953]
[9.46889853],[2.41817702],[16.82229843]
[9.68314702],[2.43347869],[17.54308909]
[9.79075084],[2.44918642],[18.22421739]
[9.95636641],[2.466569],[18.92615143]
[10.10091828],[2.49381156],[19.62993902]
[10.25676649],[2.52395308],[20.25348194]
[10.43032645],[2.55128795],[20.8768922]
[10.55011599],[2.58493207],[21.2540436]
[10.60897731],[2.6332935],[21.65778674]
[10.70178307],[2.65389084],[21.95933759]
[10.76329362],[2.69862424],[22.3134085]
[10.88753535],[2.72626002],[22.62030699]
[10.91672916],[2.73769167],[22.83731029]
[10.97505833],[2.74384954],[22.9940846]
[10.91405057],[2.71706942],[23.04018107]
[10.92141276],[2.68612768],[23.00782207]
[10.83767249],[2.65061754],[22.84501869]
[10.85031468],[2.60536284],[22.6644358]
[10.7765957],[2.55706761],[22.41387077]
[10.77941429],[2.5188824],[22.15334541]
[10.70032993],[2.48815937],[21.82097855]
[10.66822175],[2.45539157],[21.52935287]
[10.65327994],[2.42585778],[21.20197837]
[10.63599135],[2.41024893],[20.8143685]
[10.62039181],[2.39719429],[20.41012032]
[10.57791168],[2.38622076],[19.98751914]
[10.4441212],[2.37523484],[19.55529264]
[10.31183208],[2.35599145],[19.06702447]
[10.20356921],[2.3360271],[18.59936346]
[9.92688592],[2.31589909],[17.92023142]
[9.06778626],[2.29284061],[16.17962417]
[8.21561178],[2.27041735],[14.27600316]
[7.3591288],[2.24756336],[12.25393435]
[2.56816752],[1.0142455],[2.379963]
[3.32394217],[1.07369902],[3.26979928]
[4.08450337],[1.32080811],[4.61065284]
[4.83329434],[1.44307878],[5.66835881]
[5.31814816],[1.53942628],[6.43377153]
[5.58939688],[1.5978022],[6.96550798]
[5.81004652],[1.67457367],[7.5451301]
[6.08916523],[1.70856371],[8.0159314]
[6.22239551],[1.75709186],[8.55343475]
[6.4367758],[1.77999786],[9.04552597]
[6.41352479],[1.83680546],[9.5662675]
[6.69679529],[1.92106148],[10.27017654]
[6.85135727],[1.97301419],[10.80874282]
[7.10350759],[2.04266547],[11.44859572]
[7.46317029],[2.09555328],[11.99505641]
[7.85294001],[2.15877843],[12.61988576]
[8.14107574],[2.22458344],[13.29835511]
[8.5067012],[2.27652714],[14.1013987]
[8.81763662],[2.32564719],[14.82425198]
[9.13490453],[2.36220902],[15.5234215]
[9.32530671],[2.40027282],[16.23502939]
[9.55177326],[2.43263251],[16.92747453]
[9.63419805],[2.45150723],[17.61328628]
[9.82535676],[2.46584795],[18.38700197]
[9.95612033],[2.4881499],[19.16769494]
[10.143716],[2.52021415],[19.9102856]
[10.33237128],[2.57468559],[20.74467162]
[10.47390996],[2.62243691],[21.38420008]
[10.70528556],[2.67002339],[22.20083719]
[10.79134591],[2.70642074],[22.72297117]
[10.91567552],[2.75059446],[23.22368071]
[10.95894783],[2.77337664],[23.5919751]
[11.02746015],[2.81025329],[23.93475568]
[11.14237871],[2.8279013],[24.2815756]
[11.22212324],[2.83875191],[24.50315507]
[11.25507579],[2.84207521],[24.71583103]
[11.23964841],[2.82302765],[24.80238962]
[11.21394121],[2.79439267],[24.83366026]
[11.19106665],[2.76024908],[24.66288855]
[11.18759179],[2.71745086],[24.51008011]
[11.17374026],[2.67516222],[24.2662743]
[11.16807828],[2.6290652],[24.04713736]
[11.14145398],[2.57748358],[23.68339691]
[11.10719437],[2.52611927],[23.34356715]
[11.09015673],[2.49659042],[22.97479554]
[11.06198463],[2.46541809],[22.57251787]
[11.0317986],[2.43474726],[22.15827648]
[11.00180551],[2.42030036],[21.69321434]
[10.93305216],[2.40695569],[21.17102374]
[10.72913991],[2.39263387],[20.604661]
[10.61763587],[2.37420169],[20.07343547]
[10.31932134],[2.35336599],[19.38958466]
[9.45866062],[2.33159973],[17.62600092]
[8.61002064],[2.31094456],[15.63845866]
[7.75954377],[2.29024655],[13.52379616]
[2.56714131],[1.01414651],[2.3793245]
[3.3231848],[1.08475995],[3.29239397]
[4.08426725],[1.33492415],[4.65345254]
[4.8331412],[1.4603906],[5.74094257]
[5.33752615],[1.56065084],[6.54967947]
[5.60356838],[1.62370394],[7.09831133]
[5.82203786],[1.69777518],[7.68857216]
[6.09248963],[1.73283471],[8.17239761]
[6.22691033],[1.78204825],[8.74823522]
[6.46763042],[1.80711366],[9.2865093]
[6.51709375],[1.8957263],[9.88265236]
[6.79418562],[1.98197916],[10.72582442]
[6.98214464],[2.0359631],[11.31296499]
[7.2756866],[2.10008134],[11.91484417]
[7.62265502],[2.15806375],[12.49416328]
[8.01368621],[2.21533559],[13.21998628]
[8.32421007],[2.27300545],[13.92958472]
[8.66405642],[2.3197292],[14.68571839]
[8.94548077],[2.364776],[15.40487441]
[9.27671509],[2.39965415],[16.16132853]
[9.46706985],[2.44361033],[16.91077538]
[9.69265656],[2.46769218],[17.66326844]
[9.79698146],[2.50617078],[18.50025409]
[9.9644251],[2.54592626],[19.31541137]
[10.15449904],[2.60219441],[20.24729054]
[10.38349464],[2.65075143],[21.17834681]
[10.55980956],[2.70842393],[22.09321034]
[10.70268333],[2.7470577],[22.93708681]
[10.92976162],[2.78489783],[23.81758446]
[11.05826476],[2.81770735],[24.41525808]
[11.21696685],[2.85038213],[24.94606786]
[11.26285807],[2.87186478],[25.4128114]
[11.32455792],[2.90001556],[25.77860834]
[11.39063761],[2.91163577],[26.14397098]
[11.52219406],[2.92146836],[26.42106568]
[11.54528475],[2.92297093],[26.6191747]
[11.60892607],[2.90983425],[26.77722007]
[11.61447387],[2.88557915],[26.80833426]
[11.63529575],[2.85791971],[26.74411252]
[11.56302021],[2.82163889],[26.54235729]
[11.60190443],[2.78202347],[26.34594487]
[11.55437703],[2.73991752],[26.07190182]
[11.59167971],[2.6964004],[25.79349617]
[11.5394862],[2.64764506],[25.42529355]
[11.52839287],[2.59826733],[25.0777965]
[11.49603965],[2.54672152],[24.65097793]
[11.46945492],[2.50814876],[24.17123196]
[11.47194023],[2.47828408],[23.64919018]
[11.40415993],[2.44936419],[23.11350945]
[11.28194237],[2.42641018],[22.480387]
[11.11002538],[2.41021021],[21.8731007]
[10.78434227],[2.39375902],[21.08622083]
[9.90764924],[2.37133483],[19.2121853]
[9.05160428],[2.35077554],[17.12283833]
[8.19907085],[2.33104213],[14.94286871]
[2.56644313],[1.01758192],[2.38597199]
[3.32296977],[1.09868942],[3.31372947]
[4.08425619],[1.35304007],[4.70041143]
[4.83397806],[1.47864501],[5.83465363]
[5.36559846],[1.58188458],[6.67957907]
[5.61506823],[1.64757198],[7.25400072]
[5.83703623],[1.71569761],[7.85612701]
[6.10073647],[1.75320072],[8.3610108]
[6.25367654],[1.80436972],[8.95451243]
[6.54494361],[1.84663821],[9.56895996]
[6.63473075],[1.944202],[10.27463118]
[6.89787254],[2.03416501],[11.16122764]
[7.12335827],[2.09684503],[11.7891439]
[7.46793594],[2.15541106],[12.39857516]
[7.79325236],[2.22231379],[13.07243597]
[8.18333249],[2.27408473],[13.87394141]
[8.52007072],[2.32866002],[14.60806398]
[8.82493131],[2.3738951],[15.37432346]
[9.07895869],[2.42433076],[16.21054631]
[9.41435332],[2.45521972],[17.00433495]
[9.60789563],[2.49699271],[17.83424033]
[9.83992269],[2.54533413],[18.73157071]
[9.96710994],[2.6416165],[19.69310084]
[10.11006983],[2.6907373],[20.64907771]
[10.40390004],[2.73561331],[21.77898485]
[10.65617712],[2.77591606],[22.75338375]
[10.82776922],[2.81942675],[23.81066484]
[11.01443044],[2.8504013],[24.65666721]
[11.26217141],[2.88077812],[25.58194806]
[11.37775485],[2.91040563],[26.29401979]
[11.60826073],[2.934241],[26.89458815]
[11.63363965],[2.95361637],[27.30971312]
[11.75459326],[2.97312645],[27.71128878]
[11.80106759],[2.98201546],[28.04111655]
[11.90448315],[2.98989116],[28.35879513]
[11.97504063],[2.99015159],[28.55809879]
[12.05516203],[2.97984461],[28.75215576]
[12.13653116],[2.95845678],[28.82577265]
[12.11659263],[2.93535777],[28.80450173]
[12.11349585],[2.9052525],[28.60630136]
[12.07568546],[2.87275614],[28.41849161]
[12.07412426],[2.83742377],[28.12692329]
[12.03381831],[2.79697325],[27.8487219]
[12.03369552],[2.75141643],[27.49495974]
[11.98518762],[2.70988693],[27.11540264]
[11.96171577],[2.66414139],[26.70269958]
[11.94609907],[2.61857398],[26.2561083]
[11.9413344],[2.56920887],[25.77185541]
[11.9109871],[2.52115049],[25.23648033]
[11.78636126],[2.48871956],[24.56938699]
[11.62045952],[2.45177423],[23.87794259]
[11.23734043],[2.42751157],[22.9577316]
[10.34561655],[2.40983444],[20.96652811]
[9.47327991],[2.39148236],[18.78710119]
[8.60659004],[2.37090816],[16.50852937]
[2.56571312],[1.02122805],[2.39316034]
[3.32286328],[1.12393532],[3.35293989]
[4.08449681],[1.37825763],[4.7709867]
[4.83560998],[1.49761544],[5.95498671]
[5.38589489],[1.60177342],[6.82242448]
[5.62405827],[1.66931534],[7.40894892]
[5.87231666],[1.73209147],[8.0289148]
[6.13970366],[1.77241435],[8.55201421]
[6.30803081],[1.82347082],[9.16995982]
[6.63166849],[1.89225744],[9.86412614]
[6.75579595],[2.00329413],[10.66440999]
[7.00460448],[2.09147697],[11.59302777]
[7.29413444],[2.16677629],[12.27031913]
[7.66091428],[2.22173268],[12.94642631]
[7.97529199],[2.28393948],[13.76429502]
[8.35383276],[2.33198763],[14.5569171]
[8.6910467],[2.38610926],[15.34787523]
[8.98640721],[2.42918424],[16.19218427]
[9.2241682],[2.47926598],[17.10916654]
[9.55844098],[2.52092437],[17.98944356]
[9.78456271],[2.60303205],[18.96376429]
[10.03432854],[2.69662885],[20.01962451]
[10.19973006],[2.7747509],[21.10391563]
[10.38030759],[2.81662126],[22.23133992]
[10.66742366],[2.85200104],[23.35262333]
[10.96413667],[2.88560824],[24.49858371]
[11.1141753],[2.91757515],[25.46140162]
[11.34176071],[2.94448636],[26.41786165]
[11.64049225],[2.96847054],[27.42091898]
[11.70191146],[2.9940193],[28.11490973]
[12.01345888],[3.0106534],[28.84491059]
[12.03765797],[3.02747208],[29.25288679]
[12.13246704],[3.04044242],[29.70066152]
[12.22293217],[3.04833388],[30.05425141]
[12.27634282],[3.0538281],[30.37058045]
[12.39739446],[3.0537035],[30.61202611]
[12.42367477],[3.046309],[30.77513643]
[12.53996043],[3.02736179],[30.91443582]
[12.50437803],[3.00719785],[30.88234919]
[12.53240076],[2.98410145],[30.77011764]
[12.49144905],[2.95768829],[30.5377998]
[12.51858645],[2.92884423],[30.32945926]
[12.48256005],[2.89583675],[30.00349166]
[12.51096933],[2.85917392],[29.73500349]
[12.48228513],[2.82192484],[29.31591562]
[12.46458304],[2.78133723],[28.89015644]
[12.44835115],[2.74038212],[28.44908302]
[12.43096098],[2.70113456],[27.97023822]
[12.41652823],[2.65972873],[27.41764392]
[12.35451693],[2.61337572],[26.77279461]
[12.18320996],[2.56484249],[26.05601266]
[11.77435096],[2.50968039],[25.03799119]
[10.85681035],[2.47196378],[22.88741043]
[9.95194804],[2.43917917],[20.57646485]
[9.04740777],[2.41523026],[18.19083532]
[2.56714561],[1.02707124],[2.40532663]
[3.32523844],[1.16316516],[3.42753812]
[4.08479698],[1.40474692],[4.86750115]
[4.83800619],[1.52202956],[6.09444797]
[5.42098322],[1.62232827],[6.99061441]
[5.68017012],[1.69560909],[7.60114989]
[5.92899158],[1.75389452],[8.23261718]
[6.20330326],[1.800614],[8.80756124]
[6.37792965],[1.85955533],[9.53049802]
[6.73361139],[1.97881495],[10.3502201]
[6.90191572],[2.08370064],[11.22478829]
[7.14740322],[2.16469413],[12.15887479]
[7.5098751],[2.2317004],[12.86638223]
[7.91091739],[2.28212052],[13.70850136]
[8.24498078],[2.34080921],[14.54675287]
[8.60594326],[2.38481685],[15.34987313]
[8.90348],[2.44535576],[16.21757962]
[9.23533685],[2.48241657],[17.17578424]
[9.44230248],[2.55196407],[18.11544353]
[9.76234847],[2.65251669],[19.14862329]
[10.01804734],[2.73545683],[20.26599331]
[10.26971677],[2.81360136],[21.4092517]
[10.45303667],[2.87615585],[22.64905618]
[10.68998333],[2.91342487],[23.74330416]
[10.92071982],[2.94277978],[24.91439092]
[11.27365794],[2.97201484],[26.04060638]
[11.4562212],[2.99563708],[27.00521146]
[11.68829572],[3.01998757],[28.02374465]
[11.99496341],[3.03957381],[29.0799784]
[12.07555688],[3.06260864],[29.89253005]
[12.38072247],[3.08125893],[30.74873996]
[12.47544048],[3.0985987],[31.26778379]
[12.51489659],[3.11243427],[31.71429015]
[12.63481582],[3.12414847],[32.1253002]
[12.66961364],[3.1268736],[32.40917056]
[12.77730345],[3.12319242],[32.69754618]
[12.84124235],[3.10416516],[32.87571899]
[12.90093226],[3.08296513],[33.04671491]
[12.92058611],[3.06508218],[33.05833613]
[12.9019959],[3.0458813],[32.96398128]
[12.90749858],[3.02478144],[32.72922371]
[12.88123829],[2.99904068],[32.48736314]
[12.89544912],[2.97007834],[32.14682497]
[12.87463253],[2.93879662],[31.85192377]
[12.8903728],[2.90708483],[31.45816316]
[12.8502216],[2.87185492],[30.99906543]
[12.84507294],[2.83310824],[30.54801814]
[12.84417379],[2.79579108],[30.06198681]
[12.8384347],[2.76004079],[29.50038584]
[12.82700964],[2.7204498],[28.84188157]
[12.73369536],[2.67822712],[28.13383992]
[12.29269893],[2.62892686],[27.06212016]
[11.39233958],[2.57572795],[24.84519649]
[10.49090017],[2.54215519],[22.41144429]
[9.5861357],[2.48631486],[19.92801981]
[2.56713819],[1.03095063],[2.41172252]
[3.32662142],[1.21411062],[3.52593386]
[4.0873823],[1.44336428],[5.01878732]
[4.84116406],[1.55969426],[6.30901273]
[5.48186962],[1.65308442],[7.24258359]
[5.75160272],[1.72655243],[7.86903349]
[5.99044768],[1.78436157],[8.53056624]
[6.28542692],[1.83013454],[9.15151315]
[6.52445533],[1.92816498],[9.96932971]
[6.87287241],[2.05422015],[10.91650041]
[7.0945318],[2.15323777],[11.81116465]
[7.44197372],[2.22792251],[12.69701085]
[7.76581868],[2.28814872],[13.54602772]
[8.16359429],[2.3348466],[14.41642796]
[8.53124037],[2.39061404],[15.30143163]
[8.8399035],[2.43265105],[16.13473106]
[9.10324856],[2.48784533],[17.10718715]
[9.44872293],[2.54849852],[18.06700564]
[9.6606223],[2.65645279],[19.10421519]
[9.95242027],[2.74721597],[20.25775699]
[10.23148069],[2.82309186],[21.47243691]
[10.51006721],[2.89481961],[22.73214305]
[10.70853197],[2.95116929],[23.95387303]
[10.966882],[2.98724331],[25.14811921]
[11.13785438],[3.01339027],[26.25073194]
[11.52752707],[3.04176281],[27.45006621]
[11.76104674],[3.06623946],[28.53621204]
[11.94112717],[3.09712637],[29.54528275]
[12.27794181],[3.12659016],[30.76619254]
[12.38046469],[3.15225569],[31.65735682]
[12.63313208],[3.16775797],[32.60859229]
[12.77701541],[3.18381629],[33.26949661]
[12.88185401],[3.19584537],[33.75607848]
[12.95938885],[3.2066483],[34.18400574]
[13.0424182],[3.20595499],[34.52533367]
[13.10708398],[3.20437421],[34.82344847]
[13.22214813],[3.18240704],[35.04893353]
[13.25663103],[3.15544868],[35.21249849]
[13.29898836],[3.12976778],[35.29544679]
[13.26406969],[3.10352371],[35.20217284]
[13.28830605],[3.08096682],[35.03623719]
[13.24763227],[3.05922328],[34.74447716]
[13.27537452],[3.03475078],[34.45316391]
[13.24628473],[3.0083272],[34.07684424]
[13.26760394],[2.98119808],[33.74099298]
[13.23915785],[2.95135415],[33.26576579]
[13.22484983],[2.91913044],[32.79716505]
[13.22184459],[2.88580758],[32.29553394]
[13.21501855],[2.85267065],[31.75230873]
[13.21207534],[2.81643648],[31.08300401]
[13.20968847],[2.78016028],[30.40180603]
[12.79741772],[2.73587662],[29.27296896]
[11.88244957],[2.68678811],[26.93251]
[10.99331779],[2.64126636],[24.41633033]
[10.1041932],[2.59090756],[21.84659651]
[2.56780868],[1.04627988],[2.44062656]
[3.33475994],[1.27458643],[3.66806034]
[4.0970628],[1.48663435],[5.24262187]
[4.85123956],[1.59784488],[6.54259116]
[5.59374281],[1.68690023],[7.55943332]
[5.86542782],[1.75962863],[8.20947621]
[6.08063135],[1.81690747],[8.88897901]
[6.38843925],[1.87684974],[9.6376542]
[6.7002128],[2.02870162],[10.58768672]
[7.02518956],[2.13846646],[11.60045468]
[7.3504722],[2.22541944],[12.47754561]
[7.75898389],[2.29308137],[13.42320092]
[8.06388555],[2.34718785],[14.37040182]
[8.43898566],[2.38892067],[15.23281061]
[8.77894517],[2.44718485],[16.1961459]
[9.08373848],[2.48318643],[17.11892186]
[9.31647745],[2.55328067],[18.08609699]
[9.65533803],[2.65905514],[19.14375255]
[9.89308022],[2.7515809],[20.31820807]
[10.15539244],[2.83239243],[21.4972547]
[10.45170822],[2.90792572],[22.82818852]
[10.78885177],[2.96878362],[24.09095225]
[11.0044671],[3.01326917],[25.34186572]
[11.27738603],[3.04690682],[26.53200464]
[11.46160956],[3.08400898],[27.64402362]
[11.79809001],[3.12065746],[28.96131055]
[12.11799169],[3.15203801],[30.12820165]
[12.34273164],[3.18366131],[31.24683364]
[12.60496232],[3.21435712],[32.50993991]
[12.76018105],[3.2369607],[33.49482293]
[13.00941804],[3.25053323],[34.53311872]
[13.11576407],[3.26553803],[35.29016822]
[13.31118218],[3.27759794],[35.95705713]
[13.33995858],[3.28662543],[36.43304486]
[13.43940215],[3.28543085],[36.84827211]
[13.50712161],[3.28366693],[37.17170827]
[13.59250812],[3.26425177],[37.43032634]
[13.66776578],[3.23489755],[37.5757425]
[13.6704826],[3.22327513],[37.64315201]
[13.67831556],[3.2012291],[37.56070893]
[13.65568027],[3.18691119],[37.39908523]
[13.66040738],[3.15179879],[37.1020931]
[13.63636949],[3.10643295],[36.77753012]
[13.65334066],[3.07878551],[36.40812524]
[13.62562072],[3.04841249],[36.0350704]
[13.64044467],[3.01672985],[35.57492935]
[13.60097028],[2.98897029],[35.0915404]
[13.60003508],[2.9600573],[34.5934578]
[13.59156409],[2.92946333],[34.03641327]
[13.5853065],[2.8954279],[33.40179975]
[13.58361603],[2.8649575],[32.6895273]
[13.25364729],[2.82222352],[31.5433603]
[12.31259867],[2.77849175],[29.09697118]
[11.42191108],[2.73525274],[26.50158934]
[10.53420868],[2.69007609],[23.83577837]
[2.57079209],[1.08553027],[2.49227432]
[3.34336309],[1.33266182],[3.82894336]
[4.10696932],[1.52452583],[5.46677227]
[4.86082756],[1.63526386],[6.76619281]
[5.61798752],[1.72291358],[7.86241599]
[5.97026924],[1.79101811],[8.55180913]
[6.18519769],[1.85111636],[9.27867155]
[6.55552457],[1.96211378],[10.15927562]
[6.87702509],[2.10822904],[11.18294854]
[7.20828784],[2.20220042],[12.19274681]
[7.61326955],[2.28411784],[13.0909139]
[8.04688004],[2.34864484],[14.16569912]
[8.37908429],[2.40470199],[15.14191236]
[8.70821962],[2.44204194],[16.07229183]
[8.99602728],[2.49792612],[17.14717025]
[9.31853128],[2.56849194],[18.08597126]
[9.53477153],[2.67103519],[19.12352405]
[9.85795377],[2.76355648],[20.38161555]
[10.1297416],[2.84674065],[21.60389691]
[10.40985598],[2.91503484],[22.8824983]
[10.68654969],[2.98901794],[24.17007075]
[11.06135522],[3.03794275],[25.49078136]
[11.32091838],[3.08521263],[26.70854607]
[11.58841225],[3.13312426],[27.94927103]
[11.79696817],[3.1692833],[29.18751052]
[12.07649848],[3.20694577],[30.49919937]
[12.39552146],[3.24010345],[31.76179968]
[12.73644953],[3.27440523],[33.05945904]
[12.94722719],[3.30560233],[34.35640099]
[13.12342762],[3.32323721],[35.4270804]
[13.37755876],[3.35141938],[36.64507855]
[13.47624502],[3.3774796],[37.58312625]
[13.66470675],[3.42836938],[38.42338058]
[13.7706938],[3.44198146],[39.01093232]
[13.81667889],[3.44384852],[39.43198901]
[13.92742607],[3.4420013],[39.75526317]
[13.96751267],[3.43250831],[39.96125485]
[14.08928169],[3.40748746],[40.10776211]
[14.05633575],[3.35730879],[40.10852542]
[14.09538666],[3.3404825],[40.07048977]
[14.04007775],[3.32333131],[39.83944316]
[14.07265749],[3.29707021],[39.59116438]
[14.02078838],[3.25313667],[39.22141145]
[14.06826698],[3.20121975],[38.93044064]
[14.02065808],[3.14779514],[38.50067896]
[14.05513488],[3.11432323],[38.10302409]
[14.01419297],[3.08539475],[37.60070805]
[14.00553654],[3.05513031],[37.11169694]
[14.00162596],[3.02393146],[36.51905117]
[13.99647085],[2.98908565],[35.8525339]
[13.99874018],[2.95582212],[35.16440207]
[13.69536204],[2.92148693],[33.98311464]
[12.77815936],[2.88553169],[31.47576585]
[11.84790451],[2.83418211],[28.73682701]
[10.96018926],[2.78881935],[25.97036727]
[2.57375957],[0.84759044],[1.84629471]
[3.3477798],[1.09550218],[3.10716403]
[4.11057921],[1.25750817],[4.68554842]
[4.91321388],[1.34451298],[5.87529237]
[5.62091318],[1.41415292],[7.00473927]
[6.07911362],[1.50655706],[7.66302275]
[6.29065713],[1.61695632],[8.45451454]
[6.73600041],[1.76769006],[9.41107057]
[7.06126647],[1.87615685],[10.40627106]
[7.47037494],[1.97063769],[11.34731772]
[7.88228184],[2.0515369],[12.28168554]
[8.32311108],[2.1147429],[13.34261527]
[8.68078443],[2.17255512],[14.31757341]
[8.95455472],[2.23364432],[15.317347]
[9.20427599],[2.3222089],[16.43124723]
[9.53587626],[2.42206143],[17.3817597]
[9.76740817],[2.51549598],[18.57790459]
[10.06430324],[2.58424501],[19.80200526]
[10.35733902],[2.65982301],[21.06253883]
[10.67668498],[2.70988572],[22.29801245]
[10.93187772],[2.76892819],[23.5490373]
[11.3183627],[2.82606731],[24.86560935]
[11.64450372],[2.90538071],[26.10181489]
[11.90238833],[2.94071408],[27.42487536]
[12.09560703],[2.98318325],[28.67064433]
[12.3964017],[3.01088511],[29.99797707]
[12.6716368],[3.05332949],[31.3075697]
[13.03360789],[3.10168906],[32.65207651]
[13.31296338],[3.17729064],[34.15403612]
[13.45558212],[3.213064],[35.29437966]
[13.7267067],[3.26078472],[36.67120871]
[13.87362019],[3.2982603],[37.69237199]
[14.03570952],[3.33321015],[38.61671895]
[14.20963271],[3.36028667],[39.36137416]
[14.21510553],[3.36830238],[39.79169528]
[14.34397526],[3.37621749],[40.19701106]
[14.41015272],[3.37526933],[40.38872234]
[14.50656793],[3.36107845],[40.56304133]
[14.55253673],[3.36964372],[40.55816866]
[14.53690684],[3.37209602],[40.60760103]
[14.54091168],[3.35959708],[40.35856596]
[14.51808853],[3.34373032],[40.09630923]
[14.53264817],[3.31916931],[39.6871792]
[14.51785151],[3.27638078],[39.38610788]
[14.53735389],[3.23284763],[38.94922511]
[14.51427265],[3.19051594],[38.53593544]
[14.5376569],[3.15332127],[38.05548268]
[14.50576472],[3.11635609],[37.59258144]
[14.50336809],[3.07861928],[37.08866779]
[14.50762302],[3.03510009],[36.49063713]
[14.51080472],[2.98978694],[35.86463253]
[14.19047517],[2.94561768],[34.66771791]
[13.444202],[2.89769039],[32.42242026]
[12.44676123],[2.85860649],[29.90464871]
[11.45437313],[2.81973106],[27.26019431]
[1.25969327],[0.12852345],[0.09937391]
[2.85050525],[0.3705549],[0.8187708]
[4.09415097],[0.52142135],[1.7128723]
[4.95390016],[0.60901061],[2.30695399]
[5.71537767],[0.67311277],[2.91728806]
[5.93097187],[0.7915256],[3.38933174]
[6.21452146],[0.93058213],[4.07838185]
[6.57651593],[1.05985548],[4.86622876]
[6.75983333],[1.16126431],[5.66141686]
[7.17197024],[1.24906776],[6.29730806]
[7.48862378],[1.32492051],[7.11961079]
[7.79803056],[1.38686146],[7.76671844]
[8.29606445],[1.47481975],[8.52832447]
[8.79163631],[1.54922745],[9.33941136]
[9.25676622],[1.66442236],[10.25297084]
[9.64040765],[1.74522638],[11.13409938]
[9.93996411],[1.82757566],[12.17328252]
[10.30980626],[1.88762816],[13.17756511]
[10.60843683],[1.95514253],[14.23639989]
[10.87288794],[1.99950438],[15.22539767]
[11.1127789],[2.06692772],[16.31813709]
[11.45351052],[2.13633498],[17.36835622]
[11.71867744],[2.21479482],[18.49779565]
[12.03744629],[2.24881989],[19.5772733]
[12.34280525],[2.28889559],[20.68424924]
[12.69908543],[2.34529594],[21.87813701]
[12.9312965],[2.41130129],[23.1446593]
[13.25827045],[2.46170025],[24.33507604]
[13.63275495],[2.51801199],[25.72728688]
[13.75946105],[2.55593724],[26.77935389]
[14.0019413],[2.60636232],[28.01458689]
[14.17183398],[2.65091327],[28.95996226]
[14.3226849],[2.68800298],[29.89994981]
[14.5043783],[2.71329572],[30.62618348]
[14.61290239],[2.72711299],[31.100497]
[14.70712765],[2.73309622],[31.53974744]
[14.83874983],[2.72622755],[31.77287144]
[14.95152812],[2.71542564],[32.00143551]
[15.07750066],[2.72936034],[32.12527817]
[15.0880376],[2.73228344],[32.1686289]
[15.09873026],[2.72865285],[32.07939505]
[15.09373371],[2.71559086],[31.80858541]
[15.10755518],[2.68084694],[31.43176637]
[15.11729415],[2.63535183],[31.01758231]
[15.1201266],[2.58573545],[30.63114845]
[15.13480163],[2.54916249],[30.18002426]
[15.13080248],[2.51701107],[29.74284443]
[15.15500154],[2.48405508],[29.25535961]
[15.13068167],[2.45046809],[28.73296785]
[15.1409023],[2.41430304],[28.10845008]
[15.15101764],[2.37841828],[27.46702528]
[14.8329424],[2.34276663],[26.51438778]
[14.10574492],[2.30422126],[24.778971]
[13.34420359],[2.25663479],[22.83521387]
[12.31453587],[2.2064928],[20.68822925]
