meltWidth,meltDepth,meltArea
[0.],[0.],[0.]
[0.09160695],[0.01721803],[0.00068012]
[1.2294773],[0.23227355],[0.14731158]
[1.32227113],[0.28408264],[0.18957671]
[1.45072382],[0.33085575],[0.2669921]
[1.9229489],[0.36090625],[0.39149209]
[2.02403648],[0.38541789],[0.44960036]
[2.1490111],[0.39755211],[0.52123068]
[2.23038091],[0.40115908],[0.54074869]
[2.26435185],[0.40639036],[0.57271957]
[2.28819185],[0.40830848],[0.57797513]
[2.2803086],[0.41014712],[0.60256399]
[2.30260088],[0.40580778],[0.60122183]
[2.28550387],[0.40183511],[0.6210275]
[2.3125091],[0.39503731],[0.62107035]
[2.34481569],[0.39017218],[0.63868055]
[2.47280639],[0.38615801],[0.65760378]
[2.53449366],[0.38367508],[0.672771]
[2.60415397],[0.37971319],[0.69863884]
[2.62171396],[0.38037212],[0.69430261]
[2.65699928],[0.37555009],[0.71652203]
[2.68292309],[0.37083758],[0.7031223]
[2.71132187],[0.36829269],[0.72709016]
[2.72744286],[0.36546651],[0.71295512]
[2.73750271],[0.36529856],[0.73032904]
[2.73681259],[0.36283009],[0.70528736]
[2.74119018],[0.36427503],[0.72058493]
[2.7387188],[0.36085738],[0.69493546]
[2.74220797],[0.3629767],[0.71126153]
[2.74841813],[0.36013231],[0.6974182]
[2.74781927],[0.36069282],[0.70165019]
[2.78172074],[0.36024156],[0.69250819]
[2.75306717],[0.35985297],[0.68284287]
[2.74743471],[0.35955224],[0.6756646]
[2.7448081],[0.35875631],[0.66840785]
[2.74296607],[0.35835394],[0.66139373]
[2.7419422],[0.35807871],[0.65518971]
[2.74038527],[0.35714915],[0.64828827]
[2.74005965],[0.35668796],[0.64261139]
[2.74463751],[0.35621182],[0.63929368]
[2.7377418],[0.35962729],[0.63717537]
[2.73550188],[0.36211668],[0.63543987]
[2.730686],[0.36351112],[0.63096665]
[2.7211092],[0.36362619],[0.62255681]
[2.7138938],[0.36141559],[0.61089269]
[2.69114309],[0.3599659],[0.5984449]
[2.66264382],[0.35852437],[0.58772652]
[2.59100196],[0.35751458],[0.57060202]
[2.51638265],[0.35505569],[0.55186365]
[2.43371755],[0.35151],[0.52656929]
[2.38483546],[0.34622935],[0.50372888]
[2.35680913],[0.34084987],[0.48781438]
[1.92614104],[0.34154532],[0.43626782]
[0.],[0.],[0.]
[0.],[0.],[0.]
[0.],[0.],[0.]
[1.24304038],[0.26408264],[0.18539972]
[1.97990578],[0.43907852],[0.56170889]
[2.10794324],[0.52332991],[0.74137276]
[2.22209898],[0.57442998],[0.8722429]
[2.27857175],[0.61488415],[0.97777871]
[2.35293041],[0.64557134],[1.06055672]
[2.41234063],[0.66290203],[1.12249873]
[2.50655163],[0.68629129],[1.20414575]
[2.63781076],[0.70417814],[1.25832862]
[2.73554659],[0.71802707],[1.3795494]
[2.80349845],[0.72901275],[1.41308098]
[2.82582917],[0.73968795],[1.490466]
[2.84001377],[0.73679906],[1.46335529]
[2.88739945],[0.73530834],[1.55591505]
[2.90045184],[0.73690345],[1.5199259]
[2.94081369],[0.74101267],[1.60786434]
[2.94521375],[0.75169992],[1.57721122]
[2.97298963],[0.76310339],[1.64796532]
[2.96804027],[0.7737063],[1.62034784]
[2.98531811],[0.78153861],[1.67577006]
[3.01952537],[0.78282232],[1.65676884]
[3.00950571],[0.78390355],[1.6996477]
[3.15339323],[0.78441624],[1.72125931]
[3.02848714],[0.78243597],[1.72336019]
[3.13451044],[0.77994004],[1.71911909]
[3.03004048],[0.77670573],[1.71843772]
[3.10117778],[0.77459126],[1.70441926]
[3.02947741],[0.77245507],[1.71368139]
[3.08509086],[0.76987182],[1.71492421]
[3.03334822],[0.76726201],[1.71053134]
[3.06237828],[0.76474284],[1.70900648]
[3.03356435],[0.76209664],[1.69864845]
[3.03422325],[0.75940447],[1.69825578]
[3.03576021],[0.76072217],[1.7001296]
[3.03601229],[0.76151529],[1.7013429]
[3.03840671],[0.76256549],[1.69914532]
[3.04032468],[0.76440551],[1.69743119]
[3.04233825],[0.766975],[1.69588715]
[3.04122618],[0.76863285],[1.68171487]
[3.04309244],[0.7702926],[1.6764836]
[3.03140284],[0.77674407],[1.65625638]
[3.00511489],[0.78629284],[1.61995671]
[3.00055423],[0.79814821],[1.61445059]
[2.97126286],[0.81170077],[1.59189429]
[2.91005059],[0.82402366],[1.57305321]
[2.82389606],[0.83651373],[1.54566046]
[2.8012456],[0.8491935],[1.53731212]
[2.75967953],[0.86231431],[1.52629074]
[2.69705493],[0.86594437],[1.50941526]
[2.67551793],[0.85812442],[1.49270684]
[2.64854734],[0.85114051],[1.48253163]
[2.23160047],[0.8551855],[1.34945257]
[0.],[0.],[0.]
[0.],[0.],[0.]
[0.],[0.],[0.]
[1.4780885],[0.32330873],[0.28554445]
[2.0475898],[0.59932306],[0.72990378]
[2.32441866],[0.65673987],[0.94554288]
[2.61514797],[0.69817006],[1.18250548]
[2.8054685],[0.72501956],[1.31692746]
[2.91940987],[0.74645344],[1.4864993]
[3.02841395],[0.76823974],[1.59091356]
[3.05148838],[0.75673351],[1.68061623]
[3.08748917],[0.77807492],[1.73324862]
[3.09656235],[0.77074555],[1.80041195]
[3.12981015],[0.79544277],[1.84937566]
[3.12793435],[0.80780059],[1.88575355]
[3.20655667],[0.81710195],[1.91907229]
[3.16414714],[0.82274965],[1.94240227]
[3.28419201],[0.8290822],[1.9825344]
[3.27742256],[0.83652585],[2.01193302]
[3.57398747],[0.84138869],[2.19226467]
[3.57840631],[0.84643948],[2.20588128]
[3.64987147],[0.85284261],[2.27402132]
[3.65953407],[0.85947903],[2.26980346]
[3.70913693],[0.86423294],[2.32804348]
[3.73065083],[0.86796924],[2.31874303]
[3.75969361],[0.87267904],[2.36807707]
[3.7655016],[0.87020214],[2.33499221]
[3.76918646],[0.87940501],[2.37511334]
[3.76000297],[0.86805874],[2.31765751]
[3.77724077],[0.88100792],[2.37258606]
[3.76993429],[0.87067437],[2.30520493]
[3.79626314],[0.8816922],[2.38593223]
[3.83001159],[0.87789521],[2.34894957]
[3.81560463],[0.87880174],[2.38461528]
[3.8502219],[0.87975729],[2.35343523]
[3.82758231],[0.87980561],[2.33997696]
[3.83669746],[0.88165104],[2.33934841]
[3.84218157],[0.88260127],[2.33584907]
[3.84544284],[0.88269712],[2.33094561]
[3.85848042],[0.88434484],[2.32767624]
[3.86206577],[0.88426851],[2.30976521]
[3.85110164],[0.88027542],[2.27185585]
[3.86017285],[0.87464464],[2.24894877]
[3.85723832],[0.86890545],[2.21298743]
[3.82726443],[0.86254935],[2.1340117]
[3.82815698],[0.85459307],[2.10744958]
[3.81827286],[0.84818177],[2.05393747]
[3.75277989],[0.84096045],[2.01141562]
[3.65130891],[0.83371769],[1.95868677]
[3.64212594],[0.82546549],[1.93319334]
[3.60595079],[0.81984409],[1.90504643]
[3.55277243],[0.81377454],[1.87608462]
[3.54596044],[0.80681004],[1.8595469]
[3.52481668],[0.8052013],[1.8381309]
[3.07303502],[0.81178903],[1.68724086]
[0.],[0.],[0.]
[0.],[0.],[0.]
[0.],[0.],[0.]
[1.45477153],[0.26045629],[0.24524996]
[2.17190177],[0.5387697],[0.72255049]
[2.52733958],[0.60959175],[1.00063264]
[2.71295197],[0.66391086],[1.2342046]
[2.88222816],[0.70650236],[1.37890979]
[2.97640587],[0.7341023],[1.55218432]
[3.08077158],[0.75815211],[1.65719121]
[3.10656299],[0.76862721],[1.7664675]
[3.18339735],[0.8030001],[1.8439235]
[3.15942121],[0.81496437],[1.91258329]
[3.27501091],[0.83002846],[1.9770476]
[3.26042369],[0.83711793],[2.0231411]
[3.36775512],[0.84570364],[2.07307092]
[3.37569145],[0.8569986],[2.11707885]
[3.59472646],[0.8678873],[2.2757039]
[3.60826749],[0.87962345],[2.2853402]
[3.70782678],[0.88847212],[2.39144139]
[3.72363219],[0.90015623],[2.37883138]
[3.79491918],[0.90905665],[2.47396439]
[3.82966008],[0.91685219],[2.45748239]
[3.83214678],[0.92231911],[2.52442721]
[3.84814868],[0.93028176],[2.50520552]
[3.84063217],[0.93646445],[2.55744164]
[3.86255059],[0.93874205],[2.50868028]
[3.85088736],[0.93897262],[2.56315604]
[3.87012626],[0.93821062],[2.50099963]
[3.86778803],[0.93705559],[2.55543085]
[3.89729851],[0.93603824],[2.51037666]
[3.90325169],[0.93507586],[2.56908106]
[3.97528056],[0.93392132],[2.54593429]
[3.95141314],[0.93294859],[2.57438736]
[4.00889917],[0.93259288],[2.55287205]
[3.99039283],[0.9324677],[2.54282603]
[4.00044274],[0.93400094],[2.54882351]
[4.01194219],[0.93512009],[2.5524302]
[4.01890486],[0.93516405],[2.55214524]
[4.03810097],[0.93836702],[2.55641595]
[4.04696258],[0.93937703],[2.54112884]
[4.04085232],[0.93534524],[2.50769121]
[4.04916349],[0.92868557],[2.48896894]
[4.0500077],[0.92519147],[2.45601753]
[4.02547712],[0.91971454],[2.3913325]
[4.02850133],[0.91228618],[2.37106337]
[4.01997992],[0.90628405],[2.3290724]
[3.99998333],[0.89977803],[2.28095017]
[3.92485911],[0.89256833],[2.20654554]
[3.92174108],[0.88461128],[2.18222417]
[3.87962417],[0.87701489],[2.14606811]
[3.80379149],[0.86875884],[2.09830931]
[3.79886335],[0.85954419],[2.07600011]
[3.77309801],[0.85112491],[2.04759385]
[3.18377675],[0.84271147],[1.81634722]
[0.],[0.],[0.]
[0.],[0.],[0.]
[0.],[0.],[0.]
[1.74741262],[0.32120152],[0.35711513]
[2.47215588],[0.53872499],[0.88037499]
[2.68858226],[0.61291089],[1.13403685]
[2.83791407],[0.67055005],[1.37366194]
[2.97857368],[0.72201821],[1.52877113]
[3.05343953],[0.76483563],[1.71523038]
[3.17586951],[0.801616],[1.84069379]
[3.22185964],[0.82936279],[1.9607069]
[3.33509288],[0.86089362],[2.03741983]
[3.33947984],[0.85843807],[2.10756969]
[3.43555653],[0.87343978],[2.16192308]
[3.46193504],[0.87725881],[2.2220559]
[3.63389198],[0.88805099],[2.36125486]
[3.61010034],[0.9013126],[2.34124027]
[3.7150868],[0.91284592],[2.44795478]
[3.74673383],[0.92355804],[2.44595973]
[3.80783421],[0.93648673],[2.53747646]
[3.86406393],[0.95295655],[2.54332636]
[3.86304048],[0.96786186],[2.61490492]
[3.9277289],[0.98069926],[2.62381992]
[3.92563737],[0.98884362],[2.68395844]
[3.95768335],[0.99554674],[2.68787863]
[3.97578523],[1.00165741],[2.72725408]
[3.99971351],[1.00526229],[2.73830979]
[4.01192342],[1.00668537],[2.75150885]
[4.02068672],[1.00778012],[2.75959507]
[4.03831509],[1.00862724],[2.7671531]
[4.05200026],[1.00962677],[2.77711594]
[4.0804875],[1.01054396],[2.80669477]
[4.12606351],[1.01146253],[2.82348619]
[4.12598828],[1.01218934],[2.81991514]
[4.15704324],[1.01184237],[2.82554054]
[4.1600597],[1.01077286],[2.81548591]
[4.16072499],[1.00882603],[2.81935903]
[4.1503343],[1.00951592],[2.78823497]
[4.15055768],[1.00968346],[2.77602616]
[4.15185696],[1.01211976],[2.75565392]
[4.15444896],[1.01305196],[2.73204631]
[4.13339007],[1.00975392],[2.6716089]
[4.14395913],[1.00303384],[2.6569079]
[4.14367534],[0.99822561],[2.61636931]
[4.12328364],[0.99156934],[2.55070392]
[4.12961678],[0.98223054],[2.53730956]
[4.12187149],[0.97403355],[2.49763739]
[4.1143419],[0.96154209],[2.45471514]
[4.0562711],[0.94971521],[2.39744434]
[4.06071252],[0.94075647],[2.3719228]
[4.01323493],[0.9336881],[2.32941142]
[3.92097348],[0.92616785],[2.27127579]
[3.88766695],[0.91829186],[2.23709323]
[3.82133467],[0.91123821],[2.19185743]
[3.2695933],[0.90401291],[1.9535949]
[0.],[0.],[0.]
[0.],[0.],[0.]
[0.53808148],[0.07543056],[0.01906824]
[2.17697147],[0.40875648],[0.59049836]
[2.63765092],[0.54867935],[1.04418863]
[2.81378485],[0.62736818],[1.28886843]
[2.93859299],[0.67990821],[1.51719892]
[3.03606603],[0.75773461],[1.70302561]
[3.09016254],[0.8142761],[1.87913741]
[3.24317935],[0.84448235],[1.99782883]
[3.31509774],[0.85917422],[2.10063408]
[3.42697711],[0.88005498],[2.17776053]
[3.45436137],[0.87948548],[2.26848387]
[3.61597929],[0.8960833],[2.40141355]
[3.58082114],[0.90540667],[2.39885406]
[3.69797952],[0.91912969],[2.50632826]
[3.71501278],[0.93914775],[2.51780648]
[3.78434976],[0.95545417],[2.60009596]
[3.85848591],[0.97087637],[2.62974806]
[3.87235755],[0.98300213],[2.70746593]
[3.92619611],[0.99544377],[2.72320074]
[3.94882202],[1.00432672],[2.79133178]
[3.98995511],[1.01291665],[2.81846271]
[3.99908631],[1.01919045],[2.8599405]
[4.03338129],[1.02541879],[2.90443426]
[4.04878358],[1.031017],[2.92852864]
[4.07884687],[1.03466942],[2.96540285]
[4.09009507],[1.03916655],[2.97429405]
[4.09964117],[1.03692856],[2.9943302]
[4.11579078],[1.04114832],[2.99921833]
[4.12528139],[1.03842363],[3.01138375]
[4.14698944],[1.04210908],[3.02850503]
[4.18693007],[1.04039321],[3.05346176]
[4.1938316],[1.04128716],[3.04828777]
[4.22233783],[1.04214988],[3.0628552]
[4.22845312],[1.04265348],[3.04811998]
[4.21355196],[1.04458194],[3.03336749]
[4.19635535],[1.04572125],[2.99448881]
[4.19629997],[1.04622017],[2.98397629]
[4.19638417],[1.04812189],[2.96335284]
[4.2012734],[1.04905117],[2.94244139]
[4.18925699],[1.04658104],[2.89639114]
[4.20022558],[1.0414329],[2.88222218]
[4.20351028],[1.03789997],[2.84413636]
[4.1911084],[1.0325446],[2.78399073]
[4.19330952],[1.02540194],[2.76093578]
[4.18790189],[1.01565017],[2.72148896]
[4.18257975],[1.00432356],[2.67830079]
[4.13718694],[0.9926336],[2.59054874]
[4.13352213],[0.97913732],[2.5526792]
[4.06318665],[0.96792898],[2.49062875]
[3.96407099],[0.96053689],[2.42224099]
[3.9120309],[0.95229643],[2.37436195]
[3.85564662],[0.94512161],[2.32927702]
[3.31119174],[0.93632453],[2.08423383]
[0.],[0.],[0.]
[0.],[0.],[0.]
[1.82987496],[0.19514964],[0.24196037]
[2.58731528],[0.45975282],[0.84882448]
[2.78355322],[0.55932053],[1.2152693]
[2.91027647],[0.64331539],[1.441099]
[3.00381496],[0.73679396],[1.70054777]
[3.07532183],[0.80891617],[1.86056211]
[3.12759589],[0.84611647],[2.00726838]
[3.35564905],[0.86475598],[2.12473357]
[3.41909202],[0.87243898],[2.23692224]
[3.58558448],[0.89450546],[2.37839319]
[3.54407573],[0.89713961],[2.40668172]
[3.65212353],[0.91078938],[2.49841358]
[3.68108779],[0.93294466],[2.5586749]
[3.75979774],[0.95061844],[2.63709763]
[3.8248512],[0.96902567],[2.69647456]
[3.87220319],[0.98213323],[2.77326965]
[3.92662131],[0.99591444],[2.8201904]
[3.93717443],[1.00557308],[2.87671545]
[4.02295051],[1.01638471],[2.93761009]
[4.03146386],[1.02778513],[2.96725302]
[4.08694372],[1.03427442],[3.05886128]
[4.09335904],[1.04648835],[3.08908658]
[4.13680347],[1.05024893],[3.18272077]
[4.15184843],[1.06199826],[3.18792668]
[4.18910986],[1.07387721],[3.26289501]
[4.19711214],[1.0724212],[3.23877201]
[4.21407584],[1.078055],[3.29967329]
[4.21909764],[1.07415366],[3.26142512]
[4.2436749],[1.07927807],[3.32160118]
[4.27623758],[1.07488234],[3.32998875]
[4.30865494],[1.07886371],[3.3663288]
[4.30649593],[1.07982575],[3.34977397]
[4.3065998],[1.08078686],[3.34100043]
[4.30062704],[1.08162515],[3.3171926]
[4.27716075],[1.08339893],[3.29890711]
[4.25874376],[1.08508852],[3.26960796]
[4.26140534],[1.08611767],[3.27165495]
[4.26456073],[1.0879518],[3.25715351]
[4.2720618],[1.08906814],[3.24218047]
[4.25931197],[1.07658978],[3.19187162]
[4.27218],[1.06739132],[3.17133097]
[4.27257369],[1.06021129],[3.11629035]
[4.25213396],[1.05498864],[3.03550817]
[4.25018604],[1.04815451],[2.99087165]
[4.23740762],[1.03959042],[2.9305078]
[4.22034262],[1.03053793],[2.86420014]
[4.17005733],[1.02105248],[2.77178701]
[4.13148121],[1.0087529],[2.71347036]
[4.06828673],[0.99718105],[2.65268184]
[3.9825018],[0.98467262],[2.58670193]
[3.94244568],[0.97323894],[2.5406264]
[3.89294061],[0.96515762],[2.49649002]
[3.35353229],[0.95636432],[2.23891942]
[0.],[0.],[0.]
[0.],[0.],[0.]
[2.26298341],[0.30566131],[0.53814337]
[2.78682202],[0.48365966],[1.06706147]
[2.89689378],[0.59248161],[1.36335353]
[2.98378393],[0.69478422],[1.59588597]
[3.05225817],[0.77356584],[1.82650779]
[3.10646141],[0.83405182],[1.95510184]
[3.16410051],[0.85540386],[2.09923277]
[3.45996538],[0.87593565],[2.24509177]
[3.53022826],[0.89004177],[2.36635269]
[3.63484333],[0.91102834],[2.46011923]
[3.69193381],[0.93097078],[2.57919458]
[3.76493354],[0.94913238],[2.66305571]
[3.83874337],[0.97151741],[2.75096337]
[3.91010625],[0.9860458],[2.8353938]
[3.96933421],[0.99881666],[2.90590945]
[4.00090378],[1.01319228],[2.96710969]
[4.09798101],[1.01931745],[3.06705245]
[4.15063627],[1.04028846],[3.12641589]
[4.20726207],[1.04205529],[3.23666046]
[4.23366075],[1.06137766],[3.28435536]
[4.26380444],[1.07765875],[3.40220253]
[4.29630003],[1.085563],[3.41689633]
[4.31372605],[1.11809098],[3.51161093]
[4.35563862],[1.12102076],[3.51498522]
[4.36882818],[1.14689028],[3.59502081]
[4.38956806],[1.13953826],[3.55369235]
[4.38143822],[1.15190036],[3.63111926]
[4.39018249],[1.13793038],[3.56809817]
[4.39607969],[1.14998664],[3.6463847]
[4.43618901],[1.13629189],[3.63223717]
[4.43821276],[1.14179298],[3.66646122]
[4.45002383],[1.14091435],[3.64405678]
[4.42933493],[1.14037275],[3.63898602]
[4.44162643],[1.13982547],[3.61923795]
[4.41645423],[1.13888558],[3.61230358]
[4.40356706],[1.13835836],[3.59123824]
[4.40048275],[1.13806578],[3.58866129]
[4.39222534],[1.13871026],[3.57215871]
[4.38738308],[1.13997699],[3.55501029]
[4.3632957],[1.12897195],[3.50247467]
[4.36759842],[1.11660229],[3.48622596]
[4.36084212],[1.10269623],[3.44265366]
[4.324293],[1.08630905],[3.35264168]
[4.30657628],[1.0714313],[3.29562761]
[4.28329796],[1.07125177],[3.22289131]
[4.25654022],[1.07526549],[3.14016975]
[4.17919785],[1.07620142],[3.03925486]
[4.13924469],[1.07423126],[2.98805192]
[4.08407519],[1.07222267],[2.93184662]
[4.0088957],[1.06972699],[2.86509885]
[3.96222539],[1.06354774],[2.80376489]
[3.88789758],[1.05869327],[2.73521338]
[3.39547569],[1.04647036],[2.47162561]
[0.],[0.],[0.]
[0.48364986],[0.09523259],[0.02221054]
[2.3010469],[0.42381524],[0.78772228]
[2.87084921],[0.54019061],[1.24038682]
[2.96788339],[0.66469431],[1.53916695]
[3.02845687],[0.75171218],[1.74155464]
[3.09996244],[0.80837766],[1.96042245]
[3.14320476],[0.85471464],[2.0681296]
[3.19596316],[0.88065457],[2.21472946]
[3.54058005],[0.90095398],[2.38033466]
[3.68217561],[0.93201307],[2.54131305]
[3.79699175],[0.95165733],[2.67361605]
[3.87769813],[0.96975588],[2.78448247]
[3.95472224],[0.98721868],[2.89149897]
[4.07073934],[1.00129886],[3.00005885]
[4.14757162],[1.02142444],[3.08847203]
[4.23147189],[1.02557525],[3.19642166]
[4.3071097],[1.04609902],[3.26768897]
[4.36877908],[1.04640645],[3.41078736]
[4.45386243],[1.06529528],[3.48264331]
[4.4690672],[1.10395282],[3.61343615]
[4.52132969],[1.11769808],[3.65045249]
[4.52469305],[1.15113051],[3.77698532]
[4.58497611],[1.15906076],[3.79516581]
[4.57493014],[1.19056905],[3.89585569]
[4.63088132],[1.19360703],[3.8925471]
[4.63349288],[1.21753386],[3.99590392]
[4.67704807],[1.21305787],[3.95154439]
[4.65222123],[1.22408383],[4.05167657]
[4.66786415],[1.21222947],[3.97481061]
[4.66451468],[1.22235504],[4.08457302]
[4.73631286],[1.2109147],[4.07528481]
[4.67891507],[1.21510089],[4.0875557]
[4.72767375],[1.21416103],[4.07524385]
[4.6561101],[1.21314545],[4.05848307]
[4.69402692],[1.21259183],[4.04282868]
[4.63110145],[1.21170216],[4.01213968]
[4.60140827],[1.21128858],[3.97844199]
[4.59204967],[1.21086619],[3.97510504]
[4.57884319],[1.20995246],[3.96213274]
[4.57008263],[1.20923447],[3.94457174]
[4.53105766],[1.21058612],[3.87359907]
[4.51621045],[1.20241115],[3.83201826]
[4.49082169],[1.19564547],[3.75967233]
[4.4357476],[1.19833377],[3.63729027]
[4.40380702],[1.19709701],[3.55354001]
[4.3433181],[1.19694714],[3.46339648]
[4.26608868],[1.19738872],[3.38886556]
[4.16449733],[1.1949132],[3.3032784]
[4.10505059],[1.19191669],[3.23836075]
[4.04569319],[1.18742724],[3.1725725]
[3.98255936],[1.18481997],[3.11115794]
[3.9279088],[1.183062],[3.04598383]
[3.87832331],[1.17853732],[2.98439104]
[3.47714595],[1.15812862],[2.74756686]
[0.],[0.],[0.]
[1.04571678],[0.16678642],[0.08848454]
[2.32519403],[0.48738012],[0.94807974]
[2.92166988],[0.61381645],[1.37912114]
[3.01984937],[0.72461556],[1.69355056]
[3.07570168],[0.79898973],[1.88041056]
[3.14887883],[0.83842551],[2.08358131]
[3.19794273],[0.88471945],[2.20569836]
[3.34699506],[0.91662024],[2.38803091]
[3.63192941],[0.9433506],[2.57139374]
[3.79666941],[0.96864185],[2.72880875]
[3.91359848],[0.99531786],[2.87766948]
[4.03330074],[1.00594986],[3.00474159]
[4.14081487],[1.02754169],[3.14149176]
[4.22050379],[1.03089598],[3.25849813]
[4.32940679],[1.05057129],[3.35060781]
[4.39969504],[1.05341894],[3.51841727]
[4.48753243],[1.06594028],[3.58684423]
[4.53989662],[1.11714566],[3.75461041]
[4.6530823],[1.14603923],[3.8336074]
[4.64558521],[1.1909783],[3.9719203]
[4.7278234],[1.20145458],[4.02852294]
[4.71001522],[1.23250807],[4.14987938]
[4.79370773],[1.24237495],[4.19884718]
[4.77060865],[1.26941307],[4.28344073]
[4.83953741],[1.27460228],[4.32386219]
[4.83694651],[1.29386523],[4.39229918]
[4.88347003],[1.29428717],[4.41475166]
[4.86473595],[1.30134172],[4.44913774]
[4.89048087],[1.29425096],[4.46355815]
[4.8824578],[1.29963743],[4.48793782]
[4.9496102],[1.29333454],[4.55938338]
[4.92701317],[1.29404746],[4.54548355]
[4.95503909],[1.29373859],[4.58265235]
[4.91463758],[1.29323061],[4.53878314]
[4.9318222],[1.29206624],[4.54658792]
[4.89798822],[1.29276052],[4.51505066]
[4.86523147],[1.29265962],[4.49026544]
[4.85287206],[1.29215439],[4.48213716]
[4.83839507],[1.2924589],[4.47266275]
[4.82207945],[1.2917664],[4.44963584]
[4.78696212],[1.27957048],[4.3886643]
[4.76856326],[1.26417636],[4.34008367]
[4.74477033],[1.26146394],[4.26848139]
[4.69551335],[1.26594335],[4.15537985]
[4.66318633],[1.26710448],[4.06777776]
[4.61796653],[1.26994611],[3.95702996]
[4.5557186],[1.27357847],[3.82540619]
[4.43444553],[1.27429135],[3.72628022]
[4.33411882],[1.27445077],[3.65096379]
[4.23011836],[1.27814505],[3.57783884]
[4.13029238],[1.28106314],[3.50751279]
[4.05522587],[1.2802379],[3.41846108]
[3.98603968],[1.27765094],[3.33681034]
[3.53683344],[1.26003205],[3.06814832]
[0.],[0.],[0.]
[1.13100289],[0.20159457],[0.16215813]
[2.34794169],[0.55027068],[1.08585955]
[2.97713763],[0.67102655],[1.51986454]
[3.06547322],[0.76510196],[1.81841859]
[3.13585692],[0.82936278],[2.01755449]
[3.205101],[0.88143787],[2.22024574]
[3.3063696],[0.9240147],[2.36946704]
[3.50996533],[0.95691864],[2.56898137]
[3.76877636],[0.98094957],[2.77199035]
[3.96606146],[1.00443978],[2.93354161]
[4.07922797],[1.02913235],[3.08364813]
[4.20804658],[1.03481817],[3.25975951]
[4.2999921],[1.04995838],[3.3853121]
[4.38821327],[1.05879907],[3.56121923]
[4.50009264],[1.06639055],[3.64512401]
[4.54786193],[1.10637848],[3.8089738]
[4.66315229],[1.13766032],[3.90628782]
[4.68525626],[1.18846627],[4.0651031]
[4.81546514],[1.21502283],[4.16789901]
[4.79578198],[1.25786454],[4.29527692]
[4.87235738],[1.26758677],[4.3782605]
[4.86096192],[1.29715316],[4.48401362]
[4.93612988],[1.30925707],[4.5866539]
[4.92176383],[1.33252122],[4.62293533]
[4.98467123],[1.33974489],[4.73148615]
[4.98268321],[1.35534835],[4.75110673]
[5.03026586],[1.3594208],[4.82590896]
[5.01005018],[1.36185692],[4.8176577]
[5.03982609],[1.35929502],[4.88331444]
[5.0278283],[1.36212348],[4.86972046]
[5.08665091],[1.35813275],[4.96567821]
[5.08236909],[1.3604759],[4.94740943]
[5.09478432],[1.35996007],[4.99367203]
[5.08270138],[1.35943079],[4.95575335]
[5.07963379],[1.35860106],[4.96406643]
[5.06563677],[1.35894526],[4.93670455]
[5.03202701],[1.35891172],[4.92230998]
[5.01883165],[1.35847986],[4.91404743]
[5.00699836],[1.35818584],[4.90729062]
[4.99427355],[1.35697899],[4.89041685]
[4.97029155],[1.34500754],[4.84505291]
[4.95685423],[1.33103707],[4.79943538]
[4.94098816],[1.31466753],[4.73762301]
[4.9059685],[1.30935565],[4.64113717]
[4.8795241],[1.30874378],[4.55452028]
[4.84301154],[1.30932579],[4.44755577]
[4.7951681],[1.3119477],[4.33047156]
[4.70701471],[1.31168622],[4.15498928]
[4.60856261],[1.31326573],[4.0245731]
[4.47693514],[1.3176113],[3.91992203]
[4.33686374],[1.32188907],[3.81556776]
[4.23619817],[1.32003514],[3.7169767]
[4.13893018],[1.31981636],[3.61800499]
[3.63953889],[1.30678217],[3.3059262]
[0.],[0.],[0.]
[1.24181765],[0.26211901],[0.24510031]
[2.38433337],[0.59706762],[1.21879502]
[3.02751627],[0.70626953],[1.64130753]
[3.11854408],[0.79454081],[1.93749043]
[3.19333929],[0.86830983],[2.15335158]
[3.25598879],[0.92315976],[2.35496155]
[3.46411474],[0.96507366],[2.53914379]
[3.6742809],[0.99101181],[2.73404874]
[3.90999632],[1.0170175],[2.95858943]
[4.13208037],[1.03467618],[3.13192441]
[4.26964586],[1.04763222],[3.31018576]
[4.36510127],[1.05698833],[3.53828671]
[4.48715751],[1.06468914],[3.67182261]
[4.54719818],[1.09652299],[3.84861779]
[4.67082646],[1.12683269],[3.95953559]
[4.6958072],[1.17957792],[4.11432038]
[4.82167736],[1.20784334],[4.22633246]
[4.83267986],[1.25633848],[4.38384206]
[4.94960329],[1.28122285],[4.52497202]
[4.94629787],[1.32022231],[4.62562635]
[5.008001],[1.33163882],[4.7657623]
[5.0076562],[1.35721759],[4.83813391]
[5.07231505],[1.37202244],[4.98264189]
[5.06748811],[1.39105731],[5.00607857]
[5.1244487],[1.40101233],[5.13263757]
[5.12482063],[1.41262445],[5.1304022]
[5.16653897],[1.41848293],[5.22415379]
[5.14354785],[1.41836872],[5.19097239]
[5.16459184],[1.41831161],[5.27303032]
[5.14818608],[1.42051124],[5.24042937]
[5.19165457],[1.4175168],[5.34300891]
[5.19677031],[1.42290104],[5.32287309]
[5.1924781],[1.42248928],[5.36959294]
[5.19529887],[1.42200519],[5.33683839]
[5.17771361],[1.42118924],[5.34632212]
[5.1718371],[1.419799],[5.31946902]
[5.12922539],[1.41917651],[5.30193462]
[5.11365131],[1.41888068],[5.29441405]
[5.10198867],[1.41729866],[5.28985311]
[5.09094721],[1.41524694],[5.27793371]
[5.07009888],[1.40403894],[5.23818641]
[5.05537498],[1.39062167],[5.1945181]
[5.03978165],[1.37557168],[5.13989882]
[5.01158118],[1.36190788],[5.06015424]
[4.99104322],[1.34849187],[4.98723647]
[4.96183364],[1.34705956],[4.89378061]
[4.92488918],[1.34791132],[4.79352526]
[4.85266918],[1.34600486],[4.65076513]
[4.77124237],[1.3453069],[4.50218558]
[4.64418468],[1.3488067],[4.28314948]
[4.47524685],[1.35343695],[4.15234645]
[4.36847829],[1.35294175],[4.03566051]
[4.26023122],[1.35175071],[3.91342925]
[3.70055667],[1.34071799],[3.55220231]
[0.],[0.],[0.]
[1.49771446],[0.35420155],[0.38418025]
[2.40993226],[0.63854917],[1.34133417]
[3.07481479],[0.74866165],[1.76682871]
[3.16455697],[0.83923338],[2.05655398]
[3.2378527],[0.90969424],[2.28017145]
[3.33075246],[0.96407615],[2.4804961]
[3.62387337],[0.99879543],[2.70428564]
[3.85894755],[1.02400595],[2.9175993]
[4.06247136],[1.04122222],[3.13279294]
[4.28978299],[1.0545875],[3.34509785]
[4.45559306],[1.06304219],[3.58297678]
[4.53159087],[1.0849021],[3.81779823]
[4.69572913],[1.11535471],[4.00178146]
[4.71327482],[1.17351495],[4.17134421]
[4.84309849],[1.20149454],[4.29745889]
[4.85994219],[1.25077912],[4.44692882]
[4.97065476],[1.27757753],[4.60817745]
[4.99807941],[1.32224973],[4.73163647]
[5.09507998],[1.34736098],[4.92465351]
[5.11153662],[1.38037737],[5.0081124]
[5.16301285],[1.39508077],[5.17445311]
[5.1631981],[1.41897204],[5.23038078]
[5.21111519],[1.43281407],[5.3823566]
[5.19754933],[1.44975732],[5.38307151]
[5.22837089],[1.45875964],[5.50092091]
[5.22400521],[1.47078636],[5.49287849]
[5.25096156],[1.47593459],[5.58566398]
[5.2352664],[1.47873681],[5.5600141]
[5.25174223],[1.47785067],[5.63982175]
[5.23916193],[1.4811664],[5.60978594]
[5.27319252],[1.47840522],[5.70719053]
[5.28913173],[1.48510817],[5.693417]
[5.26973597],[1.48422196],[5.72524777]
[5.27180698],[1.48378903],[5.68625234]
[5.24151185],[1.48370875],[5.69063275]
[5.2447485],[1.48222323],[5.6671668]
[5.19239017],[1.4813851],[5.63936125]
[5.17285423],[1.48121503],[5.6289486]
[5.15469322],[1.47980473],[5.6169138]
[5.13988616],[1.47788455],[5.6011014]
[5.1172079],[1.46803342],[5.55733627]
[5.10231259],[1.45397818],[5.51280261]
[5.08485137],[1.43848951],[5.45830531]
[5.05090251],[1.42230577],[5.37085846]
[5.02392626],[1.40715432],[5.28718348]
[4.99146517],[1.39140648],[5.1842135]
[4.93044853],[1.38339798],[5.04099096]
[4.7986221],[1.38076273],[4.81058462]
[4.6890818],[1.37921272],[4.67539993]
[4.59332959],[1.37837994],[4.56419454]
[4.48916273],[1.37881075],[4.44237468]
[4.39424586],[1.37644711],[4.29881506]
[4.28771823],[1.37396128],[4.15400185]
[3.76410778],[1.36585605],[3.80302164]
[0.],[0.],[0.]
[1.54218883],[0.43306097],[0.52568103]
[2.4287835],[0.67642803],[1.42635933]
[3.12672227],[0.79462536],[1.88778915]
[3.2170612],[0.87581738],[2.16870768]
[3.3113859],[0.94151854],[2.39662021]
[3.52563193],[0.99945097],[2.65276888]
[3.79227129],[1.02433764],[2.88738775]
[4.04256638],[1.04282718],[3.1129091]
[4.23644362],[1.05750675],[3.34769421]
[4.4415302],[1.07345352],[3.66864914]
[4.63738194],[1.11581682],[3.91020148]
[4.70800828],[1.17334342],[4.17890556]
[4.84889613],[1.2056261],[4.37617601]
[4.85916362],[1.25733721],[4.53777411]
[4.97408636],[1.28295303],[4.72443968]
[5.00358797],[1.32404317],[4.84318258]
[5.10114594],[1.3507271],[5.04190701]
[5.13320076],[1.38522569],[5.14926219]
[5.20510591],[1.414041],[5.34039191]
[5.21492766],[1.43909101],[5.40463071]
[5.24740214],[1.45650819],[5.56643859]
[5.23948298],[1.4740277],[5.60319573]
[5.28288187],[1.4855939],[5.74839823]
[5.27171773],[1.50080856],[5.75588543]
[5.30034885],[1.51023842],[5.86005629]
[5.29741238],[1.52090053],[5.86487534]
[5.3223769],[1.52384178],[5.93352887]
[5.30901652],[1.52679908],[5.92235446]
[5.3216183],[1.52597344],[5.97814363]
[5.31302651],[1.52914277],[5.96989424]
[5.33903367],[1.52666503],[6.04299693]
[5.36427084],[1.52893624],[6.03576091]
[5.34137621],[1.52905571],[6.06229329]
[5.35521031],[1.52899617],[6.03531479]
[5.31637491],[1.52888364],[6.03469965]
[5.32829385],[1.528501],[6.01666502]
[5.27574388],[1.52822242],[5.98904601]
[5.25948958],[1.52796427],[5.98021011]
[5.24320661],[1.52727887],[5.9691857]
[5.22881909],[1.52556815],[5.95492242]
[5.20899737],[1.51877613],[5.91520053]
[5.19501319],[1.51037949],[5.87404966]
[5.1789959],[1.49902486],[5.82560219]
[5.14961746],[1.48625034],[5.75143812]
[5.12529818],[1.4721471],[5.67323541]
[5.09719063],[1.45661052],[5.57841655]
[5.04908351],[1.4425241],[5.46302073]
[4.94224937],[1.42925756],[5.28156178]
[4.84391157],[1.41708384],[5.09755276]
[4.72427765],[1.411943],[4.98045462]
[4.60576905],[1.41243605],[4.85937218]
[4.51383678],[1.41020764],[4.72913258]
[4.41232657],[1.40610595],[4.57403229]
[3.83451659],[1.3999265],[4.13545621]
[0.],[0.],[0.]
[1.57625015],[0.49035393],[0.62623852]
[2.44413445],[0.70940478],[1.48442787]
[3.18204112],[0.81812624],[1.98465767]
[3.2642562],[0.90676667],[2.24651881]
[3.48126626],[0.96878998],[2.52281678]
[3.71130605],[1.01567866],[2.8014368]
[3.94926016],[1.03787123],[3.048574]
[4.1961709],[1.05548625],[3.29558183]
[4.41014485],[1.0707277],[3.61254302]
[4.58051242],[1.14391544],[3.94003407]
[4.8381404],[1.18290228],[4.21866832]
[4.85900401],[1.23785632],[4.47694839]
[4.97611916],[1.26987598],[4.72652325]
[4.98267669],[1.31696973],[4.87498655]
[5.07600218],[1.34468701],[5.08198351]
[5.09826748],[1.37864364],[5.18783132]
[5.17864868],[1.41008968],[5.38420015]
[5.20672674],[1.4392281],[5.486436]
[5.27474693],[1.46477924],[5.66257378]
[5.28628406],[1.48408816],[5.73236656]
[5.31433789],[1.49906473],[5.87714259]
[5.31040943],[1.51845901],[5.92161487]
[5.34896686],[1.52981986],[6.05342029]
[5.34313359],[1.54637394],[6.05782169]
[5.36696338],[1.55098835],[6.14954728]
[5.36843759],[1.56418001],[6.1617381]
[5.38835972],[1.56454844],[6.21866662]
[5.38332903],[1.57189905],[6.22363782]
[5.3902403],[1.56733912],[6.27697483]
[5.38916854],[1.57276545],[6.27793795]
[5.40792092],[1.5679061],[6.35072075]
[5.44157369],[1.5705992],[6.35892006]
[5.41170674],[1.57077059],[6.37757442]
[5.43999452],[1.57092315],[6.3649703]
[5.39378952],[1.57137927],[6.358405]
[5.41400414],[1.57127619],[6.35004844]
[5.35978867],[1.57110593],[6.31887569]
[5.34685403],[1.57106894],[6.3147504]
[5.33415448],[1.57014996],[6.30514038]
[5.3220855],[1.56874511],[6.28945413]
[5.30413995],[1.56260648],[6.25003185]
[5.28967774],[1.55440964],[6.20814364]
[5.27326002],[1.54420284],[6.16148192]
[5.24925955],[1.53361489],[6.09304862]
[5.2284671],[1.52312121],[6.01964577]
[5.20156513],[1.50822969],[5.92847667]
[5.15847234],[1.49406319],[5.82140646]
[5.06745452],[1.47961304],[5.6663221]
[4.97983415],[1.46494527],[5.51796096]
[4.87436732],[1.45067762],[5.32781255]
[4.72498113],[1.43726356],[5.16313295]
[4.63062815],[1.42710762],[5.03195246]
[4.52416244],[1.42398875],[4.8856453]
[3.89708447],[1.41901912],[4.37017184]
[0.],[0.],[0.]
[1.60123893],[0.53087539],[0.7074166]
[2.45028457],[0.72917419],[1.53445558]
[3.22626322],[0.84690838],[2.06617508]
[3.3248824],[0.92498213],[2.33984889]
[3.64081296],[0.99016295],[2.67514189]
[3.87790551],[1.03113267],[2.95952909]
[4.1150649],[1.05111197],[3.23628804]
[4.33996384],[1.06874162],[3.57004188]
[4.56644938],[1.12534975],[3.87936039]
[4.71853748],[1.20809928],[4.22313123]
[4.93997307],[1.24385849],[4.54890694]
[4.95175148],[1.29619605],[4.77372723]
[5.06450588],[1.33100306],[5.05505775]
[5.06479823],[1.36944359],[5.20157898]
[5.16189236],[1.39998074],[5.41964506]
[5.18300549],[1.42770657],[5.51852564]
[5.26557406],[1.45742826],[5.7057007]
[5.29381956],[1.48377919],[5.81621429]
[5.35953256],[1.50445253],[5.96199666]
[5.37259259],[1.52505454],[6.04333631]
[5.3943407],[1.53841958],[6.16475725]
[5.39689467],[1.55848413],[6.23484846]
[5.42279588],[1.56718735],[6.33616585]
[5.43036608],[1.58163657],[6.38246038]
[5.43760005],[1.58660583],[6.43427885]
[5.46044568],[1.59799046],[6.4857894]
[5.47332636],[1.599519],[6.51608073]
[5.47898093],[1.60549504],[6.55199083]
[5.4721893],[1.60225695],[6.57688233]
[5.48420596],[1.60618813],[6.61333033]
[5.49273688],[1.60254004],[6.66385415]
[5.53467321],[1.60436598],[6.68627525]
[5.48792463],[1.60436691],[6.68765985]
[5.52282121],[1.60444102],[6.68644672]
[5.46493532],[1.60473828],[6.67160633]
[5.49149522],[1.60475262],[6.67317339]
[5.42462915],[1.60481526],[6.62495624]
[5.40831824],[1.60491327],[6.61987234]
[5.39345537],[1.60371446],[6.6025794]
[5.37934821],[1.60260958],[6.57954773]
[5.36245065],[1.59675712],[6.53781752]
[5.34952356],[1.58876213],[6.49336453]
[5.33293263],[1.57928843],[6.44358203]
[5.30335903],[1.56947602],[6.36342525]
[5.26824798],[1.55973572],[6.27584391]
[5.21641417],[1.55001104],[6.16611602]
[5.15795271],[1.54061672],[6.04351104]
[5.04691646],[1.52866375],[5.83050804]
[4.93094176],[1.51481314],[5.68960267]
[4.81291353],[1.50053701],[5.56133089]
[4.7010441],[1.4864828],[5.42709323]
[4.60128359],[1.47085795],[5.28465901]
[4.50232571],[1.45630316],[5.13716023]
[3.93639467],[1.44952464],[4.60344992]
[0.12689374],[0.04000644],[0.00229773]
[1.6132112],[0.55057269],[0.74931685]
[2.46700824],[0.76112567],[1.59852765]
[3.27193791],[0.86837186],[2.14971548]
[3.47142303],[0.94282687],[2.46593362]
[3.76098585],[1.00856545],[2.83075823]
[3.99772145],[1.04624321],[3.15310882]
[4.23347966],[1.06554856],[3.5047508]
[4.43430831],[1.14233615],[3.86058482]
[4.68275334],[1.20265401],[4.22110873]
[4.83630795],[1.27475725],[4.54531091]
[5.0122369],[1.30787806],[4.89232034]
[5.02408439],[1.34918768],[5.10105523]
[5.13791759],[1.38893558],[5.40264968]
[5.13096575],[1.41870038],[5.55068647]
[5.23014747],[1.44965639],[5.73768617]
[5.24489087],[1.47487821],[5.8579611]
[5.33054578],[1.49701472],[6.01010691]
[5.36052634],[1.52599407],[6.15182747]
[5.42356345],[1.54442671],[6.27600787]
[5.4398852],[1.56306809],[6.38655188]
[5.45725037],[1.57290354],[6.48502309]
[5.46395371],[1.58986904],[6.58024334]
[5.48836744],[1.59825729],[6.66705678]
[5.50480471],[1.60999875],[6.72308541]
[5.50730864],[1.61434375],[6.76488479]
[5.53461337],[1.62545361],[6.83982889]
[5.54391603],[1.62782051],[6.86947079]
[5.55515069],[1.63266455],[6.92674705]
[5.5449813],[1.62876544],[6.94846598]
[5.56111321],[1.63269622],[7.0048027]
[5.56141169],[1.62939193],[7.04524459]
[5.61773165],[1.63127556],[7.08986336]
[5.56367146],[1.63148186],[7.07907795]
[5.61387813],[1.63172851],[7.10032531]
[5.5407966],[1.63256511],[7.07089796]
[5.58075322],[1.6327277],[7.08914945]
[5.51228015],[1.6329891],[7.04569719]
[5.49733322],[1.63349581],[7.04299472]
[5.48263816],[1.63362996],[7.03162897]
[5.46819429],[1.63371106],[7.00708242]
[5.45092704],[1.62863615],[6.9623325]
[5.43751927],[1.6212318],[6.91821085]
[5.41973476],[1.61252337],[6.86159062]
[5.39512435],[1.60368827],[6.77687116]
[5.36295626],[1.59458989],[6.6781183]
[5.31868726],[1.58531178],[6.56798916]
[5.26494103],[1.57649416],[6.45391271]
[5.19140218],[1.56729686],[6.3060835]
[5.09096712],[1.55773541],[6.15775401]
[4.96112693],[1.54687709],[5.98878616]
[4.83262005],[1.53669571],[5.83788567]
[4.72719898],[1.52439168],[5.70967237]
[4.62085698],[1.51317973],[5.57907688]
[4.00315106],[1.49682528],[4.93300054]
[0.21325183],[0.07586349],[0.00768105]
[1.62604139],[0.57457078],[0.78791704]
[2.48618275],[0.79374555],[1.66544957]
[3.3009381],[0.87985828],[2.22195605]
[3.58609188],[0.95636876],[2.57273796]
[3.86309088],[1.01999491],[2.96733364]
[4.11281708],[1.05552348],[3.35160819]
[4.34534758],[1.10690591],[3.71204595]
[4.51954008],[1.18642125],[4.08090963]
[4.80255726],[1.24907592],[4.48384023]
[4.9079255],[1.31003066],[4.77424876]
[5.08608791],[1.34877399],[5.13115563]
[5.09049681],[1.38953293],[5.37876349]
[5.20110401],[1.42956817],[5.65057633]
[5.19991838],[1.45929647],[5.84206491]
[5.29201318],[1.48336279],[6.00772899]
[5.31093658],[1.51435179],[6.16579139]
[5.39264191],[1.53253592],[6.30911489]
[5.43031265],[1.562349],[6.44925699]
[5.49285527],[1.57960735],[6.57630704]
[5.50869654],[1.59656963],[6.68067925]
[5.52407408],[1.60635618],[6.77914721]
[5.53539351],[1.62285204],[6.8799205]
[5.56156027],[1.6337926],[6.98867638]
[5.5782765],[1.6473589],[7.07082727]
[5.58148493],[1.65297374],[7.13603877]
[5.60637576],[1.66532084],[7.22337972]
[5.6259692],[1.66930731],[7.26365175]
[5.63095417],[1.67523196],[7.3374695]
[5.6293562],[1.66912682],[7.37858026]
[5.64101671],[1.67135494],[7.45765753]
[5.6471269],[1.66400487],[7.49685871]
[5.71081174],[1.66381745],[7.55977307]
[5.65539429],[1.66194739],[7.51737456]
[5.72164236],[1.66067818],[7.54290101]
[5.63666141],[1.66106591],[7.4709652]
[5.68155728],[1.66158112],[7.4851049]
[5.6088818],[1.66212197],[7.42279957]
[5.58762079],[1.66253581],[7.41473428]
[5.57267904],[1.66323042],[7.40651795]
[5.55497177],[1.66316686],[7.38260335]
[5.53833568],[1.65854203],[7.34046317]
[5.52167371],[1.65110669],[7.29304206]
[5.50504479],[1.6426019],[7.23820148]
[5.48185671],[1.63380994],[7.16249185]
[5.45097292],[1.62450251],[7.06870791]
[5.40925118],[1.61522109],[6.95671934]
[5.36338043],[1.60638419],[6.83002036]
[5.29682267],[1.59752429],[6.67454093]
[5.22739736],[1.58836113],[6.5403456]
[5.1079103],[1.57857533],[6.39244127]
[4.95268924],[1.56861654],[6.21641617]
[4.84940659],[1.55837718],[6.07004948]
[4.7489658],[1.55307894],[5.92969693]
[4.11020077],[1.53715394],[5.18460102]
[0.38717051],[0.12657976],[0.02377465]
[1.64281738],[0.59461623],[0.82605905]
[2.5075896],[0.80720779],[1.7190627]
[3.31701932],[0.88824815],[2.29716439]
[3.69726303],[0.96784672],[2.67288444]
[3.95840365],[1.03176713],[3.07581496]
[4.21022679],[1.06354889],[3.51426153]
[4.4356525],[1.14770527],[3.91183345]
[4.61175548],[1.2208384],[4.2754566]
[4.87903724],[1.28704049],[4.68821619]
[4.98103919],[1.34397954],[5.01528014]
[5.15395041],[1.38199743],[5.36779764]
[5.1601612],[1.42574948],[5.65298117]
[5.26468222],[1.45865433],[5.90303064]
[5.27335386],[1.49292717],[6.12490825]
[5.35609115],[1.51225004],[6.27937692]
[5.38374719],[1.54656964],[6.4466467]
[5.45714749],[1.56301975],[6.58204333]
[5.50091214],[1.58991322],[6.71514825]
[5.55750642],[1.6057234],[6.83192072]
[5.5795868],[1.62367103],[6.95832817]
[5.58853862],[1.6383681],[7.09312238]
[5.60928114],[1.65788222],[7.23201334]
[5.63788056],[1.67186048],[7.34649095]
[5.65966511],[1.68609877],[7.45218588]
[5.6733608],[1.69278901],[7.53311358]
[5.69650092],[1.70567918],[7.68096039]
[5.74933151],[1.7115324],[7.81565318]
[5.76424009],[1.71769192],[7.91622782]
[5.79115809],[1.71291061],[8.00257608]
[5.80015376],[1.71463576],[8.0867015]
[5.83276424],[1.70761866],[8.13953773]
[5.89303655],[1.70653092],[8.20387278]
[5.87208532],[1.70337956],[8.17778796]
[5.92209059],[1.70030269],[8.18330515]
[5.86061466],[1.69747093],[8.1117346]
[5.86397025],[1.69419358],[8.09490627]
[5.78348017],[1.69115709],[8.00110414]
[5.73280641],[1.68885591],[7.94765157]
[5.68967153],[1.68776499],[7.89417997]
[5.64926078],[1.68610382],[7.82801092]
[5.60914109],[1.68194658],[7.74650207]
[5.57783778],[1.67453893],[7.66439063]
[5.55646181],[1.66595716],[7.58068183]
[5.53681284],[1.65697552],[7.47660381]
[5.50811686],[1.64756547],[7.36919659]
[5.47052559],[1.6379609],[7.24757507]
[5.42762811],[1.6290101],[7.12417318]
[5.36759501],[1.62001978],[6.97533168]
[5.30146441],[1.61074653],[6.82018313]
[5.2057948],[1.60122299],[6.66172665]
[5.08083157],[1.59135135],[6.48185283]
[4.99548154],[1.58120452],[6.31727655]
[4.90345743],[1.57126668],[6.16231801]
[4.19240301],[1.55363815],[5.34338347]
[0.5085229],[0.20011201],[0.04996254]
[1.65917543],[0.6134195],[0.87147973]
[2.517371],[0.81700556],[1.7583981]
[3.32265449],[0.90132993],[2.36431891]
[3.79052154],[0.98333936],[2.76703752]
[4.05412684],[1.04562581],[3.19248297]
[4.28405605],[1.08438809],[3.66657388]
[4.52884326],[1.18588096],[4.13411582]
[4.70399971],[1.25668572],[4.50235998]
[4.95088428],[1.32240118],[4.92088368]
[5.06141452],[1.37830197],[5.28445338]
[5.22631384],[1.41735472],[5.6391513]
[5.23550516],[1.4586905],[5.92485169]
[5.32920984],[1.49288856],[6.17100839]
[5.34629698],[1.5251736],[6.40544757]
[5.41860411],[1.54563626],[6.55430734]
[5.45516804],[1.57777711],[6.72036933]
[5.52088744],[1.59430702],[6.86084142]
[5.57650055],[1.6224536],[7.02080425]
[5.62919129],[1.6434333],[7.16839167]
[5.66003275],[1.66417297],[7.33742541]
[5.67339208],[1.68194139],[7.46893038]
[5.69257229],[1.70353654],[7.63200441]
[5.72284831],[1.71688704],[7.76071643]
[5.76144385],[1.73087811],[7.93968525]
[5.8261344],[1.7367841],[8.14026297]
[5.88291834],[1.7494427],[8.32925363]
[5.96875946],[1.75452958],[8.47803573]
[5.97778683],[1.76192695],[8.60197356]
[6.02438312],[1.75709294],[8.69325387]
[6.01556742],[1.75968506],[8.77595386]
[6.06376081],[1.7529841],[8.81794662]
[6.09147545],[1.75254615],[8.86909325]
[6.09850969],[1.75006792],[8.8593044]
[6.12065821],[1.74760207],[8.85509227]
[6.10612218],[1.74519988],[8.79498249]
[6.07307785],[1.7422814],[8.75140069]
[6.01358491],[1.73952785],[8.65955948]
[5.95392901],[1.73620818],[8.58672462]
[5.91002054],[1.73227235],[8.51761939]
[5.86679061],[1.72657827],[8.43834806]
[5.81965721],[1.71733674],[8.34298856]
[5.75885191],[1.70403072],[8.23780209]
[5.68684531],[1.69109907],[8.10397929]
[5.59701671],[1.68013913],[7.89789575]
[5.5069984],[1.67076384],[7.67877021]
[5.45431823],[1.66086433],[7.48900118]
[5.39069107],[1.65124725],[7.30474154]
[5.35521201],[1.64193229],[7.1131873]
[5.29669553],[1.63260195],[6.94886609]
[5.2438453],[1.62269709],[6.78920432]
[5.19214801],[1.61306587],[6.63115768]
[5.1236213],[1.60289699],[6.46949017]
[5.05830966],[1.59134756],[6.3199447]
[4.27352287],[1.57316545],[5.49460347]
[0.60220019],[0.2149464],[0.06362662]
[1.66426419],[0.6258229],[0.8901871]
[2.53058713],[0.82964507],[1.79290301]
[3.3287387],[0.91764914],[2.41643192]
[3.8725539],[1.00291586],[2.8637283]
[4.12385494],[1.06070407],[3.36876259]
[4.33529958],[1.13402117],[3.86802698]
[4.59862431],[1.22991252],[4.35133806]
[4.75091876],[1.29552409],[4.78427164]
[4.99891156],[1.36618568],[5.2060619]
[5.11179464],[1.41505163],[5.55351487]
[5.26494396],[1.45685579],[5.88908567]
[5.2793275],[1.49312033],[6.1680687]
[5.3685066],[1.52946668],[6.42285683]
[5.39072761],[1.55567918],[6.65287849]
[5.45682119],[1.57994316],[6.80718897]
[5.50033603],[1.61111179],[6.99816846]
[5.56194696],[1.636189],[7.1733539]
[5.62611494],[1.66581351],[7.38218251]
[5.68321827],[1.68710053],[7.53491559]
[5.71580057],[1.70737881],[7.72712016]
[5.74774853],[1.72401284],[7.89792907]
[5.80549982],[1.74512052],[8.11186637]
[5.88825584],[1.7569096],[8.33611616]
[5.94445039],[1.77057029],[8.56676208]
[6.03276465],[1.77642577],[8.79018854]
[6.07548266],[1.78927111],[8.98195647]
[6.18059109],[1.79413616],[9.1463537]
[6.18128721],[1.80091576],[9.27746412]
[6.24255297],[1.79678899],[9.37474423]
[6.22807544],[1.79969456],[9.46866647]
[6.29284217],[1.79339384],[9.53294982]
[6.30340187],[1.79292614],[9.57555576]
[6.33363115],[1.7906989],[9.57952724]
[6.33211643],[1.78857044],[9.57257752]
[6.37102911],[1.78659003],[9.52156219]
[6.31678067],[1.78409315],[9.47180744]
[6.2920243],[1.78206054],[9.38441323]
[6.23343162],[1.77913657],[9.3005266]
[6.18905494],[1.77524756],[9.22363367]
[6.1400328],[1.7701581],[9.13268717]
[6.07805571],[1.76124426],[9.01782991]
[5.99466362],[1.74854038],[8.88017436]
[5.92244212],[1.73319624],[8.73800003]
[5.83477236],[1.71805718],[8.53177542]
[5.74745532],[1.70268146],[8.3033354]
[5.66685274],[1.6876252],[8.07528418]
[5.60760048],[1.6751165],[7.83723729]
[5.54543197],[1.66453127],[7.57237171]
[5.45441108],[1.65508317],[7.309021]
[5.36359101],[1.64536036],[7.0933434]
[5.3072698],[1.63989451],[6.91854148]
[5.24374629],[1.63570998],[6.75900651]
[5.16023552],[1.62659354],[6.60367369]
[4.3693899],[1.61232224],[5.7007773]
[0.67606034],[0.22433374],[0.07459708]
[1.67449757],[0.63882278],[0.91519863]
[2.54386199],[0.83849707],[1.8191786]
[3.33396415],[0.92868052],[2.44953592]
[3.94782522],[1.01411516],[2.93014052]
[4.17705279],[1.07050086],[3.45719806]
[4.3940937],[1.16054882],[4.00368877]
[4.65139381],[1.25861326],[4.49299281]
[4.79671838],[1.32282971],[4.96867635]
[5.03999197],[1.39805414],[5.39804536]
[5.16047256],[1.44089027],[5.74778272]
[5.30312243],[1.48625886],[6.07908654]
[5.32180838],[1.51961927],[6.37081845]
[5.40652433],[1.56554778],[6.65843054]
[5.43669815],[1.59826168],[6.92298264]
[5.50090038],[1.62944285],[7.11652195]
[5.55088883],[1.66033974],[7.35194443]
[5.60694686],[1.68515353],[7.54223006]
[5.69611621],[1.71104253],[7.7883645]
[5.79174794],[1.73044571],[7.98071389]
[5.86721279],[1.75092841],[8.2095995]
[5.94754948],[1.76672708],[8.46258589]
[5.99643367],[1.78750463],[8.72353636]
[6.09484466],[1.80005316],[8.9932396]
[6.13837087],[1.82897317],[9.26267858]
[6.24908899],[1.83290927],[9.5070662]
[6.28685231],[1.85946756],[9.73058923]
[6.41846939],[1.87759595],[9.97213939]
[6.41118762],[1.90394834],[10.13820236]
[6.53167911],[1.90849803],[10.25929]
[6.48837768],[1.89845548],[10.314607]
[6.59178199],[1.89025471],[10.41407416]
[6.61200585],[1.88740765],[10.42637177]
[6.66187562],[1.8884187],[10.46630827]
[6.68691994],[1.88217996],[10.45518737]
[6.72377823],[1.87955729],[10.42906654]
[6.72045564],[1.87149425],[10.34589862]
[6.65704068],[1.86340963],[10.25300317]
[6.56729794],[1.85552004],[10.11630881]
[6.48235617],[1.84614473],[10.01834525]
[6.40995364],[1.83553721],[9.92688629]
[6.3279507],[1.82488531],[9.81898295]
[6.27359152],[1.81333844],[9.68966944]
[6.2075537],[1.79957153],[9.52208986]
[6.10895653],[1.76878886],[9.28266841]
[5.99513447],[1.74850115],[9.01170353]
[5.90328882],[1.73105846],[8.74179826]
[5.8062253],[1.71565066],[8.49933835]
[5.74855654],[1.70064942],[8.22435725]
[5.67296369],[1.68601999],[7.93468781]
[5.57144616],[1.67127709],[7.63950958]
[5.47632112],[1.66241194],[7.32037622]
[5.37478765],[1.65785244],[7.07586596]
[5.24163095],[1.64979348],[6.87039368]
[4.42305207],[1.63107257],[5.87840736]
[0.7802073],[0.234128],[0.08990107]
[1.68504798],[0.64594933],[0.9360771]
[2.55144652],[0.84723009],[1.84079451]
[3.33836365],[0.93896857],[2.48221183]
[3.99022384],[1.02639133],[2.98890822]
[4.21901455],[1.07894589],[3.57178622]
[4.42939877],[1.18575844],[4.14091314]
[4.68981723],[1.28689835],[4.67891237]
[4.82641123],[1.34925052],[5.13809152]
[5.06852945],[1.42452856],[5.57126521]
[5.19121586],[1.46719843],[5.94547927]
[5.33321653],[1.52206905],[6.31121836]
[5.35713519],[1.56261387],[6.62533381]
[5.44067305],[1.61339012],[6.94158238]
[5.47660758],[1.63998917],[7.24176103]
[5.53850956],[1.67204087],[7.48055467]
[5.61277464],[1.69940603],[7.74978552]
[5.72411024],[1.72355459],[7.96843675]
[5.8442305],[1.74803661],[8.22889751]
[5.96630796],[1.76592885],[8.47320547]
[6.03107796],[1.7859445],[8.74080728]
[6.13057833],[1.80315523],[9.02655334]
[6.16844342],[1.84642786],[9.3362766]
[6.27899199],[1.86709441],[9.63905187]
[6.32042049],[1.91028499],[9.96488071]
[6.48123751],[1.92644374],[10.25893559]
[6.53219378],[1.96404409],[10.52992649]
[6.71068488],[1.97654181],[10.85969513]
[6.76582029],[1.99971542],[11.07165993]
[6.85320108],[2.00502495],[11.23375605]
[6.85854286],[1.99642307],[11.3253601]
[6.937137],[1.98921193],[11.39387993]
[7.00298993],[1.97555117],[11.44573311]
[7.02531592],[1.97042357],[11.46844226]
[7.08091122],[1.96375084],[11.48935751]
[7.07677326],[1.96044836],[11.44803664]
[7.1396135],[1.95368762],[11.38976469]
[7.07228809],[1.94689117],[11.26502992]
[7.04582731],[1.93962636],[11.13222348]
[6.96099207],[1.93128661],[10.99388075]
[6.8977081],[1.9212587],[10.86992442]
[6.81898799],[1.91115974],[10.71470274]
[6.65422502],[1.90023651],[10.49502798]
[6.5267037],[1.88427272],[10.28290196]
[6.37980123],[1.85819487],[9.99400423]
[6.26322799],[1.81772831],[9.72280714]
[6.18803739],[1.7743363],[9.46067246]
[6.09522908],[1.75554506],[9.18955208]
[5.99446844],[1.74047139],[8.89542108]
[5.89973534],[1.72654389],[8.58093493]
[5.7893454],[1.71218302],[8.28249482]
[5.68331143],[1.69878514],[7.9501753]
[5.57175831],[1.68647862],[7.61701055]
[5.40765171],[1.67149567],[7.302364]
[4.58258891],[1.65076096],[6.18879783]
[0.69875125],[0.27149741],[0.09360664]
[1.69178738],[0.65249524],[0.95617704]
[2.5506707],[0.85004033],[1.84756912]
[3.33699443],[0.94424931],[2.49949778]
[4.00325345],[1.03376689],[3.00447263]
[4.23702377],[1.08538908],[3.61221323]
[4.44287344],[1.20049188],[4.20412997]
[4.70577529],[1.3059532],[4.77718122]
[4.84361646],[1.37151776],[5.26077963]
[5.08948136],[1.45538206],[5.72365089]
[5.21637368],[1.50314882],[6.1201291]
[5.36026856],[1.5610654],[6.51232158]
[5.38804151],[1.60227559],[6.85026138]
[5.46838232],[1.65381245],[7.214049]
[5.51899344],[1.6789248],[7.55961494]
[5.598045],[1.71164818],[7.80998253]
[5.70498488],[1.73401626],[8.09527115]
[5.82661557],[1.75826607],[8.34661942]
[5.94253875],[1.7821152],[8.62826361]
[6.07950911],[1.80074134],[8.91800851]
[6.13232526],[1.83367093],[9.2353603]
[6.23954823],[1.86639542],[9.56403915]
[6.27211995],[1.94507827],[9.94402069]
[6.41136742],[1.97718211],[10.30716709]
[6.46195495],[2.02875253],[10.64255886]
[6.65056596],[2.03508465],[11.05342411]
[6.73145474],[2.07478233],[11.36666147]
[6.88758698],[2.07678362],[11.72365525]
[7.04195941],[2.10853253],[12.0195138]
[7.147864],[2.09516683],[12.21618802]
[7.24895632],[2.08796276],[12.31473103]
[7.23502947],[2.08091068],[12.38407509]
[7.29068865],[2.07043351],[12.49316148]
[7.2950573],[2.06366224],[12.48393038]
[7.34095386],[2.05451905],[12.49864338]
[7.36664148],[2.04506477],[12.42215582]
[7.36533591],[2.03605241],[12.38921606]
[7.3016637],[2.02865937],[12.25012575]
[7.24590297],[2.02064769],[12.12489471]
[7.16166448],[2.0127077],[11.95317181]
[7.08080367],[2.00423858],[11.81141194]
[7.01937024],[1.99265939],[11.65633022]
[6.93739191],[1.9750266],[11.46046184]
[6.8879736],[1.95837502],[11.20448975]
[6.78973264],[1.93470968],[10.83775822]
[6.6210954],[1.90162824],[10.44255607]
[6.49487913],[1.86215989],[10.09494344]
[6.36757846],[1.82385772],[9.73335992]
[6.24139222],[1.78513876],[9.38454756]
[6.11664507],[1.76790613],[9.07755736]
[6.03117484],[1.75294932],[8.75568162]
[5.89387036],[1.7400902],[8.41681303]
[5.76642643],[1.72477223],[8.08085518]
[5.57425719],[1.70256793],[7.71747528]
[4.73615032],[1.67841308],[6.58350607]
[0.7796373],[0.28387806],[0.10927755]
[1.70001892],[0.65768589],[0.97158815]
[2.55577212],[0.85520371],[1.86038083]
[3.34039606],[0.950619],[2.52516633]
[4.02878395],[1.0415736],[3.04678208]
[4.26036775],[1.10437086],[3.73155775]
[4.4625534],[1.22953464],[4.32995687]
[4.72748779],[1.33684742],[4.93363587]
[4.8580536],[1.41116326],[5.42275498]
[5.10329567],[1.48744363],[5.88378468]
[5.23125598],[1.53305594],[6.28623402]
[5.37939111],[1.58932146],[6.70146129]
[5.41471485],[1.62804345],[7.06781439]
[5.51336121],[1.68158229],[7.44450898]
[5.65593668],[1.70173072],[7.81478167]
[5.71024643],[1.73519804],[8.06152933]
[5.81697585],[1.75448475],[8.35745831]
[5.92191076],[1.77908872],[8.64064319]
[6.03708765],[1.80454023],[8.95958782]
[6.19397534],[1.82723475],[9.26195749]
[6.23938045],[1.87697217],[9.61334015]
[6.35861932],[1.92683046],[9.99795565]
[6.39411745],[2.01713267],[10.4291207]
[6.58460723],[2.04932337],[10.85462675]
[6.70122271],[2.09418227],[11.23649654]
[6.88481673],[2.10504371],[11.66062609]
[7.01846245],[2.1407542],[12.04615767]
[7.15230029],[2.14547725],[12.4586649]
[7.30357343],[2.17293306],[12.78093119]
[7.41597078],[2.15390985],[13.01229365]
[7.52786817],[2.15691197],[13.14918372]
[7.51851681],[2.14058747],[13.21723116]
[7.53454148],[2.13114376],[13.29327027]
[7.56907141],[2.12396579],[13.31483224]
[7.60328624],[2.11593571],[13.34830035]
[7.66186126],[2.107732],[13.3109663]
[7.664974],[2.0993213],[13.30808381]
[7.6485769],[2.08929248],[13.16880405]
[7.56258954],[2.07877349],[13.02426898]
[7.49356972],[2.07067203],[12.82603746]
[7.39332973],[2.06259338],[12.63548382]
[7.32153784],[2.04867783],[12.44220613]
[7.24216767],[2.02763776],[12.20326227]
[7.17487379],[2.01078827],[11.95592004]
[7.06639729],[1.9888347],[11.63266991]
[6.93292357],[1.95818073],[11.23766591]
[6.83555236],[1.92065394],[10.83557312]
[6.69864552],[1.88493406],[10.42904873]
[6.55708776],[1.84866639],[9.99963106]
[6.4262331],[1.80570651],[9.61305364]
[6.25554208],[1.78387028],[9.25139397]
[6.06166008],[1.77048231],[8.88634257]
[5.91235513],[1.75561591],[8.51267041]
[5.69225099],[1.73374607],[8.14886731]
[4.8426509],[1.71171073],[6.93671994]
[0.83530627],[0.2963312],[0.12857598]
[1.70836892],[0.6615159],[0.98545197]
[2.56096316],[0.85990907],[1.86976963]
[3.34386863],[0.95326593],[2.53735413]
[4.05533282],[1.04651218],[3.06601442]
[4.28361296],[1.11512639],[3.77769764]
[4.48428559],[1.25298561],[4.44180657]
[4.75453249],[1.36491312],[5.0705618]
[4.87552773],[1.44083745],[5.57295144]
[5.11725635],[1.51361638],[6.04307982]
[5.24834893],[1.55977065],[6.4583138]
[5.41797955],[1.61486237],[6.89552879]
[5.48411065],[1.66351768],[7.31769525]
[5.57966544],[1.7092545],[7.70515882]
[5.79135438],[1.72658571],[8.09012951]
[5.85115345],[1.75982431],[8.36765784]
[5.94762871],[1.77917072],[8.67334694]
[6.05324882],[1.80624043],[9.00398051]
[6.13878577],[1.84349854],[9.36674836]
[6.3196739],[1.87896315],[9.70970906]
[6.35333013],[1.96103948],[10.11672708]
[6.53455073],[2.01752917],[10.54973037]
[6.59659329],[2.08983472],[11.00013261]
[6.80261757],[2.12230211],[11.49713048]
[6.987341],[2.15863536],[11.91688083]
[7.15765664],[2.17243888],[12.37438428]
[7.3006362],[2.20151293],[12.80312564]
[7.42868012],[2.20982724],[13.21289736]
[7.56091693],[2.22974773],[13.55804504]
[7.70445318],[2.21485709],[13.81954024]
[7.81729243],[2.21906872],[13.96484471]
[7.84403687],[2.19823581],[14.08029978]
[7.83420199],[2.19501764],[14.21601355]
[7.86604958],[2.18549655],[14.26719409]
[7.84606747],[2.17588809],[14.31257258]
[7.92074067],[2.16670478],[14.27148774]
[7.9031316],[2.15675964],[14.20461379]
[7.92703387],[2.1476388],[14.09932023]
[7.82640694],[2.13811466],[13.94061093]
[7.80318452],[2.12931215],[13.77392596]
[7.7128676],[2.11919793],[13.58151114]
[7.65657664],[2.103375],[13.38031023]
[7.59430312],[2.08225522],[13.10641716]
[7.52090605],[2.05287084],[12.79182265]
[7.36491081],[2.03439839],[12.40978585]
[7.2248379],[2.00740787],[12.02183417]
[7.09891779],[1.97243899],[11.63049864]
[6.96994575],[1.94022999],[11.19824519]
[6.8630461],[1.90672551],[10.75542666]
[6.7374505],[1.86754503],[10.29389981]
[6.57521328],[1.82840085],[9.84199911]
[6.2932966],[1.79567278],[9.37365025]
[6.06645467],[1.7800228],[8.9618335]
[5.80172548],[1.75857389],[8.54297262]
[4.94001612],[1.73722785],[7.29336659]
[0.83953277],[0.30866405],[0.14997928]
[1.7167622],[0.66470134],[0.9984638]
[2.56622561],[0.8652694],[1.87847219]
[3.34776378],[0.95716397],[2.55210626]
[4.09047235],[1.05514353],[3.09578402]
[4.31532811],[1.13120886],[3.85817742]
[4.51631795],[1.27809509],[4.58532607]
[4.78263691],[1.39016741],[5.22169671]
[4.89945227],[1.4664947],[5.72490505]
[5.15010564],[1.53503703],[6.2026121]
[5.30308504],[1.58230357],[6.62613827]
[5.48388957],[1.63727219],[7.10384749]
[5.5562616],[1.69176426],[7.54493133]
[5.67448962],[1.73150357],[7.93204427]
[5.93277013],[1.74502742],[8.34027905]
[6.01173166],[1.78090268],[8.65319124]
[6.09217884],[1.79939845],[8.9953135]
[6.2133807],[1.83200095],[9.34861112]
[6.27831679],[1.87946953],[9.74044704]
[6.46386533],[1.94441626],[10.13197859]
[6.53275442],[2.02137652],[10.58720305]
[6.71224298],[2.0803488],[11.09199322]
[6.80099059],[2.14260614],[11.58923297]
[7.04732053],[2.17558807],[12.07780878]
[7.27888858],[2.20721532],[12.56123707]
[7.42859481],[2.22224281],[13.03265369]
[7.56188977],[2.24769345],[13.48232731]
[7.72370224],[2.25852389],[13.92799745]
[7.8443139],[2.27407786],[14.30044531]
[8.00378789],[2.26518755],[14.63797648]
[8.0930194],[2.26518932],[14.84647183]
[8.12942794],[2.24962676],[14.95925653]
[8.11110325],[2.24566626],[15.02853028]
[8.14085709],[2.23713904],[15.08439231]
[8.14556956],[2.2280878],[15.09851338]
[8.18955342],[2.21946883],[15.08875806]
[8.19017492],[2.20872512],[14.99796073]
[8.19681862],[2.19830844],[14.92495088]
[8.15078044],[2.18839577],[14.76249154]
[8.08988852],[2.17575436],[14.59393214]
[8.00020507],[2.16171721],[14.35968257]
[7.91694529],[2.14398858],[14.15025226]
[7.84215863],[2.12248682],[13.90730578]
[7.76661627],[2.09424385],[13.63616721]
[7.68161639],[2.06865231],[13.2725224]
[7.57352181],[2.04567975],[12.81194431]
[7.41799084],[2.01517653],[12.34514797]
[7.26118197],[1.98478503],[11.92283803]
[7.13339131],[1.95460731],[11.49044661]
[7.00089399],[1.91973423],[10.99030626]
[6.88810671],[1.88462995],[10.55942197]
[6.63633707],[1.84831271],[9.99274719]
[6.33041115],[1.81006685],[9.49519859]
[5.95293197],[1.78381404],[9.02116879]
[5.07210488],[1.76280358],[7.66726116]
[0.84261541],[0.33896552],[0.14137064]
[1.71737356],[0.66384815],[1.00540996]
[2.56363186],[0.87027255],[1.88049544]
[3.34729193],[0.96463486],[2.57477502]
[4.09312595],[1.06379845],[3.11943191]
[4.32795831],[1.15783878],[3.94487231]
[4.5251994],[1.30166748],[4.71726557]
[4.80753048],[1.41480879],[5.3598578]
[4.94513064],[1.49311702],[5.87836637]
[5.20090804],[1.55952314],[6.36803863]
[5.3649672],[1.61441215],[6.80665947]
[5.55522451],[1.66765743],[7.31742572]
[5.63568963],[1.7178318],[7.76865782]
[5.81724592],[1.7555298],[8.19088049]
[6.06701314],[1.77461481],[8.62339613]
[6.17075947],[1.80615432],[8.9592084]
[6.23482706],[1.82417524],[9.33626856]
[6.37306585],[1.87476786],[9.73625282]
[6.41769003],[1.94212673],[10.1638602]
[6.60472318],[2.01229817],[10.60932865]
[6.72178771],[2.07989301],[11.09482259]
[6.87845371],[2.13574176],[11.65899147]
[7.04387786],[2.1933402],[12.18378713]
[7.29223577],[2.22489266],[12.71800372]
[7.50858574],[2.25485895],[13.23581836]
[7.701635],[2.26916077],[13.70936572]
[7.80252452],[2.29341483],[14.16226429]
[8.01640692],[2.30348073],[14.68143167]
[8.08086896],[2.31843323],[15.08574616]
[8.24370912],[2.31243935],[15.41214823]
[8.37650472],[2.31177921],[15.64539142]
[8.39865043],[2.29906917],[15.79286323]
[8.41251588],[2.29374012],[15.85816561]
[8.41949128],[2.28653484],[15.9470007]
[8.45885336],[2.27854804],[15.97854227]
[8.50328645],[2.27042769],[16.09118489]
[8.52648338],[2.26031398],[16.03337162]
[8.52042046],[2.25047048],[15.98979833]
[8.52301326],[2.24089522],[15.83165332]
[8.44609916],[2.22777102],[15.65406998]
[8.38481119],[2.20831125],[15.37750106]
[8.28353104],[2.19216619],[15.09315348]
[8.19476698],[2.17311073],[14.72145315]
[8.09755537],[2.14759282],[14.42159072]
[7.96213414],[2.11636798],[14.08133853]
[7.82808409],[2.08961862],[13.69629063]
[7.71148517],[2.06432414],[13.27849105]
[7.63399991],[2.03797252],[12.84311728]
[7.5356816],[2.01043788],[12.4022361]
[7.38836547],[1.97918913],[11.87581086]
[7.26848814],[1.94676292],[11.37258106]
[7.11553917],[1.91257155],[10.84362483]
[6.83020415],[1.87688673],[10.25771625]
[6.35030227],[1.84079314],[9.5894474]
[5.24379174],[1.80547322],[8.15964296]
[0.84800969],[0.33523867],[0.14069813]
[1.71915602],[0.66382205],[1.00591368]
[2.57006457],[0.87846424],[1.89439391]
[3.35718722],[0.97618682],[2.61912982]
[4.12296049],[1.07248998],[3.2055257]
[4.35909037],[1.21047398],[4.14369097]
[4.57031399],[1.34192367],[4.92923529]
[4.86277746],[1.44731876],[5.55952445]
[5.00101923],[1.5248047],[6.06794351]
[5.24842277],[1.59314678],[6.56487764]
[5.41784832],[1.64711092],[7.03452738]
[5.61148013],[1.69771064],[7.56096669]
[5.70300231],[1.74561304],[8.01244259]
[5.97013602],[1.7786122],[8.47801743]
[6.21117185],[1.80168641],[8.91221001]
[6.3431086],[1.82802982],[9.29528439]
[6.37877227],[1.85997128],[9.70994282]
[6.51914503],[1.92393469],[10.15405089]
[6.58792345],[2.00290552],[10.63776153]
[6.7627938],[2.068323],[11.1250509]
[6.92864981],[2.13141278],[11.66142307]
[7.07595937],[2.18476698],[12.24056386]
[7.31562289],[2.23796786],[12.81236196]
[7.5221073],[2.26730396],[13.34785619]
[7.73824755],[2.29593244],[13.87247314]
[7.98367576],[2.30989428],[14.39606162]
[8.07936207],[2.33305212],[14.91694855]
[8.26312979],[2.34251747],[15.39287513]
[8.3438859],[2.35679257],[15.79282628]
[8.49671488],[2.35169567],[16.19865018]
[8.69474137],[2.35142838],[16.49431539]
[8.67729218],[2.33910332],[16.74335892]
[8.71026468],[2.33477919],[16.85503024]
[8.67633552],[2.32800361],[16.96911892]
[8.71983642],[2.3218603],[17.02715755]
[8.71041424],[2.31612043],[17.08196502]
[8.76815916],[2.3086439],[17.07218314]
[8.75706678],[2.30178211],[16.98333178]
[8.80501623],[2.29499219],[16.90372039]
[8.70234405],[2.28310035],[16.72506746]
[8.65493793],[2.26865849],[16.53045614]
[8.56258233],[2.24854629],[16.31027213]
[8.52727426],[2.2259439],[16.0608904]
[8.48199446],[2.20172855],[15.76348791]
[8.41930735],[2.16991404],[15.37067743]
[8.31885039],[2.1400729],[14.93822762]
[8.181429],[2.11110461],[14.45862471]
[8.0289686],[2.08529015],[13.98936153]
[7.92134478],[2.06053518],[13.55011063]
[7.809593],[2.03161597],[13.0834971]
[7.70437981],[2.00112869],[12.51534179]
[7.62043303],[1.96926473],[11.95944482]
[7.32831083],[1.93625061],[11.25129401]
[6.87792093],[1.90147122],[10.56017607]
[5.82468096],[1.86876509],[8.85018648]
[0.84725845],[0.33243838],[0.1406118]
[1.72269926],[0.66006943],[1.00435091]
[2.57746517],[0.8841297],[1.90095035]
[3.37097601],[0.98215258],[2.6470856]
[4.16782378],[1.07697092],[3.26973483]
[4.42715651],[1.23592199],[4.27106822]
[4.63289053],[1.36837463],[5.08124931]
[4.92205196],[1.4720049],[5.72282472]
[5.05839576],[1.54999426],[6.25390177]
[5.30156909],[1.62230062],[6.77111766]
[5.47375087],[1.68154143],[7.27481857]
[5.67079806],[1.73200585],[7.82588525]
[5.8292087],[1.77662693],[8.26976556]
[6.08906008],[1.8031342],[8.76424055]
[6.34767052],[1.82880824],[9.25600299]
[6.4986552],[1.87179252],[9.72804467]
[6.52187597],[1.926847],[10.20374662]
[6.68192013],[2.00711069],[10.73384404]
[6.72952071],[2.07608823],[11.24604068]
[6.88736834],[2.13526204],[11.78130805]
[7.09726547],[2.19216048],[12.35722777]
[7.3412047],[2.24072914],[12.9561344]
[7.56518266],[2.28805097],[13.56150491]
[7.80180431],[2.31465036],[14.05577166]
[7.99510969],[2.34119033],[14.61150443]
[8.27627877],[2.35424348],[15.23285246]
[8.32710805],[2.37686695],[15.71037982]
[8.53979101],[2.38660261],[16.19865381]
[8.64818186],[2.40192091],[16.74061793]
[8.82358699],[2.40017877],[17.25348867]
[9.03046834],[2.40102695],[17.72475388]
[8.97060003],[2.39159901],[17.89520838]
[9.01550196],[2.38882853],[18.07427961]
[8.98952639],[2.38380474],[18.15004286]
[9.02902623],[2.37864207],[18.26223588]
[9.06747228],[2.3730972],[18.30916431]
[9.12499978],[2.3665504],[18.43533369]
[9.17715632],[2.36059347],[18.4628137]
[9.23794482],[2.35478263],[18.53006126]
[9.24417292],[2.3431205],[18.3880311]
[9.16453447],[2.33088266],[18.22353015]
[9.09031308],[2.31388829],[17.9242117]
[8.9934434],[2.28929622],[17.58665735]
[8.92018776],[2.26179794],[17.20252744]
[8.78596474],[2.23262045],[16.81936386]
[8.66988578],[2.20282505],[16.40358951]
[8.56002841],[2.17452843],[15.92857748]
[8.46943465],[2.14546208],[15.43688439]
[8.38946283],[2.11603133],[14.96987045]
[8.27718795],[2.08804279],[14.43219595]
[8.11619132],[2.0598056],[13.77434877]
[8.0070056],[2.03070815],[13.18376347]
[7.79268667],[2.00185201],[12.4442012]
[7.32657139],[1.97040475],[11.61825418]
[6.30107412],[1.93960379],[9.86382595]
[0.84864462],[0.33425175],[0.14094344]
[1.72751707],[0.65562353],[1.00448363]
[2.5896813],[0.88942881],[1.91107426]
[3.38977403],[0.98843525],[2.67846111]
[4.18859011],[1.08173638],[3.35010935]
[4.49871377],[1.25627469],[4.38010461]
[4.69129076],[1.38858804],[5.20547489]
[4.97946664],[1.48833584],[5.87110247]
[5.1173049],[1.57078079],[6.41296632]
[5.35599691],[1.64668446],[6.95137161]
[5.53369725],[1.70722552],[7.46902138]
[5.74143526],[1.75461909],[8.02961294]
[5.94243985],[1.80002221],[8.48822268]
[6.19448172],[1.82272262],[8.99911567]
[6.45393331],[1.84917392],[9.56774105]
[6.6241112],[1.91830846],[10.10675697]
[6.67499392],[1.98726191],[10.65491999]
[6.81127663],[2.06291457],[11.23142777]
[6.84791399],[2.12653584],[11.77741153]
[7.07198749],[2.18294307],[12.36221028]
[7.28383389],[2.23725355],[12.99130975]
[7.54581061],[2.28410891],[13.6166951]
[7.78732069],[2.33061961],[14.25218228]
[8.05616202],[2.35790688],[14.76664427]
[8.23976656],[2.3852719],[15.44212606]
[8.51303215],[2.40001835],[16.01352207]
[8.628351],[2.4228132],[16.59003223]
[8.84965496],[2.43206854],[17.23708151]
[8.99287482],[2.44781189],[17.9277755]
[9.1265878],[2.4465184],[18.44821218]
[9.32661488],[2.44738409],[19.07371973]
[9.40185164],[2.43858877],[19.28759851]
[9.44967098],[2.43595856],[19.60686748]
[9.47091599],[2.43090769],[19.75072367]
[9.47767281],[2.42589895],[19.99683941]
[9.52879549],[2.4202517],[20.10662897]
[9.50096781],[2.41390002],[20.13712875]
[9.58868371],[2.40810412],[20.14461047]
[9.60788551],[2.40229786],[20.08904309]
[9.6929905],[2.39134414],[20.10230187]
[9.68733402],[2.38013229],[19.92796816]
[9.68944584],[2.3654414],[19.70315987]
[9.58030113],[2.34318916],[19.38014233]
[9.34110462],[2.31284744],[19.00542831]
[9.27170763],[2.28390106],[18.5731769]
[9.1739821],[2.25571043],[18.04644165]
[9.05589066],[2.22774641],[17.47169441]
[8.88394683],[2.19785523],[16.85633564]
[8.7561816],[2.16905248],[16.30513711]
[8.63999567],[2.1389402],[15.74532031]
[8.52685472],[2.11076928],[15.14066098]
[8.43795085],[2.08496515],[14.44669601]
[8.28319159],[2.05866009],[13.67815499]
[7.77282954],[2.02894853],[12.79198941]
[6.74822852],[2.00019697],[10.89279213]
[0.73341389],[0.35573723],[0.12919421]
[1.73376018],[0.65559209],[1.01827693]
[2.58686244],[0.8929911],[1.90902269]
[3.38440979],[0.99540124],[2.69682771]
[4.17765195],[1.08520228],[3.3842423]
[4.53450985],[1.27417732],[4.45235912]
[4.72447376],[1.40780903],[5.30449979]
[5.01213647],[1.50581817],[6.00301583]
[5.1555978],[1.59512543],[6.55494554]
[5.39175623],[1.67279693],[7.1232318]
[5.57907069],[1.73314235],[7.64724199]
[5.79942251],[1.77753266],[8.21255632]
[6.03393312],[1.82297567],[8.70377139]
[6.27511531],[1.85056665],[9.23347025]
[6.52906969],[1.89017019],[9.89219862]
[6.71321904],[1.98520971],[10.4878748]
[6.77336147],[2.05088915],[11.11234189]
[6.89104025],[2.12575826],[11.74180713]
[6.95883871],[2.18594965],[12.34581777]
[7.23078149],[2.24109635],[12.96099745]
[7.48989803],[2.29308143],[13.69720721]
[7.7055519],[2.33740422],[14.26837542]
[7.97253043],[2.38004943],[14.94004531]
[8.28634864],[2.4063279],[15.60906562]
[8.46786928],[2.4319283],[16.22790464]
[8.75885447],[2.44622007],[16.89982705]
[8.97202416],[2.46773351],[17.65582127]
[9.13186935],[2.47593984],[18.36847886]
[9.30914883],[2.49017957],[19.16686335]
[9.50057985],[2.48914338],[19.71484362]
[9.70123605],[2.49397772],[20.51497994]
[9.82883183],[2.51842691],[20.97558292]
[9.83434011],[2.50664657],[21.23391855]
[9.87074837],[2.49890045],[21.38177355]
[9.89077444],[2.49313263],[21.46231307]
[9.95301841],[2.48392847],[21.64282445]
[9.99025246],[2.47920284],[21.71072042]
[10.0604847],[2.46795132],[21.84545821]
[10.15988448],[2.45640458],[21.86677608]
[10.19177703],[2.44417363],[21.82360242]
[10.31668143],[2.43179506],[21.73537228]
[10.26784968],[2.41899065],[21.54928527]
[10.33722364],[2.40506596],[21.29195589]
[10.11046225],[2.39217536],[20.8834528]
[9.95088501],[2.36657321],[20.37862468]
[9.65248794],[2.33580985],[19.67835321]
[9.43524681],[2.29699157],[19.00447975]
[9.28686045],[2.25872896],[18.42983169]
[9.21433053],[2.22423769],[17.78900741]
[9.12276019],[2.19369032],[17.17820459]
[8.99150443],[2.16546959],[16.49127542]
[8.8319734],[2.136383],[15.68912566]
[8.71742937],[2.1066564],[14.92388917]
[8.2421291],[2.07952603],[13.97374965]
[7.21594336],[2.05253902],[12.02853129]
[0.74734631],[0.35973568],[0.13314036]
[1.73910963],[0.65371666],[1.01966515]
[2.59948887],[0.89570061],[1.91700173]
[3.40310472],[1.00348446],[2.74075914]
[4.19832296],[1.10554973],[3.5317432]
[4.60439167],[1.30971147],[4.64435619]
[4.78032813],[1.44071359],[5.48080586]
[5.06664434],[1.5331626],[6.1937273]
[5.21502163],[1.6227118],[6.74204336]
[5.44788093],[1.69489164],[7.32547473]
[5.64348025],[1.7556929],[7.85030973]
[5.88430185],[1.79860136],[8.43427681]
[6.13876186],[1.84398395],[8.94319704]
[6.3801413],[1.885902],[9.54141168]
[6.61062193],[1.96369332],[10.30216131]
[6.82584555],[2.05947038],[11.00375162]
[6.8627344],[2.12072923],[11.66024102]
[7.02810118],[2.19231583],[12.37514048]
[7.19259144],[2.24753221],[13.07528983]
[7.49422211],[2.29778174],[13.7425472]
[7.70741715],[2.34511665],[14.44235015]
[7.98834351],[2.38605402],[15.08606164]
[8.24391765],[2.42504997],[15.8232135]
[8.52294467],[2.44859528],[16.4564089]
[8.74254933],[2.47228145],[17.14545818]
[9.03842617],[2.48450486],[17.99719257]
[9.22585732],[2.51195616],[18.79283497]
[9.4298273],[2.52331701],[19.57075793]
[9.59774167],[2.54714257],[20.43124184]
[9.78628926],[2.59355625],[21.28587407]
[9.94929024],[2.63739731],[22.06772974]
[10.10149288],[2.66308501],[22.44244669]
[10.21670849],[2.65398602],[22.79740508]
[10.25540595],[2.6362956],[23.14571074]
[10.33612231],[2.62280953],[23.32359552]
[10.37086647],[2.59655611],[23.46381885]
[10.52748962],[2.59475414],[23.56300878]
[10.63712776],[2.58421815],[23.60932551]
[10.83275482],[2.572],[23.80992012]
[10.95389377],[2.55942697],[23.82626272]
[11.00774749],[2.54778026],[23.75425435]
[11.17319665],[2.53637825],[23.69883954]
[11.16500763],[2.52410047],[23.46883219]
[11.04587815],[2.51256856],[23.14087582]
[10.88067392],[2.48662711],[22.62371433]
[10.71521931],[2.4550504],[21.95623806]
[10.22784225],[2.42868271],[21.08484106]
[9.95053516],[2.39969817],[20.33006474]
[9.73376141],[2.36882843],[19.48629874]
[9.56055547],[2.28918949],[18.73342904]
[9.40292443],[2.21353841],[17.9968664]
[9.26027595],[2.1849931],[17.19629827]
[9.17810179],[2.15510054],[16.34878847]
[8.73543689],[2.12370599],[15.30135997]
[7.7092041],[2.10006882],[13.34650617]
[0.76376264],[0.36722413],[0.13892667]
[1.74312669],[0.64845321],[1.01390584]
[2.61301127],[0.89518867],[1.91782511]
[3.41985793],[1.00717847],[2.75800019]
[4.21730623],[1.11888195],[3.57926834]
[4.64657618],[1.32879817],[4.75931646]
[4.81557294],[1.46475646],[5.62066041]
[5.10410108],[1.55905307],[6.38567646]
[5.25905899],[1.65249864],[6.96458678]
[5.49350284],[1.72849291],[7.58138316]
[5.70043048],[1.78477313],[8.12627795]
[6.03118284],[1.8266256],[8.75761672]
[6.26873676],[1.8845647],[9.31392553]
[6.51312767],[1.9754692],[10.02570603]
[6.78217731],[2.04593171],[10.93867464]
[6.95306313],[2.13593157],[11.62524688]
[6.96889123],[2.1899563],[12.30250847]
[7.24837805],[2.25597438],[13.07535492]
[7.4755517],[2.30489165],[13.83464286]
[7.6907515],[2.35168032],[14.48842828]
[7.96808853],[2.39504148],[15.20360945]
[8.28501596],[2.43238109],[15.96682278]
[8.45235123],[2.46556777],[16.62395124]
[8.75969008],[2.48739731],[17.36561983]
[9.04231389],[2.51827476],[18.2625961]
[9.28628245],[2.54343929],[19.13374592]
[9.48747903],[2.5782073],[20.03977782]
[9.74856584],[2.59660814],[20.93867207]
[9.85220424],[2.67352682],[22.06895947]
[10.08731338],[2.71692281],[22.85580026]
[10.2921022],[2.75022347],[23.58371483]
[10.45780898],[2.77458077],[24.32528005]
[10.64509079],[2.76690608],[24.7201693]
[10.7336576],[2.75362508],[24.85736612]
[10.86602711],[2.74186842],[25.12006894]
[11.04979335],[2.72436362],[25.34363797]
[11.10267041],[2.70506937],[25.54726929]
[11.28197689],[2.68674547],[25.66543337]
[11.42971559],[2.67529492],[25.85186606]
[11.60233512],[2.66371328],[26.08269487]
[11.72117619],[2.65221708],[26.09787443]
[11.80343573],[2.64037509],[25.97910827]
[11.97693662],[2.62750692],[25.91265159]
[11.99113261],[2.61495564],[25.59522181]
[11.89996361],[2.59081412],[25.17531461]
[11.78484094],[2.56185819],[24.51124492]
[11.50140673],[2.53667785],[23.63633139]
[11.07039775],[2.50944092],[22.59835251]
[10.70268889],[2.47950665],[21.68210007]
[10.30212624],[2.42531491],[20.77828578]
[10.0069485],[2.3439388],[19.95775703]
[9.84917667],[2.24303749],[18.95518953]
[9.65142256],[2.21170133],[17.89418118]
[9.22261714],[2.17875302],[16.81307202]
[8.1796141],[2.14954332],[14.76424713]
[0.76487587],[0.36027005],[0.13644721]
[1.74499256],[0.64187177],[1.00420801]
[2.62622767],[0.89573554],[1.92000616]
[3.43626028],[1.01081126],[2.77236683]
[4.23647331],[1.13040636],[3.61440868]
[4.67552377],[1.33973543],[4.84358536]
[4.84701865],[1.477604],[5.72536276]
[5.14023158],[1.57264059],[6.49891079]
[5.30364755],[1.66549786],[7.10312489]
[5.54641559],[1.74341314],[7.73129486]
[5.77718492],[1.79717629],[8.27579337]
[6.10537224],[1.83874479],[8.9296279]
[6.33899444],[1.90887935],[9.53516266]
[6.58440409],[2.02176915],[10.33287701]
[6.86779714],[2.09717077],[11.2791784]
[7.03483631],[2.17846825],[11.99539853]
[7.06881143],[2.23384643],[12.71856238]
[7.40761006],[2.2966698],[13.56480821]
[7.66594012],[2.34710323],[14.36019825]
[7.86883126],[2.3916562],[15.02015506]
[8.13518978],[2.43523179],[15.76819956]
[8.43683199],[2.46643686],[16.56746179]
[8.63845262],[2.50514382],[17.34126009]
[8.96901793],[2.55092685],[18.29923278]
[9.21403242],[2.59282049],[19.20592348]
[9.48819388],[2.61781208],[20.23886508]
[9.71987374],[2.68475478],[21.34844309]
[9.95612159],[2.74024647],[22.49171343]
[10.10747494],[2.79087738],[23.47066551]
[10.3397708],[2.82283505],[24.36085387]
[10.5977023],[2.85309962],[25.29507261]
[10.75627402],[2.8748421],[25.86782066]
[11.04075368],[2.8727781],[26.43607947]
[11.2919411],[2.86008679],[26.9223766]
[11.42021045],[2.85025191],[27.27750995]
[11.5999303],[2.83462709],[27.53597285]
[11.72853673],[2.81809802],[27.75563716]
[11.8431743],[2.80156913],[28.03415683]
[12.01766163],[2.78332414],[28.23381262]
[12.14303652],[2.7683361],[28.43101359]
[12.27113578],[2.7554605],[28.60590435]
[12.4552228],[2.74244161],[28.62444392]
[12.53285768],[2.73167783],[28.46230553]
[12.73055537],[2.7178699],[28.36012669]
[12.74398165],[2.69641509],[27.99184253]
[12.71484571],[2.66949726],[27.52350427]
[12.403011],[2.6430831],[26.64738575]
[12.12213783],[2.61900428],[25.53245412]
[11.74138344],[2.59060241],[24.35747992]
[11.40472382],[2.54690978],[23.16187594]
[11.08363738],[2.48243426],[22.1699884]
[10.77449407],[2.40401405],[21.07802909]
[10.46023],[2.31596418],[19.89367993]
[9.87356669],[2.22885273],[18.55875483]
[8.72842816],[2.20332821],[16.26505789]
[0.68207555],[0.27314471],[0.0923265]
[1.74905912],[0.44646912],[0.6978413]
[2.61472725],[0.59951536],[1.34207876]
[3.4222663],[0.70950338],[2.05887977]
[4.21985767],[0.87445278],[2.81839877]
[4.69676448],[1.05267378],[4.00515858]
[4.87151713],[1.15965733],[4.86786886]
[5.15717527],[1.23850875],[5.56977779]
[5.33136268],[1.31102959],[6.15967263]
[5.6012252],[1.37374151],[6.73809297]
[5.83539431],[1.42679825],[7.25814965]
[6.15594267],[1.46367193],[7.86675123]
[6.39507933],[1.55621919],[8.51038665]
[6.64211081],[1.68670889],[9.30780378]
[6.92677895],[1.77055528],[10.24553688]
[7.1215567],[1.84895347],[10.94795471]
[7.19773289],[1.91581812],[11.67092902]
[7.56466877],[1.97596113],[12.52583033]
[7.75877826],[2.01606357],[13.25164045]
[7.99221169],[2.05176891],[13.90875105]
[8.28528616],[2.09077966],[14.69172941]
[8.54809971],[2.12685447],[15.42533098]
[8.75949905],[2.18696215],[16.27847367]
[9.07672284],[2.24015745],[17.22719368]
[9.31903994],[2.33962102],[18.17714202]
[9.60605805],[2.47393433],[19.34086712]
[9.84212717],[2.57795769],[20.57255899]
[10.08969294],[2.62682422],[21.69357489]
[10.26451825],[2.67122777],[22.62394968]
[10.51986758],[2.70148171],[23.68856463]
[10.74590296],[2.73199776],[24.54134995]
[10.98082985],[2.7587444],[25.18796523]
[11.29249914],[2.77692367],[26.01449393]
[11.54405902],[2.79894494],[26.52646033]
[11.73055692],[2.80053795],[26.88703632]
[11.90882718],[2.78604916],[27.34455204]
[12.03345612],[2.7730929],[27.58912613]
[12.14581285],[2.76498363],[27.91273639]
[12.2991565],[2.75738947],[28.23653075]
[12.4780918],[2.75071711],[28.47651035]
[12.55014066],[2.74405768],[28.73876378]
[12.72126572],[2.7374157],[28.82857584]
[12.92644818],[2.73027007],[28.86853534]
[13.0829311],[2.72500298],[28.88563349]
[13.17782851],[2.71082851],[28.69008871]
[13.13651313],[2.69422231],[28.30106361]
[13.10980165],[2.66876707],[27.63096335]
[12.78418802],[2.64363251],[26.64118571]
[12.34473086],[2.61324653],[25.45218092]
[12.09047317],[2.57972853],[24.12784932]
[11.75547285],[2.535739],[22.975475]
[11.47486138],[2.47724609],[21.76439824]
[11.18152086],[2.40872167],[20.54270821]
[10.62657583],[2.33435486],[19.12225524]
[9.5284008],[2.23421534],[16.81429571]
