meltWidth,meltDepth,meltArea
[0.],[0.],[0.]
[0.],[0.],[0.]
[0.],[0.],[0.]
[0.],[0.],[0.]
[0.],[0.],[0.]
[0.],[0.],[0.]
[0.],[0.],[0.]
[0.],[0.],[0.]
[0.],[0.],[0.]
[0.],[0.],[0.]
[0.],[0.],[0.]
[0.],[0.],[0.]
[0.],[0.],[0.]
[0.],[0.],[0.]
[0.],[0.],[0.]
[0.],[0.],[0.]
[0.],[0.],[0.]
[0.],[0.],[0.]
[0.],[0.],[0.]
[0.],[0.],[0.]
[0.],[0.],[0.]
[0.],[0.],[0.]
[0.],[0.],[0.]
[0.],[0.],[0.]
[0.],[0.],[0.]
[0.],[0.],[0.]
[0.],[0.],[0.]
[0.],[0.],[0.]
[0.],[0.],[0.]
[0.],[0.],[0.]
[0.],[0.],[0.]
[0.],[0.],[0.]
[0.],[0.],[0.]
[0.],[0.],[0.]
[0.],[0.],[0.]
[0.],[0.],[0.]
[0.],[0.],[0.]
[0.],[0.],[0.]
[0.],[0.],[0.]
[0.],[0.],[0.]
[0.],[0.],[0.]
[0.],[0.],[0.]
[0.],[0.],[0.]
[0.],[0.],[0.]
[0.],[0.],[0.]
[0.],[0.],[0.]
[0.],[0.],[0.]
[0.],[0.],[0.]
[0.],[0.],[0.]
[0.],[0.],[0.]
[0.],[0.],[0.]
[0.],[0.],[0.]
[0.],[0.],[0.]
[0.],[0.],[0.]
[0.],[0.],[0.]
[0.],[0.],[0.]
[0.90680444],[0.07738556],[0.03410431]
[1.88533114],[0.15552493],[0.15893682]
[2.14212099],[0.22187412],[0.33912841]
[2.19736789],[0.33588138],[0.50913628]
[2.32391034],[0.37888081],[0.61631709]
[2.5035636],[0.42606246],[0.72594144]
[2.62735068],[0.43653998],[0.77902621]
[2.74235557],[0.45560355],[0.84821342]
[2.73216584],[0.47217166],[0.86552222]
[2.744746],[0.48678385],[0.89153767]
[2.75601461],[0.4981095],[0.91790629]
[2.77475606],[0.51051592],[0.93507227]
[2.79822234],[0.51770685],[0.95392992]
[2.82275104],[0.52551374],[0.9652071]
[2.85361077],[0.53176656],[0.97952257]
[2.86951884],[0.53302993],[0.98486506]
[2.9595924],[0.53179403],[0.99894052]
[2.95107865],[0.52882664],[0.99158311]
[3.00589435],[0.52661365],[0.99757645]
[2.9619862],[0.52953883],[0.98756951]
[3.01583456],[0.53196465],[1.00100992]
[2.97252907],[0.53410649],[0.9962055]
[3.02498454],[0.5373873],[1.01275658]
[2.97757912],[0.54150951],[1.00615509]
[3.04291455],[0.5453799],[1.02821147]
[2.97441484],[0.54866942],[1.01771894]
[3.0488728],[0.55190923],[1.04491314]
[2.98932536],[0.55612057],[1.03706774]
[3.05877182],[0.56023536],[1.06509689]
[3.0365706],[0.56870691],[1.08441048]
[3.07896177],[0.57515573],[1.10531098]
[3.04403475],[0.58242422],[1.11998489]
[3.0768122],[0.58968765],[1.13165194]
[3.03894237],[0.59796267],[1.14819987]
[3.04231666],[0.60723466],[1.1716462]
[3.03679277],[0.61965125],[1.19170335]
[3.03586466],[0.61861146],[1.20022918]
[3.04036694],[0.61266121],[1.19283644]
[3.03738715],[0.60706387],[1.17958235]
[3.0208692],[0.60050346],[1.15898632]
[3.01049396],[0.59585776],[1.14267021]
[2.99617213],[0.59244009],[1.12950432]
[2.97197971],[0.58649271],[1.11503512]
[2.96146012],[0.5818104],[1.11172727]
[2.95294412],[0.57812535],[1.10459742]
[2.93316304],[0.57910871],[1.0934743]
[2.90910901],[0.5811211],[1.07621746]
[2.87510673],[0.57800057],[1.04127615]
[2.77124614],[0.57171081],[0.95035497]
[2.53607445],[0.55700828],[0.83746024]
[2.3042464],[0.51636106],[0.72162478]
[2.16603267],[0.46102815],[0.62299797]
[4.26035172],[0.1202822],[0.28269861]
[1.38325422],[0.0421754],[0.0301113]
[0.],[0.],[0.]
[0.58036464],[0.19768883],[0.05657201]
[2.51441834],[0.32040764],[0.48306435]
[2.61593069],[0.46452565],[0.81181275]
[2.60850195],[0.57986143],[1.07782311]
[2.75596364],[0.66366592],[1.30530002]
[2.88099713],[0.74083611],[1.48056274]
[2.96928135],[0.77133058],[1.61051638]
[3.02846955],[0.78798003],[1.70516144]
[3.05552297],[0.79884209],[1.76202986]
[3.05133619],[0.80995723],[1.7967351]
[3.07669542],[0.81914358],[1.87739564]
[3.0674878],[0.83083368],[1.93038585]
[3.09838294],[0.83985298],[2.02301018]
[3.10004889],[0.84994807],[2.03279866]
[3.12321733],[0.85891073],[2.07106828]
[3.11631919],[0.86476824],[2.08694116]
[3.21826153],[0.86712444],[2.13543245]
[3.1969314],[0.87016366],[2.13670165]
[3.29919704],[0.87327847],[2.18454107]
[3.23920558],[0.87403257],[2.1634465]
[3.38158867],[0.87479266],[2.22614535]
[3.25443464],[0.87177238],[2.16909165]
[3.38872166],[0.87391815],[2.22191795]
[3.25263867],[0.87049014],[2.1623661]
[3.39228508],[0.87416433],[2.23248824]
[3.24139954],[0.87273459],[2.19561386]
[3.37482739],[0.87732863],[2.28540087]
[3.23979636],[0.88499064],[2.28655892]
[3.36895595],[0.90022463],[2.37117221]
[3.29747043],[0.92969185],[2.43668688]
[3.38073072],[0.94554939],[2.5044714]
[3.30706364],[0.98606601],[2.5503835]
[3.36969519],[1.01324399],[2.61815787]
[3.30523355],[1.03588203],[2.63315738]
[3.30345456],[1.05697272],[2.68476617]
[3.29100898],[1.07922278],[2.73299052]
[3.28644753],[1.09632656],[2.77844788]
[3.29284785],[1.10073973],[2.81750606]
[3.28837889],[1.10477541],[2.85143197]
[3.25403788],[1.10682027],[2.87526468]
[3.23303595],[1.10915024],[2.9148325]
[3.20902515],[1.11291569],[2.94499845]
[3.18691316],[1.11721969],[2.96736125]
[3.1724725],[1.12090542],[3.00336281]
[3.15823294],[1.13383045],[3.05293362]
[3.13608611],[1.13932113],[3.07663672]
[3.10923684],[1.13832327],[3.09889606]
[3.09090669],[1.13440555],[3.08107804]
[3.03372629],[1.12731925],[3.01767666]
[2.94824292],[1.11558539],[2.90088604]
[2.81761703],[1.09774124],[2.74434383]
[2.64975933],[1.07875677],[2.58042679]
[5.32057327],[0.86169562],[4.63485178]
[4.19435384],[0.63569376],[1.30403634]
[2.71843362],[0.19019071],[0.30549579]
[0.72142133],[0.27243412],[0.11501881]
[2.6396174],[0.4061074],[0.7323626]
[2.79144152],[0.55284318],[1.13460165]
[2.83063634],[0.66888082],[1.3648678]
[2.90536569],[0.74145613],[1.54830576]
[2.98222054],[0.81470462],[1.68531333]
[3.09368078],[0.84561572],[1.8305808]
[3.1383707],[0.86228978],[1.94211422]
[3.14948241],[0.87189341],[2.10083595]
[3.12546152],[0.88175501],[2.22432812]
[3.14708009],[0.88973247],[2.28077342]
[3.13123814],[0.90008005],[2.26878761]
[3.13819552],[0.90808179],[2.29850297]
[3.13954333],[0.91136622],[2.30572437]
[3.13475254],[0.91467612],[2.28057593]
[3.15761555],[0.91725733],[2.3175946]
[3.21371151],[0.92114507],[2.31237067]
[3.20327567],[0.92168197],[2.3386463]
[3.2766584],[0.92695069],[2.34019541]
[3.23785427],[0.92741807],[2.36272711]
[3.3325065],[0.93595045],[2.36702751]
[3.24464189],[0.93296894],[2.37669507]
[3.34672832],[0.93723],[2.38288554]
[3.24419195],[0.9320119],[2.38589112]
[3.35432668],[0.94172809],[2.42389529]
[3.23256861],[0.95062957],[2.47469582]
[3.33695543],[0.95008654],[2.53200792]
[3.23273889],[0.99394111],[2.62476943]
[3.33432823],[0.98318867],[2.63365111]
[3.26192137],[1.05398873],[2.75501449]
[3.35363285],[1.03983464],[2.79076858]
[3.26428082],[1.09481308],[2.86927617]
[3.33582745],[1.12221747],[2.94279855]
[3.25909686],[1.15284253],[2.96811327]
[3.25763089],[1.1804949],[3.02995103]
[3.25071148],[1.20938988],[3.09007702]
[3.2466406],[1.2307531],[3.16867984]
[3.24969538],[1.2363816],[3.25297944]
[3.24706738],[1.24077202],[3.31966191]
[3.22764377],[1.24343757],[3.35273773]
[3.21497356],[1.24555882],[3.38079984]
[3.19613467],[1.24763312],[3.40338153]
[3.17084308],[1.24917762],[3.41150737]
[3.15822069],[1.24921897],[3.43212449]
[3.14416024],[1.25018485],[3.45051089]
[3.12606974],[1.25074506],[3.47417597]
[3.1051265],[1.25318629],[3.49814743]
[3.07252035],[1.23972911],[3.50528657]
[3.02119894],[1.22515928],[3.43740113]
[2.92871174],[1.20701273],[3.32102093]
[2.78389078],[1.18687761],[3.16054778]
[2.70230825],[1.15821651],[2.96688015]
[7.14872056],[1.08726738],[6.39362981]
[3.97861252],[0.85404614],[3.40998124]
[3.71469661],[0.47627637],[0.97686631]
[2.45642623],[0.31264221],[0.51175261]
[2.75181313],[0.4383302],[0.907479]
[2.87887044],[0.61978679],[1.35933605]
[2.85675116],[0.73782381],[1.52543571]
[2.89758849],[0.81484547],[1.72849627]
[2.97137578],[0.88012721],[1.84417836]
[3.10745872],[0.91005459],[2.00651594]
[3.15303731],[0.9268155],[2.35559903]
[3.1745518],[0.93443948],[2.49697901]
[3.15165067],[0.93713822],[2.50769933]
[3.16067202],[0.93895718],[2.52491524]
[3.13236524],[0.94157558],[2.50188146]
[3.1409454],[0.94356152],[2.49877653]
[3.1529397],[0.94618133],[2.51889786]
[3.15011091],[0.95014818],[2.47609763]
[3.17935485],[0.95801494],[2.54998279]
[3.18964959],[0.96275695],[2.52951815]
[3.19812786],[0.9735977],[2.58390183]
[3.25092539],[0.97486527],[2.58453694]
[3.20586353],[0.98683618],[2.60938768]
[3.26978327],[0.98352269],[2.59540534]
[3.21954437],[0.99122801],[2.62947228]
[3.28947895],[0.98395373],[2.61984215]
[3.22239719],[0.99376945],[2.65355327]
[3.29711444],[0.98927649],[2.66527333]
[3.21065163],[1.07524716],[2.77403807]
[3.27393786],[1.03648409],[2.75885607]
[3.2130059],[1.13827155],[2.88170691]
[3.27021615],[1.09138898],[2.86736871]
[3.24437191],[1.15949564],[2.99182504]
[3.29145159],[1.15526633],[3.03640159]
[3.24678573],[1.20485709],[3.10634105]
[3.27974723],[1.22846347],[3.1723984]
[3.23682951],[1.24710773],[3.19636525]
[3.2354874],[1.264463],[3.27371205]
[3.22878047],[1.28347114],[3.35186117]
[3.22713497],[1.29844727],[3.43521648]
[3.22995073],[1.30105788],[3.5186646]
[3.22715898],[1.30304426],[3.57065448]
[3.20998682],[1.30472413],[3.5800756]
[3.19375475],[1.30856315],[3.60039718]
[3.17584741],[1.31084923],[3.61526193]
[3.1517876],[1.31197937],[3.6287724]
[3.13447852],[1.31199867],[3.64573044]
[3.12131073],[1.3126763],[3.66835515]
[3.10463123],[1.30904981],[3.68860861]
[3.07185406],[1.29746305],[3.67736282]
[3.12744391],[1.28765097],[3.67244694]
[3.15269214],[1.28199252],[3.65262595]
[3.11768913],[1.2603798],[3.52934027]
[3.06474682],[1.23563545],[3.38237681]
[2.98000252],[1.20828345],[3.19620748]
[7.96693817],[1.20569466],[6.75992816]
[5.37310794],[0.93979708],[4.14340717]
[4.12368601],[0.84001056],[2.6500286]
[3.18099647],[0.52537086],[1.02648262]
[2.7729423],[0.41329842],[1.04610676]
[2.88907349],[0.63332065],[1.41500347]
[2.84016479],[0.78210196],[1.61119268]
[2.83743676],[0.86292179],[1.82950955]
[2.83189662],[0.92529196],[1.90395156]
[3.04894552],[0.9489755],[2.11278643]
[3.12388676],[0.95882368],[2.52648038]
[3.16589734],[0.96135142],[2.6573863]
[3.15657844],[0.98172428],[2.70478376]
[3.16780864],[0.97132367],[2.69280372]
[3.16309619],[0.99183718],[2.69162233]
[3.18587533],[0.98435922],[2.68434139]
[3.2006678],[0.99934918],[2.72750475]
[3.20615856],[0.99825502],[2.69141742]
[3.22817778],[1.01348773],[2.77272484]
[3.22489704],[1.01208461],[2.74274149]
[3.24181384],[1.04071553],[2.80958382]
[3.22762739],[1.02496792],[2.76804247]
[3.23584043],[1.06921917],[2.82117736]
[3.22392613],[1.03504073],[2.76171038]
[3.23053646],[1.07647448],[2.82551606]
[3.2352467],[1.03277176],[2.77420558]
[3.22297855],[1.12069458],[2.875187]
[3.23847178],[1.05827761],[2.83403925]
[3.21494593],[1.19789434],[2.98254478]
[3.23008308],[1.14952959],[2.93863847]
[3.20878126],[1.24343613],[3.06455586]
[3.22796216],[1.21264469],[3.05731109]
[3.21478426],[1.25979107],[3.16430216]
[3.24489104],[1.25772121],[3.21606521]
[3.21603168],[1.2963774],[3.27565286]
[3.23697959],[1.31398651],[3.37419369]
[3.19793028],[1.32853256],[3.40348195]
[3.19647515],[1.34210681],[3.48170377]
[3.18884822],[1.35698921],[3.5586711]
[3.18901174],[1.36876203],[3.64373041]
[3.19203261],[1.37091888],[3.70287434]
[3.18940594],[1.37183913],[3.72241617]
[3.17399853],[1.37371911],[3.72796275]
[3.1559447],[1.37555938],[3.73364281]
[3.13915251],[1.37732863],[3.75608216]
[3.12690722],[1.37510459],[3.77444195]
[3.12033884],[1.37217553],[3.80434878]
[3.10988578],[1.35875264],[3.82573321]
[3.11952771],[1.34410271],[3.83015752]
[3.19335237],[1.32934185],[3.81149068]
[3.22858166],[1.31426386],[3.74674575]
[3.24137721],[1.29632512],[3.6659616]
[3.21641405],[1.27248822],[3.52742108]
[3.158297],[1.24482267],[3.3439937]
[3.10076027],[1.21887887],[3.15826478]
[8.0427519],[1.29468413],[7.16772143]
[6.26771874],[1.03389208],[4.39799965]
[5.1116382],[0.93847319],[2.99351234]
[3.76329877],[0.8301589],[1.91364764]
[2.75818859],[0.42580074],[1.55934868]
[2.88514928],[0.66467341],[1.52855415]
[2.81526376],[0.8289561],[1.68587733]
[2.78522892],[0.90075186],[1.88519507]
[2.75319491],[0.95599653],[1.9554455]
[2.97042829],[0.97993453],[2.15429355]
[3.11436296],[1.04527181],[2.69101433]
[3.20639641],[1.00717188],[2.85444047]
[3.19441686],[1.09295689],[2.9667273]
[3.22355547],[1.01939566],[2.97002073]
[3.21679709],[1.10620766],[2.98556152]
[3.24311777],[1.04834847],[2.97588654]
[3.24940128],[1.11401539],[3.01257332]
[3.256947],[1.0670277],[2.97416355]
[3.27512129],[1.12358585],[3.03778204]
[3.27330826],[1.09503997],[2.9984697]
[3.28405457],[1.14370654],[3.06943812]
[3.27036732],[1.12383382],[3.02571725]
[3.27724001],[1.18736831],[3.10810422]
[3.26174392],[1.13840243],[3.03059582]
[3.270644],[1.21342118],[3.13643898]
[3.2576645],[1.15617557],[3.04438213]
[3.26551757],[1.24946686],[3.17347859]
[3.25020037],[1.22358909],[3.11985954]
[3.25743891],[1.30322709],[3.25550633]
[3.24268529],[1.28801167],[3.25218561]
[3.25225045],[1.34078702],[3.36515168]
[3.23761252],[1.33095597],[3.39437909]
[3.25233052],[1.35738692],[3.48376927]
[3.24788966],[1.36066883],[3.60172707]
[3.24759749],[1.38220307],[3.67873227]
[3.24251856],[1.39395373],[3.77553961]
[3.23081655],[1.404276],[3.8446339]
[3.22764934],[1.41474166],[3.88288617]
[3.2234013],[1.4259776],[3.91216486]
[3.21963938],[1.43451902],[3.93111396]
[3.21649655],[1.43532714],[3.94642584]
[3.21049769],[1.43539075],[3.95277545]
[3.20161143],[1.43493038],[3.96211247]
[3.18803996],[1.43590523],[4.00362725]
[3.17768074],[1.43610285],[4.04263495]
[3.16504564],[1.43575826],[4.06027485]
[3.15427411],[1.4311654],[4.0723856]
[3.20459503],[1.42010687],[4.07412599]
[3.27338012],[1.40455521],[4.06943745]
[3.32221749],[1.38744447],[4.03313374]
[3.36406952],[1.36812146],[3.95458938]
[3.37846595],[1.3411622],[3.85292562]
[3.32908325],[1.30931956],[3.69014524]
[3.26215524],[1.26959001],[3.49044258]
[3.200358],[1.23112733],[3.29174614]
[8.07208631],[1.36909182],[7.66382156]
[6.30403342],[1.07963954],[4.66326199]
[5.1431596],[1.00456729],[3.15942658]
[3.79680795],[0.92896033],[1.95260588]
[2.66869643],[0.70505608],[1.71923822]
[2.85700674],[0.69564489],[1.76919099]
[2.75663634],[0.86336889],[1.71620655]
[2.74612144],[0.9324634],[1.92168787]
[2.71788081],[0.98931705],[1.98793799]
[2.85002668],[1.02590234],[2.10429629]
[3.02801496],[1.04362656],[2.64087199]
[3.17521249],[1.04912476],[2.86688244]
[3.17514692],[1.06851366],[2.97863233]
[3.24263659],[1.0601528],[3.02354651]
[3.2323209],[1.08449718],[3.03568426]
[3.28211707],[1.07804236],[3.05405859]
[3.28621711],[1.09792561],[3.08866299]
[3.31997246],[1.10552972],[3.0874388]
[3.31833541],[1.12361596],[3.15153262]
[3.40269586],[1.12548209],[3.11703361]
[3.36614281],[1.14749847],[3.18198498]
[3.40464864],[1.16271452],[3.15277877]
[3.35590228],[1.17272794],[3.21050821]
[3.39761004],[1.16372119],[3.15697845]
[3.34865107],[1.19079244],[3.21856288]
[3.3870974],[1.16377498],[3.14426778]
[3.33391128],[1.2401484],[3.28111279]
[3.36686412],[1.21246671],[3.2253544]
[3.30344714],[1.29939315],[3.37962124]
[3.33240076],[1.28249868],[3.36474522]
[3.2962604],[1.34046713],[3.4888565]
[3.30247473],[1.32648189],[3.52235023]
[3.28708972],[1.35724737],[3.6116511]
[3.29203591],[1.35929637],[3.74913813]
[3.28193565],[1.38635113],[3.83857701]
[3.28580846],[1.39995772],[3.93651402]
[3.27272821],[1.41152889],[3.9828254]
[3.2708398],[1.42235528],[4.02215539]
[3.26916942],[1.43381467],[4.05226352]
[3.26524857],[1.44343807],[4.0720336]
[3.26308721],[1.44549687],[4.08904316]
[3.25933884],[1.44587918],[4.0976845]
[3.25250017],[1.4468142],[4.10557282]
[3.2397542],[1.44772056],[4.13122278]
[3.2275919],[1.44823315],[4.18734999]
[3.22058502],[1.4490575],[4.22435463]
[3.26956439],[1.4409932],[4.25110971]
[3.31461273],[1.43076037],[4.25143286]
[3.36085998],[1.42118502],[4.23731514]
[3.38730431],[1.40778986],[4.19654536]
[3.41443166],[1.3815329],[4.086255]
[3.4308431],[1.34919933],[3.96293647]
[3.38567289],[1.30984764],[3.77967958]
[3.32718528],[1.26321273],[3.5774647]
[3.26695392],[1.21984565],[3.38569021]
[8.17228257],[1.43783934],[8.04413006]
[6.38075852],[1.16178568],[4.92349232]
[5.24949926],[1.03618483],[3.34836618]
[3.91810854],[0.95178486],[2.05439658]
[2.62957739],[0.71015747],[1.74509005]
[2.80874748],[0.71562518],[1.79879133]
[2.74464353],[0.87838301],[1.74318619]
[2.73499054],[0.94916934],[1.94353897]
[2.70890159],[1.01208231],[2.01200516]
[2.90301713],[1.05072794],[2.17854305]
[3.06760953],[1.07116228],[2.7496388]
[3.2051905],[1.08094608],[2.9800072]
[3.20037139],[1.09440457],[3.09662387]
[3.27077521],[1.1125129],[3.13008358]
[3.26172757],[1.13479129],[3.16109638]
[3.30756108],[1.1464064],[3.16927594]
[3.30890794],[1.15924774],[3.20094406]
[3.3842569],[1.17177786],[3.19012656]
[3.37413293],[1.179691],[3.23145086]
[3.4737324],[1.18812015],[3.19395491]
[3.44105564],[1.19995328],[3.24641207]
[3.48189266],[1.2082284],[3.21823223]
[3.43149508],[1.21233417],[3.27177789]
[3.47605897],[1.21043107],[3.22498089]
[3.4251225],[1.20925565],[3.27352457]
[3.46943362],[1.21575369],[3.21899417]
[3.41550921],[1.24388723],[3.32870938]
[3.45528885],[1.22916591],[3.2746216]
[3.37492893],[1.30611403],[3.42924639]
[3.41870122],[1.2876058],[3.38529461]
[3.34226447],[1.35183408],[3.51874103]
[3.38831766],[1.33813718],[3.52682913]
[3.34300738],[1.37102273],[3.60687988]
[3.37827689],[1.37225882],[3.76307186]
[3.32613233],[1.39941713],[3.83039754]
[3.35571776],[1.41301824],[3.96435546]
[3.30338113],[1.42460117],[4.0252429]
[3.29240294],[1.43612859],[4.07402334]
[3.2916588],[1.4472351],[4.13030823]
[3.28659687],[1.45559655],[4.15296651]
[3.28458976],[1.45600047],[4.17122116]
[3.28180307],[1.45615706],[4.18274247]
[3.27761019],[1.45764722],[4.19282705]
[3.26681591],[1.45933998],[4.21529372]
[3.2565741],[1.46041288],[4.28578406]
[3.27750502],[1.45557656],[4.32462305]
[3.32541662],[1.44740944],[4.34931541]
[3.37592311],[1.4392379],[4.35516811]
[3.42540953],[1.43080627],[4.34135721]
[3.4548364],[1.41842213],[4.28376241]
[3.48745281],[1.39430637],[4.17290986]
[3.51673515],[1.36339728],[4.06109598]
[3.45961279],[1.32480138],[3.89020295]
[3.38918069],[1.27907522],[3.67880114]
[3.33199069],[1.21775278],[3.46886377]
[8.22971376],[1.48114178],[8.29690024]
[6.43398499],[1.20375911],[5.1045562]
[5.29795322],[1.06359096],[3.44403466]
[3.98588168],[0.9414045],[2.11679888]
[2.60288881],[0.68532218],[1.79894733]
[2.77974922],[0.73134272],[1.76641794]
[2.70195929],[0.89528574],[1.76272033]
[2.70483588],[0.96001044],[1.95479433]
[2.68748844],[1.02198653],[2.02309858]
[2.94168134],[1.0602918],[2.30998981]
[3.09410882],[1.08350724],[2.83948962]
[3.23610153],[1.09809346],[3.06358856]
[3.23169003],[1.1154742],[3.17192565]
[3.30774362],[1.12676469],[3.2032258]
[3.29705186],[1.14299155],[3.20586588]
[3.35696629],[1.15521692],[3.2158656]
[3.33467943],[1.16828417],[3.22988732]
[3.45386647],[1.18161146],[3.2247907]
[3.44787268],[1.19293702],[3.26257055]
[3.53612242],[1.20189493],[3.23649591]
[3.50734958],[1.21487957],[3.28089873]
[3.54099916],[1.22264992],[3.26887324]
[3.49592707],[1.22538185],[3.31290189]
[3.54064645],[1.22287272],[3.27618474]
[3.49545866],[1.22149914],[3.31089538]
[3.53544198],[1.23259068],[3.28102989]
[3.48986947],[1.24447742],[3.36726915]
[3.52649212],[1.24899691],[3.33124311]
[3.45414291],[1.31018954],[3.47270182]
[3.49215003],[1.29234244],[3.4222368]
[3.42759094],[1.35858138],[3.55107196]
[3.46527857],[1.34795916],[3.56746401]
[3.44422088],[1.38082958],[3.6473967]
[3.46744766],[1.38237026],[3.80873935]
[3.42860912],[1.40997903],[3.87120985]
[3.4448359],[1.42410421],[4.01201167]
[3.40494797],[1.43599263],[4.08346237]
[3.3882244],[1.44705524],[4.13209674]
[3.37284045],[1.45794524],[4.1867475]
[3.36001885],[1.46609773],[4.21246225]
[3.35404582],[1.46676073],[4.23022301]
[3.34343847],[1.46632742],[4.23986641]
[3.31294739],[1.46687371],[4.24180454]
[3.28521275],[1.46678776],[4.26344442]
[3.27605445],[1.45890516],[4.32988038]
[3.29735435],[1.44995504],[4.35015975]
[3.36073033],[1.44253841],[4.35858415]
[3.42400355],[1.43405123],[4.3630846]
[3.47974554],[1.4239169],[4.2973132]
[3.5157869],[1.40886083],[4.17512295]
[3.54510556],[1.38723843],[4.06818165]
[3.56809289],[1.36129893],[3.96830078]
[3.54587098],[1.32550827],[3.82470038]
[3.46565961],[1.28624823],[3.60828953]
[3.39708313],[1.23929542],[3.38653054]
[8.35813576],[1.50516195],[8.62300217]
[6.52077874],[1.23673079],[5.35439237]
[5.44223067],[1.09840773],[3.639763]
[4.17730302],[0.94146743],[2.30784917]
[2.78905575],[0.72915694],[2.01035568]
[2.8004627],[0.76205617],[1.91572563]
[2.70414268],[0.91573304],[1.81309098]
[2.70514385],[0.9752255],[1.98279012]
[2.688755],[1.03651078],[2.04710491]
[2.98776167],[1.07685202],[2.53128668]
[3.12859501],[1.11310444],[2.93293499]
[3.28440498],[1.12677402],[3.16212776]
[3.28003205],[1.14256001],[3.25727871]
[3.33155382],[1.15404957],[3.27697977]
[3.31793216],[1.17017624],[3.28212306]
[3.41266575],[1.18268658],[3.29297278]
[3.394017],[1.19584819],[3.30715284]
[3.50713417],[1.21578059],[3.31985182]
[3.5049838],[1.23036863],[3.35329003]
[3.58290776],[1.23940101],[3.34190263]
[3.55797067],[1.25135006],[3.39100933]
[3.60328134],[1.25834055],[3.39403243]
[3.55113555],[1.26354612],[3.42887476]
[3.63215768],[1.26214189],[3.4152292]
[3.55052842],[1.26024328],[3.42836858]
[3.64672788],[1.27092772],[3.43260462]
[3.5751077],[1.29644247],[3.51666842]
[3.6522029],[1.28548008],[3.49163985]
[3.53515185],[1.35674133],[3.60731236]
[3.61544661],[1.34004069],[3.59514696]
[3.51163665],[1.39914062],[3.69776779]
[3.59449991],[1.38838645],[3.78031611]
[3.55268119],[1.41807687],[3.85058239]
[3.59212868],[1.41883072],[4.02912177]
[3.53210481],[1.44398298],[4.09464716]
[3.5599337],[1.45652535],[4.22763975]
[3.49439776],[1.466948],[4.26213612]
[3.47219047],[1.47620766],[4.29575199]
[3.45680564],[1.48573906],[4.32148603]
[3.4439943],[1.49289653],[4.33825642]
[3.43668042],[1.49447175],[4.35748746]
[3.42671685],[1.49404552],[4.3665679]
[3.39918544],[1.49484746],[4.365867]
[3.35606972],[1.49055617],[4.39811951]
[3.3287628],[1.48193167],[4.45727564]
[3.39453153],[1.47302509],[4.48436223]
[3.45742077],[1.46462235],[4.49036894]
[3.52258711],[1.45580125],[4.4956001]
[3.5803557],[1.44412183],[4.41693874]
[3.63489871],[1.42736257],[4.30743169]
[3.67894044],[1.4064059],[4.20950593]
[3.72132702],[1.38076162],[4.10685586]
[3.70112116],[1.34875062],[3.96588832]
[3.63160944],[1.31499795],[3.75764481]
[3.55049672],[1.27974551],[3.53984141]
[8.34647691],[1.52993982],[8.93387365]
[6.50372018],[1.27426757],[5.54175333]
[5.35357827],[1.14452728],[3.73474962]
[4.17093818],[0.92929032],[2.3817128]
[2.83250833],[0.7716645],[2.1352767]
[2.79783824],[0.78681486],[2.01846375]
[2.70567498],[0.92784538],[1.85383662]
[2.70486956],[0.98441584],[1.99664588]
[2.70026305],[1.04081696],[2.05829557]
[3.03314262],[1.08381672],[2.53516623]
[3.19148235],[1.12635819],[2.95814442]
[3.32107591],[1.14098531],[3.1889068]
[3.30778177],[1.15817119],[3.2670484]
[3.37684537],[1.1698062],[3.29318119]
[3.33706101],[1.18640787],[3.29963584]
[3.46371027],[1.19898412],[3.31314175]
[3.44994812],[1.21645978],[3.34721434]
[3.55732409],[1.23827657],[3.36454234]
[3.55590348],[1.25288354],[3.39334321]
[3.68119338],[1.26192182],[3.42097602]
[3.63384558],[1.27176621],[3.44723298]
[3.70638344],[1.27924109],[3.47777326]
[3.65307618],[1.28479086],[3.49639196]
[3.728619],[1.28374335],[3.50114157]
[3.67880484],[1.28628377],[3.50962068]
[3.7387067],[1.29786245],[3.53354107]
[3.70227798],[1.30708577],[3.60308921]
[3.74796052],[1.31235859],[3.58985954]
[3.68642769],[1.36284184],[3.70033393]
[3.72682651],[1.34271472],[3.66889735]
[3.67309043],[1.40795658],[3.78229749]
[3.71348811],[1.39458358],[3.83473394]
[3.70227948],[1.4289683],[3.92946623]
[3.71315501],[1.42864719],[4.09160223]
[3.69005054],[1.45553025],[4.17324011]
[3.69279287],[1.46832443],[4.31070644]
[3.66494018],[1.47845513],[4.36849289]
[3.6348205],[1.48924782],[4.40742385]
[3.61497189],[1.4990666],[4.43778605]
[3.60014561],[1.50670187],[4.45372252]
[3.59347869],[1.50723536],[4.47035098]
[3.58315614],[1.50698705],[4.48159344]
[3.531555],[1.50782474],[4.47299328]
[3.44579433],[1.50093856],[4.47707731]
[3.39842542],[1.49272612],[4.53499582]
[3.40944527],[1.48433649],[4.55106117]
[3.47234238],[1.47545898],[4.55477938]
[3.53809008],[1.46632339],[4.55808196]
[3.59270624],[1.45385301],[4.47148524]
[3.65082502],[1.43678728],[4.35960727]
[3.69582927],[1.41459984],[4.25426368]
[3.73832513],[1.38754319],[4.14934159]
[3.75725798],[1.35556312],[4.0163422]
[3.70950576],[1.32604088],[3.84623759]
[3.64432354],[1.29208812],[3.64122108]
[8.34491717],[1.57603194],[9.25269371]
[6.52981102],[1.31376841],[5.72186416]
[5.31646146],[1.18747147],[3.82912699]
[4.13355475],[0.94469624],[2.40519038]
[2.8045413],[0.7879429],[2.14299357]
[2.76817108],[0.80109139],[2.0030304]
[2.69525526],[0.9344487],[1.86616638]
[2.69535969],[0.98872815],[2.000578]
[2.74338505],[1.04408963],[2.11134895]
[3.09917163],[1.09531447],[2.58004548]
[3.24844502],[1.14553444],[3.01244433]
[3.34353681],[1.16091329],[3.21969917]
[3.32605201],[1.17809887],[3.29407244]
[3.4233418],[1.18985506],[3.31768092]
[3.38647645],[1.20732577],[3.33233023]
[3.50817213],[1.2212848],[3.36116206]
[3.49740377],[1.24410571],[3.39050176]
[3.63692893],[1.26582875],[3.42988946]
[3.64788076],[1.27890344],[3.46065172]
[3.7640855],[1.28744609],[3.507135]
[3.74716522],[1.29766219],[3.53330496]
[3.78806454],[1.30577018],[3.56404354]
[3.7606525],[1.31330894],[3.58844581]
[3.80501079],[1.31326204],[3.59222219]
[3.78160138],[1.31884156],[3.61300016]
[3.81374081],[1.32883238],[3.63272014]
[3.80228861],[1.33723588],[3.7025425]
[3.82673225],[1.34187816],[3.69253377]
[3.79702641],[1.36982491],[3.79577492]
[3.81113505],[1.35791289],[3.76045685]
[3.7869291],[1.4175101],[3.87072913]
[3.80168338],[1.40342503],[3.90769543]
[3.80566462],[1.44099319],[4.01266293]
[3.8073653],[1.44117536],[4.17312949]
[3.79824914],[1.47017675],[4.27687743]
[3.79540062],[1.48297778],[4.40848305]
[3.78127344],[1.49364642],[4.48169511]
[3.75394838],[1.5033565],[4.51568012]
[3.74132854],[1.51322501],[4.55245952]
[3.73074276],[1.52100514],[4.56956451]
[3.72580371],[1.52162148],[4.58622184]
[3.72153661],[1.52132365],[4.60009688]
[3.6961552],[1.51963491],[4.60009547]
[3.6269744],[1.51197244],[4.60243273]
[3.52373379],[1.50449424],[4.62780838]
[3.43886495],[1.49538747],[4.63057473]
[3.49352034],[1.48635041],[4.63188539]
[3.56246739],[1.47763956],[4.60960892]
[3.61830228],[1.46347925],[4.50894324]
[3.67684259],[1.44576667],[4.38293558]
[3.72054465],[1.42411008],[4.28645808]
[3.76149831],[1.39778568],[4.18055356]
[3.79983534],[1.36578603],[4.05366583]
[3.76331653],[1.3362958],[3.88645912]
[3.71004061],[1.30143168],[3.69802702]
[8.32346516],[1.61110469],[9.41557857]
[6.54022961],[1.33990815],[5.78029423]
[5.24422705],[1.21275025],[3.82394817]
[4.06222293],[0.94346884],[2.35015874]
[2.75218021],[0.77744636],[2.08037845]
[2.69637363],[0.80596113],[1.94449064]
[2.65895503],[0.9388388],[1.85178493]
[2.66844013],[0.99100755],[1.99815057]
[2.81158697],[1.0488142],[2.17574687]
[3.15008383],[1.11849149],[2.62990164]
[3.27911765],[1.16398141],[3.05468662]
[3.37602981],[1.17993966],[3.23791518]
[3.34428062],[1.19723627],[3.30833114]
[3.48223964],[1.21025514],[3.34110474]
[3.44721932],[1.22875496],[3.36901226]
[3.58436036],[1.2460711],[3.4117151]
[3.57794782],[1.26893547],[3.43789524]
[3.75750636],[1.28469029],[3.51049647]
[3.76378235],[1.29712564],[3.53718356]
[3.84492255],[1.30848801],[3.58863069]
[3.8406265],[1.31750368],[3.61279993]
[3.86424874],[1.32388633],[3.64502376]
[3.85100747],[1.33086833],[3.66325516]
[3.8771346],[1.33439974],[3.66890945]
[3.86990315],[1.34488516],[3.70824386]
[3.88499809],[1.35405785],[3.72657477]
[3.88291214],[1.36307951],[3.79927397]
[3.89651116],[1.36807107],[3.78870348]
[3.88270787],[1.37779935],[3.87971362]
[3.88608054],[1.38336094],[3.8420108]
[3.87445266],[1.42003272],[3.95377193]
[3.88001579],[1.40710545],[3.9720761]
[3.89161395],[1.44669022],[4.07160878]
[3.88694661],[1.44857076],[4.23106464]
[3.88816517],[1.47630069],[4.32533123]
[3.87802539],[1.48957639],[4.45480066]
[3.87615762],[1.50056185],[4.55232369]
[3.85223307],[1.51070754],[4.59152927]
[3.84297174],[1.52108932],[4.6419208]
[3.83589966],[1.52944066],[4.66187869]
[3.8349016],[1.53140855],[4.68061047]
[3.83331627],[1.52507276],[4.69012007]
[3.8212939],[1.5186554],[4.68691479]
[3.78526139],[1.51116441],[4.67958486]
[3.72172852],[1.5029158],[4.68269158]
[3.61525195],[1.49305761],[4.66619582]
[3.50982771],[1.48238155],[4.56575213]
[3.57603617],[1.47005606],[4.45694563]
[3.63270095],[1.45286607],[4.33837978]
[3.69235532],[1.43469722],[4.25880992]
[3.73351876],[1.41124764],[4.16632865]
[3.77229526],[1.38297989],[4.05495579]
[3.80335629],[1.34968677],[3.92367875]
[3.80639818],[1.31533946],[3.75360903]
[3.76192435],[1.27958797],[3.5657882]
[8.48202586],[1.63904624],[9.6211778]
[6.5886314],[1.35529878],[5.89918964]
[5.35335012],[1.22718883],[3.89850439]
[4.14677828],[0.94754452],[2.39982621]
[2.79273118],[0.77073634],[2.11547641]
[2.69111859],[0.81874601],[1.96972615]
[2.65858396],[0.94876125],[1.88023686]
[2.6688448],[1.00009762],[2.01503949]
[2.9578046],[1.05666128],[2.34127246]
[3.20531892],[1.16405095],[2.75116595]
[3.30065661],[1.20071303],[3.1430059]
[3.41040869],[1.21699746],[3.31805534]
[3.38992039],[1.2350469],[3.38876999]
[3.54062174],[1.24764811],[3.43384263]
[3.4926602],[1.27253863],[3.4599801]
[3.69688991],[1.29143991],[3.54347053]
[3.691189],[1.31100033],[3.57149254]
[3.81907713],[1.32468621],[3.64851909]
[3.83283617],[1.33695068],[3.67850915]
[3.89426111],[1.34875823],[3.72629489]
[3.89844548],[1.35852273],[3.7552017]
[3.90907623],[1.36528219],[3.78499994]
[3.90785702],[1.3726967],[3.8072219]
[3.92200163],[1.37619734],[3.8138482]
[3.92373493],[1.38544866],[3.8621093]
[3.93006977],[1.39355154],[3.88001539]
[3.93293164],[1.40130901],[3.94469805]
[3.94009578],[1.40669824],[3.93100909]
[3.93492229],[1.41577495],[4.02986495]
[3.93205113],[1.4211927],[3.99110861]
[3.92792624],[1.45764456],[4.11198829]
[3.92736438],[1.44476583],[4.18460918]
[3.94487759],[1.47876913],[4.30076447]
[3.93545156],[1.48177397],[4.45685379]
[3.94173335],[1.50598097],[4.56811466]
[3.92826156],[1.51749291],[4.66409702]
[3.93132923],[1.52712531],[4.72889458]
[3.90918756],[1.53604638],[4.74482574]
[3.90175335],[1.54520882],[4.77192084]
[3.89507965],[1.55294409],[4.78964078]
[3.89418058],[1.5544584],[4.80725318]
[3.89695961],[1.54758756],[4.81713014]
[3.89124213],[1.54045279],[4.80926211]
[3.8643942],[1.532473],[4.80740039]
[3.8196275],[1.52430085],[4.81727047]
[3.73504803],[1.51417115],[4.80604014]
[3.58065615],[1.50346209],[4.69801307]
[3.64490698],[1.49298479],[4.57883791]
[3.70415163],[1.47809655],[4.45646865]
[3.76628936],[1.45893596],[4.37140471]
[3.80912723],[1.43531934],[4.27444996]
[3.8479318],[1.40739011],[4.16067548]
[3.87875511],[1.37394931],[4.03568192]
[3.89218589],[1.34059911],[3.88047527]
[3.84655164],[1.30413571],[3.70376335]
[8.53297339],[1.67385518],[9.85590541]
[6.5980872],[1.37879112],[6.08218607]
[5.33990833],[1.25399728],[4.00965261]
[4.13306727],[0.97588284],[2.44627388]
[2.77244986],[0.77859006],[2.06491611]
[2.66632663],[0.81642435],[1.95722726]
[2.6457974],[0.95279787],[1.88294356]
[2.6642519],[1.00381602],[2.02330231]
[3.03513835],[1.05851897],[2.39890326]
[3.24645133],[1.18360959],[2.79379858]
[3.31852852],[1.22025651],[3.18457378]
[3.47255666],[1.2387672],[3.37264097]
[3.43937368],[1.25747663],[3.43660908]
[3.64427104],[1.27429451],[3.52378779]
[3.60295996],[1.29755527],[3.54388412]
[3.77942541],[1.31302128],[3.63344052]
[3.77784772],[1.33194107],[3.66205338]
[3.86952984],[1.35441757],[3.73986894]
[3.89627294],[1.37198219],[3.78940596]
[3.9372046],[1.3877086],[3.85519265]
[3.9531634],[1.40134533],[3.9109748]
[3.95306436],[1.41224204],[3.95162097]
[3.97004009],[1.42317291],[4.00136053]
[3.98494795],[1.43095253],[4.04763272]
[4.02669502],[1.43554537],[4.11042431]
[4.02482327],[1.44044594],[4.14334032]
[4.07920211],[1.4426032],[4.19995301]
[4.11089203],[1.44201919],[4.18977817]
[4.13752089],[1.44805101],[4.26476964]
[4.09006537],[1.44773249],[4.1988943]
[4.07385662],[1.47811226],[4.29641076]
[4.02461767],[1.45986682],[4.40368134]
[4.0778214],[1.49249014],[4.48842226]
[4.00488834],[1.4952957],[4.59336764]
[4.03612709],[1.52153328],[4.69887202]
[3.98687487],[1.53288639],[4.77479374]
[4.01424347],[1.54234648],[4.8449081]
[3.96930631],[1.55133742],[4.85175456]
[3.95681543],[1.56207467],[4.87926617]
[3.94679329],[1.56999226],[4.8944629]
[3.94523025],[1.5679585],[4.90643023]
[3.94787052],[1.55999669],[4.90884319]
[3.94503864],[1.55179058],[4.8978674]
[3.9224706],[1.54304128],[4.88203754]
[3.88832125],[1.53312789],[4.88347286]
[3.80109607],[1.52224706],[4.86964096]
[3.603992],[1.51209957],[4.75803846]
[3.66121802],[1.50160838],[4.61525737]
[3.72358944],[1.48793494],[4.4978824]
[3.78793275],[1.46923331],[4.40728737]
[3.83463923],[1.44614208],[4.3091808]
[3.86989627],[1.41808194],[4.20404647]
[3.90045139],[1.38522605],[4.08440371]
[3.92052496],[1.3554293],[3.94528392]
[3.90259589],[1.32193187],[3.77901559]
[8.56125196],[1.73268426],[10.07161951]
[6.60067278],[1.40825884],[6.17415102]
[5.32254419],[1.26792726],[4.04133446]
[4.07035372],[0.99259756],[2.42033559]
[2.72008824],[0.77105233],[1.9835164]
[2.60897013],[0.8150132],[1.91095606]
[2.62221541],[0.95828039],[1.88161365]
[2.65424285],[1.00590998],[2.02886528]
[3.09990678],[1.06218886],[2.44718055]
[3.27016056],[1.20474219],[2.83450547]
[3.32841738],[1.23937555],[3.2202304]
[3.55969749],[1.25894934],[3.43611911]
[3.54448253],[1.27553313],[3.50164035]
[3.76073401],[1.29270763],[3.62166158]
[3.74295226],[1.324452],[3.64659145]
[3.85490599],[1.35147996],[3.75068023]
[3.86339411],[1.38283127],[3.82146659]
[3.93508364],[1.40451495],[3.93167991]
[3.98442391],[1.42148973],[4.01160795]
[4.06392308],[1.43618041],[4.11404371]
[4.17806993],[1.44876331],[4.21817328]
[4.20034521],[1.46099198],[4.28803992]
[4.2411082],[1.47382985],[4.36296328]
[4.27988664],[1.4827317],[4.47527998]
[4.31229523],[1.48556512],[4.53632664]
[4.33637705],[1.48975276],[4.61058451]
[4.35871094],[1.49156821],[4.65765074]
[4.39203939],[1.49026377],[4.66543431]
[4.40277442],[1.50021486],[4.70871726]
[4.39656329],[1.49437503],[4.69461772]
[4.36999606],[1.52200881],[4.7805549]
[4.3494623],[1.50460233],[4.80591636]
[4.36675404],[1.52769633],[4.86137285]
[4.31355389],[1.52456995],[4.92753878]
[4.32768107],[1.54299233],[5.00214702]
[4.25772909],[1.550163],[5.00299877]
[4.27261676],[1.55486337],[5.04917678]
[4.20454161],[1.55932599],[5.01250022]
[4.15908958],[1.56384349],[5.01542494]
[4.12450365],[1.56774493],[5.01307288]
[4.09072814],[1.56395723],[5.00108246]
[4.07112422],[1.55385597],[4.97638303]
[4.04236843],[1.54404019],[4.93476669]
[4.01018836],[1.53321425],[4.91513106]
[3.88906618],[1.52268788],[4.86436824]
[3.57444145],[1.5112246],[4.72953474]
[3.62322088],[1.49997365],[4.57973475]
[3.67334568],[1.4892825],[4.42597773]
[3.73539812],[1.4736326],[4.34356942]
[3.79970619],[1.45385879],[4.27282958]
[3.84030544],[1.43173651],[4.16809515]
[3.87297407],[1.40492021],[4.06632801]
[3.90463277],[1.37268384],[3.96417764]
[3.92517582],[1.33956684],[3.82287654]
[3.94499594],[1.3047248],[3.65513337]
[8.57078049],[1.7634975],[10.26334022]
[6.62105853],[1.43141209],[6.3270672]
[5.42681708],[1.28662153],[4.15898272]
[4.05409551],[1.01949826],[2.45229713]
[2.68701835],[0.76881844],[2.02749417]
[2.60785381],[0.83233541],[1.95743871]
[2.62901723],[0.96874562],[1.90877921]
[2.74385046],[1.01585802],[2.07482922]
[3.15004502],[1.07804119],[2.57004257]
[3.29373066],[1.24949753],[2.95816164]
[3.3427583],[1.27706918],[3.31702665]
[3.66696047],[1.30435589],[3.58100362]
[3.68306655],[1.33860111],[3.67958682]
[3.82900038],[1.36571407],[3.83028014]
[3.83166998],[1.3995503],[3.89854173]
[3.92591736],[1.4248405],[4.02704842]
[3.96386375],[1.45461143],[4.11100127]
[4.03356245],[1.47558561],[4.23343063]
[4.21550794],[1.49256165],[4.38274872]
[4.34595879],[1.50344557],[4.60268331]
[4.40634931],[1.51381042],[4.69832625]
[4.43878594],[1.52489485],[4.80607578]
[4.45007988],[1.53372109],[4.86916672]
[4.48741467],[1.53269202],[4.95781599]
[4.49784568],[1.53761449],[5.02072928]
[4.5246538],[1.54086807],[5.08299086]
[4.52750376],[1.5604825],[5.15871178]
[4.55887854],[1.54566927],[5.17643456]
[4.55982853],[1.57909553],[5.23840317]
[4.57017837],[1.56533716],[5.23155596]
[4.54152213],[1.59088676],[5.28318934]
[4.53687987],[1.58000652],[5.25634364]
[4.53648504],[1.59327077],[5.30287769]
[4.51574244],[1.59152587],[5.30474608]
[4.5076664],[1.60130104],[5.3566163]
[4.47968419],[1.60537508],[5.32323879]
[4.47055866],[1.6075439],[5.35974853]
[4.44256061],[1.60985603],[5.31353364]
[4.40402335],[1.61244263],[5.31359665]
[4.37970095],[1.61389467],[5.3070673]
[4.35949576],[1.60582625],[5.29501796]
[4.34085088],[1.59184018],[5.2753212]
[4.30980733],[1.57886374],[5.226649]
[4.27048475],[1.56532388],[5.19169542]
[4.1099054],[1.5515095],[5.10866977]
[3.6698281],[1.53578026],[4.91973906]
[3.70801371],[1.52141346],[4.73778865]
[3.74714817],[1.50903506],[4.57493998]
[3.80023088],[1.49625024],[4.4639333]
[3.8641929],[1.47819533],[4.38677824]
[3.90835198],[1.45749546],[4.28632839]
[3.93495323],[1.43106759],[4.17404225]
[3.96652483],[1.39869542],[4.07422747]
[3.98778671],[1.36681507],[3.94722682]
[4.01037112],[1.3300426],[3.80999152]
[8.54898954],[1.79421987],[10.53386255]
[6.60855931],[1.45668819],[6.45779022]
[5.21071913],[1.3070461],[4.18346481]
[3.80620096],[1.06221041],[2.42196059]
[2.55229541],[0.76469134],[2.01289958]
[2.62448888],[0.8436996],[1.92428911]
[2.63910548],[0.97596723],[1.91758741]
[2.81205839],[1.02062046],[2.11571233]
[3.18658075],[1.09856997],[2.60155545]
[3.31628172],[1.28708922],[3.01550279]
[3.36161921],[1.32378323],[3.41395495]
[3.71916397],[1.35940149],[3.74167988]
[3.75370589],[1.39130436],[3.87132825]
[3.88651736],[1.41830925],[4.02731584]
[3.91207756],[1.45242961],[4.10327426]
[3.98215661],[1.4768105],[4.23038172]
[4.0510804],[1.50553359],[4.34024885]
[4.22052125],[1.52444635],[4.59839611]
[4.36950167],[1.53895455],[4.78389605]
[4.48150283],[1.54858634],[4.98568587]
[4.5158843],[1.55764775],[5.08034926]
[4.55163177],[1.56896426],[5.18989971]
[4.55224348],[1.57756831],[5.27698019]
[4.58984845],[1.58236439],[5.39982342]
[4.59276861],[1.60633222],[5.49160471]
[4.6215433],[1.59127273],[5.56090001]
[4.61814152],[1.61597245],[5.64468011]
[4.67287335],[1.60412633],[5.68164789]
[4.64504093],[1.62784895],[5.69701318]
[4.72338261],[1.61962856],[5.68382119]
[4.64008427],[1.63938438],[5.68625982]
[4.67398786],[1.62965568],[5.64574401]
[4.63928582],[1.63924585],[5.66193463]
[4.64586366],[1.63741909],[5.6411754]
[4.60845031],[1.64457047],[5.68412223]
[4.60135604],[1.64779758],[5.61781127]
[4.58042978],[1.64879785],[5.69171718]
[4.56892497],[1.64966161],[5.62881676]
[4.53536635],[1.65045414],[5.62243136]
[4.51603074],[1.64814676],[5.61273602]
[4.50242078],[1.63895663],[5.59593827]
[4.48371528],[1.6243893],[5.56874438]
[4.4596354],[1.61067125],[5.52167317]
[4.43004303],[1.59658673],[5.46174692]
[4.33413965],[1.58207232],[5.37589506]
[3.87266962],[1.56623614],[5.17137557]
[3.7913266],[1.5532436],[4.963544]
[3.81935043],[1.53984204],[4.793607]
[3.84307194],[1.52438085],[4.63910775]
[3.90117412],[1.50251821],[4.51905004]
[3.93760375],[1.4777168],[4.40002873]
[3.95563647],[1.44796941],[4.27288664]
[3.98110956],[1.41306629],[4.1503937]
[3.99689812],[1.37879498],[4.01111089]
[4.01496721],[1.34223088],[3.87597165]
[8.58560193],[1.85584129],[10.84519235]
[6.60553571],[1.48458231],[6.5410867]
[5.18955932],[1.32425667],[4.21211047]
[3.74602374],[1.07959647],[2.40999349]
[2.48922219],[0.75895794],[1.96744249]
[2.62363414],[0.84614151],[1.89711612]
[2.64811445],[0.97498631],[1.91910457]
[2.87395356],[1.0223421],[2.15287083]
[3.21106258],[1.12017506],[2.62224401]
[3.33658318],[1.31344983],[3.09110938]
[3.43977368],[1.36357718],[3.53020321]
[3.78176326],[1.40085976],[3.88754677]
[3.83849074],[1.43152522],[4.02948458]
[3.94218641],[1.45808408],[4.18030781]
[3.97212872],[1.49078602],[4.25872602]
[4.04009248],[1.51517661],[4.41412672]
[4.20082983],[1.54163802],[4.59006073]
[4.36387575],[1.55775484],[4.8768858]
[4.47175263],[1.57208856],[5.04596681]
[4.56859366],[1.57878479],[5.23931433]
[4.59121639],[1.58644066],[5.37511524]
[4.62302593],[1.59692766],[5.49212356]
[4.61997259],[1.60977464],[5.60394711]
[4.67687887],[1.62516117],[5.76715085]
[4.65392252],[1.65055801],[5.88722532]
[4.73853681],[1.6390551],[5.99894497]
[4.69673669],[1.66032238],[6.06647665]
[4.7942554],[1.65068897],[6.09539586]
[4.74910463],[1.66798168],[6.10505876]
[4.86467585],[1.65978351],[6.07934034]
[4.76365394],[1.67400596],[6.06018104]
[4.81600248],[1.66586762],[6.01276912]
[4.76356336],[1.67400319],[6.00492007]
[4.78626164],[1.67174583],[5.99499404]
[4.72586266],[1.67714999],[5.9959136]
[4.74221472],[1.67928704],[5.95464574]
[4.68488395],[1.6801822],[5.98611227]
[4.69700547],[1.68038175],[5.93845715]
[4.63224086],[1.68085827],[5.91131002]
[4.60751843],[1.67630081],[5.89107889]
[4.59055254],[1.66623831],[5.86489889]
[4.5685807],[1.64985033],[5.82659317]
[4.54793989],[1.63575466],[5.76880405]
[4.52329212],[1.62145397],[5.69781691]
[4.43416869],[1.60677726],[5.60477949]
[3.9992676],[1.59148484],[5.36852815]
[3.86337382],[1.57826524],[5.1543706]
[3.88828065],[1.56429593],[4.96605685]
[3.90716915],[1.54868995],[4.8082632]
[3.96443272],[1.52855811],[4.67569347]
[3.99229265],[1.50351898],[4.53181557]
[4.00689195],[1.47492709],[4.39460043]
[4.02323242],[1.43607887],[4.25602031]
[4.03509017],[1.39576069],[4.09734149]
[4.0553129],[1.35476879],[3.94976467]
[8.61615279],[1.87690139],[10.97594392]
[6.61830813],[1.49276567],[6.55510797]
[5.14201969],[1.32935594],[4.17984065]
[3.69977959],[1.07832993],[2.35655758]
[2.44461522],[0.74454266],[1.88408751]
[2.60808206],[0.85373069],[1.85182528]
[2.65468717],[0.97885308],[1.93643582]
[2.95570162],[1.02641307],[2.21941246]
[3.22417879],[1.14777269],[2.69739894]
[3.36934189],[1.33833756],[3.2027668]
[3.58694158],[1.39602013],[3.6604605]
[3.87117877],[1.43407015],[4.03289342]
[3.92796561],[1.46296354],[4.17865951]
[3.99664045],[1.4860715],[4.31622184]
[4.05800511],[1.51654554],[4.41542105]
[4.19576006],[1.54135145],[4.66790978]
[4.35396515],[1.56526455],[4.86783787]
[4.48789811],[1.58133498],[5.1110796]
[4.56429381],[1.5930811],[5.27388868]
[4.64554914],[1.59706266],[5.47701683]
[4.65929912],[1.61047678],[5.64259893]
[4.74561696],[1.62090357],[5.79731621]
[4.70542849],[1.63836871],[5.93202585]
[4.80353514],[1.6494076],[6.12100704]
[4.76329196],[1.68325313],[6.2332429]
[4.88072233],[1.67752634],[6.32473677]
[4.80613832],[1.68698272],[6.37583564]
[4.94335546],[1.67212772],[6.39746251]
[4.87085506],[1.68846712],[6.40610598]
[5.00123775],[1.67620966],[6.38235951]
[4.91209981],[1.68933043],[6.35591654]
[4.98121645],[1.67907941],[6.31221442]
[4.92951872],[1.68517791],[6.27829695]
[4.95741318],[1.6809801],[6.28016317]
[4.87643932],[1.68539353],[6.23438617]
[4.90908031],[1.68690208],[6.22211141]
[4.81627726],[1.68744252],[6.20741852]
[4.85515876],[1.68726593],[6.17232268]
[4.77682394],[1.68692936],[6.1358525]
[4.74536808],[1.68069806],[6.09157571]
[4.71992704],[1.66974663],[6.04216262]
[4.6961187],[1.65219887],[5.99816537]
[4.67211598],[1.63777293],[5.93106607]
[4.61752029],[1.62321915],[5.82977052]
[4.21832301],[1.6088088],[5.59146203]
[3.94087598],[1.59422562],[5.33979731]
[3.94438065],[1.58118729],[5.09661403]
[3.95430853],[1.56737977],[4.91197721]
[3.97288492],[1.55072693],[4.78337249]
[4.03050422],[1.52876714],[4.66683893]
[4.05412443],[1.50112495],[4.52424183]
[4.07171164],[1.46853684],[4.37351021]
[4.09013791],[1.41997385],[4.2058902]
[4.10170711],[1.37753664],[3.98731425]
[4.12123994],[1.33026201],[3.77015845]
[8.69075803],[1.89471491],[11.16656786]
[6.66957864],[1.50285459],[6.6206418]
[5.15039533],[1.3358896],[4.20547332]
[3.7061765],[1.07675247],[2.36612397]
[2.48681654],[0.74059471],[1.94315755]
[2.64585347],[0.88371705],[1.90345174]
[2.67781269],[0.99135251],[1.97040547]
[3.02534504],[1.04103463],[2.29326635]
[3.2646106],[1.22217692],[2.90198043]
[3.4796344],[1.3995627],[3.41332178]
[3.71693137],[1.44995551],[3.87202799]
[3.93405354],[1.48454789],[4.22267786]
[3.98711659],[1.51150297],[4.36727135]
[4.05516797],[1.53410935],[4.60681522]
[4.19487285],[1.56261708],[4.74019359]
[4.34899283],[1.58669005],[5.00917422]
[4.46156778],[1.6038001],[5.17693966]
[4.5770908],[1.61618426],[5.39888]
[4.63303612],[1.62437374],[5.57972449]
[4.75338996],[1.63522489],[5.81322225]
[4.75791686],[1.64764951],[6.02487315]
[4.87108385],[1.65989159],[6.19871608]
[4.8001789],[1.69331333],[6.31899043]
[4.93703042],[1.70427165],[6.48820317]
[4.86711121],[1.74704964],[6.57808509]
[5.00319273],[1.72778207],[6.68728922]
[4.93243787],[1.74020163],[6.71551636]
[5.05190248],[1.71959066],[6.76384426]
[5.0004423],[1.72702152],[6.7491932]
[5.10010288],[1.71760632],[6.74233152]
[5.04259071],[1.72157912],[6.68469644]
[5.09101187],[1.71730996],[6.65445842]
[5.0605865],[1.71946736],[6.61112709]
[5.07654237],[1.71666521],[6.62012844]
[5.02251323],[1.71699718],[6.55750255]
[5.03968204],[1.71570614],[6.55199968]
[4.9770564],[1.71495258],[6.50871124]
[4.99747146],[1.71405345],[6.49331577]
[4.92661824],[1.71183509],[6.43640774]
[4.88607953],[1.70528711],[6.39091408]
[4.85620954],[1.69561752],[6.3429575]
[4.82699219],[1.67954378],[6.29622388]
[4.80799999],[1.66520125],[6.23502496]
[4.78756186],[1.65122845],[6.15096319]
[4.53692476],[1.6368724],[5.97047712]
[4.07958123],[1.62306135],[5.67755535]
[4.07708427],[1.61006991],[5.45581462]
[4.07773775],[1.59624623],[5.24858851]
[4.07931099],[1.57896947],[5.06049333]
[4.13986116],[1.55709123],[4.91347208]
[4.1614193],[1.52990085],[4.76162762]
[4.18632023],[1.49656406],[4.60143007]
[4.20956218],[1.45067656],[4.44115866]
[4.22123521],[1.41007225],[4.22241134]
[4.25019477],[1.36740799],[4.00406216]
[8.73670767],[1.91397452],[11.38399399]
[6.6973028],[1.51559233],[6.71200308]
[5.10171696],[1.34968223],[4.23331932]
[3.65875475],[1.10112907],[2.35558698]
[2.53013072],[0.73430714],[1.97826503]
[2.68203587],[0.90543577],[1.93345952]
[2.70891621],[1.00222658],[2.00708452]
[3.10240995],[1.05268236],[2.36694942]
[3.30576756],[1.27171125],[3.03686459]
[3.59992478],[1.44041377],[3.58159694]
[3.83274846],[1.48966638],[4.04646619]
[3.98807695],[1.52526052],[4.36991196]
[4.05508408],[1.54918577],[4.57869911]
[4.17170587],[1.57114351],[4.88527965]
[4.33799689],[1.59702025],[5.03040782]
[4.46885931],[1.61498293],[5.27216126]
[4.55039489],[1.62695063],[5.42526859]
[4.65183108],[1.64137458],[5.67950292]
[4.6954598],[1.64944368],[5.89030178]
[4.87959363],[1.67048053],[6.20972818]
[4.85691282],[1.69390193],[6.39231133]
[4.99836294],[1.71386958],[6.56218055]
[4.92302684],[1.75624556],[6.66762183]
[5.04781177],[1.7734009],[6.85926963]
[4.99858442],[1.81168364],[6.94826759]
[5.10235924],[1.7908546],[7.08496806]
[5.05256301],[1.79358414],[7.10079793]
[5.14310724],[1.78162963],[7.15800249]
[5.10611225],[1.77503615],[7.14009069]
[5.18294733],[1.76143516],[7.13802309]
[5.14558764],[1.76269519],[7.074205]
[5.18148849],[1.75195759],[7.0374848]
[5.16341285],[1.75214998],[6.99530572]
[5.16944953],[1.74700505],[7.00459774]
[5.13391808],[1.74601113],[6.94802541]
[5.14186571],[1.74493531],[6.94742329]
[5.10777037],[1.74402812],[6.89731298]
[5.12384911],[1.7432704],[6.88781387]
[5.085845],[1.73782266],[6.82730076]
[5.05661452],[1.73076393],[6.78006898]
[5.03659946],[1.72004334],[6.72361612]
[5.01883819],[1.70375371],[6.66557545]
[5.00155141],[1.68677534],[6.58638493]
[4.98538436],[1.67373378],[6.4914153]
[4.85839065],[1.6599282],[6.33225222]
[4.2912536],[1.64579636],[6.01078195]
[4.16380726],[1.63258854],[5.76713013]
[4.16078751],[1.61882041],[5.55141427]
[4.162653],[1.59910814],[5.31966869]
[4.20737416],[1.57540429],[5.12704859]
[4.21934879],[1.54942364],[4.94597282]
[4.2366206],[1.51704692],[4.78446563]
[4.26353172],[1.47497326],[4.63063849]
[4.29946634],[1.43412949],[4.43856802]
[4.32993477],[1.39417577],[4.20298285]
[8.79990303],[1.96292841],[11.73984762]
[6.74709854],[1.54878382],[6.88926309]
[5.08748743],[1.37241176],[4.28736051]
[3.63339511],[1.11911865],[2.35803642]
[2.53798908],[0.73146247],[1.97188134]
[2.70116116],[0.91568493],[1.9341109]
[2.7922202],[1.00975864],[2.05183229]
[3.16353844],[1.06371176],[2.43192931]
[3.34910938],[1.31448475],[3.16898016]
[3.68615147],[1.47584416],[3.73174295]
[3.9174974],[1.5270076],[4.213238]
[4.04148107],[1.56313916],[4.53042637]
[4.16359306],[1.58672705],[4.88610893]
[4.33516627],[1.6043172],[5.18479485]
[4.45297411],[1.62562951],[5.31829584]
[4.56497684],[1.64008283],[5.54304863]
[4.62682881],[1.65008644],[5.71980029]
[4.75587792],[1.67520548],[6.01160038]
[4.79260466],[1.69576858],[6.27686175]
[5.01265626],[1.72018964],[6.58188867]
[4.99976359],[1.75410483],[6.7368357]
[5.10483883],[1.77483681],[6.93236582]
[5.05393067],[1.81695341],[7.03869566]
[5.14433524],[1.83568501],[7.25778059]
[5.11153984],[1.87637978],[7.3606924]
[5.18983575],[1.85981332],[7.52587897]
[5.1550706],[1.85882265],[7.53124907]
[5.22342063],[1.8579553],[7.62666565]
[5.19812684],[1.83848049],[7.61833865]
[5.25803215],[1.83725887],[7.63296018]
[5.24226453],[1.81756872],[7.59103635]
[5.27855058],[1.81583458],[7.56412763]
[5.28776742],[1.8000364],[7.52961287]
[5.27206125],[1.79665343],[7.53199136]
[5.26920913],[1.78889284],[7.47731021]
[5.25713799],[1.78381632],[7.46945534]
[5.24555062],[1.77898308],[7.4098434]
[5.24355533],[1.77430149],[7.39121579]
[5.22444454],[1.76360688],[7.31753308]
[5.19437804],[1.75379645],[7.24542022]
[5.1769616],[1.74316422],[7.17802524]
[5.15916772],[1.72616191],[7.10085979]
[5.14268657],[1.70811568],[7.00748522]
[5.12830826],[1.69165455],[6.88558108]
[5.02877786],[1.6783902],[6.70871299]
[4.47205318],[1.66389451],[6.31669578]
[4.26837088],[1.64991289],[5.99879092]
[4.2357577],[1.63550331],[5.78613876]
[4.23198513],[1.61497282],[5.56045428]
[4.26545039],[1.58981444],[5.33819099]
[4.27786845],[1.56319785],[5.12871395]
[4.30455798],[1.53025758],[4.95254111]
[4.35371236],[1.49002806],[4.78555428]
[4.38893025],[1.45230916],[4.59919772]
[4.41531281],[1.41279747],[4.36087288]
[8.85443153],[1.99003872],[11.96284609]
[6.85994183],[1.57656722],[6.98715989]
[5.07218104],[1.38110143],[4.27213106]
[3.56353253],[1.11806562],[2.30631344]
[2.52977365],[0.75419149],[1.9284064]
[2.71288609],[0.92916724],[1.92571608]
[2.8991161],[1.01853697],[2.12287409]
[3.21619172],[1.07335062],[2.5031456]
[3.39338673],[1.35340799],[3.31101585]
[3.76360436],[1.50452801],[3.8871393]
[3.98844578],[1.55300932],[4.35944838]
[4.13235691],[1.58602936],[4.77114545]
[4.32867895],[1.60442029],[5.14762033]
[4.47814053],[1.62133285],[5.4252068]
[4.55767015],[1.64190081],[5.6054854]
[4.66049423],[1.65917113],[5.83981313]
[4.69823779],[1.66842628],[6.0752985]
[4.88960197],[1.71199135],[6.40415125]
[4.91973207],[1.75435048],[6.68054843]
[5.12816997],[1.77745698],[6.94625806]
[5.12243071],[1.81738319],[7.17454156]
[5.2003916],[1.84070472],[7.39574686]
[5.16627459],[1.89024706],[7.56693142]
[5.23486156],[1.91323337],[7.79743659]
[5.21882689],[1.95805301],[7.94712397]
[5.28059796],[1.94764656],[8.09848064]
[5.27017946],[1.948842],[8.14180437]
[5.33215296],[1.94549633],[8.23638094]
[5.33584145],[1.92654785],[8.2374883]
[5.39571505],[1.9198905],[8.20723992]
[5.4097366],[1.89958376],[8.15815195]
[5.44353354],[1.89327568],[8.09414554]
[5.47140607],[1.87925902],[8.07147913]
[5.43636637],[1.873338],[8.04394047]
[5.45386698],[1.85865591],[7.99803733]
[5.41280153],[1.85270998],[7.96488106]
[5.4290772],[1.84447752],[7.9159296]
[5.39115842],[1.83500353],[7.86796811]
[5.39026723],[1.82015629],[7.79535408]
[5.33735459],[1.80473492],[7.70025788]
[5.31946952],[1.79610315],[7.61847643]
[5.30104214],[1.77998482],[7.51653963]
[5.24147476],[1.74556277],[7.37503673]
[5.02046663],[1.69920428],[7.13822823]
[4.74940902],[1.68149992],[6.86196867]
[4.62408596],[1.66515876],[6.43222095]
[4.53312097],[1.64784551],[6.09773219]
[4.43055417],[1.62657909],[5.81789591]
[4.31645056],[1.59981542],[5.54660486]
[4.30857485],[1.56767575],[5.3167435]
[4.34179767],[1.53502372],[5.09632234]
[4.38799193],[1.50020965],[4.9044279]
[4.43484571],[1.45842336],[4.70985576]
[4.46471877],[1.41749824],[4.44120914]
[4.48710739],[1.37321945],[4.20533148]
[9.22216705],[2.01405923],[12.38195836]
[6.97183105],[1.61066787],[7.1470905]
[5.11892942],[1.39333191],[4.3316359]
[3.56178201],[1.11985826],[2.32396561]
[2.55982497],[0.77761951],[1.98491948]
[2.75529403],[0.94184104],[1.97281809]
[2.99259499],[1.03393038],[2.19836676]
[3.28894622],[1.11384528],[2.60187868]
[3.44701095],[1.41569336],[3.57664521]
[3.85665848],[1.55428998],[4.11378489]
[4.08966055],[1.59966103],[4.58614711]
[4.28198153],[1.62815145],[5.1451338]
[4.4446609],[1.64642584],[5.50936463]
[4.58172286],[1.66696449],[5.81156444]
[4.64152904],[1.6890232],[6.08617441]
[4.7699925],[1.7058159],[6.3715169]
[4.80047335],[1.74856085],[6.6434502]
[5.03165233],[1.79591964],[6.96901048]
[5.07010958],[1.84031963],[7.23672042]
[5.2322364],[1.8623705],[7.56294047]
[5.23443096],[1.91641583],[7.84096325]
[5.29406637],[1.94168631],[8.10201006]
[5.28730033],[1.98903874],[8.30044084]
[5.34772355],[2.01064901],[8.50172039]
[5.35475292],[2.04662713],[8.71014196]
[5.4121263],[2.03415393],[8.81922494]
[5.42296347],[2.03480811],[8.9422998]
[5.47129073],[2.03007297],[8.97870353]
[5.48901975],[2.01500375],[9.06705066]
[5.53136855],[2.00507445],[8.96049501]
[5.56339724],[1.98705079],[8.98865508]
[5.58291967],[1.97690724],[8.8088493]
[5.65409929],[1.9605857],[8.7886453]
[5.57876125],[1.95135945],[8.66929494]
[5.62972155],[1.93491355],[8.64290717]
[5.55570538],[1.92755036],[8.54726394]
[5.59469333],[1.91637238],[8.52314633]
[5.53657675],[1.90866569],[8.42447073]
[5.55784295],[1.89332497],[8.36054744]
[5.49475104],[1.88162515],[8.22625215]
[5.47664597],[1.87199164],[8.13109394]
[5.45750212],[1.85559156],[8.02109719]
[5.42226368],[1.82408864],[7.87446327]
[5.24257149],[1.77916201],[7.63735713]
[4.97878514],[1.73380673],[7.35193407]
[4.8355548],[1.68538452],[6.97150095]
[4.77776525],[1.66849884],[6.56739211]
[4.71682646],[1.64677486],[6.26388417]
[4.64487874],[1.61858595],[5.95893381]
[4.590113],[1.58647682],[5.68075756]
[4.54142253],[1.55385264],[5.41435751]
[4.54241603],[1.51922629],[5.19760101]
[4.56788277],[1.48064861],[4.99275841]
[4.58465639],[1.44193808],[4.71731964]
[4.59803266],[1.39889601],[4.46548981]
[9.61965971],[2.03887959],[12.8783061]
[7.01305702],[1.64703664],[7.34662279]
[5.1156388],[1.410957],[4.40876705]
[3.48507154],[1.14725311],[2.31144982]
[2.58269041],[0.80109684],[1.98162585]
[2.79268235],[0.95358607],[2.00101309]
[3.06595727],[1.04582566],[2.26498224]
[3.3566869],[1.16975415],[2.71099078]
[3.54068258],[1.46482784],[3.76966172]
[3.92676668],[1.60109678],[4.31759069]
[4.17735659],[1.64181599],[4.83018485]
[4.40512115],[1.67178248],[5.46328847]
[4.54648589],[1.69894983],[5.8789904]
[4.68000123],[1.717109],[6.34355885]
[4.72439129],[1.75963505],[6.66587209]
[4.9213099],[1.78451308],[6.95467173]
[4.96600088],[1.83517247],[7.20547053]
[5.17633006],[1.89597993],[7.58701977]
[5.21315525],[1.9568476],[7.90253092]
[5.33192783],[1.980433],[8.29351474]
[5.37966462],[2.0281823],[8.63461687]
[5.43089667],[2.05055108],[8.89006096]
[5.44292124],[2.09142649],[9.11890969]
[5.48690947],[2.11105154],[9.3317507]
[5.50748061],[2.13931923],[9.56097111]
[5.5481003],[2.12925569],[9.68762571]
[5.57667722],[2.12730181],[9.83184789]
[5.60264656],[2.11871179],[9.82401559]
[5.65893807],[2.10713878],[10.02845746]
[5.7162078],[2.09512507],[9.89902971]
[5.76997063],[2.07926074],[9.9845849]
[5.80691027],[2.06695612],[9.75375332]
[5.86668289],[2.05120087],[9.72231835]
[5.81124842],[2.04040845],[9.5579472]
[5.83888146],[2.02438166],[9.50419903]
[5.76366079],[2.01347929],[9.31141694]
[5.80680532],[1.99961545],[9.28913288]
[5.73026815],[1.98929276],[9.10949907]
[5.76455544],[1.97375979],[9.06730763]
[5.68948233],[1.96371026],[8.88868667]
[5.66705721],[1.95436103],[8.78063852]
[5.64388516],[1.940082],[8.65655313]
[5.60486423],[1.90979393],[8.49472478]
[5.45941144],[1.86623799],[8.25432605]
[5.20802071],[1.82293799],[7.9176753]
[5.02938961],[1.7775321],[7.49597303]
[4.93556791],[1.73194246],[7.0995091]
[4.88335427],[1.68432077],[6.73234678]
[4.82753702],[1.63815866],[6.38368337]
[4.76001455],[1.60582693],[6.05469055]
[4.71828891],[1.5744428],[5.7620795]
[4.67657167],[1.53960993],[5.50197273]
[4.64774154],[1.50076059],[5.25138212]
[4.65970024],[1.46231049],[4.97249665]
[4.66811462],[1.41995679],[4.69705215]
[10.26521581],[2.08531753],[13.60986224]
[7.13809735],[1.72719624],[7.63015146]
[5.16184311],[1.43553883],[4.5397566]
[3.48706086],[1.17118683],[2.32955993]
[2.59859317],[0.8197028],[1.97461211]
[2.82346754],[0.96523906],[2.02291505]
[3.13878315],[1.05738922],[2.33956368]
[3.43376536],[1.22932765],[2.86120729]
[3.65859918],[1.51185996],[3.97527724]
[4.00298473],[1.64048661],[4.56594781]
[4.30923708],[1.68309548],[5.14676967]
[4.54265036],[1.71557958],[5.77956938]
[4.65246426],[1.76514924],[6.36596272]
[4.79992625],[1.78852751],[6.85431676]
[4.84311863],[1.82984118],[7.17831027]
[5.087187],[1.85992217],[7.50323779]
[5.12810914],[1.93454368],[7.80607775]
[5.28049625],[1.99917063],[8.2643232]
[5.31366375],[2.05532463],[8.60247995]
[5.44349015],[2.07670093],[9.01168407]
[5.52818313],[2.11921579],[9.39833423]
[5.56171136],[2.13963871],[9.7100362]
[5.59190306],[2.17748118],[9.98817137]
[5.61676872],[2.19500323],[10.21026562]
[5.69486168],[2.2226991],[10.51189308]
[5.73530194],[2.21444944],[10.70330681]
[5.82739669],[2.25652426],[10.87708301]
[5.84813672],[2.26949907],[10.8722611]
[5.89310279],[2.26020264],[11.05337715]
[5.95786024],[2.23879155],[10.91870096]
[5.98914361],[2.19434579],[11.01222999]
[6.05644916],[2.16113776],[10.79349648]
[6.0968598],[2.14292331],[10.74894687]
[6.0721037],[2.13067671],[10.61140045]
[6.06124685],[2.11493301],[10.46865289]
[6.0160504],[2.10204445],[10.31428343]
[6.0187338],[2.08675053],[10.16161442]
[5.97069702],[2.07463782],[9.98295587]
[5.96694283],[2.05898291],[9.86484971]
[5.91780329],[2.04575811],[9.6737823]
[5.88069559],[2.03414629],[9.52412197]
[5.8529334],[2.01731323],[9.37626365]
[5.8132478],[1.99142397],[9.20210241]
[5.63888565],[1.94537716],[8.94079363]
[5.39252162],[1.90325423],[8.57244822]
[5.30218906],[1.85932005],[8.07281895]
[5.14936491],[1.81570736],[7.59066054]
[5.06156618],[1.76861698],[7.18338921]
[4.96778074],[1.72141488],[6.79215357]
[4.91012852],[1.66732093],[6.42074386]
[4.86558075],[1.5866844],[6.0770266]
[4.82971009],[1.55196919],[5.79338607]
[4.79666308],[1.51293108],[5.51795226]
[4.7643827],[1.47444319],[5.18148444]
[4.74833948],[1.43227622],[4.88271355]
[11.20931619],[2.11261214],[14.25550356]
[7.66982641],[1.76858409],[7.82949523]
[5.15977812],[1.44729334],[4.55568183]
[3.42320988],[1.17296007],[2.27567747]
[2.62802142],[0.84626717],[1.91834312]
[2.82398062],[0.97827585],[2.02611407]
[3.1805116],[1.06748516],[2.3966134]
[3.47956294],[1.28100724],[3.01576713]
[3.72378822],[1.54135333],[4.13441938]
[4.06621115],[1.66657654],[4.76741422]
[4.39369733],[1.70867713],[5.4315048]
[4.61348776],[1.74664033],[6.03648673]
[4.71571209],[1.82432636],[6.74889513]
[4.9228781],[1.84910275],[7.28105487]
[4.98449098],[1.91941001],[7.64752156]
[5.21821388],[1.96258275],[8.109095]
[5.25268371],[2.03318816],[8.44386283]
[5.36768704],[2.08790779],[8.96509117]
[5.43722563],[2.13686687],[9.35319789]
[5.56019097],[2.15569353],[9.7746981]
[5.69452393],[2.19519542],[10.22547403]
[5.73265905],[2.21367869],[10.65174646]
[5.84471414],[2.25685078],[10.97767514]
[5.88689879],[2.31622221],[11.25608668]
[5.99499268],[2.378277],[11.54620556]
[6.03112914],[2.4157153],[11.78236581]
[6.11241878],[2.45484509],[11.95632255]
[6.09842375],[2.46351035],[12.04644995]
[6.193636],[2.45992002],[12.1707358]
[6.17528091],[2.44646178],[12.08372758]
[6.27906458],[2.40886339],[12.13104148]
[6.27182361],[2.37359383],[11.98077023]
[6.33260612],[2.33583765],[11.90072544]
[6.32397064],[2.29806239],[11.76425933]
[6.2881441],[2.26564471],[11.54142986]
[6.27547466],[2.22143623],[11.40752388]
[6.23589776],[2.19277007],[11.18602796]
[6.21259937],[2.15848269],[11.01254053]
[6.17588083],[2.14320319],[10.82377222]
[6.14348155],[2.12665391],[10.58401876]
[6.08753424],[2.10506645],[10.33841304]
[6.03045604],[2.08437109],[10.10436691]
[5.71580728],[2.05609133],[9.75000786]
[5.66505842],[2.00663557],[9.3744236]
[5.63110075],[1.96117236],[8.98986551]
[5.56856627],[1.91703149],[8.43660462]
[5.4405608],[1.8735955],[7.87968765]
[5.31483899],[1.8252641],[7.38192417]
[5.17419979],[1.77659558],[6.91667027]
[5.05618842],[1.68620668],[6.50973092]
[4.97911803],[1.5757499],[6.10160921]
[4.9407437],[1.51979425],[5.75477169]
[4.91187175],[1.47592022],[5.42166165]
[4.88162589],[1.43216664],[5.06272802]
[4.85247418],[1.39070755],[4.74205949]
[13.29795531],[2.1421247],[15.37193318]
[8.49586937],[1.81165675],[8.27925458]
[5.20228304],[1.46011071],[4.63546863]
[3.45270349],[1.16853985],[2.30256559]
[2.6616924],[0.86003064],[1.97426283]
[2.83315405],[0.98728514],[2.05153116]
[3.23085534],[1.0790789],[2.44953311]
[3.53255859],[1.34036821],[3.21269714]
[3.78391338],[1.58166822],[4.33790841]
[4.12402937],[1.69725815],[4.96836427]
[4.45947274],[1.73854711],[5.67010232]
[4.67725364],[1.80059566],[6.29168169]
[4.78306818],[1.88706208],[7.1151174]
[5.02659378],[1.9333618],[7.64814561]
[5.08767009],[2.00448451],[8.07876383]
[5.27960189],[2.04789938],[8.58958298]
[5.31225847],[2.11399992],[8.99438286]
[5.42601042],[2.16288118],[9.5273528]
[5.51491018],[2.2106631],[9.95185848]
[5.62450447],[2.2292956],[10.42045566]
[5.78999147],[2.3049697],[10.97358107]
[5.87673595],[2.40299672],[11.45466457]
[6.01697914],[2.44696798],[11.81670327]
[6.06717966],[2.48497156],[12.13377707]
[6.16105051],[2.52327046],[12.43139374]
[6.25547421],[2.55347347],[12.72894422]
[6.32495387],[2.58608137],[12.92546383]
[6.44747452],[2.5992806],[13.13424133]
[6.53954507],[2.59894483],[13.30820715]
[6.46558388],[2.59051014],[13.39092536]
[6.68261374],[2.55820487],[13.57818243]
[6.57623759],[2.53223922],[13.42693038]
[6.79521446],[2.50370723],[13.43531683]
[6.74269322],[2.47788254],[13.30813169]
[6.69983774],[2.4474568],[13.08101438]
[6.62235268],[2.41735437],[12.85459873]
[6.52671522],[2.38319461],[12.5523373]
[6.45676081],[2.34922859],[12.2978472]
[6.36640097],[2.31199477],[11.98930066]
[6.32659649],[2.27817877],[11.73496382]
[6.27267399],[2.2426707],[11.40762355]
[6.23935468],[2.20263907],[11.12192206]
[6.03801763],[2.16054354],[10.76412665]
[5.96304977],[2.11437654],[10.31163806]
[5.92130786],[2.0456913],[9.87793759]
[5.87734296],[1.99776935],[9.30669776]
[5.71133313],[1.95352476],[8.64368752]
[5.56089194],[1.90662566],[8.08980394]
[5.4502126],[1.85773834],[7.57985513]
[5.32944613],[1.80558787],[7.07663171]
[5.1800672],[1.70335698],[6.58491839]
[5.06969429],[1.60643832],[6.18223083]
[5.02493461],[1.49869478],[5.76178691]
[4.99629108],[1.45328248],[5.36807348]
[4.96927458],[1.412435],[5.02174823]
[14.0125618],[2.1675892],[16.51013856]
[9.41182239],[1.83204062],[8.4351006]
[5.12958746],[1.46930844],[4.61092933]
[3.30402902],[1.18474685],[2.23431492]
[2.69174581],[0.87167741],[1.94198104]
[2.8440818],[0.99503728],[2.05687095]
[3.28221148],[1.08609409],[2.4980016]
[3.60407206],[1.36825806],[3.34980226]
[3.83992003],[1.60765829],[4.44556396]
[4.17565881],[1.71735291],[5.13732661]
[4.52146632],[1.76947802],[5.84482306]
[4.7561247],[1.83843672],[6.50189067]
[4.85142388],[1.95220395],[7.39174969]
[5.11432021],[2.00447269],[7.93326707]
[5.17394995],[2.07434335],[8.44128327]
[5.33443275],[2.11865823],[9.03115654]
[5.36436176],[2.1847276],[9.48844138]
[5.49476777],[2.23224362],[10.03162505]
[5.58947773],[2.27895614],[10.4827918]
[5.73713438],[2.31087059],[11.03701952]
[5.87333726],[2.44492153],[11.64217392]
[5.99034135],[2.50423088],[12.13257444]
[6.10813772],[2.54385127],[12.51614223]
[6.19546417],[2.5768067],[12.85020592]
[6.28103415],[2.61068313],[13.15126005]
[6.45100297],[2.63702166],[13.50425738]
[6.566267],[2.66333772],[13.76690446]
[6.64291505],[2.67912389],[14.06546007]
[6.7345459],[2.67931623],[14.23769891]
[6.66210794],[2.6734723],[14.36816705]
[6.90796923],[2.64812686],[14.63406621]
[6.83722624],[2.6260014],[14.61234527]
[7.12744303],[2.60161889],[14.74824424]
[7.10029085],[2.58234023],[14.55532042]
[7.10917168],[2.5565301],[14.42602608]
[6.98121477],[2.53379459],[14.11752714]
[6.94312155],[2.50653554],[13.89139176]
[6.82460126],[2.4851216],[13.61674066]
[6.78185853],[2.45735472],[13.35202495]
[6.65575648],[2.43094781],[13.03591154]
[6.58884428],[2.40366008],[12.6887367]
[6.48088477],[2.36626968],[12.32329852]
[6.40805689],[2.32527526],[11.89413953]
[6.30043044],[2.2852759],[11.34042982]
[6.21897658],[2.18489949],[10.81779704]
[6.15199863],[2.0819011],[10.19550686]
[5.92385242],[2.02972891],[9.42637428]
[5.70260753],[1.98450197],[8.76580331]
[5.57889724],[1.93520437],[8.17028595]
[5.48105299],[1.87808326],[7.60233183]
[5.36608378],[1.80564693],[7.08409587]
[5.22853517],[1.70881134],[6.57722864]
[5.0980962],[1.60540334],[6.11796864]
[5.0507764],[1.49512296],[5.68178129]
[5.02649233],[1.42839585],[5.29988302]
[14.52691661],[2.19333983],[18.07589825]
[10.42186586],[1.89319365],[8.9846723]
[5.10913804],[1.53289547],[4.64748762]
[3.21725862],[1.20317867],[2.19936746]
[2.69566092],[0.87726943],[1.93260817]
[2.84203929],[1.0008374],[2.05364194]
[3.31959878],[1.09576067],[2.53321794]
[3.6500311],[1.38751447],[3.46283601]
[3.88754657],[1.62618627],[4.5282329]
[4.21042416],[1.73143659],[5.27480395]
[4.56126681],[1.79528739],[5.99385302]
[4.82243618],[1.87242468],[6.68539046]
[4.90874463],[2.0022966],[7.62805269]
[5.18884554],[2.05684087],[8.21866117]
[5.24747898],[2.13039878],[8.78340656]
[5.3886715],[2.17720863],[9.43438445]
[5.44569792],[2.24378224],[9.93019225]
[5.56109402],[2.28924642],[10.48469797]
[5.67245582],[2.37887672],[11.01614465]
[5.83455853],[2.46597548],[11.66633372]
[5.98802404],[2.55789572],[12.28097524]
[6.08576308],[2.60289754],[12.78488445]
[6.205603],[2.63405997],[13.1819371]
[6.3154283],[2.66128384],[13.54965737]
[6.39616663],[2.688283],[13.90932826]
[6.63834654],[2.70964711],[14.39311497]
[6.74256096],[2.73371617],[14.68309772]
[6.80372894],[2.75153286],[15.00379695]
[6.93560024],[2.75756354],[15.27578404]
[6.84863807],[2.75944483],[15.43491599]
[7.1173635],[2.74109745],[15.78897065]
[7.08570141],[2.72211064],[15.83458376]
[7.35238474],[2.70385748],[16.05174386]
[7.37501762],[2.68648426],[15.91102816]
[7.37643799],[2.66543025],[15.8171731]
[7.31238348],[2.64628475],[15.49135833]
[7.26968296],[2.62363052],[15.30365618]
[7.17019482],[2.60583976],[14.95270354]
[7.14943642],[2.58296161],[14.75447871]
[6.99227732],[2.56119784],[14.34036107]
[6.96780485],[2.53876619],[14.06754009]
[6.83594959],[2.50943317],[13.66052098]
[6.77518121],[2.47674964],[13.24408212]
[6.67880114],[2.44454346],[12.61556692]
[6.59243366],[2.37022223],[12.0332311]
[6.50043224],[2.26579108],[11.35204968]
[6.31198742],[2.15725399],[10.40839681]
[5.88477024],[2.04961096],[9.40556844]
[5.69792661],[2.00121698],[8.69864228]
[5.5979078],[1.94415264],[8.06103607]
[5.50772199],[1.88390372],[7.48469134]
[5.4043935],[1.78273451],[6.94196075]
[5.26282683],[1.67398377],[6.38860461]
[5.11327314],[1.5629625],[5.86400591]
[5.06662569],[1.43074794],[5.45291709]
[14.88111001],[2.20976724],[19.23722341]
[11.06281775],[1.91265527],[9.32733959]
[5.04313674],[1.54544305],[4.6059162]
[3.1132288],[1.19548043],[2.13064569]
[2.71475328],[0.89473846],[1.9331595]
[2.83127411],[1.00924627],[2.05387476]
[3.34946949],[1.12282355],[2.57796425]
[3.66933683],[1.39766711],[3.57451868]
[3.91629433],[1.63463774],[4.6193403]
[4.24356701],[1.73406905],[5.39277593]
[4.57863616],[1.80799478],[6.14601873]
[4.87157366],[1.91162147],[6.90399267]
[4.96534155],[2.03889106],[7.83933046]
[5.23134666],[2.09650091],[8.4861261]
[5.29851143],[2.17364068],[9.12907514]
[5.44128409],[2.22080135],[9.80098164]
[5.52932782],[2.28699124],[10.36486922]
[5.63152306],[2.35631742],[10.94539109]
[5.78500191],[2.47945185],[11.56122158]
[5.92379473],[2.55646267],[12.24405512]
[6.0886508],[2.64068411],[12.86242525]
[6.20167357],[2.68546737],[13.428239]
[6.31729655],[2.71475074],[13.84773159]
[6.47915483],[2.73822931],[14.29144904]
[6.6128161],[2.76122015],[14.69053911]
[6.78851913],[2.77874057],[15.19730379]
[6.91400621],[2.79724993],[15.53108339]
[7.00577285],[2.81363612],[15.92150766]
[7.15227125],[2.81966357],[16.24827671]
[7.10875993],[2.82227326],[16.40430082]
[7.38135273],[2.81052678],[16.8226739]
[7.32452263],[2.79458769],[16.91078314]
[7.52496773],[2.77876872],[17.17536466]
[7.5587702],[2.76275234],[17.08967353]
[7.55913275],[2.74629476],[16.99477728]
[7.52691414],[2.7281877],[16.72265576]
[7.48043663],[2.70909372],[16.52879129]
[7.42412889],[2.69271491],[16.22104153]
[7.39457321],[2.67223512],[15.99958198]
[7.29974516],[2.65193046],[15.60761177]
[7.26011453],[2.62389486],[15.32044119]
[7.1618953],[2.59541775],[14.75935378]
[7.09186267],[2.56618161],[14.10719096]
[6.99086123],[2.53170372],[13.42140712]
[6.90176327],[2.46719886],[12.7957997]
[6.80337296],[2.38845157],[12.13497653]
[6.69067053],[2.30394208],[11.30988509]
[6.26106993],[2.19141147],[9.93954862]
[5.84749258],[2.03609259],[8.98844269]
[5.69266699],[1.97546356],[8.20201636]
[5.60912691],[1.86632076],[7.43971605]
[5.5271199],[1.76913756],[6.85192745]
[5.42032495],[1.65008084],[6.2988359]
[5.29150469],[1.52143104],[5.77038262]
[5.13396324],[1.4002471],[5.29242972]
[15.37718553],[2.21789903],[20.49401291]
[11.91058116],[1.93491697],[10.17480777]
[5.07905628],[1.57024655],[4.64541352]
[3.14917187],[1.21097029],[2.15430216]
[2.7445625],[0.90739884],[1.99732279]
[2.9148031],[1.01736855],[2.09438071]
[3.3994777],[1.20062455],[2.67724284]
[3.72528071],[1.44904855],[3.79784642]
[3.98676937],[1.66513435],[4.83704458]
[4.32448218],[1.75630504],[5.61710631]
[4.63038134],[1.83811474],[6.39455137]
[4.94577039],[1.96567181],[7.23693018]
[5.06221909],[2.08699269],[8.12472187]
[5.29337778],[2.15018224],[8.83577093]
[5.36026691],[2.22808992],[9.53371908]
[5.50774666],[2.27089397],[10.19732522]
[5.60138085],[2.33067119],[10.811177]
[5.72253446],[2.45038406],[11.44868003]
[5.87133854],[2.55053829],[12.11233125]
[6.01986196],[2.6242593],[12.77271104]
[6.18091356],[2.70589602],[13.38932109]
[6.32892184],[2.74550819],[14.01721162]
[6.42385114],[2.7741497],[14.47092506]
[6.67061229],[2.79799409],[15.0171423]
[6.79036388],[2.82104843],[15.46618742]
[6.93940378],[2.83889479],[16.00806992]
[7.11134683],[2.85795126],[16.46621396]
[7.23597447],[2.86610489],[16.88012467]
[7.40922036],[2.87449014],[17.28027221]
[7.34139879],[2.87773555],[17.43849456]
[7.56195428],[2.86726472],[17.86132543]
[7.47350957],[2.85406263],[17.96858883]
[7.64101108],[2.84112537],[18.24491941]
[7.75018969],[2.8264878],[18.29020333]
[7.77302963],[2.81269639],[18.15254761]
[7.78426138],[2.79604397],[17.96697901]
[7.68993859],[2.78151498],[17.70977945]
[7.6838827],[2.76663826],[17.48399791]
[7.60080169],[2.74888695],[17.20472765]
[7.56147954],[2.73173395],[16.88803641]
[7.46755118],[2.70674222],[16.53619758]
[7.4091142],[2.6793686],[16.13211944]
[7.31711851],[2.65296592],[15.41125873]
[7.23795202],[2.62389362],[14.75573878]
[7.17520071],[2.56887283],[14.09494045]
[7.10975732],[2.49812737],[13.41861534]
[7.01259133],[2.42655848],[12.63529758]
[6.83431785],[2.35053567],[11.63777904]
[6.02676656],[2.25356745],[9.98902882]
[5.81620567],[2.03996581],[8.96887295]
[5.70189937],[1.96319084],[8.09422834]
[5.62929322],[1.86062756],[7.36381682]
[5.54942174],[1.73841161],[6.76452617]
[5.45432042],[1.61123085],[6.2195971]
[5.34077527],[1.48087226],[5.68344329]
[15.68017835],[2.22911308],[21.86758421]
[12.39333882],[1.95249779],[11.11774556]
[5.01306411],[1.59557055],[4.82461138]
[3.08315987],[1.2511364],[2.18804525]
[2.77374312],[0.92035201],[2.03714725]
[2.99923326],[1.02547275],[2.12139205]
[3.45082328],[1.23550637],[2.76872101]
[3.78123134],[1.47756293],[3.9488124]
[4.06485421],[1.68731859],[4.98701807]
[4.39902374],[1.77903191],[5.78909823]
[4.69828242],[1.90641054],[6.64906986]
[5.02810609],[2.03016443],[7.58085654]
[5.14164645],[2.14536642],[8.42345293]
[5.35043055],[2.21119428],[9.18058338]
[5.43514533],[2.27986001],[9.92241697]
[5.57521243],[2.32229828],[10.62855229]
[5.67826306],[2.42451151],[11.31988793]
[5.82100994],[2.5273633],[12.00412154]
[5.98443499],[2.61955652],[12.69301425]
[6.11654766],[2.68808897],[13.32060133]
[6.2577735],[2.76735044],[13.9312795]
[6.45553608],[2.80528392],[14.65094381]
[6.61403893],[2.83977574],[15.19569594]
[6.8177591],[2.86741091],[15.79491593]
[6.96679636],[2.89507492],[16.30296325]
[7.11380376],[2.91676945],[16.89452163]
[7.34364238],[2.94118042],[17.43327903]
[7.46906478],[2.98162697],[17.84466197]
[7.59833078],[2.96515427],[18.25310836]
[7.52293274],[2.95433969],[18.41991424]
[7.70248798],[2.93741191],[18.81899268]
[7.67826646],[2.90957696],[18.9995586]
[7.83626179],[2.89141114],[19.31829088]
[8.03533496],[2.87834046],[19.52591811]
[8.10101057],[2.86808073],[19.43529814]
[8.12965226],[2.85479817],[19.31598469]
[8.02933815],[2.84304657],[19.02344252]
[8.02139525],[2.82990879],[18.83810128]
[7.90224719],[2.81459484],[18.49461056]
[7.88886504],[2.80025397],[18.24129306]
[7.73535042],[2.78080024],[17.83216391]
[7.70209911],[2.75529731],[17.50166605]
[7.58905062],[2.72890147],[16.8076707]
[7.50108639],[2.70413144],[16.11446002]
[7.43048689],[2.65671156],[15.41810749]
[7.35556553],[2.5923171],[14.71102659]
[7.25835204],[2.52803643],[13.95214788]
[7.13240306],[2.4595358],[12.9812435]
[6.55467619],[2.38474936],[11.52155544]
[5.93507258],[2.2666381],[10.03058142]
[5.80172238],[2.04653082],[8.92729683]
[5.6955204],[1.95939879],[8.08408324]
[5.62525887],[1.83781954],[7.32122206]
[5.54416291],[1.71012943],[6.69745409]
[5.45420614],[1.57273194],[6.12925366]
[16.05036514],[2.25462644],[23.84686313]
[12.85801506],[1.99977872],[12.51717102]
[5.01781011],[1.68150651],[5.34297886]
[3.08791161],[1.28566413],[2.22566331]
[2.77608137],[0.92610319],[2.04182024]
[3.05215409],[1.0323249],[2.1313948]
[3.48613708],[1.25838873],[2.83657969]
[3.82694829],[1.49925537],[4.06505791]
[4.1179505],[1.70235043],[5.11061544]
[4.4421094],[1.80212484],[5.9455229]
[4.74215672],[1.95322131],[6.87407984]
[5.08680256],[2.07519798],[7.84684819]
[5.20677343],[2.19552496],[8.70713232]
[5.39633888],[2.2579191],[9.49792662]
[5.50948764],[2.32560746],[10.30314768]
[5.63521604],[2.37945646],[11.06437957]
[5.77623826],[2.50572031],[11.83724821]
[5.90152301],[2.60577269],[12.57869089]
[6.08284999],[2.6877113],[13.24266787]
[6.19465658],[2.74985892],[13.88415697]
[6.35334028],[2.82126545],[14.53384298]
[6.64053181],[2.87796861],[15.36792358]
[6.78899945],[2.91135501],[16.01955305]
[6.96108186],[2.95026363],[16.60989266]
[7.15372912],[2.98944045],[17.24509177]
[7.3238404],[3.04264274],[17.845798]
[7.54091903],[3.08194008],[18.48342543]
[7.63446076],[3.12034465],[18.88482024]
[7.73654567],[3.1136946],[19.32837964]
[7.73442711],[3.08749478],[19.54599444]
[7.86211526],[3.08069485],[19.88526534]
[7.94324457],[3.02229052],[20.18206841]
[8.13035543],[2.97540516],[20.51899598]
[8.25673977],[2.94062006],[20.75342464]
[8.30815343],[2.92667373],[20.73955713]
[8.34538068],[2.90833086],[20.58078977]
[8.2915278],[2.89538333],[20.32490136]
[8.26623078],[2.88407929],[20.10781801]
[8.20618167],[2.87195972],[19.8151673]
[8.15799741],[2.86072656],[19.56445902]
[8.08028259],[2.84567316],[19.21421112]
[8.02923022],[2.82506946],[18.78775462]
[7.92983127],[2.80312609],[18.10479319]
[7.8252654],[2.78028919],[17.42844428]
[7.73660287],[2.74234451],[16.76544907]
[7.63454733],[2.68468344],[16.05669802]
[7.53365266],[2.62700625],[15.30442044]
[7.43790046],[2.56642644],[14.3888497]
[7.14565921],[2.49948312],[13.04313853]
[6.34613228],[2.41478153],[11.1474913]
[5.91253035],[2.26120218],[9.81716478]
[5.80797828],[2.08087057],[8.78472486]
[5.69923817],[1.9213903],[7.90397179]
[5.63049708],[1.79118771],[7.16060505]
[5.55649031],[1.64975512],[6.50324647]
