meltWidth,meltDepth,meltArea
[0.],[0.],[0.]
[0.],[0.],[0.]
[0.],[0.],[0.]
[0.],[0.],[0.]
[0.],[0.],[0.]
[0.],[0.],[0.]
[0.],[0.],[0.]
[0.],[0.],[0.]
[0.],[0.],[0.]
[0.],[0.],[0.]
[0.],[0.],[0.]
[0.],[0.],[0.]
[0.],[0.],[0.]
[0.],[0.],[0.]
[0.],[0.],[0.]
[0.],[0.],[0.]
[0.],[0.],[0.]
[0.],[0.],[0.]
[0.],[0.],[0.]
[0.],[0.],[0.]
[0.],[0.],[0.]
[0.],[0.],[0.]
[0.],[0.],[0.]
[0.],[0.],[0.]
[0.],[0.],[0.]
[0.],[0.],[0.]
[0.],[0.],[0.]
[0.],[0.],[0.]
[0.],[0.],[0.]
[0.],[0.],[0.]
[0.],[0.],[0.]
[0.],[0.],[0.]
[0.],[0.],[0.]
[0.],[0.],[0.]
[0.],[0.],[0.]
[0.],[0.],[0.]
[0.],[0.],[0.]
[0.],[0.],[0.]
[0.],[0.],[0.]
[0.],[0.],[0.]
[0.],[0.],[0.]
[0.],[0.],[0.]
[0.],[0.],[0.]
[0.],[0.],[0.]
[0.],[0.],[0.]
[0.],[0.],[0.]
[0.],[0.],[0.]
[0.],[0.],[0.]
[0.],[0.],[0.]
[0.],[0.],[0.]
[0.],[0.],[0.]
[0.],[0.],[0.]
[0.],[0.],[0.]
[0.],[0.],[0.]
[0.],[0.],[0.]
[0.],[0.],[0.]
[0.],[0.],[0.]
[1.16214978],[0.16745435],[0.10434425]
[1.7527724],[0.30532876],[0.33913423]
[1.84131673],[0.34775382],[0.45201916]
[1.98391454],[0.42464351],[0.61241378]
[2.06309097],[0.52144608],[0.74172826]
[2.12730078],[0.55047795],[0.78881478]
[2.19566024],[0.56368047],[0.83593407]
[2.20257618],[0.57727379],[0.8401382]
[2.24806686],[0.59425042],[0.88551903]
[2.262375],[0.61157702],[0.89806931]
[2.31550125],[0.62898472],[0.94637866]
[2.34365063],[0.64106358],[0.96624299]
[2.40206309],[0.64825195],[0.99058168]
[2.42121309],[0.653181],[1.0112287]
[2.47414736],[0.65866472],[1.02391315]
[2.47401181],[0.66484499],[1.04457297]
[2.54892038],[0.66989271],[1.06304262]
[2.57113658],[0.67173183],[1.08166235]
[2.63409762],[0.67543653],[1.09721844]
[2.64755362],[0.67958865],[1.11609287]
[2.70300485],[0.67886038],[1.12710278]
[2.7182684],[0.67792227],[1.133327]
[2.73444145],[0.67793592],[1.13386682]
[2.75248637],[0.67909078],[1.14123101]
[2.75083915],[0.6775859],[1.13386684]
[2.77082728],[0.67605156],[1.13645405]
[2.77656518],[0.6759017],[1.13181657]
[2.79284264],[0.67342401],[1.13865078]
[2.88219157],[0.6775594],[1.17301739]
[2.85659405],[0.67083424],[1.16626838]
[2.91647883],[0.66787505],[1.17813319]
[2.90286157],[0.66369075],[1.15108717]
[2.901364],[0.66130575],[1.15545973]
[2.92268315],[0.66368519],[1.16698928]
[2.93491445],[0.66488126],[1.17629148]
[2.95674344],[0.66715397],[1.1899907]
[2.97409185],[0.67221],[1.20284569]
[2.98285451],[0.67557553],[1.21714305]
[2.98773076],[0.67973958],[1.22397085]
[2.99629765],[0.68044604],[1.22432668]
[2.98518077],[0.67443061],[1.20875311]
[2.94732357],[0.66301172],[1.18399623]
[2.91904589],[0.65301292],[1.16086593]
[2.87592804],[0.63818478],[1.12839995]
[2.83284631],[0.62387141],[1.0941471]
[2.79541637],[0.61456082],[1.06083321]
[2.75448473],[0.60027056],[1.01469101]
[2.73467332],[0.58545108],[0.97789064]
[2.70364586],[0.56564115],[0.94289594]
[2.66173142],[0.54202088],[0.89946627]
[2.61129944],[0.51814531],[0.8515194]
[3.25244052],[0.31541983],[0.61626444]
[0.],[0.],[0.]
[0.],[0.],[0.]
[0.],[0.],[0.]
[1.5923038],[0.27451095],[0.23328998]
[1.89712741],[0.35787301],[0.48169758]
[2.00723489],[0.45789435],[0.67284891]
[2.12721964],[0.58369097],[0.87634083]
[2.22456462],[0.68137687],[1.04643089]
[2.27766045],[0.72522255],[1.12609877]
[2.34923161],[0.73846315],[1.19166432]
[2.3867058],[0.74666448],[1.21964528]
[2.44074981],[0.75458543],[1.25250501]
[2.46185451],[0.76053751],[1.27570036]
[2.53875523],[0.76311425],[1.30672756]
[2.64100554],[0.76301159],[1.36254458]
[2.75307943],[0.76406698],[1.4033942]
[2.79753823],[0.76490255],[1.45291032]
[2.84846612],[0.76605061],[1.46514581]
[2.86573438],[0.76727523],[1.50473974]
[2.90251889],[0.7687242],[1.51728139]
[2.9168104],[0.77030587],[1.55362267]
[2.94932886],[0.77214223],[1.56130302]
[2.96809428],[0.77433938],[1.59718628]
[2.99403876],[0.77659024],[1.61008484]
[3.04017898],[0.77852252],[1.63972002]
[3.03218867],[0.77766724],[1.63272151]
[3.08387505],[0.77573347],[1.65568774]
[3.04521359],[0.77113186],[1.63243012]
[3.09327629],[0.76794695],[1.64228969]
[3.06183047],[0.76454568],[1.61763669]
[3.09983523],[0.76089574],[1.61968378]
[3.09654392],[0.75252203],[1.62098543]
[3.11403162],[0.75108222],[1.613098]
[3.10230536],[0.74723757],[1.60717996]
[3.11590296],[0.74344036],[1.57648977]
[3.08681957],[0.74125725],[1.56397464]
[3.09194078],[0.73926992],[1.55949399]
[3.09164946],[0.73773667],[1.5533315]
[3.09930539],[0.73589825],[1.55174584]
[3.10832204],[0.73342343],[1.54926288]
[3.108648],[0.72904332],[1.54328709]
[3.10643099],[0.72677578],[1.52815801]
[3.10564291],[0.72464892],[1.50192477]
[3.08123386],[0.71927779],[1.4657806]
[3.03701614],[0.71178938],[1.42200129]
[3.014958],[0.70163007],[1.39346301]
[2.99099119],[0.69115731],[1.36313305]
[2.95607036],[0.68191134],[1.33508376]
[2.91744509],[0.67150321],[1.30041505]
[2.90110486],[0.66005976],[1.27201409]
[2.89098584],[0.65233874],[1.24988942]
[2.87662243],[0.64816543],[1.22846138]
[2.86541562],[0.63398771],[1.19282663]
[2.84656835],[0.61698474],[1.14906193]
[5.64998885],[0.97172746],[3.38268615]
[2.94790149],[0.26001837],[0.54931487]
[0.],[0.],[0.]
[0.],[0.],[0.]
[1.80023238],[0.31487442],[0.3546037]
[1.98457501],[0.42432377],[0.58403202]
[2.11210755],[0.55342154],[0.82937048]
[2.22859307],[0.66275469],[1.03125954]
[2.31828074],[0.75776606],[1.20145947]
[2.37714001],[0.79922213],[1.29953201]
[2.46359493],[0.81073929],[1.37292724]
[2.49495836],[0.81097449],[1.40395844]
[2.58486477],[0.81091824],[1.43001642]
[2.68758541],[0.81073345],[1.48560468]
[2.79544598],[0.81099133],[1.52481008]
[2.87449873],[0.8110445],[1.5946609]
[2.94975243],[0.81263533],[1.63352826]
[2.98672241],[0.81309247],[1.67241897]
[3.02159508],[0.8126445],[1.69399587]
[3.04092089],[0.8126645],[1.71737502]
[3.06487687],[0.81227739],[1.74230143]
[3.09145253],[0.81177938],[1.75929868]
[3.10254404],[0.81176086],[1.77951791]
[3.17687841],[0.81236853],[1.80675998]
[3.15822566],[0.81252117],[1.82212672]
[3.25500493],[0.81153618],[1.84564607]
[3.21455403],[0.81032996],[1.84592618]
[3.29991662],[0.80930551],[1.86328785]
[3.23547311],[0.80539164],[1.84491431]
[3.32152389],[0.80313337],[1.85142791]
[3.26294671],[0.80046741],[1.83182276]
[3.35130116],[0.79808028],[1.83614435]
[3.31454649],[0.79349466],[1.82953853]
[3.39064524],[0.79266928],[1.84054656]
[3.33305495],[0.78994863],[1.82043992]
[3.41061287],[0.78741828],[1.82496292]
[3.35154179],[0.78562754],[1.8003141]
[3.36079969],[0.78435085],[1.79745793]
[3.36675212],[0.78299528],[1.79382184]
[3.37713465],[0.78170957],[1.79312654]
[3.38470124],[0.78000013],[1.79121854]
[3.3814426],[0.77543155],[1.78279925]
[3.37007482],[0.77181317],[1.76847613]
[3.37216178],[0.76836225],[1.75002717]
[3.34750045],[0.76346835],[1.71297691]
[3.31218189],[0.75766126],[1.66831099]
[3.28050141],[0.75299911],[1.63679964]
[3.25537097],[0.74695573],[1.60154391]
[3.22869338],[0.73962807],[1.57312746]
[3.19187595],[0.73230227],[1.53802133]
[3.14311352],[0.72508474],[1.50075248]
[3.09971997],[0.71373093],[1.46259482]
[3.05127283],[0.70378096],[1.42072186]
[3.03460299],[0.69791461],[1.39600817]
[3.02238542],[0.68071282],[1.36302858]
[5.80121614],[1.64697672],[5.16757981]
[3.53873299],[0.73464815],[1.59218731]
[1.93763928],[0.21849038],[0.25687938]
[0.16619185],[0.05731482],[0.00446675]
[1.95387058],[0.36540087],[0.47798838]
[2.06389978],[0.52425313],[0.71262163]
[2.19091442],[0.62666681],[0.94901975]
[2.31768529],[0.72765559],[1.17575607]
[2.4273673],[0.80635376],[1.34528858]
[2.48972622],[0.83932158],[1.4578973]
[2.55525843],[0.847243],[1.51049681]
[2.66487295],[0.84442401],[1.57122829]
[2.7793027],[0.84109991],[1.60755063]
[2.85472751],[0.8386557],[1.66010903]
[2.92437064],[0.83537801],[1.70035271]
[2.99286218],[0.83287315],[1.74214521]
[3.0448906],[0.83216777],[1.7848366]
[3.08534007],[0.83170751],[1.80929353]
[3.10943455],[0.83170579],[1.83829983]
[3.13512423],[0.83220884],[1.8562501]
[3.15041609],[0.83264352],[1.88482931]
[3.20704031],[0.833372],[1.90926333]
[3.18652271],[0.83417017],[1.92783446]
[3.29602545],[0.83560169],[1.95916034]
[3.25388097],[0.83664198],[1.96420326]
[3.36988106],[0.83664857],[1.99139941]
[3.295542],[0.83688008],[1.98526501]
[3.4368555],[0.83715394],[2.02357649]
[3.32098287],[0.83426952],[1.98952425]
[3.47303573],[0.83247662],[2.02597557]
[3.35301163],[0.83036234],[1.98019222]
[3.51097284],[0.82811732],[2.02075634]
[3.44747991],[0.8255483],[1.99638176]
[3.53879037],[0.82398458],[2.02588006]
[3.48187323],[0.82189652],[1.99891243]
[3.55483354],[0.82028414],[2.01339869]
[3.50860869],[0.8193838],[1.98325069]
[3.51829014],[0.81885493],[1.98492384]
[3.52440132],[0.81750237],[1.98075448]
[3.52729231],[0.8160928],[1.9792458]
[3.53374934],[0.81473129],[1.97725194]
[3.53204083],[0.81054717],[1.96857428]
[3.52132892],[0.8073551],[1.9502122]
[3.52182505],[0.8039556],[1.93510633]
[3.49498614],[0.79893102],[1.91091277]
[3.4408168],[0.79322597],[1.87246741]
[3.39940313],[0.78807826],[1.84096596]
[3.38384418],[0.7831176],[1.8103629]
[3.3652832],[0.77944107],[1.78253754]
[3.34304097],[0.77678599],[1.74902151]
[3.32651203],[0.77484535],[1.72163486]
[3.30462329],[0.76865085],[1.6925287]
[3.25878211],[0.76105329],[1.64747769]
[3.2199681],[0.75012236],[1.60434146]
[3.18310598],[0.73746568],[1.56056253]
[5.96390986],[1.67544072],[5.85580433]
[3.68401836],[1.27378648],[2.45331459]
[2.23888365],[0.65804716],[0.7991937]
[0.32778835],[0.11463929],[0.01818282]
[2.00097304],[0.4186214],[0.57081682]
[2.1984642],[0.62267569],[0.91374199]
[2.29417925],[0.70704718],[1.12354423]
[2.43170641],[0.77263627],[1.34360857]
[2.52010803],[0.83601293],[1.48517707]
[2.56789003],[0.86783125],[1.60342456]
[2.73082642],[0.87439024],[1.68661447]
[2.85684084],[0.87191015],[1.75564173]
[2.93739595],[0.86903368],[1.80089262]
[3.00380293],[0.8665749],[1.83167493]
[3.04696256],[0.86370933],[1.8702021]
[3.1071389],[0.86158633],[1.90387423]
[3.14243207],[0.86053962],[1.94323233]
[3.1800884],[0.86105048],[1.96451172]
[3.1944031],[0.86262084],[1.99350322]
[3.22113255],[0.86435886],[2.01380126]
[3.23006878],[0.86552972],[2.04145748]
[3.29735959],[0.86632802],[2.07269862]
[3.26673047],[0.86763198],[2.08623597]
[3.41590506],[0.86864168],[2.13088667]
[3.32986579],[0.86856145],[2.12227296]
[3.49382656],[0.86830373],[2.17466211]
[3.35816095],[0.86818796],[2.14084312]
[3.54961192],[0.86825289],[2.20742802]
[3.37887858],[0.86588732],[2.14385166]
[3.57734095],[0.86418704],[2.21417779]
[3.43063866],[0.86243229],[2.14076732]
[3.60436816],[0.86052865],[2.20159203]
[3.55371694],[0.85938366],[2.18346982]
[3.63210125],[0.85744547],[2.2112309]
[3.58571444],[0.85667671],[2.18662503]
[3.6479143],[0.85560699],[2.20108828]
[3.61119242],[0.85500821],[2.16965668]
[3.61557193],[0.85481641],[2.16948649]
[3.60817647],[0.85303852],[2.15681703]
[3.6077851],[0.85104757],[2.1529943]
[3.61372465],[0.8491872],[2.14935214]
[3.61479811],[0.84439295],[2.14002566]
[3.60735901],[0.84045127],[2.11999772]
[3.61173417],[0.83611569],[2.10407165]
[3.59245788],[0.83167427],[2.07904151]
[3.54591809],[0.82574629],[2.03793704]
[3.50744509],[0.82047054],[2.00304269]
[3.47216802],[0.8152084],[1.96658484]
[3.43244435],[0.80795826],[1.93244382]
[3.41049352],[0.80107842],[1.90146331]
[3.39575149],[0.79530997],[1.86971321]
[3.37875282],[0.79154066],[1.8386536]
[3.35906245],[0.7871294],[1.80750044]
[3.34241857],[0.78158943],[1.78328504]
[3.31817379],[0.77579009],[1.75258507]
[6.14421521],[1.68010311],[6.60634389]
[4.2207886],[1.35781791],[3.35423268]
[2.49887566],[1.13974535],[1.36213221]
[1.16130055],[0.50451751],[0.29938543]
[1.9193884],[0.396959],[0.55376218]
[2.29642571],[0.67325316],[1.05555952]
[2.39924017],[0.74166798],[1.27528974]
[2.51920242],[0.79865825],[1.48548668]
[2.60407364],[0.86166302],[1.62730783]
[2.71282343],[0.89370507],[1.72937002]
[2.89837887],[0.89741176],[1.85091676]
[3.02787247],[0.89550346],[1.99282171]
[3.07581094],[0.89051449],[2.02994294]
[3.13648203],[0.88524969],[2.04212164]
[3.15314554],[0.88044071],[2.03703677]
[3.21456434],[0.87960871],[2.07581669]
[3.2322379],[0.88061969],[2.10524698]
[3.26998755],[0.88209782],[2.12446624]
[3.27299034],[0.8841285],[2.15681419]
[3.30616325],[0.88612687],[2.18138289]
[3.30050973],[0.88786522],[2.21573486]
[3.38443144],[0.88911975],[2.25415806]
[3.33594587],[0.89083737],[2.26712198]
[3.56404933],[0.89197451],[2.3498493]
[3.3789749],[0.89593318],[2.31464963]
[3.60477904],[0.89207008],[2.3981669]
[3.41974387],[0.89668638],[2.34140865]
[3.64805088],[0.89265194],[2.42874322]
[3.47657372],[0.89773216],[2.36056173]
[3.67375208],[0.88826328],[2.43904437]
[3.54023955],[0.88582839],[2.36026194]
[3.69850552],[0.88314344],[2.41566034]
[3.65460878],[0.8806624],[2.38633298]
[3.71864685],[0.87923905],[2.40712326]
[3.68154101],[0.8780626],[2.37350562]
[3.72992101],[0.87652462],[2.3833687]
[3.70013964],[0.8754788],[2.34586226]
[3.69300031],[0.87500338],[2.33551623]
[3.68403347],[0.87283122],[2.31609137]
[3.68300201],[0.87068738],[2.3071731]
[3.68924179],[0.86896363],[2.30058167]
[3.69167259],[0.86450621],[2.29135047]
[3.68509912],[0.8610315],[2.27009515]
[3.68992021],[0.85618576],[2.25379324]
[3.67530133],[0.85158227],[2.22720608]
[3.63552698],[0.84548886],[2.18486658]
[3.60219642],[0.83923262],[2.15305822]
[3.56951891],[0.83334231],[2.11715628]
[3.52596383],[0.82726427],[2.0772721]
[3.46366288],[0.82089342],[2.03205702]
[3.44734608],[0.81348852],[1.99859716]
[3.42751061],[0.80715238],[1.96518367]
[3.40617049],[0.79941893],[1.92722228]
[3.39323964],[0.79213097],[1.90038269]
[3.3819887],[0.78730244],[1.87282653]
[6.23701218],[1.6891588],[7.62439555]
[4.34361911],[1.35164332],[4.10285344]
[2.8643599],[1.14398162],[1.94131285]
[1.30189483],[0.7595364],[0.46124397]
[1.57072549],[0.34758094],[0.30573145]
[2.2974205],[0.68146796],[1.11608577]
[2.45507875],[0.76333226],[1.37557826]
[2.54573194],[0.8233733],[1.56978406]
[2.61384409],[0.87966532],[1.69502098]
[2.7314233],[0.90404881],[1.78292117]
[2.93074785],[0.90389909],[1.93702865]
[3.07683661],[0.89894281],[2.18252719]
[3.1250268],[0.89683046],[2.21273901]
[3.18290808],[0.89711973],[2.19019175]
[3.20587601],[0.89674558],[2.20012943]
[3.25378691],[0.89708202],[2.1942954]
[3.2763061],[0.89778669],[2.24051153]
[3.30894381],[0.89810878],[2.24535756]
[3.31680362],[0.89943682],[2.30254162]
[3.35115387],[0.90148907],[2.30885695]
[3.34530495],[0.91329787],[2.36319727]
[3.52490563],[0.91554788],[2.40743069]
[3.39284134],[0.92600657],[2.41486478]
[3.66329849],[0.93010378],[2.49346411]
[3.48517325],[0.94155117],[2.46533712]
[3.69650625],[0.93720713],[2.53529232]
[3.55836494],[0.94281002],[2.49751873]
[3.73143207],[0.9396572],[2.55424364]
[3.60398793],[0.94587068],[2.51051569]
[3.75150244],[0.93585212],[2.55590598]
[3.65539699],[0.93572113],[2.51373056]
[3.7719395],[0.92232606],[2.54052758]
[3.75085787],[0.91987133],[2.54777]
[3.80044765],[0.90995273],[2.5550843]
[3.77358672],[0.90692689],[2.53881411]
[3.8120685],[0.89981247],[2.54300767]
[3.78791511],[0.89358322],[2.50305579]
[3.77690858],[0.89036974],[2.490066]
[3.77007866],[0.88798956],[2.46992467]
[3.76882876],[0.88668047],[2.45983596]
[3.77211761],[0.88577447],[2.44966303]
[3.77440198],[0.88125743],[2.43432342]
[3.76762977],[0.8754591],[2.40364514]
[3.77376179],[0.86974646],[2.37858896]
[3.76251962],[0.86470578],[2.34628917]
[3.72818271],[0.85863988],[2.30327386]
[3.69615975],[0.8533739],[2.26812556]
[3.66440101],[0.84834678],[2.23368937]
[3.62421555],[0.84307876],[2.19477089]
[3.56774702],[0.83677172],[2.14662909]
[3.5282543],[0.830663],[2.10699361]
[3.4836558],[0.82478285],[2.06903359]
[3.46135671],[0.81436057],[2.02616602]
[3.44936435],[0.80314647],[1.99767819]
[3.44446512],[0.79393751],[1.97047162]
[6.29600248],[1.72668286],[8.10646398]
[4.34266832],[1.42807652],[4.77928345]
[2.91959975],[1.29357444],[2.66929091]
[1.67344725],[1.12457774],[0.9418887]
[0.77835865],[0.25559085],[0.09844141]
[2.23166526],[0.68148663],[1.08301654]
[2.49348614],[0.77595471],[1.44475825]
[2.55060273],[0.8408962],[1.61830445]
[2.61606712],[0.88851876],[1.7388982]
[2.75622507],[0.9139861],[1.83695405]
[2.98847335],[0.91819588],[2.0406856]
[3.1236328],[0.91688628],[2.24037451]
[3.17405353],[0.91605245],[2.27498422]
[3.21220504],[0.91867918],[2.22752997]
[3.24620456],[0.91884425],[2.25257475]
[3.27084253],[0.92567048],[2.2479817]
[3.30071158],[0.92827129],[2.31124414]
[3.32065591],[0.93224093],[2.29366351]
[3.33809682],[0.93637839],[2.35586203]
[3.35479725],[0.94506279],[2.34830913]
[3.3646254],[0.95201687],[2.412239]
[3.55349475],[0.95939259],[2.4516474]
[3.39603392],[0.96576694],[2.46106551]
[3.68771265],[0.97338584],[2.53944435]
[3.50336489],[0.98717344],[2.51786108]
[3.7123401],[0.98352121],[2.58042905]
[3.56064362],[0.98826053],[2.54434399]
[3.74211252],[0.98574364],[2.59859057]
[3.60238326],[0.98922745],[2.55444839]
[3.756187],[0.98109196],[2.59725403]
[3.65012479],[0.97910387],[2.55772324]
[3.77467833],[0.96803049],[2.58584031]
[3.75634275],[0.9667665],[2.59216569]
[3.81604455],[0.95607833],[2.60754544]
[3.79890273],[0.95479277],[2.59824575]
[3.84239805],[0.94845954],[2.61115919]
[3.82363783],[0.94217577],[2.57472649]
[3.81851131],[0.9358967],[2.56886476]
[3.8211092],[0.9292051],[2.55794157]
[3.82678345],[0.92280702],[2.55369974]
[3.83806985],[0.91632552],[2.55037727]
[3.84230419],[0.90944449],[2.53587164]
[3.84080135],[0.89897924],[2.50687649]
[3.84733259],[0.89294334],[2.47966004]
[3.84388866],[0.88737843],[2.44743055]
[3.81574022],[0.87993769],[2.40285425]
[3.78596977],[0.87367316],[2.36482445]
[3.75992245],[0.86812943],[2.32780546]
[3.72503631],[0.86192139],[2.28780079]
[3.67303931],[0.85477855],[2.24030751]
[3.63119678],[0.84885613],[2.19932183]
[3.57422],[0.84375877],[2.15533843]
[3.51262731],[0.83653895],[2.10686849]
[3.49373614],[0.8274151],[2.07137858]
[3.47228395],[0.81574388],[2.03292547]
[6.36757709],[1.80611207],[8.16184139]
[4.39114446],[1.4804283],[4.78559986]
[3.01889944],[1.3596556],[2.67583644]
[1.85768868],[1.07366111],[0.90597165]
[1.11748736],[0.29807199],[0.21879476]
[2.34353741],[0.69935789],[1.18387076]
[2.50906335],[0.79443108],[1.50555212]
[2.5516692],[0.85561341],[1.6566568]
[2.6085636],[0.9025913],[1.77582435]
[2.77781797],[0.92744929],[1.87491267]
[3.0101391],[0.9285587],[2.06344877]
[3.14103493],[0.9342693],[2.22627897]
[3.19089169],[0.93145409],[2.27294872]
[3.22422384],[0.93755031],[2.24029324]
[3.25601461],[0.93763233],[2.31116824]
[3.28298926],[0.94565954],[2.31275702]
[3.31271689],[0.94942344],[2.3784396]
[3.32914539],[0.9522174],[2.36383138]
[3.3461918],[0.95588176],[2.42077969]
[3.35472054],[0.96303104],[2.40795285]
[3.3702582],[0.97586938],[2.47489665]
[3.57125308],[0.97794803],[2.51281267]
[3.41047433],[0.99070832],[2.51979896]
[3.6973067],[0.99988761],[2.60034357]
[3.50738543],[1.00712901],[2.56932047]
[3.71895844],[1.01056213],[2.64002046]
[3.56816396],[1.00370985],[2.59283617]
[3.74867747],[1.00970665],[2.65566833]
[3.60362765],[1.00207116],[2.59906812]
[3.75723529],[1.00401156],[2.65296869]
[3.65260059],[0.99362892],[2.60641491]
[3.77566826],[0.9893635],[2.64419125]
[3.75670617],[0.98892551],[2.6410806]
[3.81477467],[0.97427543],[2.66158442]
[3.79640408],[0.97314652],[2.64352619]
[3.82975816],[0.96667503],[2.65160202]
[3.80917025],[0.96078185],[2.61169191]
[3.80457753],[0.95503248],[2.60492997]
[3.80671496],[0.94903818],[2.5944841]
[3.81223665],[0.94358096],[2.59020941]
[3.82475435],[0.93818492],[2.58973089]
[3.82966857],[0.93143699],[2.57652878]
[3.8272505],[0.91432514],[2.54798803]
[3.8320562],[0.90991215],[2.51709638]
[3.82930717],[0.90429175],[2.48332088]
[3.80291743],[0.89695646],[2.43964004]
[3.77602432],[0.89074263],[2.40134411]
[3.75356218],[0.88522233],[2.36279904]
[3.7238519],[0.87906493],[2.32429873]
[3.67333435],[0.87200332],[2.28041064]
[3.63781566],[0.86613473],[2.24364589]
[3.59966826],[0.8610595],[2.20849498]
[3.54431828],[0.85347861],[2.16194412]
[3.51415961],[0.84498813],[2.13017329]
[3.49734396],[0.83737564],[2.09558844]
[6.54820741],[1.8931838],[8.61859988]
[4.62535291],[1.53382333],[5.1142724]
[3.27058001],[1.42763045],[2.92206635]
[2.13434474],[1.16525933],[1.08451128]
[1.35879807],[0.31633002],[0.4320303]
[2.40897874],[0.71088036],[1.24294418]
[2.52481857],[0.80806777],[1.54560537]
[2.56391193],[0.86729359],[1.69022433]
[2.62427936],[0.9131595],[1.8106349]
[2.83597791],[0.93721687],[1.92295555]
[3.04987415],[0.94762385],[2.12476488]
[3.17214725],[0.95450056],[2.31341729]
[3.21647946],[0.95412718],[2.3527749]
[3.24703018],[0.95882502],[2.32343908]
[3.28064498],[0.96184365],[2.40075363]
[3.30369466],[0.9682302],[2.40149231]
[3.33181703],[0.9801064],[2.46837207]
[3.34513906],[0.97451826],[2.4466303]
[3.36143529],[0.98697892],[2.50595573]
[3.43426251],[0.99193626],[2.50213819]
[3.38327446],[1.00476223],[2.5538319]
[3.63172382],[1.01486788],[2.61463916]
[3.50481555],[1.01705974],[2.60683632]
[3.73748223],[1.03143386],[2.69263732]
[3.58070837],[1.03131222],[2.65454186]
[3.758431],[1.03502513],[2.72574536]
[3.63236501],[1.02815216],[2.67796087]
[3.78229184],[1.032785],[2.73916515]
[3.65672703],[1.02673628],[2.68451416]
[3.7879824],[1.02851159],[2.73861237]
[3.69839545],[1.01894011],[2.69403692]
[3.80646355],[1.01362328],[2.73353717]
[3.79156769],[1.01298552],[2.72296615]
[3.84138329],[0.99911001],[2.7495491]
[3.82287683],[0.99834048],[2.72151488]
[3.85195046],[0.99067426],[2.73353442]
[3.83426063],[0.98328328],[2.69212703]
[3.82825453],[0.97635756],[2.68316919]
[3.83021078],[0.96987735],[2.67022868]
[3.83575856],[0.96398075],[2.66290507]
[3.84762434],[0.95865692],[2.66129729]
[3.85474564],[0.9528544],[2.64877903]
[3.85304194],[0.93640592],[2.61931788]
[3.8599727],[0.91962449],[2.58508332]
[3.85910551],[0.91534163],[2.54662052]
[3.83711284],[0.90926197],[2.49548979]
[3.81309462],[0.90296634],[2.45551676]
[3.79312908],[0.89733795],[2.4196083]
[3.76444898],[0.8911251],[2.37800824]
[3.72461859],[0.88404534],[2.33575578]
[3.69765006],[0.87812782],[2.30084434]
[3.66279678],[0.87296876],[2.26461195]
[3.6131448],[0.86543324],[2.21843536]
[3.56394363],[0.85713446],[2.18235111]
[3.53062583],[0.84933344],[2.14826057]
[6.56694031],[1.95895467],[8.92399611]
[4.76959265],[1.57679028],[5.24612033]
[3.38677793],[1.45906263],[2.98457024]
[2.21770393],[1.19271246],[1.12130584]
[1.49246512],[0.37345686],[0.52364439]
[2.43457797],[0.72203989],[1.29120576]
[2.53976795],[0.81827562],[1.57649883]
[2.57528546],[0.87502004],[1.71441859]
[2.6410918],[0.91905791],[1.83806459]
[2.8907105],[0.94132288],[1.96723991]
[3.08720912],[0.96057254],[2.17316046]
[3.20201412],[0.96651174],[2.33422744]
[3.24155269],[0.97278503],[2.38525127]
[3.27222841],[0.972356],[2.38769039]
[3.3036402],[0.98560113],[2.47066976]
[3.32187616],[0.98948317],[2.46347396]
[3.34912497],[1.00029425],[2.52824465]
[3.35971157],[0.99935214],[2.50866841]
[3.37510856],[1.00498675],[2.55831004]
[3.51672011],[1.01253001],[2.57307656]
[3.40669455],[1.02222391],[2.59827802]
[3.68474044],[1.03018653],[2.67593519]
[3.5834342],[1.03465526],[2.66947673]
[3.7769242],[1.04659875],[2.75304122]
[3.64722911],[1.04801285],[2.72394797]
[3.79773564],[1.04956055],[2.79672698]
[3.68647516],[1.04482712],[2.75005695]
[3.82608402],[1.04707854],[2.81584145]
[3.70802193],[1.0432443],[2.7547035]
[3.83745157],[1.04276673],[2.817469]
[3.74791285],[1.03548453],[2.75990661]
[3.85819138],[1.02743785],[2.81207251]
[3.84579159],[1.02696504],[2.79727197]
[3.8863841],[1.01257663],[2.82494061]
[3.86195713],[1.0119338],[2.78486051]
[3.88860569],[1.0040988],[2.80149575]
[3.86468598],[0.9965246],[2.75174927]
[3.85256794],[0.98936243],[2.73866844]
[3.85257683],[0.98114436],[2.72316225]
[3.85866188],[0.9754522],[2.71663967]
[3.87182006],[0.97073451],[2.71446459]
[3.88027077],[0.96457712],[2.7022758]
[3.88094586],[0.9472106],[2.67275344]
[3.88961249],[0.93119902],[2.63779393]
[3.89215575],[0.92228059],[2.59665908]
[3.87350188],[0.91615628],[2.54314289]
[3.85146775],[0.91116518],[2.4956596]
[3.83382208],[0.90698246],[2.46132957]
[3.8097846],[0.90073993],[2.42282243]
[3.77623762],[0.89364064],[2.37829458]
[3.74942288],[0.88790565],[2.34175081]
[3.71871406],[0.88269158],[2.30662007]
[3.67268214],[0.8752039],[2.25833311]
[3.63290212],[0.86663098],[2.22260559]
[3.59698518],[0.85876923],[2.18647741]
[6.63648221],[2.00048832],[9.06207945]
[4.8355219],[1.59002016],[5.30825056]
[3.45594509],[1.45884791],[2.98730062]
[2.24611666],[1.14916802],[1.15721933]
[1.55549061],[0.35816908],[0.53134538]
[2.44895549],[0.727995],[1.31774081]
[2.55110392],[0.82599055],[1.60236951]
[2.58160394],[0.88180222],[1.73242651]
[2.65385319],[0.92618255],[1.86298478]
[2.93100433],[0.95181251],[2.01200966]
[3.11630995],[0.98747253],[2.24615151]
[3.22818674],[0.98541513],[2.38995275]
[3.26632912],[0.99741533],[2.46928595]
[3.28965509],[0.99752359],[2.46516956]
[3.31897481],[1.01000401],[2.53764392]
[3.33291747],[1.01663365],[2.52619969]
[3.35934515],[1.0241827],[2.58726408]
[3.39787243],[1.02188741],[2.56759395]
[3.38295823],[1.02654891],[2.61100296]
[3.58636129],[1.02907338],[2.64389167]
[3.45924616],[1.0424294],[2.65317773]
[3.74783881],[1.04664719],[2.7585119]
[3.64749347],[1.05500449],[2.75196784]
[3.83767573],[1.06351623],[2.85627865]
[3.71911008],[1.06764421],[2.82078309]
[3.8580757],[1.06537425],[2.89929913]
[3.76458601],[1.06440654],[2.85225775]
[3.87490315],[1.06311037],[2.91479607]
[3.78977124],[1.06259948],[2.86474339]
[3.88163045],[1.05877994],[2.91509933]
[3.82510954],[1.05539204],[2.87303989]
[3.89197426],[1.04367189],[2.89518296]
[3.89017668],[1.04326477],[2.88322323]
[3.91197395],[1.02886505],[2.89138451]
[3.90300964],[1.02875027],[2.86230031]
[3.91740089],[1.02091837],[2.87126044]
[3.90608211],[1.0133833],[2.82992759]
[3.89661511],[1.00577555],[2.81698861]
[3.89642851],[0.9975377],[2.80077021]
[3.89991557],[0.98977322],[2.78999566]
[3.91144682],[0.98191996],[2.78493321]
[3.91945329],[0.97703069],[2.77224068]
[3.91787456],[0.96100734],[2.74103565]
[3.92163865],[0.94567694],[2.70198812]
[3.91804424],[0.92964783],[2.65631263]
[3.90245328],[0.92350352],[2.59842119]
[3.88571105],[0.91887264],[2.55423935]
[3.87000562],[0.91532572],[2.51154909]
[3.85156173],[0.9108271],[2.47293781]
[3.8204748],[0.90556335],[2.42925087]
[3.79843448],[0.90001905],[2.38895324]
[3.77207941],[0.89476391],[2.35251392]
[3.73166972],[0.88741411],[2.30748475]
[3.69547775],[0.87884282],[2.27237526]
[3.66252202],[0.87091655],[2.23560021]
[6.68659864],[1.98527092],[8.38740618]
[4.86512796],[1.5889995],[5.02625134]
[3.46494155],[1.44313018],[2.7781774]
[2.21562876],[1.02738987],[1.05726872]
[1.59718182],[0.37567777],[0.55041494]
[2.46659614],[0.74143721],[1.36273633]
[2.55717708],[0.83872975],[1.6380503]
[2.58297057],[0.89575894],[1.75997483]
[2.67572213],[0.93766591],[1.89601326]
[2.95661698],[0.96511758],[2.05445976]
[3.14339596],[1.00741188],[2.32124682]
[3.25139025],[1.01046813],[2.45865198]
[3.28131456],[1.01802364],[2.53416172]
[3.3005032],[1.02202571],[2.52853481]
[3.3272095],[1.03332202],[2.59701287]
[3.33801076],[1.0380359],[2.58355733]
[3.36309801],[1.0457911],[2.6437993]
[3.47348886],[1.04159709],[2.64165681]
[3.4217866],[1.0479337],[2.67388313]
[3.66851973],[1.04668161],[2.73782321]
[3.5608265],[1.06202747],[2.74157973]
[3.80449887],[1.06386369],[2.85852781]
[3.73164148],[1.07376744],[2.85210334]
[3.87187764],[1.07966763],[2.94394964]
[3.78963277],[1.08498034],[2.91776305]
[3.88337347],[1.08045455],[2.97933969]
[3.81852653],[1.08190761],[2.94518072]
[3.89936248],[1.07826509],[2.99786215]
[3.84077092],[1.08004523],[2.96207331]
[3.90612879],[1.07437702],[3.00174398]
[3.87045599],[1.07361225],[2.97088166]
[3.91432052],[1.06085363],[2.98196367]
[3.92077923],[1.0603549],[2.97192932]
[3.9353467],[1.04605883],[2.97573378]
[3.92944544],[1.04547396],[2.94271669]
[3.94056095],[1.03762932],[2.94475088]
[3.9316154],[1.030092],[2.89935457]
[3.92189155],[1.0224797],[2.88586524]
[3.9229536],[1.0142374],[2.86942903]
[3.92811933],[1.00646749],[2.85859586]
[3.93795454],[0.99860958],[2.85228431]
[3.94586573],[0.98999177],[2.83704914]
[3.94522847],[0.97067604],[2.80330691]
[3.94360142],[0.95641619],[2.76086136]
[3.93570695],[0.943856],[2.71652067]
[3.9094571],[0.93282103],[2.64969943]
[3.87973933],[0.92818893],[2.59016408]
[3.86475451],[0.92431984],[2.54767367]
[3.84649015],[0.91982783],[2.50356192]
[3.81945798],[0.91460083],[2.46093012]
[3.80287998],[0.91048276],[2.42086332]
[3.78244683],[0.90662359],[2.3809628]
[3.7413733],[0.89978888],[2.33276358]
[3.70366903],[0.89142816],[2.29853586]
[3.67070766],[0.88367382],[2.26555123]
[6.74268551],[1.99580656],[8.23879359]
[4.94752086],[1.60267538],[4.873947]
[3.50451112],[1.42927248],[2.64446127]
[2.21874437],[0.97457285],[1.05204126]
[1.6344375],[0.38862904],[0.59956209]
[2.48111852],[0.75077983],[1.39141228]
[2.57293624],[0.85221376],[1.67188969]
[2.59310172],[0.90535555],[1.78594825]
[2.74485743],[0.94611534],[1.94636991]
[3.01667633],[0.9793064],[2.13175931]
[3.1844242],[1.03655251],[2.4335438]
[3.27886988],[1.03923874],[2.55792312]
[3.30309484],[1.04740227],[2.62485914]
[3.31774453],[1.05103467],[2.62743366]
[3.34369333],[1.06264085],[2.70380281]
[3.37265019],[1.06615118],[2.69727835]
[3.37908168],[1.07361787],[2.76437059]
[3.61319877],[1.06905165],[2.80163219]
[3.56364309],[1.07572454],[2.82010615]
[3.77133018],[1.07318851],[2.8966674]
[3.69170954],[1.08892624],[2.89343593]
[3.87164622],[1.08990721],[3.00553873]
[3.83803653],[1.1005192],[3.01276211]
[3.92389924],[1.1054339],[3.08408094]
[3.88063207],[1.11008734],[3.07466143]
[3.93217153],[1.10436742],[3.11591838]
[3.8981173],[1.10654141],[3.09901173]
[3.93622737],[1.10181942],[3.12530874]
[3.90595221],[1.10493542],[3.11170418]
[3.93222948],[1.09861107],[3.12130403]
[3.91466424],[1.09921543],[3.1028541]
[3.93956406],[1.08590667],[3.0959375]
[3.94868133],[1.08534107],[3.08409696]
[3.95928596],[1.07154459],[3.08543781]
[3.95977577],[1.07091168],[3.05750442]
[3.96676616],[1.06327319],[3.05183838]
[3.96799883],[1.05595094],[3.01317521]
[3.96357576],[1.04855944],[2.99520133]
[3.96779008],[1.04056155],[2.9753413]
[3.97552658],[1.03301501],[2.96343363]
[3.98680088],[1.02538697],[2.95509606]
[3.99631828],[1.01702922],[2.9416868]
[3.99984441],[0.98948718],[2.90496001]
[3.99794449],[0.97163022],[2.85658984]
[3.99525159],[0.95800021],[2.81235855]
[3.97901993],[0.94325189],[2.75161271]
[3.94765514],[0.93457648],[2.68507908]
[3.91278449],[0.93059445],[2.62085984]
[3.89608225],[0.92600155],[2.57527995]
[3.87162823],[0.92069703],[2.52333787]
[3.85698013],[0.91649971],[2.48569223]
[3.83669271],[0.9131318],[2.44500412]
[3.79908042],[0.90770997],[2.39420593]
[3.76112197],[0.90060477],[2.34576658]
[3.73212353],[0.89277407],[2.30874639]
[6.79956723],[2.00869991],[8.04573739]
[4.93905799],[1.63280015],[4.63952716]
[3.39816192],[1.3640674],[2.38989257]
[2.12989397],[0.91543788],[0.9581492]
[1.62016841],[0.37520091],[0.57111279]
[2.48263896],[0.75121924],[1.40003275]
[2.58655644],[0.86423982],[1.69792771]
[2.59907282],[0.91456138],[1.80630008]
[2.7943567],[0.95838268],[1.9890545]
[3.07605928],[0.99368133],[2.21185489]
[3.21527881],[1.05827687],[2.5181145]
[3.29844382],[1.05898481],[2.64291866]
[3.31928834],[1.07247024],[2.72274248]
[3.32816149],[1.07360577],[2.72552731]
[3.35333067],[1.0871556],[2.7984899]
[3.51112343],[1.08819646],[2.82897606]
[3.55384685],[1.0980699],[2.89593956]
[3.75032259],[1.09072221],[2.95609711]
[3.69479821],[1.10054802],[2.95292542]
[3.8533506],[1.09243366],[3.03311804]
[3.82264561],[1.11202028],[3.04186642]
[3.92482578],[1.10927236],[3.12735502]
[3.91621562],[1.12347216],[3.14797446]
[3.95688904],[1.12497596],[3.19213838]
[3.94006501],[1.1336188],[3.20462133]
[3.95532239],[1.1285217],[3.22909835]
[3.94266743],[1.13724656],[3.24324657]
[3.96457203],[1.13406231],[3.26814591]
[3.95435625],[1.14233748],[3.2786954]
[3.97107139],[1.13782312],[3.29258576]
[3.96982437],[1.14000274],[3.28482376]
[3.98333953],[1.12223405],[3.26392887]
[4.00409425],[1.118001],[3.23958433]
[4.00854056],[1.09948312],[3.22497101]
[4.0291007],[1.09473865],[3.18993674]
[4.01465114],[1.08293],[3.16574905]
[4.01598795],[1.07409046],[3.11990893]
[4.00600807],[1.06666202],[3.09247931]
[4.00556852],[1.05914704],[3.06862438]
[4.00852745],[1.05157592],[3.05052402]
[4.01575783],[1.04393027],[3.03738843]
[4.02508458],[1.03467396],[3.01877886]
[4.02969433],[1.00797958],[2.97965669]
[4.03279883],[0.98275829],[2.93092307]
[4.03555523],[0.96907667],[2.88892409]
[4.03400236],[0.95394806],[2.84031075]
[4.0163962],[0.94106698],[2.77826373]
[3.98994571],[0.93671068],[2.71633977]
[3.9550552],[0.93208798],[2.65088114]
[3.91761543],[0.92680949],[2.58619392]
[3.89545909],[0.92287557],[2.5372359]
[3.88017342],[0.91942907],[2.50050089]
[3.84676815],[0.91424432],[2.45204923]
[3.81549852],[0.90737527],[2.40526822]
[3.79257139],[0.90121146],[2.36587253]
[6.86170917],[1.98595406],[7.40117767]
[4.95449551],[1.58977755],[4.13446547]
[3.2511308],[1.17794751],[2.00403223]
[2.01834852],[0.79212435],[0.80295575]
[1.66803603],[0.39001544],[0.55467321]
[2.49069129],[0.76439298],[1.43863801]
[2.59234774],[0.88521077],[1.7289759]
[2.59959538],[0.93087951],[1.83499875]
[2.8764633],[0.97414353],[2.05652934]
[3.11693053],[1.01503769],[2.30269955]
[3.23360062],[1.07847879],[2.59944819]
[3.31072912],[1.07989376],[2.7262765]
[3.32922665],[1.0958633],[2.81623486]
[3.3986072],[1.09560769],[2.83307701]
[3.41066968],[1.11106332],[2.90475912]
[3.64388027],[1.11071212],[2.97554488]
[3.69219866],[1.12324838],[3.04312952]
[3.82698843],[1.11901438],[3.10938577]
[3.7930353],[1.13300549],[3.11622764]
[3.90848983],[1.1270421],[3.20306357]
[3.91420463],[1.15003254],[3.23807389]
[3.97652057],[1.15230011],[3.31778534]
[3.9858219],[1.16860986],[3.3581009]
[4.0026324],[1.17481552],[3.40148816]
[4.0093863],[1.18297021],[3.43413793]
[4.01341257],[1.18129698],[3.46511686]
[4.02092185],[1.18744882],[3.48065497]
[4.03520123],[1.19263946],[3.51733176]
[4.05410459],[1.20117311],[3.5282728]
[4.05764628],[1.2041047],[3.55434348]
[4.08683508],[1.18990138],[3.54816219]
[4.08660521],[1.17491974],[3.53795633]
[4.16761961],[1.17035146],[3.52123106]
[4.13425214],[1.15228426],[3.49484196]
[4.22947866],[1.1477358],[3.46795367]
[4.13741754],[1.13651361],[3.41130658]
[4.17081175],[1.12521025],[3.35483293]
[4.12052919],[1.11376742],[3.30515156]
[4.10763612],[1.10126922],[3.26400295]
[4.09752182],[1.08952056],[3.22739992]
[4.09241289],[1.07755908],[3.19517628]
[4.08998903],[1.0628629],[3.1535069]
[4.0802979],[1.03164434],[3.09668458]
[4.06699061],[1.00097773],[3.02536268]
[4.06102086],[0.98064827],[2.96689262]
[4.05502364],[0.9658291],[2.91483884]
[4.04609797],[0.95331376],[2.85847313]
[4.0269199],[0.94817402],[2.80084926]
[4.00367459],[0.94260971],[2.74044932]
[3.96595922],[0.93709766],[2.67141526]
[3.92457775],[0.93263773],[2.60406576]
[3.89763249],[0.92927936],[2.55277906]
[3.8664104],[0.92408136],[2.50633757]
[3.83891973],[0.91735597],[2.4628142]
[3.82154617],[0.91118604],[2.42508514]
[7.10039149],[2.01485088],[7.68948682]
[5.27286476],[1.61409392],[4.20113483]
[3.28514827],[1.17752264],[1.98227307]
[1.97633676],[0.75794771],[0.78021636]
[1.7408825],[0.40302277],[0.57610278]
[2.50431801],[0.77698648],[1.46983465]
[2.60810908],[0.90064531],[1.76054571]
[2.61293951],[0.947505],[1.87333502]
[2.96527881],[0.99345682],[2.15925187]
[3.1624713],[1.04317189],[2.45145655]
[3.26097448],[1.10812193],[2.72223676]
[3.33029439],[1.11237727],[2.86544106]
[3.34933506],[1.12541797],[2.96434113]
[3.55390262],[1.13241873],[3.03590719]
[3.5853612],[1.16710816],[3.13835512]
[3.76139688],[1.17591823],[3.24796788]
[3.83895769],[1.18151285],[3.34242953]
[3.93892045],[1.18439192],[3.41128446]
[3.94691127],[1.19138542],[3.42802593]
[4.00055674],[1.20146036],[3.49491735]
[4.02794368],[1.21679836],[3.53388966]
[4.05605611],[1.22929262],[3.59539745]
[4.10222898],[1.24165988],[3.64412894]
[4.10605774],[1.24961716],[3.70291947]
[4.14914214],[1.25905668],[3.74549293]
[4.14528642],[1.26715197],[3.78638968]
[4.19961601],[1.27518018],[3.82062111]
[4.21655832],[1.28221543],[3.85463107]
[4.25583588],[1.28943627],[3.88117993]
[4.26247836],[1.29153272],[3.90031768]
[4.30216393],[1.27748515],[3.91313706]
[4.32119755],[1.26081559],[3.9044011]
[4.39646856],[1.22948681],[3.91573325]
[4.39301552],[1.22388563],[3.87889897]
[4.44462337],[1.20648858],[3.85619092]
[4.4050595],[1.19497974],[3.78598252]
[4.4181996],[1.18421925],[3.7365017]
[4.37248077],[1.17370521],[3.66020096]
[4.33849909],[1.16367618],[3.60109849]
[4.3178057],[1.15444096],[3.55317492]
[4.29648077],[1.1448189],[3.50818017]
[4.28182188],[1.13251038],[3.45252588]
[4.25602506],[1.10560395],[3.37157971]
[4.19438053],[1.0758544],[3.27179009]
[4.17318541],[1.0451316],[3.18837584]
[4.14849393],[1.00850893],[3.10259665]
[4.12685939],[0.97980518],[3.02496902]
[4.10822567],[0.96206528],[2.95538152]
[4.08768305],[0.95373362],[2.88211557]
[4.0563576],[0.94679984],[2.80388366]
[4.02534563],[0.94112282],[2.73600801]
[3.99312463],[0.93714421],[2.67095378]
[3.94867024],[0.93142539],[2.5991419]
[3.92723445],[0.92458681],[2.55331606]
[3.90699094],[0.91830721],[2.51328252]
[7.21705374],[2.0592835],[8.08475115]
[5.38428521],[1.72549529],[4.40787382]
[3.27708418],[1.22030373],[1.99044568]
[1.89443925],[0.74411159],[0.75099774]
[1.83215833],[0.43854632],[0.61258453]
[2.51965322],[0.78977393],[1.50079021]
[2.62218069],[0.91133071],[1.78736636]
[2.63499227],[0.96418264],[1.91394691]
[3.03788984],[1.02197577],[2.28152277]
[3.20817179],[1.09901882],[2.59244762]
[3.29437208],[1.13519518],[2.87538606]
[3.40881768],[1.16303368],[3.05074794]
[3.50571413],[1.19282697],[3.19974874]
[3.72186568],[1.21785669],[3.32686063]
[3.79755025],[1.2478208],[3.44649165]
[3.90631593],[1.25432295],[3.54300197]
[3.97185519],[1.25964138],[3.62235944]
[4.04529359],[1.26273946],[3.71762972]
[4.1022508],[1.26634354],[3.74606417]
[4.12112022],[1.27550905],[3.80961584]
[4.21641724],[1.28906809],[3.87177438]
[4.24002091],[1.29905638],[3.92156587]
[4.30551345],[1.308148],[3.99397719]
[4.32681991],[1.31451939],[4.0503806]
[4.36295604],[1.3231036],[4.11270931]
[4.37066922],[1.33000695],[4.17082952]
[4.39883611],[1.33568802],[4.20672585]
[4.41850245],[1.3389044],[4.25324485]
[4.43916767],[1.34107233],[4.27427651]
[4.45310385],[1.34059075],[4.30390081]
[4.48267834],[1.33322639],[4.32174523]
[4.50059273],[1.32350091],[4.33062113]
[4.54930524],[1.30346534],[4.35382521]
[4.5587509],[1.2995269],[4.32317695]
[4.59167309],[1.28475491],[4.29266298]
[4.58667216],[1.26888629],[4.22107543]
[4.58870203],[1.25302235],[4.16876666]
[4.57786607],[1.23944525],[4.08826493]
[4.5609004],[1.22905548],[4.02455296]
[4.55571222],[1.21974316],[3.9761992]
[4.55127496],[1.20948122],[3.92826888]
[4.54928207],[1.19675515],[3.86324905]
[4.53312766],[1.17061163],[3.76440559]
[4.49794914],[1.14243056],[3.64857791]
[4.4633001],[1.11235913],[3.51954891]
[4.41196776],[1.07747829],[3.38332806]
[4.3587614],[1.04373751],[3.28087703]
[4.2525986],[1.00878158],[3.18058575]
[4.20401699],[0.9804733],[3.08901735]
[4.16596785],[0.96381359],[3.00093114]
[4.14625142],[0.95549655],[2.92310384]
[4.12332691],[0.9475622],[2.84431738]
[4.08691623],[0.93865971],[2.75754397]
[4.0430971],[0.92962943],[2.6719276]
[4.00488315],[0.92296215],[2.60365711]
[7.30758047],[2.09842554],[8.36833864]
[5.47091208],[1.77851976],[4.53657489]
[3.38682343],[1.25188709],[2.05119987]
[1.93000324],[0.75737465],[0.75647953]
[1.83798269],[0.42930013],[0.60551804]
[2.51618573],[0.79681732],[1.50605191]
[2.62716575],[0.91177979],[1.80108286]
[2.64415366],[0.97523524],[1.94053823]
[3.07123088],[1.06286906],[2.40044085]
[3.22963883],[1.18201691],[2.74007722]
[3.31394456],[1.22026059],[3.06712313]
[3.52987961],[1.24568857],[3.28911153]
[3.65492309],[1.27256062],[3.44910143]
[3.80419231],[1.29566902],[3.56674509]
[3.87864079],[1.32059199],[3.6868099]
[3.96053495],[1.32362603],[3.81417623]
[4.04066203],[1.32415427],[3.90709158]
[4.12917644],[1.32584581],[4.00804167]
[4.22708508],[1.32914242],[4.06425531]
[4.26124175],[1.33424469],[4.1353045]
[4.33766383],[1.34603721],[4.19937177]
[4.36403336],[1.35555959],[4.26452981]
[4.41274951],[1.3642216],[4.34166193]
[4.43681399],[1.37184599],[4.42330451]
[4.46243631],[1.37778558],[4.50323267]
[4.47610945],[1.38151756],[4.56164194]
[4.49575718],[1.3862752],[4.63320524]
[4.51734538],[1.3911328],[4.68017639]
[4.5380089],[1.39587971],[4.73917038]
[4.55946221],[1.39638657],[4.77031458]
[4.58659239],[1.39137427],[4.81710591]
[4.6268703],[1.38229681],[4.82286388]
[4.66178486],[1.37252348],[4.85673518]
[4.71969055],[1.36397163],[4.84726659]
[4.73748161],[1.35501452],[4.81119938]
[4.79533281],[1.34428704],[4.75956303]
[4.75170839],[1.33048178],[4.69392761]
[4.76623222],[1.31567341],[4.61936625]
[4.72106907],[1.30044873],[4.54132865]
[4.71381572],[1.28510572],[4.4795659]
[4.70797496],[1.27419925],[4.41792498]
[4.703663],[1.2610462],[4.34033933]
[4.68837782],[1.234887],[4.22251312]
[4.64994694],[1.20757334],[4.07981855]
[4.62919694],[1.17759559],[3.89919426]
[4.59987432],[1.144917],[3.73641986]
[4.56857267],[1.1132363],[3.60508231]
[4.5163243],[1.0806693],[3.47484143]
[4.42780124],[1.04512522],[3.35001205]
[4.2844201],[1.00833678],[3.2241668]
[4.23118206],[0.98158757],[3.12531708]
[4.20632644],[0.97006617],[3.04297389]
[4.18345243],[0.96010193],[2.95381158]
[4.15587993],[0.94915962],[2.86699046]
[4.12519449],[0.93844028],[2.78404246]
[7.38495337],[2.08743755],[8.1202443]
[5.50737703],[1.78581701],[4.35527299]
[3.42667883],[1.17207084],[1.94112428]
[1.92056725],[0.71315572],[0.69546399]
[1.89083009],[0.44594372],[0.62124806]
[2.51496099],[0.81293038],[1.5332075]
[2.63077236],[0.91866092],[1.81990656]
[2.71774379],[0.99920906],[2.00296586]
[3.10179195],[1.12526109],[2.53534845]
[3.25383134],[1.23774255],[2.87761334]
[3.35826691],[1.27543648],[3.21714875]
[3.64116886],[1.2995662],[3.4719493]
[3.77432688],[1.32511063],[3.63934289]
[3.87655255],[1.34598389],[3.77121415]
[3.94731157],[1.36673939],[3.89936885]
[4.01546277],[1.37085504],[4.01760866]
[4.1537714],[1.372594],[4.14007528]
[4.27699927],[1.37405293],[4.29376415]
[4.34620251],[1.37595871],[4.35013999]
[4.37829963],[1.37877269],[4.42786207]
[4.43112735],[1.39192683],[4.51311918]
[4.4619478],[1.40439482],[4.59059167]
[4.499074],[1.41694834],[4.68372631]
[4.53062436],[1.42662611],[4.77261914]
[4.55372112],[1.43427088],[4.87728677]
[4.57928749],[1.43846417],[4.94717946]
[4.59272774],[1.443682],[5.03929281]
[4.65337438],[1.44897824],[5.09855474]
[4.65416988],[1.45372119],[5.1628902]
[4.73170566],[1.45313829],[5.21413063]
[4.7229362],[1.4458974],[5.26792915]
[4.80335045],[1.43530646],[5.31085213]
[4.81749551],[1.423279],[5.35490927]
[4.89710563],[1.41374914],[5.37133205]
[4.88987156],[1.40381477],[5.31215426]
[5.04424091],[1.39314137],[5.25779923]
[4.92667873],[1.37981052],[5.13018748]
[4.99359117],[1.36514963],[5.02699537]
[4.90114048],[1.35031378],[4.92152334]
[4.8868785],[1.33514127],[4.85172116]
[4.87601991],[1.3239668],[4.7823713]
[4.87021207],[1.30923045],[4.69971968]
[4.85339075],[1.28414055],[4.57950569]
[4.81012517],[1.25622795],[4.43446076]
[4.76875648],[1.22618362],[4.24091557]
[4.72382431],[1.19196691],[4.00659952]
[4.68834529],[1.15961854],[3.85316029]
[4.65925522],[1.12825502],[3.72288874]
[4.60689043],[1.09375941],[3.58242198]
[4.52827232],[1.05833059],[3.43610506]
[4.41915133],[1.02216984],[3.30808452]
[4.28507019],[0.99024299],[3.18892584]
[4.23022838],[0.97809055],[3.08513222]
[4.21250651],[0.96755071],[3.00081741]
[4.19001617],[0.95792147],[2.91796184]
[7.66698535],[2.12106811],[8.42975697]
[5.64308611],[1.79610778],[4.48673496]
[3.57182466],[1.19005023],[2.04210394]
[2.05178537],[0.73392127],[0.73381625]
[1.981793],[0.4587956],[0.66755701]
[2.53905059],[0.82868325],[1.5668538]
[2.65010231],[0.93445109],[1.85502044]
[2.82212347],[1.02903222],[2.15037009]
[3.15437722],[1.19531292],[2.70342022]
[3.31972308],[1.30044542],[3.07008489]
[3.43033748],[1.33397993],[3.39384087]
[3.73198576],[1.35477498],[3.66022599]
[3.86611877],[1.37859096],[3.86387709]
[3.93966043],[1.40073249],[4.00680833]
[4.0208511],[1.42342298],[4.15659714]
[4.11182772],[1.43064504],[4.34312918]
[4.29468576],[1.43645847],[4.52078415]
[4.39913419],[1.44050844],[4.68159385]
[4.45836587],[1.44537573],[4.79172377]
[4.49652191],[1.45015214],[4.87363064]
[4.54141578],[1.46173088],[4.98527574]
[4.58360057],[1.47016992],[5.05529229]
[4.6132127],[1.4778343],[5.15774562]
[4.68753453],[1.48453774],[5.24492883]
[4.68139338],[1.49230455],[5.36390268]
[4.76430455],[1.49606549],[5.48561034]
[4.74380001],[1.50202036],[5.62315965]
[4.83926367],[1.50697101],[5.73245089]
[4.82478033],[1.51142018],[5.83460872]
[4.92221183],[1.51017543],[5.89709342]
[4.89829914],[1.50169636],[5.95281279]
[5.05858804],[1.49011212],[6.01905288]
[5.06329972],[1.47503711],[6.01655845]
[5.21692634],[1.46582591],[6.08208235]
[5.24938815],[1.45523232],[6.0376399]
[5.37371625],[1.44363059],[5.98671002]
[5.40871942],[1.43308195],[5.85794697]
[5.38830333],[1.42230008],[5.75388941]
[5.29131498],[1.40760961],[5.57518769]
[5.22318006],[1.39188135],[5.45057477]
[5.17787091],[1.37497847],[5.32933203]
[5.13631759],[1.35686434],[5.19746659]
[5.06202882],[1.33263369],[5.02162192]
[4.97482403],[1.30526694],[4.82897051]
[4.93195696],[1.27645168],[4.64072024]
[4.88728974],[1.24385415],[4.40589452]
[4.84708887],[1.21249996],[4.18579032]
[4.80597674],[1.18137078],[4.00089541]
[4.74780742],[1.14880804],[3.85153894]
[4.69138869],[1.11553868],[3.69592858]
[4.62329527],[1.08203806],[3.54912103]
[4.53318457],[1.04821309],[3.42141164]
[4.3994368],[1.0082699],[3.28137196]
[4.29671257],[0.98454139],[3.16751385]
[4.27322031],[0.97195165],[3.07828198]
[7.82765594],[2.16407204],[8.83072752]
[5.69599665],[1.83576888],[4.62553351]
[3.63353883],[1.22880654],[2.09765913]
[2.12062821],[0.73872601],[0.74860851]
[2.04164212],[0.47528043],[0.71919383]
[2.56355225],[0.84418683],[1.60359911]
[2.6819746],[0.94766209],[1.89847235]
[2.92909173],[1.07356667],[2.31311865]
[3.20517597],[1.25292605],[2.85476363]
[3.38670665],[1.35395458],[3.24999248]
[3.57851994],[1.39042402],[3.60310854]
[3.82274212],[1.40937202],[3.9062583]
[3.96010124],[1.43620191],[4.1651437]
[4.02514301],[1.4602007],[4.37303759]
[4.1702286],[1.48248943],[4.56441389]
[4.30839378],[1.49037138],[4.75659247]
[4.45292158],[1.49712616],[4.99292456]
[4.53562454],[1.501517],[5.16978853]
[4.5760524],[1.50683098],[5.30514932]
[4.62778462],[1.51172773],[5.38709153]
[4.64992083],[1.51982814],[5.54338946]
[4.75619971],[1.5282743],[5.62699806]
[4.7588005],[1.54219601],[5.78010681]
[4.86982679],[1.55604108],[5.88246503]
[4.84244849],[1.56935204],[6.05464349]
[4.97201345],[1.5805062],[6.17255527]
[4.91860554],[1.59286125],[6.35977987]
[5.11227412],[1.593016],[6.49709762]
[5.06415807],[1.59120483],[6.64024576]
[5.25904044],[1.58780362],[6.73814264]
[5.25979818],[1.58548687],[6.84142567]
[5.40216413],[1.5719071],[6.85940478]
[5.48987775],[1.5353349],[6.90885777]
[5.57136921],[1.52715382],[6.91440108]
[5.68901685],[1.51175211],[6.93224724]
[5.73238737],[1.49615728],[6.85927312]
[5.88324422],[1.48234383],[6.79495762]
[5.83287867],[1.46865451],[6.59372356]
[5.78615067],[1.45401259],[6.39978543]
[5.66886735],[1.43989121],[6.18657104]
[5.60560951],[1.42636942],[6.00146396]
[5.54771168],[1.40782247],[5.83899326]
[5.4654712],[1.38096502],[5.63943237]
[5.32230017],[1.35060773],[5.40352606]
[5.19282051],[1.3203113],[5.11004682]
[5.08606283],[1.28810896],[4.76483856]
[5.01128589],[1.25769772],[4.52936197]
[4.97189121],[1.22689142],[4.31790091]
[4.92401225],[1.19466479],[4.1144238]
[4.84032881],[1.16212909],[3.94139763]
[4.7726344],[1.12934805],[3.78777167]
[4.71443127],[1.09515171],[3.64292209]
[4.63219919],[1.05615382],[3.49393979]
[4.53085935],[1.01874111],[3.36072843]
[4.38912346],[0.98420823],[3.2264788]
[7.98629645],[2.19403009],[9.16049176]
[5.7693437],[1.86394089],[4.75515445]
[3.74540957],[1.24683374],[2.18746175]
[2.24695733],[0.74678078],[0.79107255]
[2.04989645],[0.4748591],[0.7299084]
[2.58191014],[0.85357577],[1.62850641]
[2.76323693],[0.96459547],[1.96496976]
[3.01986031],[1.14137934],[2.51512878]
[3.26232017],[1.30974965],[3.06134033]
[3.51344453],[1.41018187],[3.4662113]
[3.71779998],[1.45155431],[3.8361581]
[3.90791579],[1.47046014],[4.18681118]
[4.0663236],[1.49499958],[4.53980659]
[4.16177979],[1.51613536],[4.75361236]
[4.34805327],[1.53672723],[5.0298914]
[4.46796965],[1.54575988],[5.22883471]
[4.5690926],[1.55261422],[5.52295644]
[4.65559671],[1.57255513],[5.71006432]
[4.68880004],[1.59076612],[5.9163228]
[4.79822],[1.60343908],[6.01277114]
[4.79752709],[1.61973194],[6.20792852]
[4.93185851],[1.63367055],[6.30271842]
[4.91351671],[1.64910032],[6.48479164]
[5.14187509],[1.66114371],[6.62471543]
[5.08644398],[1.67432527],[6.80553006]
[5.29105068],[1.68684651],[6.9989907]
[5.28826884],[1.70214192],[7.2329106]
[5.44781435],[1.70216396],[7.39952205]
[5.49344091],[1.69572735],[7.61892334]
[5.60878326],[1.71686125],[7.70443655]
[5.69233394],[1.70755315],[7.87538628]
[5.76873558],[1.72673233],[7.85993072]
[5.91515105],[1.70641537],[7.99515501]
[5.97554884],[1.66260603],[7.98818995]
[6.08155592],[1.6233299],[7.99666499]
[6.17193335],[1.58183604],[7.93693476]
[6.24722983],[1.54424755],[7.83952689]
[6.35002438],[1.53010972],[7.67756561]
[6.28332176],[1.51571139],[7.45948403]
[6.23355274],[1.50022532],[7.23902899]
[6.12486367],[1.48426243],[7.00774313]
[6.04715391],[1.46256912],[6.7851332]
[5.93233291],[1.43479087],[6.51151556]
[5.72122586],[1.39972084],[6.17612379]
[5.57317687],[1.36834956],[5.79193195]
[5.42606148],[1.33506751],[5.4144219]
[5.30108874],[1.30483086],[5.01430936]
[5.21613634],[1.2751166],[4.72088356]
[5.14421904],[1.24283946],[4.47905694]
[5.02305642],[1.20956153],[4.23767175]
[4.94580992],[1.17746898],[4.05091732]
[4.85178549],[1.14458475],[3.89225363]
[4.79399783],[1.10676434],[3.73316229]
[4.73298374],[1.07012036],[3.5866873]
[4.65200946],[1.01509677],[3.44761069]
[8.08049698],[2.18705246],[9.00939806]
[5.79160097],[1.85199472],[4.61212949]
[3.84224461],[1.19294984],[2.157022]
[2.33610523],[0.71439823],[0.80377933]
[2.1018643],[0.51321451],[0.82468471]
[2.61457764],[0.87730589],[1.69029217]
[2.8928583],[0.99555924],[2.0956735]
[3.11547983],[1.21086739],[2.72502169]
[3.35605174],[1.36577992],[3.29232163]
[3.64970368],[1.46701442],[3.70047444]
[3.8312967],[1.50895175],[4.10132754]
[3.99302196],[1.52678475],[4.51736905]
[4.21987674],[1.54966534],[4.95614654]
[4.35076872],[1.57118697],[5.22501828]
[4.47898129],[1.59115017],[5.57956137]
[4.58017118],[1.59921934],[5.75552885]
[4.65263884],[1.64877326],[6.11491386]
[4.79589718],[1.66895146],[6.31993429]
[4.82046564],[1.68776787],[6.57468608]
[4.98393494],[1.70124683],[6.69523244]
[4.93846918],[1.71759075],[6.88398144]
[5.20295726],[1.73289919],[7.06392732]
[5.24121314],[1.74991694],[7.27119807]
[5.45050045],[1.76417779],[7.48859806]
[5.52344014],[1.78145375],[7.74889423]
[5.62461863],[1.79714484],[7.93338844]
[5.72086782],[1.81328309],[8.23339581]
[5.80927686],[1.82195503],[8.41020861]
[5.91652564],[1.82327929],[8.71712709]
[6.00686729],[1.83578386],[8.85103765]
[6.08032974],[1.8303948],[9.05482802]
[6.20591004],[1.847404],[9.11155647]
[6.28458572],[1.83382036],[9.20604671]
[6.40824402],[1.80731538],[9.2813194]
[6.45796984],[1.77954965],[9.23560591]
[6.61091829],[1.74402465],[9.24337645]
[6.65143978],[1.71205358],[9.12228105]
[6.76824577],[1.67404993],[9.00194814]
[6.77550716],[1.63022168],[8.74492056]
[6.75271027],[1.59213574],[8.50313207]
[6.6670762],[1.55360081],[8.19639125]
[6.60197411],[1.52044679],[7.92816304]
[6.51529476],[1.4889053],[7.6162025]
[6.3029208],[1.45448706],[7.23955378]
[6.04695692],[1.41916448],[6.76031144]
[5.78260012],[1.38371072],[6.20034407]
[5.64203056],[1.35342222],[5.69219886]
[5.52143787],[1.32216356],[5.25236293]
[5.4236813],[1.28981107],[4.91373979]
[5.30905919],[1.25756984],[4.62338955]
[5.18590922],[1.22530019],[4.37888587]
[5.04143159],[1.19231581],[4.15280177]
[4.93753668],[1.15553231],[3.97549908]
[4.86100794],[1.11964211],[3.82068158]
[4.81242363],[1.06099791],[3.65955466]
[8.21626444],[2.20871804],[9.40544323]
[5.89246509],[1.87818466],[4.81638665]
[4.06650596],[1.22862641],[2.31093139]
[2.52730705],[0.73830963],[0.90524665]
[2.1771975],[0.5505886],[0.94681353]
[2.66327784],[0.90749669],[1.76125202]
[3.00906134],[1.03579559],[2.25524856]
[3.26188308],[1.27893599],[2.97033776]
[3.46201488],[1.42574633],[3.53459179]
[3.77147575],[1.52071198],[3.95960085]
[3.93791337],[1.56338442],[4.41947448]
[4.1158363],[1.58071875],[4.86767823]
[4.37426912],[1.60346555],[5.45562787]
[4.49322811],[1.62243293],[5.803191]
[4.58797509],[1.64463282],[6.18392642]
[4.69093894],[1.69307849],[6.37281442]
[4.76369806],[1.74331283],[6.69044603]
[4.96943333],[1.76106647],[6.95993]
[4.9657463],[1.77974718],[7.2331756]
[5.21175483],[1.79322382],[7.45842072]
[5.23759018],[1.80953154],[7.69301179]
[5.44623697],[1.82500208],[7.93185371]
[5.5685365],[1.8420997],[8.22112134]
[5.71717453],[1.85734541],[8.43300854]
[5.89216479],[1.87695984],[8.79135327]
[5.99328337],[1.89491569],[9.01324302]
[6.07890314],[1.91523454],[9.3654258]
[6.22162166],[1.92595836],[9.64490414]
[6.27969449],[1.93806432],[9.96245344]
[6.44130414],[1.94734642],[10.23047531]
[6.48586789],[1.9512932],[10.42712697]
[6.66263627],[1.95521865],[10.61073547]
[6.71516356],[1.94693216],[10.68137586]
[6.81604506],[1.93042504],[10.79210604]
[6.87707613],[1.90549839],[10.7889546]
[6.9592326],[1.87814887],[10.7601352]
[7.05905681],[1.85459517],[10.66930778]
[7.11609641],[1.82734958],[10.50257194]
[7.24329387],[1.7965002],[10.3315816]
[7.20781375],[1.76477688],[10.01874141]
[7.18466572],[1.7278563],[9.7335264]
[7.0814018],[1.68834989],[9.37033354]
[7.00990839],[1.6422345],[8.9857031]
[6.8617953],[1.56415975],[8.56622035]
[6.65728309],[1.4766192],[8.07938517]
[6.40889691],[1.43877392],[7.41707774]
[6.15502455],[1.40795027],[6.7877795]
[5.90278834],[1.37705392],[6.16041222]
[5.74224812],[1.34421862],[5.54490899]
[5.62862825],[1.3110325],[5.12822519]
[5.45450056],[1.27996389],[4.82738472]
[5.32048091],[1.24828083],[4.56520146]
[5.15893845],[1.21168947],[4.2963386]
[5.03843748],[1.1737722],[4.09920028]
[4.94762549],[1.11808748],[3.92955575]
[8.25442626],[2.23567628],[9.76295727]
[5.91652889],[1.9284619],[5.06484997]
[4.13669341],[1.29014665],[2.4414563]
[2.5909228],[0.75014832],[0.96718804]
[2.2675102],[0.58728698],[1.0773959]
[2.85150024],[0.93255685],[1.86550868]
[3.11341865],[1.11343896],[2.4671767]
[3.39913686],[1.33252441],[3.19828241]
[3.62792251],[1.48120364],[3.78873569]
[3.87642325],[1.57108164],[4.21583445]
[4.08462917],[1.61367685],[4.76555893]
[4.26290637],[1.62979886],[5.24939064]
[4.50248637],[1.65789459],[5.96903935]
[4.61071546],[1.70163217],[6.37419361]
[4.68352026],[1.75352286],[6.72412511]
[4.83331039],[1.79781154],[6.96471325]
[4.88961283],[1.84417012],[7.29656268]
[5.19750463],[1.86031527],[7.66287649]
[5.25026734],[1.87782441],[8.02322724]
[5.4359292],[1.89090642],[8.31459584]
[5.53762982],[1.9090619],[8.64651965]
[5.68105223],[1.92585137],[8.8930543]
[5.90156272],[1.94395448],[9.32560393]
[6.06075145],[1.95910751],[9.61284916]
[6.18907199],[1.97970619],[10.00943897]
[6.36936219],[1.99916971],[10.34106331]
[6.42764395],[2.01698282],[10.67025707]
[6.6321249],[2.02756087],[11.05766158]
[6.76698507],[2.03981244],[11.37947569]
[6.89392177],[2.04918625],[11.70838193]
[7.00486268],[2.05722057],[11.94610502]
[7.04405658],[2.05774191],[12.10866341]
[7.20387692],[2.04774405],[12.28564973]
[7.24241593],[2.03428941],[12.3606161]
[7.37045715],[2.0150277],[12.48945626]
[7.40925086],[2.00141514],[12.46153539]
[7.48098476],[1.98061701],[12.47749191]
[7.54203648],[1.96127658],[12.30677451]
[7.65621008],[1.93727821],[12.14286545]
[7.70692654],[1.9130209],[11.87618716]
[7.69779862],[1.88617902],[11.56979984]
[7.6360362],[1.85854286],[11.18282059]
[7.56845605],[1.82754214],[10.75702128]
[7.44865466],[1.75773502],[10.26558024]
[7.21855772],[1.65260956],[9.6802366]
[6.98402607],[1.54458144],[8.92121133]
[6.76803875],[1.46289476],[8.15153264]
[6.53113729],[1.43007496],[7.41738071]
[6.28402968],[1.39601852],[6.57633986]
[6.05825461],[1.36184056],[5.79852672]
[5.77540352],[1.32904263],[5.3156595]
[5.57250929],[1.29647146],[4.96876475]
[5.42465436],[1.25952575],[4.67380865]
[5.30022655],[1.21652538],[4.4140704]
[5.14820164],[1.17105426],[4.18125727]
[8.58101897],[2.2806279],[10.19022574]
[5.97610766],[1.97141044],[5.3203446]
[4.24716551],[1.33793971],[2.5940656]
[2.68795881],[0.78022074],[1.05706503]
[2.31391731],[0.60908531],[1.16549895]
[3.00339924],[0.95295735],[1.96037938]
[3.22598994],[1.18237916],[2.66721355]
[3.52959786],[1.37450123],[3.3980461]
[3.75196878],[1.52609969],[4.02766259]
[3.97747165],[1.61357931],[4.4826172]
[4.21994229],[1.65210508],[5.08438653]
[4.41945702],[1.66803666],[5.63967903]
[4.60255761],[1.73882048],[6.43435697]
[4.72222265],[1.78374771],[6.83321479]
[4.78786747],[1.83430664],[7.21761108]
[4.97893659],[1.87784162],[7.52852774]
[5.0685042],[1.92306783],[7.88767738]
[5.35697742],[1.94307754],[8.36531196]
[5.50753269],[1.96254695],[8.84285368]
[5.64506072],[1.97731188],[9.21625868]
[5.84918604],[1.99437367],[9.65746407]
[5.99123437],[2.01008081],[9.97094675]
[6.15772219],[2.02979686],[10.4248673]
[6.38661622],[2.04632075],[10.80980442]
[6.49215401],[2.06559616],[11.17691733]
[6.730162],[2.08308787],[11.6400898]
[6.82359199],[2.09879848],[11.96395102]
[6.97789123],[2.10922199],[12.32748654]
[7.18074827],[2.12083112],[12.70024183]
[7.35663429],[2.12930985],[13.07109371]
[7.51335741],[2.13804278],[13.45144229]
[7.56058077],[2.13798081],[13.66225124]
[7.65285861],[2.12738915],[13.93395281]
[7.72384749],[2.12078695],[14.03137458]
[7.77332727],[2.10454464],[14.12578211]
[7.88052281],[2.09271985],[14.14503282]
[7.92415404],[2.07522908],[14.10082184]
[8.0913764],[2.05991554],[14.08927941]
[8.12242074],[2.04288026],[13.8803834]
[8.16490926],[2.0215943],[13.73305525]
[8.14386392],[1.99799439],[13.3999368]
[8.14163223],[1.97516487],[13.069078]
[8.02076668],[1.94987461],[12.55190203]
[7.95355169],[1.89697236],[12.09151501]
[7.75989893],[1.81776836],[11.53350883]
[7.56828676],[1.72008573],[10.79882852]
[7.36196868],[1.62726867],[9.9039051]
[7.14014559],[1.53645449],[8.9994625]
[6.89985519],[1.45267107],[8.12038987]
[6.65738438],[1.41706126],[7.0762996]
[6.40142763],[1.38232235],[6.15581086]
[5.86580124],[1.34860352],[5.52069741]
[5.66928486],[1.31005095],[5.12020293]
[5.52526761],[1.26476676],[4.81676571]
[5.42462351],[1.22942859],[4.55199003]
[8.8196776],[2.29782556],[10.26802324]
[5.9931193],[1.97189982],[5.3096066]
[4.31276121],[1.30562996],[2.62011324]
[2.74638244],[0.77354108],[1.09764354]
[2.39242065],[0.65221342],[1.31636815]
[3.18035642],[0.98443536],[2.09914995]
[3.33571416],[1.24607404],[2.879015]
[3.65634567],[1.42651277],[3.61828876]
[3.86642429],[1.57439966],[4.29716812]
[4.10045967],[1.65434186],[4.80777546]
[4.38491474],[1.68928717],[5.45130861]
[4.54417951],[1.70426474],[6.06725424]
[4.68060602],[1.80739171],[6.83815226]
[4.85777087],[1.85256864],[7.30409379]
[4.90662068],[1.90251083],[7.71550826]
[5.170329],[1.94440635],[8.12358062]
[5.28579521],[1.99004045],[8.55300617]
[5.51932259],[2.01179823],[9.05668285]
[5.75218393],[2.03188635],[9.65460702]
[5.9624279],[2.04733934],[10.16221461]
[6.19740434],[2.06802522],[10.72608663]
[6.39109283],[2.0866898],[11.13587719]
[6.51263425],[2.10643244],[11.54402161]
[6.72449907],[2.1227372],[12.08433956]
[6.86153215],[2.14090541],[12.46563823]
[7.01463707],[2.15663556],[12.89227662]
[7.20952103],[2.17063529],[13.32275687]
[7.38960264],[2.18085257],[13.72493845]
[7.60387059],[2.19213774],[14.21716383]
[7.71988415],[2.20020046],[14.58712132]
[7.81508978],[2.20897086],[14.97461077]
[7.94612273],[2.217559],[15.3124798]
[8.01490888],[2.22508925],[15.57960463]
[8.21237499],[2.22240086],[15.87188483]
[8.27104543],[2.241783],[15.94670268]
[8.37227257],[2.20458614],[16.05938474]
[8.42028523],[2.16440535],[16.00280069]
[8.46705835],[2.1414079],[15.97074253]
[8.5138605],[2.12690462],[15.78905799]
[8.5346061],[2.11089754],[15.55437538]
[8.60639963],[2.09126614],[15.30215461]
[8.52150058],[2.07061587],[14.91811611]
[8.48094889],[2.04667807],[14.46652778]
[8.4104065],[2.00233441],[13.9475439]
[8.2447734],[1.93666502],[13.39362924]
[8.00416419],[1.86648612],[12.71284543]
[7.80545211],[1.79222067],[11.8710321]
[7.62809659],[1.70656926],[10.91249651]
[7.43071886],[1.61256988],[9.83299707]
[7.1882179],[1.51670137],[8.751694]
[6.96658537],[1.43979691],[7.59214697]
[6.75090223],[1.40432531],[6.54135643]
[6.00616189],[1.36337264],[5.70957201]
[5.76948999],[1.32426078],[5.28944552]
[5.62553025],[1.2831491],[4.95136497]
[9.12776461],[2.34292713],[10.89053894]
[6.3371167],[2.00843844],[5.6509111]
[4.42072643],[1.35505938],[2.81289445]
[2.87396736],[0.81727412],[1.21888374]
[2.48160666],[0.69726031],[1.48378473]
[3.37736406],[1.04616691],[2.28482164]
[3.4498192],[1.30909291],[3.12350607]
[3.76959941],[1.47971627],[3.88038183]
[4.01400942],[1.62086569],[4.61448963]
[4.22586479],[1.69101265],[5.14986597]
[4.52087531],[1.72365403],[5.86543733]
[4.6943801],[1.7666118],[6.55115697]
[4.79190519],[1.87305611],[7.26931443]
[5.02872585],[1.91721572],[7.81169923]
[5.09366717],[1.96679585],[8.27858669]
[5.33751201],[2.01001909],[8.76266834]
[5.48921609],[2.05283833],[9.26647567]
[5.70142003],[2.07278378],[9.76442323]
[6.02425984],[2.09320529],[10.55334939]
[6.33031881],[2.11017209],[11.17191391]
[6.56777988],[2.12944899],[11.75757191]
[6.7678086],[2.14669324],[12.32977601]
[6.90200927],[2.16525277],[12.73362908]
[7.05531568],[2.18065675],[13.22386886]
[7.26374255],[2.19848799],[13.72869629]
[7.44076354],[2.21458086],[14.20481228]
[7.63334963],[2.22898777],[14.74241871]
[7.74460204],[2.24144978],[15.1456547]
[7.88458434],[2.25723437],[15.62145341]
[8.13541058],[2.28807874],[16.15829825]
[8.26909508],[2.32765428],[16.58435389]
[8.43900596],[2.35971096],[17.12079986]
[8.50832437],[2.40066592],[17.43611276]
[8.57059418],[2.42547595],[17.75893579]
[8.61259124],[2.4433984],[17.91095375]
[8.654183],[2.41098594],[17.98895303]
[8.80075438],[2.38057071],[18.04535012]
[8.87576951],[2.34540306],[17.9362859]
[9.03953774],[2.30220136],[17.93483876]
[9.08311408],[2.25545366],[17.67440275]
[9.14682359],[2.21320273],[17.48933505]
[9.10282416],[2.17004414],[17.06866482]
[9.01991806],[2.12691334],[16.61190951]
[8.88891168],[2.09253903],[16.00053842]
[8.76249008],[2.03977818],[15.38465899]
[8.62834333],[1.97798704],[14.7137081]
[8.31516047],[1.9183917],[13.91990705]
[8.07332254],[1.85092616],[12.97051237]
[7.87621877],[1.77593363],[11.95938959]
[7.69027311],[1.68720654],[10.71626825]
[7.49255845],[1.59052141],[9.56315382]
[7.25008704],[1.49847876],[8.22380055]
[6.80019843],[1.43184984],[6.93125576]
[6.08648453],[1.39506137],[6.02488124]
[5.83893406],[1.3554132],[5.53524512]
[9.6525989],[2.38283421],[11.63519968]
[6.37899009],[2.0564792],[5.96100354]
[4.48461501],[1.44038533],[3.01705925]
[2.94614605],[0.87360212],[1.32376593]
[2.52636085],[0.75009876],[1.67108992]
[3.48488826],[1.11341422],[2.48488001]
[3.60257348],[1.36461361],[3.35303243]
[3.88978829],[1.52958995],[4.17013263]
[4.15922277],[1.66375563],[4.93618174]
[4.41244502],[1.72489987],[5.50622784]
[4.63422422],[1.76182738],[6.31434309]
[4.85805843],[1.84973886],[7.04715743]
[4.92333667],[1.94572458],[7.76635126]
[5.20761083],[1.98774026],[8.420916]
[5.29374842],[2.0371828],[8.95536062]
[5.49535999],[2.07758853],[9.44310799]
[5.70774444],[2.11463426],[10.00915334]
[5.99923447],[2.13404884],[10.7035918]
[6.32077088],[2.15501547],[11.48507294]
[6.70581239],[2.17137135],[12.29862668]
[6.91180262],[2.18987787],[12.91787015]
[7.10757082],[2.20619036],[13.51190124]
[7.30594607],[2.22385985],[14.06116759]
[7.47557864],[2.23907605],[14.55489807]
[7.66278246],[2.26192327],[15.16731849]
[7.78668504],[2.28618538],[15.64054195]
[7.91226908],[2.31238103],[16.14752092]
[8.17259545],[2.34176489],[16.7050558]
[8.32772816],[2.38167221],[17.21000802]
[8.5545204],[2.43386898],[17.88526545]
[8.65212349],[2.4938587],[18.35094982]
[8.72198243],[2.54226121],[18.84720162]
[8.83764257],[2.57002719],[19.27192359]
[8.91571313],[2.5967183],[19.57812737]
[9.13802791],[2.61560807],[19.94650391]
[9.20325082],[2.58745386],[20.0520302]
[9.29623914],[2.55229563],[20.22182294]
[9.3370569],[2.52008672],[20.15625344]
[9.3670166],[2.48658046],[20.10495764]
[9.39041553],[2.45360571],[19.91824395]
[9.39094399],[2.42073736],[19.65255018]
[9.56338454],[2.38516264],[19.36144967]
[9.38464738],[2.34569773],[18.82305962]
[9.3408292],[2.29969905],[18.27398879]
[9.19725],[2.25447911],[17.65186889]
[9.07590703],[2.20222252],[16.96305168]
[8.91216778],[2.1217277],[16.17630228]
[8.66745855],[2.00437599],[15.21921394]
[8.39941475],[1.91558189],[14.09333074]
[8.13433639],[1.85142049],[12.90646768]
[7.94574506],[1.77611025],[11.66395725]
[7.76629952],[1.69678832],[10.29990034]
[7.54138341],[1.59662583],[8.72017157]
[6.8309817],[1.49256763],[7.30540728]
[6.16568703],[1.42553769],[6.36181389]
[10.28961488],[2.45316886],[12.57355163]
[6.99634504],[2.1036736],[6.33535014]
[4.61615799],[1.511464],[3.24785978]
[3.13973041],[0.92435457],[1.45186947]
[2.53572124],[0.77141109],[1.80016524]
[3.4914534],[1.17147032],[2.65676269]
[3.75794589],[1.41496769],[3.57064608]
[4.00502881],[1.57248697],[4.43401328]
[4.29013948],[1.69692482],[5.23635639]
[4.56797166],[1.75395846],[5.86283874]
[4.76170815],[1.80905038],[6.76338616]
[5.02095062],[1.91451768],[7.505674]
[5.10658202],[2.00507847],[8.23565325]
[5.34418996],[2.04744477],[8.96658119]
[5.46760637],[2.09490621],[9.59607548]
[5.65168854],[2.13296073],[10.08622189]
[6.01449002],[2.16952254],[10.85022615]
[6.32602589],[2.18903551],[11.60529401]
[6.63562952],[2.20826751],[12.43338963]
[6.95547403],[2.23527041],[13.28699835]
[7.27837913],[2.25083123],[14.08093723]
[7.50725608],[2.2842791],[14.75961244]
[7.68301802],[2.30714098],[15.40508569]
[7.8077269],[2.33332008],[15.90998763]
[7.9328771],[2.36001119],[16.47757418]
[8.21313793],[2.38197215],[17.11107567]
[8.34500238],[2.43052679],[17.63892553]
[8.56730076],[2.48033953],[18.32922495]
[8.68172677],[2.53891555],[18.89835083]
[8.7921547],[2.59155668],[19.49945999]
[9.00232164],[2.65489148],[20.14198588]
[9.22368575],[2.70798035],[20.7253364]
[9.36670893],[2.75189865],[21.33685128]
[9.43041292],[2.77934751],[21.71046621]
[9.48864345],[2.79876666],[22.09822568]
[9.53744973],[2.79944886],[22.27758073]
[9.54992592],[2.76882658],[22.37902438]
[9.68284864],[2.7288685],[22.4262004]
[9.77517823],[2.69277326],[22.35748911]
[9.94629861],[2.65389439],[22.36734709]
[10.00147238],[2.61496776],[22.10141227]
[10.05015456],[2.5750067],[21.86021182]
[10.03792045],[2.53305944],[21.36075602]
[9.94410209],[2.49433301],[20.86297685]
[9.83581185],[2.46028748],[20.11718024]
[9.7011521],[2.42552953],[19.39316933]
[9.42792711],[2.37107795],[18.5523195]
[9.07543253],[2.28174045],[17.55288537]
[8.89212922],[2.12817711],[16.44544073]
[8.63224788],[1.96493585],[15.22028528]
[8.4684384],[1.90539054],[13.94193771]
[8.25285678],[1.84341701],[12.55742985]
[8.02342376],[1.76940236],[10.86809683]
[7.62660994],[1.68819287],[9.10476077]
[6.86651601],[1.58190099],[7.6334772]
[10.88521923],[2.49357353],[13.17531361]
[8.03401217],[2.10363819],[6.53535753]
[4.66387637],[1.48254521],[3.28570806]
[3.19853655],[0.92655212],[1.50448902]
[2.5532013],[0.8217559],[1.96576843]
[3.48249907],[1.23881468],[2.8638211]
[3.93497479],[1.46948115],[3.87542029]
[4.11799802],[1.619044],[4.72470065]
[4.4637624],[1.73010985],[5.57786502]
[4.72563158],[1.79721243],[6.28944722]
[4.88379845],[1.87029227],[7.22282264]
[5.20803091],[1.97916945],[8.01540081]
[5.33468571],[2.06564021],[8.82719072]
[5.51459013],[2.10407544],[9.58439383]
[5.71920142],[2.14890978],[10.25970178]
[5.97369744],[2.18592441],[10.9211668]
[6.29000766],[2.22072422],[11.71514924]
[6.68686198],[2.27095072],[12.64657402]
[6.95096276],[2.28944415],[13.46848201]
[7.24108778],[2.32463315],[14.32450948]
[7.64916996],[2.34021438],[15.32810402]
[7.84578643],[2.37169879],[16.09011208]
[7.97032406],[2.39635844],[16.7385488]
[8.24657279],[2.42042046],[17.36345288]
[8.37328516],[2.46781721],[17.91567699]
[8.59793236],[2.51798659],[18.67179213]
[8.70270472],[2.5738884],[19.27640006]
[8.81983883],[2.62717764],[19.86149066]
[9.04969751],[2.69875354],[20.5931582]
[9.31165735],[2.75688515],[21.3092988]
[9.4680131],[2.82158767],[22.08837255]
[9.594579],[2.87807817],[22.69919645]
[9.64454867],[2.93022543],[23.28982532]
[9.69706002],[2.96640194],[23.7381998]
[9.82887997],[2.99589933],[24.17023043]
[10.06644364],[3.01734926],[24.64615024]
[10.13308895],[2.99745384],[24.79068776]
[10.20871096],[2.95381251],[24.95167727]
[10.2561123],[2.91308168],[24.87730424]
[10.27526049],[2.86855487],[24.80560253]
[10.3264504],[2.83209953],[24.51052088]
[10.36529649],[2.78316495],[24.18314822]
[10.49635503],[2.73908123],[23.79059607]
[10.37483408],[2.69643913],[23.21011004]
[10.2591375],[2.6526887],[22.58061071]
[10.0795224],[2.60940352],[21.82676421]
[9.96761423],[2.56283501],[21.01022721]
[9.77357525],[2.49082365],[20.10079829]
[9.46152818],[2.38625819],[18.87773509]
[9.10639393],[2.23062685],[17.41299436]
[8.83572171],[2.00564158],[16.08377636]
[8.68155483],[1.9464377],[14.79457692]
[8.55917341],[1.88867426],[13.18484073]
[8.35633674],[1.82751297],[11.35364414]
[7.70011981],[1.75172281],[9.43695091]
[11.61964266],[2.53744955],[14.71133321]
[8.78151006],[2.14529219],[7.51296865]
[4.8943805],[1.54985096],[3.54119748]
[3.34350344],[0.97751844],[1.65803718]
[2.5807813],[0.86315227],[2.15496832]
[3.50242004],[1.30927257],[3.09044484]
[4.1068164],[1.52183698],[4.19599952]
[4.23546892],[1.6636797],[5.04917746]
[4.6369167],[1.75901748],[5.96215619]
[4.89411295],[1.84027553],[6.78388761]
[5.01344527],[1.95353591],[7.71579516]
[5.4143193],[2.04901852],[8.60478184]
[5.57293459],[2.11994424],[9.4895507]
[5.68950482],[2.15547882],[10.1993418]
[6.03021891],[2.19840226],[11.03797427]
[6.31436591],[2.23519471],[11.81460756]
[6.57292444],[2.28874028],[12.63912445]
[6.9662721],[2.36073773],[13.65753003]
[7.26616851],[2.37977331],[14.56518196]
[7.6229559],[2.41155869],[15.54892649]
[7.89477989],[2.43041583],[16.55223802]
[8.26591614],[2.45964435],[17.47588095]
[8.41570775],[2.52315659],[18.20877428]
[8.61938754],[2.56156711],[18.94560645]
[8.71816178],[2.62200621],[19.54920659]
[8.84912505],[2.66667571],[20.19977123]
[9.10426103],[2.7220934],[20.93859474]
[9.33993789],[2.77788373],[21.67250332]
[9.49286279],[2.85082888],[22.54714238]
[9.64530189],[2.91278033],[23.27183749]
[9.74307039],[2.98166214],[24.01127791]
[10.05155592],[3.04526928],[24.81237307]
[10.19113581],[3.1132036],[25.4782376]
[10.31069514],[3.15729015],[26.15911102]
[10.38229256],[3.20285636],[26.59986998]
[10.42028778],[3.22471099],[27.03068622]
[10.47724343],[3.21666171],[27.24432327]
[10.52706821],[3.18436933],[27.35977829]
[10.6385836],[3.15144099],[27.4640442]
[10.74438517],[3.11615288],[27.37522694]
[10.88752281],[3.07332068],[27.40733406]
[10.96889854],[3.02039459],[27.05574909]
[10.98903267],[2.96775059],[26.68920884]
[11.12317124],[2.91852362],[26.11047459]
[11.03002743],[2.87004699],[25.39886785]
[10.90404841],[2.81836679],[24.38527345]
[10.73945822],[2.77154264],[23.53219709]
[10.31716634],[2.7081174],[22.46666197]
[9.96371596],[2.62921075],[21.42124618]
[9.75818434],[2.5139067],[20.13321223]
[9.46111448],[2.35930157],[18.66137919]
[9.19782235],[2.09836607],[16.97303167]
[8.91487665],[1.97461099],[15.38280396]
[8.77721434],[1.91897256],[13.73005825]
[8.50121595],[1.85839643],[11.70117867]
[12.24216686],[2.58058456],[16.84096017]
[9.46133104],[2.18878794],[8.63908631]
[5.02525189],[1.63306564],[3.80222639]
[3.36393846],[1.04966739],[1.79541847]
[2.60602894],[0.92306367],[2.32784295]
[3.52398028],[1.37064182],[3.29040036]
[4.25997838],[1.56700383],[4.50654054]
[4.46140558],[1.70155291],[5.38854715]
[4.8076303],[1.80423302],[6.40294584]
[5.07349324],[1.88047555],[7.31525835]
[5.30401262],[2.04019366],[8.30930782]
[5.62276268],[2.11456251],[9.2468747]
[5.80880517],[2.17651498],[10.15669916]
[5.98624196],[2.21282393],[10.93115066]
[6.32388165],[2.24854599],[11.92421302]
[6.66020624],[2.32296857],[12.82878409]
[6.92487397],[2.37949014],[13.73914635]
[7.23137826],[2.45532898],[14.71500224]
[7.6398275],[2.50155432],[15.83226938]
[7.90385224],[2.54893965],[16.84114707]
[8.15305935],[2.59336968],[17.85715894]
[8.60028443],[2.63232936],[18.98901868]
[8.74108963],[2.68146802],[19.81292603]
[8.88451124],[2.71846618],[20.5566142]
[9.13683432],[2.77295742],[21.3243357]
[9.36664646],[2.82312455],[22.00970141]
[9.51747847],[2.87349434],[22.95805177]
[9.69280372],[2.93083653],[23.63766567]
[9.79700802],[3.00179383],[24.51706377]
[10.16557371],[3.06395468],[25.34998052]
[10.32362166],[3.13608101],[26.2277438]
[10.52139801],[3.21195129],[27.12236196]
[10.62963946],[3.28985376],[27.78837434]
[10.7132998],[3.325628],[28.37784367]
[10.83059797],[3.36111448],[28.90719636]
[10.89144487],[3.38514585],[29.38505499]
[11.01181139],[3.37700382],[29.91166838]
[11.10393875],[3.34496605],[30.18302565]
[11.14384696],[3.30952314],[30.34488612]
[11.25359706],[3.28116777],[30.36840068]
[11.34193868],[3.25786061],[30.50272671]
[11.50968833],[3.22517424],[30.56358167]
[11.65768665],[3.19159171],[30.31675688]
[11.74173063],[3.15832467],[29.93646514]
[11.91215822],[3.12015714],[29.26097155]
[11.84515961],[3.06519727],[28.15513937]
[11.70875261],[3.01288253],[26.99746127]
[11.3494946],[2.9519657],[25.71543352]
[10.7945048],[2.87634883],[24.43454997]
[10.3466886],[2.75026046],[22.61055777]
[9.91193693],[2.60628322],[21.08801211]
[9.69486827],[2.41031029],[19.67126541]
[9.48070645],[2.13982558],[17.94875546]
[9.31805237],[2.01454799],[16.0901349]
[8.99779851],[1.95974145],[14.35578598]
[12.94060111],[2.66097617],[20.43417719]
[10.2017127],[2.22212989],[10.02929678]
[5.74634288],[1.70672058],[4.17045636]
[3.429355],[1.11906104],[1.98457149]
[2.61969735],[0.95543087],[2.46858462]
[3.53154691],[1.42047868],[3.45565348]
[4.28684497],[1.6013436],[4.7679358]
[4.66669709],[1.72779348],[5.70791842]
[4.95674825],[1.83783607],[6.82901068]
[5.28073714],[1.95530004],[7.82791819]
[5.57015246],[2.09486559],[8.86663476]
[5.82604615],[2.16670883],[9.83679569]
[6.0661201],[2.22953919],[10.81459354]
[6.29071219],[2.27620886],[11.75960551]
[6.60364326],[2.34588288],[12.8029853]
[6.94286861],[2.42157239],[13.85023585]
[7.20649852],[2.5222871],[14.82722601]
[7.56580893],[2.62379412],[15.92175892]
[7.89779446],[2.67507283],[17.16413355]
[8.20775045],[2.70789417],[18.23377165]
[8.55465118],[2.75640712],[19.40176313]
[8.81480229],[2.78751308],[20.50936167]
[9.1325086],[2.83762776],[21.64380385]
[9.38621893],[2.88208676],[22.4072243]
[9.55279773],[2.93630082],[23.39883015]
[9.72378915],[2.98634478],[24.03905044]
[9.8239719],[3.03349192],[24.89262316]
[10.21333234],[3.08569116],[25.75235905]
[10.36392255],[3.15719566],[26.70035802]
[10.55314396],[3.23751774],[27.71659512]
[10.665922],[3.3331193],[28.63925892]
[10.84451037],[3.41282469],[29.41959349]
[11.09465181],[3.48373979],[30.30938594]
[11.2959476],[3.52020092],[31.03282562]
[11.37396477],[3.5426189],[31.65735736]
[11.46168438],[3.56754795],[32.13722159]
[11.49922106],[3.56241786],[32.53939397]
[11.6071682],[3.53826849],[33.1465568]
[11.70326952],[3.49862725],[33.59911532]
[11.82319616],[3.45277729],[33.77919169]
[12.01218052],[3.41862805],[33.90611375]
[12.13749895],[3.38315475],[34.07167901]
[12.28680384],[3.34337051],[34.13486069]
[12.42489257],[3.30944473],[33.96594312]
[12.50968458],[3.27741758],[33.64518433]
[12.69066241],[3.24411773],[33.06197384]
[12.6714129],[3.21246138],[31.97088282]
[12.52803554],[3.17983482],[30.5948889]
[12.02277865],[3.13125305],[28.89818801]
[11.43731299],[3.03647632],[26.80593959]
[10.83728572],[2.90770135],[24.49686195]
[10.39692744],[2.72111815],[22.57718119]
[9.92804081],[2.47769068],[20.60916989]
[9.67221996],[2.20875267],[18.84160216]
[9.56278323],[2.04510029],[16.85421268]
