meltWidth,meltDepth,meltArea
[1.57990978],[0.34821116],[0.31733934]
[1.85589767],[0.46117436],[0.60536666]
[2.0478261],[0.48219056],[0.69211225]
[1.99943107],[0.51529258],[0.7334587]
[2.23259509],[0.50642759],[0.80839032]
[2.14553809],[0.52484238],[0.81329816]
[2.31394113],[0.53762387],[0.87175579]
[2.22689282],[0.5629807],[0.87331422]
[2.35165217],[0.57935767],[0.91573577]
[2.31581684],[0.59764693],[0.90565497]
[2.37739148],[0.59994551],[0.90351362]
[2.34864507],[0.60076855],[0.8823134]
[2.43449867],[0.59119059],[0.87982485]
[2.3940771],[0.58210402],[0.8601017]
[2.49558041],[0.57264752],[0.87440941]
[2.44961458],[0.57958055],[0.87143149]
[2.55638461],[0.57476778],[0.89273975]
[2.49489112],[0.58237778],[0.8892687]
[2.59344069],[0.57844658],[0.90827177]
[2.54300447],[0.58541309],[0.90235312]
[2.63539902],[0.58035752],[0.92155044]
[2.57104623],[0.58714024],[0.91497821]
[2.65185423],[0.58295269],[0.93384362]
[2.59559774],[0.58701779],[0.92442329]
[2.67088599],[0.58093661],[0.94045166]
[2.61312925],[0.58493611],[0.93030475]
[2.68503218],[0.57929398],[0.94637447]
[2.6479048],[0.5831876],[0.93902659]
[2.69565162],[0.57295896],[0.94884896]
[2.73355399],[0.58103571],[0.95979893]
[2.70506712],[0.57227442],[0.96006797]
[2.75465869],[0.57026362],[0.96007638]
[2.71547683],[0.56774218],[0.95134757]
[2.71510529],[0.56446302],[0.94497126]
[2.70650844],[0.5602978],[0.93561058]
[2.69449143],[0.55342221],[0.92474207]
[2.69087977],[0.5472728],[0.91488362]
[2.68668046],[0.54346405],[0.90838753]
[2.68371235],[0.53943424],[0.90170984]
[2.68935197],[0.53540702],[0.89854018]
[2.70703191],[0.529382],[0.90706333]
[2.72012939],[0.52009751],[0.90733489]
[2.71022761],[0.51081111],[0.89866001]
[2.72783903],[0.50230537],[0.89417782]
[2.74635681],[0.49336286],[0.8908437]
[2.76939378],[0.48486951],[0.8896039]
[2.80542167],[0.4764911],[0.88831089]
[2.83593626],[0.46832123],[0.88525305]
[2.86135644],[0.46287139],[0.87997655]
[2.87247225],[0.45797035],[0.8714174]
[2.9123187],[0.44669474],[0.86117927]
[2.91823771],[0.42964201],[0.83931289]
[2.32301066],[0.41157891],[0.68869588]
[0.],[0.],[0.]
[0.],[0.],[0.]
[1.57257589],[0.32613914],[0.35641623]
[1.92462897],[0.52824037],[0.66862157]
[2.1997329],[0.54347775],[0.84049121]
[2.11508996],[0.63990712],[1.02137658]
[2.34441702],[0.9075553],[1.47198611]
[2.24679634],[0.97239568],[1.70953907]
[2.42668078],[0.98930644],[1.92009814]
[2.33696982],[0.9909585],[1.91050017]
[2.44863019],[0.98560267],[1.93659978]
[2.35708041],[0.97234739],[1.86668777]
[2.46603991],[0.9569108],[1.77487938]
[2.38832473],[0.94045757],[1.65773131]
[2.52991463],[0.91385332],[1.59807385]
[2.46346993],[0.84338144],[1.51770793]
[2.57702158],[0.82268322],[1.53420442]
[2.52166413],[0.8062507],[1.4930137]
[2.65019955],[0.81614254],[1.53689082]
[2.57188761],[0.8096649],[1.50455485]
[2.69673128],[0.81504594],[1.54384827]
[2.61859587],[0.81438191],[1.50656689]
[2.76320631],[0.81740237],[1.55262547]
[2.66067775],[0.81767855],[1.51429755]
[2.79002425],[0.82104545],[1.57150642]
[2.68337431],[0.82065374],[1.53406551]
[2.8188594],[0.81934252],[1.58910594]
[2.69546955],[0.8204196],[1.54971775]
[2.83494875],[0.81626832],[1.59533256]
[2.72936445],[0.81948059],[1.55327428]
[2.84103608],[0.81317141],[1.58950404]
[2.84434918],[0.81513495],[1.58341472]
[2.82366048],[0.8119464],[1.58799428]
[2.86214321],[0.81132716],[1.58081833]
[2.82913734],[0.80869895],[1.5620887]
[2.83394622],[0.80512468],[1.5470349]
[2.82420971],[0.79833073],[1.52152616]
[2.81008275],[0.79387382],[1.49808261]
[2.80382065],[0.78947235],[1.47488573]
[2.79444803],[0.78528901],[1.45509694]
[2.78500761],[0.78117723],[1.4366341]
[2.78231248],[0.77705238],[1.41764006]
[2.79408426],[0.77172287],[1.40244864]
[2.82978028],[0.76540646],[1.40131172]
[2.85716891],[0.76172277],[1.40214497]
[2.8990842],[0.75391699],[1.40337102]
[2.92228685],[0.74440579],[1.40704151]
[2.95206379],[0.73423937],[1.416072]
[2.97772497],[0.7238889],[1.41509574]
[2.97562308],[0.71308761],[1.40999649]
[2.97042198],[0.70201714],[1.39570284]
[2.95833491],[0.68956694],[1.37512372]
[2.95514769],[0.67818789],[1.36464375]
[2.93178123],[0.66343039],[1.3544432]
[2.21740242],[0.65318309],[1.13471588]
[0.],[0.],[0.]
[0.],[0.],[0.]
[1.77238876],[0.35438883],[0.44537464]
[2.05587458],[0.48994318],[0.72636422]
[2.30882054],[0.62191054],[0.99171052]
[2.28106438],[0.759979],[1.2064324]
[2.46029844],[0.84945548],[1.45698371]
[2.42025147],[0.92035689],[1.62670811]
[2.55951876],[0.94871425],[1.71471291]
[2.46840711],[0.94537388],[1.66795528]
[2.60716348],[0.90277196],[1.68753993]
[2.50463943],[0.87915533],[1.62017543]
[2.69502758],[0.88465175],[1.66799909]
[2.5822623],[0.89014685],[1.62563514]
[2.82157886],[0.89461936],[1.69957772]
[2.69393892],[0.89558931],[1.64769956]
[2.93385023],[0.89662351],[1.72925159]
[2.76950408],[0.89609082],[1.66009113]
[2.99855199],[0.89600785],[1.77325595]
[2.87626733],[0.89573349],[1.69233093]
[3.04148532],[0.89555507],[1.8096818]
[2.97520155],[0.89624311],[1.73507084]
[3.11659924],[0.89341029],[1.86472443]
[3.05436264],[0.8957943],[1.77745898]
[3.17227258],[0.89418076],[1.90164158]
[3.0828447],[0.89801618],[1.7970621]
[3.1900883],[0.89088706],[1.93979486]
[3.0988832],[0.89614467],[1.81256824]
[3.20793541],[0.88831383],[1.96753097]
[3.15980577],[0.89343975],[1.83867173]
[3.21957118],[0.88650002],[1.9844793]
[3.29873401],[0.88900959],[1.97817554]
[3.25270287],[0.88665277],[1.98194051]
[3.31858411],[0.88654781],[2.00941698]
[3.26862081],[0.88600459],[1.98136512]
[3.26699378],[0.88403155],[1.98250505]
[3.26988914],[0.87748111],[1.97080803]
[3.26524192],[0.87157259],[1.94867988]
[3.27089158],[0.8655256],[1.93698994]
[3.26184719],[0.85970182],[1.91145243]
[3.25015418],[0.85426271],[1.88370108]
[3.24254249],[0.84861872],[1.85221054]
[3.2217214],[0.84371454],[1.81574559]
[3.20879059],[0.83909542],[1.78470967]
[3.19581867],[0.83318163],[1.75377235]
[3.19621349],[0.8282735],[1.73906683]
[3.21717045],[0.82417204],[1.73390163]
[3.2338967],[0.81704957],[1.73271189]
[3.27150372],[0.81130447],[1.73371675]
[3.27513155],[0.80638663],[1.72241821]
[3.28146406],[0.8009432],[1.70947995]
[3.27822936],[0.79772071],[1.69063416]
[3.27343375],[0.79478164],[1.66890113]
[3.18677835],[0.78739742],[1.63107807]
[2.40518148],[0.77642263],[1.31254224]
[0.],[0.],[0.]
[0.],[0.],[0.]
[1.81646522],[0.42252697],[0.56309605]
[2.23588995],[0.60144594],[0.93719313]
[2.48926592],[0.74649151],[1.24325113]
[2.46379368],[0.84717135],[1.42597824]
[2.67054728],[0.92598964],[1.69293237]
[2.60741419],[0.95682012],[1.82495417]
[2.80324524],[0.97661452],[1.94216508]
[2.65047028],[0.9601543],[1.84559877]
[2.86231449],[0.9356004],[1.89837448]
[2.73301954],[0.93567708],[1.82953152]
[3.00631345],[0.9375958],[1.94920936]
[2.98272705],[0.94022514],[1.90310911]
[3.20294468],[0.94456614],[2.0509684]
[3.19115156],[0.94295118],[2.01278116]
[3.3858271],[0.94397214],[2.16400499]
[3.31571993],[0.94213887],[2.08892942]
[3.47975625],[0.94237303],[2.24670471]
[3.40620977],[0.93985526],[2.14219903]
[3.54374773],[0.94172705],[2.30098058]
[3.48285117],[0.93941204],[2.18435123]
[3.60299497],[0.93837523],[2.35543286]
[3.5345073],[0.93899754],[2.23994687]
[3.63875485],[0.93749496],[2.39463555]
[3.56062977],[0.93766128],[2.27778971]
[3.64891044],[0.93486209],[2.42983098]
[3.57161045],[0.93496472],[2.31095999]
[3.65675789],[0.93235411],[2.45643538]
[3.60498832],[0.93181991],[2.3594532]
[3.66782196],[0.930069],[2.47616319]
[3.6909218],[0.92936122],[2.49075632]
[3.68639702],[0.92913646],[2.49657846]
[3.70087021],[0.92904495],[2.51560989]
[3.68883355],[0.92865652],[2.49452147]
[3.67512451],[0.92713267],[2.48289975]
[3.67035772],[0.92199621],[2.46431491]
[3.66476599],[0.91758665],[2.43764882]
[3.65906714],[0.9133117],[2.40506185]
[3.65257485],[0.90907916],[2.37160657]
[3.64190762],[0.90525361],[2.33726449]
[3.6322624],[0.90124741],[2.30328876]
[3.61859032],[0.89595397],[2.26466926]
[3.60579038],[0.89055594],[2.23040899]
[3.59292837],[0.88526011],[2.19519038]
[3.58609664],[0.87900201],[2.16354589]
[3.58643849],[0.86949851],[2.14046207]
[3.58903882],[0.86592823],[2.13196126]
[3.593566],[0.86358597],[2.12254379]
[3.59074161],[0.85685199],[2.10374893]
[3.59614869],[0.84989077],[2.09097312]
[3.59429293],[0.84412379],[2.06550598]
[3.5969376],[0.8383002],[2.03877513]
[3.45522517],[0.83115831],[1.98236374]
[2.69606492],[0.82431849],[1.55812783]
[0.27909142],[0.16467255],[0.02063592]
[0.],[0.],[0.]
[1.85152646],[0.49555807],[0.67677893]
[2.34537442],[0.70350551],[1.11883329]
[2.62934573],[0.82322969],[1.44039971]
[2.57091063],[0.90581122],[1.60581161]
[2.82871221],[0.9607999],[1.89398056]
[2.69682981],[1.01069714],[2.01520205]
[2.96425579],[1.04465281],[2.24727911]
[2.74488213],[1.04244516],[2.14472144]
[2.98404401],[1.00252815],[2.14183434]
[2.9941553],[0.98377494],[2.08326537]
[3.17263532],[0.98733484],[2.20871229]
[3.22248727],[0.98724926],[2.18816361]
[3.45881749],[0.99111962],[2.37322606]
[3.40639162],[0.9889967],[2.30464642]
[3.60363374],[0.98629436],[2.49348859]
[3.5169557],[0.98584178],[2.37644395]
[3.68785988],[0.98177444],[2.57354553]
[3.59125158],[0.98030055],[2.4272817]
[3.73798434],[0.97863062],[2.61966093]
[3.64716534],[0.97702496],[2.48481675]
[3.78915944],[0.97450337],[2.67060639]
[3.69197013],[0.97331205],[2.53249081]
[3.80956805],[0.97309787],[2.69250691]
[3.72062756],[0.97132337],[2.57385841]
[3.82168418],[0.96933279],[2.72169891]
[3.73634815],[0.96890574],[2.60686973]
[3.83040936],[0.96708754],[2.74661595]
[3.77160224],[0.96625718],[2.65981075]
[3.8427265],[0.96526099],[2.76501372]
[3.84364124],[0.96507997],[2.77586907]
[3.84856046],[0.96515615],[2.77478067]
[3.84773321],[0.96523324],[2.78853476]
[3.84937493],[0.9651588],[2.77196916]
[3.83940869],[0.96366251],[2.76553308]
[3.83812876],[0.95932573],[2.75454426]
[3.83496714],[0.95487418],[2.72917828]
[3.83567497],[0.9504251],[2.70515584]
[3.83523555],[0.94593713],[2.67809899]
[3.82964459],[0.94197622],[2.65219446]
[3.82173385],[0.93783948],[2.62252645]
[3.81287559],[0.93377008],[2.58723927]
[3.80010702],[0.92870184],[2.54929742]
[3.79184081],[0.92451473],[2.51766725]
[3.7845864],[0.92043758],[2.48668243]
[3.77895339],[0.91598966],[2.46081028]
[3.77093844],[0.91031698],[2.43262575]
[3.76732219],[0.9008074],[2.40437161]
[3.76088741],[0.89237216],[2.36891143]
[3.75711368],[0.88728115],[2.34170784]
[3.7559349],[0.8841324],[2.32199971]
[3.76144962],[0.8823516],[2.30306992]
[3.57082987],[0.87999311],[2.23862119]
[2.81353919],[0.87405525],[1.73629745]
[0.65239218],[0.32766907],[0.10208726]
[0.],[0.],[0.]
[1.92277925],[0.6066029],[0.86043493]
[2.47953694],[0.78835072],[1.31339009]
[2.82238415],[0.87212012],[1.69102941]
[2.66893081],[0.9442729],[1.79497773]
[2.95779743],[1.00077886],[2.13683522]
[2.77674849],[1.10650246],[2.28584798]
[3.04851947],[1.1540684],[2.68791254]
[2.96519621],[1.15153114],[2.60034736]
[3.11347369],[1.12579674],[2.6048086]
[3.26023593],[1.0895681],[2.54793225]
[3.47324611],[1.0492263],[2.63626398]
[3.44133881],[1.02288115],[2.52944288]
[3.66081686],[1.03449944],[2.70676959]
[3.61164306],[1.02564915],[2.61187324]
[3.76414839],[1.0310434],[2.81794048]
[3.68749326],[1.02229687],[2.69817631]
[3.82101305],[1.02874978],[2.87450444]
[3.73643185],[1.01839149],[2.75228987]
[3.85923559],[1.02670095],[2.91688372]
[3.78235834],[1.01636469],[2.80614883]
[3.89931698],[1.02384941],[2.95357714]
[3.81572384],[1.01371691],[2.84752688]
[3.91234545],[1.02405656],[2.97703482]
[3.84068321],[1.01550481],[2.89824894]
[3.92784358],[1.02153232],[3.01145641]
[3.85396276],[1.02198664],[2.93550332]
[3.93598635],[1.02263331],[3.03187949]
[3.88524451],[1.02240294],[2.99133878]
[3.95038555],[1.0253977],[3.04676373]
[3.9345155],[1.02481809],[3.08135998]
[3.94866601],[1.03660211],[3.05661271]
[3.94065694],[1.03163375],[3.10047002]
[3.94965057],[1.03325098],[3.05540349]
[3.93986945],[1.03230166],[3.04393759]
[3.93812324],[1.02822046],[3.02695034]
[3.9347173],[1.01408369],[2.99460282]
[3.93534391],[0.99612724],[2.95802618]
[3.93582505],[0.98662051],[2.91958215]
[3.93065225],[0.97804657],[2.88494603]
[3.92253246],[0.97002864],[2.85163382]
[3.91800366],[0.96473837],[2.82300222]
[3.91199653],[0.95976096],[2.79795613]
[3.90589294],[0.95530157],[2.77196959]
[3.90438031],[0.95084016],[2.75071528]
[3.90232398],[0.94606402],[2.72809666]
[3.89513824],[0.94242723],[2.70223715]
[3.88869278],[0.93881805],[2.67331853]
[3.88044338],[0.9314622],[2.62945173]
[3.87239174],[0.92139595],[2.58884152]
[3.86832319],[0.91378485],[2.54557943]
[3.86801864],[0.90861206],[2.50690421]
[3.64720042],[0.90617865],[2.4191838]
[2.89083186],[0.90453306],[1.87762783]
[0.99078006],[0.50296319],[0.25177059]
[0.],[0.],[0.]
[1.94604819],[0.68168386],[1.01615287]
[2.57661984],[0.84646978],[1.52205327]
[2.92681443],[0.92225567],[1.96679159]
[2.74805872],[0.99129796],[1.97123716]
[3.02899465],[1.03587921],[2.31963891]
[2.8423596],[1.16247455],[2.47435009]
[3.19950146],[1.21285867],[2.99159792]
[3.2748882],[1.21681941],[3.02160597]
[3.48361821],[1.20078558],[3.15291488]
[3.47698408],[1.18406128],[3.00660617]
[3.69841805],[1.17082689],[3.13142356]
[3.61915922],[1.16043319],[2.97609668]
[3.82700267],[1.14230613],[3.15154529]
[3.74876626],[1.1274825],[3.04142464]
[3.9072852],[1.12978208],[3.17550421]
[3.8157252],[1.1269374],[3.09302396]
[3.95605482],[1.12477799],[3.24033556]
[3.87216076],[1.12539388],[3.15026109]
[4.01839183],[1.12402814],[3.29183647]
[3.96867258],[1.12125805],[3.22074642]
[4.0854201],[1.12005096],[3.33066343]
[4.01766189],[1.12115392],[3.28817373]
[4.09789579],[1.11618473],[3.34636855]
[4.04164717],[1.11661334],[3.32096423]
[4.11457415],[1.11887693],[3.35959365]
[4.05774611],[1.12198754],[3.34169884]
[4.11984053],[1.12170276],[3.37699819]
[4.07951927],[1.12223358],[3.37733357]
[4.139208],[1.12359852],[3.40012187]
[4.12184478],[1.12380046],[3.46695732]
[4.16181494],[1.1325916],[3.43981961]
[4.13709222],[1.13000331],[3.50328811]
[4.16702745],[1.13196438],[3.4651488]
[4.14345542],[1.12869953],[3.44117762]
[4.13448003],[1.1248774],[3.41032651]
[4.13116835],[1.11327429],[3.36749227]
[4.12787142],[1.09346775],[3.32383682]
[4.13236488],[1.07528657],[3.27199158]
[4.1253281],[1.05652051],[3.21860757]
[4.10501795],[1.03678309],[3.16659824]
[4.08733674],[1.01925316],[3.10628501]
[4.07103112],[1.00877058],[3.05486701]
[4.05266572],[1.00022351],[3.00493555]
[4.03370725],[0.99209136],[2.96603063]
[4.02475692],[0.98270106],[2.92856267]
[4.00836803],[0.97468306],[2.89486717]
[3.99126436],[0.96909089],[2.86639283]
[3.98830232],[0.96221969],[2.82834215]
[3.98440606],[0.95397694],[2.79388674]
[3.98228561],[0.94447253],[2.75633346]
[3.97683837],[0.93609187],[2.70723563]
[3.72933474],[0.92738452],[2.59206944]
[2.96926518],[0.91883858],[2.00551381]
[1.16668162],[0.60654008],[0.38550057]
[0.],[0.],[0.]
[1.95592035],[0.71396249],[1.07757493]
[2.65166219],[0.86843009],[1.65477243]
[2.94932457],[0.97016854],[2.07218079]
[2.80082542],[1.02694169],[2.06050908]
[3.02583348],[1.05941929],[2.37736839]
[2.94175973],[1.21586588],[2.62975817]
[3.33537391],[1.26730188],[3.21038284]
[3.43288813],[1.27588256],[3.27336265]
[3.60836846],[1.27374944],[3.37019038]
[3.60542078],[1.26370677],[3.29461924]
[3.79456332],[1.25221545],[3.33657487]
[3.71354701],[1.24273022],[3.29607302]
[3.90171983],[1.22619125],[3.33500966]
[3.85024599],[1.21017207],[3.32537901]
[4.04071466],[1.20457904],[3.38815148]
[4.0040414],[1.2028715],[3.39230578]
[4.1466357],[1.20264188],[3.47056022]
[4.11892796],[1.2042631],[3.47391202]
[4.22713327],[1.20461845],[3.53207175]
[4.21441264],[1.20431709],[3.54382729]
[4.28515416],[1.20635136],[3.5828971]
[4.2503393],[1.2101692],[3.58004207]
[4.29443045],[1.2091204],[3.62830306]
[4.26439198],[1.20951915],[3.59887977]
[4.31081479],[1.2148244],[3.64606923]
[4.27733387],[1.21946643],[3.6222113]
[4.31527644],[1.22022076],[3.68069846]
[4.29639944],[1.22045594],[3.66323056]
[4.33161499],[1.22091385],[3.71130782]
[4.34929799],[1.21846714],[3.75434511]
[4.37034422],[1.22737892],[3.76726685]
[4.36810918],[1.21933799],[3.7888264]
[4.38627629],[1.21863118],[3.77856385]
[4.37001956],[1.21240303],[3.74637207]
[4.3478984],[1.20727294],[3.7260416]
[4.34698507],[1.19798366],[3.6933377]
[4.34716081],[1.18305841],[3.65793666]
[4.35084925],[1.16801357],[3.61383277]
[4.35183123],[1.14940818],[3.56422882]
[4.33915962],[1.1289653],[3.5098991]
[4.33155574],[1.10583452],[3.45372497]
[4.33050251],[1.08592001],[3.40414846]
[4.32432627],[1.06629138],[3.35158165]
[4.31954425],[1.04333324],[3.30284063]
[4.31595107],[1.02188651],[3.25677668]
[4.30636926],[1.00623108],[3.20948472]
[4.29045365],[0.99836533],[3.15861668]
[4.27593751],[0.98692636],[3.09551948]
[4.25988089],[0.97124173],[3.03570271]
[4.24330752],[0.95918245],[2.96312648]
[4.23111846],[0.95228763],[2.89910559]
[3.93325067],[0.94294359],[2.74893402]
[3.15502563],[0.93439442],[2.11141583]
[1.28062695],[0.73447898],[0.5136398]
[0.15043541],[0.12780964],[0.00930789]
[1.94284258],[0.76473293],[1.1347933]
[2.66864585],[0.89224278],[1.71932241]
[2.95506835],[0.9890298],[2.11350214]
[2.79343341],[1.03807205],[2.09483094]
[3.02316732],[1.07942831],[2.40796479]
[3.00664524],[1.25982061],[2.71010689]
[3.41046078],[1.30690141],[3.25396127]
[3.47520121],[1.31025906],[3.31975675]
[3.65001353],[1.30258516],[3.35068493]
[3.66131338],[1.28655442],[3.36769646]
[3.83166208],[1.26906087],[3.33298058]
[3.76496447],[1.25354251],[3.36571141]
[3.95690582],[1.24962885],[3.4208215]
[3.94687098],[1.26155795],[3.50925731]
[4.09906808],[1.27042134],[3.59352385]
[4.09286518],[1.27207712],[3.60213326]
[4.20653253],[1.27516814],[3.69483146]
[4.20842034],[1.27873919],[3.67910692]
[4.30601169],[1.2797443],[3.77948846]
[4.33709814],[1.27950472],[3.7602751]
[4.39633571],[1.28091882],[3.84452927]
[4.39031857],[1.28363472],[3.80697831]
[4.42523795],[1.28216737],[3.88715242]
[4.42256216],[1.28088696],[3.84001189]
[4.46319431],[1.28304145],[3.91898578]
[4.45485727],[1.28464841],[3.87287515]
[4.48277849],[1.28138028],[3.94856149]
[4.48587351],[1.27874288],[3.9194818]
[4.51088876],[1.27624929],[3.97990513]
[4.53713774],[1.27352977],[3.99915983]
[4.53480001],[1.27788333],[4.01592178]
[4.56263118],[1.27252609],[4.03889412]
[4.54645058],[1.27014393],[4.01802026]
[4.56470217],[1.26305674],[3.99050008]
[4.54016569],[1.25649476],[3.95935959]
[4.53784063],[1.24592923],[3.92091392]
[4.53650231],[1.22843148],[3.88270715]
[4.53884147],[1.21287714],[3.84055026]
[4.5404725],[1.1981558],[3.7936243]
[4.52802006],[1.18329001],[3.74183813]
[4.51168626],[1.16641215],[3.68803356]
[4.50636861],[1.15105389],[3.64001795]
[4.50006964],[1.13613459],[3.59584437]
[4.49379877],[1.11831348],[3.55452861]
[4.48807795],[1.10137918],[3.50758336]
[4.48372034],[1.08437989],[3.45950153]
[4.47241442],[1.06474639],[3.40781486]
[4.4640562],[1.03781748],[3.34703548]
[4.45857206],[1.00809818],[3.28742591]
[4.4463876],[0.99154],[3.20870381]
[4.43511897],[0.9788131],[3.13531744]
[4.14238153],[0.96673187],[2.96117693]
[3.36997989],[0.95864829],[2.27456353]
[1.47776687],[0.80369077],[0.65371053]
[0.15747447],[0.14640723],[0.01118556]
[1.95678931],[0.7900454],[1.19156915]
[2.70151326],[0.90897438],[1.77317849]
[2.96369466],[1.00715078],[2.16192964]
[2.82594845],[1.05294643],[2.15486241]
[3.02988946],[1.09503907],[2.56217823]
[3.08518151],[1.29282925],[2.82444899]
[3.47304227],[1.33680728],[3.37620418]
[3.57579467],[1.33861224],[3.50362109]
[3.73641404],[1.33557794],[3.53361347]
[3.72652996],[1.32152722],[3.52249376]
[3.87007515],[1.30452619],[3.48067158]
[3.85074949],[1.28930391],[3.53052838]
[4.00437586],[1.28987502],[3.5694599]
[4.02461435],[1.30034166],[3.66043801]
[4.14671104],[1.30521905],[3.75308814]
[4.18281395],[1.30521256],[3.76714765]
[4.29472949],[1.30632498],[3.86637489]
[4.33476595],[1.3086478],[3.86549073]
[4.40550581],[1.31016948],[3.96137754]
[4.43764649],[1.31032856],[3.94523027]
[4.4743379],[1.31186827],[4.0230203]
[4.47635752],[1.31456769],[3.98976968]
[4.49552959],[1.3129487],[4.06082206]
[4.49982681],[1.31180137],[4.02722881]
[4.52681586],[1.31394563],[4.09656616]
[4.52416378],[1.31518521],[4.0619395]
[4.54415668],[1.31214898],[4.12921469]
[4.5483078],[1.30980907],[4.10635328]
[4.56608185],[1.30782208],[4.15895576]
[4.58762939],[1.30526356],[4.17080572]
[4.57656311],[1.30927794],[4.18290476]
[4.60590817],[1.30457672],[4.20033544]
[4.58495268],[1.30123356],[4.17589136]
[4.607313],[1.29467692],[4.14983215]
[4.58290255],[1.2875273],[4.11487869]
[4.57995552],[1.27827874],[4.07069559]
[4.58124869],[1.26312284],[4.03232954]
[4.58342294],[1.2489421],[3.9891845]
[4.59036988],[1.23336156],[3.94568333]
[4.58515904],[1.21697742],[3.89450721]
[4.5796401],[1.1994541],[3.84413237]
[4.57515018],[1.18390058],[3.79252305]
[4.55799775],[1.1687706],[3.73437162]
[4.54517888],[1.15099006],[3.68386165]
[4.5420716],[1.13423615],[3.63819978]
[4.53987442],[1.11705982],[3.59200835]
[4.52988156],[1.09823287],[3.54262493]
[4.52305475],[1.07589025],[3.48397553]
[4.51874433],[1.05430074],[3.41592348]
[4.50741584],[1.02330528],[3.3403133]
[4.49436048],[0.99806594],[3.25270859]
[4.20865018],[0.9834362],[3.06619343]
[3.44737812],[0.97279075],[2.36292778]
[1.69516366],[0.83009498],[0.79026186]
[0.18988814],[0.17902421],[0.01658103]
[1.9840231],[0.79652853],[1.23343051]
[2.73460494],[0.9169092],[1.8190726]
[2.9721426],[1.01927382],[2.19973858]
[2.86233891],[1.06065086],[2.19879466]
[3.03739334],[1.12521577],[2.59764921]
[3.20449661],[1.30797005],[2.88722632]
[3.58640747],[1.35131056],[3.44490179]
[3.65835479],[1.35493439],[3.56028611]
[3.80253458],[1.34604304],[3.59866167]
[3.77413102],[1.3298084],[3.5995918]
[3.92970433],[1.31160282],[3.50588606]
[3.92796572],[1.30471738],[3.61953168]
[4.06102028],[1.31345804],[3.71253876]
[4.11723057],[1.32049381],[3.79542605]
[4.26933718],[1.32398846],[3.90380129]
[4.31260761],[1.32422723],[3.91727401]
[4.38830852],[1.32579685],[4.01225495]
[4.4257638],[1.3284155],[4.01131562]
[4.4766705],[1.33041737],[4.0996443]
[4.50593518],[1.33131602],[4.08610339]
[4.53094228],[1.33338154],[4.1521111]
[4.5346496],[1.33707331],[4.12947501]
[4.54703086],[1.33604694],[4.19055181]
[4.55334369],[1.33437441],[4.16821171]
[4.5739018],[1.33690931],[4.22626943]
[4.57311841],[1.33776139],[4.19961751]
[4.59016081],[1.33469031],[4.26135555]
[4.59336408],[1.33278093],[4.24208766]
[4.60865324],[1.33116553],[4.29097361]
[4.62967587],[1.32847865],[4.30529032]
[4.61584477],[1.33033736],[4.32561715]
[4.6443298],[1.32779093],[4.33639682]
[4.62035287],[1.32356833],[4.32361708]
[4.64303486],[1.31744338],[4.28778044]
[4.61598864],[1.31038775],[4.24346615]
[4.61386182],[1.30106448],[4.19426809]
[4.61697442],[1.28616946],[4.14796112]
[4.61956747],[1.27221204],[4.10070787]
[4.6306758],[1.25785891],[4.06168672]
[4.62979343],[1.24306906],[4.01337494]
[4.63098777],[1.22419987],[3.96453119]
[4.63310006],[1.20719984],[3.91385313]
[4.62424183],[1.19176961],[3.85765529]
[4.6141075],[1.17407501],[3.80135302]
[4.60066043],[1.15744893],[3.74079199]
[4.58823923],[1.14011591],[3.68232551]
[4.57768017],[1.12159886],[3.63226116]
[4.56878409],[1.09921977],[3.57327254]
[4.56325479],[1.0789253],[3.50586842]
[4.55167795],[1.05161486],[3.42855486]
[4.53718898],[1.0196969],[3.33603665]
[4.25523765],[0.99346665],[3.14377789]
[3.49656658],[0.98058159],[2.42330359]
[1.95728153],[0.84978589],[0.92121623]
[0.20392114],[0.1841621],[0.02053783]
[2.01754187],[0.79211935],[1.24815072]
[2.769361],[0.9131477],[1.83442271]
[2.98510446],[1.00502209],[2.20960421]
[2.89602822],[1.04528801],[2.21101391]
[3.05103315],[1.13954702],[2.60911446]
[3.33301621],[1.30541248],[2.93102041]
[3.68329151],[1.34677562],[3.49293405]
[3.71949011],[1.35035505],[3.58014415]
[3.84470891],[1.34003902],[3.60598244]
[3.8498921],[1.32400572],[3.63359303]
[3.98777746],[1.30548383],[3.60736913]
[4.00226442],[1.31377059],[3.7205393]
[4.16342455],[1.3213454],[3.83670369]
[4.25851935],[1.32790609],[3.92698318]
[4.36866409],[1.33145175],[4.02815945]
[4.40236621],[1.3319852],[4.03336316]
[4.4620028],[1.33445329],[4.12585886]
[4.49099823],[1.33779114],[4.11956412]
[4.5356122],[1.34052123],[4.20625414]
[4.55604187],[1.34186188],[4.19138462]
[4.57513776],[1.34576406],[4.25688854]
[4.57883799],[1.34992024],[4.24180295]
[4.58802994],[1.35033786],[4.29936201]
[4.5943811],[1.34986866],[4.28295898]
[4.6094957],[1.35238696],[4.34055473]
[4.61134086],[1.35410057],[4.32276536]
[4.62436384],[1.35177208],[4.38335427]
[4.62809723],[1.35032534],[4.37505238]
[4.6395307],[1.34857084],[4.42614409]
[4.66263359],[1.34562652],[4.44537831]
[4.64455339],[1.34567925],[4.46120056]
[4.68191981],[1.34326067],[4.47089475]
[4.64891921],[1.3382983],[4.4551349]
[4.67305459],[1.33124676],[4.4161832]
[4.64764492],[1.323379],[4.36966995]
[4.64498642],[1.31431962],[4.31936208]
[4.6445109],[1.29925505],[4.26359716]
[4.65040242],[1.28490074],[4.21480677]
[4.66180925],[1.27031039],[4.15492782]
[4.66447691],[1.2549421],[4.09787737]
[4.66791443],[1.23718384],[4.04960666]
[4.67251505],[1.21954651],[3.99833769]
[4.66907815],[1.20290031],[3.94333501]
[4.66410018],[1.18432455],[3.8853286]
[4.65866583],[1.16760069],[3.82657146]
[4.65032889],[1.15031449],[3.76631985]
[4.63307762],[1.13233363],[3.70352889]
[4.61439439],[1.11015277],[3.63322359]
[4.60931345],[1.08999914],[3.56812299]
[4.59750889],[1.06382206],[3.49400173]
[4.58283519],[1.03307484],[3.39602562]
[4.30128817],[1.00457872],[3.20418697]
[3.54334472],[0.97927601],[2.47615589]
[2.16572732],[0.95033898],[1.08356055]
[0.16972615],[0.15376366],[0.01443891]
[2.01438314],[0.79544274],[1.25505566]
[2.75917844],[0.92038286],[1.84934588]
[3.00009484],[1.01273067],[2.25389857]
[2.8760539],[1.05191447],[2.23667922]
[3.06691838],[1.16773902],[2.69094125]
[3.38750973],[1.31391544],[3.00650501]
[3.75067613],[1.35800623],[3.564454]
[3.72403041],[1.36154907],[3.63753705]
[3.91388111],[1.35081841],[3.67295442]
[3.90932168],[1.33050374],[3.68135578]
[4.0820722],[1.32531728],[3.77508592]
[4.15431087],[1.33381521],[3.87093696]
[4.30129217],[1.34177892],[4.02353714]
[4.36628954],[1.34793943],[4.09244966]
[4.45057017],[1.35231413],[4.18695363]
[4.47671723],[1.35350413],[4.19051149]
[4.52513457],[1.35603655],[4.2732765]
[4.54609402],[1.35929837],[4.27039297]
[4.5848411],[1.36201557],[4.34665241]
[4.59644023],[1.36413943],[4.33896582]
[4.61905191],[1.36929976],[4.42075872]
[4.61780862],[1.37272993],[4.40599818]
[4.62917971],[1.37343067],[4.47612444]
[4.63592368],[1.37315607],[4.45214784]
[4.644919],[1.37447402],[4.51197642]
[4.6628564],[1.37606982],[4.49520101]
[4.65259316],[1.37361967],[4.54877575]
[4.70596586],[1.37201797],[4.55645305]
[4.66471689],[1.36988477],[4.59321781]
[4.79795271],[1.36676835],[4.64674619]
[4.71367212],[1.36633068],[4.63108271]
[4.86360685],[1.36352539],[4.67355456]
[4.73742117],[1.35904229],[4.6254736]
[4.81343471],[1.35190434],[4.59997461]
[4.69376011],[1.34390765],[4.53111668]
[4.689893],[1.33530506],[4.47723798]
[4.68425321],[1.32174649],[4.42402937]
[4.69160334],[1.30782191],[4.38145356]
[4.70801425],[1.29344524],[4.32181217]
[4.71047565],[1.278541],[4.2549872]
[4.71021452],[1.26142382],[4.18760652]
[4.71822834],[1.24592669],[4.13211023]
[4.71774788],[1.22972316],[4.07996921]
[4.7183736],[1.20934244],[4.02436523]
[4.71852004],[1.19242014],[3.96961224]
[4.71689619],[1.17556452],[3.91429514]
[4.70743848],[1.15749732],[3.8544305]
[4.69593271],[1.13561801],[3.78630248]
[4.68785925],[1.11599363],[3.71487895]
[4.66982789],[1.09230319],[3.63393247]
[4.64823677],[1.06295544],[3.53789411]
[4.37503874],[1.0359353],[3.34298967]
[3.62070502],[1.00918135],[2.61161053]
[2.2267689],[1.01215279],[1.21689471]
[0.21400481],[0.18860583],[0.02238527]
[2.04764019],[0.80200773],[1.29189053]
[2.78276823],[0.93333602],[1.88293467]
[3.01320328],[1.02500144],[2.31219979]
[2.90628223],[1.07020873],[2.35614405]
[3.18050521],[1.20782586],[2.82081514]
[3.46764215],[1.3354007],[3.1495876]
[3.79933663],[1.37854374],[3.69457915]
[3.79796173],[1.37849835],[3.77216742]
[3.97387414],[1.36360961],[3.81057776]
[4.04081155],[1.34426492],[3.85999148]
[4.22202293],[1.34981523],[4.01289891]
[4.28050061],[1.36578631],[4.09466387]
[4.38744724],[1.36796472],[4.23140766]
[4.43615468],[1.37236687],[4.27753575]
[4.50864336],[1.3749138],[4.37339173]
[4.52749379],[1.3762099],[4.38343957]
[4.57084334],[1.37876672],[4.470806]
[4.5852988],[1.38212199],[4.47429666]
[4.62218645],[1.384935],[4.54551403]
[4.64554158],[1.38777298],[4.55040306]
[4.65051313],[1.39251007],[4.62138805]
[4.7182371],[1.39490457],[4.63285316]
[4.65890825],[1.39589297],[4.67688687]
[4.77271318],[1.39596808],[4.69853818]
[4.67068133],[1.39668071],[4.71928247]
[4.8430116],[1.39814104],[4.76388839]
[4.69521495],[1.3958801],[4.75702974]
[4.89346772],[1.3942801],[4.82846654]
[4.79032084],[1.39209062],[4.81061472]
[4.96315881],[1.38901688],[4.90114737]
[4.91790748],[1.38796154],[4.88318784]
[5.00541041],[1.38482362],[4.91614029]
[4.92936093],[1.38039485],[4.87380352]
[4.978662],[1.37275709],[4.83656102]
[4.8971478],[1.3649994],[4.75630024]
[4.87483535],[1.3562924],[4.69583368]
[4.83908303],[1.34395968],[4.62339964]
[4.81580072],[1.33058478],[4.56405544]
[4.81128224],[1.31661205],[4.5016461]
[4.78445917],[1.30234482],[4.42853845]
[4.77078983],[1.28640812],[4.35528949]
[4.77818441],[1.27205745],[4.28894818]
[4.77189468],[1.25850557],[4.2234888]
[4.76207155],[1.24095811],[4.15887553]
[4.75841923],[1.22415468],[4.10972313]
[4.75596251],[1.20767193],[4.06031544]
[4.74457754],[1.19116597],[4.00897253]
[4.73827629],[1.17086712],[3.95036404]
[4.73825064],[1.15175618],[3.88766157]
[4.72989837],[1.13077588],[3.81419359]
[4.72005725],[1.10220804],[3.72888997]
[4.44798715],[1.07606701],[3.53417769]
[3.69144552],[1.05027753],[2.78552692]
[2.22131522],[1.05828487],[1.28480598]
[0.24972178],[0.209623],[0.02569176]
[2.07919597],[0.80042737],[1.31212892]
[2.80936794],[0.9311204],[1.89526013]
[3.02008019],[1.01666778],[2.33249024]
[2.94471248],[1.07882485],[2.43143865]
[3.3030536],[1.22520912],[2.91139918]
[3.53355791],[1.33537682],[3.2432251]
[3.83630702],[1.37364775],[3.73448719]
[3.87316157],[1.3745847],[3.82707065]
[4.1134023],[1.35884921],[3.93254574]
[4.19062038],[1.3638177],[4.02685694]
[4.32236096],[1.37607501],[4.1823536]
[4.36937451],[1.39122114],[4.25872749]
[4.45387263],[1.39358854],[4.38580011]
[4.49156267],[1.39785992],[4.4349782]
[4.5559641],[1.3971093],[4.54999565]
[4.5690836],[1.39841416],[4.5657034]
[4.6091733],[1.40051841],[4.65360673]
[4.68639306],[1.402622],[4.67940049]
[4.6538949],[1.40709492],[4.74407394]
[4.81702535],[1.41067895],[4.80288366]
[4.71919399],[1.41558743],[4.83055317]
[4.88324157],[1.41736255],[4.89292627]
[4.78078431],[1.41866506],[4.89933111]
[4.92416858],[1.41912124],[4.95753731]
[4.84463253],[1.41856292],[4.95754294]
[4.97549203],[1.41991334],[5.01957256]
[4.88705237],[1.41807815],[4.99193894]
[5.01275528],[1.41645308],[5.07507209]
[4.95292895],[1.41409568],[5.05549001]
[5.07143062],[1.41054696],[5.14178753]
[5.04150037],[1.40925403],[5.12578936]
[5.09959807],[1.40542876],[5.15533736]
[5.04725186],[1.4010279],[5.10242262]
[5.08457885],[1.39299579],[5.06925728]
[5.03193076],[1.38543502],[4.98136837]
[5.02058438],[1.37812557],[4.91789338]
[5.00479239],[1.36698393],[4.8454186]
[4.9951146],[1.35440337],[4.78473787]
[4.99809485],[1.34127212],[4.71073148]
[4.99777124],[1.32814766],[4.64205589]
[4.970901],[1.31316385],[4.56068026]
[4.92337474],[1.29932289],[4.47973711]
[4.86253139],[1.28569749],[4.39681177]
[4.85428045],[1.26974994],[4.32828718]
[4.85277974],[1.25505852],[4.26512315]
[4.84755545],[1.23821391],[4.19864943]
[4.83226704],[1.22017314],[4.13982722]
[4.81404468],[1.19983729],[4.08041552]
[4.80972829],[1.18021194],[4.01959227]
[4.79517727],[1.15897407],[3.9456778]
[4.77668619],[1.130125],[3.86420703]
[4.50135898],[1.10381383],[3.67541278]
[3.74812034],[1.07756453],[2.92963215]
[2.21915701],[1.07990413],[1.33545244]
[0.25112074],[0.20675186],[0.02540112]
[2.07120304],[0.80493139],[1.31698245]
[2.78501644],[0.94484939],[1.90783788]
[3.02604996],[1.02568566],[2.40702483]
[2.99177705],[1.10726848],[2.52312492]
[3.40275544],[1.25234745],[3.03741169]
[3.53956705],[1.34152694],[3.36696321]
[3.91961707],[1.37959302],[3.82816102]
[4.02129171],[1.38123563],[3.94721507]
[4.24697057],[1.3824071],[4.13248581]
[4.26471728],[1.400993],[4.15409594]
[4.40390074],[1.41292332],[4.37697876]
[4.41667184],[1.42820741],[4.40193995]
[4.50826369],[1.43013437],[4.57827159]
[4.53243429],[1.43389801],[4.62604261]
[4.59430389],[1.43383791],[4.7536769]
[4.73499704],[1.43544001],[4.80990973]
[4.66620724],[1.43678334],[4.86330912]
[4.85664144],[1.44025064],[4.9481879]
[4.82957432],[1.44366219],[5.01031313]
[4.9469386],[1.44710819],[5.08807501]
[4.92187813],[1.44791204],[5.13668257]
[5.00672289],[1.45051132],[5.20752382]
[4.97849592],[1.44269696],[5.21182714]
[5.04841066],[1.44755845],[5.27778134]
[5.03441664],[1.44049898],[5.2699619]
[5.09385686],[1.4436666],[5.33554722]
[5.07964939],[1.44027402],[5.3089805]
[5.13328819],[1.43875913],[5.38506217]
[5.13283923],[1.43707955],[5.38108678]
[5.19433724],[1.43580398],[5.4734017]
[5.1884035],[1.43724337],[5.48642636]
[5.21996162],[1.43704371],[5.52643947]
[5.19482369],[1.43483242],[5.51356261]
[5.21878044],[1.42812673],[5.4868796]
[5.20155646],[1.42193159],[5.42201859]
[5.19948038],[1.4144936],[5.35965693]
[5.20100375],[1.40100274],[5.27969247]
[5.20546726],[1.38254509],[5.20358984]
[5.21650085],[1.36678724],[5.11954372]
[5.22515872],[1.35385425],[5.0099667]
[5.22911603],[1.33949587],[4.89266657]
[5.21491175],[1.32615896],[4.78921684]
[5.17141479],[1.31293836],[4.69472071]
[5.11243837],[1.29754791],[4.59264982]
[5.04983785],[1.28323096],[4.50067913]
[4.98495736],[1.26871926],[4.41457827]
[4.95963276],[1.25123959],[4.34232932]
[4.93740244],[1.23066056],[4.26392484]
[4.93000019],[1.21060828],[4.19378825]
[4.91312548],[1.1914293],[4.12123422]
[4.89094343],[1.16365648],[4.04096525]
[4.61729803],[1.13761632],[3.85347341]
[3.85932809],[1.11185918],[3.10290773]
[2.28594849],[1.10242788],[1.42984755]
[0.31350237],[0.23510431],[0.03947677]
[2.09450284],[0.81184613],[1.35269097]
[2.80519757],[0.96217522],[1.95648792]
[3.046316],[1.03721059],[2.51639469]
[3.11037958],[1.14994293],[2.69100423]
[3.4790002],[1.28888034],[3.20781769]
[3.59035525],[1.38016166],[3.57157243]
[4.03975989],[1.39889329],[4.03139096]
[4.14327883],[1.42071776],[4.16499043]
[4.33193579],[1.42418951],[4.37186962]
[4.34820382],[1.44314993],[4.40117252]
[4.46111531],[1.45169293],[4.61122227]
[4.47368923],[1.46552149],[4.65077274]
[4.55036276],[1.46629482],[4.81448559]
[4.65277972],[1.46919779],[4.8921922]
[4.69680226],[1.46939753],[5.04231399]
[4.87110576],[1.4710471],[5.13233506]
[4.87183545],[1.47244712],[5.20059037]
[4.99259725],[1.47657686],[5.31142137]
[5.02595908],[1.47382729],[5.3654079]
[5.09098599],[1.48231522],[5.4638389]
[5.10591722],[1.47355868],[5.49507432]
[5.13824059],[1.4851475],[5.60210077]
[5.15083808],[1.4751768],[5.61899357]
[5.17721421],[1.49891267],[5.71851868]
[5.19918276],[1.48383788],[5.76385838]
[5.21780194],[1.52277745],[5.86882772]
[5.254341],[1.50779688],[5.91780564]
[5.30531443],[1.54418377],[6.03745896]
[5.40009374],[1.53127697],[6.11776258]
[5.50421533],[1.56307466],[6.23459155]
[5.72280208],[1.56203261],[6.3701325]
[5.77862436],[1.57674981],[6.44462668]
[5.80714099],[1.57515596],[6.51466749]
[5.78541682],[1.55599024],[6.44324637]
[5.80033797],[1.53672249],[6.40183927]
[5.78341927],[1.5179369],[6.30491462]
[5.75592855],[1.48707499],[6.19736325]
[5.75217979],[1.44885567],[6.0930692]
[5.74885443],[1.42930034],[5.97960911]
[5.74986122],[1.40959049],[5.83336096]
[5.75276264],[1.38800789],[5.6447279]
[5.71791101],[1.36798432],[5.44441964]
[5.4361516],[1.34785106],[5.21651681]
[5.39379616],[1.3276658],[5.03355642]
[5.3397221],[1.31215712],[4.86397382]
[5.27538324],[1.29893649],[4.72846599]
[5.20690532],[1.28344767],[4.62417917]
[5.13691757],[1.26392536],[4.51172701]
[5.06702221],[1.24361336],[4.40768045]
[5.02443588],[1.22391871],[4.31213874]
[4.99479366],[1.19801465],[4.22141805]
[4.71570121],[1.17376541],[4.02621931]
[3.94926257],[1.14942416],[3.27298091]
[2.26362124],[1.16196709],[1.5176943]
[0.39264979],[0.26489295],[0.05557947]
[2.12691993],[0.81756975],[1.39719357]
[2.83436334],[0.98341127],[2.00714854]
[3.06731757],[1.06187548],[2.59416026]
[3.20859162],[1.17933336],[2.83032632]
[3.54145208],[1.32987818],[3.37444382]
[3.68021362],[1.41807618],[3.75327841]
[4.13669371],[1.43487077],[4.19967841]
[4.24095434],[1.45476412],[4.33583943]
[4.39879963],[1.45750889],[4.56428042]
[4.41108662],[1.47509665],[4.61914692]
[4.50824453],[1.48076499],[4.81659256]
[4.53919955],[1.49518647],[4.87150403]
[4.60050931],[1.49555738],[5.06418918]
[4.82362676],[1.49977901],[5.24057505]
[4.91887199],[1.50278324],[5.4088342]
[5.02713758],[1.50910926],[5.55175893]
[5.06342155],[1.51130499],[5.65204964]
[5.12641128],[1.52664175],[5.82300267]
[5.19060242],[1.52399142],[5.92970166]
[5.24389692],[1.56873213],[6.09766897]
[5.33309329],[1.57395244],[6.21676981]
[5.36587186],[1.61385439],[6.3909596]
[5.54442563],[1.62783831],[6.5029351]
[5.68085873],[1.6574614],[6.70339646]
[5.83832425],[1.65486146],[6.86327932]
[5.930623],[1.67275947],[7.03456372]
[6.00799642],[1.67291655],[7.17128444]
[6.07060396],[1.6907108],[7.30636811]
[6.10932948],[1.69058281],[7.42806454]
[6.32439445],[1.70585034],[7.60741707]
[6.37904465],[1.70793179],[7.75881006]
[6.51860784],[1.7166434],[7.89538049]
[6.48807896],[1.71608072],[7.96372268]
[6.50946292],[1.70017388],[7.96111505]
[6.4580451],[1.68533505],[7.85317671]
[6.48502014],[1.66953361],[7.7853672]
[6.41974875],[1.64973253],[7.60514278]
[6.3914087],[1.60610793],[7.46231038]
[6.37067968],[1.56242058],[7.30391086]
[6.34854993],[1.52249935],[7.14657463]
[6.32819265],[1.47785534],[6.94685619]
[6.30581873],[1.43812251],[6.68277064]
[6.22078743],[1.41800388],[6.39565764]
[6.14590697],[1.39629876],[6.06113813]
[6.0383055],[1.3755108],[5.74036507]
[5.85860092],[1.35461664],[5.4407076]
[5.59828116],[1.3327709],[5.18529901]
[5.47675895],[1.3084049],[4.98588642]
[5.4291984],[1.28281095],[4.80202]
[5.36103232],[1.25635197],[4.63446633]
[5.25486701],[1.22717389],[4.46470195]
[4.89979499],[1.20161532],[4.23337474]
[4.07906383],[1.17743689],[3.43115489]
[2.48790559],[1.23307415],[1.7318198]
[0.47919168],[0.29198234],[0.10700553]
[2.1627084],[0.82343672],[1.43596183]
[2.86374345],[0.98698926],[2.03947713]
[3.09339122],[1.08988322],[2.66157739]
[3.28912807],[1.20394013],[2.95993711]
[3.61041288],[1.3710552],[3.53173383]
[3.81236253],[1.44902045],[3.9177684]
[4.21830468],[1.46399081],[4.36425055]
[4.32035814],[1.48209638],[4.52680054]
[4.45758714],[1.48534937],[4.7739502]
[4.46305665],[1.50603609],[4.84197671]
[4.55829653],[1.52252198],[5.10879443]
[4.73135411],[1.54816335],[5.30856454]
[4.81782183],[1.54924447],[5.56695969]
[5.01304461],[1.56231226],[5.85035071]
[5.15092775],[1.57240306],[6.11397678]
[5.25607013],[1.61655566],[6.36333726]
[5.39476111],[1.6285831],[6.52594005]
[5.53931467],[1.65907828],[6.75336391]
[5.83680841],[1.67121369],[7.00123]
[5.96469411],[1.69462518],[7.25275317]
[6.09398805],[1.70612802],[7.50286061]
[6.22827748],[1.73246021],[7.75808642]
[6.28579552],[1.74741827],[7.97557739]
[6.49086862],[1.76851269],[8.2281494]
[6.52503996],[1.77268985],[8.36612192]
[6.63615487],[1.78785884],[8.5843497]
[6.67936511],[1.79350441],[8.69795995]
[6.74204663],[1.80672613],[8.86330023]
[6.78507189],[1.81012085],[8.96112872]
[6.82935477],[1.82088102],[9.13678438]
[6.89905753],[1.82442707],[9.29156877]
[6.93141288],[1.83126034],[9.38998353]
[7.0461091],[1.8284686],[9.51218291]
[6.94467757],[1.81634895],[9.47275047]
[6.9997921],[1.80411189],[9.42864669]
[6.92208797],[1.79060303],[9.31000384]
[6.94621059],[1.772752],[9.15176385]
[6.88711025],[1.73397161],[8.97111525]
[6.88862948],[1.69367858],[8.78433757]
[6.88898963],[1.65030187],[8.58154026]
[6.89231629],[1.60360344],[8.35317036]
[6.89745075],[1.56455283],[8.11954084]
[6.89489167],[1.52749711],[7.80351414]
[6.85952585],[1.48389178],[7.45574982]
[6.7513257],[1.44139808],[7.0916185]
[6.57411558],[1.41990731],[6.72786058]
[6.33217308],[1.39829917],[6.358505]
[6.21577581],[1.3745855],[6.00528493]
[6.12146808],[1.35025624],[5.68846724]
[5.95398254],[1.3244137],[5.3733947]
[5.74090022],[1.29218858],[5.09521929]
[5.30735866],[1.25798541],[4.77156499]
[4.4642649],[1.22358998],[3.88515294]
[2.70379205],[1.31098522],[2.05000449]
[0.51630251],[0.42273826],[0.16712888]
[2.13172432],[0.82772258],[1.43789061]
[2.85557243],[1.00109728],[2.06406518]
[3.20814409],[1.11785375],[2.77304282]
[3.31969994],[1.25613715],[3.13035285]
[3.70062117],[1.41815418],[3.72681069]
[3.89175708],[1.48744069],[4.08917155]
[4.28916525],[1.50805412],[4.60167891]
[4.35091353],[1.53607921],[4.79221411]
[4.51957418],[1.55116795],[5.17421828]
[4.62183738],[1.57660516],[5.3743905]
[4.8093126],[1.58943666],[5.75472437]
[4.96917327],[1.61657409],[6.01148262]
[5.14006595],[1.61517222],[6.37356702]
[5.21192183],[1.68357967],[6.68113909]
[5.53962799],[1.7162873],[7.06475542]
[5.84844863],[1.74143176],[7.42678154]
[6.09184613],[1.75402314],[7.83394119]
[6.33630607],[1.77735231],[8.10398453]
[6.50532088],[1.79269479],[8.42836133]
[6.64415631],[1.81451903],[8.75356776]
[6.77393383],[1.82802748],[9.0493879]
[6.80041445],[1.84971515],[9.34416277]
[6.87004502],[1.86508265],[9.61258554]
[6.9013805],[1.88078497],[9.81852224]
[7.04482484],[1.88779552],[10.04340622]
[7.12350288],[1.9009004],[10.18843278]
[7.24430996],[1.90825308],[10.39207808]
[7.31646417],[1.92000714],[10.52490302]
[7.39663946],[1.92550964],[10.69348649]
[7.46031456],[1.93423569],[10.81990795]
[7.5071313],[1.93924123],[10.99466528]
[7.55032134],[1.94472751],[11.06908433]
[7.57342271],[1.94214345],[11.22390995]
[7.59119177],[1.9337346],[11.23419044]
[7.57093897],[1.92216485],[11.2332532]
[7.57643058],[1.90931734],[11.09748344]
[7.56989176],[1.88967071],[10.95101276]
[7.57454038],[1.85828982],[10.75046884]
[7.55677201],[1.82338293],[10.53973271]
[7.5519841],[1.78573193],[10.30052903]
[7.54824322],[1.74384377],[10.01186198]
[7.54833422],[1.7026828],[9.72763946]
[7.54684854],[1.65930253],[9.40187708]
[7.54076667],[1.61618146],[9.00262944]
[7.47460919],[1.5782585],[8.62222987]
[7.29628988],[1.53933135],[8.23639733]
[7.01490137],[1.49666499],[7.8188884]
[6.94109326],[1.44926632],[7.44498164]
[6.84186844],[1.42452446],[7.0728899]
[6.67651898],[1.39800398],[6.68509145]
[6.45980259],[1.36711657],[6.26743773]
[6.05958974],[1.33597434],[5.79615323]
[5.19730579],[1.30375974],[4.78047914]
[2.93476672],[1.38598192],[2.38767774]
[0.79032981],[0.55278854],[0.28088742]
[2.15426913],[0.83617232],[1.47635898]
[2.88630985],[1.01823823],[2.12314119]
[3.29747172],[1.16623506],[2.95485262]
[3.41241353],[1.3389999],[3.45462137]
[3.80936058],[1.49151581],[4.11216896]
[4.02436134],[1.55654008],[4.4562825]
[4.3793825],[1.57999732],[5.04222341]
[4.50624204],[1.60433613],[5.40523096]
[4.72675851],[1.61437478],[5.87269967]
[4.9091421],[1.64108729],[6.14911647]
[5.09832105],[1.65015704],[6.58255877]
[5.15513484],[1.697936],[6.87074406]
[5.40727166],[1.74504854],[7.32179884]
[5.71996281],[1.79730845],[7.65908871]
[6.03790424],[1.8321264],[8.22580208]
[6.42416193],[1.85614554],[8.74602496]
[6.70257791],[1.87074397],[9.32246995]
[6.77953798],[1.89002224],[9.69548928]
[6.97893091],[1.90689476],[10.06791469]
[7.14745458],[1.92498077],[10.3534735]
[7.35824007],[1.94012601],[10.75348208]
[7.42543942],[1.9583421],[11.01943925]
[7.49453202],[1.97573299],[11.38366143]
[7.53025496],[1.98744094],[11.62359908]
[7.58349358],[1.99831499],[11.90253595]
[7.65939212],[2.00954484],[12.06096265]
[7.67438113],[2.02049195],[12.26949121]
[7.85116827],[2.02940747],[12.37482033]
[7.8630942],[2.03831937],[12.53678739]
[8.04657589],[2.04458979],[12.71707284]
[8.08890969],[2.05156271],[12.83184284]
[8.16795947],[2.05555959],[12.97924483]
[8.20373156],[2.05383112],[13.05924865]
[8.2147793],[2.04695182],[13.17490369]
[8.20448033],[2.03509187],[13.16857347]
[8.21163933],[2.02325739],[13.11829622]
[8.19904683],[2.00290551],[12.88358407]
[8.2064232],[1.97039832],[12.72480288]
[8.1940321],[1.9385993],[12.45450067]
[8.17385629],[1.90455838],[12.20727577]
[8.16390446],[1.86595315],[11.9243516]
[8.15564713],[1.8279456],[11.59736627]
[8.14928262],[1.78941092],[11.23758067]
[8.13537598],[1.74634969],[10.81988218]
[8.12280318],[1.7044268],[10.38184148]
[7.97003109],[1.66721731],[9.93355857]
[7.72453912],[1.6286116],[9.46289887]
[7.64642363],[1.58536604],[9.02342303]
[7.53305698],[1.53981908],[8.6071758]
[7.34222822],[1.48942598],[8.18315671]
[7.10902739],[1.4442056],[7.72526863]
[6.72146487],[1.41366466],[7.20619908]
[5.86911919],[1.38195994],[6.08024408]
[3.19658897],[1.45548803],[2.7421133]
[1.05791777],[0.63549292],[0.41544033]
[2.16499206],[0.85442878],[1.50832286]
[2.90117983],[1.03937899],[2.21513849]
[3.35596315],[1.22054847],[3.15664053]
[3.49062321],[1.41050352],[3.73658378]
[3.89036075],[1.5498248],[4.43566297]
[4.11605812],[1.60947639],[4.79195226]
[4.46145589],[1.63203387],[5.48120081]
[4.70679448],[1.65512151],[5.94547536]
[4.92941379],[1.66609746],[6.57823153]
[5.03728062],[1.71835156],[6.92188978]
[5.21649398],[1.76148956],[7.39138716]
[5.29736192],[1.82065333],[7.66162835]
[5.77718133],[1.87049939],[8.28168598]
[5.98311312],[1.91567131],[8.75964134]
[6.3669069],[1.94771013],[9.42901034]
[6.65593268],[1.96819039],[10.08132929]
[6.88429441],[1.98471621],[10.71968337]
[7.12943686],[2.00129013],[11.16959529]
[7.33958693],[2.01980655],[11.72423643]
[7.4435372],[2.03623439],[12.02110071]
[7.56216632],[2.05397822],[12.45389337]
[7.67602337],[2.06942514],[12.69827743]
[7.70379961],[2.08769384],[13.06246128]
[7.91594162],[2.09730368],[13.40386381]
[7.95137706],[2.11201205],[13.71795496]
[8.09722031],[2.12046873],[13.9973835]
[8.14024243],[2.13125171],[14.21790657]
[8.22066738],[2.13847425],[14.42043972]
[8.27249667],[2.14341246],[14.5857599]
[8.32479976],[2.14840993],[14.78075303]
[8.42981063],[2.15278183],[14.88733298]
[8.4596492],[2.15459383],[15.01690724]
[8.62273225],[2.15320681],[15.1417011]
[8.57720019],[2.14676356],[15.19173312]
[8.63192477],[2.13636979],[15.27467889]
[8.54045488],[2.12608598],[15.15990155]
[8.60489624],[2.10740547],[15.01374591]
[8.51144162],[2.08064317],[14.74661413]
[8.57239612],[2.04897343],[14.53029046]
[8.4950618],[2.01999056],[14.22306167]
[8.48228598],[1.98659748],[13.91745404]
[8.47181598],[1.95408543],[13.61339016]
[8.46111566],[1.92019571],[13.25286875]
[8.45225969],[1.88130328],[12.8422733]
[8.44010295],[1.84492597],[12.39225022]
[8.42111585],[1.80770255],[11.89486992]
[8.34104794],[1.76762622],[11.35637406]
[8.20933881],[1.72796677],[10.79408426]
[8.0028147],[1.68635674],[10.28691507]
[7.77210825],[1.64164445],[9.81249512]
[7.69388339],[1.57438106],[9.30150195]
[7.28850525],[1.51498994],[8.67780857]
[6.34757073],[1.45960287],[7.41790595]
[3.43613903],[1.5211818],[3.03570157]
[1.23607213],[0.74002877],[0.57673479]
[2.19584425],[0.88169787],[1.55884816]
[2.92355264],[1.04784727],[2.33983669]
[3.44437117],[1.26059172],[3.34123711]
[3.58963503],[1.45144646],[3.94378086]
[4.03044933],[1.581516],[4.66188819]
[4.21226793],[1.63761311],[5.05169666]
[4.58174898],[1.66107604],[5.82803903]
[4.86185522],[1.68680962],[6.4095936]
[5.07891374],[1.74053668],[7.11920039]
[5.13825008],[1.80239932],[7.4397906]
[5.36789187],[1.85266767],[7.95212656]
[5.6427248],[1.91155878],[8.32982412]
[6.00554753],[1.96220501],[9.08924248]
[6.35675357],[2.00411342],[9.70330649]
[6.65946275],[2.03792567],[10.45531822]
[6.8086385],[2.05971242],[11.08427014]
[7.21573771],[2.07948876],[11.86968927]
[7.40342326],[2.09439619],[12.44189795]
[7.53693983],[2.11581786],[13.02946679]
[7.67355026],[2.12961689],[13.36794628]
[7.76774591],[2.14970363],[13.81022576]
[8.03848287],[2.16270737],[14.26406316]
[8.09748757],[2.1788402],[14.65023328]
[8.19348526],[2.18896693],[15.02256985]
[8.24848958],[2.20258219],[15.37701515]
[8.29641384],[2.20935339],[15.6419731]
[8.36470141],[2.22884106],[15.95562554]
[8.42515816],[2.23001442],[16.15900059]
[8.55722758],[2.24583234],[16.42643217]
[8.67432243],[2.24437861],[16.61733949]
[8.81955907],[2.262673],[16.87991374]
[8.86739046],[2.26356743],[16.98120919]
[8.95512749],[2.27704723],[17.20126236]
[8.95905367],[2.27508633],[17.25181616]
[8.97630424],[2.25926909],[17.3655602]
[8.96475974],[2.24298898],[17.26374927]
[8.98138904],[2.22382386],[17.14711039]
[8.96349447],[2.1941756],[16.84552079]
[8.97538318],[2.15592019],[16.60034294]
[8.95633466],[2.1150657],[16.21835273]
[8.94278994],[2.07425358],[15.84396799]
[8.9375661],[2.04422764],[15.4860593]
[8.93131929],[2.01317941],[15.10397573]
[8.92869097],[1.97808244],[14.63473463]
[8.92249989],[1.94477681],[14.16491821]
[8.91213513],[1.91082614],[13.56914839]
[8.79438276],[1.87541303],[12.97619067]
[8.51770129],[1.83337109],[12.38165075]
[8.43013653],[1.7906345],[11.83289888]
[8.32605232],[1.74988023],[11.24137704]
[8.15321148],[1.68654661],[10.63018523]
[7.58707809],[1.62532826],[9.9660595]
[6.72753726],[1.56035562],[8.65678216]
[3.60158104],[1.55645082],[3.32672304]
[1.37798032],[0.85680052],[0.73273732]
[2.17040956],[0.89180373],[1.57122824]
[2.90330375],[1.05848372],[2.45146339]
[3.56196374],[1.29744033],[3.52822096]
[3.66503394],[1.49132755],[4.13588685]
[4.12353349],[1.61254622],[4.88412832]
[4.30933412],[1.66932578],[5.30623587]
[4.72537628],[1.69429165],[6.17564421]
[4.9494911],[1.75130828],[6.81580883]
[5.1699743],[1.81377624],[7.56126314]
[5.22578814],[1.87938975],[7.90513856]
[5.66696148],[1.92894538],[8.55132892]
[5.86590715],[1.98426521],[9.04017306]
[6.26095118],[2.0353352],[9.8798099]
[6.5812853],[2.07616327],[10.62948377]
[6.81397437],[2.11133503],[11.37614528]
[7.09767819],[2.13224185],[12.02153109]
[7.43182125],[2.15363767],[12.9593981]
[7.59783579],[2.16727824],[13.52812833]
[7.74555394],[2.18899065],[14.19004898]
[8.01487508],[2.20314055],[14.73824718]
[8.13108076],[2.22596038],[15.18580282]
[8.24235161],[2.23976096],[15.61895981]
[8.3238376],[2.27193438],[16.02951108]
[8.37053125],[2.28191799],[16.41156524]
[8.49819863],[2.31506847],[16.91555642]
[8.58148154],[2.32969392],[17.28029969]
[8.73259591],[2.34312404],[17.74068984]
[8.80152651],[2.35797617],[17.99822656]
[8.9046354],[2.36956266],[18.31879538]
[8.97318622],[2.37724139],[18.50263993]
[9.04063023],[2.39684325],[18.71199381]
[9.11581263],[2.40083337],[18.83384254]
[9.17011917],[2.41754175],[18.99672341]
[9.24592197],[2.41788985],[19.14076517]
[9.21401389],[2.4143958],[19.19999237]
[9.29714577],[2.40162725],[19.20717232]
[9.21125545],[2.37821201],[18.97330764]
[9.24870162],[2.35393982],[18.75485158]
[9.21250385],[2.32924255],[18.37737455]
[9.24290444],[2.27644672],[18.0491938]
[9.20500337],[2.20429653],[17.58179939]
[9.20284043],[2.13611174],[17.15737035]
[9.19953673],[2.08904674],[16.70701973]
[9.19281635],[2.05443935],[16.24816175]
[9.18358751],[2.02254176],[15.7428358]
[9.18053013],[1.9888498],[15.21403874]
[9.16491791],[1.95478624],[14.59965796]
[9.08984713],[1.91725429],[13.91051929]
[8.95494128],[1.87952319],[13.25527763]
[8.73953442],[1.8330823],[12.62446908]
[8.51260606],[1.77959699],[12.00306892]
[8.12581553],[1.71783065],[11.2985859]
[7.25821722],[1.6562354],[9.87043058]
[3.72458162],[1.58753087],[3.63581049]
[1.52596915],[0.95935693],[0.91266077]
[2.19797504],[0.91370318],[1.64702452]
[2.9261826],[1.11465869],[2.61751809]
[3.68343919],[1.34832546],[3.81525464]
[3.78961887],[1.53949108],[4.38968707]
[4.2245039],[1.64707537],[5.16331576]
[4.43686608],[1.70376251],[5.6690969]
[4.89647327],[1.7367943],[6.61951923]
[5.05142353],[1.81893266],[7.27353951]
[5.30601622],[1.88661039],[8.04291644]
[5.5029934],[1.94821587],[8.47805494]
[5.92656441],[1.99934941],[9.26261124]
[6.19853192],[2.05351125],[9.85643906]
[6.59039905],[2.10428028],[10.80743449]
[6.74742673],[2.14581922],[11.46349062]
[7.12231259],[2.18178374],[12.34781482]
[7.37252124],[2.19892723],[13.1199841]
[7.57748482],[2.22795129],[14.01711719]
[7.9304601],[2.24646879],[14.75210149]
[8.10436183],[2.27876468],[15.55318865]
[8.22758464],[2.30111398],[16.13905533]
[8.34207354],[2.32918083],[16.60152154]
[8.44520766],[2.35274455],[17.04856553]
[8.67566932],[2.38057219],[17.64001908]
[8.75247714],[2.40614987],[18.09337563]
[8.87781769],[2.43543257],[18.66388153]
[8.92216531],[2.46968485],[19.02030859]
[9.015091],[2.48886647],[19.46477249]
[9.0633198],[2.51032433],[19.74781852]
[9.12006819],[2.52898172],[20.03431869]
[9.31085225],[2.54105562],[20.35615361]
[9.3988904],[2.56627046],[20.58095453]
[9.55687936],[2.57433446],[20.90565634]
[9.61890743],[2.59516942],[21.07103024]
[9.70889063],[2.58757861],[21.23792645]
[9.76962033],[2.56536552],[21.2921664]
[9.78427041],[2.5435283],[21.31659977]
[9.76046964],[2.52399004],[21.14031733]
[9.7368672],[2.5026325],[20.90554994]
[9.70786787],[2.47750097],[20.50858046]
[9.68991402],[2.43529062],[20.14709416]
[9.67060859],[2.36216116],[19.65766115]
[9.65932891],[2.28888715],[19.17687146]
[9.65927676],[2.2177916],[18.67219702]
[9.65750079],[2.14195065],[18.11986013]
[9.66092802],[2.08888729],[17.59127329]
[9.6578281],[2.05840674],[16.99344423]
[9.65303981],[2.02786865],[16.33192388]
[9.55099319],[1.99202674],[15.52170129]
[9.26218456],[1.95857798],[14.82309178]
[9.17191041],[1.91840798],[14.15416164]
[9.06186362],[1.87308909],[13.42324448]
[8.5689961],[1.81207052],[12.59047801]
[7.53120269],[1.74540208],[11.12979242]
[3.98402148],[1.62548794],[4.01974459]
[1.79753683],[1.08156701],[1.14593224]
[2.21967325],[0.93731104],[1.739881]
[2.94277182],[1.15860594],[2.73412599]
[3.79524009],[1.38909396],[4.05088617]
[3.93619123],[1.57742711],[4.63459158]
[4.35193055],[1.67944349],[5.47496217]
[4.58635294],[1.74395489],[6.0714738]
[5.04265444],[1.82107116],[7.08976129]
[5.19739406],[1.89576114],[7.75105963]
[5.55497449],[1.9632975],[8.62059794]
[5.80800934],[2.02117322],[9.22902939]
[6.15428519],[2.07401844],[10.06953356]
[6.5020876],[2.12991182],[10.80895566]
[6.77283008],[2.18077676],[11.73706549]
[7.0001266],[2.21567103],[12.38235196]
[7.37755313],[2.27600971],[13.4737373]
[7.56058956],[2.30997434],[14.26113201]
[7.82728727],[2.34643366],[15.17324198]
[8.15750994],[2.37145563],[16.08546175]
[8.32511456],[2.40064128],[16.88002027]
[8.44194763],[2.42768637],[17.52711793]
[8.6893694],[2.46771479],[18.19614341]
[8.82251125],[2.50118154],[18.6937687]
[8.96769449],[2.5394188],[19.32313782]
[9.02295831],[2.57324023],[19.74174241]
[9.0908171],[2.60914308],[20.28315178]
[9.31784331],[2.63563636],[20.76439325]
[9.38359148],[2.65257508],[21.17384409]
[9.56065076],[2.67036756],[21.72388816]
[9.6289757],[2.68527182],[22.03770112]
[9.73879496],[2.69419747],[22.46891372]
[9.80197693],[2.71461818],[22.71566884]
[9.85480674],[2.71939888],[22.92806941]
[9.90640466],[2.73578091],[23.07964708]
[9.94022155],[2.72376395],[23.17784636]
[10.15169119],[2.70964463],[23.34594541]
[10.15760732],[2.69075738],[23.32094385]
[10.18520778],[2.6628734],[23.2622802]
[10.0304732],[2.6393726],[22.91656909]
[10.11808256],[2.61097871],[22.61138077]
[9.9478408],[2.56768147],[22.0838972]
[10.02869098],[2.51270827],[21.65404572]
[9.93364869],[2.45706742],[21.12460178]
[9.93712599],[2.38893539],[20.61390498]
[9.94424481],[2.31260673],[20.02430381]
[9.94943695],[2.24043038],[19.4489785]
[9.95291249],[2.17056737],[18.83149804]
[9.95465966],[2.10305442],[18.17610692]
[9.94636887],[2.06622072],[17.47608532]
[9.8608325],[2.03762487],[16.70646983]
[9.66401361],[2.00161064],[15.82383833]
[9.30031554],[1.96114225],[14.99250506]
[8.89627813],[1.91370134],[14.16978033]
[8.0498516],[1.85920472],[12.61783252]
[4.22431348],[1.67741708],[4.43821022]
[1.97159752],[1.16019986],[1.36258738]
[2.23630069],[0.95935109],[1.83010139]
[2.95481274],[1.20199974],[2.85164228]
[3.87750244],[1.43053145],[4.28842018]
[4.08917935],[1.60923573],[4.88464186]
[4.47588738],[1.70567061],[5.79658098]
[4.77264292],[1.79022844],[6.48763597]
[5.22154147],[1.89899263],[7.51936662]
[5.39639603],[1.96415195],[8.23777206]
[5.82411231],[2.0296231],[9.23618565]
[6.10351814],[2.08879319],[9.98596844]
[6.49820753],[2.14568687],[10.92485603]
[6.68337362],[2.19111234],[11.64212419]
[7.01466411],[2.24750155],[12.63454472]
[7.31799126],[2.30031664],[13.4797562]
[7.54173555],[2.37709338],[14.55097198]
[7.87084182],[2.43482816],[15.43698038]
[8.13512886],[2.48994379],[16.49620956]
[8.30331665],[2.52872261],[17.35965164]
[8.64243573],[2.571792],[18.33558522]
[8.80629045],[2.60960827],[19.14867798]
[8.96619152],[2.64847844],[19.91873477]
[9.04721385],[2.6786258],[20.3738693]
[9.15900795],[2.70990206],[20.98268928]
[9.38713701],[2.73697121],[21.59762331]
[9.5501572],[2.76481594],[22.12982205]
[9.71170905],[2.78199915],[22.7285046]
[9.81849309],[2.79622802],[23.21447022]
[9.85181574],[2.80986843],[23.67279938]
[9.93132511],[2.82553166],[24.04751126]
[9.96308887],[2.8332495],[24.37700641]
[10.20107087],[2.8471814],[24.78572022]
[10.29465882],[2.85434885],[25.01859312]
[10.45392115],[2.86525103],[25.43991804]
[10.53011188],[2.85676328],[25.56380598]
[10.60840625],[2.84773645],[25.80714315]
[10.65576402],[2.83348574],[25.83663015]
[10.62958241],[2.81178663],[25.80996726]
[10.61095082],[2.78882782],[25.55507554]
[10.58634473],[2.75927929],[25.26225424]
[10.5684648],[2.72204341],[24.72409411]
[10.54099695],[2.6774698],[24.22408425]
[10.52680371],[2.62230653],[23.61969359]
[10.48270208],[2.55182675],[23.04548984]
[10.46318684],[2.48951456],[22.44193319]
[10.44334664],[2.42787891],[21.49313396]
[10.42492631],[2.36079909],[21.09368893]
[10.39952042],[2.28554964],[20.29980684]
[10.32806921],[2.20705052],[19.43261516]
[10.18029932],[2.1369617],[18.4307408]
[10.04108401],[2.06906809],[17.66086241]
[9.9351655],[2.03110981],[16.83138244]
[9.41471378],[1.98817585],[15.78508287]
[8.28253953],[1.94094408],[13.97070637]
[4.43607489],[1.71417159],[4.81125449]
[2.10358125],[1.23690617],[1.57114448]
[2.20182272],[0.97069241],[1.89181591]
[2.93557814],[1.24353343],[2.95535899]
[3.86976932],[1.47178347],[4.49026457]
[4.22109312],[1.64048649],[5.13232395]
[4.57053231],[1.74746988],[6.13033927]
[4.93266977],[1.84292056],[6.88008691]
[5.36798598],[1.97030877],[7.96859387]
[5.63625386],[2.03695607],[8.73707037]
[6.08125959],[2.09761521],[9.84707981]
[6.37475783],[2.15349843],[10.7437984]
[6.69996781],[2.20148979],[11.76991887]
[6.84630007],[2.25122091],[12.40838446]
[7.30296288],[2.33323039],[13.65423718]
[7.47716387],[2.38631036],[14.49300065]
[7.72254846],[2.48010427],[15.58099354]
[8.1053947],[2.57087489],[16.67643286]
[8.30342288],[2.62077707],[17.71056245]
[8.55784468],[2.65344514],[18.58338574]
[8.89142701],[2.68910733],[19.71219581]
[9.02486128],[2.72027247],[20.50958768]
[9.15340187],[2.75266221],[21.31222033]
[9.41588525],[2.77904249],[22.00442566]
[9.56540003],[2.80896846],[22.65291724]
[9.73642695],[2.83684813],[23.33519646]
[9.87291393],[2.87057221],[23.91123467]
[9.92040163],[2.894837],[24.44903763]
[10.15844906],[2.92076889],[25.03720522]
[10.30764441],[2.94428532],[25.54567956]
[10.45181499],[2.96006429],[26.22035708]
[10.55440058],[2.96736113],[26.70998314]
[10.63062663],[2.97874048],[27.22244661]
[10.69723263],[2.98625007],[27.48324489]
[10.73774622],[2.99450976],[27.74179026]
[10.80331225],[2.99801001],[27.86826896]
[10.86192944],[3.00040642],[27.96927776]
[11.00316354],[2.98788213],[28.07213741]
[10.95637723],[2.96837076],[27.95201517]
[10.9653469],[2.94666376],[27.89397727]
[10.91204377],[2.92318649],[27.46743534]
[10.92720916],[2.89876552],[27.10684421]
[10.87849455],[2.85891636],[26.4606745]
[10.89164469],[2.7949598],[25.93917445]
[10.84450554],[2.71987689],[25.26507907]
[10.82046634],[2.64276173],[24.62272459]
[10.80624284],[2.57215848],[24.01885668]
[10.7912198],[2.51619276],[23.32784254]
[10.77497101],[2.45671353],[22.56579098]
[10.75971916],[2.38708208],[21.68904089]
[10.73226265],[2.31361021],[20.77559031]
[10.66018628],[2.23984233],[19.77299343]
[10.37661784],[2.16025182],[18.59285875]
[9.79565842],[2.08783744],[17.55071704]
[8.92917384],[2.01821846],[15.79495109]
[4.82145792],[1.76971621],[5.28518346]
[2.23988599],[1.30584904],[1.90785099]
[2.21747942],[0.9905292],[2.0066139]
[2.94699221],[1.3015144],[3.13306863]
[3.87718323],[1.52367408],[4.75037453]
[4.36982708],[1.67632758],[5.46776698]
[4.74860811],[1.8013439],[6.54804076]
[5.1322062],[1.91293654],[7.39046498]
[5.6166508],[2.03989606],[8.54418731]
[5.93748421],[2.10827944],[9.37186382]
[6.36844069],[2.16651879],[10.56729431]
[6.58358136],[2.21304642],[11.52706795]
[6.91796881],[2.27809657],[12.66762609]
[7.18871277],[2.3367053],[13.44765958]
[7.48771298],[2.4259801],[14.74772018]
[7.7445371],[2.50310525],[15.62808219]
[8.05389979],[2.61082377],[16.86556933]
[8.26622856],[2.68102477],[17.914113]
[8.58631165],[2.72462031],[19.0034934]
[8.85376714],[2.75219983],[19.96470316]
[9.06411235],[2.78345462],[21.04892038]
[9.37712885],[2.81135291],[22.01311226]
[9.59335675],[2.8498064],[22.9672436]
[9.7619596],[2.88117504],[23.73263569]
[9.8873847],[2.91673225],[24.38983636]
[9.95249878],[2.9477459],[25.00160007]
[10.27947108],[2.98087352],[25.73941712]
[10.46986372],[3.00580603],[26.36678412]
[10.62483781],[3.03356921],[27.13082521]
[10.70262134],[3.06022144],[27.71060379]
[10.76095844],[3.10071812],[28.32817928]
[10.84312509],[3.10338281],[28.75365169]
[10.90743169],[3.11822961],[29.1385638]
[11.11934579],[3.12604176],[29.55725201]
[11.23183467],[3.13700509],[29.87708525]
[11.37691611],[3.14130135],[30.36888015]
[11.46646134],[3.14954025],[30.51717624]
[11.51401873],[3.14038895],[30.77816474]
[11.53574568],[3.13132289],[30.70085151]
[11.50041269],[3.1163087],[30.6109655]
[11.49594904],[3.09165414],[30.24957397]
[11.45518903],[3.06715547],[29.89185044]
[11.45773886],[3.03075093],[29.25851215]
[11.41962607],[2.95725721],[28.7372627]
[11.41681065],[2.87955546],[28.02999787]
[11.36644634],[2.79996898],[27.28345363]
[11.34952905],[2.72409185],[26.56470442]
[11.33136171],[2.65439723],[25.83409998]
[11.30965877],[2.59175658],[24.99637875]
[11.29345659],[2.53280383],[24.01476438]
[11.25573753],[2.47369532],[23.00387376]
[11.08249519],[2.40828218],[21.9924197]
[10.89826708],[2.32786524],[20.81555933]
[10.4468863],[2.24934846],[19.62194485]
[9.42789295],[2.16596841],[17.54962723]
[5.18935089],[1.84609664],[5.93755005]
[2.51460025],[1.37452935],[2.37091874]
[2.23185881],[1.02336198],[2.20396249]
[2.95980693],[1.35962438],[3.30208245]
[3.88519358],[1.57041778],[4.95880862]
[4.51147989],[1.71117419],[5.8471721]
[5.01287462],[1.86023564],[7.05329427]
[5.35673474],[2.00993305],[7.96583972]
[5.87881901],[2.1160932],[9.17811315]
[6.20799998],[2.18362029],[10.0986189]
[6.59943316],[2.23703606],[11.36176865]
[6.83052922],[2.28696881],[12.36876131]
[7.21156354],[2.37184084],[13.72102699]
[7.40790975],[2.42800445],[14.59130559]
[7.6649163],[2.54525904],[15.85808531]
[8.03983742],[2.62675811],[16.97640252]
[8.25597204],[2.71457636],[18.14924393]
[8.4766289],[2.77287279],[19.16738275]
[8.86469399],[2.81162073],[20.37534728]
[9.04869071],[2.84143844],[21.3204382]
[9.33055647],[2.87863482],[22.43172354]
[9.68077596],[2.91125128],[23.60567284]
[9.88682241],[2.94650735],[24.60586678]
[9.99093806],[2.97634164],[25.37619058]
[10.31374329],[3.01144659],[26.20639077]
[10.49983033],[3.04381928],[26.91590857]
[10.65642523],[3.08081016],[27.73811689]
[10.7516124],[3.1166398],[28.3177896]
[10.84621687],[3.16229181],[29.0589484]
[11.12804905],[3.19653646],[29.65588998]
[11.21273563],[3.23711419],[30.24631436]
[11.40413933],[3.24574795],[31.14934951]
[11.4930933],[3.260556],[31.65006953]
[11.54639881],[3.26912085],[32.17921867]
[11.64788979],[3.28210014],[32.5167841]
[11.73240553],[3.28875286],[32.78650207]
[11.86543918],[3.29735139],[32.98091133]
[11.96598741],[3.29624422],[33.11355982]
[11.99109061],[3.29515786],[33.13173871]
[11.9777507],[3.27868807],[33.01741818]
[11.95399689],[3.26105292],[32.77838682]
[11.93158918],[3.2380706],[32.29349376]
[11.90937502],[3.20557024],[31.75677828]
[11.90030443],[3.12142537],[31.1213087]
[11.8779181],[3.04009474],[30.51324291]
[11.86538177],[2.95801986],[29.76203379]
[11.82454595],[2.88145561],[29.06401924]
[11.80978517],[2.81387878],[28.35902048]
[11.7901735],[2.74360338],[27.59068131]
[11.77684419],[2.66922295],[26.69133048]
[11.761295],[2.60721204],[25.67878538]
[11.69855083],[2.54801441],[24.51948728]
[11.48432929],[2.48375027],[23.1838739]
[11.07593377],[2.41686336],[21.78890062]
[10.03324377],[2.33824482],[19.64480856]
[5.68681178],[1.93752665],[6.7778656]
[2.85267468],[1.4438351],[2.84967897]
[2.2463869],[1.10353034],[2.55636516]
[2.9726263],[1.41775852],[3.47470052]
[3.8930608],[1.61297094],[5.15587237]
[4.52552351],[1.75953274],[6.24055723]
[5.27594901],[1.94166672],[7.54872615]
[5.63203584],[2.07645783],[8.53317615]
[6.13045453],[2.17868927],[9.78981516]
[6.42595892],[2.24638439],[10.79355874]
[6.84936188],[2.31385811],[12.18604559]
[7.10352559],[2.38168569],[13.27985747]
[7.40756139],[2.4753434],[14.76420297]
[7.64747387],[2.56389769],[15.80095388]
[7.97877977],[2.6698271],[17.1624139]
[8.22061375],[2.73403003],[18.29339449]
[8.48541377],[2.80564946],[19.42264737]
[8.8032189],[2.8601436],[20.53654]
[9.04454421],[2.90929851],[21.73474046]
[9.36846986],[2.93830632],[22.78059165]
[9.68834813],[2.97243931],[23.99795257]
[9.88412901],[3.00393061],[25.12320572]
[10.25793964],[3.03798346],[26.32004811]
[10.52297676],[3.06903521],[27.28512412]
[10.67728191],[3.10861558],[28.16991173]
[10.77697522],[3.14616321],[28.81016123]
[10.8573098],[3.19233554],[29.5508775]
[11.22544992],[3.23000299],[30.31921506]
[11.41073218],[3.27835231],[31.05735644]
[11.5319379],[3.31567572],[31.94618712]
[11.66172332],[3.35081797],[32.61842113]
[11.76673186],[3.36229456],[33.25441543]
[11.89641364],[3.37970365],[33.81894364]
[12.00310095],[3.39258118],[34.27236006]
[12.09995301],[3.40739637],[34.73743108]
[12.24051687],[3.41899399],[35.11143196]
[12.33307863],[3.43375615],[35.54668872]
[12.47238093],[3.43795404],[35.81238283]
[12.48186262],[3.4339742],[35.94173544]
[12.50707969],[3.42952813],[35.95469723]
[12.44615101],[3.42268939],[35.82692975]
[12.4630949],[3.40160192],[35.52297357]
[12.39074761],[3.36055697],[34.92651308]
[12.42105703],[3.29478247],[34.26331659]
[12.36009633],[3.21405338],[33.54084471]
[12.38618746],[3.12084766],[32.72337825]
[12.33372058],[3.04431581],[31.88573201]
[12.31271483],[2.97549417],[31.0999949]
[12.29450133],[2.90473936],[30.2807275]
[12.27557747],[2.83179851],[29.3132711]
[12.26335437],[2.75899017],[28.32483697]
[12.22825212],[2.69503357],[27.22364132]
[12.14545581],[2.63044422],[25.99497482]
[11.74427771],[2.57025973],[24.36490296]
[10.70485581],[2.50486644],[21.94468761]
[6.23909628],[2.02248234],[8.0213953]
[3.35273099],[1.50860425],[3.71433923]
[2.21699872],[1.16430684],[2.90773203]
[2.95474425],[1.47108862],[3.60245548]
[3.88333327],[1.6559985],[5.3328175]
[4.50888747],[1.81338308],[6.57892438]
[5.38704144],[2.01794985],[8.04183251]
[5.86268766],[2.1372041],[9.06663754]
[6.34436654],[2.24064436],[10.36982126]
[6.60859828],[2.30080122],[11.4635756]
[7.073298],[2.4039226],[13.01013313]
[7.31917782],[2.48537982],[14.19932234]
[7.62703896],[2.59910369],[15.76427362]
[7.91093437],[2.6687365],[16.9841379]
[8.1958733],[2.7612745],[18.398017]
[8.39410986],[2.81369792],[19.42535273]
[8.77638042],[2.88818071],[20.69624207]
[8.98640869],[2.95465937],[21.81234849]
[9.23453946],[3.00300883],[23.04102282]
[9.64414676],[3.03175806],[24.28393661]
[9.89245893],[3.0655777],[25.47303779]
[10.22425949],[3.10353875],[26.66546233]
[10.59197775],[3.1451156],[28.03394767]
[10.78291123],[3.1802482],[29.07419355]
[10.87675116],[3.23072044],[29.97286081]
[11.26109279],[3.2725903],[30.84788346]
[11.42673296],[3.32169005],[31.65080326]
[11.54504983],[3.35900558],[32.55627536]
[11.7494256],[3.39741084],[33.31866568]
[11.93623479],[3.43071909],[34.01608326]
[12.1017045],[3.4613504],[34.75355209]
[12.28011177],[3.48107719],[35.43099264]
[12.35769514],[3.50946817],[36.21583575]
[12.50113505],[3.52929974],[36.85688305]
[12.57515428],[3.54811275],[37.4621563]
[12.71066552],[3.56436698],[37.99862425]
[12.82830563],[3.58366689],[38.40505695]
[12.94989831],[3.5903026],[38.80143134]
[13.08275682],[3.59486086],[39.04927264]
[13.02919897],[3.59429435],[39.21869086]
[13.02960842],[3.5873394],[39.32729116]
[12.97674936],[3.57166943],[39.31119909]
[12.9708894],[3.5344007],[38.92615113]
[12.91853286],[3.48985053],[38.40886533]
[12.91671972],[3.43061288],[37.44967591]
[12.88255312],[3.33153299],[36.5023103]
[12.88766655],[3.23942572],[35.50817862]
[12.84314756],[3.16808086],[34.54936665]
[12.82457252],[3.09451938],[33.64835261]
[12.81253353],[3.0138509],[32.65123848]
[12.79818067],[2.9342103],[31.56168294]
[12.76779908],[2.85849225],[30.32409333]
[12.73743667],[2.78062233],[28.8039498]
[12.4881885],[2.7083778],[27.17210916]
[11.41376777],[2.63351168],[24.56843634]
[6.85713902],[2.11427359],[9.55086717]
[3.95084719],[1.55884903],[4.91704446]
[2.238317],[1.27540225],[3.83542322]
[2.96848613],[1.53012637],[3.93597679]
[3.89051265],[1.69604821],[5.55088113]
[4.52383639],[1.86968078],[6.98021318]
[5.39655007],[2.08455563],[8.60325187]
[6.0566269],[2.19747425],[9.7056658]
[6.58566904],[2.29778406],[11.11828703]
[6.83074539],[2.37447055],[12.26578566]
[7.28504946],[2.51559447],[13.96396935]
[7.58520502],[2.60009649],[15.27553116]
[7.90137614],[2.70251121],[16.8795928]
[8.10964191],[2.76069002],[18.15504369]
[8.41742312],[2.84306083],[19.61136398]
[8.70615591],[2.89404089],[20.69832118]
[9.00168634],[2.97773295],[22.02952823]
[9.22713324],[3.04526009],[23.1863191]
[9.587767],[3.08971175],[24.50285984]
[9.87478863],[3.13126438],[25.74512314]
[10.21153638],[3.16863523],[27.08290463]
[10.56924277],[3.20573837],[28.39614296]
[10.80414785],[3.26252075],[29.74049791]
[11.20851845],[3.30360348],[30.97003306]
[11.46604327],[3.34875453],[32.04041511]
[11.58219242],[3.38762016],[33.00232044]
[11.77606377],[3.42549341],[33.77775188]
[11.95991463],[3.45946757],[34.54516163]
[12.17640975],[3.49490442],[35.40862954]
[12.40799632],[3.534018],[36.17511808]
[12.57087758],[3.57412243],[37.03886235]
[12.75531425],[3.60236105],[37.86455143]
[12.87368668],[3.63701559],[38.67228595]
[12.96842349],[3.66065719],[39.43861236]
[13.11419702],[3.68425693],[40.16852268]
[13.21757574],[3.70719519],[40.89976301]
[13.41734213],[3.72881291],[41.63678576]
[13.5753509],[3.74450719],[42.35308999]
[13.71683696],[3.76042277],[42.90426557]
[13.77526258],[3.76781438],[43.16154403]
[13.71952902],[3.77360328],[43.35357462]
[13.70611919],[3.78286209],[43.43310646]
[13.6553656],[3.76976064],[43.28914566]
[13.62842236],[3.75147997],[42.72622239]
[13.59818379],[3.66310166],[42.06872883]
[13.60511162],[3.5539124],[41.07248093]
[13.60489686],[3.45113268],[40.17240251]
[13.62363288],[3.35693498],[39.13315981]
[13.6022618],[3.26225031],[38.12021316]
[13.6152353],[3.18371694],[36.93011735]
[13.62643615],[3.10640743],[35.73006204]
[13.62660001],[3.02287572],[34.37863351]
[13.63517049],[2.94261903],[32.97709698]
[13.49406023],[2.86784073],[31.16965201]
[12.76282821],[2.79478449],[27.70729242]
[7.35127218],[2.1851192],[11.71497314]
[4.45786018],[1.61426613],[6.42721927]
[2.67845426],[1.42162885],[5.13124631]
[2.98398845],[1.57404243],[4.66039488]
[3.89752181],[1.72958276],[5.77821634]
[4.53862771],[1.95308585],[7.38937574]
[5.41029219],[2.14642511],[9.13125361]
[6.07363958],[2.26275173],[10.39520599]
[6.82723514],[2.35673064],[11.93768191]
[7.09493067],[2.46385983],[13.16505238]
[7.51167943],[2.62867064],[15.00422728]
[7.84614855],[2.70606299],[16.38779246]
[8.17087983],[2.79147833],[18.02477084]
[8.35345193],[2.8407344],[19.30404181]
[8.71494186],[2.90867108],[20.87058603]
[8.92776009],[2.9809846],[22.02198674]
[9.17359545],[3.06396015],[23.35928071]
[9.56573964],[3.13293031],[24.67048465]
[9.87420357],[3.18877724],[26.01946384]
[10.09166266],[3.23848107],[27.28155086]
[10.5649508],[3.28944644],[28.80951943]
[10.80154284],[3.33340994],[30.11313092]
[11.11839861],[3.37745653],[31.52882748]
[11.5095387],[3.41530331],[32.86064355]
[11.75963861],[3.4484124],[34.00779607]
[11.98539673],[3.48507903],[34.92080575]
[12.21516213],[3.52575274],[35.87772117]
[12.42160283],[3.56339685],[36.71714647]
[12.58112404],[3.6047048],[37.62696893]
[12.81315924],[3.64574658],[38.50727964]
[13.04277078],[3.68827023],[39.43208904]
[13.23058859],[3.72304385],[40.381025]
[13.42755813],[3.76357187],[41.33881997]
[13.57004331],[3.79120121],[42.24594899]
[13.73115697],[3.81765078],[43.29488049]
[13.93547381],[3.84307424],[44.35891223]
[14.06004052],[3.86756422],[45.20902339]
[14.24876061],[3.89256035],[46.09132603]
[14.41910774],[3.91456939],[46.93764756]
[14.50455721],[3.92851195],[47.36815165]
[14.50649114],[3.96096341],[47.60486954]
[14.50091998],[3.9750343],[47.78204413]
[14.53451489],[3.96805424],[47.91007337]
[14.52662642],[3.95671209],[47.8494353]
[14.57525432],[3.89129879],[47.4880667]
[14.56482075],[3.7799477],[46.81235227]
[14.630211],[3.67861082],[46.06543706]
[14.61621463],[3.58005859],[45.17122197]
[14.67913506],[3.47993143],[44.18472883]
[14.68145298],[3.38174023],[43.0715306]
[14.69344053],[3.28635354],[41.90256236]
[14.7036719],[3.19777833],[40.11786528]
[14.72018898],[3.11625943],[38.32795589]
[14.54654631],[3.03207164],[36.19087037]
[14.16057014],[2.9510414],[33.26377569]
[7.84784712],[2.25953103],[15.52821833]
[5.58896152],[1.79373097],[9.14761829]
[3.18348273],[1.52635261],[6.60561016]
[2.9996608],[1.62273629],[5.60820835]
[3.90455235],[1.7770634],[6.01364023]
[4.55295402],[2.02524993],[7.77498986]
[5.42384488],[2.19480389],[9.60190172]
[6.09157222],[2.30701065],[11.02057229]
[6.95648287],[2.43663927],[12.80717377]
[7.36730473],[2.57874696],[14.15957208]
[7.74668429],[2.73009258],[16.03651908]
[8.08705569],[2.79849262],[17.5228548]
[8.44561541],[2.86651679],[19.13904051]
[8.64861015],[2.91111363],[20.46530786]
[8.95950257],[2.99566441],[22.14513939]
[9.15764962],[3.06553747],[23.37356446]
[9.46882527],[3.14519236],[24.76730176]
[9.8411111],[3.21894938],[26.17458105]
[10.09129169],[3.30990678],[27.57637957]
[10.5167724],[3.35844519],[28.99723532]
[10.79026306],[3.40014413],[30.47860769]
[11.17780601],[3.4383112],[31.92020112]
[11.52171854],[3.47369714],[33.29314057]
[11.74862246],[3.51374235],[34.57824846]
[12.13226688],[3.55127992],[35.9455642]
[12.43970515],[3.59093295],[37.06929702]
[12.60140689],[3.63153038],[38.05441786]
[12.81935466],[3.66863884],[38.99196458]
[13.05447108],[3.71345204],[39.99079633]
[13.23480855],[3.75608529],[40.92151826]
[13.52578855],[3.80188753],[42.01380531]
[13.82589825],[3.84303958],[43.12519626]
[14.04249351],[3.88980195],[44.36056208]
[14.24398646],[3.92199492],[45.57380736]
[14.41132283],[3.95072192],[46.68473448]
[14.57203869],[3.98191676],[47.95251745]
[14.77341771],[4.01741664],[49.08998687]
[14.89987991],[4.050178],[49.98309539]
[15.12280422],[4.07019907],[50.88960056]
[15.35160128],[4.09266696],[51.74451395]
[15.43932948],[4.12021306],[52.29201289]
[15.52042465],[4.12385818],[52.87113616]
[15.51471393],[4.12835519],[53.2694861]
[15.58818049],[4.10727382],[53.61559407]
[15.58493841],[4.05821899],[53.73957937]
[15.64827975],[3.98023565],[53.63767538]
[15.64771217],[3.89680672],[53.10985003]
[15.68485481],[3.8283996],[52.20222853]
[15.69794221],[3.77548361],[51.14742144]
[15.73460338],[3.65837214],[49.91089996]
[15.76814039],[3.4932499],[48.6524353]
[15.75678406],[3.3975848],[47.27973225]
[15.78314213],[3.29714066],[45.82336546]
[15.58544688],[3.21260359],[43.41929066]
[15.27524],[3.12954198],[40.21743939]
[8.54160829],[2.62661167],[21.60917102]
[6.77961083],[2.31777592],[14.40340443]
[5.03562148],[1.83019441],[9.13445479]
[2.98269751],[1.57443404],[6.59923871]
[3.89491003],[1.58300531],[5.66142096]
[4.53599574],[1.82595033],[7.10696889]
[5.41318985],[1.97333632],[8.92076393]
[6.07680595],[2.10418489],[10.38950887]
[6.95373208],[2.28792052],[12.31589783]
[7.60116119],[2.48335232],[13.8022389]
[7.99439941],[2.61310535],[15.58454066]
[8.2961884],[2.69120917],[17.0995776]
[8.70298556],[2.76066954],[18.70993539]
[8.92807495],[2.82482582],[20.12998228]
[9.1572175],[2.9005945],[21.78075152]
[9.4747696],[2.96848691],[23.13866428]
[9.79683841],[3.05184692],[24.58191477]
[10.0076008],[3.17223087],[25.96709059]
[10.48548678],[3.26679232],[27.50382167]
[10.75793566],[3.30425204],[28.85553367]
[10.9664567],[3.34505035],[30.25010053]
[11.48330608],[3.38008478],[31.77338779]
[11.74036373],[3.42135126],[33.16467055]
[12.13796464],[3.45403325],[34.65098553]
[12.43941273],[3.49351949],[36.06818181]
[12.76236288],[3.52645587],[37.33769062]
[13.01901389],[3.56852206],[38.47959493]
[13.21900735],[3.60120953],[39.47119855]
[13.50109727],[3.65171375],[40.62860913]
[13.77346489],[3.6932858],[41.63482706]
[14.02772959],[3.74487293],[42.94687677]
[14.35191296],[3.79321988],[44.2917312]
[14.66284964],[3.85643688],[45.50701623]
[14.86585515],[3.91706213],[46.89127882]
[15.05493583],[3.95088339],[48.21937971]
[15.23606327],[3.99704849],[49.52715487]
[15.38121644],[4.03910973],[50.81324484]
[15.60874618],[4.07165125],[52.05210848]
[15.88728283],[4.11897966],[53.22601919]
[16.15449034],[4.15418118],[54.33064639]
[16.43834933],[4.1857743],[55.50630498]
[16.51271017],[4.19732566],[56.27634345]
[16.5650539],[4.20852281],[57.08433028]
[16.5948273],[4.19051014],[57.59819351]
[16.62655396],[4.16518553],[57.90327254]
[16.6728119],[4.11466982],[58.18328624]
[16.68936407],[4.09953189],[58.15645955]
[16.7268061],[4.08459949],[57.78922866]
[16.72262863],[4.04373216],[57.0543281]
[16.78042391],[3.97577782],[55.98513586]
[16.7628465],[3.88251587],[54.70709532]
[16.82083557],[3.78267217],[53.2535327]
[16.80035551],[3.52877853],[51.52513959]
[16.57128985],[3.36409449],[49.64915323]
[16.33451668],[3.2641951],[46.89611216]
