meltWidth,meltDepth,meltArea
[0.08113581],[0.02432295],[0.00089375]
[1.12994516],[0.21042714],[0.15650973]
[1.28951418],[0.33094729],[0.22988332]
[1.45707618],[0.35665655],[0.32311134]
[1.55045939],[0.37635345],[0.33627047]
[1.60707423],[0.39480942],[0.39873916]
[1.76242328],[0.41554816],[0.42949984]
[1.74379411],[0.41879411],[0.47731516]
[1.89702189],[0.4167101],[0.48263461]
[1.7724728],[0.41005184],[0.48515533]
[1.92128285],[0.4026189],[0.49041498]
[1.72106776],[0.39741237],[0.46555244]
[1.86642505],[0.38831911],[0.46896497]
[1.67509886],[0.37625059],[0.44179333]
[1.80430899],[0.36439567],[0.43980529]
[1.63974819],[0.36478382],[0.42589472]
[1.81716962],[0.36501247],[0.44396565]
[1.69078359],[0.36562943],[0.44305096]
[1.87216876],[0.36587322],[0.4606151]
[1.74621078],[0.37026969],[0.45898063]
[1.94587927],[0.3688109],[0.48270569]
[1.84317415],[0.37513563],[0.47996459]
[2.01619022],[0.3718033],[0.50307941]
[1.90009657],[0.37544531],[0.49183287]
[2.09880165],[0.37331063],[0.52341499]
[2.00136759],[0.37757249],[0.52036453]
[2.16968162],[0.37086609],[0.54487641]
[2.06520886],[0.3787404],[0.5410962]
[2.21890021],[0.36950291],[0.57025495]
[2.16672328],[0.37642212],[0.566953]
[2.1895979],[0.36901472],[0.57865765]
[2.17423457],[0.36863129],[0.56767054]
[2.16220071],[0.36900808],[0.56878827]
[2.16677337],[0.36808819],[0.56939067]
[2.16399318],[0.36851052],[0.569373]
[2.15769265],[0.36865168],[0.56965053]
[2.15866685],[0.36801871],[0.5683346]
[2.15824839],[0.36852075],[0.56881268]
[2.16157391],[0.36828859],[0.57082231]
[2.15847157],[0.36777223],[0.57117426]
[2.15565084],[0.37090231],[0.571772]
[2.14879246],[0.37393338],[0.57359223]
[2.13851528],[0.37705798],[0.57529516]
[2.13319155],[0.38015903],[0.57526203]
[2.12738585],[0.38314473],[0.57702852]
[2.12474849],[0.38622156],[0.58010879]
[2.12125114],[0.38825273],[0.58094236]
[2.12653977],[0.39313678],[0.58373489]
[2.13463995],[0.39935518],[0.59084403]
[2.14384322],[0.40413687],[0.59997492]
[2.16445563],[0.40692565],[0.60972726]
[2.18293881],[0.40634491],[0.61830928]
[1.89337758],[0.40086536],[0.56190383]
[0.],[0.],[0.]
[0.],[0.],[0.]
[0.49980784],[0.06466433],[0.01537418]
[1.37028087],[0.39108565],[0.36425469]
[1.56287034],[0.42244889],[0.47258303]
[1.59144313],[0.48152371],[0.54893793]
[1.77484695],[0.50134807],[0.62488352]
[1.71123231],[0.54353101],[0.66650185]
[1.89650502],[0.56652525],[0.74137571]
[1.97143052],[0.58712562],[0.79848077]
[2.15052148],[0.60248448],[0.87452805]
[2.10813482],[0.60617984],[0.88824162]
[2.21706832],[0.60045181],[0.93767398]
[2.20620418],[0.61154454],[0.96452542]
[2.28433912],[0.61134816],[1.0086558]
[2.26889167],[0.64937741],[1.04800684]
[2.33969702],[0.65713405],[1.10986876]
[2.33472736],[0.6780602],[1.13991981]
[2.39375036],[0.68841592],[1.19116815]
[2.38655138],[0.70077243],[1.21370328]
[2.43600476],[0.69358564],[1.24155969]
[2.41303552],[0.70736708],[1.25523495]
[2.4604166],[0.69749179],[1.27759527]
[2.4295972],[0.71771667],[1.29163402]
[2.46772318],[0.70664424],[1.30113493]
[2.43407183],[0.72396966],[1.30458833]
[2.47664401],[0.71358853],[1.31455046]
[2.4522093],[0.73100961],[1.32254737]
[2.48195833],[0.71921186],[1.3250927]
[2.45811011],[0.73540018],[1.3293996]
[2.48207191],[0.72175279],[1.32818441]
[2.47725117],[0.73495774],[1.33464246]
[2.46789375],[0.72938275],[1.3342861]
[2.47733174],[0.73129097],[1.33596663]
[2.46747206],[0.73309327],[1.33740054]
[2.47176158],[0.73388128],[1.34178055]
[2.47483889],[0.73679806],[1.34799754]
[2.47564085],[0.73857576],[1.35352944]
[2.48048498],[0.73939585],[1.35763569]
[2.48259068],[0.7424105],[1.3617472]
[2.4844546],[0.74248117],[1.3639303]
[2.48418209],[0.73898614],[1.3610455]
[2.48333192],[0.73359892],[1.35420641]
[2.48148149],[0.72835552],[1.3490169]
[2.47673766],[0.72222964],[1.34192138]
[2.47447113],[0.71497201],[1.33258704]
[2.47055539],[0.70890262],[1.32450029]
[2.46620591],[0.70287008],[1.3168908]
[2.45841496],[0.6967163],[1.30723094]
[2.45202869],[0.68872048],[1.29126224]
[2.44919178],[0.68417718],[1.28112243]
[2.44516609],[0.67893729],[1.26938868]
[2.44469083],[0.67413142],[1.25554031]
[2.44434104],[0.67151842],[1.24780749]
[2.17158969],[0.66939078],[1.1603865]
[0.],[0.],[0.]
[0.],[0.],[0.]
[0.9680539],[0.13100566],[0.0618805]
[1.46123628],[0.43499309],[0.42254527]
[1.68171709],[0.45623394],[0.53748746]
[1.69143061],[0.51361864],[0.60253093]
[1.99747921],[0.52850996],[0.71648486]
[2.05980071],[0.58149556],[0.79822751]
[2.35164444],[0.58166537],[0.93660373]
[2.36351396],[0.6254795],[1.00187486]
[2.4910869],[0.63643784],[1.09011861]
[2.42598914],[0.66941656],[1.12802895]
[2.54624554],[0.68279511],[1.22007138]
[2.46727035],[0.71069195],[1.24678153]
[2.55983092],[0.72512349],[1.31157593]
[2.49718524],[0.74256965],[1.31886792]
[2.55499198],[0.73970838],[1.35691922]
[2.52045691],[0.77674013],[1.38812525]
[2.58053379],[0.77149986],[1.42381447]
[2.54410778],[0.80521909],[1.45053241]
[2.60911688],[0.80281699],[1.48462958]
[2.8396367],[0.8260315],[1.57431533]
[2.72522097],[0.82028755],[1.54201068]
[2.89483138],[0.83687915],[1.62023064]
[2.73400824],[0.83324576],[1.57023433]
[2.89095326],[0.84703507],[1.63888821]
[2.71114981],[0.84374991],[1.58858424]
[2.87658849],[0.85460805],[1.65116703]
[2.71786051],[0.85220388],[1.60876944]
[2.85655183],[0.86088766],[1.65603054]
[2.71289813],[0.85884018],[1.61647084]
[2.86486729],[0.86149423],[1.66003303]
[2.72149598],[0.86645738],[1.62264721]
[2.86391588],[0.86807592],[1.66990621]
[2.74872201],[0.86968684],[1.63336009]
[2.75284349],[0.87171681],[1.64051136]
[2.76636982],[0.87289543],[1.64783707]
[2.77523928],[0.8744722],[1.65444236]
[2.79090275],[0.87592297],[1.66196903]
[2.80443296],[0.87637107],[1.66584157]
[2.81328193],[0.87349614],[1.66348293]
[2.82079076],[0.86724732],[1.65377815]
[2.83088505],[0.86037454],[1.64216704]
[2.84231885],[0.85210042],[1.63111048]
[2.84765182],[0.84466759],[1.61916255]
[2.855815],[0.83751717],[1.610416]
[2.86384753],[0.82914679],[1.60022063]
[2.86917906],[0.82174722],[1.59131287]
[2.87561745],[0.81470702],[1.5826881]
[2.87908067],[0.80858753],[1.57232913]
[2.87732076],[0.80058645],[1.55972644]
[2.87100584],[0.79319353],[1.54629485]
[2.86613384],[0.78426562],[1.53243109]
[2.86642916],[0.77659154],[1.52073199]
[2.55902156],[0.77328553],[1.41243251]
[0.],[0.],[0.]
[0.],[0.],[0.]
[0.79300526],[0.14144933],[0.05481379]
[1.45484553],[0.41876957],[0.40600991]
[1.68756497],[0.45245885],[0.53249995]
[1.74780458],[0.51158095],[0.61212405]
[2.14211322],[0.54329967],[0.77246243]
[2.25259198],[0.62618467],[0.91864596]
[2.52341511],[0.64930182],[1.11164191]
[2.48450456],[0.68720735],[1.18192974]
[2.63118196],[0.70763129],[1.29908011]
[2.52664227],[0.74017527],[1.3284912]
[2.66256995],[0.7665701],[1.42160234]
[2.54708229],[0.78541934],[1.41657265]
[2.65848915],[0.78287809],[1.47363809]
[2.58823538],[0.81588324],[1.49600646]
[2.66146047],[0.81987894],[1.55628145]
[2.68274263],[0.84680469],[1.58689741]
[2.75673107],[0.85358059],[1.63650911]
[2.9513308],[0.87316083],[1.70753617]
[2.94936623],[0.88011013],[1.71987353]
[3.08316197],[0.88881253],[1.78573936]
[3.06785808],[0.89247315],[1.7660986]
[3.12259237],[0.89738441],[1.8058052]
[3.08771901],[0.90156973],[1.79683849]
[3.08446114],[0.90469765],[1.80886685]
[3.08951786],[0.90906141],[1.8226224]
[3.07631462],[0.91224844],[1.83283575]
[3.08495135],[0.91696048],[1.8455765]
[3.07976783],[0.91803965],[1.8533686]
[3.07718665],[0.92155385],[1.85594475]
[3.10204914],[0.91841667],[1.86848372]
[3.10504219],[0.92183276],[1.87440776]
[3.11278201],[0.92338117],[1.88490226]
[3.11493858],[0.92492373],[1.88013012]
[3.0915262],[0.92661652],[1.88346773]
[3.09364829],[0.92791702],[1.89087015]
[3.09093584],[0.92928831],[1.89727335]
[3.09464672],[0.93070665],[1.90470346]
[3.09785027],[0.93189047],[1.9085913]
[3.09677789],[0.92989447],[1.90769215]
[3.09337583],[0.92690142],[1.90199063]
[3.09198519],[0.9233625],[1.89100696]
[3.08939668],[0.91620687],[1.87573098]
[3.09254013],[0.90950327],[1.8600061]
[3.09955436],[0.90295088],[1.84405114]
[3.10810241],[0.89556198],[1.8306825]
[3.10594151],[0.8886022],[1.81393796]
[3.09902676],[0.88165773],[1.79318608]
[3.09792022],[0.8751753],[1.77256684]
[3.09619136],[0.86720909],[1.7529855]
[3.08936823],[0.86080004],[1.73404632]
[3.07667991],[0.85477662],[1.71732243]
[3.07421535],[0.84700094],[1.70247943]
[2.75580331],[0.83953505],[1.5759923]
[0.],[0.],[0.]
[0.],[0.],[0.]
[0.72029633],[0.13719758],[0.04826582]
[1.45048242],[0.43492333],[0.41400213]
[1.87561816],[0.51387957],[0.61785306]
[2.11259139],[0.5964486],[0.80958491]
[2.41085056],[0.64687116],[1.05452299]
[2.44583285],[0.71692881],[1.19737476]
[2.61251095],[0.76241947],[1.36444166]
[2.56848275],[0.79293503],[1.41584194]
[2.66757771],[0.81037911],[1.50218016]
[2.60777624],[0.83312673],[1.53487603]
[2.70143003],[0.83894957],[1.60677466]
[2.73193779],[0.85947892],[1.63683234]
[2.74608295],[0.86664422],[1.6811385]
[2.86558457],[0.88629389],[1.71918691]
[2.91123676],[0.89634978],[1.76784792]
[3.0228872],[0.90633677],[1.81808413]
[3.11067717],[0.91439614],[1.85573473]
[3.1658674],[0.91922044],[1.88143135]
[3.28186023],[0.92750373],[1.92419473]
[3.29816315],[0.93082534],[1.941954]
[3.38916296],[0.94192478],[1.98852534]
[3.35314385],[0.9413969],[1.99365762]
[3.4071867],[0.95119328],[2.03100077]
[3.35711718],[0.94973239],[2.03123916]
[3.4156568],[0.95960457],[2.0633595]
[3.35797907],[0.95700299],[2.06826824]
[3.41277247],[0.96693496],[2.0939474]
[3.36540105],[0.96244267],[2.09748529]
[3.41388009],[0.96926041],[2.10767634]
[3.38530721],[0.96238548],[2.11189477]
[3.43551935],[0.96683142],[2.12189938]
[3.38700261],[0.96808271],[2.11841187]
[3.42620772],[0.96924031],[2.11437166]
[3.37687707],[0.97075016],[2.11071947]
[3.37080202],[0.97113945],[2.11614576]
[3.36052745],[0.97180729],[2.12125893]
[3.35397439],[0.97281265],[2.12707297]
[3.35276775],[0.97256851],[2.12950223]
[3.3460779],[0.97052351],[2.12947162]
[3.33236224],[0.96708269],[2.1221388]
[3.3256858],[0.96468507],[2.10896492]
[3.31307835],[0.96192055],[2.09436421]
[3.2961366],[0.95882838],[2.07847768]
[3.28111088],[0.95596232],[2.06143524]
[3.26871402],[0.95313987],[2.04265713]
[3.27045173],[0.95049413],[2.0271769]
[3.26970049],[0.94633376],[2.00915056]
[3.27595915],[0.9405198],[1.98857676]
[3.2781403],[0.93374201],[1.96930056]
[3.26307821],[0.92742822],[1.94903074]
[3.24454032],[0.92082083],[1.92670271]
[3.23745962],[0.91298503],[1.90618709]
[2.89637583],[0.9068482],[1.75137306]
[0.],[0.],[0.]
[0.],[0.],[0.]
[0.46436792],[0.10933559],[0.02462581]
[1.56997944],[0.49141484],[0.45149018]
[2.18410465],[0.60580486],[0.83684979]
[2.333649],[0.68383083],[1.05655398]
[2.5392305],[0.75774499],[1.29244189]
[2.53825847],[0.81878473],[1.4221901]
[2.6820202],[0.8441517],[1.56178624]
[2.6827549],[0.86630563],[1.60694738]
[2.75033438],[0.88498638],[1.68920831]
[2.80970157],[0.89861919],[1.71767877]
[2.88795607],[0.91095759],[1.77295159]
[2.94590826],[0.91713963],[1.79820129]
[3.06794449],[0.92495229],[1.86272607]
[3.12919161],[0.92792325],[1.89227321]
[3.27107442],[0.93688687],[1.95609926]
[3.32743755],[0.9394498],[1.98689241]
[3.47688345],[0.94887017],[2.05407978]
[3.47219656],[0.94937077],[2.08246217]
[3.58636084],[0.95820414],[2.15627414]
[3.59980609],[0.95833608],[2.1778322]
[3.66963868],[0.96884635],[2.23620064]
[3.65729879],[0.96558541],[2.25084928]
[3.68548595],[0.97525879],[2.28678482]
[3.66290517],[0.97222258],[2.29135171]
[3.6925712],[0.98203012],[2.32145121]
[3.6645474],[0.97878179],[2.33316495]
[3.68633996],[0.98906385],[2.35594139]
[3.66767588],[0.98474681],[2.37155755]
[3.68629875],[0.99241105],[2.38232016]
[3.68607504],[0.98535959],[2.40084783]
[3.70345174],[0.99017108],[2.41025196]
[3.69402683],[0.99181566],[2.41632712]
[3.69750687],[0.99330858],[2.40860295]
[3.68030025],[0.99486462],[2.39201683]
[3.65563806],[0.99557692],[2.38946958]
[3.6409877],[0.99654369],[2.38666198]
[3.63181842],[0.99748722],[2.38422649]
[3.62811421],[0.99696664],[2.38246285]
[3.62008213],[0.99512039],[2.37625295]
[3.60323705],[0.99118963],[2.36975633]
[3.59288218],[0.98839086],[2.35211299]
[3.58230094],[0.98553843],[2.32848412]
[3.56472456],[0.9830154],[2.30592847]
[3.5490777],[0.98063074],[2.28214625]
[3.52095635],[0.97812468],[2.2558012]
[3.48760143],[0.97573923],[2.2310487]
[3.44792001],[0.97344445],[2.20463548]
[3.41315427],[0.97128092],[2.17778257]
[3.40056862],[0.9688993],[2.15839405]
[3.38145158],[0.96676745],[2.13671086]
[3.35932238],[0.96449782],[2.11385004]
[3.35304477],[0.96141691],[2.09407647]
[2.99171835],[0.95852893],[1.91989619]
[0.],[0.],[0.]
[0.],[0.],[0.]
[1.1540225],[0.2465217],[0.14047151]
[2.07562655],[0.55958062],[0.73555551]
[2.43165707],[0.68151286],[1.11846648]
[2.47200523],[0.75061392],[1.27944755]
[2.63876958],[0.81207697],[1.47088582]
[2.59823995],[0.85759276],[1.55507697]
[2.73412871],[0.88783048],[1.68050584]
[2.86132469],[0.90162112],[1.72677879]
[2.99609938],[0.91834721],[1.80775743]
[3.03478885],[0.92321523],[1.84172475]
[3.18619869],[0.93166986],[1.91979766]
[3.2129237],[0.93469847],[1.9497041]
[3.3900878],[0.94267478],[2.02502414]
[3.43503186],[0.94878156],[2.05888688]
[3.5730567],[0.95799383],[2.14645133]
[3.59185578],[0.95956121],[2.18046558]
[3.70963957],[0.96924192],[2.27350392]
[3.74771265],[0.96744141],[2.31253011]
[3.81796949],[0.97677793],[2.3882644]
[3.85932149],[0.97641075],[2.42512161]
[3.88633688],[0.98623781],[2.47724452]
[3.90908967],[0.9829102],[2.5256752]
[3.90384802],[0.99309829],[2.54184259]
[3.91285048],[0.98981389],[2.61034074]
[3.90974436],[1.0002446],[2.58247014]
[3.91464455],[0.9962972],[2.68160673]
[3.90320076],[1.00758548],[2.63982288]
[3.91386589],[1.00287526],[2.76324755]
[3.90168002],[1.01162104],[2.69134818]
[3.93550588],[1.00597846],[2.81774298]
[3.91850278],[1.0147416],[2.78732111]
[3.94291882],[1.01171553],[2.83839528]
[3.91226049],[1.01338869],[2.79633267]
[3.92177346],[1.01540129],[2.77566191]
[3.88152814],[1.01615807],[2.77099495]
[3.87031588],[1.01703983],[2.77036795]
[3.86146065],[1.0178712],[2.7688567]
[3.85701599],[1.0168294],[2.7693019]
[3.85447477],[1.01886199],[2.76686994]
[3.83976481],[1.01481096],[2.76345913]
[3.82820315],[1.00703878],[2.72567124]
[3.81875334],[1.00374125],[2.65713532]
[3.800685],[1.00069278],[2.58572648]
[3.78577615],[0.99784043],[2.53254917]
[3.76737183],[0.99489353],[2.50024287]
[3.7399338],[0.99230246],[2.4651576]
[3.700093],[0.98982597],[2.43084412]
[3.66172285],[0.98767078],[2.38488667]
[3.62442269],[0.98502721],[2.34468738]
[3.57969147],[0.98270216],[2.30946524]
[3.53215182],[0.98054067],[2.27597639]
[3.49382077],[0.97812005],[2.24785643]
[3.0901761],[0.97595512],[2.0543414]
[0.],[0.],[0.]
[0.],[0.],[0.]
[1.62052263],[0.3835785],[0.35363576]
[2.28570356],[0.6384106],[0.97482866]
[2.54479546],[0.7394343],[1.26986966]
[2.54408299],[0.79802779],[1.39558481]
[2.71012768],[0.84869075],[1.57201597]
[2.64737323],[0.88794377],[1.63617429]
[2.90500817],[0.90497834],[1.76793224]
[3.05195424],[0.91653095],[1.82760894]
[3.2856486],[0.93129802],[1.93207064]
[3.30936439],[0.93693082],[1.98887387]
[3.51847925],[0.94530041],[2.09785496]
[3.5174755],[0.95009172],[2.12626183]
[3.6860434],[0.95937051],[2.23693792]
[3.71094777],[0.96403665],[2.27320465]
[3.81960196],[0.97380115],[2.36958359]
[3.87481675],[0.97754752],[2.42656007]
[3.94546142],[0.98544549],[2.50541996]
[4.01560455],[0.98682605],[2.58578282]
[4.04701588],[0.9952422],[2.61648994]
[4.10020905],[0.99633164],[2.75319099]
[4.10088167],[1.00461541],[2.76471425]
[4.15165258],[1.00338609],[2.93487631]
[4.12078326],[1.01164373],[2.92450226]
[4.15368198],[1.01713836],[3.02787803]
[4.12602881],[1.03341627],[3.01540888]
[4.15556524],[1.04895238],[3.11043618]
[4.11706026],[1.06325723],[3.08679744]
[4.15023232],[1.07542065],[3.16871882]
[4.11307158],[1.08890376],[3.1471024]
[4.17285665],[1.08850518],[3.21775565]
[4.12363376],[1.09455145],[3.21016655]
[4.17851794],[1.09172094],[3.24128916]
[4.11907829],[1.09290678],[3.21637067]
[4.15920688],[1.09270258],[3.20942527]
[4.1072755],[1.0934778],[3.19871045]
[4.09788732],[1.09549736],[3.19706657]
[4.08868919],[1.09511282],[3.19361181]
[4.08301967],[1.09557379],[3.1910402]
[4.08248296],[1.09713595],[3.18526281]
[4.06995424],[1.093113],[3.17323977]
[4.05510837],[1.07745286],[3.14155258]
[4.04802095],[1.06334794],[3.09960606]
[4.03061576],[1.05005446],[3.04996803]
[4.01516818],[1.03483641],[2.99431982]
[3.99882917],[1.02160691],[2.94219666]
[3.97756292],[1.0116594],[2.88467124]
[3.93754105],[1.00788779],[2.82271209]
[3.90007149],[1.00431376],[2.73009398]
[3.8681627],[1.00117475],[2.65661538]
[3.82633864],[0.99838569],[2.59018312]
[3.78333217],[0.99593221],[2.53922987]
[3.74607684],[0.9930069],[2.49647303]
[3.33727818],[0.98967317],[2.27128995]
[0.],[0.],[0.]
[0.],[0.],[0.]
[1.72285984],[0.4800129],[0.5831323]
[2.39119257],[0.69975238],[1.14359708]
[2.60089128],[0.78605295],[1.39769449]
[2.58135488],[0.83130443],[1.50193601]
[2.73675194],[0.86968595],[1.66472384]
[2.79625319],[0.90703689],[1.72977919]
[3.07350476],[0.9224079],[1.86654859]
[3.19974519],[0.93427629],[1.93909951]
[3.48742473],[0.95158679],[2.07223679]
[3.5128903],[0.95754607],[2.14228774]
[3.7109945],[0.96594674],[2.27351831]
[3.74879189],[0.96991503],[2.31480639]
[3.88111522],[0.97799784],[2.42077321]
[3.96642018],[0.98630495],[2.47645544]
[4.03413249],[0.99539016],[2.5678906]
[4.11580902],[1.00207345],[2.66946617]
[4.15907576],[1.01234367],[2.71211905]
[4.2453199],[1.01508641],[2.88087939]
[4.2706066],[1.02471873],[2.9126483]
[4.30512488],[1.02454258],[3.10325426]
[4.32474643],[1.04992825],[3.15585716]
[4.35252996],[1.06877235],[3.27216869]
[4.34606781],[1.08667934],[3.2789134]
[4.35794735],[1.09889746],[3.36349706]
[4.34942439],[1.1143473],[3.36374355]
[4.36119116],[1.12817774],[3.44425127]
[4.3396843],[1.14152439],[3.44344172]
[4.35524787],[1.15304471],[3.51673988]
[4.33492177],[1.16553338],[3.51022435]
[4.37311989],[1.16624352],[3.57477301]
[4.34831429],[1.1706495],[3.56948614]
[4.380315],[1.16868122],[3.61422115]
[4.35757954],[1.1693037],[3.58800883]
[4.37478663],[1.16901221],[3.59564282]
[4.35102664],[1.16964067],[3.57890953]
[4.3323931],[1.17148195],[3.57894413]
[4.32325337],[1.17139554],[3.57649589]
[4.31859236],[1.1717833],[3.57610395]
[4.31899202],[1.17289926],[3.57399015]
[4.30805999],[1.16854178],[3.55753092]
[4.29210374],[1.15524568],[3.52258971]
[4.28396147],[1.14178848],[3.48391922]
[4.26861271],[1.12850197],[3.43736386]
[4.25049496],[1.11379086],[3.38694972]
[4.23614853],[1.10044419],[3.34152422]
[4.22463687],[1.08753646],[3.29469449]
[4.19053823],[1.07447158],[3.24217318]
[4.15013522],[1.06072525],[3.18051466]
[4.12280431],[1.04827536],[3.13107125]
[4.08719583],[1.0363663],[3.07943316]
[4.04557863],[1.02215739],[3.01968784]
[4.01160958],[1.01596099],[2.96717863]
[3.6090671],[1.01124443],[2.72425397]
[0.],[0.],[0.]
[0.],[0.],[0.]
[1.7901133],[0.52964045],[0.70073966]
[2.44962838],[0.73483963],[1.24585371]
[2.65550006],[0.80365721],[1.47879174]
[2.61702124],[0.8483877],[1.56788614]
[2.78117851],[0.88710604],[1.73272566]
[2.94618304],[0.92363584],[1.81994181]
[3.26402118],[0.93862495],[1.98384594]
[3.35606845],[0.95606249],[2.07464447]
[3.66289108],[0.97021349],[2.24492244]
[3.69037905],[0.97511032],[2.30754454]
[3.89264682],[0.98284434],[2.46355775]
[3.91371136],[0.98912825],[2.50084193]
[4.0564951],[0.99842704],[2.61296459]
[4.11374435],[1.00579927],[2.70349022]
[4.17842441],[1.01632353],[2.76729893]
[4.24490134],[1.02178689],[2.95119926]
[4.30221463],[1.03271313],[3.02380616]
[4.36756504],[1.0474105],[3.21627072]
[4.41660483],[1.08538855],[3.2936374]
[4.4306835],[1.11630335],[3.42663884]
[4.47310915],[1.13877881],[3.49980398]
[4.47887362],[1.15608677],[3.57468734]
[4.50142522],[1.17252683],[3.60826557]
[4.49020933],[1.1840088],[3.66789357]
[4.51272557],[1.19803758],[3.69370982]
[4.49944308],[1.21019826],[3.75259662]
[4.51059206],[1.2221572],[3.77373224]
[4.500706],[1.23242599],[3.83103176]
[4.51030471],[1.24276896],[3.84373858]
[4.52970817],[1.2451362],[3.90023073]
[4.53232225],[1.24818262],[3.90532517]
[4.54509564],[1.24722445],[3.95339185]
[4.54832111],[1.24789344],[3.93158696]
[4.54960243],[1.24773737],[3.94400734]
[4.55087882],[1.24826861],[3.92926362]
[4.52270909],[1.24959517],[3.92811774]
[4.51903987],[1.24936916],[3.92962292]
[4.51735116],[1.24941585],[3.93073366]
[4.51928505],[1.25000264],[3.92839051]
[4.51288948],[1.24531741],[3.91098243]
[4.50260836],[1.23456637],[3.87887601]
[4.4958376],[1.22182164],[3.84392296]
[4.48365728],[1.20870043],[3.80076997]
[4.47042738],[1.19454069],[3.7513759]
[4.45887834],[1.18155183],[3.701586]
[4.4486655],[1.16886275],[3.6529108]
[4.41997127],[1.15622133],[3.59789249]
[4.38204145],[1.14319398],[3.53350215]
[4.34915362],[1.13121037],[3.48039407]
[4.31510921],[1.11943628],[3.42621193]
[4.27416738],[1.10607877],[3.36457315]
[4.23853576],[1.09386283],[3.31043872]
[3.83202014],[1.08222476],[3.07079158]
[0.],[0.],[0.]
[0.],[0.],[0.]
[1.85555836],[0.58780029],[0.82119446]
[2.49342471],[0.74880935],[1.30553197]
[2.71476131],[0.81697074],[1.54436299]
[2.65787174],[0.86231066],[1.62879512]
[2.96994077],[0.90088909],[1.81613899]
[3.09935499],[0.93728364],[1.91512407]
[3.46562347],[0.95521442],[2.11102937]
[3.52728961],[0.97072203],[2.20351497]
[3.84083588],[0.98396198],[2.3920783]
[3.87270218],[0.99066575],[2.47032431]
[4.06431782],[0.99776579],[2.62912688]
[4.1058187],[1.00373446],[2.69556519]
[4.2219969],[1.01248247],[2.79498255]
[4.2495808],[1.01899856],[2.95611334]
[4.32720848],[1.03151932],[3.05258331]
[4.37203407],[1.04588368],[3.23004918]
[4.45336264],[1.08436361],[3.33845909]
[4.49279873],[1.11874853],[3.48203937]
[4.56811522],[1.15499047],[3.59948095]
[4.55707936],[1.18255031],[3.69194222]
[4.62209608],[1.20225558],[3.78575601]
[4.60537589],[1.21854708],[3.84008289]
[4.6569249],[1.23498586],[3.89304084]
[4.61791632],[1.24634087],[3.93256363]
[4.66756497],[1.25949259],[3.98261354]
[4.62456543],[1.27095054],[4.01953455]
[4.66486954],[1.2827586],[4.06347258]
[4.62455134],[1.29253701],[4.10082594]
[4.65400637],[1.30285086],[4.12991492]
[4.65477722],[1.30552401],[4.17493561]
[4.66735332],[1.30826867],[4.18952238]
[4.6589808],[1.30748731],[4.22812218]
[4.67121446],[1.30814087],[4.21479287]
[4.65596547],[1.30815729],[4.22670441]
[4.66648066],[1.30880426],[4.21049606]
[4.62860291],[1.30989099],[4.20431263]
[4.622169],[1.30938838],[4.20227094]
[4.61674808],[1.30922657],[4.19983532]
[4.61252727],[1.30894637],[4.19365451]
[4.60253641],[1.30406975],[4.17280177]
[4.58930681],[1.29400812],[4.13538735]
[4.58028459],[1.28164497],[4.09554585]
[4.5656552],[1.26909723],[4.04770449]
[4.55042971],[1.25519032],[3.99586442]
[4.53616624],[1.24244301],[3.94298103]
[4.52229575],[1.23078904],[3.89294511]
[4.49286388],[1.21950035],[3.83370734]
[4.45478172],[1.20708643],[3.76671449]
[4.41841958],[1.1956756],[3.7064304]
[4.37540549],[1.18445526],[3.64530908]
[4.33363645],[1.17093934],[3.58435325]
[4.29703199],[1.15883438],[3.52868528]
[3.8839138],[1.14633044],[3.27999338]
[0.],[0.],[0.]
[0.],[0.],[0.]
[1.91373293],[0.62707029],[0.93048849]
[2.53643481],[0.76050546],[1.35936846]
[2.78758868],[0.83053369],[1.61424201]
[2.7973219],[0.87589542],[1.70124099]
[3.17491868],[0.91509264],[1.91802218]
[3.25997816],[0.95576544],[2.02858689]
[3.6694054],[0.96807626],[2.24839348]
[3.70966953],[0.98393686],[2.34520868]
[4.02602788],[0.99535629],[2.55580923]
[4.06085334],[1.00165654],[2.66314053]
[4.25151059],[1.01022487],[2.81544974]
[4.26499255],[1.01568682],[2.94891587]
[4.37872192],[1.02885294],[3.08753601]
[4.38407133],[1.03807551],[3.23433499]
[4.48541278],[1.08045529],[3.36913702]
[4.50245824],[1.11169708],[3.49493494]
[4.61243333],[1.14726316],[3.64115921]
[4.62043198],[1.17877245],[3.74912675]
[4.72261416],[1.21140452],[3.88380402]
[4.67518004],[1.23529444],[3.94565468]
[4.74829736],[1.25480982],[4.0440816]
[4.69814472],[1.27055547],[4.07960751]
[4.75672281],[1.28654051],[4.14138966]
[4.69334756],[1.29818582],[4.16777712]
[4.75153165],[1.30999318],[4.22642555]
[4.68947197],[1.32022384],[4.25158217]
[4.74178606],[1.33038424],[4.3026046]
[4.6811761],[1.33906042],[4.32996406]
[4.71640028],[1.34863084],[4.36906784]
[4.70620757],[1.35140476],[4.41283469]
[4.71927553],[1.35453524],[4.43195493]
[4.70289022],[1.35206853],[4.46908111]
[4.71781281],[1.35206701],[4.45644449]
[4.69693573],[1.35155804],[4.46542064]
[4.71164631],[1.35166278],[4.44816923]
[4.66986759],[1.35270157],[4.43942263]
[4.66243736],[1.35186383],[4.43489434]
[4.65621287],[1.35133995],[4.42989747]
[4.65204035],[1.34954607],[4.42165442]
[4.64223216],[1.34512332],[4.3998905]
[4.62933471],[1.33652932],[4.35725527]
[4.61988409],[1.32514055],[4.31146593]
[4.60459847],[1.31360128],[4.25862628]
[4.59006808],[1.30078291],[4.20175018]
[4.57657057],[1.28827697],[4.14191257]
[4.56248406],[1.2770089],[4.08393329]
[4.53650107],[1.2653087],[4.02066381]
[4.50134091],[1.251819],[3.94782351]
[4.46451154],[1.23979693],[3.88259512]
[4.42130279],[1.22708842],[3.81279133]
[4.38132798],[1.21321809],[3.74162294]
[4.34387199],[1.2002628],[3.67495632]
[3.91942187],[1.18739519],[3.41480096]
[0.],[0.],[0.]
[0.03337254],[0.01822787],[0.00024373]
[1.93857315],[0.64603029],[1.00212065]
[2.5509765],[0.77856495],[1.41729752]
[2.83014312],[0.84876554],[1.6895316]
[2.94274811],[0.89185253],[1.79440965]
[3.35019002],[0.93152378],[2.03218111]
[3.41249019],[0.97260552],[2.15262396]
[3.81733383],[0.98750004],[2.3928195]
[3.87370647],[1.00026589],[2.51619233]
[4.17601928],[1.01411082],[2.73221968]
[4.23222514],[1.01672565],[2.87389407]
[4.40593121],[1.02907433],[3.10992468]
[4.37258092],[1.03635987],[3.22442702]
[4.50632941],[1.07355994],[3.39096901]
[4.48724262],[1.10402515],[3.48996624]
[4.5882847],[1.14240445],[3.63501069]
[4.58263554],[1.17097421],[3.73458873]
[4.68920005],[1.20342323],[3.88594768]
[4.67348087],[1.23208767],[3.97473953]
[4.76940134],[1.26171596],[4.10048515]
[4.71201176],[1.28250175],[4.1577124]
[4.78923922],[1.30052391],[4.24975606]
[4.73332439],[1.31512249],[4.28684482]
[4.79170385],[1.32975892],[4.34036414]
[4.72936739],[1.33984833],[4.37167933]
[4.78830125],[1.35108839],[4.42711173]
[4.72567767],[1.36143709],[4.45867739]
[4.77552181],[1.37031722],[4.49954155]
[4.71706255],[1.37810578],[4.53529787]
[4.75626777],[1.38707317],[4.56642659]
[4.74014972],[1.38900846],[4.60872261]
[4.76159201],[1.3913547],[4.65608589]
[4.73851929],[1.38791021],[4.65410241]
[4.7596653],[1.38731786],[4.67903065]
[4.73264783],[1.38593574],[4.64858283]
[4.75483995],[1.38481858],[4.63256448]
[4.71136055],[1.38408878],[4.62023936]
[4.70403563],[1.38236401],[4.61234349]
[4.69753217],[1.38092116],[4.60772827]
[4.69291728],[1.3777374],[4.59829942]
[4.68396808],[1.37308449],[4.57201246]
[4.67082937],[1.36368981],[4.52518775]
[4.66061905],[1.35216919],[4.47683248]
[4.64539215],[1.34129221],[4.42237137]
[4.62902045],[1.32926183],[4.36292741]
[4.61324987],[1.31877206],[4.3015292]
[4.59707428],[1.30896484],[4.23987331]
[4.57500548],[1.29783704],[4.1713626]
[4.54635727],[1.28543066],[4.09540481]
[4.51071161],[1.27377313],[4.02640553]
[4.47062051],[1.26206137],[3.9559096]
[4.43112774],[1.24934551],[3.88486216]
[4.39643058],[1.2375379],[3.81882683]
[3.97884357],[1.22585234],[3.5554008]
[0.],[0.],[0.]
[0.10174296],[0.05667817],[0.00269081]
[1.96050856],[0.65612957],[1.02717355]
[2.5903409],[0.78866136],[1.44415395]
[2.87902823],[0.8636676],[1.7315296]
[3.06746412],[0.90361754],[1.87118916]
[3.51367481],[0.95436898],[2.14699258]
[3.56473055],[0.98497895],[2.26998592]
[3.96317226],[1.00106438],[2.54168871]
[4.03271789],[1.01245449],[2.68468311]
[4.32157921],[1.02621362],[2.93226892]
[4.34065214],[1.04070421],[3.16173629]
[4.48847302],[1.07187225],[3.37879205]
[4.4451911],[1.10667233],[3.47245216]
[4.56663403],[1.13909681],[3.63044816]
[4.53873939],[1.16597309],[3.71841894]
[4.64648781],[1.20061898],[3.87232526]
[4.626767],[1.22610305],[3.96210386]
[4.74534668],[1.25536911],[4.10802159]
[4.71359908],[1.28100878],[4.19358769]
[4.82117453],[1.30492964],[4.30627095]
[4.74992305],[1.31880906],[4.35783829]
[4.84073688],[1.33283454],[4.44793511]
[4.77166038],[1.34570378],[4.47425181]
[4.84824815],[1.35837438],[4.5305756]
[4.76706136],[1.36835419],[4.55236424]
[4.84296792],[1.37830913],[4.61129154]
[4.76295436],[1.38765064],[4.63358917]
[4.83232404],[1.39632673],[4.68162301]
[4.75353869],[1.40390353],[4.70812788]
[4.80210751],[1.41195169],[4.7483227]
[4.77765523],[1.41219112],[4.78543751]
[4.80043868],[1.41729465],[4.84796242]
[4.77320903],[1.41120778],[4.84336195]
[4.79874586],[1.41020752],[4.86822308]
[4.76864628],[1.40817793],[4.8419677]
[4.79456122],[1.40722287],[4.83004977]
[4.74861043],[1.40722792],[4.8154039]
[4.74208503],[1.40444086],[4.80399883]
[4.73631096],[1.40256644],[4.79904814]
[4.73156659],[1.40081356],[4.78938878]
[4.72227218],[1.39714033],[4.76144247]
[4.71057865],[1.3887986],[4.71150581]
[4.70173708],[1.37862045],[4.66000961]
[4.68665214],[1.36773809],[4.60296351]
[4.67367663],[1.3559883],[4.54311585]
[4.65889504],[1.34715216],[4.48673114]
[4.64335649],[1.3384023],[4.42809667]
[4.62057347],[1.32916394],[4.35973963]
[4.59324896],[1.31810895],[4.28367467]
[4.55877772],[1.3078093],[4.21234703]
[4.51621964],[1.2975329],[4.13609913]
[4.47716145],[1.28528631],[4.05717381]
[4.44106641],[1.27413375],[3.98692851]
[4.0143466],[1.26322619],[3.71495454]
[0.],[0.],[0.]
[0.19112694],[0.11014182],[0.01016926]
[1.99198997],[0.66538551],[1.03762885]
[2.6354185],[0.79664509],[1.46616044]
[3.02151589],[0.87391616],[1.78389137]
[3.1855696],[0.91334699],[1.946503]
[3.65266563],[0.96571873],[2.23286866]
[3.692144],[0.99227293],[2.36379374]
[4.06451713],[1.00927721],[2.64722021]
[4.14545677],[1.02079075],[2.80286078]
[4.42865352],[1.04853719],[3.11898855]
[4.40563685],[1.0853458],[3.33461984]
[4.54789163],[1.11795014],[3.54544731]
[4.49555815],[1.15308416],[3.64089764]
[4.61985839],[1.18313287],[3.80805967]
[4.5876103],[1.20630158],[3.88755405]
[4.70220619],[1.23631566],[4.04163139]
[4.67113522],[1.25768631],[4.11771658]
[4.80057092],[1.28183061],[4.25741476]
[4.75641836],[1.30344284],[4.33057018]
[4.87246998],[1.32666922],[4.44393386]
[4.78988721],[1.33969341],[4.4893299]
[4.89224334],[1.35387864],[4.58600143]
[4.81140245],[1.36858703],[4.61009896]
[4.89797752],[1.38287275],[4.67949052]
[4.80568029],[1.39330124],[4.70473323]
[4.89234218],[1.40268792],[4.77662065]
[4.80100211],[1.41183048],[4.79912184]
[4.87919187],[1.4204341],[4.85506476]
[4.78961621],[1.42657863],[4.88358339]
[4.85677795],[1.43421245],[4.93457598]
[4.81921791],[1.43426293],[4.96231272]
[4.84577627],[1.43905163],[5.01863282]
[4.81398106],[1.43333503],[5.01548014]
[4.84209222],[1.43205868],[5.03749201]
[4.81020008],[1.42976629],[5.0129963]
[4.84061744],[1.42847405],[5.00276548]
[4.79078528],[1.42795058],[4.98357449]
[4.78397511],[1.4250944],[4.96967732]
[4.77806547],[1.42284118],[4.96100925]
[4.77254331],[1.42101833],[4.94835083]
[4.76120437],[1.41692015],[4.91238511]
[4.75191085],[1.40799362],[4.8583126]
[4.74377794],[1.39916988],[4.80622767]
[4.73077933],[1.39034754],[4.75145657]
[4.71888621],[1.38087141],[4.68775686]
[4.70476343],[1.37148051],[4.6199868]
[4.68922608],[1.36210785],[4.56175421]
[4.66592073],[1.35240618],[4.4925363]
[4.64117563],[1.34226457],[4.41810695]
[4.60779598],[1.3325913],[4.34474023]
[4.56362389],[1.32250217],[4.26680236]
[4.52502201],[1.31115348],[4.18878084]
[4.488192],[1.30076463],[4.11566894]
[4.04948473],[1.29002532],[3.83079978]
[0.],[0.],[0.]
[0.15454306],[0.09301932],[0.00689044]
[1.98388092],[0.67494405],[1.05930911]
[2.64275194],[0.8106831],[1.51346944]
[3.11299095],[0.8871677],[1.85187268]
[3.26273822],[0.93213445],[2.02840707]
[3.73985663],[0.98182256],[2.32808929]
[3.78701328],[1.00275279],[2.48007491]
[4.13726736],[1.02031011],[2.77020385]
[4.22407794],[1.03261414],[2.99285405]
[4.47581149],[1.09923689],[3.31125889]
[4.44816877],[1.13021183],[3.50022032]
[4.59935478],[1.1606657],[3.71926689]
[4.53767253],[1.19147972],[3.79983943]
[4.67447291],[1.21572044],[3.96686819]
[4.62615102],[1.23572005],[4.02530036]
[4.74358555],[1.26252317],[4.17249953]
[4.71029277],[1.28213119],[4.24451669]
[4.84280409],[1.30617005],[4.3881202]
[4.79662637],[1.32813179],[4.46767464]
[4.9128404],[1.3508618],[4.58731356]
[4.82838835],[1.36317359],[4.63194972]
[4.93318655],[1.37871774],[4.75103963]
[4.85041037],[1.3935691],[4.78522308]
[4.94010031],[1.4076429],[4.85868923]
[4.84349234],[1.4186869],[4.88119946]
[4.93640801],[1.42949489],[4.95734414]
[4.84011815],[1.43852862],[4.9766204]
[4.92600007],[1.44614843],[5.04470917]
[4.83014314],[1.4534578],[5.07910243]
[4.90742169],[1.4637816],[5.15044704]
[4.87067486],[1.46436662],[5.17634804]
[4.90488016],[1.46898049],[5.22686523]
[4.87523515],[1.45984434],[5.23012655]
[4.90703257],[1.45597799],[5.24540772]
[4.87734658],[1.45203238],[5.21067802]
[4.90892983],[1.45074558],[5.1932021]
[4.85799857],[1.4500253],[5.1681257]
[4.8471312],[1.44674202],[5.14809847]
[4.83573926],[1.44386539],[5.13524327]
[4.82179133],[1.44180936],[5.11632986]
[4.81123679],[1.43643959],[5.07887907]
[4.79983158],[1.42790627],[5.02707973]
[4.78619937],[1.42038821],[4.9725432]
[4.76750622],[1.41237488],[4.9124862]
[4.75286984],[1.40262251],[4.84672118]
[4.73791506],[1.39330086],[4.77994988]
[4.72323655],[1.38534475],[4.70223098]
[4.70148848],[1.37713034],[4.63201781]
[4.68041044],[1.36725077],[4.55964261]
[4.65191898],[1.35856638],[4.49187295]
[4.60977131],[1.34963527],[4.4152004]
[4.56947776],[1.33892188],[4.33503212]
[4.5345074],[1.32901831],[4.26077319]
[4.10890492],[1.31881754],[3.98172085]
[0.],[0.],[0.]
[0.15456719],[0.09071581],[0.00670495]
[2.01935652],[0.68450917],[1.08713387]
[2.68695583],[0.8216053],[1.56280253]
[3.2078266],[0.897101],[1.91743415]
[3.35945209],[0.94607247],[2.11604345]
[3.82859359],[0.99256671],[2.44340642]
[3.87723193],[1.01107607],[2.6068036]
[4.22584766],[1.03142161],[2.95164962]
[4.2898077],[1.077033],[3.19416885]
[4.53657695],[1.14219976],[3.5103109]
[4.50108581],[1.16837036],[3.66519196]
[4.66060932],[1.19899316],[3.89201615]
[4.58466574],[1.22731032],[3.96696486]
[4.73371439],[1.24959983],[4.13716025]
[4.67278472],[1.26775788],[4.19117798]
[4.80215339],[1.29374519],[4.34624173]
[4.75739631],[1.31303316],[4.42156597]
[4.9032995],[1.33606614],[4.57764398]
[4.8461854],[1.35689885],[4.65061937]
[4.96862151],[1.37954367],[4.77822159]
[4.87431805],[1.39707004],[4.85308786]
[4.98976265],[1.41836343],[4.99706223]
[4.90004232],[1.43594412],[5.04562186]
[5.00490842],[1.45288802],[5.15904884]
[4.90024152],[1.46404233],[5.19874013]
[5.00779935],[1.47373805],[5.31666021]
[4.9004664],[1.4827327],[5.34063214]
[5.01403727],[1.49556928],[5.46157029]
[4.90602804],[1.49950418],[5.48434284]
[5.03197832],[1.5165777],[5.60291331]
[4.97452318],[1.51161735],[5.68268579]
[5.03801115],[1.51580413],[5.7367184]
[4.9824236],[1.50758569],[5.79357715]
[5.07609128],[1.50301571],[5.8090702]
[4.99599499],[1.49737722],[5.78089274]
[5.10710482],[1.49276071],[5.74330551]
[5.0011479],[1.48726753],[5.65591789]
[4.96683244],[1.47978787],[5.58523315]
[4.94804104],[1.47274154],[5.52680608]
[4.91696419],[1.46646504],[5.46424276]
[4.88018898],[1.4579369],[5.34446443]
[4.86064144],[1.44826742],[5.24121385]
[4.84443689],[1.44199738],[5.17735756]
[4.82012483],[1.43442929],[5.11268438]
[4.80310405],[1.42482236],[5.04461191]
[4.78723498],[1.41532012],[4.98184152]
[4.77026577],[1.40708026],[4.90864016]
[4.74688223],[1.39844898],[4.81599567]
[4.72493652],[1.38955011],[4.73632859]
[4.70028122],[1.38172618],[4.66706342]
[4.65794214],[1.37443612],[4.59057776]
[4.61778719],[1.36542155],[4.51111839]
[4.58068352],[1.35764618],[4.43448871]
[4.14441324],[1.34897315],[4.15045724]
[0.],[0.],[0.]
[0.15373626],[0.08781467],[0.00643854]
[2.05981974],[0.69065392],[1.11491318]
[2.71762856],[0.82824501],[1.59660091]
[3.31158969],[0.90212682],[1.9735071]
[3.42707449],[0.95389802],[2.17415866]
[3.91002289],[0.99845111],[2.51652681]
[3.95077188],[1.0174467],[2.70601688]
[4.2971464],[1.03995194],[3.09005542]
[4.34510764],[1.10272537],[3.31368861]
[4.60382512],[1.16659477],[3.63873394]
[4.56068794],[1.19101276],[3.77283052]
[4.73275428],[1.22420195],[4.0213429]
[4.63560389],[1.25113851],[4.0856288]
[4.80331611],[1.27266883],[4.26957673]
[4.72405155],[1.29097967],[4.32148968]
[4.86916034],[1.31728639],[4.48741342]
[4.81233642],[1.33616865],[4.57018952]
[4.98396787],[1.36813644],[4.7717039]
[4.90310708],[1.39634832],[4.87871175]
[5.04680363],[1.43504586],[5.09114493]
[4.93472853],[1.45250409],[5.19439044]
[5.0856663],[1.47565738],[5.40421581]
[4.98550437],[1.49384257],[5.45068646]
[5.15925891],[1.50680539],[5.60491349]
[5.03889262],[1.51591047],[5.67714306]
[5.20259955],[1.52878513],[5.80181194]
[5.09210677],[1.53395106],[5.89373492]
[5.25297732],[1.55601317],[6.03955157]
[5.13586489],[1.55126295],[6.11225832]
[5.29695684],[1.57805411],[6.26737714]
[5.24593271],[1.56507106],[6.32328294]
[5.32268629],[1.56708114],[6.39619502]
[5.28954304],[1.55750776],[6.40197868]
[5.3569605],[1.55123405],[6.4232097]
[5.33661308],[1.54583327],[6.3798015]
[5.3940462],[1.54062232],[6.3646102]
[5.35694733],[1.5351004],[6.26271171]
[5.29111093],[1.52700935],[6.18027601]
[5.23674776],[1.51908495],[6.10003946]
[5.15795643],[1.50996402],[6.00850135]
[5.07345026],[1.49834508],[5.87953698]
[4.97960174],[1.48744299],[5.71985704]
[4.94893586],[1.4760882],[5.57083815]
[4.90592332],[1.46416111],[5.4105705]
[4.86966708],[1.450439],[5.2549768]
[4.85058405],[1.44092489],[5.17100061]
[4.83039255],[1.43144877],[5.08830985]
[4.80063443],[1.42169911],[4.99049097]
[4.77930181],[1.41179184],[4.89259949]
[4.75593879],[1.40389316],[4.80713441]
[4.71147565],[1.39640077],[4.72664125]
[4.6696602],[1.38717906],[4.64388507]
[4.63174112],[1.37902762],[4.56492394]
[4.17991867],[1.37127437],[4.26989087]
[0.],[0.],[0.]
[0.16428797],[0.09241829],[0.00725354]
[2.10643489],[0.69615438],[1.14308192]
[2.74490006],[0.8351751],[1.63070714]
[3.38228175],[0.90900863],[2.06080387]
[3.48770268],[0.96189119],[2.23389064]
[3.97593145],[1.00573745],[2.64614323]
[4.01923467],[1.02425281],[2.82598142]
[4.36494801],[1.06601902],[3.28116512]
[4.40648577],[1.12729111],[3.43104623]
[4.67360393],[1.18891603],[3.80589906]
[4.61727649],[1.21302684],[3.88187773]
[4.8072773],[1.2471795],[4.20343696]
[4.69522172],[1.27233549],[4.21277044]
[4.88779783],[1.29377035],[4.41865848]
[4.78607361],[1.31656725],[4.48076796]
[4.96531438],[1.35274612],[4.70072125]
[4.87527845],[1.38227211],[4.82771479]
[5.08308867],[1.43012164],[5.11863342]
[4.97566925],[1.44811595],[5.26913916]
[5.17249578],[1.49577777],[5.53712304]
[5.07268217],[1.50765098],[5.62162059]
[5.33020745],[1.53056741],[5.89355074]
[5.27200441],[1.54200504],[6.05498698]
[5.4761536],[1.56031145],[6.24559378]
[5.37727956],[1.56365429],[6.30642399]
[5.53793051],[1.5862509],[6.50530489]
[5.43321758],[1.58151209],[6.53626422]
[5.59674507],[1.6130635],[6.73794644]
[5.49296676],[1.60518927],[6.75725138]
[5.63847707],[1.63422885],[6.95152983]
[5.62088583],[1.61700544],[6.98774999]
[5.6610497],[1.6210788],[7.07427986]
[5.67964417],[1.61431758],[7.07297617]
[5.69641111],[1.60722845],[7.10247667]
[5.73605959],[1.59981702],[7.0450944]
[5.73793799],[1.59046129],[7.05608845]
[5.7555381],[1.58118338],[6.92836855]
[5.7078722],[1.57201591],[6.83568658]
[5.651703],[1.56123666],[6.73656645]
[5.54841876],[1.55115053],[6.60606509]
[5.43458587],[1.54087442],[6.45293576]
[5.33585565],[1.53006136],[6.27670217]
[5.24216025],[1.51783603],[6.10895624]
[5.14768613],[1.50424698],[5.94022575]
[5.04507672],[1.48725733],[5.76162253]
[4.9699912],[1.47126501],[5.59533196]
[4.93563896],[1.45577726],[5.42818237]
[4.88763504],[1.44157772],[5.2197249]
[4.85311113],[1.42779723],[5.0689248]
[4.81729629],[1.41853286],[4.96186839]
[4.77657047],[1.4110562],[4.85737584]
[4.73277016],[1.40192862],[4.77236796]
[4.68938451],[1.39381597],[4.68884102]
[4.21791793],[1.38620791],[4.37986632]
[0.],[0.],[0.]
[0.16897034],[0.09698309],[0.00784195]
[2.09616744],[0.70397984],[1.17345761]
[2.74451873],[0.84706151],[1.67139365]
[3.44127718],[0.92337751],[2.13746288]
[3.54345682],[0.97256336],[2.31168023]
[4.0300017],[1.0176457],[2.75454709]
[4.08769652],[1.03465189],[2.96688724]
[4.42481056],[1.09792437],[3.43587369]
[4.46844485],[1.1571073],[3.56150585]
[4.73558051],[1.21555158],[3.94327201]
[4.67636233],[1.24093757],[4.01365531]
[4.88551386],[1.27788109],[4.41729977]
[4.75887528],[1.31143292],[4.40585762]
[4.98140516],[1.34532224],[4.72874494]
[4.84997599],[1.37336214],[4.76216691]
[5.06471149],[1.4095753],[5.08214586]
[4.96807324],[1.43801941],[5.24356886]
[5.23846624],[1.49666631],[5.6128578]
[5.17853898],[1.50805708],[5.73094323]
[5.45762835],[1.55753858],[6.03257938]
[5.38947288],[1.56153401],[6.22421142]
[5.64091976],[1.59200111],[6.54348994]
[5.59495818],[1.5927479],[6.67162096]
[5.81589525],[1.62128416],[6.94531994]
[5.74603182],[1.61427209],[6.99055512]
[5.90134463],[1.6457988],[7.24357026]
[5.79649297],[1.63849585],[7.24550571]
[5.95908001],[1.66813734],[7.52714188]
[5.87239346],[1.66169392],[7.54667355]
[6.00723078],[1.69056863],[7.83436611]
[6.01313491],[1.70359249],[7.92540503]
[6.00325893],[1.70999893],[8.02101917]
[6.05227711],[1.69389875],[8.07869725]
[6.03639706],[1.67776669],[8.07967337]
[6.08959399],[1.6582876],[8.05229559]
[6.09879084],[1.64731614],[8.00330102]
[6.14197115],[1.63726628],[7.91108428]
[6.13399134],[1.62756551],[7.77296074]
[6.06184872],[1.61227591],[7.64711535]
[5.96074599],[1.59962476],[7.51171589]
[5.83312571],[1.58706423],[7.31666256]
[5.7344511],[1.57583675],[7.05998755]
[5.65938479],[1.56450618],[6.79975809]
[5.55431339],[1.55187884],[6.57883943]
[5.42313057],[1.53545766],[6.36185207]
[5.32713607],[1.5198305],[6.16987492]
[5.2335576],[1.50307678],[5.982391]
[5.13168043],[1.48594614],[5.77644887]
[5.01621421],[1.46816682],[5.52686197]
[4.93091506],[1.45297538],[5.29846617]
[4.87655087],[1.43768847],[5.13132425]
[4.80160947],[1.424422],[4.95740241]
[4.7501519],[1.41510679],[4.83922544]
[4.28375773],[1.40759653],[4.53008802]
[0.],[0.],[0.]
[0.16146241],[0.08578394],[0.00658039]
[2.15080653],[0.71159591],[1.21161654]
[2.77361998],[0.85532225],[1.71708779]
[3.50961588],[0.93572008],[2.25218616]
[3.61767494],[0.98400752],[2.4048633]
[4.09579006],[1.02969482],[3.00826519]
[4.16596176],[1.0726802],[3.14896816]
[4.49738759],[1.14029849],[3.67732468]
[4.54599077],[1.19699762],[3.75100906]
[4.82485908],[1.25832958],[4.26141424]
[4.7623436],[1.2936971],[4.26990175]
[4.97729752],[1.34058701],[4.80941934]
[4.85277215],[1.37436733],[4.76839006]
[5.09757745],[1.40645531],[5.26268204]
[4.99176308],[1.43356924],[5.25776866]
[5.25256817],[1.48302282],[5.70917193]
[5.16460489],[1.50173491],[5.78904489]
[5.51030219],[1.56328888],[6.24441982]
[5.48040178],[1.57507063],[6.36810938]
[5.7729343],[1.62053962],[6.78721453]
[5.73482518],[1.62081595],[6.86894448]
[5.99189873],[1.65536593],[7.34697149]
[5.95781811],[1.65171766],[7.44524377]
[6.21462756],[1.68006536],[7.93645837]
[6.14741813],[1.67703034],[7.98804505]
[6.34010224],[1.70164663],[8.31824159]
[6.20016987],[1.73037133],[8.31935351]
[6.42291439],[1.75244765],[8.65621817]
[6.27436829],[1.77609164],[8.64318266]
[6.49108107],[1.79305792],[8.94555583]
[6.49799877],[1.81341958],[9.04195239]
[6.54258582],[1.82149248],[9.13094975]
[6.54942296],[1.81864379],[9.240859]
[6.5571658],[1.80561638],[9.24677113]
[6.55892584],[1.78562898],[9.27820186]
[6.59078884],[1.76486443],[9.23263223]
[6.55724563],[1.74275454],[9.13961033]
[6.60947546],[1.71725929],[8.9826195]
[6.56393663],[1.69516028],[8.81361977]
[6.50150614],[1.67147733],[8.62495146]
[6.39468321],[1.63893627],[8.36077145]
[6.26512631],[1.62593699],[8.05374685]
[6.08500168],[1.60923729],[7.78402082]
[5.95694807],[1.59453173],[7.54200971]
[5.83973307],[1.57941336],[7.28196435]
[5.73399509],[1.56487137],[7.00719932]
[5.6542004],[1.54958531],[6.70076635]
[5.5384881],[1.53434683],[6.44252765]
[5.40421555],[1.51744118],[6.19298852]
[5.29052985],[1.50206378],[5.96268865]
[5.17029214],[1.48716225],[5.71839044]
[4.99193118],[1.47155581],[5.45325179]
[4.89826599],[1.45880823],[5.28132037]
[4.38263146],[1.44798277],[4.88380597]
[0.],[0.],[0.]
[0.16143706],[0.0813384],[0.00621258]
[2.207935],[0.71869675],[1.25127889]
[2.80190417],[0.86212382],[1.75797067]
[3.56066613],[0.94293607],[2.33469717]
[3.68187793],[0.99071728],[2.49072573]
[4.15612169],[1.03771266],[3.19276142]
[4.24847843],[1.10614049],[3.28776216]
[4.57114228],[1.18451595],[3.92397998]
[4.62727411],[1.24854139],[3.96971799]
[4.90173545],[1.30909693],[4.56314976]
[4.85222442],[1.34931968],[4.5784556]
[5.09379981],[1.39800094],[5.22436247]
[4.99138722],[1.42934865],[5.21140196]
[5.26589837],[1.46943088],[5.73820387]
[5.14521291],[1.49117262],[5.75348478]
[5.45578484],[1.54766496],[6.25200129]
[5.41752365],[1.56791182],[6.37020429]
[5.7688328],[1.62542801],[6.88746546]
[5.78867807],[1.64020263],[6.99316464]
[6.07945389],[1.68124848],[7.47996259]
[6.08984814],[1.67898637],[7.61226853]
[6.36563324],[1.71024015],[8.20502372]
[6.32812432],[1.73113631],[8.45043192]
[6.65108119],[1.76689793],[8.95591734]
[6.58065138],[1.80610932],[9.14804451]
[6.80696977],[1.82377427],[9.46734436]
[6.61755012],[1.84978934],[9.59016429]
[6.87912771],[1.86961506],[9.93295056]
[6.70864615],[1.89121422],[9.99336607]
[6.95171551],[1.90631517],[10.3178291]
[6.91350574],[1.92145554],[10.42613528]
[6.96932505],[1.93490299],[10.53187166]
[6.97541962],[1.9444743],[10.58960154]
[7.0118437],[1.93498609],[10.60270324]
[7.03854244],[1.91979051],[10.59513581]
[7.12360183],[1.90396329],[10.57323529]
[7.12662898],[1.88519679],[10.45851105]
[7.17439478],[1.86462268],[10.35950712]
[7.19157321],[1.84534435],[10.18361705]
[7.1011859],[1.825745],[9.97670787]
[6.90390254],[1.78804158],[9.68830737]
[6.70272197],[1.75091807],[9.35371761]
[6.57973321],[1.72381051],[9.08163751]
[6.49103955],[1.69693211],[8.7816075]
[6.40159674],[1.66579835],[8.41623116]
[6.26752825],[1.62192484],[8.09157541]
[6.08420655],[1.60481557],[7.78896566]
[5.95594448],[1.59123388],[7.51219925]
[5.84963536],[1.57629216],[7.24270586]
[5.74486302],[1.56212088],[6.89314106]
[5.65560375],[1.54824197],[6.56348174]
[5.5107466],[1.53227943],[6.26846309]
[5.28921889],[1.5174699],[5.98367671]
[4.64993685],[1.5036167],[5.44742625]
[0.],[0.],[0.]
[0.16838001],[0.08077797],[0.00642699]
[2.25829056],[0.72446109],[1.29267322]
[2.83167128],[0.86512491],[1.78607161]
[3.58974944],[0.94839612],[2.39283289]
[3.73183934],[0.99736263],[2.56324415]
[4.19915516],[1.05598348],[3.34718848]
[4.30392116],[1.14172588],[3.42350082]
[4.61151123],[1.22142647],[4.12825511]
[4.68690353],[1.28652023],[4.15747891]
[4.97652939],[1.34964687],[4.8143918]
[4.95467397],[1.39154235],[4.89291481]
[5.19220155],[1.44483048],[5.54068496]
[5.10480551],[1.4768192],[5.56919489]
[5.37555097],[1.52451496],[6.11679553]
[5.27559309],[1.53926544],[6.16022905]
[5.59520357],[1.60102566],[6.69930122]
[5.583631],[1.62487324],[6.87421955]
[5.92689797],[1.67748153],[7.36332475]
[5.9870132],[1.68916105],[7.54302689]
[6.2941722],[1.72715561],[8.04341597]
[6.30441004],[1.73631245],[8.37488231]
[6.59985599],[1.79512315],[9.00625288]
[6.57587375],[1.83798689],[9.30510756]
[6.86095365],[1.8696105],[9.96129779]
[6.78785018],[1.90050351],[10.20033818]
[7.03251256],[1.91792136],[10.62623139]
[6.88555223],[1.94009417],[10.66383983]
[7.12154853],[1.95886798],[11.05715452]
[6.99073698],[1.97872957],[11.05658468]
[7.19205049],[1.99225625],[11.40095416]
[7.22781773],[2.00603945],[11.52852288]
[7.30574586],[2.02272362],[11.74201542]
[7.34986296],[2.02999215],[11.83992869]
[7.37004984],[2.02370158],[11.92473278]
[7.40951222],[2.0133679],[11.95577288]
[7.4066159],[2.00317112],[11.94937448]
[7.41141709],[1.99025677],[11.86555272]
[7.41324292],[1.97615825],[11.78873932]
[7.42340919],[1.96271931],[11.64935114]
[7.3767699],[1.94642529],[11.45496225]
[7.26666429],[1.92329247],[11.22364249]
[7.162961],[1.8961729],[10.9127013]
[7.02601318],[1.86827853],[10.53104692]
[6.81716358],[1.84063171],[10.07928433]
[6.7013739],[1.81434484],[9.7464741]
[6.59837125],[1.77445598],[9.46682587]
[6.53003185],[1.72436203],[9.17128353]
[6.42033386],[1.67268563],[8.83281352]
[6.29685484],[1.62544977],[8.43110623]
[6.14522965],[1.61114011],[8.02252722]
[6.0245463],[1.59749387],[7.59827762]
[5.91828605],[1.58256662],[7.19949635]
[5.65958385],[1.56842632],[6.74982973]
[4.93126557],[1.55398352],[6.09480592]
[0.],[0.],[0.]
[0.1909542],[0.09517357],[0.00866411]
[2.26710368],[0.75116757],[1.34422151]
[2.84754778],[0.89021424],[1.82673062]
[3.61185046],[0.96606689],[2.45889354]
[3.76691891],[1.01788888],[2.65239545]
[4.22829526],[1.08186147],[3.4721139]
[4.35122194],[1.16732464],[3.5423814]
[4.66498956],[1.24651939],[4.28148615]
[4.76016917],[1.31154424],[4.31552451]
[5.06101016],[1.38021074],[5.01876126]
[5.04501191],[1.42628102],[5.12658458]
[5.28558703],[1.48286074],[5.78518557]
[5.19465008],[1.51180545],[5.85827831]
[5.480144],[1.56670781],[6.42131088]
[5.42337445],[1.58418446],[6.53652178]
[5.72553221],[1.64209469],[7.06856159]
[5.74226533],[1.66597281],[7.24996411]
[6.09109994],[1.71363007],[7.80080818]
[6.16017777],[1.72554607],[7.97392687]
[6.49032996],[1.76122039],[8.64317187]
[6.49684862],[1.81735292],[8.9605301]
[6.82837619],[1.87073367],[9.62134003]
[6.73026064],[1.91132116],[10.04448363]
[7.05752214],[1.94101195],[10.73645912]
[7.01510761],[1.96991461],[10.93348896]
[7.25824155],[1.98724207],[11.43459618]
[7.16186456],[2.00884696],[11.54860513]
[7.39543792],[2.02791707],[12.02044708]
[7.31587494],[2.04832927],[12.10911752]
[7.48965244],[2.06349767],[12.48471063]
[7.50559269],[2.07962256],[12.64346539]
[7.51082664],[2.09694654],[12.79570739]
[7.5547845],[2.10392066],[12.92179624]
[7.57402984],[2.10547946],[12.99510391]
[7.61868666],[2.09891933],[13.06829938]
[7.62571195],[2.09101152],[13.08013615]
[7.72317026],[2.07845153],[13.0732978]
[7.74069104],[2.06459597],[13.00675748]
[7.87059579],[2.05216176],[13.01861781]
[7.81245078],[2.03646938],[12.79704942]
[7.64394764],[2.01853952],[12.51691328]
[7.48647563],[1.9965462],[12.18874109]
[7.38787958],[1.97427681],[11.87860491]
[7.27074858],[1.95118899],[11.51304383]
[7.17826456],[1.92409511],[11.12997698]
[7.05493633],[1.89278161],[10.73889573]
[6.87589199],[1.85131322],[10.31558863]
[6.70939826],[1.80721597],[9.87589911]
[6.60017318],[1.75620098],[9.49004773]
[6.50967539],[1.70313186],[9.11110211]
[6.41439526],[1.64822664],[8.68881224]
[6.29580595],[1.6255407],[8.03009834]
[6.067773],[1.61205035],[7.57601455]
[5.22688431],[1.59817606],[6.7342527]
[0.],[0.],[0.]
[0.15487108],[0.07214743],[0.00523324]
[2.27891693],[0.76320594],[1.38555918]
[2.89460444],[0.90723047],[1.87573061]
[3.62714838],[0.98301291],[2.52323423]
[3.82068148],[1.03243174],[2.80457062]
[4.26692361],[1.12008466],[3.64572345]
[4.44278723],[1.20350394],[3.76518158]
[4.73001533],[1.28319523],[4.49940949]
[4.84940963],[1.34884002],[4.66050781]
[5.14090171],[1.42393413],[5.28086792]
[5.15252955],[1.46168462],[5.51007047]
[5.38491516],[1.53117049],[6.11022677]
[5.30822088],[1.54627208],[6.26405908]
[5.60394215],[1.6111373],[6.79639003]
[5.5835483],[1.6293096],[7.00801311]
[5.86504139],[1.68077818],[7.50321955]
[5.93379162],[1.70015334],[7.71445199]
[6.23814677],[1.74739063],[8.26487718]
[6.35306914],[1.76047154],[8.5848204]
[6.71127934],[1.80209906],[9.22317025]
[6.71946449],[1.87720506],[9.58272505]
[7.03007869],[1.92639491],[10.35043274]
[6.99721121],[1.9660517],[10.76835235]
[7.28925624],[1.9973968],[11.4564139]
[7.34277225],[2.02623923],[11.86608082]
[7.56298836],[2.04595016],[12.47215779]
[7.51396605],[2.06810557],[12.59500485]
[7.62895578],[2.08909422],[13.06356921]
[7.63962132],[2.1082539],[13.17447484]
[7.69148898],[2.12308679],[13.53882248]
[7.78962749],[2.13778726],[13.71774867]
[7.83066897],[2.15764503],[13.87176894]
[7.95395052],[2.16414045],[14.09537262]
[8.03030665],[2.16562957],[14.22895995]
[8.14356583],[2.15971258],[14.42779995]
[8.19788067],[2.15224711],[14.49520553]
[8.24079852],[2.14156014],[14.54446319]
[8.28865777],[2.1299103],[14.49762089]
[8.29679435],[2.11849642],[14.40531421]
[8.3193879],[2.10195032],[14.24372108]
[8.24185854],[2.08388545],[13.97575498]
[8.15511282],[2.06207628],[13.67096996]
[8.00778656],[2.04157259],[13.26458406]
[7.81635199],[2.02091841],[12.77601422]
[7.56312756],[1.99584333],[12.25974804]
[7.41839137],[1.96550216],[11.89571718]
[7.3308119],[1.92673943],[11.54069926]
[7.2129317],[1.88935154],[11.15799711]
[7.09035457],[1.84458814],[10.71289793]
[6.93536517],[1.79814625],[10.20244589]
[6.75456193],[1.74825819],[9.67345534]
[6.64391901],[1.69311016],[9.10904702]
[6.52531263],[1.64435618],[8.51610153]
[5.64782155],[1.63067833],[7.43795208]
[0.],[0.],[0.]
[0.11096684],[0.04654234],[0.00232145]
[2.28796066],[0.77667737],[1.42430199]
[2.9446731],[0.92525489],[1.92979804]
[3.65940897],[0.99727064],[2.57990268]
[3.89226795],[1.04440795],[2.98022301]
[4.31174469],[1.14288787],[3.76251174]
[4.52097457],[1.22678548],[3.99740238]
[4.78243143],[1.32360292],[4.66566281]
[4.92042104],[1.37842206],[4.91301685]
[5.19951551],[1.46502014],[5.48251036]
[5.23969846],[1.49907335],[5.81059299]
[5.44541276],[1.57192191],[6.37189715]
[5.42400296],[1.59055181],[6.63450941]
[5.69675981],[1.65246124],[7.18187296]
[5.71515713],[1.67067103],[7.38632625]
[6.01465404],[1.71528705],[7.94587552]
[6.08171614],[1.73673703],[8.17673168]
[6.42208034],[1.78030096],[8.87169868]
[6.56099907],[1.8279033],[9.23657917]
[6.9456282],[1.89533253],[9.95046021]
[6.95252318],[1.96148047],[10.44828943]
[7.24908088],[2.00683228],[11.26797069]
[7.28773821],[2.04245642],[11.6512184]
[7.58297762],[2.07060149],[12.55712862]
[7.60253199],[2.09512891],[12.96287156]
[7.79771891],[2.11392538],[13.53691264]
[7.85126149],[2.13421435],[13.74601306]
[7.92805038],[2.15354833],[14.19724099]
[8.10952428],[2.16968646],[14.46610714]
[8.16498973],[2.18305912],[14.82891329]
[8.30206409],[2.19627483],[15.1674693]
[8.36682488],[2.22066258],[15.37887886]
[8.3926967],[2.2240873],[15.5730363]
[8.44084136],[2.22523628],[15.71498718]
[8.44392264],[2.21757412],[15.83144498]
[8.52016381],[2.2108326],[15.89638716]
[8.52621959],[2.20113778],[15.8841346]
[8.61354555],[2.19137321],[15.92248164]
[8.65015663],[2.18217012],[15.8164865]
[8.79875867],[2.16802306],[15.82806969]
[8.74566188],[2.15253008],[15.53596662]
[8.56355519],[2.13185267],[15.12518985]
[8.38343476],[2.11164569],[14.73208181]
[8.26420633],[2.09149551],[14.28330498]
[8.15565128],[2.06831389],[13.83425277]
[8.04827509],[2.04202815],[13.38626248]
[7.90136679],[2.00896716],[12.91966135]
[7.68115831],[1.9723642],[12.36747665]
[7.47688542],[1.93395258],[11.90903666]
[7.37198956],[1.89736268],[11.48476186]
[7.24479464],[1.85658781],[10.92198625]
[7.12202936],[1.81042466],[10.30488474]
[6.94154299],[1.7613205],[9.59884892]
[6.07971671],[1.71129807],[8.44064697]
[0.],[0.],[0.]
[0.05321362],[0.01948254],[0.00039375]
[2.29716355],[0.7869681],[1.45332456]
[2.9992969],[0.94045927],[1.98384814]
[3.71443106],[1.01098041],[2.64096022]
[3.9599055],[1.05423629],[3.11718796]
[4.3566905],[1.16260775],[3.86344123]
[4.59209935],[1.25013729],[4.19012372]
[4.83500973],[1.36028498],[4.82394804]
[4.98866792],[1.41338983],[5.12542368]
[5.25820144],[1.50254252],[5.69407476]
[5.31371439],[1.5434645],[6.09121645]
[5.50898282],[1.61692776],[6.65833743]
[5.52712124],[1.6387407],[7.01427364]
[5.78092829],[1.69369437],[7.61473047]
[5.84006507],[1.71086876],[7.87513887]
[6.1216348],[1.75513181],[8.46051428]
[6.23808725],[1.77614726],[8.85929852]
[6.5837564],[1.8350602],[9.5368192]
[6.75760483],[1.9120314],[9.97414399]
[7.12344622],[1.97383994],[10.81766982]
[7.22233228],[2.03356881],[11.36438816]
[7.53522979],[2.07455776],[12.16614733]
[7.58365416],[2.10618445],[12.76427056]
[7.80126051],[2.13605698],[13.53837981]
[7.92261578],[2.15400834],[14.02471721]
[8.19910476],[2.17414572],[14.7754979]
[8.37617997],[2.19213384],[15.13857578]
[8.46222359],[2.2103836],[15.63631477]
[8.48892591],[2.23189864],[15.89328585]
[8.56954047],[2.25702562],[16.30393668]
[8.61898654],[2.28276565],[16.54286065]
[8.70716374],[2.31950038],[16.80784208]
[8.73195749],[2.32649718],[16.96763777]
[8.83149107],[2.32266848],[17.21914413]
[8.89568268],[2.30911751],[17.38692055]
[8.98699725],[2.29731258],[17.59059323]
[9.03766794],[2.28209663],[17.61653818]
[9.07617882],[2.26697103],[17.67582436]
[9.12634834],[2.25108133],[17.61911397]
[9.13423624],[2.23347394],[17.48039138]
[9.17131915],[2.21291616],[17.26798866]
[9.09670023],[2.18786691],[16.95402401]
[8.98331734],[2.16978057],[16.51225046]
[8.83371134],[2.15121538],[15.92489083]
[8.61639629],[2.13022747],[15.28199007]
[8.38452543],[2.10417997],[14.7423724]
[8.27192666],[2.0725585],[14.30527601]
[8.19003305],[2.03931007],[13.83413307]
[8.09268185],[2.00144916],[13.33959416]
[7.95185118],[1.96370173],[12.79431833]
[7.73823313],[1.92756548],[12.11058032]
[7.52176165],[1.88903393],[11.39988128]
[7.4040317],[1.84543697],[10.75005063]
[6.53568837],[1.80082902],[9.3968648]
[0.],[0.],[0.]
[0.02055362],[0.00760451],[3.47210507e-05]
[2.30844325],[0.81272825],[1.50118436]
[3.00828267],[0.95949774],[2.0373189]
[3.77135916],[1.02657124],[2.71932526]
[4.00113949],[1.06169433],[3.19239261]
[4.39727826],[1.18528505],[3.95860902]
[4.64216975],[1.27892438],[4.35731886]
[4.88856251],[1.40028205],[4.99592443]
[5.0385706],[1.45851266],[5.33799377]
[5.337716],[1.54692662],[5.98479309]
[5.37388998],[1.597673],[6.38332222]
[5.6192011],[1.66893708],[7.03561268]
[5.6484658],[1.687621],[7.4399713]
[5.91449418],[1.73653658],[8.12514795]
[6.01758819],[1.75389651],[8.427233]
[6.24028782],[1.79570313],[9.1377037]
[6.42882369],[1.87153387],[9.55246166]
[6.83253035],[1.92495559],[10.27685732]
[6.92940042],[1.98871091],[10.88712441]
[7.32133656],[2.0513194],[11.76320774]
[7.51542112],[2.10319434],[12.29033833]
[7.72611568],[2.14452655],[13.22039552]
[7.81493143],[2.17537476],[13.73208689]
[8.07023014],[2.2027193],[14.51375288]
[8.34398459],[2.21898512],[15.23842845]
[8.55451595],[2.2465577],[15.99179776]
[8.70794964],[2.25976316],[16.39057216]
[8.82040517],[2.29319255],[16.94332503]
[8.8969529],[2.3243347],[17.23929493]
[8.98414325],[2.34915991],[17.74115942]
[9.1034734],[2.37576904],[18.11892108]
[9.16179507],[2.41395091],[18.4958576]
[9.21032518],[2.42700528],[18.6924784]
[9.21886392],[2.42004861],[18.91242624]
[9.26295224],[2.41534336],[19.06914397]
[9.26771327],[2.4089288],[19.19034102]
[9.3610986],[2.39669201],[19.22553133]
[9.38009561],[2.38519378],[19.25969217]
[9.54942089],[2.37121547],[19.33002191]
[9.61808694],[2.35689628],[19.25754343]
[9.69635032],[2.34123316],[19.17663938]
[9.69641869],[2.31754955],[18.85205956]
[9.45841599],[2.27497738],[18.29976722]
[9.22755766],[2.22321703],[17.62598102]
[9.08669867],[2.18778507],[17.06472627]
[8.98345042],[2.16227743],[16.52464935]
[8.85274258],[2.13482881],[15.94885521]
[8.67701779],[2.10498593],[15.2897482]
[8.4526842],[2.07059741],[14.62735342]
[8.31130512],[2.03493896],[14.10390561]
[8.16924847],[1.99618145],[13.47920801]
[8.04218705],[1.9585871],[12.79674155]
[7.80959475],[1.92164112],[11.99215806]
[6.96045706],[1.88453263],[10.5143988]
[0.],[0.],[0.]
[0.],[0.],[0.]
[2.31872826],[0.82417448],[1.53396449]
[3.0398076],[0.97824181],[2.15452229]
[3.82860123],[1.04114657],[2.82187136]
[4.07557382],[1.07402589],[3.41850912]
[4.46784129],[1.23485195],[4.18884022]
[4.72562073],[1.32855698],[4.6786868]
[4.97391532],[1.45672564],[5.28187863]
[5.1625417],[1.51375863],[5.69764456]
[5.43659971],[1.60141684],[6.37316244]
[5.51971553],[1.6561236],[6.78373051]
[5.74611951],[1.71435044],[7.52459048]
[5.81013907],[1.73212431],[7.96827465]
[6.09789001],[1.77865804],[8.69739999]
[6.17760076],[1.82857802],[9.14269274]
[6.4633462],[1.88664045],[9.81920874]
[6.69370645],[1.95292154],[10.30700717]
[7.02503373],[2.00275537],[11.16234873]
[7.18287637],[2.07148596],[11.81450536]
[7.57718493],[2.1595126],[12.64547457]
[7.74693761],[2.18472162],[13.35147566]
[7.97038221],[2.23427998],[14.12617336]
[8.12421023],[2.24978314],[14.77889209]
[8.39109366],[2.28240908],[15.71885264]
[8.57655427],[2.29317345],[16.37130281]
[8.84989441],[2.32508704],[17.22045678]
[9.13516168],[2.35243233],[17.81911159]
[9.24777819],[2.3872892],[18.4832693]
[9.33454577],[2.41850795],[18.88171047]
[9.35765111],[2.44282634],[19.40675827]
[9.46874624],[2.4722002],[19.76111908]
[9.50127973],[2.54255012],[20.09274486]
[9.57314568],[2.57193299],[20.33568756]
[9.60356471],[2.55104625],[20.5120666]
[9.70175574],[2.54308242],[20.79414933]
[9.77091351],[2.53640751],[20.96844971]
[9.85333611],[2.52516259],[21.15407975]
[9.91836541],[2.51461779],[21.20349434]
[9.96203401],[2.5023495],[21.2543488]
[10.22770097],[2.4895736],[21.27295999]
[10.25241994],[2.47672474],[21.1227331]
[10.3279333],[2.45349472],[20.96271782]
[10.30657135],[2.42468532],[20.56846723]
[10.03963733],[2.38954154],[19.91338012]
[9.75517735],[2.34781336],[19.13404812]
[9.52794442],[2.29499415],[18.34024202]
[9.26904191],[2.24448684],[17.5786835]
[9.09200896],[2.19676891],[17.00595921]
[8.99598826],[2.12843493],[16.41647817]
[8.89032385],[2.09593049],[15.76642199]
[8.75102989],[2.06000792],[15.00400926]
[8.55152684],[2.02042853],[14.11934961]
[8.26441174],[1.98220421],[13.30425736]
[7.41670058],[1.94778964],[11.80468649]
[0.],[0.],[0.]
[0.],[0.],[0.]
[2.33438681],[0.84339271],[1.58751719]
[3.06002173],[0.99719813],[2.26060744]
[3.89592266],[1.05200243],[2.92923178]
[4.16013603],[1.10822525],[3.58063875]
[4.55977779],[1.27194612],[4.39704245]
[4.81225964],[1.36688613],[4.92451173]
[5.06723609],[1.49945993],[5.55583001]
[5.26997714],[1.55705641],[6.04391032]
[5.53066444],[1.64765654],[6.70737483]
[5.66131692],[1.69523161],[7.20544391]
[5.87452318],[1.75031693],[7.9561814]
[6.01390076],[1.76848647],[8.46921684]
[6.2248215],[1.83670963],[9.30061579]
[6.39152844],[1.91396988],[9.79908914]
[6.6870552],[1.97062606],[10.5128958]
[6.89126793],[2.03074436],[11.22034633]
[7.23225347],[2.12987663],[12.10777248]
[7.47062917],[2.19040537],[12.73222556]
[7.75066703],[2.24817998],[13.63321837]
[7.97079886],[2.27134203],[14.33305213]
[8.26538964],[2.30873389],[15.18968184]
[8.36654218],[2.32165765],[15.99891087]
[8.61170441],[2.35202441],[16.89110448]
[8.85841631],[2.38486552],[17.63160046]
[9.17934463],[2.41956565],[18.63123425]
[9.3794273],[2.44948687],[19.27670724]
[9.49261243],[2.5070819],[20.00357145]
[9.63212234],[2.56114039],[20.45049251]
[9.67927125],[2.60312485],[20.96710649]
[9.81434199],[2.64147299],[21.49692589]
[9.9057071],[2.69247355],[21.90682634]
[9.97565028],[2.71755356],[22.27806268]
[10.03876585],[2.69800127],[22.50429472]
[10.06541452],[2.67653634],[22.67508028]
[10.19072913],[2.6556152],[22.80861038]
[10.32292087],[2.64115586],[22.97719826]
[10.49145796],[2.62805485],[23.16404682]
[10.67266241],[2.613691],[23.2599793]
[10.76881677],[2.60142202],[23.37503994]
[10.95316767],[2.58899224],[23.36663136]
[11.08190488],[2.56433638],[23.15868529]
[11.19806641],[2.53599363],[22.90840531]
[11.16200484],[2.50595089],[22.30572299]
[10.72700594],[2.47071142],[21.44997984]
[10.30023089],[2.4370727],[20.63468107]
[9.89531573],[2.40205309],[19.83232019]
[9.7531888],[2.36573834],[19.08942983]
[9.55999474],[2.30918149],[18.2429494]
[9.26504612],[2.19728809],[17.39729828]
[9.05695825],[2.12566925],[16.65942544]
[8.96424008],[2.09161864],[15.86234474]
[8.84260009],[2.05421791],[14.99803344]
[7.83744255],[2.01899048],[13.12533277]
[0.],[0.],[0.]
[0.],[0.],[0.]
[2.34945587],[0.86323647],[1.63887307]
[3.07927427],[1.01261632],[2.35842336]
[3.94270816],[1.06308048],[3.03466068]
[4.24337318],[1.14863402],[3.75084433]
[4.63217882],[1.30839888],[4.60489391]
[4.89603896],[1.40986487],[5.16508827]
[5.15981054],[1.541005],[5.86584361]
[5.35033961],[1.6003635],[6.34634396]
[5.64569791],[1.68797048],[7.03211394]
[5.79611743],[1.73037094],[7.60012061]
[6.04936904],[1.78216724],[8.36998606]
[6.15700678],[1.8370405],[8.9836685]
[6.37650192],[1.91032699],[9.840109]
[6.62298948],[1.98158918],[10.40296006]
[6.95367131],[2.03985884],[11.22561905]
[7.11428523],[2.11106616],[12.0219373]
[7.46856485],[2.20292876],[12.85211227]
[7.69341687],[2.25303753],[13.56965494]
[7.9619244],[2.30385897],[14.47832007]
[8.25460549],[2.33010854],[15.30691677]
[8.52727736],[2.36660497],[16.27764304]
[8.61294235],[2.42270702],[17.10739997]
[8.84865668],[2.46028841],[18.06779634]
[9.19322898],[2.52233087],[19.06594561]
[9.38599846],[2.58567328],[20.06821617]
[9.63446675],[2.63477249],[20.84189123]
[9.79683333],[2.68887601],[21.60570328]
[9.98606591],[2.72685548],[22.27915425]
[10.06141851],[2.7596035],[22.88725702]
[10.12517791],[2.78675118],[23.4219388]
[10.21313608],[2.81970888],[23.82050005]
[10.30341302],[2.83293721],[24.07571192]
[10.4774222],[2.82284731],[24.46316161]
[10.64483256],[2.80678794],[24.7083799]
[10.78323246],[2.79079351],[25.03623217]
[10.96441525],[2.77325948],[25.22230914]
[11.10412118],[2.75294763],[25.42525178]
[11.26867265],[2.73273224],[25.5973376]
[11.44409949],[2.71130624],[25.66176132]
[11.56401998],[2.69605469],[25.66981439]
[11.7744605],[2.6692815],[25.57978477]
[11.93544696],[2.64459987],[25.34171652]
[12.02984086],[2.61766084],[24.95836328]
[11.98669874],[2.58677344],[24.21842096]
[11.58681083],[2.55788585],[23.32192259]
[11.16800005],[2.52768767],[22.2656695]
[10.72394953],[2.49557846],[21.31736802]
[10.27531816],[2.45537355],[20.34344675]
[9.86947886],[2.38019991],[19.55424324]
[9.72882113],[2.2683836],[18.62569427]
[9.53952114],[2.14842645],[17.57297058]
[9.30142043],[2.1151156],[16.46847024]
[8.24824621],[2.08126326],[14.61778712]
[0.],[0.],[0.]
[0.],[0.],[0.]
[2.36409191],[0.88633605],[1.70157754]
[3.091016],[1.02644252],[2.44126325]
[3.95608728],[1.07367656],[3.16122904]
[4.36028209],[1.18769451],[3.93707753]
[4.69718647],[1.3468939],[4.81562351]
[4.97279688],[1.45230745],[5.42136538]
[5.29235512],[1.58259392],[6.229564]
[5.41206773],[1.64359308],[6.64180206]
[5.7656767],[1.72318495],[7.40030363]
[5.97032858],[1.76517963],[8.00607978]
[6.18336723],[1.82219226],[8.78641849]
[6.29989985],[1.90102598],[9.50917534]
[6.58323653],[1.97355343],[10.37818679]
[6.8489599],[2.04228976],[11.07185589]
[7.1278846],[2.13117978],[12.04119256]
[7.34062151],[2.19155237],[12.73194083]
[7.68997602],[2.26044655],[13.60844118]
[7.88318625],[2.31254614],[14.43441755]
[8.1920711],[2.35350204],[15.36435159]
[8.42465621],[2.39608469],[16.30677224]
[8.72409344],[2.47658312],[17.36245128]
[8.86154233],[2.57550102],[18.2587435]
[9.13523224],[2.63786717],[19.46375844]
[9.40778063],[2.68769708],[20.43414296]
[9.60933885],[2.73740173],[21.44466335]
[9.94600329],[2.77576123],[22.37234153]
[10.13848852],[2.81457295],[23.30860004]
[10.25172452],[2.84129483],[23.91842143]
[10.43198095],[2.86657262],[24.55413756]
[10.59224878],[2.89494655],[25.13689104]
[10.73492253],[2.92374079],[25.84150742]
[10.92409251],[2.92955864],[26.34119219]
[11.04466885],[2.94269355],[26.76642428]
[11.23761924],[2.93454036],[27.08133049]
[11.39536975],[2.91942857],[27.35940952]
[11.52663322],[2.89909105],[27.55651918]
[11.7242455],[2.8803327],[27.76039206]
[11.86631453],[2.86219378],[27.91195558]
[12.03233477],[2.84151367],[28.17690122]
[12.22240578],[2.81705729],[28.23354494]
[12.34925719],[2.78429412],[28.20588403]
[12.55032772],[2.75439595],[28.05676061]
[12.68397491],[2.71945915],[27.7048068]
[12.71837979],[2.68250553],[27.07928269]
[12.62097176],[2.65593645],[26.04439701]
[12.22248408],[2.62856586],[25.02212059]
[11.84252643],[2.60025996],[23.9379854]
[11.43687267],[2.5615554],[22.93402589]
[11.04144295],[2.50248452],[21.84480009]
[10.62280523],[2.42534045],[20.7695805]
[10.24926691],[2.33993355],[19.57882794]
[9.86178921],[2.20505074],[18.4282162]
[8.92167499],[2.14441294],[16.35977195]
[0.06109576],[0.71623672],[0.00488707]
[0.51252529],[0.02582178],[0.00527771]
[2.37830327],[0.90105725],[1.75120803]
[3.1084927],[1.04135444],[2.53490834]
[3.96615155],[1.08639376],[3.3541193]
[4.45959062],[1.24181766],[4.18633828]
[4.75842626],[1.39766851],[5.069666]
[5.08855387],[1.50967784],[5.81777591]
[5.38375143],[1.6287095],[6.59612289]
[5.50883866],[1.69063334],[7.03314784]
[5.90021693],[1.75841612],[7.84506634]
[6.11475908],[1.79937167],[8.45537769]
[6.28303854],[1.87623981],[9.36382692]
[6.49514265],[1.96117204],[10.08414185]
[6.8578734],[2.05521502],[11.02908256]
[7.00327149],[2.12597226],[11.90610045]
[7.33447329],[2.20248893],[12.8004456]
[7.63235385],[2.2547799],[13.53083151]
[7.83780314],[2.3106958],[14.50412415]
[8.12242383],[2.35404318],[15.32750298]
[8.46006032],[2.40303321],[16.33029996]
[8.6350512],[2.47856182],[17.3744651]
[8.96826378],[2.6113516],[18.5411937]
[9.18606776],[2.69764988],[19.60905926]
[9.37560234],[2.7578409],[20.79717964]
[9.64623496],[2.80165324],[21.80494296]
[9.93964687],[2.84224265],[22.95154512]
[10.17856827],[2.87509107],[23.9103654]
[10.46531091],[2.9220842],[24.96997651]
[10.78922414],[2.95610422],[25.79018251]
[10.97300748],[2.99290494],[26.66041536]
[11.20526293],[3.02642987],[27.4640681]
[11.35425527],[3.04882059],[28.0770509]
[11.50352005],[3.06624532],[28.67076043]
[11.6970739],[3.0935539],[29.14316949]
[11.83602335],[3.07647658],[29.47757813]
[12.01602341],[3.05656195],[29.82734706]
[12.18743595],[3.03379914],[30.20654562]
[12.32526476],[3.01186209],[30.48072115]
[12.5289234],[2.99147393],[30.64875471]
[12.67459998],[2.9689828],[30.77611476]
[12.83947751],[2.94222242],[31.03226238]
[13.04050911],[2.90992615],[31.06308273]
[13.14249309],[2.87660928],[30.95445494]
[13.3361339],[2.83580959],[30.79676792]
[13.41855721],[2.79406969],[30.32319584]
[13.41763507],[2.76069153],[29.50199234]
[13.31137519],[2.72683748],[28.21135702]
[12.90385973],[2.69198272],[26.80593981]
[12.5111928],[2.65218411],[25.6078116]
[12.1009614],[2.6023359],[24.44087568]
[11.70689121],[2.53857638],[23.35887351]
[11.28586938],[2.46520907],[22.06062371]
[10.81092081],[2.38570185],[20.70029195]
[9.7056939],[2.2696147],[18.2602353]
[0.59370664],[1.0333159],[0.48792489]
[0.61059931],[0.05675307],[0.01568504]
[2.39127593],[0.91237266],[1.79151457]
[3.12455079],[1.05232115],[2.61022997]
[3.9750638],[1.09565212],[3.5094665]
[4.52378893],[1.28440295],[4.39567003]
[4.82762102],[1.44846294],[5.33738769]
[5.17860405],[1.55770312],[6.14019148]
[5.44519674],[1.67306426],[6.89566739]
[5.62556939],[1.72799803],[7.42921573]
[6.03900719],[1.79137111],[8.27037299]
[6.21022041],[1.85559833],[8.91440416]
[6.43717154],[1.97510631],[9.96651025]
[6.74204985],[2.04713638],[10.73596409]
[7.04079519],[2.15129057],[11.79611173]
[7.22179951],[2.20390693],[12.66277435]
[7.60181792],[2.26609881],[13.58507047]
[7.80357679],[2.31291475],[14.47439983]
[8.07621821],[2.3575762],[15.4346067]
[8.37464158],[2.41819328],[16.33986726]
[8.64103914],[2.51702585],[17.48976593]
[8.87780591],[2.62995878],[18.56886111]
[9.21751915],[2.7350914],[19.87113498]
[9.41718351],[2.80254639],[20.97688858]
[9.64165162],[2.85689214],[22.13066836]
[9.94614343],[2.90361053],[23.31619255]
[10.20097863],[2.95239084],[24.50248303]
[10.47146997],[2.99213854],[25.58705353]
[10.89251555],[3.03994913],[26.83224272]
[11.27048628],[3.07774977],[27.93174957]
[11.5925346],[3.11933731],[28.91091614]
[11.77542143],[3.15382251],[29.75313593]
[11.97329885],[3.20476338],[30.48277702]
[12.125944],[3.22942396],[31.14549153]
[12.27587844],[3.25602966],[31.85237484]
[12.49123062],[3.23246402],[32.42058803]
[12.625599],[3.22039489],[32.7927809]
[12.8129408],[3.21191944],[33.15188233]
[12.99864476],[3.17851586],[33.53256953]
[13.12675582],[3.14394992],[33.81218972]
[13.32129261],[3.11169411],[33.98512909]
[13.46728899],[3.07164468],[34.11782598]
[13.63856769],[3.04012766],[34.35466352]
[13.81990172],[3.00229831],[34.25915075]
[13.93114538],[2.9615626],[34.10643856]
[14.08080515],[2.91087763],[33.77837023]
[14.10136991],[2.87598763],[33.10668076]
[14.1037385],[2.84111298],[32.03424757]
[13.97299334],[2.80435405],[30.49109258]
[13.51996823],[2.75317001],[28.87742998]
[13.12577155],[2.70496822],[27.42702054]
[12.71050806],[2.64103604],[26.13019491]
[12.30365721],[2.57606533],[24.6999901]
[11.7866358],[2.50527968],[23.27992513]
[10.67920189],[2.4271253],[20.85143613]
[5.56323912],[1.24757313],[3.90331753]
[0.73850481],[0.06927965],[0.02356052]
[2.39549191],[0.91821047],[1.80421927]
[3.13814477],[1.05728485],[2.65685033]
[3.98230036],[1.10042342],[3.59583716]
[4.55960363],[1.30494489],[4.51195177]
[4.86349615],[1.47224739],[5.48686523]
[5.22897844],[1.58367724],[6.3137148]
[5.4732559],[1.69530771],[7.04061311]
[5.6882796],[1.74691829],[7.63819172]
[6.10141539],[1.81619914],[8.501649]
[6.25800137],[1.89354988],[9.2566653]
[6.53700499],[2.05097795],[10.33902572]
[6.85739565],[2.12534835],[11.15647353]
[7.12657138],[2.20588648],[12.30854353]
[7.35839093],[2.25881325],[13.18388239]
[7.70821715],[2.31080033],[14.25105353]
[7.91550543],[2.36265605],[15.19207577]
[8.23248302],[2.45101189],[16.24500048]
[8.46430874],[2.55384514],[17.33590502]
[8.76391618],[2.67183403],[18.61216937]
[9.06692002],[2.76283798],[19.81824465]
[9.31267146],[2.84334084],[21.1345008]
[9.56932095],[2.9180117],[22.24230539]
[9.89904568],[2.98119942],[23.51719911]
[10.13448292],[3.02707666],[24.79733904]
[10.46034359],[3.07668679],[26.09458355]
[10.79379126],[3.1175616],[27.27568285]
[11.20692402],[3.16806141],[28.69460468]
[11.6292116],[3.21093011],[30.0022377]
[12.01934576],[3.27539772],[31.21060132]
[12.31126474],[3.3214101],[32.20629185]
[12.4682578],[3.37123843],[33.20407756]
[12.68687602],[3.38984759],[33.9803886]
[12.84619989],[3.41167106],[34.66963334]
[13.0229631],[3.39617014],[35.39264896]
[13.23783551],[3.38381359],[35.99793823]
[13.37661838],[3.38022392],[36.42333433]
[13.58227302],[3.35384959],[36.83635916]
[13.76427023],[3.32646678],[37.18761344]
[13.90355086],[3.30128871],[37.54520046]
[14.11055509],[3.27154493],[37.80311101]
[14.27715228],[3.24154103],[37.91516309]
[14.42619638],[3.21089627],[37.99215448]
[14.60845398],[3.17737108],[37.83707056]
[14.71184157],[3.13031995],[37.53993926]
[14.76759382],[3.05123253],[37.01317091]
[14.74066325],[2.97354958],[36.14665888]
[14.74516447],[2.92501194],[34.8545374]
[14.57313154],[2.88143531],[33.01442069]
[14.12539878],[2.83696853],[31.17119054]
[13.7358973],[2.77194039],[29.50790147]
[13.31363261],[2.69579161],[27.87423824]
[12.78405997],[2.62270079],[26.13360677]
[11.65446931],[2.55615189],[23.46098072]
[8.46915555],[1.5605562],[9.71016283]
[0.82260353],[0.07709048],[0.0299423]
[2.4092883],[0.64955272],[1.36191438]
[3.1418669],[0.72961648],[2.00711303]
[3.98763975],[0.92140854],[2.86045765]
[4.58430919],[1.10956838],[3.73417545]
[4.90668932],[1.24652135],[4.65319299]
[5.26814],[1.31636397],[5.44263331]
[5.50923503],[1.39010081],[6.11725889]
[5.76172821],[1.45652147],[6.71480279]
[6.15804174],[1.57037191],[7.52733592]
[6.33195651],[1.7142745],[8.37104736]
[6.66673073],[1.82527519],[9.37851595]
[6.94077109],[1.91874398],[10.20771858]
[7.22394522],[1.9996506],[11.334434]
[7.52703279],[2.0831743],[12.24478581]
[7.7807335],[2.18010474],[13.31458664]
[8.0182843],[2.24856659],[14.26509288]
[8.39086776],[2.35629419],[15.31966697]
[8.59023628],[2.45337022],[16.49547103]
[8.86667224],[2.55414258],[17.73514605]
[9.17477995],[2.63221174],[18.9722245]
[9.40887447],[2.72673856],[20.25964812]
[9.73203911],[2.80682584],[21.45541716]
[10.03791669],[2.87201327],[22.74261646]
[10.22096769],[2.95020154],[24.05687416]
[10.6706052],[3.01775563],[25.41926004]
[10.99959842],[3.07353553],[26.6967617]
[11.41300321],[3.13847892],[28.28955917]
[11.84417075],[3.18803117],[29.64293586]
[12.24386777],[3.24200706],[30.97028921]
[12.61847582],[3.28793203],[32.17774331]
[12.80342973],[3.33856532],[33.0840572]
[12.991839],[3.37107765],[34.04314401]
[13.19314481],[3.40252325],[34.89655431]
[13.33185439],[3.43238477],[35.76238063]
[13.54071016],[3.45496058],[36.54029044]
[13.72106897],[3.46833225],[37.1678117]
[13.89203496],[3.46639881],[37.69483661]
[14.10592142],[3.44185716],[38.25586514]
[14.25459662],[3.41380742],[38.60570651]
[14.42811644],[3.38501805],[38.92856043]
[14.63344499],[3.35467686],[39.0735687]
[14.75882758],[3.32650657],[39.11213469]
[14.91641271],[3.2971907],[39.07604309]
[15.04971501],[3.25676539],[38.84646065]
[15.08346745],[3.2054202],[38.43966493]
[15.1081304],[3.14624838],[37.7581883]
[15.07928213],[3.07804862],[36.67691734]
[15.07170781],[3.00873032],[35.02562722]
[14.78542472],[2.94683123],[33.12817184]
[14.42178744],[2.88662547],[31.27932524]
[14.03679835],[2.77409111],[29.46149617]
[13.51418808],[2.68238132],[27.54878091]
[12.41967123],[2.60406789],[24.88116123]
