meltWidth,meltDepth,meltArea
[2.09932698],[0.54434424],[0.76399649]
[2.26526289],[0.62233444],[0.9620124]
[2.38300287],[0.6603172],[1.07184107]
[2.45416647],[0.69100735],[1.15747452]
[2.53609161],[0.72879294],[1.26949799]
[2.57842023],[0.74779152],[1.33485024]
[2.93882086],[0.76329691],[1.48246214]
[3.1389476],[0.77399479],[1.56615883]
[3.17606069],[0.76885339],[1.65084052]
[3.22071916],[0.76413215],[1.68870267]
[3.23399229],[0.75908435],[1.74271794]
[3.24456883],[0.75475584],[1.7371021]
[3.2521291],[0.74881775],[1.77242799]
[3.25969398],[0.74521323],[1.76176452]
[3.2574607],[0.73997237],[1.78890423]
[3.25881239],[0.73578529],[1.78242251]
[3.2600177],[0.73151181],[1.81314161]
[3.31276774],[0.73713535],[1.81097194]
[3.32120211],[0.73034038],[1.84007913]
[3.52213242],[0.74382308],[1.91461733]
[3.52070376],[0.73684116],[1.94445452]
[3.64080782],[0.77183403],[2.04284582]
[3.60262661],[0.76470791],[2.04132528]
[3.67235893],[0.81250747],[2.12935632]
[3.65730249],[0.81115452],[2.13862592]
[3.69753872],[0.84299166],[2.20343033]
[3.7817687],[0.85494259],[2.25415184]
[3.73261833],[0.87632962],[2.28549025]
[3.81814247],[0.89219169],[2.33653753]
[3.75522853],[0.91290768],[2.35374869]
[3.77527614],[0.92675535],[2.36808643]
[3.76724743],[0.94100242],[2.39007267]
[3.76869021],[0.95724814],[2.41491257]
[3.78036973],[0.97263488],[2.43987177]
[3.78899522],[0.97980143],[2.45490882]
[3.80174245],[0.98639337],[2.47148874]
[3.80524358],[0.99279913],[2.48667527]
[3.79766267],[0.99899215],[2.49688159]
[3.79366874],[1.00312591],[2.50564322]
[3.78024297],[1.00224615],[2.50657449]
[3.77145463],[0.9990942],[2.50739776]
[3.76245096],[0.99704341],[2.50940803]
[3.75446867],[0.99606497],[2.51484729]
[3.73821715],[0.99244635],[2.51827982]
[3.72425892],[0.98984547],[2.5203854]
[3.71507886],[0.98724086],[2.52885324]
[3.69848457],[0.98753632],[2.54409386]
[3.6852202],[0.98784184],[2.56454533]
[3.68084186],[1.00424505],[2.60276072]
[3.41892152],[1.03202327],[2.56309556]
[2.66274637],[1.06467346],[1.95231604]
[1.90721873],[1.00456712],[1.17941283]
[1.15659015],[0.72782589],[0.53722584]
[0.3595127],[0.13466492],[0.02365993]
[2.11474402],[0.47503948],[0.63188807]
[2.4714978],[0.57606528],[1.05972507]
[2.89409516],[0.66071665],[1.34337543]
[3.1017645],[0.72190734],[1.58167611]
[3.24411273],[0.75812734],[1.70882872]
[3.31798488],[0.77973956],[1.84371169]
[3.37962072],[0.79627569],[1.9109286]
[3.48091776],[0.81331154],[2.00750286]
[3.58036803],[0.80909615],[2.02693892]
[3.5434178],[0.80316841],[2.06511187]
[3.5657631],[0.79927916],[2.05828633]
[3.52418532],[0.79764739],[2.0904009]
[3.54292354],[0.79654496],[2.08029975]
[3.50683076],[0.79418232],[2.11227994]
[3.7272193],[0.79499395],[2.18085419]
[3.65743436],[0.79874892],[2.16690109]
[3.82838993],[0.80062034],[2.27230295]
[3.80859419],[0.80226737],[2.26849421]
[3.89025992],[0.80613662],[2.3564065]
[3.90502708],[0.81375938],[2.3800794]
[3.94573154],[0.81984183],[2.45288419]
[3.9614175],[0.82602108],[2.49311369]
[3.9829547],[0.83153187],[2.55521509]
[4.03567687],[0.83767214],[2.59988115]
[4.05631557],[0.84320633],[2.63420345]
[4.13017795],[0.84989133],[2.69280256]
[4.19781679],[0.85543332],[2.72081314]
[4.36492614],[0.86213674],[2.83167723]
[4.37212921],[0.86797083],[2.85768703]
[4.50225717],[0.87202909],[2.94487781]
[4.48271103],[0.87374346],[2.9557076]
[4.52694887],[0.87428015],[3.0035389]
[4.51433078],[0.87492476],[2.98761012]
[4.49539562],[0.87425257],[2.98412171]
[4.49104378],[0.87266565],[2.97438165]
[4.48507038],[0.87146697],[2.97080046]
[4.48386504],[0.87146242],[2.97210868]
[4.47300644],[0.87265137],[2.96563333]
[4.46267198],[0.87390152],[2.96140594]
[4.45447806],[0.87539985],[2.96142168]
[4.43607971],[0.87686641],[2.95768532]
[4.42275191],[0.87766533],[2.94938922]
[4.40989662],[0.87766334],[2.94392676]
[4.40266994],[0.87721948],[2.9421308]
[4.38549813],[0.87695164],[2.9346402]
[4.37122417],[0.87642498],[2.92962486]
[4.36580818],[0.87549455],[2.94115088]
[4.35277952],[0.88465038],[2.95161971]
[4.33422682],[0.9047923],[2.94970779]
[4.320536],[0.9307127],[2.96311547]
[4.04939607],[0.96065471],[2.89217803]
[3.28614288],[0.99412414],[2.32002414]
[2.52617624],[1.05038934],[1.64523904]
[1.77333142],[0.87882601],[0.9440604]
[0.],[0.],[0.]
[2.17408265],[0.53076163],[0.70933613]
[2.92073827],[0.63531712],[1.2992447]
[3.23130109],[0.69125414],[1.53941545]
[3.40515426],[0.75150574],[1.78018058]
[3.49197877],[0.77491782],[1.87361064]
[3.54010102],[0.79042504],[2.00264607]
[3.69614275],[0.80143495],[2.07012718]
[3.7611273],[0.80751618],[2.15211941]
[3.82371197],[0.80913432],[2.17246297]
[3.77007687],[0.81439681],[2.20950617]
[3.80981102],[0.82017832],[2.22836494]
[3.77608831],[0.82772045],[2.2701276]
[3.785706],[0.83378999],[2.26638372]
[3.77280049],[0.83927524],[2.32014611]
[3.81080319],[0.84474398],[2.31943877]
[3.79280472],[0.85153157],[2.3594632]
[4.01649787],[0.85826976],[2.49717008]
[4.04765893],[0.86685138],[2.55239653]
[4.15045994],[0.87322039],[2.71471997]
[4.19513473],[0.88300052],[2.78417489]
[4.22496487],[0.89280239],[2.87484909]
[4.25277503],[0.90096608],[2.92790802]
[4.418178],[0.90806282],[3.02991522]
[4.57568022],[0.91591483],[3.14377292]
[4.65773566],[0.92281662],[3.22117815]
[4.7056213],[0.93098822],[3.29084475]
[4.74312801],[0.9376883],[3.3429226]
[4.94498067],[0.94560571],[3.46873279]
[4.83272443],[0.95137511],[3.45819954]
[4.98926123],[0.95429679],[3.53806181]
[4.85396751],[0.95563651],[3.48296994]
[4.86210531],[0.95600869],[3.50268778]
[4.86641264],[0.95636951],[3.48957355]
[4.83590764],[0.95489409],[3.47682391]
[4.84214149],[0.95245524],[3.46991715]
[4.83582029],[0.95067306],[3.46304726]
[4.83143053],[0.94895744],[3.45870385]
[4.8232082],[0.94715129],[3.44550879]
[4.81784578],[0.94543833],[3.43783694]
[4.81607711],[0.94299794],[3.43286822]
[4.79450008],[0.9406573],[3.41587606]
[4.78783926],[0.93862685],[3.40044082]
[4.77521887],[0.93658085],[3.38949374]
[4.7637697],[0.93465402],[3.37980375]
[4.74719335],[0.93293747],[3.36059846]
[4.7317922],[0.93171655],[3.34448186]
[4.71858535],[0.9291798],[3.33161644]
[4.69601915],[0.92693879],[3.31401487]
[4.68368642],[0.92486267],[3.2955301]
[4.66657789],[0.92300891],[3.28045674]
[4.29487758],[0.92071002],[3.12589876]
[3.5338578],[0.91880051],[2.46596981]
[2.77172139],[0.91498079],[1.77551067]
[2.0125551],[0.8420229],[1.10576535]
[0.],[0.],[0.]
[2.5961988],[0.56488835],[0.8816419]
[3.14014233],[0.68409733],[1.51923383]
[3.40504304],[0.73244907],[1.74160336]
[3.50309837],[0.76196796],[1.94326873]
[3.60916472],[0.79264206],[2.03060677]
[3.73081538],[0.79519105],[2.16835287]
[3.85772105],[0.82170171],[2.24852175]
[3.89894052],[0.83815366],[2.32964017]
[3.92912706],[0.85330261],[2.35708996]
[3.91663133],[0.86868724],[2.41686337]
[3.97577673],[0.87461812],[2.44523887]
[4.01760386],[0.88017408],[2.51106119]
[4.05105546],[0.88556138],[2.54377089]
[4.10711537],[0.89498396],[2.62186105]
[4.17779173],[0.90373533],[2.73747264]
[4.21557805],[0.91458977],[2.78010154]
[4.23789022],[0.93128838],[2.94789076]
[4.27396658],[0.94503794],[3.03185528]
[4.36393046],[0.95789044],[3.13866534]
[4.4741538],[0.97276628],[3.2350832]
[4.68817302],[0.9838841],[3.38783172]
[4.81079706],[0.99202062],[3.52398876]
[4.91247971],[0.99944945],[3.65012259]
[4.91463677],[1.00746944],[3.69203695]
[4.96564471],[1.01461628],[3.74278546]
[4.94463128],[1.02172651],[3.74621212]
[4.96755379],[1.02537969],[3.78980756]
[5.1016855],[1.02969721],[3.8603498]
[4.99651695],[1.03249364],[3.84950057]
[5.10718047],[1.035243],[3.9144703]
[5.00053696],[1.03491963],[3.88703674]
[4.98949538],[1.03459263],[3.90798922]
[5.00273098],[1.03420807],[3.9024371]
[4.97221044],[1.03312782],[3.89291918]
[4.97997654],[1.03119098],[3.8904455]
[4.97587596],[1.02927202],[3.88432803]
[4.96944048],[1.02746589],[3.87997141]
[4.95395585],[1.02538481],[3.85836498]
[4.94353423],[1.02309946],[3.8451961]
[4.94084915],[1.02060173],[3.83715944]
[4.92954786],[1.0182594],[3.82151022]
[4.93331898],[1.01594557],[3.80905097]
[4.93084261],[1.01350438],[3.79740763]
[4.9283082],[1.01116248],[3.78631815]
[4.92689799],[1.00879725],[3.76771124]
[4.92605718],[1.00558502],[3.75177956]
[4.93336776],[0.9992378],[3.73498606]
[4.93809148],[0.99106329],[3.71287266]
[4.93838289],[0.98111247],[3.68376468]
[4.92653823],[0.96619885],[3.65063961]
[4.54528399],[0.95907175],[3.46056339]
[3.79236251],[0.95455013],[2.74397602]
[3.0385305],[0.9393417],[2.00893077]
[2.28396534],[0.87153111],[1.30984045]
[1.031644],[0.19696677],[0.13983987]
[2.73366306],[0.54614083],[0.97098927]
[3.15590909],[0.670769],[1.54951622]
[3.35185307],[0.7385828],[1.77002519]
[3.44505146],[0.77359165],[1.97683035]
[3.56120483],[0.81249907],[2.08948773]
[3.69261112],[0.82405677],[2.23709622]
[3.8912998],[0.85791042],[2.35811115]
[3.96689279],[0.87932853],[2.46188626]
[4.04376825],[0.89559764],[2.52968019]
[4.08372181],[0.9052731],[2.60934138]
[4.15675935],[0.91738776],[2.68861267]
[4.20746677],[0.92915537],[2.75654504]
[4.2444629],[0.9438548],[2.92308922]
[4.29339595],[0.96553293],[2.98584309]
[4.32782909],[0.98256173],[3.17524864]
[4.39276581],[0.9996893],[3.24889586]
[4.48855417],[1.00965175],[3.38259273]
[4.56539594],[1.01608622],[3.46382027]
[4.8150211],[1.02319159],[3.66733338]
[4.92206577],[1.03223015],[3.82836811]
[5.01242439],[1.0391012],[3.95258348]
[5.00429835],[1.04593768],[3.9730822]
[5.05451909],[1.04974255],[4.03540186]
[5.02036893],[1.05385248],[4.03002076]
[5.06063149],[1.05731424],[4.08140168]
[5.02618005],[1.06163627],[4.06956435]
[5.04071386],[1.06460175],[4.11056346]
[5.14500288],[1.06816415],[4.16323794]
[5.05877026],[1.07128168],[4.15223886]
[5.14812275],[1.0757093],[4.20746177]
[5.05914279],[1.08621273],[4.1841962]
[5.0428631],[1.0905793],[4.19972841]
[5.05872787],[1.09444285],[4.19686718]
[5.02796987],[1.09811249],[4.18706266]
[5.03497428],[1.09440217],[4.18476399]
[5.02313745],[1.0879085],[4.17026516]
[5.01699238],[1.08190755],[4.15759926]
[5.00987334],[1.07471514],[4.1350511]
[5.00431062],[1.06850459],[4.12087485]
[5.00097718],[1.06206737],[4.10974954]
[5.01427889],[1.05874608],[4.09548139]
[5.02995067],[1.05685748],[4.08451031]
[5.04144683],[1.05457206],[4.07558708]
[5.05134998],[1.05253951],[4.07009579]
[5.06026824],[1.05059265],[4.05608422]
[5.06868687],[1.04888582],[4.04347575]
[5.07370478],[1.04564882],[4.02658797]
[5.08243663],[1.04195292],[4.0049832]
[5.09814375],[1.03731895],[3.97392735]
[5.1097104],[1.02796123],[3.94083386]
[4.73075574],[1.01882765],[3.7197673]
[3.99975498],[1.00937002],[2.94815034]
[3.2664073],[0.97076532],[2.18043605]
[2.52556644],[0.90184673],[1.46296724]
[1.58514246],[0.36303944],[0.38894243]
[2.90738384],[0.56286636],[1.19229324]
[3.23691553],[0.68388116],[1.6340619]
[3.37958649],[0.74578374],[1.8508985]
[3.4635033],[0.7928073],[2.06208726]
[3.57432005],[0.84631168],[2.20323387]
[3.76251838],[0.85968358],[2.36698208]
[4.02219363],[0.89387413],[2.51349016]
[4.12705928],[0.91092145],[2.63149201]
[4.25077559],[0.92139175],[2.81536589]
[4.2565875],[0.93784447],[2.8510339]
[4.31401501],[0.95855183],[3.06736623]
[4.33986045],[0.97739465],[3.12303493]
[4.36743693],[0.98909177],[3.27577494]
[4.4285644],[1.00202982],[3.3505314]
[4.52189838],[1.01259916],[3.48537232]
[4.60571945],[1.02202821],[3.57304027]
[4.84258878],[1.0291497],[3.78420434]
[4.93724716],[1.03764124],[3.93376648]
[5.02416548],[1.04658785],[4.0697152]
[5.05239273],[1.05435592],[4.11539477]
[5.10486498],[1.06745713],[4.18801722]
[5.10061401],[1.06729658],[4.1977818]
[5.13883657],[1.08959083],[4.25435178]
[5.09519594],[1.08892582],[4.24752923]
[5.18020049],[1.11201589],[4.31400471]
[5.10754791],[1.11139017],[4.30878802]
[5.16367677],[1.13464851],[4.36706032]
[5.24687129],[1.13510198],[4.45274005]
[5.19447028],[1.15722014],[4.45308102]
[5.252375],[1.15961491],[4.53760938]
[5.20198492],[1.17356438],[4.51148939]
[5.16293374],[1.17869058],[4.52687067]
[5.201014],[1.18341173],[4.5394303]
[5.13864368],[1.18628158],[4.51825761]
[5.13129257],[1.18424606],[4.51359774]
[5.11517788],[1.17867528],[4.49867232]
[5.10022236],[1.1725565],[4.48454949]
[5.08343448],[1.16550527],[4.46040121]
[5.06678965],[1.15931412],[4.44077527]
[5.04092646],[1.15296435],[4.41693087]
[5.04086378],[1.14681231],[4.38900883]
[5.06058909],[1.13958437],[4.37219321]
[5.07732167],[1.1331352],[4.35675577]
[5.09205671],[1.12682394],[4.34412139]
[5.10472311],[1.11903529],[4.32373475]
[5.11627017],[1.11207946],[4.30445961]
[5.1245655],[1.10441431],[4.27962954]
[5.12952118],[1.0905244],[4.24859753]
[5.13656051],[1.07378544],[4.20721171]
[5.14006959],[1.058405],[4.1672521]
[4.73670271],[1.05102292],[3.92093783]
[4.00009346],[1.0438772],[3.11387208]
[3.27102358],[1.01811339],[2.3092395]
[2.53918175],[0.95954947],[1.54683562]
[2.116457],[0.43631318],[0.62965497]
[3.06793583],[0.582524],[1.36946418]
[3.3301116],[0.69221382],[1.73281788]
[3.46639605],[0.76364452],[1.96943655]
[3.56893905],[0.81763551],[2.17963876]
[3.80147531],[0.85187702],[2.36641764]
[3.95511812],[0.87622884],[2.54171946]
[4.30077062],[0.9130125],[2.86732722]
[4.35580842],[0.94151225],[2.97943383]
[4.38445318],[0.95834399],[3.16566947]
[4.38916254],[0.97541405],[3.22494785]
[4.43317498],[0.98896394],[3.36238129]
[4.4781384],[1.00394496],[3.42649903]
[4.56439378],[1.01441718],[3.53703009]
[4.68300504],[1.02497094],[3.64909643]
[4.91486834],[1.0336737],[3.85744264]
[5.00119825],[1.04180203],[4.01252978]
[5.071221],[1.0480133],[4.12254117]
[5.08070065],[1.05516054],[4.15234965]
[5.15505243],[1.06196123],[4.2326796]
[5.19645767],[1.09496157],[4.30206852]
[5.33068455],[1.12275026],[4.41987533]
[5.30477949],[1.14509322],[4.44615493]
[5.41320502],[1.16385361],[4.54653356]
[5.35724966],[1.17453749],[4.55240767]
[5.45098189],[1.18873708],[4.65845366]
[5.38307066],[1.19850111],[4.66034923]
[5.43725452],[1.21263209],[4.76306581]
[5.50731888],[1.22328038],[4.87349748]
[5.46515186],[1.23554766],[4.89133396]
[5.52151727],[1.24721405],[4.98824161]
[5.46753491],[1.25537168],[4.99671768]
[5.46214871],[1.26527481],[5.00056541]
[5.47235387],[1.27609925],[5.0334205]
[5.43213656],[1.2849545],[5.0107672]
[5.41206916],[1.29200243],[5.00732298]
[5.39794779],[1.29647221],[5.00301965]
[5.3819459],[1.29823083],[4.98921358]
[5.35895742],[1.29991336],[4.95975068]
[5.34145603],[1.30073726],[4.93891155]
[5.31882439],[1.29994266],[4.91182118]
[5.2795754],[1.29507926],[4.87309721]
[5.26243492],[1.28996094],[4.83837725]
[5.23533983],[1.28432211],[4.81087714]
[5.20999703],[1.27777918],[4.78379082]
[5.18499431],[1.2702139],[4.74691148]
[5.18874198],[1.26306884],[4.72886206]
[5.20047457],[1.25566347],[4.70725468]
[5.20736282],[1.248222],[4.67556725]
[5.2146219],[1.23445239],[4.63062377]
[5.22064287],[1.22045202],[4.583907]
[4.79491206],[1.20577076],[4.30845153]
[4.05642314],[1.18715621],[3.45717006]
[3.31524913],[1.16928696],[2.6046526]
[2.56870794],[1.15210176],[1.72673415]
[2.29899065],[0.49707876],[0.8895563]
[3.27134894],[0.65203006],[1.60527157]
[3.46666659],[0.74444433],[1.92361741]
[3.70588237],[0.81095552],[2.20743617]
[3.88809204],[0.86071391],[2.4609245]
[4.21479694],[0.89903978],[2.81677629]
[4.31516736],[0.93633264],[3.00612065]
[4.40691385],[0.96547721],[3.22348273]
[4.4699362],[0.98176014],[3.3426786]
[4.52450289],[0.99536964],[3.47236615]
[4.53684473],[1.00907541],[3.537181]
[4.62827048],[1.01978111],[3.62709258]
[4.80688784],[1.03068956],[3.77808541]
[4.98571302],[1.0389125],[3.97384056]
[5.05578626],[1.04702145],[4.1069018]
[5.10961626],[1.05254884],[4.17842356]
[5.11368629],[1.05814035],[4.2274113]
[5.23221835],[1.06276295],[4.31777019]
[5.2660138],[1.09738486],[4.3916611]
[5.43637837],[1.13778715],[4.57264216]
[5.47295358],[1.1711994],[4.64283094]
[5.58584729],[1.19695093],[4.85251299]
[5.58169157],[1.21995677],[4.87674882]
[5.64599033],[1.24015731],[5.09177687]
[5.61908372],[1.26375128],[5.05307529]
[5.68754253],[1.28441766],[5.24309653]
[5.65429699],[1.30462363],[5.20286832]
[5.6723181],[1.32123853],[5.36871323]
[5.80432617],[1.34292728],[5.51515419]
[5.70257441],[1.35746484],[5.5202799]
[5.82243815],[1.37274791],[5.66658046]
[5.70785211],[1.38619253],[5.62679055]
[5.74094124],[1.39507272],[5.63713478]
[5.71642469],[1.40367779],[5.67994999]
[5.71770349],[1.40939153],[5.66690795]
[5.68670969],[1.41476819],[5.66341453]
[5.66898641],[1.41762399],[5.6560264]
[5.64852485],[1.41835198],[5.64316808]
[5.62243479],[1.41910689],[5.61643927]
[5.60929519],[1.41891879],[5.59318059]
[5.58873054],[1.41798319],[5.56192471]
[5.55083297],[1.41387486],[5.51959658]
[5.53657308],[1.40882567],[5.48108106]
[5.51057976],[1.40417204],[5.44978867]
[5.48481147],[1.39895952],[5.4166755]
[5.45667368],[1.39321844],[5.37670089]
[5.4412598],[1.38784398],[5.34648107]
[5.42410717],[1.38356246],[5.31206341]
[5.39713583],[1.37791955],[5.26576681]
[5.38087362],[1.3682988],[5.21269215]
[5.37009101],[1.35793182],[5.17172175]
[4.92834459],[1.34714632],[4.90081881]
[4.18396969],[1.33042849],[4.02826184]
[3.44279902],[1.31296266],[3.08408787]
[2.68937048],[1.29660195],[2.09195568]
[2.35603158],[0.52251066],[1.05139829]
[3.40884548],[0.70871015],[1.79266734]
[3.57142472],[0.79284281],[2.10081937]
[3.92045033],[0.87149435],[2.44785532]
[4.07066165],[0.92172441],[2.71278738]
[4.31393655],[0.94740568],[3.05503944]
[4.37413467],[0.98005317],[3.22558183]
[4.44129526],[1.0026972],[3.4139067]
[4.49374806],[1.01546664],[3.50874084]
[4.57657513],[1.02597159],[3.62807294]
[4.6456872],[1.03722655],[3.70522689]
[4.96659502],[1.04565604],[3.93575333]
[5.06411319],[1.05282593],[4.11732363]
[5.1248269],[1.05794573],[4.20978578]
[5.15584439],[1.06379714],[4.28965604]
[5.3113723],[1.08338723],[4.44183368]
[5.34927191],[1.1188073],[4.52457523]
[5.50683802],[1.15375471],[4.71581692]
[5.56879983],[1.19017482],[4.79565303]
[5.69606804],[1.22556885],[5.04544133]
[5.76829893],[1.25751217],[5.14107139]
[5.82861],[1.28380544],[5.38026969]
[5.84880939],[1.31017693],[5.41326923]
[5.88213855],[1.33002202],[5.618164]
[5.88276514],[1.35074765],[5.61915589]
[5.92860425],[1.36853265],[5.80085271]
[5.93082561],[1.38574403],[5.8261732]
[5.91544203],[1.40018432],[5.97455844]
[6.08393742],[1.4181366],[6.19558488]
[5.94697006],[1.43087231],[6.14156515]
[6.10046293],[1.4448377],[6.34756514]
[5.94849859],[1.45637243],[6.26307238]
[6.00502444],[1.46573394],[6.30716927]
[5.95999684],[1.47386604],[6.33992421]
[5.9821447],[1.47973999],[6.35209297]
[5.94514218],[1.48721185],[6.34283722]
[5.9319134],[1.49039854],[6.34141481]
[5.91772623],[1.49186905],[6.3330093]
[5.89442949],[1.49337346],[6.31630476]
[5.88316698],[1.49320378],[6.30018116]
[5.86461301],[1.49298448],[6.27452742]
[5.82632063],[1.4904507],[6.23752956]
[5.81870814],[1.48796497],[6.21153221]
[5.79396153],[1.48599561],[6.18406928]
[5.77113293],[1.48369726],[6.15129183]
[5.73883634],[1.48188226],[6.11453355]
[5.72710455],[1.48021808],[6.08845311]
[5.70886567],[1.47846833],[6.04445155]
[5.6792217],[1.47458359],[5.99404646]
[5.66537523],[1.46829951],[5.94160117]
[5.64460968],[1.46087344],[5.90057884]
[5.15865436],[1.4508575],[5.60156043]
[4.3913916],[1.43676777],[4.66547689]
[3.6364583],[1.423794],[3.64256586]
[2.86033265],[1.41360606],[2.55319467]
[2.44628787],[0.61114334],[1.27551258]
[3.58328775],[0.75624758],[2.00083564]
[3.66394426],[0.86266523],[2.33671729]
[4.07242638],[0.91332812],[2.70849375]
[4.20628989],[0.95176977],[2.94011766]
[4.39989495],[0.978825],[3.26222972]
[4.45651949],[1.00614733],[3.40826773]
[4.50745962],[1.02432064],[3.58208826]
[4.64411324],[1.03593745],[3.68162914]
[4.78756064],[1.04541401],[3.81109266]
[4.84497494],[1.05188526],[3.89980069]
[5.12580896],[1.0568873],[4.14396871]
[5.16095055],[1.06374826],[4.25555892]
[5.28003242],[1.08623972],[4.40087522]
[5.3409507],[1.12850035],[4.53232875]
[5.51877939],[1.16098196],[4.74484641]
[5.58638372],[1.19689779],[4.84433387]
[5.71826893],[1.2285518],[5.09252621]
[5.84269506],[1.26705408],[5.20870598]
[5.95928615],[1.29896449],[5.48148529]
[6.00877714],[1.32914677],[5.58405395]
[6.06946268],[1.34752749],[5.80911354]
[6.09960845],[1.36661212],[5.90260516]
[6.14431025],[1.38753307],[6.09046954]
[6.13090435],[1.40921877],[6.13895458]
[6.20479135],[1.42699352],[6.31254838]
[6.18918204],[1.44454011],[6.34668394]
[6.20488625],[1.45777066],[6.47776912]
[6.32957301],[1.47447764],[6.72967967]
[6.24262073],[1.48678513],[6.65088394]
[6.35363435],[1.50054937],[6.89706582]
[6.25174025],[1.51131558],[6.78590188]
[6.27536077],[1.52095701],[6.8728635]
[6.26748317],[1.52916961],[6.89091081]
[6.24610833],[1.53710732],[6.91962568]
[6.24275555],[1.54574261],[6.9141683]
[6.21819128],[1.54821516],[6.91958163]
[6.2081399],[1.54939144],[6.92483488]
[6.18652127],[1.55044676],[6.91411338]
[6.1724351],[1.54977281],[6.90705352]
[6.15723721],[1.54832715],[6.88665333]
[6.11634098],[1.54517589],[6.84594224]
[6.11230731],[1.54195978],[6.82497231]
[6.08783631],[1.53951629],[6.79907489]
[6.06844495],[1.53691671],[6.77450354]
[6.03631935],[1.53400192],[6.73994938]
[6.01869434],[1.53118145],[6.71902204]
[5.99811854],[1.5289857],[6.67763902]
[5.9662482],[1.52663955],[6.62191466]
[5.95520155],[1.52001964],[6.56685306]
[5.93613609],[1.51280637],[6.52175503]
[5.40413438],[1.50296068],[6.16768562]
[4.63718196],[1.49149049],[5.20064559]
[3.88372704],[1.48176183],[4.13959958]
[3.1184768],[1.4731292],[3.00849032]
[2.54657339],[0.68442627],[1.49384305]
[3.67611308],[0.81989039],[2.20569375]
[3.74762257],[0.90222106],[2.55680275]
[4.20382273],[0.94251213],[2.92923268]
[4.315433],[0.98183059],[3.14828731]
[4.4758643],[1.00523374],[3.4642708]
[4.52605305],[1.0300076],[3.59671915]
[4.68771446],[1.04292431],[3.77652122]
[4.82807582],[1.05099803],[3.89759449]
[5.00143552],[1.05710201],[4.04272805]
[5.05364163],[1.06350268],[4.13014981]
[5.28131612],[1.08557529],[4.38335614]
[5.30710669],[1.13447752],[4.52420004]
[5.48185632],[1.17103726],[4.72495069]
[5.56179014],[1.20486316],[4.8756411]
[5.72035201],[1.23651248],[5.15699554]
[5.80706457],[1.27138571],[5.24138845]
[5.92556499],[1.30264482],[5.51637511]
[6.06191481],[1.33927235],[5.68032285]
[6.15192745],[1.36804438],[5.96985426]
[6.19677407],[1.39286123],[6.14912142]
[6.26943846],[1.40994873],[6.38216614]
[6.28168712],[1.42888379],[6.50052426]
[6.34663702],[1.44261471],[6.65670403]
[6.3187648],[1.46019727],[6.68424323]
[6.40679552],[1.47747713],[6.86462837]
[6.38174613],[1.49294656],[6.9066194]
[6.42160472],[1.50548226],[7.02229171]
[6.51217555],[1.52128929],[7.25378209]
[6.46020943],[1.53242883],[7.23640257]
[6.53564398],[1.54516722],[7.426803]
[6.47913277],[1.55458541],[7.38819869]
[6.48146463],[1.56372882],[7.47148856]
[6.49245418],[1.57210654],[7.49245741]
[6.46320916],[1.58069315],[7.50634951]
[6.4789402],[1.58963659],[7.5214414]
[6.44921551],[1.59235281],[7.52165124]
[6.44477428],[1.59378108],[7.52256113]
[6.43201886],[1.59485907],[7.5045828]
[6.42296446],[1.59475866],[7.47708265]
[6.4068682],[1.59398125],[7.4477537]
[6.36275987],[1.59145895],[7.40254312]
[6.36470298],[1.58860504],[7.38136865]
[6.34547984],[1.58634016],[7.35136509]
[6.32985913],[1.58408344],[7.32756219]
[6.30011137],[1.58170538],[7.28994239]
[6.28347949],[1.57817307],[7.2667602]
[6.26712394],[1.57445632],[7.23088809]
[6.22466082],[1.5709389],[7.169642]
[6.21942292],[1.56439439],[7.12007995]
[6.20262131],[1.55651462],[7.06991725]
[5.62011838],[1.5470338],[6.62305956]
[4.85654657],[1.53760449],[5.59553112]
[4.10270072],[1.52937561],[4.48212216]
[3.34584684],[1.52082045],[3.31836056]
[2.59081269],[0.74667023],[1.68562266]
[3.79553328],[0.86340422],[2.44410067]
[3.95814879],[0.93617624],[2.79465239]
[4.35607788],[0.97451045],[3.20213031]
[4.43583363],[1.01379979],[3.41189875]
[4.54115949],[1.03074305],[3.68204692]
[4.66877688],[1.04845624],[3.82024495]
[4.89612364],[1.0597816],[3.99187048]
[5.02093473],[1.06822728],[4.10641479]
[5.21123215],[1.08246342],[4.31221544]
[5.23691294],[1.14807611],[4.47673157]
[5.45974776],[1.17785013],[4.78065049]
[5.50875243],[1.21540634],[4.93218634]
[5.66009708],[1.24778798],[5.19461265]
[5.76346421],[1.28002883],[5.3622176]
[5.90592982],[1.30975789],[5.65459549]
[6.02701516],[1.34268874],[5.7730123]
[6.14308271],[1.37350656],[6.04314642]
[6.23405833],[1.40761759],[6.29231182]
[6.36885183],[1.43232244],[6.57496074]
[6.38827613],[1.45517493],[6.74897179]
[6.48263237],[1.47783235],[6.97691631]
[6.47889303],[1.49382436],[7.11199202]
[6.56630308],[1.5068426],[7.28735814]
[6.51772729],[1.52243703],[7.31768172]
[6.62510367],[1.53146504],[7.47336224]
[6.5804167],[1.54601622],[7.51184975]
[6.64280284],[1.55475431],[7.62226825]
[6.69457979],[1.56955345],[7.80241574]
[6.67350532],[1.57518835],[7.8057366]
[6.71644603],[1.58982225],[7.96463229]
[6.68811166],[1.59807269],[7.94394694]
[6.66627172],[1.60591126],[8.01522674]
[6.6999291],[1.61392375],[8.04560874]
[6.64994349],[1.62084073],[8.06077541]
[6.68456077],[1.62484361],[8.08184086]
[6.64393872],[1.62735706],[8.07973958]
[6.63633786],[1.62808621],[8.08290415]
[6.61573659],[1.62841969],[8.05820532]
[6.60370015],[1.62847219],[8.0354848]
[6.59475761],[1.62777835],[7.9956156]
[6.54973402],[1.62594918],[7.93235123]
[6.55861273],[1.62372891],[7.91476012]
[6.54222987],[1.62185327],[7.88623601]
[6.52102635],[1.61974411],[7.85970998]
[6.49151234],[1.61730829],[7.82066901]
[6.47370069],[1.61501625],[7.79717349]
[6.46014359],[1.61233946],[7.76452405]
[6.41629218],[1.60972362],[7.70223269]
[6.41142039],[1.60500791],[7.65479632]
[6.39365907],[1.5988467],[7.60505212]
[5.78441334],[1.59106327],[7.09039527]
[5.02084754],[1.58384925],[6.01390799]
[4.26590646],[1.57711425],[4.86180869]
[3.5134912],[1.57035738],[3.65110963]
[2.60866493],[0.78867103],[1.81017998]
[3.81665426],[0.90209821],[2.67070598]
[4.12495912],[0.96541572],[3.00588655]
[4.44578432],[1.00685308],[3.43564374]
[4.51851898],[1.03729402],[3.62229009]
[4.61274326],[1.05343771],[3.85270734]
[4.8233402],[1.07004799],[3.99907875]
[5.07294283],[1.09560707],[4.22834664]
[5.19456185],[1.16964913],[4.48598245]
[5.39920977],[1.19532473],[4.83424393]
[5.43784483],[1.24569523],[5.01408409]
[5.64280238],[1.27541765],[5.40908182]
[5.718216],[1.30466824],[5.5562202]
[5.85124829],[1.33261321],[5.82990255]
[5.97949436],[1.36133672],[6.01063145]
[6.11006186],[1.38801752],[6.25348241]
[6.22910119],[1.41539627],[6.47245532]
[6.34716243],[1.44518141],[6.74326293]
[6.42503903],[1.46881882],[6.96334811]
[6.58019982],[1.4966994],[7.23670502]
[6.57386262],[1.51460296],[7.40162837]
[6.68437646],[1.53343192],[7.62534378]
[6.66166455],[1.54628639],[7.73157455]
[6.7694372],[1.56199066],[7.89852561]
[6.70356164],[1.57323726],[7.9204388]
[6.83205145],[1.586334],[8.07516853]
[6.76968391],[1.59566079],[8.10457012]
[6.85509153],[1.60882811],[8.22251286]
[6.85986001],[1.61776286],[8.35251214]
[6.87770776],[1.62680278],[8.39003848]
[6.88198441],[1.63817112],[8.50792156]
[6.89636712],[1.64660289],[8.53164787]
[6.84736255],[1.6545208],[8.59470522]
[6.91723833],[1.66247327],[8.64884864]
[6.8316406],[1.66981009],[8.65935972]
[6.89815726],[1.67274786],[8.70264385]
[6.83777234],[1.67062345],[8.70717365]
[6.83382134],[1.66893438],[8.7222355]
[6.81762286],[1.66795926],[8.70866838]
[6.808987],[1.66580501],[8.699614]
[6.80581115],[1.66149393],[8.67740528]
[6.76905669],[1.65957699],[8.6018841]
[6.77372173],[1.65766055],[8.59191222]
[6.76368713],[1.65623623],[8.55739527]
[6.74287729],[1.65364683],[8.51057137]
[6.71173641],[1.65049266],[8.45197597]
[6.68963571],[1.6479074],[8.42581578]
[6.67149906],[1.6466947],[8.39425322]
[6.62350866],[1.64440836],[8.33266051]
[6.6204718],[1.64096944],[8.29358435]
[6.60408382],[1.63577182],[8.24943187]
[5.93774608],[1.63006116],[7.64519675]
[5.17377873],[1.62466371],[6.5082849]
[4.41722549],[1.61867244],[5.30441296]
[3.66564982],[1.61248581],[4.06189327]
[2.65524738],[0.83480708],[1.94865779]
[3.85296018],[0.93012123],[2.87584041]
[4.31749506],[0.98529432],[3.22926462]
[4.53235909],[1.02403909],[3.62157172]
[4.60351762],[1.05186092],[3.77326448]
[4.80152447],[1.06664611],[4.00555442]
[4.99978846],[1.1164983],[4.23724117]
[5.2754548],[1.18764885],[4.57567375]
[5.39592246],[1.24623347],[4.90405975]
[5.60455676],[1.2796597],[5.31512152]
[5.6660433],[1.31807968],[5.55091185]
[5.84915678],[1.34449243],[5.95382352]
[5.95329494],[1.36960778],[6.11324857]
[6.06911438],[1.39537622],[6.36836022]
[6.20521552],[1.42055685],[6.56739027]
[6.34450117],[1.44929932],[6.84913544]
[6.43002654],[1.47601437],[7.05891148]
[6.57251342],[1.50639209],[7.32091774]
[6.63501115],[1.52509547],[7.5434166]
[6.79426215],[1.55088339],[7.8019644]
[6.75980389],[1.56339549],[7.9420149]
[6.88399317],[1.58615765],[8.15937006]
[6.8460164],[1.59439446],[8.25058458]
[6.99815371],[1.61449024],[8.42719172]
[6.90078803],[1.62020757],[8.4448891]
[7.13812079],[1.63757103],[8.63303474]
[7.02370146],[1.64194123],[8.6368276]
[7.23945996],[1.65926398],[8.81219215]
[7.12295662],[1.66309573],[8.88957463]
[7.29489326],[1.67914414],[9.02141083]
[7.22521288],[1.68740961],[9.10417544]
[7.35508219],[1.70484185],[9.22018896]
[7.33727752],[1.71773734],[9.28164992]
[7.39762043],[1.72942712],[9.38491972]
[7.36350119],[1.74172309],[9.39184031]
[7.41134169],[1.75552597],[9.47273309]
[7.40415614],[1.76392382],[9.47114077]
[7.39528811],[1.76115502],[9.49748982]
[7.39508431],[1.75812153],[9.49346169]
[7.38564921],[1.75394565],[9.48582574]
[7.37178715],[1.74761127],[9.46627846]
[7.34052224],[1.7413991],[9.41321452]
[7.33269587],[1.73359289],[9.3806595]
[7.29785915],[1.72666402],[9.32835309]
[7.23292829],[1.72024141],[9.27458255]
[7.14477028],[1.71309804],[9.19913907]
[7.08274161],[1.70655195],[9.14376595]
[7.04036034],[1.69963874],[9.08839764]
[6.95761287],[1.69257636],[8.97962564]
[6.90850605],[1.68295808],[8.94141691]
[6.85028878],[1.66981922],[8.85751419]
[6.06361738],[1.66485919],[8.0877926]
[5.25752464],[1.65691072],[6.89521992]
[4.49125926],[1.65110708],[5.65825371]
[3.73733073],[1.64611703],[4.39336087]
[2.69636846],[0.87667112],[2.06506103]
[3.88147654],[0.95071187],[3.061484]
[4.46491195],[1.01330446],[3.44945238]
[4.59992487],[1.04129838],[3.76368739]
[4.7528559],[1.06627278],[3.91923914]
[5.01368746],[1.08723712],[4.22870969]
[5.20780392],[1.20401914],[4.59365587]
[5.47820386],[1.26747784],[5.0593551]
[5.60883569],[1.31293136],[5.37746245]
[5.80837703],[1.34945762],[5.82553711]
[5.89575313],[1.37987725],[6.0901706]
[6.05651459],[1.40519847],[6.45504963]
[6.18340444],[1.42801362],[6.65431676]
[6.29154455],[1.45526399],[6.90526291]
[6.40979173],[1.47914911],[7.13646275]
[6.56685958],[1.5093952],[7.40443587]
[6.61978026],[1.52639755],[7.61163521]
[6.8074416],[1.5571052],[7.87854846]
[6.82217762],[1.57010206],[8.06567909]
[7.03098994],[1.59885381],[8.32997125]
[6.95398839],[1.60666608],[8.43983332]
[7.19845341],[1.63197087],[8.6772398]
[7.15883447],[1.6368042],[8.74798047]
[7.40048731],[1.65934484],[9.00847495]
[7.40527033],[1.66585512],[9.0210153]
[7.60569874],[1.68137633],[9.2734243]
[7.72468551],[1.69823421],[9.30368183]
[7.78074926],[1.71262485],[9.50384138]
[7.87172167],[1.72977657],[9.59315332]
[7.87577973],[1.74366832],[9.72999396]
[7.95326549],[1.76744508],[9.83871057]
[7.9674689],[1.79276796],[9.95843339]
[8.01690942],[1.8078096],[10.04906897]
[8.01532943],[1.82300748],[10.15564591]
[8.01631636],[1.83803076],[10.19566644]
[8.00443479],[1.85339354],[10.26985385]
[8.00201876],[1.86206157],[10.28617569]
[7.98331234],[1.8595128],[10.30613147]
[7.94426975],[1.85603813],[10.30323376]
[7.92605991],[1.85152361],[10.28943597]
[7.90902535],[1.8433445],[10.27012094]
[7.87491456],[1.83558177],[10.22081018]
[7.86833631],[1.82682952],[10.18029912]
[7.8462736],[1.81808901],[10.13322506]
[7.79501746],[1.80866745],[10.07284162]
[7.68934621],[1.79846933],[9.9825686]
[7.58918187],[1.78739185],[9.89678275]
[7.4806379],[1.77639355],[9.80803291]
[7.34066107],[1.76528805],[9.67045142]
[7.24826357],[1.75424693],[9.5958994]
[7.13650336],[1.73675486],[9.4949273]
[6.32008],[1.7192443],[8.6226253]
[5.48810637],[1.70042542],[7.3527215]
[4.68171721],[1.68460277],[6.04859377]
[3.89733821],[1.66906667],[4.72121996]
[2.7545077],[0.9146785],[2.16400923]
[3.90394118],[0.96699977],[3.17439411]
[4.53295338],[1.03543552],[3.57169888]
[4.66998977],[1.057631],[3.89653311]
[4.95603742],[1.13138876],[4.22634114]
[5.21760349],[1.19810297],[4.63411598]
[5.36229988],[1.2885893],[5.12112609]
[5.64242212],[1.34895352],[5.59370755]
[5.80028117],[1.38431002],[5.93080949]
[5.98832023],[1.42093387],[6.38307688]
[6.09822555],[1.44866681],[6.67714161]
[6.23943369],[1.4751363],[7.03506866]
[6.35980897],[1.49598664],[7.27691527]
[6.49541598],[1.52457137],[7.54457144]
[6.58734533],[1.5340262],[7.76863875]
[6.7578629],[1.56342284],[8.00786229]
[6.81107118],[1.57413671],[8.1887891]
[7.01243592],[1.60781568],[8.44958077]
[7.02584075],[1.61464235],[8.59492767]
[7.32897667],[1.64626189],[8.88811271]
[7.36105405],[1.65268461],[8.98224698]
[7.54412001],[1.6754363],[9.29007278]
[7.61774953],[1.69599066],[9.39008167]
[7.76082157],[1.71961337],[9.70033685]
[7.8760324],[1.74120383],[9.75745931]
[8.02903668],[1.75601203],[9.9934239]
[8.12121204],[1.7756269],[10.06525199]
[8.28704238],[1.79381452],[10.28339404]
[8.30818463],[1.81600599],[10.40350156]
[8.38147457],[1.83708398],[10.59507947]
[8.37987045],[1.86322805],[10.70188281]
[8.45431912],[1.8827713],[10.89427247]
[8.44772947],[1.89607762],[10.99690466]
[8.49604547],[1.91013458],[11.12634596]
[8.42839647],[1.92356972],[11.16940929]
[8.46954673],[1.93724831],[11.23131727]
[8.40172078],[1.9466005],[11.25537975]
[8.42753457],[1.94463789],[11.27039703]
[8.35299129],[1.94222663],[11.2616599]
[8.33044618],[1.93898134],[11.24405412]
[8.30406521],[1.93147164],[11.20571094]
[8.2629416],[1.92384591],[11.1392341]
[8.25117128],[1.91566849],[11.08227577]
[8.22656771],[1.90822792],[11.01740775]
[8.19513238],[1.90070928],[10.93859215]
[8.1095589],[1.88996185],[10.82495588]
[8.00155988],[1.87984966],[10.73074148]
[7.88967649],[1.86964925],[10.64344736]
[7.75037936],[1.85933065],[10.5182681]
[7.64755461],[1.84666542],[10.41321082]
[7.47012624],[1.82886282],[10.25753963]
[6.62011564],[1.80737402],[9.28336818]
[5.75466345],[1.78299867],[7.9283342]
[4.91466848],[1.75989482],[6.53829335]
[4.10267697],[1.73929912],[5.14033174]
[2.853483],[0.93055661],[2.26409555]
[3.93243508],[0.98115771],[3.27842351]
[4.64268871],[1.04901284],[3.7208664]
[4.90812616],[1.06772811],[4.14417048]
[5.12601884],[1.21358571],[4.56150704]
[5.37468069],[1.27646236],[5.10066363]
[5.51106914],[1.35215241],[5.53258345]
[5.80129194],[1.40813811],[6.02243125]
[5.9872717],[1.44193405],[6.39921297]
[6.15828472],[1.48477146],[6.85441822]
[6.27560813],[1.50785329],[7.16403733]
[6.42409853],[1.53068601],[7.5242863]
[6.52183296],[1.54518249],[7.78641772]
[6.67670285],[1.56988723],[8.04548947]
[6.72194787],[1.57773167],[8.22283297]
[6.92038039],[1.60408888],[8.47874601]
[6.91898026],[1.61391818],[8.6309916]
[7.15328768],[1.64427987],[8.90303684]
[7.20046928],[1.65046841],[9.03275962]
[7.51453052],[1.67906665],[9.39518718]
[7.67170695],[1.69986898],[9.52903312]
[7.80404605],[1.7328444],[9.88076147]
[7.92965353],[1.77620754],[10.03219271]
[8.09385541],[1.80685124],[10.37948182]
[8.17718033],[1.83237714],[10.51416421]
[8.37547652],[1.85139075],[10.82337009]
[8.42411587],[1.8719191],[10.90996501]
[8.61778258],[1.89000223],[11.20142443]
[8.64825506],[1.91783416],[11.33236658]
[8.72071548],[1.94045429],[11.55139241]
[8.73729929],[1.96670999],[11.67433004]
[8.79062669],[1.9826327],[11.86318711]
[8.8272188],[1.99506475],[11.96322362]
[8.84478491],[2.00582927],[12.07329367]
[8.82006009],[2.01549897],[12.08442721]
[8.81203175],[2.02516779],[12.11102956]
[8.78747317],[2.02736612],[12.09979527]
[8.77744007],[2.01810887],[12.08816478]
[8.74118561],[2.01475077],[12.04223861]
[8.70558981],[2.01091429],[12.00760673]
[8.68557206],[2.00396795],[11.95289953]
[8.64688003],[1.99678486],[11.87459487]
[8.63388722],[1.98907902],[11.81569605]
[8.61114124],[1.98180848],[11.75044247]
[8.58678338],[1.9734968],[11.67125867]
[8.53058119],[1.96393693],[11.55904107]
[8.42643525],[1.95417257],[11.44963676]
[8.31006678],[1.94473836],[11.34204108]
[8.17360258],[1.93459317],[11.20172883]
[8.07000334],[1.92171535],[11.08376607]
[7.84050367],[1.90570532],[10.90882905]
[6.98906904],[1.8848986],[9.88299825]
[6.12415907],[1.86172884],[8.52734049]
[5.27037805],[1.8389588],[7.10573175]
[4.41739907],[1.8157346],[5.63779655]
[2.93381089],[0.94292241],[2.34020726]
[3.95047848],[0.99769315],[3.34820994]
[4.71034315],[1.05837239],[3.86270138]
[5.04441916],[1.16093919],[4.4171789]
[5.24053583],[1.27521998],[4.96147504]
[5.5070607],[1.34217925],[5.47217832]
[5.66634282],[1.40517725],[5.87315971]
[5.93874955],[1.45752069],[6.3980298]
[6.14843931],[1.49519107],[6.77248439]
[6.29816219],[1.53049823],[7.20709186]
[6.40096181],[1.54817257],[7.54286646]
[6.55451393],[1.56616317],[7.90147805]
[6.63209781],[1.57693543],[8.15469461]
[6.78414216],[1.59773414],[8.39570839]
[6.82076515],[1.6049744],[8.56620965]
[7.0024855],[1.62879073],[8.82557778]
[6.9761932],[1.63875149],[8.96030365]
[7.30198681],[1.66684025],[9.30389079]
[7.44502797],[1.67878689],[9.4694205]
[7.74436998],[1.71500889],[9.87696251]
[7.96206919],[1.75640901],[10.05957782]
[8.14272297],[1.80424674],[10.44831865]
[8.22960097],[1.86072776],[10.68966505]
[8.42912823],[1.89278415],[11.0766438]
[8.47563462],[1.91867689],[11.28787485]
[8.68912534],[1.93992172],[11.67638734]
[8.75263945],[1.9631518],[11.81887879]
[8.91486002],[1.98484349],[12.15779882]
[9.00601005],[2.01281738],[12.33491306]
[9.03890911],[2.03270049],[12.56785027]
[9.10165049],[2.05561831],[12.72079987]
[9.13115151],[2.06666218],[12.91873995]
[9.24000271],[2.07822389],[13.04221779]
[9.22412838],[2.08574002],[13.16170092]
[9.25118495],[2.09317899],[13.16620127]
[9.18710618],[2.10118937],[13.17580661]
[9.20879322],[2.10013359],[13.11626159]
[9.14521212],[2.08703164],[13.06279276]
[9.14767723],[2.06905617],[12.96819208]
[9.0848699],[2.05566383],[12.88649479]
[9.06001945],[2.04091553],[12.79784632]
[9.02351567],[2.02967036],[12.69085461]
[9.0027249],[2.02096015],[12.59859952]
[8.98057286],[2.01253904],[12.48889467]
[8.95239933],[2.00482788],[12.34376402]
[8.91337892],[1.99590025],[12.18320813]
[8.83695185],[1.98682118],[12.05818213]
[8.72468449],[1.977175],[11.94840142]
[8.59338949],[1.96742475],[11.80738197]
[8.48953623],[1.95631367],[11.68169175]
[8.21117467],[1.94339483],[11.46079221]
[7.35805046],[1.92425285],[10.36324314]
[6.49481909],[1.9029052],[8.96279939]
[5.6410578],[1.88184599],[7.50965615]
[4.78728213],[1.86002978],[6.00726358]
[2.94333626],[0.95434859],[2.37627191]
[3.96252505],[1.01825784],[3.42953229]
[4.71851624],[1.11875917],[4.13368313]
[5.16521476],[1.24143657],[4.77565491]
[5.34817361],[1.32718413],[5.26398123]
[5.6255212],[1.3904529],[5.78736691]
[5.7970495],[1.44482348],[6.21526024]
[6.05434558],[1.49494997],[6.72755834]
[6.28040046],[1.527756],[7.10469608]
[6.43225639],[1.55989722],[7.54073983]
[6.52061641],[1.57292253],[7.89241314]
[6.68890808],[1.58795821],[8.27869768]
[6.73447694],[1.59958909],[8.4947301]
[6.92602673],[1.61742558],[8.76236736]
[6.91486838],[1.62620759],[8.90672434]
[7.1329639],[1.64713733],[9.20393953]
[7.15240065],[1.65889639],[9.34020759]
[7.49330588],[1.68922004],[9.732579]
[7.76158326],[1.725098],[9.95376696]
[8.06309491],[1.77007403],[10.38879645]
[8.27292097],[1.83691343],[10.66510599]
[8.4903437],[1.89632229],[11.1563768]
[8.53552425],[1.95322211],[11.49705489]
[8.74527494],[1.98327768],[12.00897719]
[8.81513833],[2.0068633],[12.31160889]
[9.00214018],[2.02734784],[12.78254298]
[9.13546433],[2.049386],[13.03790932]
[9.31809881],[2.0708903],[13.46467245]
[9.51244746],[2.09678648],[13.68956746]
[9.59491357],[2.11561309],[13.94486594]
[9.66776202],[2.1349967],[14.09778262]
[9.74663752],[2.14585156],[14.28460483]
[9.80275788],[2.15558811],[14.43254172]
[9.87791683],[2.16223106],[14.52566147]
[9.83425309],[2.16880102],[14.5433875]
[9.83775426],[2.17587015],[14.50852274]
[9.79103281],[2.17409641],[14.43705543]
[9.78928648],[2.16267295],[14.34917839]
[9.73926232],[2.14408524],[14.23816691]
[9.72642287],[2.12570931],[14.11841205]
[9.67357736],[2.10617589],[13.99758166]
[9.63717555],[2.08874378],[13.832839]
[9.61358303],[2.06970805],[13.6987417]
[9.58674288],[2.05285354],[13.54716926]
[9.56041196],[2.03621616],[13.35697669]
[9.52233287],[2.02666403],[13.13668335]
[9.47871869],[2.01870662],[12.92023173]
[9.3096023],[2.00907623],[12.67570473]
[9.07330293],[1.99897729],[12.41524499]
[8.88368302],[1.98780311],[12.22526835]
[8.60343236],[1.97602078],[11.99008844]
[7.7501625],[1.95703647],[10.8546285]
[6.88749529],[1.93638948],[9.42625055]
[6.0348735],[1.91602892],[7.94423819]
[5.18124474],[1.8948496],[6.39595736]
[2.9813533],[0.9605198],[2.41448723]
[3.97002586],[1.02950751],[3.50176079]
[4.7258939],[1.16948562],[4.45447319]
[5.26171709],[1.29024713],[5.07352316]
[5.43378962],[1.36556062],[5.57522939]
[5.71855029],[1.42655926],[6.14483675]
[5.90217053],[1.47784663],[6.5672548]
[6.14732907],[1.52727338],[7.06729443]
[6.37396086],[1.55550285],[7.48792798]
[6.55050387],[1.58386899],[7.92270334]
[6.62367496],[1.59678384],[8.28956406]
[6.78877624],[1.61142842],[8.66245933]
[6.83344556],[1.62256064],[8.86660804]
[6.99465841],[1.63968652],[9.12896368]
[6.96876385],[1.64834339],[9.27141751]
[7.26431719],[1.67148781],[9.60592305]
[7.38812262],[1.68976391],[9.79161598]
[7.71238151],[1.73373461],[10.26685791]
[8.02031512],[1.80536344],[10.57669101]
[8.35913051],[1.87132969],[11.14425566]
[8.56765769],[1.93747419],[11.54764971]
[8.79010958],[1.99116349],[12.12049274]
[8.87580258],[2.04168151],[12.54874673]
[9.07193636],[2.06979373],[13.15266547]
[9.253428],[2.09114069],[13.54722433]
[9.46251056],[2.11055525],[14.10937558]
[9.63665985],[2.13253011],[14.42831641]
[9.87159366],[2.15216179],[14.83670936]
[10.02573041],[2.17636533],[15.12723816]
[10.20370932],[2.19291782],[15.3627546]
[10.2493508],[2.20809444],[15.52461197]
[10.3540117],[2.21892061],[15.72305575]
[10.41080582],[2.22745343],[15.88056006]
[10.46467898],[2.23324132],[15.98746096]
[10.47423582],[2.23896573],[16.01859889]
[10.45164719],[2.24512382],[15.97136726]
[10.4286508],[2.24390401],[15.89394964]
[10.40508669],[2.23430722],[15.7878678]
[10.36811735],[2.21696741],[15.65581742]
[10.34685558],[2.19912029],[15.53449054]
[10.31391894],[2.17818931],[15.38981221]
[10.26063845],[2.15613885],[15.22026755]
[10.23701893],[2.13760032],[15.03963748]
[10.20970308],[2.12087985],[14.8651218]
[10.18530293],[2.10411107],[14.68630309]
[10.14842284],[2.08580981],[14.45922623]
[10.11932762],[2.0688831],[14.2100304]
[10.08138662],[2.05260834],[13.93405659]
[9.87040141],[2.03714631],[13.59647603]
[9.65328664],[2.02607915],[13.29496356]
[9.24555498],[2.01555596],[12.89799806]
[8.28590094],[1.99829318],[11.59146436]
[7.31266425],[1.97571909],[10.02711611]
[6.41828082],[1.95637317],[8.48403681]
[5.56599474],[1.93695167],[6.90504027]
[3.05286997],[0.97041403],[2.55694817]
[3.98759951],[1.0417271],[3.58913024]
[4.7447957],[1.2052083],[4.64684703]
[5.37589937],[1.32646749],[5.30408931]
[5.53483051],[1.39636724],[5.82320993]
[5.81791965],[1.45465808],[6.43113456]
[6.01603659],[1.50427901],[6.84869923]
[6.25257361],[1.55083526],[7.34088207]
[6.47924697],[1.57773948],[7.80251152]
[6.675984],[1.60587456],[8.2404094]
[6.713143],[1.61792173],[8.56751749]
[6.90975634],[1.63307715],[8.95879841]
[6.90402772],[1.64311948],[9.15157809]
[7.09182205],[1.66657485],[9.47405426]
[7.05047244],[1.68662527],[9.67408385]
[7.43473656],[1.7188614],[10.11344138]
[7.69000274],[1.77047371],[10.42165876]
[8.00815538],[1.85386801],[11.02329087]
[8.29150563],[1.92834619],[11.47367441]
[8.65204661],[1.98169722],[12.09094675]
[8.90897018],[2.03990959],[12.60626962]
[9.18538958],[2.08680994],[13.27510867]
[9.39486601],[2.13010674],[13.77585231]
[9.60326363],[2.15498327],[14.44024575]
[9.75512876],[2.17549426],[14.91321754]
[10.02195721],[2.19565271],[15.45426186]
[10.14166531],[2.21474782],[15.86831028]
[10.3945562],[2.23081649],[16.33727098]
[10.58612298],[2.25104609],[16.664659]
[10.7465114],[2.26581749],[16.95130592]
[10.86931398],[2.27856388],[17.12002683]
[10.91293421],[2.28935574],[17.31376347]
[11.00312348],[2.29536784],[17.46898098]
[11.0470434],[2.3005396],[17.59046263]
[11.0739076],[2.3056616],[17.65186074]
[11.04060378],[2.3111696],[17.60361573]
[11.03853757],[2.31065088],[17.53247658]
[10.99444294],[2.30242029],[17.4187031]
[10.9874346],[2.28655876],[17.28230047]
[10.93781786],[2.26944155],[17.14736759]
[10.93845464],[2.24983932],[17.00264695]
[10.8796419],[2.22979068],[16.82619127]
[10.85300438],[2.20848404],[16.64137661]
[10.82944791],[2.19093566],[16.44497173]
[10.80762552],[2.17808858],[16.2258421]
[10.78186577],[2.16370691],[15.98439846]
[10.75873833],[2.14982443],[15.73181969]
[10.72965578],[2.13601361],[15.47467549]
[10.66572785],[2.12118758],[15.15446191]
[10.44820152],[2.10477413],[14.80920366]
[10.00852804],[2.08798741],[14.34266794]
[9.04804573],[2.06689061],[12.95136569]
[8.08696388],[2.03872793],[11.31172891]
[7.16083346],[2.01196254],[9.64036998]
[6.22909097],[1.98998322],[7.89424393]
[3.11159708],[0.98678251],[2.6914081]
[3.99635491],[1.05177168],[3.67673021]
[4.75453836],[1.23816392],[4.78986939]
[5.48174226],[1.35803596],[5.51994531]
[5.64075743],[1.42170139],[6.06746695]
[5.91667402],[1.47724011],[6.67133922]
[6.12864569],[1.52644927],[7.0945365]
[6.36791124],[1.57114599],[7.60041316]
[6.5781463],[1.59773782],[8.06515306]
[6.78047592],[1.62431088],[8.48892721]
[6.81703057],[1.63764559],[8.85355726]
[6.97864003],[1.66337743],[9.28966338]
[6.97054666],[1.6851873],[9.55495025]
[7.22388657],[1.71325533],[9.95152041]
[7.34777383],[1.75871755],[10.25490766]
[7.67554537],[1.82470799],[10.82589982]
[8.01103562],[1.89647844],[11.30488178]
[8.39166371],[1.96465359],[11.89807988]
[8.68839302],[2.02656402],[12.43498121]
[9.06910956],[2.07502456],[13.13460719]
[9.41183328],[2.12792503],[13.72965794]
[9.71414913],[2.17150958],[14.48832469]
[9.88194492],[2.20940168],[15.04777322]
[10.15858755],[2.23032649],[15.70128393]
[10.27590102],[2.24925875],[16.23491692]
[10.52349171],[2.26709664],[16.8522999]
[10.6931647],[2.28429474],[17.30178575]
[10.88437994],[2.29908642],[17.80677089]
[11.06271888],[2.31718465],[18.18690326]
[11.24356742],[2.33042641],[18.5806109]
[11.34936258],[2.34468281],[18.79528294]
[11.49323026],[2.3540951],[19.04731665]
[11.53952082],[2.35979325],[19.2448108]
[11.65898365],[2.3653414],[19.40967166]
[11.64080795],[2.36988441],[19.49538695]
[11.64206465],[2.37563696],[19.45951497]
[11.57137362],[2.3780758],[19.39082432]
[11.58815097],[2.37072263],[19.28454236]
[11.50791839],[2.35697602],[19.15251506]
[11.51812036],[2.34043217],[19.00152242]
[11.44871886],[2.32346318],[18.85263052]
[11.43728516],[2.30560942],[18.66925044]
[11.36994615],[2.2871716],[18.47830883]
[11.33930037],[2.26999914],[18.27823687]
[11.30989546],[2.25288858],[18.06940226]
[11.27445454],[2.23819642],[17.81597525]
[11.24573348],[2.22622973],[17.58280326]
[11.22621953],[2.21413804],[17.34863241]
[11.19839898],[2.20081635],[17.05942739]
[11.12930403],[2.18536096],[16.71625034]
[10.7343687],[2.16901246],[16.18180665]
[9.85906066],[2.14991731],[14.70302465]
[8.967567],[2.12308185],[13.01404717]
[8.04532291],[2.09734454],[11.25809624]
[7.1278571],[2.07012842],[9.41697824]
[3.13492224],[1.00284215],[2.76900321]
[4.01101203],[1.06914808],[3.80817699]
[4.76461284],[1.26916547],[4.97078671]
[5.51822217],[1.38735653],[5.75897908]
[5.75396666],[1.44446077],[6.32266621]
[6.01549408],[1.50042183],[6.91142538]
[6.24451906],[1.55156629],[7.3381169]
[6.48840847],[1.5931349],[7.90508276]
[6.65876396],[1.62918272],[8.39750944]
[6.90021689],[1.66263345],[8.88294645]
[6.8950904],[1.68651335],[9.29183874]
[7.0579719],[1.71271653],[9.8089284]
[7.07409529],[1.74823549],[10.16083056]
[7.49306536],[1.81466822],[10.68471662]
[7.81028127],[1.89418588],[11.16592531]
[8.14697784],[1.95148023],[11.75488524]
[8.44672058],[2.01009495],[12.2600676]
[8.84668021],[2.06321247],[12.93158631]
[9.16971437],[2.11907448],[13.5207001]
[9.51640566],[2.16211366],[14.33086671]
[9.83930955],[2.20863151],[14.99569341]
[10.23038532],[2.24605551],[15.74951266]
[10.40189169],[2.27968852],[16.35172918]
[10.62554717],[2.29818174],[17.02727095]
[10.82281166],[2.31644233],[17.58949548]
[11.0010907],[2.33249434],[18.25948122]
[11.15345436],[2.34809779],[18.84258472]
[11.37419651],[2.3686221],[19.45833041]
[11.51009782],[2.38727061],[19.9068667]
[11.74671677],[2.40354766],[20.3737096]
[11.87911945],[2.41367658],[20.69310074]
[12.02855634],[2.43705403],[21.02014713]
[12.12598277],[2.44282534],[21.2534873]
[12.17978941],[2.44775841],[21.49577696]
[12.26925672],[2.45476472],[21.64434929]
[12.1901291],[2.46465938],[21.69920732]
[12.19217917],[2.47122037],[21.65581963]
[12.13437808],[2.46112894],[21.6004704]
[12.11789122],[2.43881004],[21.48411931]
[12.06548175],[2.41793883],[21.38427968]
[12.04752936],[2.3968201],[21.24430583]
[12.00907812],[2.38056189],[21.10157969]
[12.00202715],[2.36232988],[20.89039955]
[11.95952598],[2.34384453],[20.68797673]
[11.9435059],[2.32737802],[20.44061279]
[11.91648982],[2.30995201],[20.15075559]
[11.897509],[2.29427536],[19.85476577]
[11.8774003],[2.28237145],[19.55310311]
[11.83564439],[2.27129035],[19.22273918]
[11.81674334],[2.25695195],[18.85334482]
[11.43307124],[2.24245612],[18.22266043]
[10.49011722],[2.22506392],[16.65844687]
[9.58437002],[2.19979922],[14.89888993]
[8.70639298],[2.17629334],[13.05533189]
[7.83536624],[2.15136217],[11.12606239]
[3.15634455],[1.01491668],[2.83182225]
[4.00998268],[1.12114834],[3.9113669]
[4.76363339],[1.29914878],[5.16476382]
[5.51771511],[1.41553605],[6.02243897]
[5.83730558],[1.47276313],[6.61374995]
[6.08513832],[1.53744586],[7.22139394]
[6.33329583],[1.5928105],[7.75251795]
[6.53982907],[1.63872941],[8.35537609]
[6.72233945],[1.678443],[8.86572039]
[6.95536067],[1.71262123],[9.40649996]
[6.97643529],[1.73623311],[9.8862674]
[7.2747122],[1.80564117],[10.50184111]
[7.45087018],[1.88167604],[10.97573087]
[7.80491286],[1.94114239],[11.61386814]
[8.1681003],[2.01023104],[12.11674951]
[8.56332025],[2.05582926],[12.71436284]
[8.84637991],[2.10600593],[13.27823329]
[9.21485119],[2.15102721],[14.07628384]
[9.56492046],[2.20016656],[14.76527906]
[9.94805073],[2.23875531],[15.58087391]
[10.23850799],[2.28007712],[16.25630153]
[10.6223309],[2.31368203],[17.04328529]
[10.91197965],[2.3452354],[17.67747658]
[11.10515023],[2.36607282],[18.42284587]
[11.25270151],[2.38625284],[19.07489669]
[11.50390378],[2.42501205],[19.91362689]
[11.59961125],[2.44331479],[20.60640476]
[11.84712408],[2.47812217],[21.32708364]
[12.00422233],[2.48946953],[21.98304243]
[12.19392085],[2.53468346],[22.56726044]
[12.3894384],[2.5603586],[23.02787739]
[12.5458253],[2.6119136],[23.51044914]
[12.66441354],[2.61647351],[23.86878667]
[12.74101335],[2.62497057],[24.174813]
[12.78670056],[2.63135991],[24.47569872]
[12.79101062],[2.6362118],[24.60685842]
[12.7708421],[2.64316029],[24.68906915]
[12.76801105],[2.64324052],[24.60926569]
[12.74754468],[2.59828012],[24.53428796]
[12.74076589],[2.55940203],[24.3759063]
[12.73090771],[2.51917644],[24.24648461]
[12.7217061],[2.4829512],[24.03677116]
[12.70172307],[2.45776343],[23.84573149]
[12.68793717],[2.43417649],[23.58712342]
[12.64967499],[2.40662242],[23.32687235]
[12.61923146],[2.38323384],[22.99419755]
[12.5981393],[2.3681474],[22.6417123]
[12.58013024],[2.3507791],[22.28293996]
[12.54981042],[2.33433888],[21.90110635]
[12.52719121],[2.32124539],[21.4679222]
[12.22841152],[2.30857178],[20.80556545]
[11.36393677],[2.29255505],[19.12718853]
[10.40314226],[2.27133236],[17.21554385]
[9.45660557],[2.2506096],[15.21832488]
[8.50978187],[2.22860042],[13.14629062]
[3.19183723],[1.02724536],[2.92191375]
[4.00968035],[1.14669368],[3.98455422]
[4.76363879],[1.32450034],[5.28174941]
[5.52261263],[1.44758013],[6.23806492]
[5.86331071],[1.5165866],[6.91344413]
[6.11793601],[1.5874176],[7.59699287]
[6.35696155],[1.64438391],[8.19010184]
[6.5850784],[1.68853275],[8.79176062]
[6.78336613],[1.72780486],[9.34888674]
[7.04058638],[1.78732982],[9.98846308]
[7.05211213],[1.87288541],[10.57603462]
[7.43663995],[1.94181649],[11.30185116]
[7.69447701],[2.0061575],[11.89343996]
[8.04967492],[2.05502933],[12.49270503]
[8.39228385],[2.10879903],[13.05534256]
[8.79092239],[2.14840093],[13.76058018]
[9.11088112],[2.19294969],[14.43681193]
[9.46175235],[2.2336015],[15.27235631]
[9.79990765],[2.27842493],[16.00815297]
[10.20236785],[2.31789301],[16.82188725]
[10.51795903],[2.36153818],[17.58163137]
[10.88381834],[2.41022232],[18.44373046]
[11.16417301],[2.44141185],[19.20040359]
[11.44942105],[2.49532681],[20.12794098]
[11.56431889],[2.53217958],[20.93954733]
[11.83730074],[2.58668023],[21.91733839]
[11.98228828],[2.62044113],[22.81632619]
[12.19089086],[2.672667],[23.7389349]
[12.40072395],[2.68805709],[24.61618481]
[12.60045617],[2.73062584],[25.41803638]
[12.78806933],[2.75444622],[26.09060697]
[13.04251959],[2.7857648],[26.65174954]
[13.16011827],[2.79080745],[27.122689]
[13.29436019],[2.79720697],[27.51810046]
[13.3534213],[2.80085564],[27.79859282]
[13.40485321],[2.80347295],[28.01904004]
[13.37987232],[2.80747908],[28.06538405]
[13.38623983],[2.80415697],[28.05193451]
[13.35473931],[2.77213032],[27.89996557]
[13.36623262],[2.73701816],[27.78614676]
[13.33729365],[2.70120534],[27.56643792]
[13.35256634],[2.66210457],[27.3591648]
[13.31232614],[2.62168686],[27.05195311]
[13.32310714],[2.58055893],[26.78545228]
[13.29094168],[2.53341707],[26.4320602]
[13.26063727],[2.48160428],[26.07636087]
[13.24903297],[2.45529324],[25.73577154]
[13.23483896],[2.42855989],[25.35718178]
[13.21228723],[2.40360383],[24.94340091]
[13.19402616],[2.38440595],[24.47901487]
[12.86662611],[2.37085723],[23.7070956]
[12.11178792],[2.35399962],[21.90310637]
[11.21273944],[2.3355868],[19.81522721]
[10.26616551],[2.31710901],[17.68498799]
[9.31874066],[2.29762316],[15.51832892]
[3.21554974],[1.0326702],[2.96936103]
[4.00832615],[1.16268208],[4.03368152]
[4.77069095],[1.34668859],[5.40208415]
[5.5298512],[1.47109087],[6.40625431]
[5.88204629],[1.54486142],[7.13013813]
[6.15634746],[1.6229265],[7.84544229]
[6.4063907],[1.6805934],[8.44694262]
[6.65099469],[1.72655423],[9.06697934]
[6.83862627],[1.77652197],[9.71129978]
[7.13088021],[1.89172726],[10.45297356]
[7.19136591],[1.97294696],[11.09148086]
[7.57578309],[2.039792],[11.90518914]
[7.88258012],[2.09578224],[12.56975955]
[8.24493274],[2.14072617],[13.21351673]
[8.56235334],[2.19393892],[13.87856149]
[8.96348142],[2.23324255],[14.69880977]
[9.31078017],[2.27707424],[15.45735115]
[9.67096815],[2.31699374],[16.28712761]
[9.98163225],[2.36088258],[17.09815469]
[10.38409769],[2.41422309],[18.04937166]
[10.72253984],[2.46154446],[18.90320725]
[11.06922621],[2.53661954],[19.95917563]
[11.35776715],[2.61564758],[20.93950009]
[11.6947789],[2.70446587],[22.00916446]
[11.84146872],[2.74066211],[23.09508038]
[12.09521962],[2.78331069],[24.27053765]
[12.30002269],[2.81254238],[25.31157876]
[12.50088535],[2.8438294],[26.40791926]
[12.70332148],[2.86125815],[27.44644297]
[12.95414697],[2.8890171],[28.33831184]
[13.09663457],[2.90871338],[29.09430713]
[13.3711506],[2.92295586],[29.71215932]
[13.54629816],[2.92791278],[30.18491004]
[13.66012789],[2.93136423],[30.57807619]
[13.77735542],[2.93285396],[30.8699621]
[13.80285004],[2.93830112],[31.08839004]
[13.84871723],[2.93754477],[31.21676]
[13.80837271],[2.92873455],[31.18595135]
[13.84636073],[2.90839957],[31.07672418]
[13.7973738],[2.88188868],[30.90611808]
[13.83061283],[2.85608188],[30.73163771]
[13.77916054],[2.82901868],[30.5043385]
[13.80267686],[2.79677224],[30.24453005]
[13.74799173],[2.76194443],[29.97135736]
[13.76713358],[2.72492366],[29.64866889]
[13.71090414],[2.6828753],[29.25334844]
[13.69931244],[2.63930419],[28.88359483]
[13.68771473],[2.59335233],[28.48709131]
[13.67361288],[2.54410897],[28.06092402]
[13.65922078],[2.48926981],[27.53026816]
[13.31286739],[2.46133043],[26.68901659]
[12.55416135],[2.42791877],[24.74311386]
[11.75657459],[2.39599545],[22.49546706]
[10.83320876],[2.37926941],[20.2258164]
[9.88663372],[2.35952478],[17.93304919]
[3.22653786],[1.03874301],[3.00136592]
[4.02482612],[1.18543448],[4.15260329]
[4.78370894],[1.36597299],[5.53133617]
[5.54310629],[1.49047114],[6.58163474]
[5.9509112],[1.57050233],[7.34378014]
[6.23490032],[1.64948585],[8.0691395]
[6.48037002],[1.71101424],[8.6814232]
[6.73040606],[1.75855792],[9.36708048]
[6.90740504],[1.85803089],[10.09577037]
[7.25659108],[1.97162089],[10.90083992]
[7.3845035],[2.05688287],[11.65132802]
[7.72981811],[2.11919506],[12.52316823]
[8.06604318],[2.17168418],[13.27697523]
[8.45115286],[2.21367614],[13.98928462]
[8.78110356],[2.26387582],[14.79973939]
[9.16981534],[2.30215964],[15.618999]
[9.53467085],[2.3451961],[16.38437036]
[9.93698962],[2.39093677],[17.29765594]
[10.24338275],[2.44309184],[18.22550874]
[10.6386815],[2.52341892],[19.25382531]
[10.99179059],[2.59922929],[20.27686799]
[11.35726332],[2.69599405],[21.49209513]
[11.64611345],[2.77981637],[22.61817119]
[11.97644603],[2.83973547],[23.87739705]
[12.1935091],[2.87540282],[25.06282515]
[12.40146497],[2.90690197],[26.32520116]
[12.61071211],[2.93292575],[27.50753999]
[12.85522349],[2.95444911],[28.5897435]
[13.0073422],[2.97104952],[29.72967086]
[13.27793315],[2.99263743],[30.62143751]
[13.43794668],[3.00916045],[31.45284231]
[13.67401269],[3.02423544],[32.22380581]
[13.90975961],[3.03302232],[32.81818118]
[14.01210381],[3.03345377],[33.23760332]
[14.12556895],[3.03271326],[33.60399561]
[14.18038672],[3.03683676],[33.80182629]
[14.19293682],[3.03559494],[33.95277185]
[14.19470785],[3.02452312],[33.92874733]
[14.19529963],[3.00243872],[33.83325181]
[14.20088323],[2.98133228],[33.64559183]
[14.20567324],[2.96062589],[33.49362218]
[14.19879062],[2.93953469],[33.22466413]
[14.19200248],[2.91349051],[32.98214066]
[14.18600971],[2.88431965],[32.66455774]
[14.18452549],[2.85381067],[32.38327592]
[14.17510665],[2.81818927],[31.99266843]
[14.14570933],[2.78019581],[31.60825339]
[14.1308277],[2.74163315],[31.19968166]
[14.11036806],[2.7024332],[30.75666954]
[14.09478781],[2.65699388],[30.22734343]
[13.75895619],[2.61141833],[29.30900115]
[12.99862931],[2.56237469],[27.31854259]
[12.2352023],[2.49977167],[24.98137548]
[11.40475381],[2.46586117],[22.5549351]
[10.47055343],[2.431865],[20.12832192]
[3.23796315],[1.04725123],[3.03936538]
[4.02879746],[1.21087729],[4.26212963]
[4.78807624],[1.39119581],[5.68190907]
[5.54777762],[1.51784915],[6.78855951]
[6.00507666],[1.61110252],[7.61244008]
[6.27862411],[1.68451143],[8.3457461]
[6.53559444],[1.74495019],[8.97816343]
[6.78625126],[1.79109712],[9.72570587]
[6.97832492],[1.93175106],[10.55974317]
[7.38468281],[2.03764887],[11.40498596]
[7.60343093],[2.11690973],[12.22107821]
[7.95008009],[2.17909983],[13.1600881]
[8.3037421],[2.23044698],[13.95201994]
[8.71587507],[2.27228392],[14.8268943]
[9.06894915],[2.32236433],[15.65821086]
[9.44034694],[2.35926796],[16.49168969]
[9.79694753],[2.40305422],[17.33942443]
[10.22184729],[2.48043653],[18.40645542]
[10.54589581],[2.55740422],[19.3904299]
[10.90168361],[2.65215922],[20.54530882]
[11.22936813],[2.73273484],[21.77061233]
[11.62771641],[2.81115034],[23.05206035]
[11.91118178],[2.88376633],[24.35483731]
[12.24549806],[2.92641445],[25.62358506]
[12.49966267],[2.95846078],[26.90024082]
[12.73963669],[2.98346546],[28.14773827]
[12.89855829],[3.00705904],[29.31173639]
[13.1825131],[3.03454385],[30.52685023]
[13.32605504],[3.06041432],[31.61366765]
[13.56998549],[3.09206189],[32.62486094]
[13.77037077],[3.10551337],[33.58543302]
[13.97901191],[3.11943673],[34.40108854]
[14.20205248],[3.12774897],[35.134165]
[14.37455299],[3.12636054],[35.65112222]
[14.45341586],[3.1249281],[36.07791745]
[14.56664777],[3.12287684],[36.34533284]
[14.52962453],[3.12145447],[36.50128659]
[14.5807751],[3.10887848],[36.5588011]
[14.53171403],[3.08951507],[36.42027942]
[14.58282269],[3.06812845],[36.26019363]
[14.54446808],[3.0380542],[36.02586285]
[14.58701385],[3.00792453],[35.78250929]
[14.52954573],[2.98591333],[35.4750318]
[14.57475732],[2.96200957],[35.20031453]
[14.52197865],[2.93704238],[34.86046827]
[14.55502314],[2.90756517],[34.49803042]
[14.50408504],[2.87562462],[34.07168473]
[14.49817784],[2.84092359],[33.64325855]
[14.48877689],[2.80411923],[33.17971113]
[14.48260611],[2.76650048],[32.66142697]
[14.1606508],[2.72729869],[31.79016508]
[13.41217583],[2.68540647],[29.72992357]
[12.65861362],[2.63258187],[27.33031475]
[11.90678615],[2.58032269],[24.83950963]
[11.03899084],[2.54928698],[22.27812103]
[3.24880313],[1.05852947],[3.08816611]
[4.03589583],[1.25458529],[4.45135402]
[4.79724867],[1.43372449],[5.89153788]
[5.55639539],[1.55560855],[7.08066308]
[6.11056265],[1.65861374],[7.98822028]
[6.36809628],[1.72107893],[8.68142395]
[6.64599565],[1.77944803],[9.40994041]
[6.88401167],[1.88124489],[10.22502047]
[7.06349372],[2.01071131],[11.14127132]
[7.55962507],[2.10317072],[12.02723255]
[7.8747593],[2.17993345],[12.9145568]
[8.26286984],[2.2415194],[13.85001379]
[8.57773816],[2.29196322],[14.7827073]
[8.99133867],[2.33164474],[15.67298481]
[9.37562341],[2.37879029],[16.55308396]
[9.75259144],[2.44652908],[17.48503635]
[10.07749645],[2.50684008],[18.47328971]
[10.50239865],[2.6073627],[19.59672302]
[10.86914052],[2.68917088],[20.75064607]
[11.19297642],[2.76903038],[22.03972389]
[11.48806351],[2.84694139],[23.34184194]
[11.88316165],[2.91176996],[24.73129706]
[12.19700841],[2.97093881],[26.04957493]
[12.53256707],[3.00311939],[27.36170521]
[12.79060514],[3.03691141],[28.65822449]
[13.09440154],[3.06756018],[29.92669612]
[13.2137791],[3.09804131],[31.18028118]
[13.48470084],[3.12607225],[32.35091329]
[13.67909757],[3.15192611],[33.57291168]
[13.87693052],[3.1814086],[34.64703218]
[14.08473333],[3.19201434],[35.6720418]
[14.3193247],[3.20600921],[36.63051752]
[14.5070456],[3.21081597],[37.45500048]
[14.73056506],[3.20848906],[38.14897517]
[14.81308856],[3.20622305],[38.63263809]
[14.89895199],[3.20343681],[38.97984197]
[14.90854914],[3.20111091],[39.14230631]
[14.94439944],[3.18968881],[39.26721733]
[14.92940684],[3.18557233],[39.13230572]
[14.93556085],[3.16435525],[38.98745214]
[14.92512603],[3.13426693],[38.71207275]
[14.935302],[3.10040287],[38.4818919]
[14.91685939],[3.06600797],[38.12264592]
[14.92342495],[3.03766166],[37.83268625]
[14.90961559],[3.00615752],[37.44500131]
[14.90749792],[2.97415732],[37.07416784]
[14.89296547],[2.94621767],[36.64549864]
[14.86734959],[2.91847165],[36.19440117]
[14.85523929],[2.88961003],[35.69417677]
[14.84543771],[2.85690056],[35.14649781]
[14.54333391],[2.82095674],[34.21981733]
[13.78774684],[2.7828231],[32.10856083]
[13.02146753],[2.74175301],[29.67488799]
[12.2677304],[2.69644019],[27.14755065]
[11.48063149],[2.64244671],[24.52964945]
[3.25993039],[1.0735169],[3.17075855]
[4.04353817],[1.30213632],[4.63613347]
[4.80384128],[1.48053896],[6.08464544]
[5.5637653],[1.59147577],[7.35673704]
[6.21289654],[1.69598008],[8.33570714]
[6.49160591],[1.75510872],[9.03775662]
[6.74993661],[1.82661297],[9.85832364]
[6.99739117],[1.95390242],[10.7285937]
[7.25609514],[2.06948188],[11.67462385]
[7.73442285],[2.15702315],[12.60395041]
[8.11983684],[2.23304957],[13.57399441]
[8.5796344],[2.29408929],[14.5541556]
[8.89295913],[2.34257222],[15.56337267]
[9.26820592],[2.38463647],[16.4738506]
[9.65468131],[2.45285012],[17.50673933]
[10.06359489],[2.55267836],[18.5486887]
[10.38824224],[2.63022339],[19.68842552]
[10.78273833],[2.72492558],[20.90210182]
[11.1265429],[2.81171572],[22.3064441]
[11.4886276],[2.87781305],[23.57581664]
[11.76542557],[2.94394026],[24.99239529]
[12.13674728],[3.0037023],[26.33825368]
[12.47298913],[3.04652912],[27.76347812]
[12.81612629],[3.08383985],[29.04972716]
[13.08964675],[3.12710781],[30.41964399]
[13.39889766],[3.15666713],[31.73210607]
[13.57044456],[3.18478731],[33.00374762]
[13.78188588],[3.21293118],[34.21242995]
[14.00557284],[3.24249669],[35.58443387]
[14.22280741],[3.26436706],[36.67851709]
[14.39018745],[3.27514893],[37.86559066]
[14.66050129],[3.29215611],[38.92447067]
[14.83034308],[3.30826541],[39.89003804]
[15.03894918],[3.32782475],[40.72831194]
[15.20980876],[3.32310693],[41.32440643]
[15.25178439],[3.31805652],[41.71661139]
[15.30261534],[3.31238058],[41.9096738]
[15.32120456],[3.30665187],[42.02118269]
[15.34841974],[3.29888049],[41.98340652]
[15.30105834],[3.27380227],[41.77111214]
[15.32625142],[3.23397901],[41.53497302]
[15.28030602],[3.19313459],[41.24719085]
[15.31684829],[3.16913878],[40.92346798]
[15.26779917],[3.1311088],[40.56205808]
[15.30991672],[3.10351549],[40.19918092]
[15.25421456],[3.07215955],[39.7459412]
[15.29732994],[3.04159015],[39.33355743]
[15.24574334],[3.00926656],[38.84056387]
[15.2426623],[2.97481857],[38.34619282]
[15.23716681],[2.9396173],[37.78738996]
[14.94574614],[2.91051158],[36.80995201]
[14.20919466],[2.87935003],[34.63669761]
[13.46049151],[2.84499761],[32.14640356]
[12.71533736],[2.80541106],[29.58427093]
[11.86966803],[2.75674791],[26.91235768]
[3.27459009],[1.10256621],[3.29451349]
[4.05969641],[1.35603522],[4.85614976]
[4.81804623],[1.52943225],[6.30916769]
[5.57330628],[1.63445025],[7.66153557]
[6.32788358],[1.7331806],[8.70916847]
[6.62832232],[1.78985392],[9.47342065]
[6.86482882],[1.90382154],[10.36743501]
[7.11408919],[2.01677959],[11.25686091]
[7.5229166],[2.12551076],[12.30860704]
[7.95159642],[2.20886872],[13.21798702]
[8.37565881],[2.2842426],[14.25596644]
[8.84371892],[2.3435632],[15.31704243]
[9.21662483],[2.38938025],[16.35843161]
[9.5792396],[2.46096944],[17.34877963]
[9.93525921],[2.54173142],[18.54810888]
[10.35105604],[2.64422699],[19.64017436]
[10.70379919],[2.73409653],[20.87639987]
[11.06568745],[2.81711939],[22.22423846]
[11.37969008],[2.89587084],[23.6695657]
[11.76311727],[2.95458255],[24.97360359]
[12.05663086],[3.01461287],[26.42417575]
[12.39215583],[3.06730231],[27.79910043]
[12.7279858],[3.13338598],[29.3681225]
[13.10969188],[3.1773239],[30.68184498]
[13.37914822],[3.21825538],[32.18868134]
[13.70327494],[3.24849535],[33.48627126]
[13.90959301],[3.27615138],[34.8853921]
[14.11353967],[3.31981726],[36.1922535]
[14.30422702],[3.37354661],[37.75056292]
[14.57031982],[3.41367669],[39.03377422]
[14.70239167],[3.43643127],[40.35038136]
[14.96322509],[3.46844927],[41.60473313]
[15.17960314],[3.49514363],[42.63025212]
[15.33763294],[3.49745225],[43.61075701]
[15.54874489],[3.49622681],[44.34227476]
[15.62586713],[3.49140407],[44.80522774]
[15.68119873],[3.4872639],[45.06620227]
[15.70768152],[3.48039892],[45.1592865]
[15.7324289],[3.45478988],[45.13960349]
[15.69744971],[3.41832911],[44.89475608]
[15.7023879],[3.39147322],[44.57308608]
[15.67367736],[3.343952],[44.18367523]
[15.68330877],[3.32442665],[43.86321195]
[15.65798688],[3.29465971],[43.44330268]
[15.66917367],[3.2481549],[43.11130692]
[15.64925244],[3.19393314],[42.62317189]
[15.66058223],[3.14455771],[42.19796604]
[15.64452899],[3.11446766],[41.65957062]
[15.62432271],[3.08256165],[41.12480653]
[15.61626801],[3.04969986],[40.52212778]
[15.30107638],[3.01738866],[39.46062561]
[14.56243157],[2.98408374],[37.2437513]
[13.8172978],[2.94657597],[34.69537276]
[13.07512212],[2.90888175],[32.0470826]
[12.29575081],[2.85598311],[29.2719805]
[3.27921668],[1.15835193],[3.43022461]
[4.06592276],[1.40432592],[5.05588503]
[4.82177589],[1.57703379],[6.5475669]
[5.57724928],[1.67881381],[7.94209789]
[6.33165842],[1.76623753],[9.0717241]
[6.73717182],[1.8275175],[9.90354504]
[6.97695893],[1.96654335],[10.87355585]
[7.31397781],[2.07289129],[11.79810481]
[7.7406948],[2.18131642],[12.87734752]
[8.18409833],[2.25801123],[13.84461275]
[8.60246389],[2.33572933],[14.91120813]
[9.07727966],[2.38883961],[16.03353602]
[9.48778595],[2.45521437],[17.13067216]
[9.87751391],[2.54920352],[18.27213757]
[10.20718977],[2.64418741],[19.61621212]
[10.60923129],[2.7314564],[20.73910472]
[10.97246843],[2.82197043],[22.15504654]
[11.32772436],[2.89546702],[23.48928683]
[11.62053668],[2.96598369],[24.99426574]
[11.99818291],[3.02211418],[26.3144426]
[12.32984458],[3.07643945],[27.83441928]
[12.65848765],[3.14766777],[29.28882055]
[12.96034661],[3.22104247],[30.90782846]
[13.34180158],[3.26466594],[32.312313]
[13.64778409],[3.31356794],[33.80852607]
[13.98473958],[3.37046844],[35.24967406]
[14.20556353],[3.42199159],[36.84165313]
[14.44949933],[3.46976874],[38.26410618]
[14.59419185],[3.51301543],[39.9462657]
[14.86681863],[3.55027136],[41.30803851]
[15.03753018],[3.58525399],[42.7173893]
[15.25711268],[3.62019455],[43.98471119]
[15.4894441],[3.64590508],[45.19912502]
[15.66112133],[3.65567531],[46.20775986]
[15.85398092],[3.65660992],[47.14041115]
[16.00381008],[3.65116347],[47.78696526]
[16.00172539],[3.64631789],[48.11622131]
[16.09026087],[3.6367809],[48.27863361]
[16.07578805],[3.60792008],[48.27274922]
[16.09443151],[3.54650905],[48.12044508]
[16.04646],[3.51598675],[47.76976859]
[16.06734518],[3.47212065],[47.35644837]
[16.03007066],[3.4465212],[46.90396824]
[16.05790266],[3.42341821],[46.47991714]
[16.01664918],[3.38886401],[46.04849377]
[16.05195409],[3.34326185],[45.58782573]
[16.00983907],[3.2959665],[45.08936155]
[16.04305407],[3.24682764],[44.55690187]
[16.00145891],[3.1999828],[43.9663778]
[15.99777855],[3.15460776],[43.36527703]
[15.68320365],[3.11850396],[42.24636829]
[14.94150002],[3.08840886],[39.9605612]
[14.20032247],[3.05475232],[37.36304289]
[13.4635309],[3.02093346],[34.64311566]
[12.72637435],[2.97820333],[31.80766559]
[3.28666475],[1.22741459],[3.60463897]
[4.06949192],[1.46519584],[5.26098269]
[4.82733008],[1.62310379],[6.82018432]
[5.58173203],[1.72547767],[8.2405216]
[6.33994445],[1.80060938],[9.52492396]
[6.85538906],[1.91394801],[10.44993338]
[7.07454732],[2.03570633],[11.47547943]
[7.52948115],[2.13641799],[12.45927422]
[7.97833852],[2.24560937],[13.56965895]
[8.44025403],[2.31770218],[14.53113873]
[8.86353882],[2.39268577],[15.76300641]
[9.32774458],[2.45514542],[16.81209942]
[9.7495885],[2.53976071],[18.07493683]
[10.18319662],[2.63937936],[19.34341112]
[10.52999678],[2.74583316],[20.79937775]
[10.8835356],[2.82137186],[22.05948416]
[11.22352733],[2.90057788],[23.54981539]
[11.60981867],[2.9654679],[24.87525107]
[11.90329499],[3.02741214],[26.43100642]
[12.24640495],[3.07584385],[27.7280102]
[12.59149531],[3.15502602],[29.42588943]
[12.95214594],[3.22569523],[30.83971287]
[13.23140946],[3.30547262],[32.54601883]
[13.59277961],[3.37713688],[33.92873618]
[13.93270815],[3.44627636],[35.60857538]
[14.26409],[3.49945827],[37.17554198]
[14.51688307],[3.54541413],[38.90150515]
[14.77976174],[3.59380877],[40.39884988]
[14.94263187],[3.65108357],[42.13979636]
[15.16954219],[3.69665557],[43.63454377]
[15.38999644],[3.73921488],[45.12161501]
[15.58927845],[3.77441585],[46.48582545]
[15.79550222],[3.79000232],[47.75691714]
[16.00608567],[3.79543536],[48.98286959]
[16.1591242],[3.7934444],[50.01377166]
[16.37859868],[3.78867296],[50.93590968]
[16.4179517],[3.78450586],[51.39574164]
[16.54915485],[3.77880075],[51.68503999]
[16.56891734],[3.74741352],[51.74982083]
[16.58671359],[3.69363773],[51.73049802]
[16.55631052],[3.64735488],[51.41245229]
[16.5676251],[3.60236695],[51.00079366]
[16.55489668],[3.5882464],[50.41262713]
[16.56596715],[3.5604461],[49.91772457]
[16.55731587],[3.51770296],[49.36671317]
[16.57247673],[3.4662986],[48.86300567]
[16.57769671],[3.42319049],[48.3068103]
[16.58283711],[3.38143495],[47.80208992]
[16.60094315],[3.33861984],[47.17512449]
[16.58708827],[3.29875732],[46.53869202]
[16.26236229],[3.25890487],[45.32279183]
[15.53436595],[3.21730523],[42.95970188]
[14.80537292],[3.17196602],[40.28979824]
[14.07995104],[3.12491366],[37.53712418]
[13.35195979],[3.09033971],[34.61169905]
[3.29292467],[1.30585171],[3.79485045]
[4.07399364],[1.52465308],[5.44919365]
[4.83594157],[1.66536853],[7.06818671]
[5.6433723],[1.76029023],[8.52161353]
[6.36639681],[1.8389076],[9.93470616]
[6.98959568],[1.97646255],[10.96971213]
[7.26897382],[2.09344283],[12.09419846]
[7.74701785],[2.20304832],[13.07165402]
[8.21128051],[2.30261334],[14.24890936]
[8.6864453],[2.37686941],[15.28978061]
[9.12344047],[2.44801968],[16.54833809]
[9.58056374],[2.5450566],[17.6726836]
[10.0084545],[2.65880375],[19.19883377]
[10.44188094],[2.7438828],[20.47194469]
[10.85059708],[2.83738877],[22.11938524]
[11.15836315],[2.90166986],[23.37421557]
[11.4734913],[2.97047191],[24.93216048]
[11.85852332],[3.02900559],[26.3054748]
[12.19387117],[3.08696847],[27.93421736]
[12.51460096],[3.15345145],[29.32597745]
[12.85114623],[3.22916639],[31.02669727]
[13.23071875],[3.30293596],[32.49572009]
[13.52957484],[3.39927082],[34.18282153]
[13.84301091],[3.48915011],[35.64192111]
[14.18946014],[3.5472226],[37.45519177]
[14.54890435],[3.60266254],[39.04236221]
[14.81749641],[3.66168101],[40.95431324]
[15.08644726],[3.71596487],[42.53555056]
[15.29854848],[3.77877668],[44.39372067]
[15.48453921],[3.83000931],[45.8859595]
[15.69480795],[3.87991266],[47.5516617]
[15.93845547],[3.90597921],[48.95518751]
[16.09634778],[3.91813184],[50.38218323]
[16.31752584],[3.91574312],[51.68378905]
[16.52416847],[3.91270013],[53.00078533]
[16.74669197],[3.90952817],[54.13059366]
[16.99754968],[3.90532465],[54.8671088]
[17.11066471],[3.89977744],[55.28461348]
[17.24616275],[3.86435876],[55.60174749]
[17.22671118],[3.81968762],[55.73052973]
[17.23425212],[3.77713354],[55.63291146]
[17.2150814],[3.73973691],[55.35248033]
[17.24547068],[3.73342784],[54.84994696]
[17.24154654],[3.71124327],[54.24444242]
[17.26520367],[3.67501361],[53.598934]
[17.27332202],[3.62035256],[52.90551368]
[17.29913177],[3.55998069],[52.32358645]
[17.30984131],[3.50367971],[51.66500157]
[17.32662766],[3.45633902],[51.06859565]
[17.36165565],[3.41983706],[50.32672504]
[16.98762763],[3.38396846],[49.02479183]
[16.26748382],[3.34779709],[46.61977888]
[15.54771895],[3.30800053],[43.92008421]
[14.82938225],[3.2676158],[41.03568444]
[14.11145592],[3.22775448],[38.05933963]
[3.29917169],[1.11223866],[3.0678034]
[4.08453719],[1.29653692],[4.60133603]
[4.84319168],[1.39348706],[6.11700302]
[5.69342092],[1.46710234],[7.47382616]
[6.48806046],[1.69016732],[8.97260205]
[7.10192086],[1.7992709],[10.05379814]
[7.54671072],[1.90488589],[11.17907212]
[8.00298635],[1.99000399],[12.12995164]
[8.46016715],[2.07320449],[13.3186617]
[8.93475045],[2.14836081],[14.33190676]
[9.39641601],[2.25143662],[15.64338794]
[9.8611902],[2.40756563],[16.85529607]
[10.27716099],[2.51323665],[18.46400347]
[10.71821364],[2.5980359],[19.68984162]
[11.10854122],[2.66271899],[21.43991727]
[11.45344533],[2.72403938],[22.60996458]
[11.74242018],[2.76896495],[24.25121954]
[12.11588072],[2.82538988],[25.54297196]
[12.47230023],[2.89385653],[27.34089012]
[12.80257935],[2.95964429],[28.61428303]
[13.10467498],[3.02454426],[30.34643884]
[13.48478635],[3.13150096],[31.74646648]
[13.82565098],[3.24647467],[33.54720206]
[14.13433647],[3.331489],[35.02597782]
[14.44902796],[3.41573496],[36.93116492]
[14.82100443],[3.47106984],[38.60477178]
[15.11513169],[3.53460476],[40.59221355]
[15.39009302],[3.58679821],[42.24493077]
[15.61420804],[3.64401226],[44.06080222]
[15.83442482],[3.69247282],[45.63990918]
[15.99550621],[3.73857792],[47.36732574]
[16.26444236],[3.76731128],[48.96507868]
[16.43471996],[3.78872612],[50.38846646]
[16.63690651],[3.7972261],[51.93809871]
[16.88092678],[3.79599432],[53.32623994]
[17.22530448],[3.79280596],[54.83169698]
[17.54008635],[3.7878187],[56.02423853]
[17.84108039],[3.7948589],[56.83418899]
[18.01305927],[3.81905548],[57.38441127]
[18.07986982],[3.84228811],[57.79328931]
[18.05051708],[3.83496138],[57.99196305]
[18.07697163],[3.83084822],[57.96023848]
[18.09040006],[3.82440145],[57.545014]
[18.11522943],[3.81799857],[57.0699233]
[18.13133782],[3.81133077],[56.43965645]
[18.16289131],[3.74753917],[55.82352143]
[18.20020056],[3.67653474],[55.06071272]
[18.20510856],[3.60588548],[54.343444]
[18.25497045],[3.5334673],[53.59511366]
[18.26763978],[3.46291473],[52.90215951]
[17.92491515],[3.41451355],[51.420077]
[17.17343074],[3.37736917],[49.01605744]
[16.46337649],[3.34701373],[46.43165929]
[15.74846993],[3.3145058],[43.72125541]
[15.01649817],[3.28243371],[40.81925692]
[4.68912932],[0.75432823],[2.42002575]
[3.91300418],[0.56229891],[1.91651455]
[4.88683463],[0.65071128],[2.5832446]
[5.72455962],[0.74077293],[3.3870168]
[6.57059092],[0.98442475],[4.43107779]
[6.94985629],[1.08563571],[5.22648947]
[7.25334823],[1.18626176],[6.08808562]
[7.44549731],[1.26716137],[6.79274296]
[8.05220604],[1.3464323],[7.6617864]
[8.12383578],[1.44316222],[8.4120066]
[8.84025362],[1.57398831],[9.41354896]
[9.13489634],[1.71626962],[10.51512001]
[9.8413288],[1.82277338],[11.75512519]
[10.04066445],[1.89858164],[12.7914309]
[10.72109575],[1.95332271],[14.1678682]
[10.92194793],[2.00467679],[15.21526666]
[11.60918018],[2.05534711],[16.53683507]
[11.83734505],[2.1235323],[17.77234595]
[12.45238027],[2.19077781],[19.23326425]
[12.56899508],[2.25677841],[20.35764555]
[13.13066368],[2.35012608],[21.78997227]
[13.22763021],[2.47261378],[23.0614141]
[13.71071573],[2.56267001],[24.65901231]
[13.81984273],[2.65816792],[26.04208363]
[14.35028711],[2.75492952],[27.81812722]
[14.47302553],[2.80738172],[29.32797599]
[14.94340043],[2.86689488],[31.07081837]
[15.20328786],[2.90843461],[32.4991028]
[15.59843924],[2.96040648],[34.23045944]
[15.8138923],[3.00303692],[35.63693904]
[16.20039377],[3.06087447],[37.33993985]
[16.50976496],[3.12599688],[38.79223451]
[16.714601],[3.16549387],[40.33287272]
[16.96874361],[3.1780825],[41.76270615]
[17.26641578],[3.18332621],[43.20375513]
[17.60110026],[3.1885922],[44.74802499]
[17.9025507],[3.18995332],[46.21067163]
[18.31260174],[3.19900335],[47.45424535]
[18.75204607],[3.23143138],[48.43316471]
[18.98065055],[3.25145464],[48.94026893]
[18.99485536],[3.25467222],[49.29563859]
[19.02121557],[3.25661534],[49.51351517]
[19.00983853],[3.25197456],[49.41338999]
[19.04913306],[3.24673982],[48.98150154]
[19.01732489],[3.23578751],[48.3449804]
[19.06801148],[3.19668036],[47.59714444]
[19.04538857],[3.15469504],[46.80602605]
[19.0897997],[3.10924437],[45.98601609]
[19.057465],[2.97982023],[45.10658483]
[19.12008129],[2.89887466],[44.14148239]
[18.68621095],[2.82644875],[42.83368748]
[17.9999143],[2.76008033],[40.88855513]
[17.2187912],[2.70286171],[38.53516034]
[16.50060589],[2.65906542],[36.06967644]
[15.79406964],[2.62257858],[33.55006323]
