meltWidth,meltDepth,meltArea
[0.90860183],[0.08713274],[0.06422711]
[1.29765069],[0.33760445],[0.32074006]
[1.45515182],[0.4066598],[0.38668865]
[1.48616107],[0.41263249],[0.42651016]
[1.61991626],[0.41934328],[0.4451127]
[1.61717285],[0.42554718],[0.47998081]
[1.79189695],[0.43168911],[0.51779565]
[1.82456921],[0.4254159],[0.54568019]
[1.99985933],[0.41694281],[0.57707479]
[1.95593953],[0.41689864],[0.56939739]
[2.04245328],[0.39669938],[0.57330844]
[1.98901428],[0.40067109],[0.56704728]
[2.05304403],[0.37680324],[0.56049047]
[1.99873566],[0.38028851],[0.55061037]
[2.06144533],[0.35665453],[0.55138303]
[2.02659491],[0.36914039],[0.5561383]
[2.08383805],[0.35562195],[0.55914169]
[2.04014951],[0.37064763],[0.56213754]
[2.08389836],[0.35746773],[0.5592836]
[2.0434772],[0.37072935],[0.55972303]
[2.0928761],[0.35735975],[0.55871973]
[2.05044867],[0.37121793],[0.56123916]
[2.09188421],[0.35580407],[0.55738595]
[2.05278909],[0.3686547],[0.55709154]
[2.10135057],[0.35483633],[0.55478271]
[2.05609585],[0.36750407],[0.55550827]
[2.10798782],[0.35474278],[0.55244254]
[2.06534136],[0.36562379],[0.55457172]
[2.11398964],[0.3539593],[0.55595739]
[2.09355761],[0.36451433],[0.55831212]
[2.10939732],[0.35956815],[0.56770698]
[2.10263976],[0.36017753],[0.55800017]
[2.09403118],[0.36086686],[0.55756615]
[2.09455276],[0.36051803],[0.55632919]
[2.09626993],[0.3613497],[0.55754025]
[2.09802683],[0.3617399],[0.55966375]
[2.09946737],[0.36147332],[0.55864445]
[2.10045594],[0.36251468],[0.55928234]
[2.10308647],[0.36213846],[0.55999551]
[2.09875608],[0.36147596],[0.55706669]
[2.09647813],[0.36012303],[0.55633397]
[2.09593526],[0.36032224],[0.55867765]
[2.09463452],[0.36178386],[0.56269022]
[2.09311245],[0.36234728],[0.56367696]
[2.09221277],[0.36401119],[0.56655146]
[2.09746184],[0.36520447],[0.57256343]
[2.10147347],[0.36688308],[0.57905866]
[2.11305204],[0.37523101],[0.58744566]
[2.12611688],[0.38331514],[0.59870299]
[2.13381024],[0.39129275],[0.60771092]
[2.14944127],[0.3981331],[0.6123111]
[2.15889514],[0.39811624],[0.61349044]
[1.88090405],[0.39559402],[0.55568038]
[0.],[0.],[0.]
[0.],[0.],[0.]
[0.9151632],[0.17562713],[0.07919326]
[1.39565112],[0.40342442],[0.40863411]
[1.66943881],[0.48308688],[0.55867478]
[1.85687574],[0.53581169],[0.68532823]
[1.9979795],[0.54830049],[0.78394388]
[2.04019458],[0.58287766],[0.851125]
[2.10872873],[0.60160974],[0.91143881]
[2.14484298],[0.61086734],[0.94671624]
[2.19946081],[0.60488277],[0.96893236]
[2.19929022],[0.61720198],[0.98202649]
[2.22002857],[0.59939231],[0.98473343]
[2.22967399],[0.61827447],[1.01550728]
[2.25676859],[0.60337846],[1.02979561]
[2.27080884],[0.63546711],[1.07182994]
[2.2877978],[0.62478509],[1.08409895]
[2.30918786],[0.6519994],[1.12024523]
[2.32697844],[0.64365823],[1.13081064]
[2.3390722],[0.66875134],[1.160492]
[2.36034701],[0.65461193],[1.16441961]
[2.37293539],[0.67544027],[1.18893783]
[2.37742163],[0.66057421],[1.18701237]
[2.3710764],[0.68717029],[1.20993511]
[2.38535843],[0.66621337],[1.20207223]
[2.37769559],[0.69296362],[1.22049445]
[2.39399047],[0.67007014],[1.21117084]
[2.38382942],[0.69726842],[1.23033612]
[2.40036239],[0.67246143],[1.21694371]
[2.38945542],[0.70301129],[1.23588734]
[2.40466489],[0.67693656],[1.22303942]
[2.40807608],[0.70256244],[1.24105292]
[2.40552027],[0.69345232],[1.23700156]
[2.4126679],[0.69367826],[1.23589204]
[2.40239452],[0.69379877],[1.23258252]
[2.40360541],[0.69085679],[1.22936628]
[2.40394568],[0.69402696],[1.23153322]
[2.40163227],[0.69415221],[1.23121934]
[2.4037799],[0.69134273],[1.22784505]
[2.40230139],[0.69342201],[1.2271437]
[2.40090928],[0.69071104],[1.22291169]
[2.39673921],[0.68515367],[1.21478172]
[2.39250621],[0.67913662],[1.20260079]
[2.38686087],[0.67109599],[1.18946287]
[2.37945688],[0.66277652],[1.17741835]
[2.37538248],[0.65549159],[1.16519719]
[2.36752338],[0.6513566],[1.15371627]
[2.36020912],[0.64611121],[1.1415394]
[2.35310007],[0.64071239],[1.12844832]
[2.34901677],[0.63364746],[1.11382174]
[2.34895073],[0.63222656],[1.11009045]
[2.34925221],[0.63019062],[1.10941526]
[2.35235439],[0.62569302],[1.10217689]
[2.35298328],[0.62335696],[1.09646784]
[2.12266975],[0.61923343],[1.03243801]
[0.],[0.],[0.]
[0.],[0.],[0.]
[1.02629427],[0.19309723],[0.09954922]
[1.49290667],[0.45417286],[0.47174753]
[1.77654948],[0.50586612],[0.60308776]
[1.95956816],[0.54667155],[0.75316493]
[2.10139356],[0.56848624],[0.85651593]
[2.12713799],[0.63073525],[0.92899734]
[2.23286562],[0.6355845],[1.00283478]
[2.27772071],[0.65737638],[1.05778707]
[2.32883696],[0.65278824],[1.09981475]
[2.32971937],[0.67630895],[1.14099148]
[2.3737459],[0.67476168],[1.17224146]
[2.35862892],[0.69885199],[1.19971776]
[2.40426307],[0.69568558],[1.22315122]
[2.38587378],[0.72967101],[1.25278152]
[2.43240017],[0.73259783],[1.2911283]
[2.43166381],[0.75798546],[1.32782113]
[2.47736992],[0.76542191],[1.3620996]
[2.46161076],[0.78063381],[1.37589159]
[2.5057255],[0.78113111],[1.39918268]
[2.4891965],[0.78864356],[1.40388025]
[2.52913881],[0.78967222],[1.42380876]
[2.49934859],[0.79465557],[1.42141202]
[2.5370125],[0.79800233],[1.44174981]
[2.50924293],[0.8006526],[1.43540887]
[2.55395916],[0.80443233],[1.45832938]
[2.51906291],[0.80461609],[1.44831976]
[2.56673289],[0.80931047],[1.47154798]
[2.52866235],[0.81012508],[1.45987638]
[2.56566726],[0.81663879],[1.48111401]
[2.54762443],[0.80972112],[1.46650084]
[2.5379606],[0.81291339],[1.46959819]
[2.54576748],[0.81153809],[1.46622114]
[2.53421174],[0.81016282],[1.46033992]
[2.53525927],[0.80894097],[1.45767627]
[2.53450733],[0.80715137],[1.45497755]
[2.5305879],[0.80576823],[1.45231095]
[2.5327404],[0.80511915],[1.45049289]
[2.53020301],[0.80359537],[1.44593081]
[2.52785154],[0.80008637],[1.43983094]
[2.52333791],[0.79446084],[1.42870751]
[2.52101294],[0.78843155],[1.41380297]
[2.51714972],[0.77925723],[1.39763579]
[2.51007867],[0.77076679],[1.38277566]
[2.50787587],[0.76235163],[1.36711397]
[2.50239397],[0.75288082],[1.35144395]
[2.49699552],[0.74407113],[1.33742182]
[2.48715295],[0.73524215],[1.31858676]
[2.47847459],[0.72635254],[1.29525785]
[2.47295615],[0.71664441],[1.27596115]
[2.47028559],[0.70797788],[1.26277224]
[2.47679534],[0.70193407],[1.25317635]
[2.47944901],[0.69503616],[1.24528915]
[2.21481558],[0.68884219],[1.16451446]
[0.],[0.],[0.]
[0.],[0.],[0.]
[0.89851141],[0.21480823],[0.09524821]
[1.53704545],[0.44651271],[0.47398052]
[1.90741263],[0.51023945],[0.669454]
[2.07732892],[0.58098742],[0.85478896]
[2.19777532],[0.61550148],[0.9645927]
[2.26536516],[0.67517963],[1.0774301]
[2.36329314],[0.68201695],[1.15829606]
[2.38733168],[0.71540899],[1.22331748]
[2.43153796],[0.72516139],[1.27210379]
[2.42423007],[0.75129511],[1.31133791]
[2.47845651],[0.76161702],[1.36154159]
[2.46994115],[0.78012971],[1.39263957]
[2.52036271],[0.79248413],[1.43814191]
[2.50647651],[0.8074945],[1.45664015]
[2.54548044],[0.82414038],[1.49825305]
[2.53849266],[0.83359635],[1.51076921]
[2.58596615],[0.85074342],[1.55178015]
[2.61296364],[0.85200088],[1.56044583]
[2.63368992],[0.85724548],[1.58628515]
[2.76440083],[0.85599479],[1.60152277]
[2.75260715],[0.86152573],[1.615741]
[2.82070767],[0.85987961],[1.62620201]
[2.80198231],[0.86515831],[1.63654039]
[2.84236449],[0.86245604],[1.63568645]
[2.82302146],[0.86668995],[1.64645537]
[2.86121983],[0.86496394],[1.64860541]
[2.83398192],[0.86994302],[1.65857424]
[2.86467991],[0.86819423],[1.65669744]
[2.83482548],[0.87143092],[1.66697145]
[2.88016647],[0.86681099],[1.66555575]
[2.85295639],[0.86717809],[1.66936852]
[2.87702025],[0.86611033],[1.66219283]
[2.84555021],[0.86515088],[1.64778145]
[2.81953574],[0.86400462],[1.64110769]
[2.81348023],[0.86320101],[1.63780635]
[2.80249215],[0.86222573],[1.63497537]
[2.79919346],[0.86214839],[1.63184299]
[2.79393118],[0.86184066],[1.62870921]
[2.78706998],[0.860071],[1.62558048]
[2.78348077],[0.85598569],[1.61669146]
[2.771975],[0.85207305],[1.60217663]
[2.76388419],[0.84942749],[1.59039159]
[2.75012495],[0.84276056],[1.57229421]
[2.73969496],[0.83575855],[1.55282632]
[2.72353854],[0.82687424],[1.53233343]
[2.70659408],[0.81881662],[1.5170106]
[2.69154151],[0.81055338],[1.50014737]
[2.67136493],[0.80243848],[1.48229768]
[2.65406007],[0.79293541],[1.4639153]
[2.63155356],[0.78443352],[1.44554526]
[2.61527131],[0.77613991],[1.42827699]
[2.59769072],[0.76802204],[1.40783568]
[2.28338212],[0.76291496],[1.30399524]
[0.],[0.],[0.]
[0.],[0.],[0.]
[0.91581607],[0.25393917],[0.1150028]
[1.82908877],[0.48272902],[0.58552374]
[2.07678746],[0.57064712],[0.82993183]
[2.17904121],[0.63138496],[0.97664039]
[2.31534556],[0.68438827],[1.12772397]
[2.37112602],[0.75160655],[1.24891547]
[2.46190981],[0.77344357],[1.35529011]
[2.47629309],[0.79534984],[1.41075033]
[2.51977116],[0.81850415],[1.4723614]
[2.51429646],[0.82825351],[1.50083443]
[2.55959112],[0.84743411],[1.55047771]
[2.54485078],[0.85337718],[1.56671527]
[2.5906723],[0.87227353],[1.61607931]
[2.60058094],[0.87642795],[1.62913917]
[2.62703611],[0.88413158],[1.66623608]
[2.79114715],[0.88562539],[1.70171812]
[2.85470783],[0.89306851],[1.73163007]
[2.95325539],[0.8931822],[1.75861769]
[3.04664299],[0.89916752],[1.79232493]
[3.12061249],[0.89756922],[1.80136463]
[3.15913801],[0.90299896],[1.81926786]
[3.14667697],[0.90230958],[1.82390436]
[3.16400094],[0.90651708],[1.83784005]
[3.15206706],[0.90410362],[1.83685704]
[3.17637988],[0.90919501],[1.85333672]
[3.15679443],[0.90809885],[1.85311325]
[3.17949284],[0.91336046],[1.86890894]
[3.16356128],[0.91225649],[1.86684847]
[3.18533757],[0.91575972],[1.8824182]
[3.17215447],[0.91110305],[1.87605152]
[3.20680945],[0.91145044],[1.88487848]
[3.17751533],[0.91000268],[1.870234]
[3.19988805],[0.90855555],[1.8602415]
[3.15134048],[0.90697203],[1.84734241]
[3.14130422],[0.90553121],[1.84048967]
[3.12764986],[0.90428934],[1.83455808]
[3.11355688],[0.90417832],[1.82902051]
[3.10577014],[0.90319965],[1.82379571]
[3.09271208],[0.90070935],[1.81651096]
[3.07654992],[0.89555847],[1.8032413]
[3.06203634],[0.89017388],[1.78564264]
[3.04530743],[0.88631367],[1.76942114]
[3.02316973],[0.88316969],[1.75288306]
[3.00615614],[0.88022702],[1.73557251]
[2.9845364],[0.87700926],[1.71843835]
[2.95544553],[0.87429331],[1.70286555]
[2.92678493],[0.87168354],[1.68502475]
[2.89928847],[0.86854667],[1.66429288]
[2.86932782],[0.86079833],[1.6404601]
[2.83029762],[0.852756],[1.6144882]
[2.79779248],[0.84452766],[1.58841248]
[2.77045723],[0.83511088],[1.56403869]
[2.43978817],[0.82701089],[1.43699276]
[0.],[0.],[0.]
[0.],[0.],[0.]
[1.11659442],[0.25807056],[0.14245153]
[2.03296504],[0.52217881],[0.73299707]
[2.19426863],[0.65347492],[0.98329588]
[2.29742863],[0.71627696],[1.14723341]
[2.42114256],[0.77943699],[1.3132767]
[2.45107548],[0.82604906],[1.42036308]
[2.53813807],[0.85234634],[1.5269498]
[2.53873911],[0.86470919],[1.56797883]
[2.58910095],[0.88904739],[1.63641952]
[2.61036285],[0.8926924],[1.65937132]
[2.62638805],[0.90097485],[1.70237195]
[2.7615076],[0.90265786],[1.74186696]
[2.83569721],[0.90828861],[1.78319868]
[2.95739291],[0.91116803],[1.82670181]
[3.0467561],[0.91696372],[1.86566678]
[3.12397721],[0.91874042],[1.89347801]
[3.26675198],[0.92440248],[1.94280833]
[3.31522856],[0.92559018],[1.97045757]
[3.4143717],[0.93201114],[2.01440535]
[3.42874073],[0.93057711],[2.02316065]
[3.47145049],[0.93762418],[2.04936774]
[3.44052387],[0.93390303],[2.04865894]
[3.47029327],[0.93974038],[2.07374445]
[3.44532299],[0.93661307],[2.06914497]
[3.48142858],[0.94361081],[2.09499714]
[3.44936381],[0.94055598],[2.09081139]
[3.47932967],[0.9467718],[2.11716601]
[3.45519403],[0.94424893],[2.11319822]
[3.48295758],[0.94890226],[2.13613291]
[3.46728925],[0.94358117],[2.12884345]
[3.50408064],[0.94428626],[2.14891779]
[3.47505276],[0.94298462],[2.12330477]
[3.49898059],[0.94164123],[2.11909064]
[3.46392228],[0.94021029],[2.09441756]
[3.44806778],[0.93851053],[2.0824657]
[3.43419809],[0.93698075],[2.07145708]
[3.41803989],[0.93624772],[2.06137105]
[3.4116998],[0.93376772],[2.05425574]
[3.39894204],[0.93073498],[2.04474911]
[3.38180545],[0.92524307],[2.0295905]
[3.36964126],[0.91959317],[2.00853215]
[3.35571812],[0.91465275],[1.98749996]
[3.33664023],[0.91010478],[1.96679909]
[3.31595609],[0.90539096],[1.94204672]
[3.2922737],[0.90094815],[1.91567096]
[3.24900534],[0.8964714],[1.88818297]
[3.20204252],[0.8919995],[1.85820407]
[3.15998733],[0.88731224],[1.82798489]
[3.11678919],[0.88279953],[1.80009408]
[3.06577524],[0.87837732],[1.77161933]
[3.01853025],[0.87405208],[1.7441878]
[2.97559608],[0.87016556],[1.71859192]
[2.60676843],[0.86811617],[1.57344134]
[0.],[0.],[0.]
[0.],[0.],[0.]
[1.23734949],[0.30671916],[0.27074297]
[2.13754939],[0.57373508],[0.85971451]
[2.31060828],[0.728446],[1.14703508]
[2.38948004],[0.78232892],[1.30121342]
[2.49988046],[0.83371684],[1.45318214]
[2.51352568],[0.87632791],[1.54614528]
[2.5908189],[0.89136859],[1.64149293]
[2.70064143],[0.90180691],[1.6972211]
[2.76288762],[0.91312722],[1.7557573]
[2.88941812],[0.91768678],[1.81520723]
[2.98019942],[0.92369338],[1.8663167]
[3.07526899],[0.92754074],[1.91949176]
[3.19727642],[0.93418012],[1.97413482]
[3.27565979],[0.93413041],[2.00463696]
[3.42177652],[0.93948171],[2.06174608]
[3.45351974],[0.93685487],[2.09273024]
[3.54480625],[0.94324408],[2.15124485]
[3.59984677],[0.94222034],[2.18310434]
[3.65620541],[0.94955985],[2.22901398]
[3.70314697],[0.94662655],[2.24424169]
[3.7064548],[0.95351828],[2.2674843]
[3.72089775],[0.94877485],[2.28038481]
[3.70526021],[0.95599487],[2.30017076]
[3.72214733],[0.95222823],[2.30835082]
[3.71539211],[0.9601809],[2.32275609]
[3.72909086],[0.95605757],[2.34948547]
[3.7128434],[0.96430842],[2.34316136]
[3.73076642],[0.95992331],[2.39176923]
[3.71729779],[0.96787924],[2.36170073]
[3.742114],[0.9603306],[2.40993177]
[3.74332112],[0.96187832],[2.40720439]
[3.74983351],[0.96015141],[2.39746234]
[3.74261141],[0.95841964],[2.37742045]
[3.73656326],[0.95672471],[2.34506713]
[3.70483283],[0.9551217],[2.32712272]
[3.69075715],[0.95439892],[2.31269587]
[3.6749565],[0.95344028],[2.30228982]
[3.66695331],[0.95095265],[2.29407524]
[3.65765458],[0.94779896],[2.28248071]
[3.63985784],[0.94219732],[2.26693573]
[3.62498469],[0.93645266],[2.23844941]
[3.61174188],[0.93151096],[2.21494961]
[3.59259429],[0.92751459],[2.19111504]
[3.57204608],[0.92346107],[2.16289294]
[3.55691702],[0.91924695],[2.13595655]
[3.52573359],[0.91526882],[2.10264103]
[3.48430054],[0.91129273],[2.07960271]
[3.4463836],[0.90733974],[2.02585032]
[3.41059847],[0.90318968],[1.99054789]
[3.36996394],[0.89842923],[1.95490569]
[3.32446792],[0.89344902],[1.91880821]
[3.28267258],[0.88886266],[1.88602692]
[2.89804924],[0.88649112],[1.72209355]
[0.],[0.],[0.]
[0.],[0.],[0.]
[1.45283974],[0.40049649],[0.39983271]
[2.21181961],[0.64488617],[0.98110001]
[2.37919794],[0.76928789],[1.24947529]
[2.43950663],[0.8171993],[1.39606562]
[2.54208022],[0.85360265],[1.53241988]
[2.55286711],[0.89049076],[1.61462415]
[2.68528392],[0.90299481],[1.71176227]
[2.89372194],[0.91514312],[1.80064996]
[3.03783708],[0.92814259],[1.87903946]
[3.14587937],[0.93288022],[1.95597986]
[3.28351438],[0.93926842],[2.02353457]
[3.3567437],[0.94116469],[2.0668144]
[3.49139296],[0.94780212],[2.14242886]
[3.56422056],[0.94854129],[2.18846458]
[3.63361998],[0.95419597],[2.25092885]
[3.72292875],[0.95149859],[2.33006781]
[3.76828876],[0.95812752],[2.35046978]
[3.86014542],[0.9576372],[2.45607669]
[3.86862747],[0.96480547],[2.42603831]
[3.94270481],[0.96218271],[2.5382186]
[3.91215484],[0.96870536],[2.48358818]
[3.96367602],[0.96498878],[2.60732217]
[3.91169087],[0.97153462],[2.55589979]
[3.96013778],[0.96875902],[2.64306598]
[3.91728106],[0.97575744],[2.60446944]
[3.96706727],[0.97335317],[2.69611175]
[3.91262759],[0.98023],[2.6741885]
[3.96428865],[0.97758115],[2.75137363]
[3.91828838],[0.9840488],[2.74397951]
[3.97298139],[0.97813994],[2.79433957]
[3.94429423],[0.9788491],[2.80327249]
[3.97958132],[0.97706823],[2.78548299]
[3.94504023],[0.97548269],[2.76399838]
[3.96558658],[0.97347373],[2.72205476]
[3.92104403],[0.97178551],[2.69126322]
[3.90872088],[0.9713858],[2.67787003]
[3.89318096],[0.97048546],[2.67192707]
[3.88465736],[0.96849],[2.66997883]
[3.87794707],[0.96517422],[2.66389346]
[3.86089959],[0.95999672],[2.65017777]
[3.84185198],[0.95431145],[2.60769252]
[3.82940224],[0.94881942],[2.56345556]
[3.8097654],[0.9447241],[2.51372058]
[3.78701839],[0.94063118],[2.46312118]
[3.77379263],[0.93645408],[2.41636466]
[3.75227817],[0.9323796],[2.37820288]
[3.71190759],[0.92830797],[2.35338487]
[3.67343828],[0.92418811],[2.31219149]
[3.63921345],[0.91989775],[2.27833026]
[3.59849026],[0.91588303],[2.24440161]
[3.55648148],[0.91198093],[2.20660211]
[3.52463332],[0.90902537],[2.17598241]
[3.15082089],[0.90686571],[2.00054634]
[0.],[0.],[0.]
[0.],[0.],[0.]
[1.55646328],[0.45018558],[0.51258336]
[2.27095586],[0.68852744],[1.08041505]
[2.41182395],[0.79224766],[1.33970238]
[2.47642751],[0.83744857],[1.47918304]
[2.55758573],[0.87297917],[1.60460034]
[2.67081097],[0.90648658],[1.70216087]
[2.83672943],[0.92007557],[1.8071308]
[3.04735845],[0.93591956],[1.91900784]
[3.21151257],[0.94686429],[2.00380157]
[3.31882279],[0.94909534],[2.08985729]
[3.45953086],[0.95595977],[2.16903751]
[3.55819963],[0.95788047],[2.22980121]
[3.65820474],[0.96418255],[2.30888188]
[3.77300381],[0.96968201],[2.39059915]
[3.83087739],[0.97621169],[2.42445116]
[3.94415687],[0.97924619],[2.54953637]
[3.95659457],[0.98632636],[2.53291497]
[4.09766768],[0.98667182],[2.70950005]
[4.07151083],[0.99365878],[2.68779384]
[4.16570548],[0.991412],[2.8225785]
[4.1152297],[0.99750131],[2.80803686]
[4.19149474],[0.99484894],[2.90483763]
[4.12061063],[1.00073095],[2.90603522]
[4.19173737],[0.99892894],[2.94906838]
[4.13196467],[1.00431158],[2.95771743]
[4.20335871],[1.00242764],[3.01333465]
[4.12996884],[1.00772644],[3.01435411]
[4.20390426],[1.00593933],[3.06821161]
[4.13598082],[1.0113771],[3.05760189]
[4.21266018],[1.01598263],[3.10973353]
[4.16945326],[1.01442522],[3.09948056]
[4.21796879],[1.00736043],[3.11195089]
[4.17558673],[1.0046953],[3.08335345]
[4.20955337],[1.00320129],[3.06458073]
[4.16535277],[1.00218618],[3.0376298]
[4.15248852],[1.00220208],[3.03427354]
[4.13636185],[1.00145393],[3.02816918]
[4.12693744],[1.00029892],[3.02612274]
[4.1241974],[0.99882506],[3.01928483]
[4.10859895],[0.9931167],[2.9997928]
[4.08593324],[0.98402825],[2.96316492]
[4.0754722],[0.97727148],[2.92435346]
[4.05736562],[0.97145252],[2.87457383]
[4.03420015],[0.96615994],[2.81869547]
[4.01762443],[0.96155158],[2.77261474]
[4.00412068],[0.95734979],[2.72684939]
[3.97098057],[0.95326673],[2.67947572]
[3.92605423],[0.94944047],[2.61994427]
[3.89364942],[0.94509604],[2.57078396]
[3.85520088],[0.94106277],[2.52113656]
[3.81107225],[0.9370248],[2.47076334]
[3.77786105],[0.93366662],[2.44022881]
[3.4069694],[0.93171076],[2.26133776]
[0.],[0.],[0.]
[0.],[0.],[0.]
[1.58317452],[0.4891074],[0.57342207]
[2.32454523],[0.70789929],[1.15389747]
[2.44381993],[0.80869471],[1.40407923]
[2.50634929],[0.85357942],[1.54634254]
[2.58645649],[0.89006517],[1.67280673]
[2.80102767],[0.92394311],[1.79650184]
[2.99313882],[0.93961028],[1.91229056]
[3.18856143],[0.95043703],[2.027881]
[3.38158492],[0.96126429],[2.13242146]
[3.47784204],[0.96369224],[2.22818946]
[3.60259472],[0.97071825],[2.3234045]
[3.72466693],[0.97633587],[2.42559692]
[3.78964277],[0.98234473],[2.46643769]
[3.93566043],[0.98781368],[2.60817789]
[3.95504536],[0.99437257],[2.5961591]
[4.0831551],[0.99737985],[2.80210107]
[4.07896891],[1.00388006],[2.81076061]
[4.21538029],[1.00430371],[2.96671266]
[4.19661309],[1.00972129],[3.01278584]
[4.280692],[1.00867967],[3.09996352]
[4.24305368],[1.02349136],[3.11751139]
[4.30783288],[1.03636472],[3.18665029]
[4.25111237],[1.04754196],[3.1844716]
[4.30911679],[1.05411332],[3.24039107]
[4.26231727],[1.06405162],[3.23900026]
[4.32170366],[1.07401618],[3.30012918]
[4.26538511],[1.08260828],[3.28269883]
[4.32436732],[1.09068118],[3.34772039]
[4.27459058],[1.10197953],[3.32516748]
[4.33441225],[1.10784905],[3.37982982]
[4.30856938],[1.10804641],[3.36937252]
[4.33878504],[1.10209829],[3.38623703]
[4.31478514],[1.09786964],[3.35703001]
[4.33337478],[1.09230341],[3.34384018]
[4.30857241],[1.08869603],[3.31623892]
[4.29070502],[1.09164074],[3.31282379]
[4.27760346],[1.09268019],[3.3063018]
[4.27027708],[1.09416573],[3.30320076]
[4.26694924],[1.09093986],[3.29587274]
[4.25529281],[1.08608742],[3.27975725]
[4.23432851],[1.07782699],[3.24676986]
[4.22411647],[1.06465915],[3.21620704]
[4.20861045],[1.0512328],[3.17438418]
[4.18702329],[1.03643071],[3.12064612]
[4.17082579],[1.02280602],[3.07238306]
[4.15891694],[1.00929279],[3.02243475]
[4.131749],[0.9955249],[2.96628281]
[4.08574761],[0.98031455],[2.90027932]
[4.0511186],[0.96926411],[2.83983258]
[4.01098282],[0.96297869],[2.78422903]
[3.96624589],[0.95807287],[2.72368094]
[3.93069255],[0.95496075],[2.672381]
[3.55638201],[0.9525211],[2.46620221]
[0.],[0.],[0.]
[0.],[0.],[0.]
[1.61740322],[0.53623712],[0.65600004]
[2.35701866],[0.72139276],[1.21216368]
[2.47659994],[0.82343018],[1.46368045]
[2.53453486],[0.86714032],[1.60309044]
[2.67282583],[0.90550504],[1.73915529]
[2.93145631],[0.93754343],[1.88544698]
[3.15407411],[0.95003081],[2.01175712]
[3.33706041],[0.96274937],[2.13513808]
[3.52364933],[0.97181758],[2.26427385]
[3.63894572],[0.97726283],[2.38435913]
[3.75101063],[0.98332238],[2.48215737]
[3.87688551],[0.98761705],[2.62712911]
[3.93437178],[0.99376621],[2.63759874]
[4.07222444],[0.99796033],[2.84338557]
[4.07727881],[1.00532186],[2.87026785]
[4.20302393],[1.00820226],[3.02081237]
[4.20335005],[1.01552312],[3.08279671]
[4.31984883],[1.03628256],[3.19311438]
[4.30565458],[1.05620476],[3.2304416]
[4.36386213],[1.06862085],[3.3049083]
[4.32852132],[1.08562994],[3.31759291]
[4.37627563],[1.0983674],[3.38193453]
[4.3268335],[1.11035261],[3.38220072]
[4.36903343],[1.11758905],[3.43281735]
[4.32787475],[1.12785249],[3.43199683]
[4.37302715],[1.13727354],[3.48662612]
[4.32143072],[1.14593932],[3.47633714]
[4.36683697],[1.15351939],[3.52336117]
[4.32214857],[1.16433455],[3.51969669]
[4.37265418],[1.16890893],[3.55484051]
[4.35072009],[1.17006095],[3.54934276]
[4.3739418],[1.16408776],[3.56568618]
[4.35338261],[1.15969543],[3.53255325]
[4.36635144],[1.15391941],[3.51880829]
[4.34450573],[1.15241402],[3.49004689]
[4.3235004],[1.15443805],[3.48648941]
[4.30962363],[1.15458329],[3.47945311]
[4.30165805],[1.15530785],[3.47255725]
[4.29733548],[1.15024556],[3.46139711]
[4.28660843],[1.14496892],[3.44217392]
[4.26596247],[1.13784973],[3.40934377]
[4.25674838],[1.1244871],[3.37724809]
[4.24192159],[1.11110106],[3.3355888]
[4.22000353],[1.09635135],[3.28374854]
[4.20426029],[1.08276261],[3.2380725]
[4.19312992],[1.06904102],[3.19305765]
[4.17052509],[1.05495985],[3.13757043]
[4.12602893],[1.03902078],[3.07033485]
[4.09160741],[1.02441942],[3.01188275]
[4.04888682],[1.01019695],[2.9510716]
[4.00446448],[0.99417832],[2.88820699]
[3.96903225],[0.979808],[2.83517944]
[3.59185561],[0.96853206],[2.61901471]
[0.],[0.],[0.]
[0.],[0.],[0.]
[1.64571714],[0.59672412],[0.74051408]
[2.38106641],[0.73580613],[1.26361941]
[2.5077645],[0.83746779],[1.51537103]
[2.56500172],[0.87801183],[1.64885498]
[2.81004325],[0.92095618],[1.81594515]
[3.05655628],[0.94689227],[1.96926999]
[3.30972584],[0.95973484],[2.10839592]
[3.484265],[0.97339182],[2.24544319]
[3.66328775],[0.98214242],[2.38997394]
[3.79695114],[0.9866995],[2.56801602]
[3.87574211],[0.99317516],[2.65212024]
[4.03206007],[0.99740496],[2.84093559]
[4.0358081],[1.00294172],[2.89838914]
[4.15243037],[1.00728924],[3.03704329]
[4.14178178],[1.02537653],[3.09694646]
[4.25156102],[1.04399776],[3.20074113]
[4.24858046],[1.06657316],[3.25047717]
[4.3529383],[1.08828229],[3.35376862]
[4.34215298],[1.10641043],[3.39068417]
[4.39239266],[1.11813334],[3.45615916]
[4.36355684],[1.13524596],[3.48110229]
[4.40435648],[1.1477817],[3.53113719]
[4.36231236],[1.15957238],[3.54325689]
[4.39727755],[1.16734406],[3.58242645]
[4.36323463],[1.17713642],[3.58945001]
[4.40138859],[1.18560256],[3.62959679]
[4.35754962],[1.1929471],[3.62911313]
[4.39510232],[1.1997349],[3.66416161]
[4.356673],[1.2094874],[3.66713321]
[4.40136773],[1.21332332],[3.69599708]
[4.38324982],[1.21506803],[3.69138674]
[4.40288228],[1.20955474],[3.7095233]
[4.38641844],[1.20550547],[3.67653589]
[4.39610368],[1.20019024],[3.66638706]
[4.37811996],[1.20084451],[3.64155733]
[4.35420373],[1.20236704],[3.63737359]
[4.33998509],[1.20156343],[3.62885156]
[4.33206369],[1.1998927],[3.61806707]
[4.32815331],[1.19358976],[3.60398955]
[4.318522],[1.18767638],[3.58267784]
[4.2980369],[1.17973356],[3.54430639]
[4.28867748],[1.16730054],[3.50577412]
[4.27461022],[1.15370621],[3.46484543]
[4.25357352],[1.13878483],[3.41319415]
[4.23851824],[1.12490782],[3.36608552]
[4.22789163],[1.11099388],[3.32111067]
[4.20874691],[1.09692153],[3.26941388]
[4.16529915],[1.08158041],[3.20235031]
[4.13073573],[1.06811511],[3.14587383]
[4.08857799],[1.05323383],[3.08503649]
[4.04485763],[1.03516551],[3.0231154]
[4.00971591],[1.01870137],[2.96752454]
[3.62769497],[1.00255486],[2.74687596]
[0.],[0.],[0.]
[0.],[0.],[0.]
[1.65528627],[0.61522761],[0.78180665]
[2.40565996],[0.75106442],[1.31286221]
[2.5224449],[0.85445127],[1.56160475]
[2.68005733],[0.89179851],[1.7178426]
[2.94196942],[0.9365655],[1.90189381]
[3.18996037],[0.96093741],[2.0690979]
[3.44022845],[0.97424501],[2.22163261]
[3.62588422],[0.98685114],[2.38019017]
[3.78718666],[0.99558079],[2.52618604]
[3.91385481],[0.9988966],[2.76619257]
[3.97230649],[1.00571723],[2.85332434]
[4.09776802],[1.00839854],[3.0254883]
[4.08337714],[1.02871034],[3.08653034]
[4.19993238],[1.0488253],[3.2066462]
[4.19572731],[1.07485699],[3.26071426]
[4.30101009],[1.09204107],[3.36307841]
[4.30477182],[1.10999916],[3.41003506]
[4.40224695],[1.12775499],[3.50800486]
[4.39532306],[1.14327474],[3.54665806]
[4.43774817],[1.15640413],[3.60556931]
[4.41363677],[1.17337304],[3.63609927]
[4.44876887],[1.18488681],[3.68205872]
[4.41151755],[1.19621979],[3.68861027]
[4.44027709],[1.20311358],[3.72505722]
[4.41043713],[1.21213057],[3.72773736]
[4.44248271],[1.21969409],[3.7644238]
[4.40291112],[1.22685519],[3.76127758]
[4.43459499],[1.23320791],[3.7948539]
[4.40138833],[1.24195028],[3.79732474]
[4.44312409],[1.24574073],[3.82859117]
[4.43166993],[1.24671538],[3.82837553]
[4.44463595],[1.24281145],[3.84620304]
[4.43386749],[1.23951442],[3.81915335]
[4.43832127],[1.2357419],[3.81234377]
[4.42829493],[1.23586229],[3.78737196]
[4.40261735],[1.23626751],[3.77865047]
[4.39049191],[1.23557909],[3.76687903]
[4.38348115],[1.23230989],[3.75101658]
[4.37950149],[1.22613563],[3.73345984]
[4.36996901],[1.22037838],[3.70963312]
[4.35081476],[1.21283179],[3.67056596]
[4.34101003],[1.2023854],[3.63048729]
[4.32797154],[1.18916497],[3.58680357]
[4.30807489],[1.17475694],[3.53379134]
[4.29350928],[1.16120086],[3.48742068]
[4.28146485],[1.14838431],[3.44317472]
[4.26384383],[1.13460324],[3.39238536]
[4.2273683],[1.11950125],[3.32771755]
[4.19426009],[1.10497084],[3.2697115]
[4.1533439],[1.09009574],[3.20910512]
[4.10850196],[1.07269196],[3.14834213]
[4.07288497],[1.05660325],[3.09718279]
[3.68766806],[1.04089139],[2.874397]
[0.],[0.],[0.]
[0.],[0.],[0.]
[1.6511038],[0.62309493],[0.78981066]
[2.42696824],[0.76035279],[1.34149985]
[2.54337702],[0.8625373],[1.59346494]
[2.75811702],[0.90337962],[1.775019]
[3.03674283],[0.94732709],[1.9791961]
[3.27537291],[0.96946862],[2.15121977]
[3.52792387],[0.98411414],[2.327243]
[3.72500879],[0.99514387],[2.52103523]
[3.86265267],[1.00424908],[2.71375206]
[4.00772656],[1.0202953],[3.00359085]
[4.02272619],[1.04169396],[3.08313175]
[4.13299662],[1.06036291],[3.20977087]
[4.12018674],[1.07807864],[3.26157401]
[4.23377187],[1.09343476],[3.37237862]
[4.23577932],[1.11358884],[3.41298697]
[4.3341453],[1.12687602],[3.50477749]
[4.34591755],[1.14365706],[3.55765764]
[4.43353302],[1.1602128],[3.64260151]
[4.43127977],[1.17850784],[3.68657229]
[4.46628319],[1.19331422],[3.73912978]
[4.44791414],[1.20691419],[3.76321784]
[4.4757311],[1.21814344],[3.80904345]
[4.4452585],[1.22943655],[3.81762058]
[4.46720158],[1.23637492],[3.85377189]
[4.44357551],[1.24501118],[3.86131422]
[4.46956915],[1.252294],[3.89744349]
[4.43631687],[1.25926274],[3.89759005]
[4.46176116],[1.26542058],[3.93009405]
[4.4343451],[1.27404214],[3.93602894]
[4.47061017],[1.27879006],[3.96853038]
[4.4627498],[1.28136244],[3.96971026]
[4.47177487],[1.27777439],[3.98840759]
[4.46544248],[1.27429229],[3.96139668]
[4.4661187],[1.27100264],[3.95879779]
[4.46045673],[1.27126317],[3.93423347]
[4.4333106],[1.27147416],[3.92544637]
[4.421111],[1.27077215],[3.91272376]
[4.41364873],[1.2661837],[3.89596114]
[4.40940396],[1.26082259],[3.87665562]
[4.40132324],[1.25570586],[3.84969292]
[4.38371232],[1.24862914],[3.80980125]
[4.37421582],[1.24007453],[3.76988951]
[4.35960553],[1.22826228],[3.72683406]
[4.33968382],[1.21480586],[3.6733142]
[4.32541196],[1.20232262],[3.62229058]
[4.3142702],[1.18979672],[3.57231852]
[4.29798693],[1.17716341],[3.52095908]
[4.26500413],[1.1628341],[3.45740391]
[4.23253948],[1.14831556],[3.39819632]
[4.1915331],[1.13411691],[3.33814517]
[4.14706745],[1.11814436],[3.27691218]
[4.11201985],[1.10370799],[3.22542982]
[3.7235104],[1.08898771],[3.00138424]
[0.],[0.],[0.]
[0.],[0.],[0.]
[1.65314674],[0.63065799],[0.80688701]
[2.43971966],[0.76960522],[1.3726765]
[2.56565981],[0.86844463],[1.62543819]
[2.83166678],[0.91035454],[1.83025116]
[3.13358981],[0.95574693],[2.0560804]
[3.36865251],[0.97508763],[2.22773404]
[3.61936916],[0.98940286],[2.42987971]
[3.80801997],[0.99992915],[2.66752452]
[3.94118686],[1.02549103],[2.87063921]
[4.048692],[1.04354357],[3.11136638]
[4.05971125],[1.06525629],[3.19551612]
[4.16612952],[1.0832593],[3.30282847]
[4.15782473],[1.10051407],[3.35126516]
[4.26656919],[1.11545605],[3.45298019]
[4.27506001],[1.13552828],[3.5046512]
[4.36677444],[1.14850695],[3.58632015]
[4.38537086],[1.16494703],[3.65295675]
[4.46298663],[1.18208267],[3.73033555]
[4.46557138],[1.20049631],[3.77705935]
[4.49386969],[1.21527544],[3.82902609]
[4.48054289],[1.22872763],[3.85776286]
[4.50300422],[1.24018579],[3.90094038]
[4.47800671],[1.25177922],[3.91340905]
[4.49431627],[1.25903106],[3.94648051]
[4.47604777],[1.26737321],[3.95737817]
[4.49666294],[1.27465069],[3.98934308]
[4.46875974],[1.28223595],[3.99561531]
[4.4888762],[1.28843567],[4.02467894]
[4.46647184],[1.29701288],[4.03423518]
[4.49875606],[1.30193534],[4.06368448]
[4.49456739],[1.30562215],[4.06925995]
[4.4995941],[1.30169473],[4.08443838]
[4.4973072],[1.2983526],[4.06845229]
[4.49444272],[1.29681811],[4.06249596]
[4.49317508],[1.29711893],[4.03971145]
[4.46500685],[1.2973344],[4.03081428]
[4.45257903],[1.2963821],[4.01708897]
[4.44467632],[1.29140113],[3.99956261]
[4.43967189],[1.28588546],[3.97973948]
[4.43119966],[1.28119919],[3.95383503]
[4.41436813],[1.27456602],[3.91624712]
[4.40613327],[1.26703155],[3.8762839]
[4.39270155],[1.25477468],[3.82837424]
[4.37163583],[1.2415958],[3.76946802]
[4.3577561],[1.22931352],[3.7181564]
[4.34650434],[1.21693136],[3.66866168]
[4.33075219],[1.2038977],[3.61374417]
[4.3011681],[1.18900413],[3.54601719]
[4.27007342],[1.17518739],[3.48569327]
[4.23029092],[1.16130717],[3.42737488]
[4.1860821],[1.14575262],[3.36535836]
[4.15060364],[1.13228728],[3.31313066]
[3.75889548],[1.11838655],[3.08487522]
[0.],[0.],[0.]
[0.],[0.],[0.]
[1.66163223],[0.63808993],[0.83682025]
[2.45345302],[0.78142979],[1.41512761]
[2.5768305],[0.87981881],[1.66703084]
[2.90128983],[0.92546747],[1.89722661]
[3.22438305],[0.97005118],[2.13143285]
[3.47637409],[0.98499189],[2.32893643]
[3.68722747],[1.0001615],[2.53142498]
[3.90425351],[1.00845247],[2.81343732]
[3.99407922],[1.05515063],[3.00126734]
[4.10607754],[1.07279631],[3.21476609]
[4.10437128],[1.09434677],[3.30796943]
[4.21680884],[1.11213915],[3.41377207]
[4.20961806],[1.12776778],[3.45842403]
[4.31740843],[1.1419039],[3.55745124]
[4.324918],[1.1608907],[3.61236291]
[4.41492613],[1.17347297],[3.69311017]
[4.43445365],[1.19018725],[3.75914532]
[4.50553484],[1.20843565],[3.84623089]
[4.50813169],[1.22602566],[3.88881428]
[4.53433587],[1.2408616],[3.94313798]
[4.52294973],[1.25375015],[3.96966648]
[4.54319934],[1.26528664],[4.01418038]
[4.52049061],[1.27702114],[4.02549819]
[4.53445985],[1.28524856],[4.06159053]
[4.51813223],[1.29359116],[4.071488]
[4.53593701],[1.30101691],[4.10382944]
[4.51204262],[1.30803988],[4.10748066]
[4.52945998],[1.3143091],[4.1380436]
[4.51004263],[1.3230328],[4.14674583]
[4.54106658],[1.32863656],[4.1798767]
[4.5443211],[1.33336932],[4.23527963]
[4.54257252],[1.3301523],[4.20723615]
[4.54879364],[1.32691089],[4.24367191]
[4.53892763],[1.32609025],[4.19523732]
[4.54567695],[1.32583346],[4.17496086]
[4.51518885],[1.32544856],[4.16593931]
[4.50233316],[1.32327245],[4.14740533]
[4.49347603],[1.31852962],[4.13400978]
[4.48708587],[1.3134689],[4.10782305]
[4.47746518],[1.30830042],[4.07757639]
[4.46077888],[1.30225782],[4.04147816]
[4.45183155],[1.2952543],[4.00310449]
[4.44027735],[1.28408096],[3.95775184]
[4.42230892],[1.27136158],[3.90369303]
[4.40841832],[1.25934967],[3.85135041]
[4.39673765],[1.24666805],[3.79933254]
[4.38112565],[1.23363352],[3.74097498]
[4.35710658],[1.21925452],[3.67408794]
[4.32829289],[1.2066323],[3.6109963]
[4.28837162],[1.19343447],[3.54676901]
[4.24432402],[1.1788523],[3.48565985]
[4.20942565],[1.16503781],[3.4318831]
[3.81831245],[1.1514905],[3.20066475]
[0.],[0.],[0.]
[0.],[0.],[0.]
[1.66263062],[0.63897986],[0.84121082]
[2.46445191],[0.78832549],[1.43851506]
[2.61382432],[0.88722758],[1.69482559]
[2.96487049],[0.93717758],[1.95053333]
[3.31495998],[0.97976574],[2.19975768]
[3.53353739],[0.99166274],[2.45159563]
[3.75360906],[1.00733172],[2.67079966]
[3.94959475],[1.03119843],[2.9692415]
[4.0298432],[1.09130917],[3.15227705]
[4.14080249],[1.10954954],[3.33626348]
[4.14116399],[1.13025793],[3.42990291]
[4.25246036],[1.14644768],[3.53592001]
[4.25032926],[1.16105366],[3.58591465]
[4.35086434],[1.17476948],[3.67467797]
[4.36269774],[1.19300991],[3.736148]
[4.44887987],[1.20661634],[3.83116684]
[4.47507377],[1.22673802],[3.89970647]
[4.53942115],[1.24380758],[3.98645322]
[4.54685341],[1.26020895],[4.03037664]
[4.56859156],[1.27314984],[4.08239344]
[4.56145805],[1.28608171],[4.11342228]
[4.57648161],[1.29790046],[4.15672683]
[4.5596872],[1.30940836],[4.1701204]
[4.56753269],[1.31735426],[4.2072294]
[4.55759675],[1.32522343],[4.22703207]
[4.5692356],[1.33253111],[4.26618258]
[4.55133473],[1.33951522],[4.27143043]
[4.56193707],[1.34572475],[4.31751892]
[4.54778933],[1.35387626],[4.33546754]
[4.57269426],[1.35766481],[4.36644462]
[4.58263449],[1.36281247],[4.43824807]
[4.57298821],[1.35853962],[4.41556838]
[4.58631],[1.35627778],[4.44640051]
[4.57456209],[1.35542716],[4.41658627]
[4.58100568],[1.35477232],[4.39358772]
[4.54732502],[1.35436017],[4.38271961]
[4.53480351],[1.35097862],[4.36215015]
[4.52641866],[1.34750155],[4.3524329]
[4.52106686],[1.34433767],[4.3212217]
[4.51371723],[1.33967152],[4.27724124]
[4.49753658],[1.33349817],[4.22177083]
[4.48849652],[1.32626804],[4.16499003]
[4.47577923],[1.31662389],[4.10719326]
[4.45610715],[1.30440817],[4.05112037]
[4.44125835],[1.29222019],[3.99891833]
[4.42812235],[1.28082045],[3.94816879]
[4.41126731],[1.26853473],[3.88931367]
[4.39070921],[1.25494534],[3.82129875]
[4.36403631],[1.24236139],[3.75269641]
[4.32523196],[1.23014848],[3.68881276]
[4.28220169],[1.21666743],[3.62327829]
[4.24729898],[1.204144],[3.56463407]
[3.85382004],[1.19136069],[3.3276926]
[0.],[0.],[0.]
[0.],[0.],[0.]
[1.6649487],[0.63675066],[0.84519259]
[2.47542594],[0.79486961],[1.46203357]
[2.66020239],[0.89267514],[1.72218489]
[3.01882194],[0.94608403],[1.9980802]
[3.36881551],[0.98698556],[2.26006827]
[3.59089695],[0.99656593],[2.56944636]
[3.79651068],[1.01192641],[2.79755276]
[3.99483709],[1.05689611],[3.07709201]
[4.0658213],[1.11336571],[3.25148595]
[4.1764546],[1.13239069],[3.42011165]
[4.18079661],[1.15259026],[3.51403138]
[4.28932549],[1.1687503],[3.62032871]
[4.29030033],[1.1834935],[3.67346826]
[4.38624046],[1.19708151],[3.76697589]
[4.40465355],[1.21529585],[3.83544195]
[4.48649201],[1.23103048],[3.93186444]
[4.5195197],[1.25113388],[4.00429602]
[4.57800565],[1.2681084],[4.09000038]
[4.58975677],[1.28434899],[4.13613319]
[4.60419976],[1.29695265],[4.19214119]
[4.60201561],[1.30990757],[4.25011489]
[4.61196005],[1.32200394],[4.30017696]
[4.60009938],[1.33365887],[4.32371253]
[4.60297516],[1.34207259],[4.36175305]
[4.59808138],[1.34958768],[4.38595298]
[4.61596167],[1.35681156],[4.42965921]
[4.59213947],[1.36340942],[4.43001701]
[4.61891645],[1.36816548],[4.48692749]
[4.58769936],[1.3769148],[4.49075189]
[4.64192217],[1.38355875],[4.55119254]
[4.64877617],[1.38889808],[4.61127241]
[4.65833451],[1.38351906],[4.61026476]
[4.66557073],[1.38191089],[4.630764]
[4.67102348],[1.38103484],[4.62146283]
[4.67212709],[1.37997156],[4.60034995]
[4.65787859],[1.37940206],[4.58961386]
[4.63944578],[1.37533149],[4.56151462]
[4.61468511],[1.37185223],[4.53533834]
[4.59071321],[1.36677727],[4.49682674]
[4.56058159],[1.362009],[4.4431358]
[4.54458943],[1.35672801],[4.39268758]
[4.53254837],[1.35108519],[4.34202394]
[4.51629977],[1.34304751],[4.28346604]
[4.49735181],[1.32960079],[4.20319112]
[4.48278933],[1.31689896],[4.13868102]
[4.46828494],[1.30455407],[4.06100106]
[4.44976203],[1.29222373],[4.00026994]
[4.4267969],[1.2789149],[3.93096131]
[4.400425],[1.26648669],[3.86021244]
[4.36173756],[1.25469259],[3.79026934]
[4.32049891],[1.24152578],[3.72456688]
[4.28515719],[1.22924732],[3.66305397]
[3.8893256],[1.21702032],[3.42199013]
[0.],[0.],[0.]
[0.],[0.],[0.]
[1.67133898],[0.63466328],[0.85182061]
[2.48662],[0.80156572],[1.48441213]
[2.70792808],[0.9004629],[1.75563385]
[3.05943017],[0.95506314],[2.04475553]
[3.41639761],[0.99365229],[2.33037912]
[3.63782822],[1.00148953],[2.69479289]
[3.84272293],[1.03507166],[2.91968028]
[4.04274924],[1.0835034],[3.17926651]
[4.10402639],[1.13464608],[3.34931287]
[4.21426292],[1.15456157],[3.50594738]
[4.2238113],[1.17407033],[3.60371268]
[4.32840133],[1.18972273],[3.70326785]
[4.33473091],[1.20413522],[3.76530733]
[4.42480776],[1.21772445],[3.86095955]
[4.45001327],[1.23854698],[3.93799741]
[4.52745188],[1.25445583],[4.03358954]
[4.56939979],[1.27478705],[4.11097532]
[4.62015083],[1.29190965],[4.19242004]
[4.63093557],[1.30817733],[4.25097406]
[4.66167098],[1.32053574],[4.36041]
[4.64447433],[1.33435457],[4.40238933]
[4.67999087],[1.34809997],[4.47797638]
[4.65789019],[1.36288948],[4.4966535]
[4.6800059],[1.37495313],[4.56260835]
[4.67376159],[1.38562231],[4.59288407]
[4.6952],[1.39438473],[4.65851746]
[4.6899291],[1.40480816],[4.68880221]
[4.70519842],[1.41435624],[4.7578452]
[4.70609648],[1.42699532],[4.79906328]
[4.73455783],[1.43672634],[4.86714895]
[4.74281672],[1.44270044],[4.92474543]
[4.76191047],[1.43660422],[4.95015001]
[4.77119702],[1.43213875],[4.95764884]
[4.78318307],[1.42680821],[4.98340036]
[4.79671271],[1.42081232],[4.93483075]
[4.79346315],[1.4141911],[4.89447107]
[4.77563474],[1.40485727],[4.83564898]
[4.73915335],[1.39562938],[4.76680906]
[4.70536072],[1.38743216],[4.69743538]
[4.6780535],[1.38270515],[4.6380155]
[4.6507087],[1.37720337],[4.58084087]
[4.62502601],[1.37106564],[4.52302182]
[4.59106766],[1.3630308],[4.45330423]
[4.56155237],[1.34974254],[4.3726418]
[4.54387572],[1.33892177],[4.31097643]
[4.52602151],[1.32623274],[4.21845071]
[4.49863588],[1.31355838],[4.1107775]
[4.47045579],[1.30010715],[4.03953028]
[4.44255559],[1.28793619],[3.97001073]
[4.4051429],[1.27638759],[3.90001399]
[4.35872891],[1.2635849],[3.8243111]
[4.32231798],[1.25165486],[3.75991634]
[3.92483619],[1.23974663],[3.51564528]
[0.],[0.],[0.]
[0.],[0.],[0.]
[1.67550718],[0.64052994],[0.87106848]
[2.49948964],[0.81293732],[1.5196843]
[2.73527609],[0.91729455],[1.80052293]
[3.11266465],[0.96737987],[2.11285902]
[3.4599339],[1.00371974],[2.45342907]
[3.69549349],[1.01624792],[2.83284683]
[3.89336363],[1.06968286],[3.05568108]
[4.10762385],[1.11726932],[3.29612324]
[4.15512849],[1.16285249],[3.46169958]
[4.26973699],[1.18300904],[3.61943351]
[4.28168225],[1.20136635],[3.71768754]
[4.38110636],[1.21616698],[3.8208235]
[4.38917652],[1.23073292],[3.88389162]
[4.48006998],[1.24476721],[3.98370408]
[4.50693656],[1.26709304],[4.05917461]
[4.58711029],[1.28470652],[4.16583837]
[4.62922337],[1.31171506],[4.25530986]
[4.7043349],[1.33643844],[4.40267682]
[4.71366068],[1.35784172],[4.52915939]
[4.73942197],[1.37313477],[4.65287945]
[4.73984183],[1.390735],[4.72225934]
[4.75496932],[1.40726124],[4.79766122]
[4.76473695],[1.42326425],[4.85138494]
[4.77534975],[1.43401489],[4.92569374]
[4.79708743],[1.44522147],[4.97140094]
[4.79631875],[1.45655744],[5.05945687]
[4.82237983],[1.46846206],[5.09538055]
[4.81592617],[1.47901502],[5.1852496]
[4.8430712],[1.49192692],[5.23235608]
[4.847837],[1.50013739],[5.34437964]
[4.86049672],[1.50837063],[5.38982373]
[4.86199993],[1.50272461],[5.47809097]
[4.87519576],[1.49666971],[5.4727162]
[4.87557712],[1.48747035],[5.51273702]
[4.90602528],[1.47912192],[5.45983646]
[4.90531104],[1.47224264],[5.40836534]
[4.88394087],[1.46292954],[5.34512612]
[4.86248318],[1.45190784],[5.26420782]
[4.83966719],[1.43762902],[5.14623584]
[4.81105862],[1.42481403],[5.007014]
[4.78077363],[1.41122283],[4.88827876]
[4.74642791],[1.40008362],[4.77696]
[4.71011691],[1.39080504],[4.68744028]
[4.6846313],[1.37698774],[4.60359786]
[4.65753424],[1.3641946],[4.53396472]
[4.62848087],[1.35165806],[4.45020893]
[4.58403233],[1.33935092],[4.3328822]
[4.54353644],[1.32597023],[4.18905646]
[4.51642516],[1.31527771],[4.11544785]
[4.4730838],[1.30352366],[4.04316893]
[4.42575941],[1.29093164],[3.96735364]
[4.38521566],[1.27937454],[3.89579475]
[3.98720047],[1.26784253],[3.64357202]
[0.],[0.],[0.]
[0.],[0.],[0.]
[1.69050721],[0.6404348],[0.88515287]
[2.51413007],[0.82502806],[1.54356686]
[2.79273762],[0.92899528],[1.84649576]
[3.15467633],[0.9750429],[2.18065346]
[3.50860351],[1.01183258],[2.64021507]
[3.74344961],[1.05789399],[2.98106827]
[3.94515502],[1.10898964],[3.19569331]
[4.15851005],[1.15428547],[3.42776302]
[4.20736162],[1.19460157],[3.59062351]
[4.31177765],[1.215094],[3.74981238]
[4.33266179],[1.23196699],[3.859935]
[4.42379519],[1.2468941],[3.96182878]
[4.44699561],[1.26514545],[4.03959371]
[4.52766229],[1.28713843],[4.15147299]
[4.56785067],[1.31994862],[4.26045306]
[4.66622945],[1.34732949],[4.43117363]
[4.71898986],[1.3798393],[4.62103393]
[4.77206285],[1.40418141],[4.80879691]
[4.82034951],[1.42394641],[4.94879424]
[4.84231383],[1.43730266],[5.08329036]
[4.88049005],[1.45329169],[5.17105156]
[4.86736989],[1.46809609],[5.30879225]
[4.8972148],[1.48268805],[5.33225834]
[4.88138226],[1.49504291],[5.46900045]
[4.91968987],[1.50659199],[5.50931405]
[4.91977117],[1.51790322],[5.63291239]
[4.98901489],[1.5287217],[5.67844025]
[4.99911541],[1.53733052],[5.79438996]
[5.12022866],[1.54870807],[5.88362576]
[5.21435378],[1.55708941],[6.017739]
[5.31012761],[1.56577179],[6.12392542]
[5.34409237],[1.56156123],[6.19092431]
[5.39733455],[1.55601972],[6.24218624]
[5.43402777],[1.54697712],[6.25238941]
[5.46310651],[1.53799046],[6.2531972]
[5.49706353],[1.52675631],[6.18363034]
[5.48506779],[1.51541956],[6.08975]
[5.42603475],[1.50310269],[5.96444959]
[5.31525329],[1.4919476],[5.79513853]
[5.15010149],[1.480426],[5.6184125]
[4.94133713],[1.4659854],[5.44316619]
[4.87501394],[1.45250722],[5.30929862]
[4.84861415],[1.4363961],[5.15725124]
[4.82035915],[1.4166871],[4.98471508]
[4.78583677],[1.39693371],[4.85376543]
[4.74708853],[1.38026895],[4.71907575]
[4.70217217],[1.36562625],[4.59932596]
[4.66482573],[1.3509911],[4.47442187]
[4.62317746],[1.33925966],[4.35308026]
[4.5463744],[1.32944584],[4.21278182]
[4.47734781],[1.31811816],[4.1240696]
[4.43555875],[1.30745376],[4.05183205]
[4.03541876],[1.29854943],[3.80291804]
[0.],[0.],[0.]
[0.],[0.],[0.]
[1.70318231],[0.64416684],[0.90162234]
[2.52375839],[0.83483389],[1.56366006]
[2.83238413],[0.93472416],[1.87837734]
[3.1723545],[0.97921659],[2.24600361]
[3.54338722],[1.028225],[2.75146871]
[3.7711804],[1.08559435],[3.07645856]
[3.98024679],[1.13623979],[3.29096293]
[4.18594049],[1.18096695],[3.51482702]
[4.24117764],[1.21656964],[3.69166327]
[4.33932523],[1.2380023],[3.8502178]
[4.37148056],[1.25881916],[3.97593663]
[4.45698413],[1.28559132],[4.09477658]
[4.49080718],[1.31711981],[4.21272519]
[4.56252513],[1.34345248],[4.36296921]
[4.61785112],[1.37849499],[4.54845208]
[4.73996463],[1.40780527],[4.80690256]
[4.82223352],[1.43917006],[5.0047675]
[4.85737792],[1.4618117],[5.16653871]
[4.9180749],[1.47994681],[5.33233031]
[4.96943964],[1.49165898],[5.56743954]
[5.0670942],[1.5076461],[5.68405448]
[5.14945837],[1.52589312],[5.8200365]
[5.2412381],[1.54381342],[5.93133805]
[5.31532696],[1.55361119],[6.07531478]
[5.36484146],[1.56315922],[6.21566925]
[5.4229878],[1.57251861],[6.34909004]
[5.46057685],[1.58226668],[6.47800851]
[5.50185772],[1.59074681],[6.59874191]
[5.52384006],[1.60193948],[6.73241583]
[5.56955962],[1.61896343],[6.86185364]
[5.57994312],[1.63212598],[7.00462489]
[5.61480238],[1.64681823],[7.09927213]
[5.61102331],[1.63162728],[7.16088498]
[5.70298771],[1.61655294],[7.17871795]
[5.70689873],[1.60082619],[7.14708487]
[5.87427521],[1.5846936],[7.12216038]
[5.88536963],[1.57073574],[6.99234063]
[5.80939651],[1.55389581],[6.83521318]
[5.61082589],[1.5393866],[6.60174197]
[5.55585339],[1.52811391],[6.38723093]
[5.48493732],[1.51593184],[6.16635522]
[5.39323157],[1.50463857],[5.95990661]
[5.2611346],[1.49054331],[5.74023909]
[5.04572189],[1.47141497],[5.52555836]
[4.9290752],[1.45071459],[5.36127124]
[4.86998653],[1.42861461],[5.20104304]
[4.8311174],[1.40645487],[5.01163053]
[4.78820492],[1.38445012],[4.78340359]
[4.74166528],[1.3652164],[4.61825929]
[4.66983618],[1.35068639],[4.45700784]
[4.55129502],[1.3383529],[4.270746]
[4.48310265],[1.32796375],[4.18107888]
[4.07998884],[1.31821051],[3.91954583]
[0.],[0.],[0.]
[0.],[0.],[0.]
[1.71582124],[0.64590993],[0.91170755]
[2.53264676],[0.83953942],[1.57454891]
[2.86094601],[0.93578405],[1.8923713]
[3.187864],[0.98008371],[2.2755169]
[3.56340249],[1.03369723],[2.78638895]
[3.78561478],[1.09262175],[3.10325496]
[4.0009454],[1.1441104],[3.32894803]
[4.19873698],[1.18959439],[3.54842242]
[4.26745678],[1.22806793],[3.74767849]
[4.35946575],[1.26090165],[3.92075893]
[4.4023206],[1.29031032],[4.07667854]
[4.47791981],[1.31968073],[4.21337332]
[4.51831721],[1.35415285],[4.37018744]
[4.62081129],[1.38467962],[4.59021117]
[4.72327468],[1.42123156],[4.83643757]
[4.80419955],[1.45072263],[5.05771593]
[4.88817428],[1.48284073],[5.25379684]
[4.9071951],[1.50634075],[5.49480071]
[5.06632294],[1.52381214],[5.70077678]
[5.28803595],[1.53777679],[5.9816378]
[5.40247808],[1.55717319],[6.19901077]
[5.45896684],[1.57217506],[6.38596565]
[5.49167244],[1.58644068],[6.55916825]
[5.53391135],[1.59591578],[6.70489554]
[5.55658901],[1.60896139],[6.88318009]
[5.58831604],[1.63489536],[7.03308216]
[5.60945568],[1.65064564],[7.18994182]
[5.63263956],[1.68664303],[7.34147428]
[5.6458813],[1.70496274],[7.47997764]
[5.73693972],[1.73446201],[7.65326051]
[5.75994468],[1.75233452],[7.76906635]
[5.92102077],[1.76878364],[7.94999909]
[5.94088761],[1.75379845],[7.98917402]
[6.04064312],[1.73423849],[8.09836017]
[6.07426676],[1.71428032],[8.05223664]
[6.13027372],[1.69145199],[8.07382656]
[6.14961002],[1.66642305],[7.93338209]
[6.11363837],[1.64019659],[7.72765622]
[6.01391894],[1.59361976],[7.43039968]
[5.83941304],[1.56573461],[7.09525192]
[5.6196593],[1.55258617],[6.80319703]
[5.56747427],[1.54133232],[6.58790733]
[5.49803586],[1.52882454],[6.35436412]
[5.40188528],[1.51349834],[6.09760607]
[5.27108291],[1.49692021],[5.85623602]
[5.06813027],[1.47758613],[5.61689617]
[4.91681642],[1.4574545],[5.44790367]
[4.85488842],[1.43592903],[5.25109326]
[4.81852061],[1.4157875],[5.00653593]
[4.77013271],[1.39610935],[4.79044998]
[4.66784869],[1.37559762],[4.61077918]
[4.53057296],[1.35947776],[4.42057079]
[4.10641125],[1.34357038],[4.08610609]
[0.],[0.],[0.]
[0.],[0.],[0.]
[1.71188435],[0.6532519],[0.92507228]
[2.53417959],[0.84899355],[1.58798172]
[2.85777279],[0.94289883],[1.90537478]
[3.20758477],[0.98707293],[2.31737988]
[3.56858539],[1.04316212],[2.82268133]
[3.80760428],[1.10230496],[3.14158888]
[4.0181958],[1.15537001],[3.37648326]
[4.22063313],[1.20735272],[3.61418723]
[4.29913143],[1.25489206],[3.83408749]
[4.39313861],[1.2882263],[4.02421626]
[4.43810539],[1.32037984],[4.20987513]
[4.515736],[1.35448897],[4.37609839]
[4.58343941],[1.39087268],[4.56940242]
[4.71524213],[1.41985328],[4.84031144]
[4.81231497],[1.45722539],[5.07126327]
[4.85641465],[1.48689075],[5.27755329]
[4.93763348],[1.5190127],[5.50873668]
[5.05848111],[1.54349938],[5.81422104]
[5.33926138],[1.56198386],[6.10509019]
[5.50193434],[1.57333319],[6.37992071]
[5.57368167],[1.58855973],[6.69641751]
[5.60829651],[1.60314503],[6.9015331]
[5.62423678],[1.6176116],[7.08410587]
[5.64938472],[1.64485876],[7.23624996]
[5.66372219],[1.66455685],[7.42052306]
[5.77934763],[1.70635496],[7.60534392]
[5.73006868],[1.73128992],[7.7393994]
[5.94843231],[1.76451178],[8.00523577]
[5.93748454],[1.78271237],[8.0988088]
[6.07276562],[1.80837171],[8.38612896]
[6.11268794],[1.82596655],[8.51189095]
[6.16601581],[1.84025506],[8.70457643]
[6.19667703],[1.83594148],[8.76150803]
[6.22728954],[1.81699385],[8.84729114]
[6.26187958],[1.79779656],[8.81359481]
[6.27501312],[1.77783099],[8.78579751]
[6.29987603],[1.7550071],[8.67183016]
[6.27648706],[1.73291925],[8.49411511]
[6.24569513],[1.69307141],[8.25002677]
[6.16147053],[1.64624386],[7.91805441]
[6.04127443],[1.5998629],[7.56312553]
[5.88241539],[1.57548428],[7.25130229]
[5.63886877],[1.56487785],[6.97994721]
[5.58282069],[1.55191174],[6.75985968]
[5.53260791],[1.53670979],[6.54448402]
[5.46858615],[1.52104568],[6.29965465]
[5.37128319],[1.5035238],[6.04546209]
[5.20945196],[1.48359368],[5.76397517]
[5.00016882],[1.46288383],[5.48754337]
[4.86791982],[1.4418359],[5.25944867]
[4.80903008],[1.41928617],[4.98600198]
[4.71865841],[1.39884029],[4.7898055]
[4.26294069],[1.38259677],[4.43279817]
[0.],[0.],[0.]
[0.],[0.],[0.]
[1.71778497],[0.65074354],[0.91785511]
[2.53859524],[0.85021119],[1.59442763]
[2.88111548],[0.94623907],[1.92290685]
[3.21658018],[0.98999984],[2.37615251]
[3.58144809],[1.05950761],[2.87694038]
[3.81498193],[1.12183434],[3.19450683]
[4.0420509],[1.18337467],[3.47328842]
[4.23464651],[1.23707226],[3.71930043]
[4.32713922],[1.28561802],[3.96879994]
[4.41480914],[1.3246723],[4.18225141]
[4.49090326],[1.36323598],[4.41940637]
[4.59264617],[1.3958017],[4.62812512]
[4.70593488],[1.4311505],[4.88089283]
[4.78622995],[1.45998356],[5.11001459]
[4.88314528],[1.49630475],[5.35799252]
[4.89934115],[1.52596387],[5.63745049]
[5.06659328],[1.55667191],[5.9154782]
[5.36141847],[1.58006456],[6.23462701]
[5.54491228],[1.59321519],[6.5661336]
[5.63751982],[1.6024389],[6.87489892]
[5.69251023],[1.61651561],[7.22522856]
[5.82467352],[1.63091685],[7.43594492]
[5.79599168],[1.65533988],[7.61658519]
[5.99031547],[1.71299773],[7.90519093]
[5.99939234],[1.73888148],[8.06935923]
[6.10223355],[1.77796429],[8.36504465]
[6.13719186],[1.80175061],[8.51508691]
[6.19023846],[1.83221567],[8.75946838]
[6.2315185],[1.85030505],[8.89135497]
[6.26904087],[1.86912336],[9.11996942]
[6.30571997],[1.8877447],[9.25938516]
[6.32038215],[1.90283937],[9.43224106]
[6.34990561],[1.90887245],[9.51085174]
[6.35906199],[1.89862899],[9.5988559]
[6.5095729],[1.88584634],[9.66450803]
[6.52158654],[1.87152954],[9.64430149]
[6.63660853],[1.85411601],[9.66800689]
[6.58070624],[1.82827978],[9.5227211]
[6.56945645],[1.79094244],[9.25736641]
[6.39313413],[1.75237259],[8.90472681]
[6.29795257],[1.71019801],[8.57452696]
[6.23916552],[1.6631897],[8.28439561]
[6.16105622],[1.61752827],[7.98562038]
[6.05077434],[1.58789487],[7.66244199]
[5.90451046],[1.57226302],[7.34197317]
[5.68958896],[1.55723966],[7.03960415]
[5.62191703],[1.5406881],[6.78090938]
[5.56848421],[1.52189374],[6.5259974]
[5.49503929],[1.50428846],[6.25038499]
[5.38260668],[1.4847737],[5.82564851]
[5.04028136],[1.46310673],[5.49208534]
[4.83415743],[1.44268494],[5.25340679]
[4.39474182],[1.42199239],[4.79960439]
[0.],[0.],[0.]
[0.],[0.],[0.]
[1.72526031],[0.64694491],[0.91205711]
[2.54380965],[0.8526525],[1.59992282]
[2.89926172],[0.94594749],[1.93180365]
[3.22887065],[0.99200625],[2.40430783]
[3.59718662],[1.07399439],[2.91544627]
[3.82803449],[1.14416567],[3.24796329]
[4.06805114],[1.20656023],[3.56884665]
[4.24853995],[1.26063241],[3.81675934]
[4.35350504],[1.31637188],[4.08575626]
[4.4590128],[1.35945441],[4.34238407]
[4.55952177],[1.39849239],[4.62318926]
[4.6730854],[1.43164885],[4.87296048]
[4.79234202],[1.46712022],[5.12578342]
[4.83782236],[1.49564853],[5.34963542]
[4.94114469],[1.53199815],[5.64553243]
[4.97095676],[1.56282575],[5.96924152]
[5.33453418],[1.59208079],[6.34299055]
[5.54972357],[1.60946202],[6.63554235]
[5.6752404],[1.62195416],[7.03307518]
[5.86264792],[1.64054264],[7.39653563]
[6.03872649],[1.65482603],[7.76615378]
[6.145365],[1.70428975],[8.12574877]
[6.18799202],[1.74736521],[8.39235897]
[6.22601197],[1.80341171],[8.66250148]
[6.2814994],[1.83051897],[8.89771459]
[6.28268115],[1.86620826],[9.11333931]
[6.34627916],[1.89476271],[9.35054815]
[6.3335898],[1.91751955],[9.54226521]
[6.39411462],[1.93865567],[9.76064982]
[6.40603402],[1.955866],[9.98360404]
[6.56652006],[1.97398844],[10.2273089]
[6.61664164],[1.98573608],[10.40721088]
[6.75294419],[1.9992635],[10.63757024]
[6.79471129],[1.99440796],[10.74698503]
[6.88014145],[1.98413148],[10.89276661]
[6.91961243],[1.97264187],[10.91161871]
[6.95163301],[1.95785538],[10.88914946]
[6.95059699],[1.93340265],[10.77070593]
[6.93355919],[1.90325146],[10.54171584]
[6.89215643],[1.86856123],[10.20111417]
[6.78973397],[1.82891464],[9.80533834]
[6.65108619],[1.78996417],[9.39903776]
[6.44721711],[1.74884613],[8.99855777]
[6.34101074],[1.70474387],[8.65180459]
[6.2863106],[1.65441426],[8.34228759]
[6.21516987],[1.60141725],[8.04822274]
[6.1176971],[1.57606953],[7.72885056]
[5.97071669],[1.55828202],[7.35501578]
[5.76400454],[1.54116922],[6.95588737]
[5.66440718],[1.52368298],[6.57201346]
[5.58759439],[1.50471551],[6.09124595]
[5.22862105],[1.48634608],[5.67058109]
[4.48353217],[1.46577997],[5.24010797]
[0.],[0.],[0.]
[0.],[0.],[0.]
[1.73398636],[0.64174922],[0.9041743]
[2.5507552],[0.8539687],[1.60355585]
[2.91542142],[0.94676463],[1.94077082]
[3.24431362],[0.994413],[2.4372329]
[3.61432406],[1.08861795],[2.97006534]
[3.84147192],[1.16188092],[3.30920411]
[4.09845256],[1.2259898],[3.65997693]
[4.27673007],[1.28564661],[3.92144196]
[4.41796156],[1.3468322],[4.21806902]
[4.51227588],[1.39299137],[4.50170386]
[4.62495757],[1.43258225],[4.84731166]
[4.7383507],[1.4645053],[5.10108625]
[4.86603732],[1.49858661],[5.38837267]
[4.88281585],[1.52814574],[5.67103746]
[4.99019054],[1.56519597],[6.01221465]
[5.12058278],[1.5940485],[6.29646256]
[5.50637701],[1.61750314],[6.73835182]
[5.65220765],[1.63493011],[7.02397674]
[5.78341586],[1.66633413],[7.51949765]
[6.10975634],[1.71368339],[7.95593622]
[6.26660043],[1.74511799],[8.43993809]
[6.29679008],[1.7982576],[8.84620679]
[6.36856757],[1.84353969],[9.19793763]
[6.35668111],[1.89351488],[9.42665561]
[6.43917369],[1.92051921],[9.76228557]
[6.41591929],[1.94730307],[9.97559251]
[6.61950857],[1.9751671],[10.34566822]
[6.70311989],[1.99441554],[10.57942602]
[6.82846308],[2.0140229],[10.92354633]
[6.89313281],[2.02858807],[11.1650058]
[6.95915168],[2.04465901],[11.42333257]
[7.00506873],[2.05614691],[11.59983037]
[7.03951932],[2.07233806],[11.74015391]
[7.08371903],[2.06829828],[11.84404946]
[7.10130703],[2.05952734],[11.92257036]
[7.20416007],[2.04973459],[12.01463572]
[7.22956987],[2.03622005],[11.98214804]
[7.3016925],[2.01172199],[11.99421664]
[7.2982551],[1.98584489],[11.79976168]
[7.19400743],[1.95518008],[11.40870487]
[7.07960612],[1.91994679],[10.9582267]
[7.02278594],[1.88558998],[10.61264708]
[6.94837456],[1.84963359],[10.24887564]
[6.8488312],[1.80946447],[9.82863944]
[6.7178052],[1.7645367],[9.4071728]
[6.52611289],[1.71094467],[8.97546466]
[6.38381906],[1.64660122],[8.61125838]
[6.32880136],[1.58904194],[8.26924342]
[6.25892929],[1.5725121],[7.91110626]
[6.16496003],[1.55558285],[7.5206966]
[6.02667226],[1.53730724],[6.9239411]
[5.79560346],[1.51997493],[6.32924918]
[5.01913739],[1.50282269],[5.64748355]
[0.],[0.],[0.]
[0.],[0.],[0.]
[1.72288331],[0.64401712],[0.90410307]
[2.54799029],[0.86629601],[1.61592882]
[2.92067174],[0.95534995],[1.96217174]
[3.25119532],[1.00497791],[2.49401053]
[3.61326272],[1.10880751],[3.03020178]
[3.85632742],[1.18385999],[3.37773577]
[4.13413477],[1.25057107],[3.75720267]
[4.31639703],[1.31338323],[4.03257066]
[4.47305115],[1.37899912],[4.33909892]
[4.57828923],[1.42499797],[4.68068857]
[4.72874663],[1.46341856],[5.04723202]
[4.79147902],[1.49580459],[5.29104049]
[4.92254677],[1.5323586],[5.60466537]
[4.91249157],[1.56522987],[5.94588693]
[5.0797865],[1.60178809],[6.34696711]
[5.34401174],[1.62790253],[6.69072691]
[5.60950587],[1.66358715],[7.17663041]
[5.73032474],[1.72246639],[7.56324925]
[6.04946576],[1.77897105],[8.18756641]
[6.25205453],[1.82510425],[8.75121665]
[6.41066004],[1.85498815],[9.33529076]
[6.39703648],[1.89521935],[9.65560409]
[6.5384229],[1.93537783],[10.13270265]
[6.63279956],[1.97250348],[10.45845003]
[6.87023894],[1.99815626],[10.90013549]
[6.83885443],[2.02186994],[11.10444909]
[7.03066471],[2.04853943],[11.52703551]
[6.97757558],[2.06474392],[11.68405555]
[7.15755182],[2.08244814],[12.03980154]
[7.18610419],[2.09547313],[12.26213975]
[7.21429178],[2.11230612],[12.49129206]
[7.35991256],[2.12572946],[12.74487527]
[7.38738831],[2.13783508],[12.89973059]
[7.51791989],[2.13637206],[13.15770736]
[7.54570143],[2.12871949],[13.24636049]
[7.6343851],[2.12068921],[13.36672958]
[7.67203979],[2.10589618],[13.35701245]
[7.68153507],[2.08398508],[13.31661715]
[7.67502585],[2.06060041],[13.13654773]
[7.64877099],[2.03400983],[12.85369678]
[7.60754571],[2.00361186],[12.4277749]
[7.4842688],[1.97383777],[11.94785949]
[7.31511978],[1.94230372],[11.46308144]
[7.12428705],[1.90774246],[10.99549614]
[7.06003685],[1.86885025],[10.61028401]
[6.99565544],[1.8239673],[10.22194305]
[6.90882112],[1.76273916],[9.8379872]
[6.78688621],[1.69627434],[9.37964624]
[6.62047],[1.63639065],[8.89729786]
[6.41647429],[1.59066625],[8.40721527]
[6.35477976],[1.57309752],[7.89544745]
[6.28739986],[1.55641215],[7.32284033]
[5.62315396],[1.5411718],[6.45110809]
[0.20028185],[0.79633203],[0.08171097]
[0.],[0.],[0.]
[1.73623859],[0.64225018],[0.90017878]
[2.56086503],[0.87469258],[1.63219579]
[2.94104107],[0.962724],[1.98999029]
[3.27054653],[1.01185326],[2.58766499]
[3.6488131],[1.13497478],[3.12708611]
[3.90882958],[1.21097645],[3.48913396]
[4.18905252],[1.28230142],[3.89362922]
[4.36627967],[1.34929045],[4.18207271]
[4.54164708],[1.41649196],[4.52351885]
[4.66414653],[1.46499081],[4.94700936]
[4.82099033],[1.50531515],[5.34611347]
[4.84551093],[1.53991892],[5.65856999]
[4.98838142],[1.57910834],[6.05957285]
[4.97203595],[1.60774963],[6.39432615]
[5.33343393],[1.64820535],[6.87304742]
[5.53376635],[1.68563289],[7.21214933]
[5.7403952],[1.75100611],[7.83320129]
[6.06468096],[1.83123805],[8.34484699]
[6.3416684],[1.88063379],[9.00954839]
[6.39907645],[1.91892642],[9.57775907]
[6.68346973],[1.94813143],[10.21446114]
[6.80682393],[1.97593057],[10.66551712]
[7.02367719],[2.01156636],[11.28391982]
[6.98421307],[2.04280004],[11.51852591]
[7.26059362],[2.06767506],[11.98534723]
[7.16297582],[2.08848366],[12.14499402]
[7.40150227],[2.11332519],[12.60356418]
[7.47490981],[2.12700955],[12.85222623]
[7.71121458],[2.14278667],[13.24456301]
[7.83486109],[2.15395577],[13.64352829]
[7.88773598],[2.16955386],[13.91716818]
[7.90883357],[2.18093147],[14.17887891]
[7.90716863],[2.19179735],[14.32532446]
[7.92914724],[2.19001449],[14.49470018]
[7.94507215],[2.18350968],[14.55712291]
[7.92619198],[2.1767862],[14.58641182]
[8.11857707],[2.16279328],[14.66786604]
[8.14046517],[2.14481732],[14.59471548]
[8.23914713],[2.12382765],[14.56874335]
[8.1940062],[2.09964897],[14.25313218]
[8.03505576],[2.07203697],[13.80791817]
[7.82523708],[2.04584345],[13.30632938]
[7.74857251],[2.01830747],[12.86839792]
[7.65170835],[1.98766941],[12.41562485]
[7.54086601],[1.95280018],[11.96092087]
[7.38696469],[1.91440014],[11.47157578]
[7.16713108],[1.86157713],[10.95811542]
[7.0994957],[1.79945164],[10.51864024]
[7.0345592],[1.73886206],[10.10284043]
[6.95213609],[1.67611404],[9.6120789]
[6.83543504],[1.61412198],[9.05077025]
[6.68123913],[1.59064101],[8.31935748]
[6.03937697],[1.57643079],[7.47957703]
[0.35618102],[0.88908033],[0.23946915]
[0.],[0.],[0.]
[1.75353327],[0.64159443],[0.90643063]
[2.57458515],[0.88640626],[1.653777]
[2.98793891],[0.96842102],[2.02807413]
[3.31578956],[1.0195959],[2.66878517]
[3.70200511],[1.1626911],[3.24289846]
[3.99186822],[1.24448326],[3.64015688]
[4.25413222],[1.32231285],[4.0588017]
[4.43083079],[1.39148211],[4.37250723]
[4.6461206],[1.4573825],[4.82180525]
[4.7663358],[1.50632415],[5.25089692]
[4.93586152],[1.54770018],[5.68330659]
[4.91483145],[1.58121275],[6.08283645]
[5.0780252],[1.61430734],[6.51465679]
[5.23683439],[1.64178688],[6.83802072]
[5.56214471],[1.69890124],[7.38700069]
[5.67178667],[1.79519327],[7.84451465]
[5.99065912],[1.86146056],[8.56641225]
[6.27518682],[1.92979947],[9.11922508]
[6.5141999],[1.9750481],[9.91216871]
[6.68849544],[2.0056375],[10.407683]
[7.01873333],[2.03298934],[11.26377924]
[7.06563735],[2.05648985],[11.72363184]
[7.28866848],[2.08841286],[12.32273903]
[7.35056455],[2.11378464],[12.58286296]
[7.66789678],[2.13660115],[13.10350891]
[7.67021806],[2.15541222],[13.41502603]
[7.94153365],[2.17794959],[13.92363643]
[7.86270731],[2.19218272],[14.22704786]
[8.12261364],[2.21208265],[14.72467108]
[8.14107381],[2.22890953],[15.01515962]
[8.19483124],[2.25288577],[15.29522492]
[8.20234623],[2.26911921],[15.51535314]
[8.39056098],[2.28267488],[15.77877313]
[8.44961254],[2.26829826],[15.93503542]
[8.54132043],[2.25654342],[16.17034929]
[8.54791045],[2.24571958],[16.19458907]
[8.59534733],[2.23005351],[16.28462767]
[8.61340131],[2.21131657],[16.19031368]
[8.60519362],[2.18365455],[16.10810093]
[8.58150661],[2.1618348],[15.85252221]
[8.52359847],[2.13859336],[15.48320189]
[8.40918362],[2.1153612],[14.99669386]
[8.22313709],[2.09112526],[14.38988909]
[7.94946135],[2.06606791],[13.74439229]
[7.81871092],[2.03737971],[13.285289]
[7.75611633],[2.00438024],[12.86258938]
[7.67362547],[1.96047069],[12.41377755]
[7.56622876],[1.90883222],[11.91564662]
[7.42567942],[1.85683109],[11.40135002]
[7.22231224],[1.79787159],[10.82468816]
[7.12387146],[1.73446518],[10.18438328]
[7.06164583],[1.67557016],[9.54226115]
[6.56149391],[1.6212969],[8.61943564]
[0.45077777],[0.94435349],[0.34194474]
[0.],[0.],[0.]
[1.77748278],[0.64761317],[0.92937052]
[2.60847102],[0.90664964],[1.70001931]
[3.13917619],[0.98261609],[2.13423587]
[3.38425749],[1.04748205],[2.7899966]
[3.7909263],[1.19759732],[3.39613044]
[4.09638901],[1.28464357],[3.82729959]
[4.34918143],[1.36406386],[4.25363244]
[4.53805273],[1.43058442],[4.6290373]
[4.81492336],[1.49438567],[5.16753989]
[4.86217227],[1.5444043],[5.55935692]
[5.04228524],[1.58267989],[6.0981219]
[4.97628536],[1.61184199],[6.48464995]
[5.33050915],[1.65230792],[6.97087605]
[5.48290997],[1.70688547],[7.30323915]
[5.72418261],[1.7825327],[7.97389314]
[5.92610251],[1.87478775],[8.4996869]
[6.32888596],[1.93748335],[9.26626269]
[6.41150142],[1.99580977],[9.88126382]
[6.81270828],[2.03883662],[10.68550345]
[7.00578722],[2.06599032],[11.23716424]
[7.2228661],[2.09418811],[12.15851511]
[7.29258641],[2.11617998],[12.60253306]
[7.62838492],[2.14664142],[13.32093742]
[7.78915875],[2.17021896],[13.80903696]
[8.06809586],[2.19792747],[14.41075141]
[7.98985978],[2.22329849],[14.70908947]
[8.22885898],[2.25767297],[15.29018051]
[8.13214187],[2.28004824],[15.52495775]
[8.41207428],[2.30380948],[16.10891237]
[8.54839858],[2.32553038],[16.44402917]
[8.70914293],[2.35693894],[16.92206614]
[8.75372855],[2.37306488],[17.14858794]
[8.78992229],[2.39113434],[17.44967993]
[8.82589582],[2.3712788],[17.58681759]
[8.83464471],[2.35870394],[17.74353226]
[8.84749607],[2.34909422],[17.77682564]
[8.86216533],[2.33844963],[17.79971995]
[9.0766979],[2.32032853],[17.84216228]
[9.13396884],[2.29089659],[17.73918343]
[9.17621589],[2.25319357],[17.64631853]
[9.12878165],[2.21344825],[17.23177931]
[8.97620762],[2.17772952],[16.65392233]
[8.62785327],[2.15147652],[15.98741202]
[8.50226997],[2.12758852],[15.40898872]
[8.36969295],[2.10126873],[14.84305513]
[8.21668339],[2.07102378],[14.26699797]
[8.01928226],[2.03400271],[13.70346202]
[7.82777908],[1.98895859],[13.16730823]
[7.76052846],[1.94354888],[12.67824866]
[7.6722489],[1.89228059],[12.15234087]
[7.55752664],[1.83388373],[11.5029457]
[7.40604341],[1.77041007],[10.77212252]
[6.7670213],[1.71421395],[9.61569007]
[0.56115272],[1.00421291],[0.47355422]
[0.],[0.],[0.]
[1.78082692],[0.66130988],[0.95837106]
[2.61996749],[0.92593403],[1.74153318]
[3.22188573],[0.99984595],[2.22226608]
[3.42333892],[1.07700995],[2.89014099]
[3.88314595],[1.23820152],[3.55412983]
[4.16104426],[1.32982643],[4.0077517]
[4.43632971],[1.40683014],[4.45470683]
[4.65553141],[1.47070549],[4.96912458]
[4.92580041],[1.53391647],[5.48421463]
[4.92477966],[1.58395831],[5.89604106]
[5.10942809],[1.61727497],[6.49258163]
[5.18618464],[1.64457235],[6.87859103]
[5.56212016],[1.69704265],[7.45471519]
[5.62533284],[1.79275552],[7.8927034]
[5.82111502],[1.86525728],[8.58145424]
[6.18153724],[1.94665032],[9.14324235]
[6.49283956],[2.0053828],[10.02242119]
[6.59236965],[2.05762327],[10.5827068]
[7.064047],[2.10078811],[11.47731633]
[7.16193905],[2.1246344],[12.10461548]
[7.36570399],[2.15873604],[13.00385337]
[7.62594836],[2.18054261],[13.66696409]
[8.00346424],[2.21707836],[14.53348172]
[8.06946069],[2.25264514],[14.9932609]
[8.29932473],[2.28993702],[15.63118739]
[8.35567781],[2.31984345],[15.95685195]
[8.65729638],[2.3553374],[16.67357588]
[8.67705045],[2.37992488],[17.02097738]
[8.87132589],[2.40435548],[17.71490994]
[8.94394849],[2.42619489],[18.09358717]
[8.99925527],[2.45769864],[18.51817955]
[9.03055381],[2.49088534],[18.75771685]
[9.02089276],[2.52617514],[18.99533256]
[9.14504454],[2.51728974],[19.17941294]
[9.22955601],[2.50595056],[19.30782702]
[9.37729552],[2.49332701],[19.53326007]
[9.44305061],[2.46692854],[19.60202579]
[9.51480583],[2.44865423],[19.67092703]
[9.564535],[2.43435626],[19.53941439]
[9.5288227],[2.41416948],[19.37233223]
[9.52508199],[2.36750936],[19.06095678]
[9.46886799],[2.31791562],[18.56905926]
[9.3434903],[2.26579813],[17.95583634]
[9.11636294],[2.21002975],[17.15577738]
[8.6935731],[2.17185588],[16.38936346]
[8.55650018],[2.13499928],[15.78843421]
[8.45176094],[2.10214997],[15.26743416]
[8.3432532],[2.06158569],[14.68613589]
[8.21708519],[2.02192162],[14.08715301]
[8.04155776],[1.97766732],[13.46440911]
[7.82189307],[1.92708495],[12.79519161]
[7.75540466],[1.87382351],[12.09756493]
[7.25281052],[1.82271397],[11.01071995]
[0.70070619],[1.04706283],[0.59491038]
[0.],[0.],[0.]
[1.80701571],[0.66845469],[0.98283747]
[2.64661562],[0.94495405],[1.81964345]
[3.33821334],[1.01907277],[2.34227558]
[3.49658018],[1.12517885],[3.06100324]
[4.01647663],[1.28937404],[3.78256717]
[4.23536039],[1.37971651],[4.2308703]
[4.54824127],[1.45202078],[4.85780389]
[4.76276609],[1.51272508],[5.3295316]
[5.03534593],[1.57082042],[5.83288204]
[4.99260886],[1.61859495],[6.31520841]
[5.30226046],[1.65470934],[6.95140423]
[5.43655969],[1.6968912],[7.38650493]
[5.73434391],[1.78325963],[8.12141728]
[5.74014604],[1.87353864],[8.56016948]
[6.20968543],[1.9444766],[9.29275019]
[6.36134357],[2.01227341],[9.96753126]
[6.64513236],[2.07108309],[10.83280113]
[6.93557039],[2.1167018],[11.40051803]
[7.25659562],[2.16137763],[12.41939262]
[7.43368843],[2.18943495],[13.0699108]
[7.78370885],[2.23316949],[14.03137928]
[7.97877417],[2.26988222],[14.82269942]
[8.26935663],[2.31224711],[15.73762823]
[8.42967689],[2.35175829],[16.2458559]
[8.79504185],[2.39450311],[17.13853878]
[8.85414283],[2.43003541],[17.57193748]
[9.01626195],[2.49117952],[18.35941954]
[9.01190949],[2.53534547],[18.70507153]
[9.12987048],[2.57874885],[19.33936843]
[9.18624986],[2.6085792],[19.72096485]
[9.29416532],[2.64662177],[20.12890236]
[9.51534325],[2.66575446],[20.55373254]
[9.57072669],[2.68653398],[20.79403872]
[9.66439854],[2.66291342],[21.10739658]
[9.71455023],[2.64549792],[21.25895885]
[9.73007789],[2.63176127],[21.38641614]
[9.77322503],[2.60185017],[21.44649473]
[9.78215903],[2.58030395],[21.39768916]
[10.0923672],[2.56692384],[21.44260434]
[10.18153493],[2.54268055],[21.30112117]
[10.19130669],[2.50126626],[21.14798667]
[10.1266561],[2.464752],[20.62653212]
[9.9642682],[2.42577542],[19.90835566]
[9.60077302],[2.38262907],[19.16499227]
[9.42803114],[2.33836682],[18.40799092]
[9.22983638],[2.28586748],[17.62841982]
[8.95521092],[2.23384667],[16.83591295]
[8.63722887],[2.17224094],[16.13672976]
[8.54528751],[2.11063815],[15.55690413]
[8.44341469],[2.04687552],[14.94884299]
[8.32194285],[2.00129645],[14.24890346]
[8.16740218],[1.95624899],[13.4251333]
[7.63822342],[1.91146706],[12.19439973]
[0.86437791],[1.11349659],[0.78159464]
[0.],[0.],[0.]
[1.84107173],[0.67619054],[1.016838]
[2.673718],[0.9663735],[1.90116016]
[3.43550126],[1.03337021],[2.47039211]
[3.60684967],[1.16966785],[3.21606132]
[4.1235371],[1.33626885],[3.98066699]
[4.32759739],[1.42401544],[4.50080492]
[4.69948635],[1.49316176],[5.21399969]
[4.85321624],[1.55111723],[5.63910441]
[5.12247359],[1.61325409],[6.19157091]
[5.13382766],[1.65256311],[6.71651728]
[5.56179316],[1.7096644],[7.44108507]
[5.60468865],[1.79940663],[8.00956345]
[5.86776887],[1.88391268],[8.77849312]
[6.09928632],[1.9596858],[9.24403275]
[6.46641019],[2.0256945],[10.0965426]
[6.48572443],[2.0842824],[10.77435598]
[7.03313704],[2.14084702],[11.6973441]
[7.13846261],[2.18202491],[12.37114242]
[7.41214589],[2.23509017],[13.37217602]
[7.72716689],[2.28685615],[14.15032353]
[8.03802815],[2.32985322],[15.27869436]
[8.21893128],[2.36647205],[16.00561076]
[8.58030144],[2.40969613],[17.09173676]
[8.85203946],[2.44924765],[17.80614901]
[9.06377418],[2.52152357],[18.70513379]
[9.10570453],[2.57985875],[19.10090155]
[9.21497701],[2.64264454],[19.8326474]
[9.45645417],[2.679202],[20.28586601]
[9.5484482],[2.71677742],[20.89980257]
[9.73348846],[2.7467166],[21.53154632]
[9.81385729],[2.77985244],[22.02838571]
[9.86674533],[2.79784587],[22.46845716]
[9.91013886],[2.80874726],[22.77153395]
[9.92531545],[2.79973445],[22.98733953]
[10.07793618],[2.79667307],[23.18638735]
[10.23687742],[2.78389597],[23.34548617]
[10.43835441],[2.75511821],[23.76973092]
[10.54023454],[2.72946176],[23.78956182]
[10.5917388],[2.70802262],[23.76784369]
[10.8349892],[2.67410963],[23.64068727]
[10.81312465],[2.6311351],[23.31931652]
[10.8383819],[2.58712223],[22.99849396]
[10.76784],[2.55031566],[22.322058]
[10.67697404],[2.51139689],[21.63555683]
[10.29314269],[2.47464604],[20.64736914]
[9.80113583],[2.43695164],[19.57201789]
[9.48120796],[2.39841185],[18.84360104]
[9.34112191],[2.35105831],[18.04056218]
[9.15930902],[2.29091904],[17.30314576]
[8.91320138],[2.18147378],[16.51543251]
[8.59137885],[2.07740954],[15.7236009]
[8.4628801],[2.03989712],[14.9534623]
[8.04139874],[2.00254295],[13.70929432]
[1.17362546],[1.16845817],[1.00463288]
[0.],[0.],[0.]
[1.88948471],[0.68250293],[1.05936579]
[2.69631162],[0.9830087],[1.97747693]
[3.52644012],[1.04764426],[2.60901092]
[3.7637731],[1.2209226],[3.4096462]
[4.21940129],[1.38162496],[4.18344471]
[4.42694308],[1.46775079],[4.84278463]
[4.8504064],[1.53447404],[5.55751967]
[4.93125388],[1.58756832],[5.95792447]
[5.23098513],[1.65524476],[6.62374187]
[5.41115671],[1.68305081],[7.15886118]
[5.74377618],[1.79677111],[7.97710209]
[5.72631788],[1.88663212],[8.60588849]
[6.11620139],[1.96664286],[9.41078594]
[6.3265194],[2.03115118],[10.05452864]
[6.64211476],[2.09624631],[10.95499402]
[6.83882343],[2.14984898],[11.57490271]
[7.26687888],[2.20612008],[12.67454895]
[7.36772542],[2.2525915],[13.33026326]
[7.77862869],[2.33633118],[14.43105142]
[8.01076193],[2.39487462],[15.36205669]
[8.29299836],[2.44001861],[16.53761312]
[8.41346522],[2.49440481],[17.31841384]
[8.93007477],[2.56576072],[18.6552944]
[9.1010874],[2.62501795],[19.3388267]
[9.23777791],[2.68308799],[20.1839798]
[9.60824896],[2.72796627],[20.79655129]
[9.78026314],[2.77676054],[21.56527931]
[9.85791305],[2.81105158],[22.15768258]
[9.96067907],[2.85643058],[22.86762952]
[9.99936534],[2.89017203],[23.40560836]
[10.11308699],[2.91336696],[23.97324043]
[10.20961807],[2.9324454],[24.37639274]
[10.4730402],[2.94515729],[24.96719558]
[10.59564641],[2.95982937],[25.32846975]
[10.67339211],[2.95035019],[25.72237769]
[10.81874586],[2.93211205],[25.86424422]
[10.96487726],[2.90506358],[25.97772185]
[11.21828925],[2.87819888],[26.2586465]
[11.33692879],[2.85523006],[26.26716318]
[11.40633579],[2.8230859],[26.24512632]
[11.53866284],[2.78252545],[26.07417789]
[11.53019059],[2.73328419],[25.73171443]
[11.51614888],[2.68778553],[25.16310452]
[11.48874175],[2.64217827],[24.24993899]
[11.37912332],[2.60390626],[23.35216013]
[10.93634448],[2.57057795],[22.18243664]
[10.37978444],[2.5360839],[21.21214563]
[9.92818696],[2.4951074],[19.95582326]
[9.5527087],[2.45345559],[19.17486199]
[9.38879885],[2.37325021],[18.40646205]
[9.24343353],[2.24330639],[17.45257058]
[9.05770549],[2.1203567],[16.52913372]
[8.48486764],[2.06106426],[15.00209456]
[1.52759135],[1.25023015],[1.27454396]
[0.],[0.],[0.]
[1.87618734],[0.52432746],[0.8273015]
[2.69547906],[0.68493621],[1.50991506]
[3.59366561],[0.78859317],[2.10470571]
[3.86593162],[1.06432397],[2.8925621]
[4.28223591],[1.20851209],[3.60153225]
[4.5632422],[1.31088918],[4.35369499]
[4.95521715],[1.35727734],[4.98765857]
[4.97779286],[1.42961468],[5.44579625]
[5.45340559],[1.50410135],[6.13640216]
[5.57507943],[1.62443944],[6.66363795]
[5.86252882],[1.74229352],[7.60009244]
[5.92975207],[1.8106921],[8.17237955]
[6.42101724],[1.88064365],[9.10741791]
[6.4771659],[1.92113965],[9.74638807]
[6.92549769],[1.98037818],[10.63156246]
[7.07608463],[2.0338466],[11.32311914]
[7.43696041],[2.118854],[12.41747441]
[7.61857201],[2.18772529],[13.10566862]
[8.01578877],[2.27003741],[14.29298166]
[8.24859495],[2.35875593],[15.24188444]
[8.5761547],[2.43660343],[16.51395975]
[8.84824059],[2.47582401],[17.44649626]
[9.13621572],[2.52955005],[18.63328786]
[9.43197285],[2.5765472],[19.45337747]
[9.74931721],[2.63232501],[20.45658115]
[9.90657465],[2.68279473],[21.14680749]
[10.06726495],[2.7408222],[21.94164659]
[10.15397598],[2.7883454],[22.38958102]
[10.33820605],[2.83840507],[23.17963164]
[10.56119748],[2.88437916],[23.84383967]
[10.7054394],[2.93421101],[24.69282638]
[10.80809545],[2.95711637],[25.30627768]
[10.92056245],[2.98275701],[25.78150172]
[11.11206378],[3.00618823],[26.1329734]
[11.32620792],[3.01777147],[26.55389359]
[11.4400705],[3.02889801],[26.97907615]
[11.60967126],[3.05403468],[27.25753033]
[11.75829023],[3.01004673],[27.4019145]
[11.98513045],[2.96833415],[27.59858578]
[12.11756399],[2.92362562],[27.57405533]
[12.21145346],[2.86844987],[27.56761978]
[12.26011987],[2.81310851],[27.29746028]
[12.20244354],[2.75084424],[26.74131327]
[12.22042592],[2.69959564],[25.90416525]
[12.17188084],[2.65444388],[24.76753605]
[12.08465613],[2.61071244],[23.69183439]
[11.60714098],[2.56812128],[22.40047907]
[11.05306753],[2.52594793],[21.22317477]
[10.50776299],[2.49268589],[20.17501368]
[10.07774967],[2.43186387],[19.09042207]
[9.72435658],[2.34318744],[18.02044666]
[9.43704214],[2.23898774],[17.10191429]
[8.9334059],[2.11055],[15.68382883]
