meltWidth,meltDepth,meltArea
[0.],[0.],[0.]
[0.],[0.],[0.]
[0.],[0.],[0.]
[0.],[0.],[0.]
[0.],[0.],[0.]
[0.],[0.],[0.]
[0.],[0.],[0.]
[0.],[0.],[0.]
[0.],[0.],[0.]
[0.],[0.],[0.]
[0.],[0.],[0.]
[0.],[0.],[0.]
[0.],[0.],[0.]
[0.],[0.],[0.]
[0.],[0.],[0.]
[0.],[0.],[0.]
[0.],[0.],[0.]
[0.],[0.],[0.]
[0.],[0.],[0.]
[0.],[0.],[0.]
[0.],[0.],[0.]
[0.],[0.],[0.]
[0.],[0.],[0.]
[0.],[0.],[0.]
[0.],[0.],[0.]
[0.],[0.],[0.]
[0.],[0.],[0.]
[0.],[0.],[0.]
[0.],[0.],[0.]
[0.],[0.],[0.]
[0.],[0.],[0.]
[0.],[0.],[0.]
[0.],[0.],[0.]
[0.],[0.],[0.]
[0.],[0.],[0.]
[0.],[0.],[0.]
[0.],[0.],[0.]
[0.],[0.],[0.]
[0.],[0.],[0.]
[0.],[0.],[0.]
[0.],[0.],[0.]
[0.],[0.],[0.]
[0.],[0.],[0.]
[0.],[0.],[0.]
[0.],[0.],[0.]
[0.],[0.],[0.]
[0.],[0.],[0.]
[0.],[0.],[0.]
[0.],[0.],[0.]
[0.],[0.],[0.]
[0.],[0.],[0.]
[0.],[0.],[0.]
[0.],[0.],[0.]
[0.],[0.],[0.]
[0.],[0.],[0.]
[0.],[0.],[0.]
[0.],[0.],[0.]
[0.37606321],[0.05930086],[0.01042921]
[1.73421339],[0.33030436],[0.36042565]
[1.83103567],[0.38386743],[0.48712235]
[1.97857762],[0.46300656],[0.66395237]
[2.03926912],[0.57088885],[0.7867264]
[2.0945443],[0.58810615],[0.8215137]
[2.16991442],[0.60000881],[0.87206082]
[2.18545515],[0.61690126],[0.88570237]
[2.21964668],[0.63840081],[0.93567514]
[2.22869149],[0.65809904],[0.96296694]
[2.26886945],[0.67802123],[1.00490787]
[2.30259923],[0.68754253],[1.0362463]
[2.35347382],[0.69611425],[1.05803539]
[2.37904931],[0.69598938],[1.07852434]
[2.44066565],[0.69638564],[1.08926086]
[2.44051086],[0.69757992],[1.10047131]
[2.48999835],[0.69603262],[1.10844118]
[2.50607016],[0.69335108],[1.11515018]
[2.57567314],[0.69172363],[1.12034733]
[2.59504578],[0.69143113],[1.13416244]
[2.65391004],[0.69020986],[1.1386126]
[2.65185554],[0.68785796],[1.14708594]
[2.68382909],[0.68687245],[1.14601137]
[2.68663225],[0.69037439],[1.16305345]
[2.7056699],[0.69025955],[1.15538054]
[2.71479487],[0.6891844],[1.16804554]
[2.72799979],[0.68973434],[1.15858367]
[2.73178903],[0.68815693],[1.17138256]
[2.82496832],[0.69322693],[1.19902921]
[2.76885759],[0.68789028],[1.19112534]
[2.84601817],[0.68638324],[1.20346963]
[2.79033823],[0.68355953],[1.17089375]
[2.78505753],[0.68210982],[1.16940752]
[2.79732076],[0.68478835],[1.17389962]
[2.79689762],[0.68412768],[1.17330096]
[2.82001749],[0.68385941],[1.18023883]
[2.83394785],[0.68749365],[1.18765035]
[2.8428224],[0.68984912],[1.19581111]
[2.85147719],[0.69067808],[1.19420579]
[2.8504148],[0.68706439],[1.18169399]
[2.8250104],[0.68031221],[1.15929532]
[2.77779679],[0.66929835],[1.12920359]
[2.75661178],[0.65931244],[1.10440495]
[2.72349515],[0.64353805],[1.07064952]
[2.67662473],[0.63270033],[1.02700926]
[2.64359197],[0.62389642],[0.98872289]
[2.60390981],[0.6067247],[0.93568187]
[2.57867677],[0.59461172],[0.90567998]
[2.5101514],[0.57601966],[0.8712445]
[2.45388068],[0.55606658],[0.83488003]
[2.38415557],[0.53529967],[0.79574777]
[3.88249578],[0.3434836],[0.87452499]
[0.],[0.],[0.]
[0.],[0.],[0.]
[0.],[0.],[0.]
[1.10466498],[0.17715579],[0.09584075]
[1.8644989],[0.37112669],[0.47295893]
[2.00351965],[0.47483668],[0.68260668]
[2.13844413],[0.60094225],[0.8975883]
[2.23422637],[0.70767935],[1.06618863]
[2.29567528],[0.73428465],[1.14856223]
[2.35166135],[0.74896677],[1.20302813]
[2.36743492],[0.75794719],[1.22722345]
[2.4209887],[0.76633309],[1.26208464]
[2.44294031],[0.76654893],[1.28302925]
[2.50572347],[0.767319],[1.30993363]
[2.60352378],[0.76763193],[1.36328013]
[2.7279836],[0.76896837],[1.40593292]
[2.80142699],[0.77006584],[1.47010968]
[2.87596461],[0.77124351],[1.50065113]
[2.90365253],[0.77292691],[1.53320482]
[2.93737921],[0.77461913],[1.55493812]
[2.9563693],[0.77624481],[1.57784533]
[2.98854766],[0.778134],[1.60020865]
[3.00426021],[0.7803223],[1.61805239]
[3.02863232],[0.78265479],[1.64233481]
[3.0576791],[0.78364366],[1.65827584]
[3.05082018],[0.78300354],[1.66512495]
[3.09855643],[0.78169904],[1.67709304]
[3.05596795],[0.77855315],[1.66807512]
[3.11145816],[0.77648447],[1.6717978]
[3.07598209],[0.77425754],[1.66388891]
[3.11941639],[0.77211542],[1.66470092]
[3.10959712],[0.77209617],[1.6755949]
[3.13218488],[0.76871841],[1.66950598]
[3.11532667],[0.76694951],[1.67103742]
[3.1226732],[0.76477148],[1.643345]
[3.09201386],[0.76347734],[1.63047656]
[3.09208376],[0.76151968],[1.62385081]
[3.08593497],[0.75828776],[1.61362564]
[3.09018943],[0.755822],[1.61012171]
[3.09602408],[0.75269123],[1.60380875]
[3.09692008],[0.74978004],[1.59580485]
[3.09784855],[0.74796191],[1.58005928]
[3.09196567],[0.74703464],[1.5483123]
[3.05597464],[0.74421793],[1.50940676]
[3.01062447],[0.73794482],[1.46471365]
[2.98991297],[0.73005382],[1.43439408]
[2.96830697],[0.72117886],[1.40315939]
[2.94489794],[0.70974547],[1.37102442]
[2.91112389],[0.69856077],[1.33183734]
[2.88608768],[0.68729512],[1.28906619]
[2.86503121],[0.68306129],[1.25926477]
[2.83927155],[0.67066594],[1.22427228]
[2.82298629],[0.65800702],[1.19005544]
[2.8012814],[0.64362434],[1.1532568]
[5.46170226],[1.10216032],[3.60120572]
[2.85326098],[0.25420839],[0.40056875]
[0.],[0.],[0.]
[0.],[0.],[0.]
[1.54705183],[0.2427161],[0.2008027]
[1.94798244],[0.42983419],[0.56014958]
[2.10992364],[0.57130631],[0.83534727]
[2.25277897],[0.68085981],[1.06379279]
[2.33269208],[0.7853903],[1.22884722]
[2.39068198],[0.80341697],[1.31938922]
[2.4609659],[0.81086826],[1.37449896]
[2.48294679],[0.81257018],[1.41126614]
[2.5361377],[0.8122427],[1.42493476]
[2.63367543],[0.81212109],[1.47489912]
[2.76496353],[0.81468143],[1.51657723]
[2.86675565],[0.81628347],[1.58038435]
[2.95143852],[0.81810457],[1.63431013]
[3.00827153],[0.81804559],[1.67580299]
[3.0568179],[0.81778802],[1.71738841]
[3.0819452],[0.81794009],[1.73403414]
[3.10488963],[0.81775167],[1.76080973]
[3.12332674],[0.81795232],[1.77513476]
[3.14479253],[0.81857083],[1.79983509]
[3.21196186],[0.81932607],[1.82499119]
[3.18104685],[0.8201449],[1.83344703]
[3.29164464],[0.81980292],[1.86145781]
[3.23768126],[0.8197392],[1.86174362]
[3.33797081],[0.81830017],[1.88295513]
[3.25932339],[0.81570346],[1.86654158]
[3.37478],[0.81398497],[1.88375267]
[3.28450603],[0.81186956],[1.86156143]
[3.38526364],[0.81030795],[1.87564537]
[3.32242522],[0.80757211],[1.87120473]
[3.39488978],[0.80667902],[1.87987734]
[3.33111604],[0.80514434],[1.86650885]
[3.3840217],[0.80347624],[1.85832699]
[3.33520564],[0.80173869],[1.84134585]
[3.33866621],[0.79947899],[1.83774162]
[3.33738765],[0.7968553],[1.83126354]
[3.34028683],[0.79452834],[1.82866018]
[3.34775594],[0.79055931],[1.82293661]
[3.34973403],[0.78595761],[1.81453724]
[3.35295659],[0.78246407],[1.80176848]
[3.35798294],[0.7792296],[1.77530173]
[3.32940557],[0.77411199],[1.74003219]
[3.28194054],[0.7688631],[1.69490138]
[3.25010014],[0.76327872],[1.66043054]
[3.22415031],[0.75967127],[1.62719398]
[3.19706544],[0.75787094],[1.59663759]
[3.16361684],[0.75308989],[1.5586113]
[3.12979985],[0.74552965],[1.5193001]
[3.08815415],[0.73838272],[1.48157087]
[3.03335473],[0.72928781],[1.43522307]
[3.0098679],[0.71703666],[1.39961153]
[2.99240833],[0.70186578],[1.36327919]
[5.66424053],[1.6556733],[5.08687616]
[3.36768135],[0.68925207],[1.46402013]
[0.],[0.],[0.]
[0.],[0.],[0.]
[1.68837805],[0.27289726],[0.2707351]
[2.0284127],[0.51882049],[0.67627623]
[2.18430817],[0.6427221],[0.94672717]
[2.33860667],[0.73447206],[1.19504103]
[2.4433128],[0.81959726],[1.36324951]
[2.50908589],[0.83759111],[1.47153652]
[2.64945804],[0.84707564],[1.53366573]
[2.76905223],[0.84761889],[1.59897641]
[2.86139749],[0.84501508],[1.64586337]
[2.92747719],[0.84258443],[1.67932316]
[2.97825469],[0.84216619],[1.71853335]
[3.04802437],[0.84208882],[1.76055132]
[3.09567222],[0.84258689],[1.81388674]
[3.13395003],[0.84411659],[1.83917054]
[3.16767042],[0.84561519],[1.88670399]
[3.19326338],[0.84703596],[1.90017555]
[3.2070654],[0.84842708],[1.93229941]
[3.24643259],[0.84873877],[1.94910589]
[3.23058018],[0.84911737],[1.9576773]
[3.33220402],[0.84976406],[1.97867291]
[3.28459161],[0.84931642],[1.98531569]
[3.44554274],[0.84861944],[2.03402334]
[3.32928669],[0.84905887],[2.0140683]
[3.50874884],[0.84920938],[2.07471342]
[3.35516435],[0.8473845],[2.02285798]
[3.5334978],[0.84631979],[2.07908127]
[3.37871525],[0.8452597],[2.01823408]
[3.5385086],[0.84390964],[2.06698082]
[3.46768674],[0.84375542],[2.04930182]
[3.54426676],[0.84238798],[2.06959765]
[3.48457488],[0.8414476],[2.04781112]
[3.54085019],[0.83957305],[2.05039096]
[3.49067787],[0.83820274],[2.02079258]
[3.49103973],[0.83671784],[2.01770946]
[3.48650332],[0.83432495],[2.007902]
[3.48965416],[0.83240671],[2.005806]
[3.50025015],[0.82969448],[2.00270411]
[3.50497166],[0.82607599],[1.9954577]
[3.50625468],[0.82276115],[1.98048252]
[3.51348379],[0.81947652],[1.96906094]
[3.48098297],[0.81524886],[1.93867018]
[3.4356552],[0.80929747],[1.89248885]
[3.40042217],[0.80382866],[1.86071893]
[3.37555544],[0.79819949],[1.83118412]
[3.35562303],[0.79108577],[1.80229608]
[3.3326198],[0.78409335],[1.76439499]
[3.31545357],[0.78015622],[1.72993256]
[3.29499426],[0.7753533],[1.69807281]
[3.2640344],[0.77008406],[1.65875996]
[3.23093026],[0.76161061],[1.62122337]
[3.18775991],[0.74821064],[1.57469064]
[5.76869183],[1.6693241],[5.64993584]
[3.59416848],[1.24994731],[2.31656179]
[1.96535452],[0.58478719],[0.65551407]
[0.],[0.],[0.]
[1.72947077],[0.3195727],[0.34848427]
[2.19365087],[0.61031348],[0.8690212]
[2.31609135],[0.70554734],[1.11596417]
[2.4729437],[0.77692702],[1.37617067]
[2.55355126],[0.85540386],[1.51897728]
[2.63511477],[0.87423828],[1.62383177]
[2.86499304],[0.88214197],[1.73786883]
[2.99033662],[0.88227484],[1.79570816]
[3.04467368],[0.87969796],[1.85079442]
[3.10302249],[0.87734186],[1.8811162]
[3.12883454],[0.87537056],[1.91272091]
[3.18584956],[0.87347065],[1.95030919]
[3.21347337],[0.87229334],[1.9945707]
[3.25053798],[0.87302619],[2.02336836]
[3.26859457],[0.87391633],[2.06104166]
[3.29451561],[0.87471066],[2.07848395]
[3.29446177],[0.87517403],[2.09092564]
[3.34806475],[0.87562049],[2.10433321]
[3.30858133],[0.87695383],[2.10784914]
[3.53471796],[0.87766139],[2.18286133]
[3.37448822],[0.87848066],[2.15733818]
[3.59974329],[0.87920498],[2.24168242]
[3.43403971],[0.88026022],[2.19207567]
[3.64320697],[0.88102372],[2.28033102]
[3.46811176],[0.87964257],[2.20301851]
[3.64680991],[0.87846439],[2.28040082]
[3.51110845],[0.87721573],[2.20040991]
[3.65328986],[0.875817],[2.26084113]
[3.60057385],[0.87489715],[2.2365326]
[3.65559744],[0.8737365],[2.2514527]
[3.61091812],[0.87201307],[2.22671701]
[3.65363673],[0.86970004],[2.22952099]
[3.61439129],[0.86770094],[2.19698144]
[3.6096429],[0.86589341],[2.19127993]
[3.60466087],[0.86326836],[2.17931375]
[3.60688288],[0.86119305],[2.17641836]
[3.61354743],[0.85866272],[2.17183341]
[3.61680996],[0.85485508],[2.16289826]
[3.61430459],[0.85085802],[2.14465286]
[3.62234865],[0.84605249],[2.13257136]
[3.59624953],[0.8407059],[2.10295702]
[3.55502322],[0.83416054],[2.06196012]
[3.52200843],[0.82835234],[2.02678649]
[3.49573261],[0.82275067],[1.99270753]
[3.46299033],[0.81694538],[1.95889448]
[3.41948598],[0.81011871],[1.91983276]
[3.40442284],[0.80361098],[1.89045356]
[3.38717669],[0.79779781],[1.86047216]
[3.36428181],[0.79213264],[1.82526322]
[3.34749929],[0.78574339],[1.79621596]
[3.32279009],[0.77912322],[1.76154027]
[5.95116766],[1.6300746],[6.19721057]
[3.98637711],[1.23170357],[3.02877193]
[2.29718371],[1.0670064],[1.16629353]
[0.82550485],[0.39784598],[0.1587046]
[1.47906932],[0.27824083],[0.29839155]
[2.29813521],[0.65004966],[0.97350067]
[2.43054546],[0.73523201],[1.25360195]
[2.55923066],[0.8029843],[1.51525422]
[2.6449863],[0.88170291],[1.66177358]
[2.84291494],[0.89998327],[1.78020436]
[3.03543462],[0.90187758],[1.92019709]
[3.17030462],[0.89816743],[1.99359648]
[3.19811311],[0.89229359],[2.04736601]
[3.25307977],[0.88934249],[2.08396256]
[3.25793053],[0.88653483],[2.09980169]
[3.30191971],[0.88514155],[2.12609646]
[3.31550369],[0.88545148],[2.1689567]
[3.34779994],[0.88648841],[2.18817043]
[3.35296419],[0.8880561],[2.24336415]
[3.37729477],[0.88991771],[2.23876061]
[3.37286037],[0.89350195],[2.28305259]
[3.57808533],[0.89597958],[2.33904695]
[3.4485942],[0.90408743],[2.33434584]
[3.70207517],[0.90862379],[2.43863538]
[3.57169217],[0.91667076],[2.41466724]
[3.72963296],[0.91340412],[2.48814745]
[3.62135628],[0.9168707],[2.45607072]
[3.74934328],[0.91521506],[2.51026419]
[3.64123404],[0.91784959],[2.46752629]
[3.74637175],[0.90802547],[2.50169391]
[3.66381601],[0.90567365],[2.45455715]
[3.74843179],[0.89491869],[2.46252952]
[3.72879566],[0.89120701],[2.46150134]
[3.76451876],[0.88908128],[2.45610785]
[3.73530591],[0.88727864],[2.43425544]
[3.76144327],[0.88488174],[2.42295766]
[3.73333104],[0.88303015],[2.37997999]
[3.72179375],[0.88120167],[2.36603323]
[3.71546294],[0.87842212],[2.34593815]
[3.7155532],[0.87615364],[2.33664107]
[3.72052574],[0.87344952],[2.32752938]
[3.72295915],[0.86947378],[2.31605736]
[3.72135878],[0.86597422],[2.29608112]
[3.72751394],[0.86133836],[2.28211824]
[3.70859411],[0.85665002],[2.25053658]
[3.67477705],[0.85098361],[2.20938735]
[3.6489592],[0.84569122],[2.1786909]
[3.62571817],[0.83985926],[2.1451439]
[3.59766606],[0.83385276],[2.10922809]
[3.55777892],[0.82733195],[2.06647767]
[3.53022346],[0.82148105],[2.03071692]
[3.49131987],[0.81546093],[1.99252711]
[3.44035528],[0.80711228],[1.94779802]
[3.41976867],[0.79930329],[1.91789947]
[3.40389848],[0.79296013],[1.88515431]
[6.02984113],[1.65129357],[7.18660779]
[4.08948533],[1.28307384],[3.74545151]
[2.54935784],[1.07178725],[1.73545719]
[1.009022],[0.57224169],[0.26886021]
[1.05974726],[0.22475244],[0.11695007]
[2.2512396],[0.65587729],[0.98084315]
[2.47789443],[0.74954849],[1.34717834]
[2.58579959],[0.81994812],[1.57809017]
[2.69421597],[0.89180158],[1.72302451]
[2.90305106],[0.90264852],[1.84781256]
[3.08947594],[0.90411238],[1.9944275]
[3.23249329],[0.90136807],[2.06991311]
[3.25996688],[0.8969416],[2.14341594]
[3.29830478],[0.89452746],[2.13599626]
[3.31862658],[0.89214349],[2.20609474]
[3.34215681],[0.89292778],[2.21046495]
[3.36991416],[0.90060356],[2.30684396]
[3.41310542],[0.91051875],[2.30550848]
[3.41635461],[0.91786705],[2.38257183]
[3.55432072],[0.92338248],[2.39199961]
[3.49843223],[0.93334098],[2.43177894]
[3.71779344],[0.93793789],[2.50257914]
[3.64595319],[0.94553843],[2.5134047]
[3.80278021],[0.95229252],[2.58898829]
[3.70748783],[0.95917092],[2.57473941]
[3.8172388],[0.95806233],[2.63542786]
[3.74155092],[0.96008107],[2.60967853]
[3.82230426],[0.95938959],[2.64412432]
[3.75292194],[0.96162914],[2.61625559]
[3.81773657],[0.95217823],[2.63367046]
[3.7701791],[0.94905015],[2.60902753]
[3.82582602],[0.93754663],[2.60837008]
[3.81968146],[0.93629882],[2.61751408]
[3.84046442],[0.92415388],[2.60983619]
[3.820081],[0.92216077],[2.59093462]
[3.83358132],[0.91481323],[2.58275265]
[3.8140049],[0.90817841],[2.54218544]
[3.80064289],[0.90170813],[2.52855768]
[3.79600818],[0.89481736],[2.51033309]
[3.79432285],[0.8886],[2.49684473]
[3.79745766],[0.8853595],[2.48358063]
[3.80065051],[0.88077654],[2.46563658]
[3.80179171],[0.87529701],[2.43633205]
[3.80816896],[0.8701135],[2.40423528]
[3.79490227],[0.86518665],[2.36310145]
[3.76838521],[0.85944693],[2.31920403]
[3.74431236],[0.85447808],[2.28422846]
[3.72553972],[0.84970191],[2.25487269]
[3.70369922],[0.84472394],[2.2194371]
[3.66792842],[0.83879617],[2.17250654]
[3.63991496],[0.83267012],[2.132252]
[3.6050093],[0.82685075],[2.09161807]
[3.55467376],[0.81928658],[2.04110435]
[3.51594325],[0.8105447],[2.00561378]
[3.4765448],[0.80229099],[1.9733066]
[6.09254814],[1.70834209],[7.59233751]
[4.09992767],[1.3949829],[4.23236091]
[2.68933053],[1.22969681],[2.1772161]
[1.36811513],[0.75854736],[0.49139652]
[0.65480449],[0.16972141],[0.05419836]
[2.18076213],[0.65160594],[0.93595785]
[2.4856676],[0.75258858],[1.36675506]
[2.60045551],[0.82341364],[1.59870245]
[2.74844491],[0.88890953],[1.75740391]
[2.94101278],[0.90443741],[1.87923285]
[3.12702165],[0.91199325],[2.05304811]
[3.25861942],[0.91425841],[2.11708355]
[3.29589498],[0.91707312],[2.23734393]
[3.31855741],[0.92233704],[2.22560788]
[3.34283123],[0.92535655],[2.29535871]
[3.36518134],[0.92967593],[2.28357954]
[3.39042015],[0.93577538],[2.36171427]
[3.48750134],[0.94657761],[2.37223409]
[3.50108397],[0.94970554],[2.44600897]
[3.64654364],[0.95875053],[2.47298997]
[3.57764118],[0.96345721],[2.49326123]
[3.78100001],[0.97181897],[2.57558056]
[3.73486877],[0.97896633],[2.58602532]
[3.85342063],[0.98893419],[2.65660586]
[3.78311768],[0.99608046],[2.64174965]
[3.86133484],[0.99684769],[2.69622419]
[3.80517921],[0.99557102],[2.66925135]
[3.861746],[0.9975021],[2.6985206]
[3.8060986],[0.99662571],[2.66610335]
[3.85695329],[0.98886445],[2.68318214]
[3.8163096],[0.98181657],[2.65621665]
[3.86224244],[0.97315067],[2.65960105]
[3.86609458],[0.97183255],[2.67389234]
[3.88657431],[0.96157809],[2.67505419]
[3.88027798],[0.96021782],[2.66324793]
[3.88900405],[0.95368233],[2.65778986]
[3.87844918],[0.94773986],[2.62122164]
[3.86348036],[0.94157835],[2.60800091]
[3.85989212],[0.93411165],[2.59015725]
[3.85840587],[0.92722086],[2.57833124]
[3.86232825],[0.92050527],[2.56788436]
[3.8661214],[0.90918776],[2.54848012]
[3.86743201],[0.89291034],[2.51549725]
[3.87194498],[0.88701257],[2.48415736]
[3.86355498],[0.88159352],[2.44215375]
[3.84152516],[0.87426855],[2.39900951]
[3.81879933],[0.86811151],[2.36071123]
[3.7957911],[0.86270121],[2.31876958]
[3.76886087],[0.85660506],[2.2760573]
[3.72834446],[0.85017315],[2.23327215]
[3.69291364],[0.84491844],[2.19206618]
[3.65230203],[0.84013516],[2.15249857]
[3.5954016],[0.83380762],[2.10499956]
[3.53612635],[0.82570018],[2.06244221]
[3.47454338],[0.81744029],[2.02198546]
[6.05055232],[1.79343434],[7.63201714]
[4.03130258],[1.43664388],[4.13782081]
[2.64574474],[1.28428189],[1.93692513]
[1.47583005],[0.69665136],[0.43167645]
[1.06649632],[0.19436964],[0.12168062]
[2.28254894],[0.66803705],[1.02607532]
[2.50216572],[0.7661089],[1.4197275]
[2.59995841],[0.83836233],[1.63526954]
[2.72469949],[0.90218784],[1.78912511]
[2.92803735],[0.91740397],[1.90462266]
[3.13227016],[0.92309895],[2.10089786]
[3.26555303],[0.93533194],[2.16324649]
[3.30015933],[0.93913796],[2.30170418]
[3.32629053],[0.94063981],[2.28899743]
[3.35039996],[0.94475081],[2.36645183]
[3.40624746],[0.94596011],[2.36118276]
[3.42187666],[0.95187808],[2.42913477]
[3.52924226],[0.96049173],[2.44293837]
[3.54307318],[0.96666684],[2.50371146]
[3.66498587],[0.97236599],[2.52927151]
[3.6155003],[0.9859259],[2.55679626]
[3.79311428],[0.99026966],[2.63766414]
[3.74900591],[1.00112202],[2.64287154]
[3.85873966],[1.00982339],[2.71295879]
[3.79308029],[1.01706501],[2.6941467]
[3.85910305],[1.01616331],[2.74170075]
[3.79957401],[1.01578606],[2.71017842]
[3.85674497],[1.01678261],[2.74193018]
[3.80058004],[1.0125706],[2.70661935]
[3.85357502],[1.00941713],[2.73095042]
[3.81116391],[1.00251784],[2.70128358]
[3.85906703],[0.98869472],[2.70896061]
[3.86190113],[0.99207434],[2.7149005]
[3.88216984],[0.97427972],[2.71771045]
[3.87711666],[0.97340517],[2.70245717]
[3.88680724],[0.96671868],[2.70078439]
[3.87739369],[0.96058294],[2.66318696]
[3.8621842],[0.95458401],[2.65017562]
[3.85809469],[0.94806283],[2.63291547]
[3.8562372],[0.9418902],[2.62065431]
[3.86011173],[0.93566941],[2.61027158]
[3.86348562],[0.92373861],[2.59025437]
[3.86452627],[0.9067183],[2.55695002]
[3.86821417],[0.90161624],[2.52323559]
[3.86080585],[0.8961212],[2.48159589]
[3.83844297],[0.88888517],[2.43639513]
[3.8167346],[0.88277182],[2.39769396]
[3.79840549],[0.87736162],[2.35873264]
[3.77728278],[0.87130771],[2.31742516]
[3.74859211],[0.86408876],[2.27403204]
[3.72034447],[0.85805665],[2.23383354]
[3.68780238],[0.85279739],[2.19744353]
[3.63891888],[0.84623649],[2.1517298]
[3.58625165],[0.83925261],[2.11104269]
[3.53354924],[0.83138114],[2.07071384]
[6.26842891],[1.86693903],[8.01670729]
[4.26656067],[1.48336476],[4.41935936]
[2.88488119],[1.33868862],[2.13189651]
[1.72801668],[0.81666529],[0.56603542]
[1.21236033],[0.19658984],[0.20285047]
[2.28622613],[0.67457422],[1.06098884]
[2.50978809],[0.7786653],[1.4579705]
[2.60158792],[0.85012963],[1.66293417]
[2.71497719],[0.91138402],[1.81662544]
[2.94212308],[0.92669795],[1.93438947]
[3.16915096],[0.93548268],[2.16458915]
[3.29283553],[0.95597861],[2.24252167]
[3.32304844],[0.96263536],[2.38407415]
[3.34949842],[0.96158053],[2.37667856]
[3.3711001],[0.97058142],[2.45675252]
[3.45131472],[0.96688234],[2.4526668]
[3.47288523],[0.98199174],[2.52126983]
[3.57100064],[0.98497095],[2.53111912]
[3.5830531],[1.00172617],[2.58749007]
[3.72173838],[1.00450908],[2.63016734]
[3.65611832],[1.01986614],[2.63852753]
[3.83147705],[1.02436102],[2.73471099]
[3.79625896],[1.03277781],[2.74028858]
[3.87177841],[1.04325496],[2.79561031]
[3.82954655],[1.04279585],[2.79229524]
[3.86606167],[1.0475763],[2.82002604]
[3.83257063],[1.03786769],[2.80249381]
[3.87864349],[1.0462212],[2.83090269]
[3.83337017],[1.03506299],[2.79639846]
[3.88160338],[1.03930753],[2.82511284]
[3.84834471],[1.02573642],[2.79135037]
[3.89363794],[1.02329784],[2.80845549]
[3.89985545],[1.02414383],[2.80354421]
[3.91573381],[1.00279495],[2.81345833]
[3.91154685],[1.00546807],[2.7899054]
[3.91787721],[0.99476772],[2.79313508]
[3.91046391],[0.98389899],[2.75162875]
[3.89371958],[0.97492819],[2.7343755]
[3.8874152],[0.96809964],[2.71385055]
[3.8846344],[0.96145417],[2.69769409]
[3.88713883],[0.95543527],[2.68570851]
[3.89040068],[0.94512192],[2.6652386]
[3.8916392],[0.9284839],[2.63105169]
[3.8967925],[0.91155795],[2.5917827]
[3.89229038],[0.90739483],[2.54799286]
[3.87390626],[0.90076944],[2.49723976]
[3.85425149],[0.89458099],[2.45572822]
[3.83778031],[0.88906314],[2.41923901]
[3.81909405],[0.88293983],[2.38094521]
[3.79380266],[0.87568246],[2.33589441]
[3.77479317],[0.86958406],[2.29454888]
[3.7464166],[0.8642265],[2.2574968]
[3.70061604],[0.85648716],[2.21113635]
[3.65354292],[0.84992123],[2.17239573]
[3.61006371],[0.84346023],[2.13442321]
[6.39573575],[1.93226639],[8.39677596]
[4.43459861],[1.52791689],[4.55485203]
[2.9844829],[1.37656431],[2.21400823]
[1.84938123],[0.79164867],[0.6446194]
[1.32197572],[0.20940901],[0.25307871]
[2.31033917],[0.67545993],[1.09688971]
[2.51809747],[0.78848106],[1.4878445]
[2.60388432],[0.85807867],[1.68149227]
[2.73096951],[0.91744279],[1.84118931]
[2.99116024],[0.93150636],[1.97823758]
[3.20436739],[0.95287363],[2.22646662]
[3.31895081],[0.96994732],[2.31282454]
[3.34696152],[0.9873512],[2.4616333]
[3.3860118],[0.97541278],[2.44633589]
[3.39054214],[0.99534625],[2.52479672]
[3.49724512],[0.98347332],[2.51907568]
[3.5201376],[1.00416069],[2.582578]
[3.60858053],[1.00507139],[2.5869263]
[3.62377961],[1.02336733],[2.63882487]
[3.77269651],[1.02454661],[2.6991727]
[3.69945806],[1.03804543],[2.70113081]
[3.8621351],[1.04455499],[2.80245239]
[3.81269082],[1.04834346],[2.79211057]
[3.89246058],[1.06320668],[2.85568159]
[3.83672516],[1.0573563],[2.83752471]
[3.89532874],[1.06243557],[2.88443387]
[3.85328314],[1.05267976],[2.85693335]
[3.90606579],[1.0589608],[2.89321987]
[3.86309785],[1.0496464],[2.85782253]
[3.90738846],[1.05202734],[2.88545705]
[3.88268583],[1.04035891],[2.85815121]
[3.91750934],[1.0369014],[2.8690277]
[3.92783565],[1.03702823],[2.86468262]
[3.93925485],[1.02218531],[2.87085969]
[3.93817544],[1.02212294],[2.84344131]
[3.9414314],[1.0142155],[2.84924027]
[3.9382041],[1.00385839],[2.81179011]
[3.92344975],[0.99359312],[2.79642657]
[3.91961531],[0.98147693],[2.77609445]
[3.91833787],[0.97321876],[2.76159571]
[3.92406068],[0.96645995],[2.75194161]
[3.92815376],[0.95560698],[2.73229797]
[3.93019955],[0.93825129],[2.69610507]
[3.93619343],[0.92168304],[2.65587264]
[3.92321758],[0.91389018],[2.59574219]
[3.90609424],[0.90788386],[2.54357648]
[3.88900388],[0.90301989],[2.50021518]
[3.87495343],[0.89831974],[2.46312946]
[3.85847166],[0.89213911],[2.42548507]
[3.8355618],[0.88486539],[2.38171251]
[3.81607598],[0.87894394],[2.3389022]
[3.79412832],[0.87351821],[2.30019213]
[3.75393414],[0.86577986],[2.25375101]
[3.71489439],[0.85812253],[2.21558214]
[3.6781641],[0.85140646],[2.1797777]
[6.45184317],[1.98250613],[8.40870661]
[4.53087231],[1.55447193],[4.52879481]
[2.98593385],[1.39313183],[2.22902941]
[1.85116412],[0.77622486],[0.66101312]
[1.27412701],[0.19190246],[0.23404748]
[2.30851172],[0.66730292],[1.09363868]
[2.52828036],[0.79524582],[1.51339245]
[2.60416106],[0.86327583],[1.69402838]
[2.78547014],[0.92386721],[1.8794064]
[3.02725381],[0.93872986],[2.02102726]
[3.22869246],[0.97774976],[2.29397387]
[3.33963887],[0.99281074],[2.40539027]
[3.36290293],[1.01615556],[2.5359906]
[3.42651073],[1.00191969],[2.52650475]
[3.43439709],[1.02388194],[2.59133642]
[3.53542712],[1.01053695],[2.59015535]
[3.56060873],[1.02916523],[2.64884476]
[3.6654969],[1.02788581],[2.65918768]
[3.66254333],[1.04185657],[2.70525432]
[3.83722667],[1.04712623],[2.79892726]
[3.78346945],[1.05601809],[2.79432641]
[3.89172922],[1.06404839],[2.87637045]
[3.85549281],[1.06658148],[2.87207913]
[3.91959506],[1.07855339],[2.92992897]
[3.88485492],[1.07512071],[2.92310904]
[3.92393042],[1.07654584],[2.95739283]
[3.89613505],[1.07052177],[2.93927299]
[3.9315734],[1.07309404],[2.96534421]
[3.90222514],[1.06762715],[2.94035962]
[3.93090872],[1.06707692],[2.95476835]
[3.91640019],[1.05879776],[2.93354044]
[3.94027665],[1.05163332],[2.93586861]
[3.95467773],[1.05190932],[2.93355414]
[3.96099166],[1.03674174],[2.93678529]
[3.96297533],[1.03723184],[2.91309871]
[3.96225338],[1.0293003],[2.9106608]
[3.96185167],[1.02146611],[2.87181729]
[3.94717964],[1.0135317],[2.85683587]
[3.94369276],[1.00491838],[2.83996765]
[3.94221751],[0.99401221],[2.82432831]
[3.94694837],[0.98130739],[2.81163043]
[3.95057284],[0.96980304],[2.79157642]
[3.95275858],[0.95179172],[2.75668824]
[3.95748782],[0.9352511],[2.71705555]
[3.95846416],[0.92163255],[2.67026462]
[3.93808853],[0.91600692],[2.60624007]
[3.91545992],[0.91148026],[2.55278216]
[3.90084657],[0.90804463],[2.50757304]
[3.88712396],[0.9033215],[2.47053114]
[3.86704729],[0.89686706],[2.42959705]
[3.85210938],[0.89070998],[2.3890517]
[3.83436451],[0.88522554],[2.35010709]
[3.80605836],[0.87762005],[2.30254147]
[3.77362024],[0.86991247],[2.26538536]
[3.74162203],[0.86325389],[2.22927637]
[6.47552593],[1.96600286],[7.41731587]
[4.50663737],[1.54814012],[4.05979835]
[2.98781423],[1.3160455],[1.84291494]
[1.79116819],[0.63463962],[0.5398102]
[1.28143479],[0.20138331],[0.22502818]
[2.3269014],[0.67524473],[1.13036923]
[2.5448774],[0.80647436],[1.55716941]
[2.60325627],[0.87267037],[1.71447581]
[2.81182206],[0.93676037],[1.91659491]
[3.05048343],[0.95139692],[2.06319183]
[3.25736161],[1.00713334],[2.38855933]
[3.35482728],[1.01847334],[2.49191729]
[3.37045965],[1.04273242],[2.60586029]
[3.46682416],[1.02823686],[2.61522985]
[3.4772844],[1.04667843],[2.67252036]
[3.56610463],[1.03640885],[2.67057416]
[3.59337715],[1.04799924],[2.72195633]
[3.74069479],[1.04909312],[2.76533659]
[3.74056785],[1.05835494],[2.79559667]
[3.87293458],[1.06388037],[2.88867352]
[3.85440937],[1.07292694],[2.89848635]
[3.91266827],[1.07901305],[2.95614594]
[3.90054866],[1.08316829],[2.96258477]
[3.93993463],[1.09298267],[3.01039459]
[3.92321961],[1.09096197],[3.01106335]
[3.94366993],[1.09053858],[3.03548818]
[3.92954286],[1.08993224],[3.0324249]
[3.9494019],[1.09433953],[3.06058949]
[3.93469738],[1.09404503],[3.05818898]
[3.95277449],[1.09632027],[3.07266597]
[3.95773422],[1.08556197],[3.06210377]
[3.9721815],[1.0736105],[3.04933804]
[3.99847855],[1.06990206],[3.04182332]
[3.99794691],[1.05198086],[3.02943911]
[3.99999911],[1.05190762],[2.99830018]
[3.98873467],[1.04408498],[2.98720033]
[3.98728232],[1.03619785],[2.94798459]
[3.96974278],[1.02820638],[2.9273132]
[3.96636986],[1.01955442],[2.90658117]
[3.96451104],[1.01120916],[2.89235659]
[3.96692408],[1.00185408],[2.880267]
[3.96997864],[0.98348879],[2.85702719]
[3.97151591],[0.96503635],[2.81976288]
[3.97277191],[0.94830535],[2.77618542]
[3.97378736],[0.93292907],[2.73322215]
[3.95784978],[0.92506188],[2.66740136]
[3.93181782],[0.92052617],[2.60699701]
[3.90355362],[0.91676706],[2.54631117]
[3.88762993],[0.91236039],[2.49884229]
[3.86698114],[0.90694292],[2.45502205]
[3.8519741],[0.90263175],[2.41378861]
[3.83526712],[0.89787314],[2.3742317]
[3.81039713],[0.89073365],[2.32697999]
[3.78744051],[0.88319502],[2.2908328]
[3.76760935],[0.87709892],[2.26069201]
[6.50753469],[1.97698363],[7.29782625]
[4.45641869],[1.54861769],[3.88828292]
[2.92796133],[1.23967343],[1.72734773]
[1.7029265],[0.60142246],[0.51817011]
[1.30504462],[0.21125311],[0.23303287]
[2.33909484],[0.67919223],[1.14622021]
[2.56214846],[0.81640294],[1.58938134]
[2.61986981],[0.88060985],[1.74062128]
[2.8698155],[0.94629015],[1.96749884]
[3.1056904],[0.96199804],[2.13814846]
[3.29044846],[1.04319544],[2.4981467]
[3.39312566],[1.05476831],[2.59730998]
[3.40745323],[1.07060263],[2.71327438]
[3.50794364],[1.06492501],[2.73021135]
[3.52072738],[1.07211008],[2.7780901]
[3.62238182],[1.06671593],[2.78776172]
[3.66127675],[1.07342759],[2.84079996]
[3.82412065],[1.07405498],[2.91180914]
[3.82027879],[1.08654226],[2.93949409]
[3.91738601],[1.09500005],[3.03226405]
[3.90851028],[1.10677007],[3.05630473]
[3.94863338],[1.11737347],[3.11175507]
[3.96033297],[1.12342121],[3.14329436]
[3.98762848],[1.13753344],[3.19529738]
[3.99378427],[1.13676145],[3.21960733]
[4.00407204],[1.14331694],[3.25140297]
[4.01350658],[1.14053168],[3.26652853]
[4.01972109],[1.14870297],[3.29149219]
[4.02950717],[1.1457048],[3.3053604]
[4.02826593],[1.15164385],[3.30894629]
[4.04489678],[1.13869613],[3.30145183]
[4.04145446],[1.13181889],[3.27655652]
[4.09877322],[1.12765001],[3.26918213]
[4.07993291],[1.11032365],[3.24667619]
[4.10044684],[1.10538643],[3.21255565]
[4.05177681],[1.09395969],[3.17689601]
[4.06113991],[1.08247483],[3.12964268]
[4.03311802],[1.07081966],[3.0916948]
[4.02451122],[1.05808147],[3.0560284]
[4.01811753],[1.04602206],[3.02531291]
[4.01445347],[1.03271714],[2.99614087]
[4.0116726],[1.012843],[2.95901459]
[4.01069],[0.98236061],[2.90641426]
[4.00708313],[0.96688076],[2.85345177]
[4.00236012],[0.95231357],[2.80557656]
[3.99919718],[0.93465901],[2.75317736]
[3.98073948],[0.92655798],[2.691946]
[3.95902868],[0.92273943],[2.63635842]
[3.93276407],[0.91831787],[2.57716177]
[3.90845446],[0.91309794],[2.51966176]
[3.89653695],[0.90897756],[2.48099825]
[3.88431264],[0.90568605],[2.44499497]
[3.86520437],[0.90004591],[2.40141315]
[3.84517887],[0.89360878],[2.35680514]
[3.82881781],[0.88780338],[2.3224955]
[6.58855819],[1.990008],[7.2388554]
[4.46700737],[1.57042664],[3.7501511]
[2.82716006],[1.17205947],[1.62860992]
[1.55564668],[0.58241952],[0.47396712]
[1.25844964],[0.18580809],[0.19463938]
[2.32784821],[0.68194227],[1.13101591]
[2.57582142],[0.82416703],[1.61562975]
[2.62971777],[0.88682664],[1.75816722]
[2.91338994],[0.95470317],[2.01003273]
[3.15199008],[0.97801109],[2.2118186]
[3.31348807],[1.06553081],[2.57203256]
[3.42835696],[1.07871998],[2.69380032]
[3.449155],[1.0925518],[2.80487138]
[3.5450166],[1.08426064],[2.82192434]
[3.56123278],[1.09552874],[2.87763966]
[3.71719622],[1.10056334],[2.94082124]
[3.78054879],[1.11704959],[3.03552839]
[3.91102033],[1.12328435],[3.13174187]
[3.9510107],[1.13512499],[3.18342392]
[3.99188159],[1.14472795],[3.24458636]
[4.02036522],[1.15524658],[3.29207088]
[4.0310668],[1.16643414],[3.33454832]
[4.06763837],[1.17141153],[3.38595193]
[4.0631098],[1.18478822],[3.41738037]
[4.08816929],[1.183381],[3.45147144]
[4.07775803],[1.19105731],[3.48748116]
[4.11813745],[1.18779825],[3.50739291]
[4.12546471],[1.19660321],[3.54469316]
[4.17626153],[1.19315777],[3.56402727]
[4.18424398],[1.20100884],[3.58590595]
[4.23372481],[1.18794989],[3.58341158]
[4.24898256],[1.18366874],[3.57688361]
[4.34090519],[1.17797835],[3.57378282]
[4.31846794],[1.16207835],[3.53537719]
[4.35643024],[1.15755517],[3.50224951]
[4.26789995],[1.14624992],[3.43122058]
[4.29046824],[1.13517866],[3.38225008]
[4.19593039],[1.12406811],[3.31203543]
[4.13936808],[1.11232211],[3.26545466]
[4.12532665],[1.10114727],[3.22753709]
[4.11220334],[1.08924072],[3.18988416]
[4.10427259],[1.07111128],[3.14770822]
[4.09392894],[1.0393682],[3.08640859]
[4.077226],[1.00569998],[3.01104194]
[4.05843007],[0.97636838],[2.93654642]
[4.05041336],[0.95677182],[2.86858352]
[4.03711478],[0.93744902],[2.80433301]
[4.01786537],[0.93007705],[2.73897523]
[3.99254494],[0.92579849],[2.676649]
[3.96484646],[0.92056089],[2.61255333]
[3.93939185],[0.91665727],[2.55229492]
[3.92948462],[0.91327687],[2.51570187]
[3.9133529],[0.90755214],[2.4744305]
[3.89856943],[0.90157419],[2.43425863]
[3.88752081],[0.89758445],[2.39980037]
[6.69318126],[1.97173165],[6.88277681]
[4.58862554],[1.49777922],[3.38757393]
[2.69716678],[1.02913184],[1.42983546]
[1.44030534],[0.52653346],[0.41193051]
[1.28283567],[0.19666698],[0.1952631]
[2.34426592],[0.69580532],[1.16862381]
[2.58345213],[0.83619581],[1.64767391]
[2.62592631],[0.90142376],[1.78203936]
[2.97117323],[0.96601557],[2.06780951]
[3.18496102],[1.00136442],[2.29419839]
[3.33039586],[1.08727977],[2.64438739]
[3.46584315],[1.09874057],[2.79832994]
[3.49711004],[1.12332288],[2.92707225]
[3.66154104],[1.12810365],[3.00965245]
[3.72999822],[1.14630739],[3.11441187]
[3.85833948],[1.15529602],[3.20877544]
[3.93619998],[1.16813259],[3.30492144]
[4.00391938],[1.17538599],[3.38149162]
[4.05950189],[1.18436972],[3.43930307]
[4.06191343],[1.19574241],[3.47762436]
[4.13603393],[1.20373496],[3.54335044]
[4.17889186],[1.21690523],[3.60194714]
[4.25831987],[1.21945859],[3.67630955]
[4.28624823],[1.23431503],[3.73671376]
[4.32232518],[1.23039071],[3.78832901]
[4.3342258],[1.24072145],[3.83065551]
[4.36306309],[1.23474061],[3.86550561]
[4.38632978],[1.24767425],[3.89951395]
[4.40989953],[1.24038016],[3.92330773]
[4.42496067],[1.25241626],[3.93856083]
[4.44734602],[1.23615208],[3.93684611]
[4.46588358],[1.23593205],[3.92865075]
[4.51580959],[1.22667228],[3.91594343]
[4.51875939],[1.21527833],[3.87912884]
[4.53692491],[1.21024814],[3.84554249]
[4.50463174],[1.20097409],[3.77762226]
[4.50138655],[1.19171784],[3.73143601]
[4.46732383],[1.18307087],[3.66280456]
[4.43375143],[1.17405997],[3.61234345]
[4.42204264],[1.16560222],[3.57123373]
[4.40997112],[1.15668558],[3.52982192]
[4.40304871],[1.13887605],[3.47452071]
[4.38641833],[1.10973405],[3.3982211]
[4.34893261],[1.07820288],[3.30075752]
[4.29651003],[1.04471313],[3.20807388]
[4.21996516],[1.00599843],[3.10340133]
[4.13946154],[0.97903393],[3.01184737]
[4.0887596],[0.96041065],[2.93241256]
[4.07008658],[0.94481398],[2.85475684]
[4.04583928],[0.93616703],[2.77209528]
[4.01921813],[0.92926796],[2.69403485]
[3.98837459],[0.92400334],[2.61888388]
[3.94219935],[0.91771996],[2.53933087]
[3.9175847],[0.91210653],[2.49395471]
[3.89997881],[0.90817741],[2.46045546]
[6.92613548],[2.01302692],[7.24495155]
[4.81389995],[1.5656694],[3.52033968]
[2.79745081],[1.03121709],[1.46254531]
[1.44402939],[0.53710439],[0.42400804]
[1.33046625],[0.21610338],[0.2125421]
[2.35641878],[0.70899986],[1.18868576]
[2.59673425],[0.8469228],[1.67216584]
[2.64499159],[0.91207623],[1.81414153]
[3.04688806],[0.97667193],[2.14782817]
[3.22995303],[1.04061042],[2.43096957]
[3.3634929],[1.13353614],[2.82133991]
[3.57027194],[1.15842212],[3.04107211]
[3.6780521],[1.17891391],[3.20623725]
[3.83514725],[1.18811988],[3.31928572]
[3.91015062],[1.2021167],[3.42503925]
[3.97707021],[1.21414169],[3.50171091]
[4.05151989],[1.22287947],[3.59238524]
[4.08519408],[1.23361225],[3.66807414]
[4.25873716],[1.23802926],[3.7786862]
[4.30493763],[1.25417549],[3.84811421]
[4.3762849],[1.25709216],[3.93890134]
[4.41565141],[1.27497216],[4.00645695]
[4.45013662],[1.27496966],[4.07932766]
[4.47695962],[1.29094484],[4.15294683]
[4.49688179],[1.29342921],[4.20718064]
[4.51264401],[1.30155261],[4.25548538]
[4.52893566],[1.3096849],[4.29606925]
[4.55207299],[1.31690809],[4.33828703]
[4.56544874],[1.32517481],[4.36366675]
[4.58273228],[1.32697471],[4.39371429]
[4.59416025],[1.31082523],[4.39908493]
[4.6139154],[1.30103625],[4.40450961]
[4.64669666],[1.2894156],[4.40820855]
[4.67726513],[1.28308896],[4.37724902]
[4.68377185],[1.27547046],[4.33725199]
[4.70727735],[1.26698898],[4.27364271]
[4.67095297],[1.2602062],[4.21410382]
[4.68094125],[1.25438243],[4.14288672]
[4.64083271],[1.24632713],[4.07310265]
[4.63298777],[1.23862095],[4.02014023]
[4.62611904],[1.22995063],[3.97083474]
[4.622414],[1.21368794],[3.90304435]
[4.6142659],[1.18627104],[3.8111137]
[4.59023461],[1.15705736],[3.70067014]
[4.56181452],[1.12670731],[3.58074196]
[4.52435516],[1.09149607],[3.45201007]
[4.46943551],[1.05750076],[3.33882883]
[4.36953722],[1.02281327],[3.22285085]
[4.23271622],[0.98791258],[3.1052961]
[4.14592192],[0.96753877],[3.00380118]
[4.1251046],[0.95297519],[2.92287586]
[4.10865652],[0.94587423],[2.84311095]
[4.08231682],[0.9363349],[2.75781511]
[4.04779265],[0.92719395],[2.67314278]
[4.0114265],[0.91998552],[2.60149229]
[7.06575027],[2.06314216],[7.68041991]
[4.91746721],[1.68742788],[3.76213282]
[2.85823529],[1.08504543],[1.49224192]
[1.35853184],[0.54208965],[0.39994086]
[1.38047722],[0.23068857],[0.22498782]
[2.38474948],[0.71946589],[1.22580277]
[2.61604864],[0.86060387],[1.70827908]
[2.80171639],[0.93064934],[1.91322963]
[3.13534539],[0.99891921],[2.29184121]
[3.29975164],[1.09722016],[2.64231446]
[3.42081565],[1.18370047],[3.04423415]
[3.75370149],[1.21227323],[3.32323505]
[3.87762681],[1.22962528],[3.49452799]
[3.96273859],[1.24187833],[3.58601013]
[4.03723217],[1.25270455],[3.6919214]
[4.06865543],[1.2685936],[3.77883907]
[4.19593699],[1.27345947],[3.90194036]
[4.33805918],[1.2902631],[4.04781195]
[4.45397037],[1.29366799],[4.17635117]
[4.49675181],[1.30999979],[4.2529173]
[4.53736875],[1.32052851],[4.34243761]
[4.57252509],[1.33376547],[4.41725512]
[4.59642381],[1.34417807],[4.51321407]
[4.62189598],[1.3541905],[4.58901758]
[4.63574182],[1.36571231],[4.68526763]
[4.65606012],[1.37489986],[4.74045808]
[4.66775443],[1.384072],[4.81720346]
[4.71943423],[1.39235109],[4.86735514]
[4.70952502],[1.4010545],[4.91432834]
[4.78828362],[1.40522815],[4.95421114]
[4.76544207],[1.39016935],[4.96600397]
[4.85264847],[1.37619628],[4.97571224]
[4.86064792],[1.35873262],[4.98103262]
[4.97022672],[1.35055088],[4.9603601]
[4.93205047],[1.33973057],[4.88998163]
[5.06142585],[1.32946998],[4.86034968]
[4.91968259],[1.32155629],[4.75896554]
[4.98426143],[1.31500672],[4.69870858]
[4.88322109],[1.30848235],[4.61138279]
[4.86810336],[1.30298812],[4.55026962]
[4.85615348],[1.29484868],[4.48523679]
[4.84641296],[1.27930178],[4.40031528]
[4.83575204],[1.25344463],[4.27988506]
[4.80606741],[1.22640157],[4.13541177]
[4.76443788],[1.19611029],[3.96735782]
[4.71971213],[1.16121171],[3.81742781]
[4.68133135],[1.12872285],[3.6835142]
[4.63697413],[1.0958452],[3.55069057]
[4.57689675],[1.05959401],[3.42752192]
[4.47774863],[1.02266481],[3.29783042]
[4.35283311],[0.98710669],[3.16736623]
[4.21728848],[0.96722186],[3.05832006]
[4.19138129],[0.95746476],[2.96900123]
[4.17598312],[0.94890799],[2.89214329]
[4.15539343],[0.94079935],[2.82422225]
[7.16594544],[2.10741661],[8.01521686]
[5.0376618],[1.74432078],[3.90865438]
[2.96808453],[1.11478098],[1.55650064]
[1.42586911],[0.55298443],[0.40861739]
[1.31976664],[0.20745163],[0.18814939]
[2.39046461],[0.71982999],[1.24123002]
[2.62838038],[0.87523998],[1.74090953]
[2.8918277],[0.94464491],[1.99737389]
[3.17984872],[1.03578844],[2.45573108]
[3.32909101],[1.16113833],[2.82774428]
[3.54471251],[1.23315572],[3.26394519]
[3.83135255],[1.264721],[3.54772314]
[3.95810136],[1.2784726],[3.72598659]
[4.01753848],[1.29351974],[3.83440623]
[4.09103521],[1.30327663],[3.95916695]
[4.15526282],[1.33027208],[4.10077164]
[4.34579201],[1.34347204],[4.29124127]
[4.46348307],[1.36141027],[4.45893082]
[4.54572262],[1.37047779],[4.61914661]
[4.5936311],[1.38518262],[4.71835822]
[4.63011365],[1.40102187],[4.84228169]
[4.67023815],[1.41417983],[4.92413853]
[4.69360318],[1.42497695],[5.04251125]
[4.77095353],[1.43426316],[5.13342876]
[4.76091363],[1.44458275],[5.24719735]
[4.84748371],[1.45214954],[5.35420191]
[4.82159814],[1.46027181],[5.45188154]
[4.93168977],[1.46786637],[5.55984912]
[4.89211574],[1.47527041],[5.62178425]
[5.08433769],[1.47542224],[5.73380801]
[4.97781231],[1.46766364],[5.72266314]
[5.192326],[1.45558705],[5.83115607]
[5.20079284],[1.43476851],[5.83335367]
[5.3060948],[1.42833352],[5.88059177]
[5.34882524],[1.41335737],[5.81077056]
[5.41978424],[1.40040515],[5.73575996]
[5.41028615],[1.39024296],[5.60386981]
[5.37849174],[1.38167903],[5.497525]
[5.30053017],[1.37262884],[5.34400722]
[5.23807317],[1.3642187],[5.23034368]
[5.19899767],[1.35597547],[5.12085059]
[5.16935664],[1.34159042],[5.00308579]
[5.14369683],[1.31777302],[4.86619979]
[5.07765719],[1.29307632],[4.69984374]
[4.98427529],[1.26441022],[4.49332661]
[4.92120172],[1.23172512],[4.26741905]
[4.8792074],[1.20022409],[4.07016558]
[4.83077675],[1.16775053],[3.9107471]
[4.75020916],[1.13395239],[3.76209566]
[4.69324476],[1.09957216],[3.61591778]
[4.62544988],[1.06441138],[3.48261826]
[4.54044213],[1.02697347],[3.3561817]
[4.41186044],[0.9869975],[3.21222497]
[4.25471147],[0.97103547],[3.09955826]
[4.24027737],[0.96253465],[3.02756509]
[7.2497208],[2.09519443],[7.85988591]
[5.05013448],[1.72902715],[3.76102913]
[3.04734007],[1.06109781],[1.51596688]
[1.47173558],[0.53079936],[0.38606677]
[1.33478123],[0.21417558],[0.18960797]
[2.39696479],[0.73093623],[1.27731592]
[2.64690239],[0.89054143],[1.77642172]
[2.95858803],[0.95983055],[2.0809351]
[3.21101454],[1.06802684],[2.57787294]
[3.36295942],[1.22472857],[2.98671096]
[3.64720745],[1.27123653],[3.43615715]
[3.8936163],[1.31427106],[3.7355045]
[4.02069275],[1.32563909],[3.94969914]
[4.06349039],[1.34966893],[4.11154031]
[4.2049582],[1.36638122],[4.29494859]
[4.34615647],[1.39497971],[4.50064302]
[4.48153292],[1.40867383],[4.69955901]
[4.58014882],[1.42752164],[4.8756953]
[4.64206641],[1.43317347],[5.05440241]
[4.70588395],[1.45000928],[5.15885631]
[4.72079178],[1.46288816],[5.28312385]
[4.83434317],[1.47564463],[5.38409384]
[4.83024455],[1.48615496],[5.53868229]
[4.98013253],[1.49539644],[5.68692812]
[4.9075971],[1.50565527],[5.82912651]
[5.11901764],[1.51204341],[5.9862575]
[5.03566412],[1.51919027],[6.10501598]
[5.22584142],[1.52589591],[6.25171258]
[5.1844971],[1.53357346],[6.36746744]
[5.33062467],[1.53205013],[6.44262359]
[5.33192336],[1.52210354],[6.51846149]
[5.44905202],[1.51376566],[6.55715755]
[5.53460855],[1.49902571],[6.61497516]
[5.5898032],[1.48812556],[6.63070144]
[5.69214463],[1.47389299],[6.63342722]
[5.73881687],[1.46070161],[6.50989737]
[5.84853882],[1.45061269],[6.42471662]
[5.73547096],[1.44106187],[6.21919419]
[5.67980608],[1.43087713],[6.04500723]
[5.58977938],[1.42161382],[5.89781514]
[5.53571611],[1.41037588],[5.7599949]
[5.48603261],[1.39409159],[5.61167984]
[5.44020027],[1.36896624],[5.4442588]
[5.36613185],[1.34341658],[5.25174936]
[5.27541887],[1.31503211],[4.9998803]
[5.1962452],[1.28363893],[4.70510828]
[5.11906197],[1.25333114],[4.45454919]
[5.04426667],[1.22237118],[4.23662109]
[4.93177359],[1.1885034],[4.03907279]
[4.84117997],[1.15483965],[3.87721225]
[4.75686752],[1.12108393],[3.72818573]
[4.70461633],[1.08568579],[3.58950699]
[4.62961743],[1.04119512],[3.44845746]
[4.53559129],[1.00490738],[3.3247402]
[4.40810973],[0.98291453],[3.20224149]
[7.35969358],[2.12846212],[8.15337323]
[5.17915647],[1.75485669],[3.90091003]
[3.23758382],[1.07996392],[1.62287245]
[1.65578554],[0.54184624],[0.44219664]
[1.40738212],[0.2243498],[0.20444932]
[2.42930999],[0.74828857],[1.31825552]
[2.67891439],[0.90810015],[1.81970887]
[3.04715678],[0.99375505],[2.23226279]
[3.26699416],[1.1678385],[2.7851696]
[3.47496644],[1.30206574],[3.23353785]
[3.76243089],[1.34234392],[3.67987093]
[3.97720421],[1.36649199],[4.0096571]
[4.10178399],[1.38925091],[4.32262459]
[4.21601029],[1.41358329],[4.54119654]
[4.39488337],[1.44360432],[4.76355436]
[4.5102349],[1.46599567],[4.95180354]
[4.59997143],[1.47815515],[5.18166141]
[4.68338],[1.48956209],[5.35533826]
[4.73062353],[1.51103213],[5.59756167]
[4.87483954],[1.51933532],[5.74666476]
[4.87034319],[1.53142475],[5.92525]
[5.08940405],[1.5423213],[6.04259224]
[5.06430819],[1.55426621],[6.22162006]
[5.25361699],[1.56380286],[6.37141115]
[5.22798841],[1.57302271],[6.57364531]
[5.36926283],[1.5810159],[6.7168355]
[5.37632618],[1.59134756],[6.95245781]
[5.4920476],[1.59289509],[7.06076243]
[5.54337528],[1.59159218],[7.28351808]
[5.6273598],[1.58898456],[7.30312569]
[5.71063545],[1.5901945],[7.48206066]
[5.79452661],[1.58127077],[7.42497273]
[5.93470021],[1.55835687],[7.57066151]
[5.98649312],[1.54700853],[7.56257575]
[6.08617723],[1.53276212],[7.59180909]
[6.18022915],[1.51839849],[7.52558417]
[6.24032286],[1.50838945],[7.43399122]
[6.29764824],[1.49832356],[7.2812503]
[6.1871242],[1.48738477],[7.09122572]
[6.12083223],[1.47638526],[6.88746463]
[6.006949],[1.46448122],[6.67889706]
[5.92026155],[1.44668246],[6.45910983]
[5.82412727],[1.42091777],[6.19959168]
[5.67671919],[1.39382118],[5.91780646]
[5.57380584],[1.36387511],[5.63034732]
[5.47813545],[1.33221744],[5.27807324]
[5.38734521],[1.30418035],[4.93831936]
[5.30139169],[1.27539509],[4.67241065]
[5.20058271],[1.24389632],[4.42639373]
[5.06469661],[1.211729],[4.18320783]
[4.93074369],[1.17959516],[4.00526845]
[4.83264332],[1.14821665],[3.85449441]
[4.77673711],[1.11191989],[3.70120213]
[4.71677627],[1.07878229],[3.5740147]
[4.63897642],[1.02937463],[3.44681921]
[7.41857045],[2.15549279],[8.53064744]
[5.18962435],[1.80660905],[4.04713527]
[3.30747076],[1.11884653],[1.70345655]
[1.73350818],[0.54578672],[0.4798758]
[1.57741697],[0.25896789],[0.2656469]
[2.48485559],[0.77198855],[1.38179419]
[2.79670182],[0.92606275],[1.89998032]
[3.14894254],[1.0391736],[2.42474769]
[3.32662598],[1.24145522],[2.99798049]
[3.63179829],[1.36498318],[3.47171727]
[3.87116945],[1.41108152],[3.92109567]
[4.05416082],[1.43348494],[4.33444668]
[4.26295367],[1.45822133],[4.73706559]
[4.41685721],[1.48167876],[4.97515786]
[4.53781465],[1.51015246],[5.26630464]
[4.63412696],[1.53129729],[5.45437235]
[4.69629279],[1.5636156],[5.75765148]
[4.81024167],[1.59270709],[5.94333603]
[4.88290109],[1.61475962],[6.25403391]
[5.13399895],[1.62454482],[6.43039532]
[5.13137551],[1.63692507],[6.6729811]
[5.32549289],[1.64813415],[6.80637577]
[5.38868737],[1.66005133],[7.04814552]
[5.53045747],[1.67362708],[7.2119451]
[5.59033355],[1.69472714],[7.50490904]
[5.65941363],[1.7117572],[7.64802573]
[5.77073706],[1.73578658],[7.96535672]
[5.85862088],[1.75339236],[8.09272277]
[5.96619543],[1.76413615],[8.39009979]
[6.04182364],[1.76572194],[8.45217219]
[6.11076746],[1.77313328],[8.65394728]
[6.23679295],[1.77222344],[8.66672192]
[6.30797316],[1.74163481],[8.76035633]
[6.43329594],[1.70181816],[8.80628759]
[6.47750273],[1.66375588],[8.7658049]
[6.64259989],[1.62011266],[8.76393188]
[6.68465688],[1.59247062],[8.64859534]
[6.78477451],[1.56696781],[8.52279786]
[6.7183846],[1.55124183],[8.2835665]
[6.68606943],[1.5396885],[8.10229644]
[6.57524607],[1.52728408],[7.83396304]
[6.49787515],[1.5043601],[7.59253149]
[6.40246049],[1.47711688],[7.3123558]
[6.27532903],[1.44745144],[6.99837431]
[6.02663232],[1.4144001],[6.58663264]
[5.82172123],[1.37981686],[6.00940434]
[5.68244968],[1.34927256],[5.48873606]
[5.59284594],[1.31978186],[5.13106567]
[5.48195927],[1.29060578],[4.83085903]
[5.31425031],[1.25973182],[4.55195549]
[5.19229475],[1.22835928],[4.31337432]
[5.02695344],[1.195741],[4.10002644]
[4.91764543],[1.16272134],[3.94000982]
[4.85044754],[1.13172592],[3.80565586]
[4.80136338],[1.07895654],[3.66327227]
[7.48470377],[2.17978347],[8.80047058]
[5.2969805],[1.83897623],[4.19131285]
[3.41547707],[1.14101593],[1.8095401]
[1.84355323],[0.55211203],[0.53655641]
[1.61875932],[0.26229947],[0.26953447]
[2.52750553],[0.7850089],[1.42058609]
[2.92043446],[0.93980168],[1.99288667]
[3.21939386],[1.07813306],[2.60105922]
[3.40362565],[1.3046036],[3.21657444]
[3.73556699],[1.43053313],[3.69375724]
[3.94285891],[1.47834615],[4.17065516]
[4.14782546],[1.50125672],[4.67173168]
[4.40423735],[1.52144748],[5.1597311]
[4.54774194],[1.54479566],[5.46440749]
[4.63727079],[1.58072575],[5.84015487]
[4.72487083],[1.61813521],[6.00914995]
[4.78604764],[1.65680263],[6.3593783]
[4.99883998],[1.68804172],[6.56898211]
[5.15646746],[1.7130467],[6.95057828]
[5.35779551],[1.73035495],[7.19378456]
[5.44220237],[1.7560447],[7.49402129]
[5.5745565],[1.76640762],[7.65586272]
[5.72193547],[1.79373417],[7.95839798]
[5.890543],[1.80388509],[8.12844344]
[5.99994228],[1.8279294],[8.49077693]
[6.08419317],[1.83919825],[8.67081653]
[6.14900456],[1.86491706],[9.03861499]
[6.28823012],[1.87691253],[9.25956056]
[6.31971705],[1.89167073],[9.56371983]
[6.48516925],[1.89622595],[9.73887121]
[6.49019231],[1.91180534],[9.91670413]
[6.69320159],[1.90869568],[10.05386581]
[6.74620418],[1.89588404],[10.13819748]
[6.84199872],[1.86573723],[10.22952566]
[6.88863836],[1.84030218],[10.19696174]
[6.95971756],[1.80177248],[10.15056083]
[7.06139765],[1.77475571],[10.1031285]
[7.11225056],[1.74715682],[9.97346931]
[7.22831407],[1.71565204],[9.8016257]
[7.11593388],[1.68578964],[9.52689534]
[7.07876958],[1.6601609],[9.24697325]
[6.97131939],[1.63530963],[8.95647382]
[6.89438058],[1.60232287],[8.62785452]
[6.80399144],[1.53861385],[8.27410851]
[6.63774055],[1.47442031],[7.84717591]
[6.37853217],[1.43886875],[7.22024946]
[6.18840779],[1.40282995],[6.58098749]
[6.00664166],[1.37014241],[5.82932337]
[5.83175824],[1.3373592],[5.36424875]
[5.61564667],[1.30649104],[4.9846264]
[5.41254646],[1.27624387],[4.70529403]
[5.30630813],[1.24470214],[4.46116191]
[5.16558172],[1.21279579],[4.2194167]
[5.01316692],[1.18428084],[4.06374283]
[4.91790057],[1.13594099],[3.9089905]
[7.64831277],[2.16692925],[8.74442949]
[5.33622308],[1.76643629],[4.09738169]
[3.46907406],[1.1077962],[1.81865029]
[1.90904999],[0.55626645],[0.56600956]
[1.79925872],[0.30169792],[0.34411172]
[2.56186123],[0.80896545],[1.48050225]
[3.02408332],[0.95755346],[2.1061642]
[3.304355],[1.12255008],[2.80064978]
[3.47668027],[1.37172784],[3.4469122]
[3.82280293],[1.49608567],[3.94738655]
[4.00431619],[1.5436498],[4.47641322]
[4.28922881],[1.56565307],[5.01614256]
[4.51145005],[1.59329095],[5.68301354]
[4.64105742],[1.63474102],[6.04499032]
[4.70890046],[1.67395909],[6.43959924]
[4.84663229],[1.71301627],[6.62651796]
[4.88854036],[1.7552561],[6.95167901]
[5.21550639],[1.79080804],[7.26629711]
[5.34718053],[1.8209458],[7.63556996]
[5.54945421],[1.84453647],[7.98868309]
[5.7027074],[1.86838935],[8.3955579]
[5.88986677],[1.87784182],[8.60309291]
[6.06927881],[1.90478545],[9.00436018]
[6.25022903],[1.9131494],[9.23225469]
[6.33843596],[1.93683464],[9.61370589]
[6.53484821],[1.94623769],[9.8919044]
[6.55580541],[1.96931261],[10.23298221]
[6.73549964],[1.98590551],[10.57918146]
[6.75736341],[1.99937017],[10.91210026]
[6.86954096],[2.00994013],[11.1573062]
[6.90576496],[2.02055075],[11.39185346]
[6.99629915],[2.02114553],[11.52947921]
[7.11366948],[2.01014814],[11.69554607]
[7.15710685],[1.98869018],[11.74115851]
[7.3142041],[1.9683424],[11.82836335]
[7.37418433],[1.94120162],[11.78928388]
[7.51339252],[1.92124243],[11.80490867]
[7.55928064],[1.89992989],[11.69777192]
[7.6495613],[1.87673519],[11.54456841]
[7.63618672],[1.85428257],[11.26188583]
[7.60057498],[1.83310491],[10.99097469]
[7.51823554],[1.81116868],[10.62386481]
[7.42868325],[1.7852207],[10.23562279]
[7.35050888],[1.71777744],[9.85530939]
[7.14223606],[1.62816602],[9.36213555]
[6.92126573],[1.53550894],[8.67864982]
[6.73586169],[1.46514858],[7.88708374]
[6.56373263],[1.42745217],[7.0654409]
[6.373661],[1.39049343],[6.20919485]
[6.13944445],[1.35611285],[5.58989485]
[5.68407218],[1.3244175],[5.1380042]
[5.50351209],[1.29464687],[4.84557761]
[5.38812313],[1.26299482],[4.60266469]
[5.27888008],[1.22905612],[4.38283514]
[5.14535089],[1.18747988],[4.1751432]
[7.96904852],[2.19237617],[9.09568105]
[5.60071314],[1.82122422],[4.32612681]
[3.58326157],[1.13795045],[1.95416352]
[2.07737571],[0.58823953],[0.65541313]
[1.9320072],[0.34205186],[0.45902998]
[2.71540034],[0.83023177],[1.56674729]
[3.13571233],[0.98169158],[2.25263383]
[3.42918342],[1.20259124],[3.05515868]
[3.66117924],[1.43835061],[3.73044253]
[3.92156106],[1.55601285],[4.21696491]
[4.12730638],[1.60342693],[4.85000421]
[4.42911724],[1.62637476],[5.42866876]
[4.60665291],[1.68883083],[6.22409594]
[4.72404778],[1.72805206],[6.60057074]
[4.79242322],[1.76967886],[6.96887551]
[4.99053563],[1.80739674],[7.24081278]
[5.11107876],[1.84891911],[7.61389419]
[5.37155491],[1.88737234],[8.01321995]
[5.54728209],[1.92009983],[8.45297095]
[5.81087866],[1.94031293],[8.87691199]
[6.02925291],[1.96398752],[9.43311497]
[6.20231371],[1.97181073],[9.7299451]
[6.32970048],[1.99648252],[10.12192231]
[6.62120346],[2.00448058],[10.46912241]
[6.72016128],[2.02649753],[10.8488079]
[6.86260731],[2.04132138],[11.22274114]
[6.90630146],[2.06180613],[11.58376261]
[6.99770681],[2.08030125],[11.91871031]
[7.17588887],[2.08911568],[12.33551637]
[7.31677662],[2.10301335],[12.62475137]
[7.4595825],[2.10941293],[12.99188374]
[7.48506709],[2.11370275],[13.17766299]
[7.58279551],[2.10336316],[13.42788986]
[7.63409245],[2.08922962],[13.49284043]
[7.71486876],[2.07069896],[13.51849602]
[7.7758628],[2.05267155],[13.52409835]
[7.83504025],[2.03475605],[13.48553995]
[7.99856163],[2.01732231],[13.46775849]
[8.04491959],[1.99784403],[13.34637716]
[8.19586579],[1.9805991],[13.18822168]
[8.11181788],[1.9607581],[12.81492023]
[8.07020187],[1.94177945],[12.49603756]
[7.92484237],[1.92200498],[12.05861894]
[7.85606277],[1.86811203],[11.64429918]
[7.71541525],[1.79587007],[11.19149972]
[7.52081423],[1.70969199],[10.57348722]
[7.27458549],[1.6146655],[9.65162065]
[7.0683809],[1.52072122],[8.66245665]
[6.89599587],[1.45788454],[7.67716406]
[6.74926907],[1.41749307],[6.69945193]
[6.50560539],[1.38301729],[5.92456361]
[5.75396743],[1.35007045],[5.36884941]
[5.57943663],[1.31773578],[5.03610382]
[5.46492427],[1.28440124],[4.80009711]
[5.37020192],[1.24983565],[4.57249312]
[8.14757349],[2.22310056],[9.5236462]
[5.60132122],[1.91380983],[4.59086955]
[3.63988313],[1.19802318],[2.08444244]
[2.14006914],[0.61865054],[0.71485084]
[2.06342299],[0.39040555],[0.59036259]
[2.91810733],[0.85330384],[1.69019654]
[3.26362102],[1.01818164],[2.43441328]
[3.58150641],[1.27456189],[3.29609008]
[3.80609174],[1.49936333],[4.0103858]
[4.03086148],[1.60806868],[4.5156991]
[4.27909978],[1.65297682],[5.20250415]
[4.55011647],[1.69087257],[5.88642689]
[4.69493863],[1.79262775],[6.74034854]
[4.85204387],[1.82985373],[7.13543062]
[4.91068291],[1.87040879],[7.55894988]
[5.21002201],[1.90835272],[7.94973567]
[5.32293016],[1.95104155],[8.34803951]
[5.52188089],[1.98554318],[8.76742335]
[5.78050821],[2.01249906],[9.31477824]
[6.07957811],[2.0314179],[9.8366304]
[6.28377358],[2.05170738],[10.49418787]
[6.54433887],[2.06138949],[11.00570237]
[6.67247719],[2.0804577],[11.40616593]
[6.89076271],[2.09651895],[11.83870708]
[6.99388718],[2.11222136],[12.22770032]
[7.12131527],[2.13005773],[12.59448907]
[7.28094166],[2.1453915],[13.02669378]
[7.47594174],[2.1619479],[13.46339983]
[7.67493905],[2.16902576],[13.97107241]
[7.77512329],[2.1913289],[14.31296227]
[7.85293372],[2.2001818],[14.67870317]
[7.99630951],[2.20187342],[14.97305843]
[8.09469224],[2.19830741],[15.23998147]
[8.24540726],[2.25458607],[15.52232834]
[8.29532699],[2.22099153],[15.56633764]
[8.37183583],[2.18163985],[15.67072207]
[8.40945131],[2.13357812],[15.59885025]
[8.44819113],[2.11960937],[15.56078567]
[8.49134764],[2.10394254],[15.35514696]
[8.55970796],[2.08870459],[15.15677062]
[8.60435442],[2.07242517],[14.87834282]
[8.56641909],[2.05614851],[14.53040708]
[8.52143392],[2.03850181],[14.10135647]
[8.46022327],[1.99161774],[13.64973545]
[8.35250579],[1.93443902],[13.15478902]
[8.08608549],[1.87092171],[12.5339441]
[7.84138283],[1.80277456],[11.74715059]
[7.65416382],[1.71892723],[10.71653287]
[7.46662627],[1.62484595],[9.5425371]
[7.23971712],[1.51721175],[8.20703309]
[7.06110658],[1.44872881],[7.20323305]
[6.63529721],[1.41377145],[6.24598402]
[5.82004134],[1.37823017],[5.5759447]
[5.65902774],[1.34335542],[5.22746162]
[5.53841556],[1.30719186],[4.95434364]
[8.82294763],[2.28706694],[10.18836007]
[5.61927905],[1.95895168],[4.84584506]
[3.75718943],[1.246002],[2.22619992]
[2.26427667],[0.64935001],[0.79517013]
[2.13365457],[0.39981298],[0.65405313]
[3.06847258],[0.87354894],[1.78583663]
[3.38155868],[1.08920632],[2.63015752]
[3.71513174],[1.34139983],[3.52402579]
[3.91302774],[1.55087709],[4.26611961]
[4.14200514],[1.65261148],[4.82666771]
[4.43175394],[1.69121172],[5.55575865]
[4.65003875],[1.76388068],[6.28670903]
[4.77662923],[1.86335441],[7.12470645]
[5.00309935],[1.90251286],[7.64763361]
[5.09540118],[1.94800737],[8.13199299]
[5.34843652],[1.9893001],[8.59558519]
[5.47831861],[2.02936748],[9.04531046]
[5.6784249],[2.06433594],[9.50482837]
[6.03680578],[2.09087971],[10.19256809]
[6.30736923],[2.10626789],[10.8197584]
[6.57270451],[2.12340892],[11.53069271]
[6.83289394],[2.13988393],[12.19147833]
[6.94129659],[2.15613606],[12.65421409]
[7.10047375],[2.17140957],[13.09192181]
[7.33396646],[2.18748077],[13.61749054]
[7.51102819],[2.20581565],[14.08161805]
[7.67272263],[2.22849803],[14.59743092]
[7.79210565],[2.25283763],[14.99999719]
[7.95540396],[2.27169433],[15.5153787]
[8.28914233],[2.29547884],[16.09356581]
[8.4083753],[2.32840949],[16.50549644]
[8.51081469],[2.3740675],[17.00250393]
[8.57761684],[2.4338664],[17.32534174]
[8.61061811],[2.45944776],[17.59163687]
[8.67970135],[2.45367545],[17.74928261]
[8.70977076],[2.42280921],[17.8115381]
[8.95942634],[2.39254832],[17.89384985]
[9.0241716],[2.36143982],[17.78575932]
[9.1216626],[2.30444554],[17.77261138]
[9.14698382],[2.25948619],[17.48622848]
[9.13357409],[2.21312339],[17.28749773]
[9.09064968],[2.16911484],[16.82471917]
[9.06757931],[2.12895709],[16.36803474]
[8.92948018],[2.09527933],[15.7662451]
[8.79143079],[2.04277936],[15.18276323]
[8.58320206],[1.99581185],[14.51232206]
[8.45293196],[1.9298961],[13.84147515]
[8.25918933],[1.86483836],[12.9656611]
[7.98897392],[1.7960383],[11.80977187]
[7.76714748],[1.71213945],[10.3473723]
[7.64714415],[1.61153669],[8.95197175]
[7.47706409],[1.50255076],[7.7466647]
[6.77551439],[1.44520332],[6.65539175]
[6.03659112],[1.40911664],[5.90207991]
[5.73227949],[1.36927993],[5.46886936]
[9.43066095],[2.30084345],[10.57383895]
[5.67003479],[1.94882479],[4.84515207]
[3.83921],[1.2317214],[2.27073583]
[2.39851487],[0.65714824],[0.84306033]
[2.2427374],[0.44924714],[0.79295514]
[3.24868219],[0.91206203],[1.95311459]
[3.48215048],[1.18192799],[2.85752673]
[3.81327464],[1.41069138],[3.78503293]
[4.04545288],[1.60320801],[4.55360242]
[4.26796886],[1.69268416],[5.13941443]
[4.54962319],[1.72925943],[5.92717134]
[4.75983305],[1.83554729],[6.73499118]
[4.89049282],[1.92956061],[7.54155231]
[5.18640751],[1.96943758],[8.22261971]
[5.29026144],[2.01761604],[8.75600277]
[5.45506351],[2.05641398],[9.19932063]
[5.66185005],[2.09603015],[9.72018768]
[5.96034374],[2.12951361],[10.27869027]
[6.21734061],[2.15557891],[11.03088312]
[6.60606487],[2.17083601],[11.7844307]
[6.85234224],[2.18801417],[12.6027303]
[7.04641805],[2.20794431],[13.28919996]
[7.35838023],[2.23132619],[13.98540389]
[7.52457366],[2.254161],[14.53976768]
[7.7085226],[2.27580667],[15.13550002]
[7.83778411],[2.30030221],[15.61680153]
[7.96144035],[2.33049481],[16.13369213]
[8.27032368],[2.36155407],[16.78904976]
[8.44573139],[2.39661693],[17.36262624]
[8.63108581],[2.44680379],[17.98737461]
[8.72841308],[2.5053802],[18.43132211]
[8.77101211],[2.55505248],[18.82168232]
[9.03276856],[2.59072536],[19.26872982]
[9.12484515],[2.62061865],[19.5894699]
[9.25942819],[2.61884748],[19.92344041]
[9.32253108],[2.59235144],[20.03312679]
[9.37482601],[2.55879549],[20.17825727]
[9.41598695],[2.5271039],[20.09718688]
[9.423546],[2.49385624],[19.99587467]
[9.48900665],[2.46301664],[19.78067972]
[9.57103682],[2.42970247],[19.49364657]
[9.62558966],[2.39288041],[19.16164092]
[9.40592032],[2.35203108],[18.59295236]
[9.3758341],[2.3003601],[18.0608463]
[9.3021703],[2.25408157],[17.49239553]
[9.14471239],[2.20309784],[16.84324928]
[8.86714225],[2.11512614],[16.05746865]
[8.62197892],[1.99511212],[15.13341611]
[8.49872279],[1.91624283],[14.01628359]
[8.30831944],[1.85174691],[12.77686889]
[8.0581106],[1.77908971],[11.26887891]
[7.90589565],[1.69751859],[9.56336341]
[7.63218235],[1.58340513],[8.22081169]
[6.9285153],[1.47702885],[7.08608345]
[6.22835293],[1.43370343],[6.23946605]
[10.10407306],[2.35171169],[11.4413894]
[5.83787003],[1.99853962],[5.16613433]
[4.02265316],[1.27338854],[2.43188828]
[2.57281834],[0.69454327],[0.95745804]
[2.36360929],[0.50508139],[0.96555143]
[3.41287715],[0.9485517],[2.13885003]
[3.65773152],[1.27778472],[3.14622498]
[3.93473181],[1.47845052],[4.09925214]
[4.19510065],[1.65393292],[4.87727222]
[4.44884427],[1.7261723],[5.50281005]
[4.65863201],[1.76054149],[6.34714372]
[4.90629763],[1.90362558],[7.20821561]
[5.05683224],[1.98993409],[8.01138162]
[5.34025572],[2.0322991],[8.76927916]
[5.43447588],[2.07896529],[9.36495345]
[5.62039955],[2.11656964],[9.83367672]
[5.9327188],[2.15602471],[10.47751945]
[6.20141879],[2.18640471],[11.1706798]
[6.45789219],[2.22565107],[11.95993168]
[6.85989329],[2.25702398],[12.87696007]
[7.10455039],[2.29180704],[13.69262145]
[7.46311204],[2.30573339],[14.5824724]
[7.7285654],[2.34121435],[15.45146396]
[7.87888376],[2.35501441],[16.02211935]
[7.99859958],[2.38965258],[16.61435827]
[8.32885226],[2.42595118],[17.39447329]
[8.4682391],[2.47861897],[17.97308709]
[8.63608436],[2.52364663],[18.59384212]
[8.75693369],[2.57292016],[19.19104976]
[8.86706171],[2.61771142],[19.70474715]
[9.20961939],[2.67515714],[20.39735179]
[9.38319423],[2.72484134],[20.89685964]
[9.46876701],[2.76209618],[21.43452642]
[9.52653598],[2.79388317],[21.76933041]
[9.55284386],[2.79394374],[22.07032587]
[9.62720634],[2.78969632],[22.23604528]
[9.68266379],[2.75662602],[22.27334721]
[9.92885236],[2.71775511],[22.48265549]
[10.00816977],[2.6825835],[22.35309054]
[10.08257796],[2.64327582],[22.31075498]
[10.12649284],[2.6052985],[22.00397924]
[10.11577152],[2.56782703],[21.7232468]
[10.07354977],[2.52695961],[21.19431744]
[9.95954195],[2.4884852],[20.67552249]
[9.86018883],[2.45092348],[20.00928446]
[9.7145375],[2.4133095],[19.21812391]
[9.5613407],[2.37034089],[18.48396287]
[9.21955638],[2.25889334],[17.47711529]
[8.96000316],[2.08356561],[16.38333706]
[8.67570047],[1.95862681],[15.14719635]
[8.56144081],[1.8986874],[13.85505662]
[8.43245704],[1.83636986],[12.19208782]
[8.26562053],[1.75945701],[10.39321309]
[7.69370489],[1.67268989],[8.81953793]
[6.92731981],[1.55854426],[7.53211732]
[10.72196847],[2.39154233],[12.5848792]
[5.93943705],[2.04459251],[5.47652641]
[4.04937511],[1.34603926],[2.59552133]
[2.59501266],[0.75907209],[1.03842101]
[2.45794165],[0.56045926],[1.13426538]
[3.43028261],[0.99446309],[2.3175142]
[3.79537875],[1.34767166],[3.40008897]
[4.0533481],[1.53230238],[4.38139188]
[4.33927248],[1.69367589],[5.20275783]
[4.58527009],[1.75561879],[5.86914219]
[4.78022516],[1.81368954],[6.85562596]
[5.07962367],[1.97499458],[7.72605448]
[5.25881656],[2.05482617],[8.55235414]
[5.45215326],[2.09626264],[9.33167484]
[5.60056634],[2.13920463],[10.02681119]
[5.83164201],[2.17574718],[10.60924013]
[6.14721663],[2.2119835],[11.35997075]
[6.49818214],[2.25617591],[12.15806229]
[6.825411],[2.31584407],[13.04742319]
[7.09332722],[2.34261197],[13.90161542]
[7.48972267],[2.38575374],[14.96990734]
[7.78576252],[2.39885716],[15.92761752]
[8.01066721],[2.44674892],[16.84044431]
[8.35901454],[2.49740704],[17.73448887]
[8.49036144],[2.55107376],[18.37548788]
[8.66565346],[2.59402796],[19.11984765]
[8.77516022],[2.65274325],[19.75217468]
[8.88336943],[2.68422469],[20.33014544]
[9.2103126],[2.74441518],[21.10079463]
[9.44015787],[2.79579973],[21.80566619]
[9.55742278],[2.84893385],[22.52622426]
[9.67818018],[2.8985886],[23.03767324]
[9.77147437],[2.93947037],[23.49117502]
[9.99088849],[2.97152712],[24.02289652]
[10.10424481],[2.99391021],[24.4307345]
[10.22175772],[3.00511091],[24.81306478]
[10.29196701],[3.00134577],[24.93614829]
[10.31236719],[2.95662547],[25.06056608]
[10.40656957],[2.91327903],[24.96462769]
[10.47914169],[2.87049747],[24.75592991]
[10.5908487],[2.82482595],[24.52456636]
[10.70410273],[2.77719068],[24.18611396]
[10.78527252],[2.72609568],[23.80142331]
[10.74561213],[2.68006407],[23.22621953]
[10.53894838],[2.63956843],[22.57652686]
[10.36120074],[2.59913924],[21.8210635]
[10.1379521],[2.56032724],[21.047722]
[9.83107556],[2.48645385],[20.14048836]
[9.57383224],[2.38877327],[19.10962723]
[9.28391001],[2.17738486],[17.59505832]
[9.02597366],[2.00641314],[16.21001605]
[8.73629387],[1.95449824],[14.82642389]
[8.65419871],[1.89347665],[12.952294]
[8.45517521],[1.83070889],[11.13235461]
[7.73069365],[1.75372399],[9.40111946]
[11.44429378],[2.46481893],[14.30263953]
[8.47233254],[2.09203916],[6.2529665]
[4.12547162],[1.41022085],[2.80148409]
[2.66254437],[0.81233802],[1.13372582]
[2.46647595],[0.57124719],[1.20203191]
[3.42504895],[1.04364356],[2.39578396]
[3.87466062],[1.38307046],[3.52090098]
[4.11794388],[1.55630819],[4.52235526]
[4.4282582],[1.71219111],[5.37997912]
[4.66950666],[1.77658548],[6.0970554]
[4.84764127],[1.87347449],[7.13533802]
[5.18338116],[2.0165065],[8.04297889]
[5.35953195],[2.096571],[8.92263522]
[5.5326659],[2.13685612],[9.71635778]
[5.74237646],[2.18132597],[10.47684003]
[6.02770764],[2.21874747],[11.19911028]
[6.34070727],[2.28167329],[11.98827237]
[6.75047923],[2.33694906],[12.94951089]
[7.01191966],[2.40623842],[13.84660776]
[7.30528213],[2.43143115],[14.80725053]
[7.72093475],[2.51973069],[16.07585249]
[7.96975988],[2.54184729],[17.07211146]
[8.33569246],[2.63138991],[18.16557309]
[8.61419124],[2.646638],[19.20300404]
[8.72996028],[2.71600421],[19.92023846]
[8.83311428],[2.73426507],[20.5923849]
[9.12997186],[2.79305278],[21.39049347]
[9.37843177],[2.84892311],[22.19217972]
[9.52868156],[2.9119806],[23.04921081]
[9.67987898],[2.96584945],[23.72567472]
[9.73794434],[3.02378976],[24.37602818]
[10.13177351],[3.07623171],[25.20010445]
[10.30951295],[3.13041535],[25.83261641]
[10.38908577],[3.15841587],[26.41925271]
[10.47651044],[3.19881701],[26.83649634]
[10.55632719],[3.21730838],[27.21370547]
[10.68957768],[3.21601413],[27.47169505]
[10.79318585],[3.18382468],[27.60224772]
[10.91404354],[3.1521214],[27.95525141]
[11.07042606],[3.11759077],[27.97292604]
[11.17643998],[3.07762487],[27.82451154]
[11.321609],[3.02920639],[27.62044571]
[11.46940581],[2.97962772],[27.32248117]
[11.547023],[2.92966329],[26.73818083]
[11.56668329],[2.87914463],[26.07808236]
[11.34338186],[2.82773249],[25.21920414]
[11.1543922],[2.78007934],[24.14316702]
[10.92398943],[2.7329726],[23.16560342]
[10.42308494],[2.65812889],[21.82317137]
[9.80720972],[2.51275025],[20.44170982]
[9.50157046],[2.31834378],[19.12113086]
[9.35897786],[2.08919552],[17.50284753]
[9.1429299],[1.9986237],[15.68921667]
[8.83944536],[1.94341682],[13.81679147]
[8.5286082],[1.88166099],[11.76352203]
[11.9726143],[2.49563115],[15.84581336]
[8.93613773],[2.08272161],[6.70532564]
[4.1468983],[1.38953591],[2.80209274]
[2.6579586],[0.81315188],[1.13986771]
[2.47384709],[0.6209657],[1.31739482]
[3.41484454],[1.10943895],[2.52921785]
[3.95339812],[1.41954474],[3.67104777]
[4.1736123],[1.58310042],[4.69160009]
[4.50234856],[1.73098707],[5.56824871]
[4.75091334],[1.80185672],[6.33957227]
[4.91050242],[1.9220294],[7.42031103]
[5.27769302],[2.05063147],[8.35152184]
[5.47748791],[2.12903457],[9.28524174]
[5.60968517],[2.16805964],[10.05769298]
[5.94117902],[2.21225991],[10.9249301]
[6.22398888],[2.26467883],[11.68869883]
[6.52129585],[2.32930535],[12.53497349]
[6.92343104],[2.38651337],[13.55643257]
[7.21057292],[2.47571226],[14.49976287]
[7.56394097],[2.51474644],[15.57159587]
[7.86462694],[2.61669521],[16.84728854]
[8.20553025],[2.63404455],[17.94849658]
[8.558954],[2.72511882],[19.15879162]
[8.75686768],[2.75064613],[20.13869394]
[8.88785203],[2.81162585],[20.98249924]
[9.15823362],[2.85799721],[21.72481146]
[9.39561944],[2.92222858],[22.77103157]
[9.5767262],[2.98848644],[23.58932711]
[9.66776609],[3.06670888],[24.43466293]
[9.84042283],[3.12835737],[25.17470767]
[10.04422328],[3.19727115],[25.99112096]
[10.35284792],[3.26591379],[27.02184705]
[10.49378789],[3.32323505],[27.65658241]
[10.59382237],[3.34665175],[28.27661503]
[10.73319281],[3.3770878],[28.72683907]
[10.84274329],[3.38371144],[29.19709781]
[10.9696661],[3.38801093],[29.81815935]
[11.11869034],[3.35287831],[30.17682732]
[11.21261862],[3.32014072],[30.3741764]
[11.40301443],[3.29473156],[30.65153615]
[11.56135009],[3.27016179],[30.87778932]
[11.67519256],[3.23975425],[30.85039395]
[11.84971226],[3.20471656],[30.70308541]
[11.9553944],[3.17018454],[30.2673015]
[12.05227897],[3.13265372],[29.63312861]
[11.99191153],[3.0857456],[28.66443331]
[11.82935756],[3.03576665],[27.61251769]
[11.64881271],[2.98396566],[26.44003948]
[11.26550469],[2.92031938],[25.031024]
[10.67590242],[2.80174167],[23.38455163]
[10.08185902],[2.62300115],[21.4165248]
[9.58070323],[2.40652385],[19.92174443]
[9.42258663],[2.16851824],[18.13823219]
[9.28793928],[2.03627268],[16.14659874]
[8.76635821],[1.98310271],[14.25391519]
[12.54036131],[2.52328941],[18.36855699]
[9.5065827],[2.12210825],[7.68385123]
[4.26435365],[1.44435454],[2.96784436]
[2.71943047],[0.85021028],[1.22216125]
[2.50077903],[0.65753821],[1.4482707]
[3.42905458],[1.17276426],[2.67206217]
[4.04187553],[1.45371064],[3.85085581]
[4.24559168],[1.61085229],[4.88613192]
[4.60464167],[1.74838173],[5.78744993]
[4.85041382],[1.82555322],[6.62920339]
[4.99021346],[1.967854],[7.72899985]
[5.39549929],[2.08456245],[8.71054189]
[5.60252611],[2.15834582],[9.65953369]
[5.71467519],[2.19860447],[10.39975202]
[6.1033015],[2.25199456],[11.39540795]
[6.42750361],[2.30867727],[12.20715549]
[6.7522481],[2.37868767],[13.13213393]
[7.06729468],[2.43583877],[14.13685935]
[7.43781612],[2.57848302],[15.25564064]
[7.77018027],[2.60629504],[16.41048777]
[7.99110241],[2.7052231],[17.62539454]
[8.46001218],[2.73380086],[18.93159712]
[8.71023694],[2.79826664],[20.09934155]
[8.91151248],[2.84730746],[21.07406028]
[9.21836618],[2.90169197],[22.09082778]
[9.43561077],[2.95538697],[22.96724877]
[9.56717786],[3.01176903],[23.94939306]
[9.71045008],[3.07806747],[24.69817856]
[9.77524685],[3.15811711],[25.56202309]
[10.20333912],[3.24149491],[26.59523625]
[10.34990569],[3.32173881],[27.55361753]
[10.4929999],[3.39851557],[28.44976464]
[10.7092167],[3.45687623],[29.12639497]
[10.87215361],[3.4744248],[29.70914539]
[10.99592995],[3.50273188],[30.44815004]
[11.14890633],[3.51142027],[31.07986911]
[11.22939268],[3.51687011],[31.57534572]
[11.43104933],[3.48292452],[32.06102009]
[11.58674067],[3.44068094],[32.63189184]
[11.73041198],[3.40819521],[32.92681906]
[11.92299642],[3.37938013],[33.07159579]
[12.02964324],[3.34796766],[33.12499428]
[12.17352228],[3.31289717],[33.03357071]
[12.33437004],[3.28273873],[32.88794559]
[12.44683286],[3.25147505],[32.48649415]
[12.55760906],[3.21626474],[31.70914685]
[12.42525532],[3.18504927],[30.54006507]
[12.3045049],[3.15264334],[29.34007782]
[12.0102872],[3.11477895],[27.95646]
[11.38743892],[3.02272182],[26.13176852]
[10.78977707],[2.84541957],[23.906948]
[10.21463896],[2.62475141],[21.86449356]
[9.6461051],[2.40094233],[19.89555462]
[9.48455833],[2.16778274],[17.94918193]
[9.19903516],[2.03311265],[15.83464861]
[13.0164617],[2.54164477],[21.18324428]
[9.98928163],[2.1675897],[8.86080028]
[4.31247103],[1.51978971],[3.13582877]
[2.70600662],[0.9064711],[1.27258345]
[2.52970757],[0.69983674],[1.5526193]
[3.44367109],[1.21529955],[2.79563247]
[4.13120039],[1.48171832],[4.03244534]
[4.35396695],[1.63640919],[5.07885668]
[4.70890453],[1.76535225],[6.01297383]
[4.95054037],[1.85390943],[6.95404773]
[5.13862324],[2.0233753],[8.08345186]
[5.51428459],[2.12176841],[9.10107088]
[5.72016047],[2.19249026],[10.04929056]
[5.89031218],[2.23124304],[10.81782322]
[6.26235988],[2.30039365],[11.88776842]
[6.64312881],[2.35384408],[12.8106554]
[6.94008612],[2.42893128],[13.80313077]
[7.25122467],[2.5231692],[14.82300921]
[7.66564524],[2.6597381],[16.12702637]
[7.9190997],[2.68821051],[17.24183601]
[8.16920872],[2.78038395],[18.4895787]
[8.63599039],[2.83496237],[19.89700206]
[8.83140745],[2.89229937],[21.08270757]
[9.22520707],[2.94325721],[22.13419301]
[9.44844095],[2.99767357],[23.36847943]
[9.61177522],[3.05629897],[24.18714159]
[9.71219714],[3.1122595],[25.10314831]
[10.00386894],[3.17046047],[25.95112431]
[10.16983933],[3.28539945],[26.99032518]
[10.41608294],[3.37740867],[28.13476283]
[10.53179848],[3.45999314],[29.12017823]
[10.71294853],[3.53497252],[29.84751894]
[10.93539727],[3.5882572],[30.66610753]
[11.17066618],[3.60054623],[31.45313512]
[11.26220765],[3.6244282],[32.18598189]
[11.45551216],[3.63708438],[32.75384068]
[11.59934162],[3.64026133],[33.41982596]
[11.7529371],[3.61515697],[34.15729731]
[11.9554122],[3.56429009],[34.6387349]
[12.07272309],[3.52360067],[34.97194999]
[12.25504396],[3.49283671],[35.35870479]
[12.40365746],[3.46363885],[35.52811143]
[12.51044294],[3.42644649],[35.57740769]
[12.69322125],[3.39293722],[35.45209212]
[12.84540134],[3.35963305],[35.23310681]
[12.97697311],[3.32357027],[34.66315595]
[13.06258562],[3.29214285],[33.72210015]
[12.87500857],[3.2640185],[32.49256653]
[12.67866529],[3.23475766],[31.08900722]
[12.1068978],[3.17320763],[29.29011604]
[11.49206245],[3.06508914],[26.97395912]
[10.8682425],[2.82110508],[24.2205667]
[10.27026699],[2.5768454],[21.78757231]
[9.73824054],[2.35570732],[19.68672802]
[9.46762427],[2.12214768],[17.50676905]
[13.52942295],[2.61638587],[25.05084731]
[10.52699123],[2.19878396],[11.56588979]
[4.44781266],[1.58838468],[3.45624601]
[2.73479219],[0.94786792],[1.3422617]
[2.53843757],[0.7107924],[1.60299797]
[3.44366965],[1.24195742],[2.86939976]
[4.20993354],[1.50423074],[4.16831585]
[4.44985761],[1.65533867],[5.24203304]
[4.79598223],[1.78437282],[6.22324014]
[5.0465022],[1.8767296],[7.22963544]
[5.28730927],[2.06254534],[8.37868561]
[5.61346709],[2.15063378],[9.41939228]
[5.85681047],[2.2216328],[10.3947137]
[6.05762591],[2.25960809],[11.26542642]
[6.42359354],[2.35898954],[12.37200098]
[6.82916866],[2.41182957],[13.41152649]
[7.0971392],[2.53601836],[14.43441372]
[7.43842195],[2.62908421],[15.57037369]
[7.82195488],[2.74982441],[16.96236043]
[8.10464397],[2.79457666],[18.11098642]
[8.43550154],[2.89340832],[19.43637076]
[8.76086598],[2.94269066],[20.81733403]
[9.0535249],[2.99626568],[22.14983387]
[9.43883532],[3.04277778],[23.36226857]
[9.60788036],[3.10312852],[24.58834837]
[9.75622776],[3.16035672],[25.41083551]
[9.82561155],[3.24014962],[26.28703883]
[10.28199935],[3.3174013],[27.50535144]
[10.42095812],[3.42253502],[28.58347301]
[10.54639528],[3.50789083],[29.57449103]
[10.7242441],[3.59073358],[30.5915635]
[10.95556963],[3.66383268],[31.36324783]
[11.19875574],[3.71862766],[32.52931393]
[11.40536379],[3.73665675],[33.27993386]
[11.57175535],[3.74931508],[33.83926126]
[11.76754402],[3.7669568],[34.7654737]
[11.97837805],[3.77087135],[35.5622234]
[12.08511941],[3.76456489],[36.14643284]
[12.27368215],[3.72578127],[36.81698988]
[12.43566797],[3.67681781],[37.30646254]
[12.57596501],[3.6405938],[37.69022705]
[12.75519034],[3.59315765],[37.89470738]
[12.88839648],[3.5519656],[37.96657762]
[13.03605175],[3.51560891],[37.91638859]
[13.22988012],[3.48008487],[37.73785917]
[13.36109786],[3.44130662],[37.36095009]
[13.49279163],[3.40419596],[36.71993761]
[13.5012121],[3.36788006],[35.63930919]
[13.332771],[3.33412591],[34.30374307]
[12.8530344],[3.28713232],[32.64407597]
[12.32346264],[3.21761281],[30.75639704]
[11.96718044],[3.09250729],[27.80906412]
[10.95317599],[2.8098895],[24.47220711]
[10.34528587],[2.5574854],[21.87708142]
[9.70719238],[2.33943607],[19.48948283]
