meltWidth,meltDepth,meltArea
[0.],[0.],[0.]
[0.],[0.],[0.]
[0.],[0.],[0.]
[0.],[0.],[0.]
[0.],[0.],[0.]
[0.],[0.],[0.]
[0.],[0.],[0.]
[0.],[0.],[0.]
[0.],[0.],[0.]
[0.],[0.],[0.]
[0.],[0.],[0.]
[0.],[0.],[0.]
[0.],[0.],[0.]
[0.],[0.],[0.]
[0.],[0.],[0.]
[0.],[0.],[0.]
[0.],[0.],[0.]
[0.],[0.],[0.]
[0.],[0.],[0.]
[0.],[0.],[0.]
[0.],[0.],[0.]
[0.],[0.],[0.]
[0.],[0.],[0.]
[0.],[0.],[0.]
[0.],[0.],[0.]
[0.],[0.],[0.]
[0.],[0.],[0.]
[0.],[0.],[0.]
[0.],[0.],[0.]
[0.],[0.],[0.]
[0.],[0.],[0.]
[0.],[0.],[0.]
[0.],[0.],[0.]
[0.],[0.],[0.]
[0.],[0.],[0.]
[0.],[0.],[0.]
[0.],[0.],[0.]
[0.],[0.],[0.]
[0.],[0.],[0.]
[0.],[0.],[0.]
[0.],[0.],[0.]
[0.],[0.],[0.]
[0.],[0.],[0.]
[0.],[0.],[0.]
[0.],[0.],[0.]
[0.],[0.],[0.]
[0.],[0.],[0.]
[0.],[0.],[0.]
[0.],[0.],[0.]
[0.],[0.],[0.]
[0.],[0.],[0.]
[0.],[0.],[0.]
[0.],[0.],[0.]
[0.],[0.],[0.]
[0.],[0.],[0.]
[0.],[0.],[0.]
[0.65971431],[0.19351502],[0.06314483]
[2.28855874],[0.22960284],[0.33220368]
[2.52349319],[0.28432636],[0.45050907]
[2.5577338],[0.3312358],[0.55259999]
[2.63192302],[0.35081928],[0.62223621]
[2.78621144],[0.38273682],[0.71708401]
[2.87272512],[0.41843973],[0.7951714]
[2.98918246],[0.43973203],[0.8797894]
[3.10202966],[0.44979985],[0.94367582]
[3.10890731],[0.47411973],[0.96761007]
[3.13877932],[0.47669435],[1.01173955]
[3.09914194],[0.49655705],[1.01447992]
[3.16993636],[0.49533505],[1.05929897]
[3.13610133],[0.50333091],[1.04402482]
[3.24060116],[0.50453344],[1.08662722]
[3.17250216],[0.5123411],[1.06432183]
[3.27197516],[0.51154347],[1.10111349]
[3.20236607],[0.51655844],[1.0834086]
[3.29558039],[0.51465658],[1.11352991]
[3.22535271],[0.52044507],[1.08886768]
[3.32324689],[0.51783307],[1.11845607]
[3.21410458],[0.5212526],[1.09193]
[3.3051286],[0.51806608],[1.1179973]
[3.20399882],[0.52162104],[1.08925956]
[3.30924926],[0.5201044],[1.11987284]
[3.19411804],[0.52516497],[1.0964777]
[3.29856317],[0.52357444],[1.12756567]
[3.19822757],[0.52826717],[1.10898402]
[3.29977277],[0.52939807],[1.1403529]
[3.24134876],[0.53559556],[1.14874894]
[3.31703951],[0.53598493],[1.16641206]
[3.24835539],[0.54008512],[1.16317611]
[3.31007954],[0.54367132],[1.17019502]
[3.25024569],[0.54915009],[1.17410719]
[3.25177333],[0.55635268],[1.18758159]
[3.2439547],[0.56437308],[1.20180434]
[3.24446768],[0.57279463],[1.21892924]
[3.251889],[0.58074643],[1.23198571]
[3.2538333],[0.58391348],[1.24157076]
[3.24849935],[0.58909802],[1.24351479]
[3.25028287],[0.59676453],[1.25438297]
[3.23718154],[0.61203068],[1.2656814]
[3.21388417],[0.62488266],[1.2637558]
[3.15666465],[0.62266525],[1.24180752]
[3.01489745],[0.61827386],[1.19640908]
[2.8993994],[0.61185037],[1.13749336]
[2.80747674],[0.61099471],[1.09370581]
[2.75926441],[0.61102051],[1.06047895]
[2.72749905],[0.60501975],[1.02281823]
[2.67486808],[0.59739965],[0.97246338]
[2.62249838],[0.58785211],[0.91443]
[2.56728218],[0.57105625],[0.86069687]
[4.96970341],[0.12788585],[0.36525419]
[2.66481714],[0.10034611],[0.14412728]
[0.],[0.],[0.]
[1.80993859],[0.28034392],[0.20076413]
[2.68668586],[0.4019453],[0.74014036]
[2.80483084],[0.52807842],[1.08203141]
[2.87920544],[0.7748294],[1.4205207]
[2.99425096],[0.84011878],[1.95882593]
[3.14021141],[0.98070824],[2.27903149]
[3.24202477],[1.02544066],[2.50643569]
[3.34096825],[1.07974894],[2.68967004]
[3.38486039],[1.09597071],[2.82794925]
[3.34088935],[1.10801605],[2.88905054]
[3.33315799],[1.10819476],[2.98410016]
[3.27940767],[1.13463801],[2.99654081]
[3.33937329],[1.13683687],[3.07986308]
[3.283227],[1.1631787],[3.07558544]
[3.36813222],[1.15900505],[3.15807674]
[3.2895716],[1.17859238],[3.13125657]
[3.37944763],[1.17088452],[3.21844589]
[3.3013869],[1.1881008],[3.16763766]
[3.40953213],[1.18092452],[3.24272592]
[3.31134767],[1.19503338],[3.18661844]
[3.46260407],[1.18858934],[3.26692335]
[3.31278669],[1.20152359],[3.18944588]
[3.45273027],[1.18650871],[3.23996324]
[3.30495167],[1.19393276],[3.16137439]
[3.45339719],[1.1759656],[3.20648517]
[3.28669584],[1.18457962],[3.1203794]
[3.42437892],[1.16537293],[3.17282845]
[3.27821784],[1.17429148],[3.10404017]
[3.40582318],[1.15345318],[3.14802443]
[3.32743006],[1.15797896],[3.12520677]
[3.4045871],[1.14160554],[3.14863011]
[3.31674752],[1.14644772],[3.11912883]
[3.3770946],[1.14026138],[3.12876058]
[3.29442979],[1.13425561],[3.07876695]
[3.28351944],[1.12800072],[3.05685697]
[3.26307064],[1.12151707],[3.03600455]
[3.258209],[1.1151868],[3.02465729]
[3.26065505],[1.10676927],[3.01588979]
[3.25396501],[1.0920555],[2.98994603]
[3.24174087],[1.0784438],[2.95835727]
[3.22950425],[1.06629124],[2.93648493]
[3.21152565],[1.05728384],[2.90963005]
[3.1891566],[1.05081498],[2.8790241]
[3.17472086],[1.04645644],[2.86065678]
[3.16105489],[1.03825104],[2.84762482]
[3.12324414],[1.01588535],[2.80723195]
[3.07134854],[0.99651012],[2.75385698]
[3.01137181],[0.99395098],[2.70308653]
[2.96147736],[0.9875094],[2.64341473]
[2.9121813],[0.96597077],[2.55829294]
[2.85809347],[0.94092191],[2.44077378]
[2.80416127],[0.91391152],[2.31078731]
[5.58857262],[0.84727554],[4.79488826]
[4.98394932],[0.6041726],[1.43403844]
[4.32003622],[0.25324488],[0.62992625]
[2.51494037],[0.25940802],[0.45559961]
[2.75516201],[0.48804546],[0.97268947]
[2.90660623],[0.62505688],[1.39555917]
[2.96207732],[0.87170985],[2.02248214]
[3.0515242],[0.93010646],[2.30421192]
[3.16636131],[1.0618052],[2.58137933]
[3.26415469],[1.1376412],[2.8421064]
[3.34159431],[1.19794289],[3.00880171]
[3.40457058],[1.2407789],[3.19338778]
[3.3781656],[1.26225891],[3.2829227]
[3.37045947],[1.26571938],[3.41884341]
[3.32439742],[1.29143909],[3.43809121]
[3.34113664],[1.28608313],[3.48809225]
[3.29136211],[1.30703786],[3.48671935]
[3.35375358],[1.29682972],[3.56424829]
[3.27055517],[1.31717841],[3.53584066]
[3.34568557],[1.30653033],[3.59507222]
[3.27539933],[1.32705149],[3.55392186]
[3.34544023],[1.31597434],[3.60847025]
[3.27854241],[1.33545075],[3.56580701]
[3.37862786],[1.32473358],[3.62922449]
[3.26670649],[1.34081986],[3.5508593]
[3.36299927],[1.32097553],[3.59623082]
[3.26192715],[1.33269018],[3.51940052]
[3.37314413],[1.30838696],[3.56563057]
[3.24291399],[1.32119732],[3.47995765]
[3.3354846],[1.2945886],[3.52416055]
[3.23550907],[1.30990256],[3.46053184]
[3.31549568],[1.28142657],[3.49646578]
[3.25955789],[1.28767508],[3.47274842]
[3.32085108],[1.26857931],[3.49970528]
[3.2543483],[1.27471219],[3.46936235]
[3.28905704],[1.26837168],[3.47758619]
[3.23998592],[1.26198789],[3.4261135]
[3.23663895],[1.25551603],[3.40422943]
[3.23020644],[1.24843454],[3.38539536]
[3.22765984],[1.24135894],[3.37459185]
[3.22956058],[1.231324],[3.36362011]
[3.22626636],[1.21352956],[3.33268934]
[3.21683347],[1.1935581],[3.29097442]
[3.20378751],[1.1736972],[3.25719409]
[3.18476237],[1.15288232],[3.2185043]
[3.15873267],[1.13678307],[3.17340012]
[3.14382838],[1.12669013],[3.14675181]
[3.13680292],[1.11608836],[3.13190978]
[3.11657044],[1.1045782],[3.10648272]
[3.08282083],[1.0934659],[3.06901008]
[3.05553357],[1.08691602],[3.0287036]
[3.01624558],[1.07685449],[2.98434032]
[2.96144462],[1.06517798],[2.92232227]
[2.92336839],[1.0541546],[2.85432334]
[2.85821525],[1.02711192],[2.75379482]
[8.47810121],[1.06023326],[7.40630124]
[4.82418664],[0.81731704],[3.7828004]
[4.31536855],[0.42403522],[0.9913401]
[4.15850492],[0.25134492],[0.87181622]
[2.77942828],[0.51291509],[1.28282761]
[2.96889756],[0.68836782],[1.59488649]
[2.9902713],[0.94544508],[2.26258801]
[3.06160155],[1.00590547],[2.5708175]
[3.12313475],[1.10095997],[2.76808137]
[3.2327212],[1.20525976],[3.06763122]
[3.30571548],[1.28795934],[3.2207221]
[3.37698757],[1.32335061],[3.45842021]
[3.37141665],[1.34503298],[3.578911]
[3.36906841],[1.34108099],[3.69694443]
[3.3354588],[1.36195657],[3.71353468]
[3.31832456],[1.35619044],[3.74735113]
[3.28571643],[1.37436632],[3.76668973]
[3.27743681],[1.36294887],[3.79164712]
[3.24446938],[1.38258352],[3.77867363]
[3.28069702],[1.36983969],[3.8021966]
[3.22406044],[1.39074389],[3.77669748]
[3.28238296],[1.37893335],[3.81329137]
[3.22584949],[1.3991631],[3.78381901]
[3.28767078],[1.38698142],[3.82226823]
[3.22258503],[1.40396971],[3.76814505]
[3.28572004],[1.3839862],[3.79245692]
[3.22334336],[1.39668074],[3.7368881]
[3.28967292],[1.37250702],[3.76190371]
[3.20667058],[1.38646789],[3.69917832]
[3.26892277],[1.3602352],[3.72166936]
[3.19848772],[1.37600911],[3.67422765]
[3.25622971],[1.34852228],[3.69272344]
[3.22188641],[1.35539337],[3.67534353]
[3.2576667],[1.33715847],[3.6902817]
[3.2169119],[1.34390244],[3.67137418]
[3.24515042],[1.33823501],[3.67217002]
[3.20119211],[1.33237067],[3.62733169]
[3.20022976],[1.32644001],[3.60440892]
[3.19363159],[1.31992511],[3.58525219]
[3.19326179],[1.31340551],[3.57378519]
[3.1976731],[1.30421049],[3.55721394]
[3.19503972],[1.28889472],[3.53586797]
[3.18778388],[1.27180964],[3.50440048]
[3.17858657],[1.2469579],[3.47800289]
[3.1624711],[1.22022692],[3.44501007]
[3.13702851],[1.18945559],[3.39101887]
[3.12103394],[1.15907794],[3.35199928]
[3.10758771],[1.14269012],[3.31907636]
[3.08275115],[1.12752787],[3.29122814]
[3.05749156],[1.11612402],[3.25800194]
[3.03454375],[1.10559789],[3.22595207]
[3.00228684],[1.09238354],[3.18175276]
[2.96421635],[1.07818624],[3.11075267]
[2.92418655],[1.06707422],[3.02434436]
[2.85617761],[1.05462101],[2.93330852]
[10.30043936],[1.23329143],[8.44677139]
[6.91773113],[0.95153149],[5.42423008]
[5.06145072],[0.83752456],[3.45516456]
[4.19715987],[0.45716443],[1.18169387]
[3.12046124],[0.4793408],[1.48445234]
[2.98250648],[0.70761361],[1.76723892]
[3.01356377],[0.94802011],[2.35179203]
[3.04655125],[1.06499352],[2.74260395]
[3.05688933],[1.14391966],[2.89259017]
[3.16406531],[1.27388389],[3.2561307]
[3.25365022],[1.36050355],[3.42617782]
[3.3399079],[1.39013084],[3.71986304]
[3.32725644],[1.41066014],[3.83351443]
[3.32155637],[1.40468783],[3.92947788]
[3.28283972],[1.42291463],[3.96338556]
[3.28324166],[1.41337075],[4.00353872]
[3.26065804],[1.43020499],[4.00718315]
[3.25431825],[1.41953208],[4.00232921]
[3.24150824],[1.43559019],[3.99570851]
[3.23441386],[1.42614842],[3.98889754]
[3.22846019],[1.4434312],[4.00014145]
[3.22110449],[1.43503799],[3.98505223]
[3.22443392],[1.45143539],[3.99627442]
[3.2259822],[1.44216535],[3.98573937]
[3.21904981],[1.45647619],[3.97633832]
[3.22405921],[1.44022829],[3.95295457]
[3.21411864],[1.45016367],[3.94025405]
[3.23047918],[1.42988563],[3.9231714]
[3.20270292],[1.44141072],[3.90529371]
[3.21034542],[1.41907167],[3.87728389]
[3.19331866],[1.43241925],[3.87614133]
[3.19856933],[1.40843339],[3.84246376]
[3.19633068],[1.41406204],[3.85340736]
[3.2075612],[1.39794296],[3.84678576]
[3.19340196],[1.40351372],[3.85769362]
[3.19584445],[1.3984511],[3.82570349]
[3.17549841],[1.39307183],[3.81063361]
[3.17345448],[1.38745981],[3.77263893]
[3.1698998],[1.37882863],[3.75364773]
[3.16850361],[1.37008623],[3.74009534]
[3.16745924],[1.35774006],[3.72803128]
[3.16611635],[1.33689741],[3.70926062]
[3.16400154],[1.31294569],[3.67217684]
[3.15983509],[1.28561548],[3.65264381]
[3.14465563],[1.25449102],[3.62674556]
[3.12422551],[1.2187529],[3.58088294]
[3.09624778],[1.18250317],[3.53868445]
[3.06731692],[1.14292549],[3.49536829]
[3.03507509],[1.12464997],[3.4471217]
[2.99302514],[1.10561292],[3.37816016]
[2.94784931],[1.09537357],[3.32136308]
[2.90875055],[1.08749061],[3.26815862]
[2.80711829],[1.07007386],[3.14305823]
[2.67157835],[1.05618626],[3.01482536]
[2.51664014],[1.03835118],[2.88470783]
[10.48691792],[1.32414143],[9.17617823]
[8.1405052],[1.0538499],[6.01950543]
[7.10805183],[0.96125591],[4.47130097]
[5.89276365],[0.84406694],[3.09046422]
[4.2006912],[0.50877746],[2.0168082]
[3.00184449],[0.73641616],[2.16401038]
[3.0447586],[0.95830378],[2.2078848]
[3.05060691],[1.1424438],[2.85905343]
[3.03106818],[1.22833101],[3.05779272]
[3.02713869],[1.33306827],[3.43277]
[3.17564949],[1.42443421],[3.68006988]
[3.27472829],[1.45674396],[3.94746261]
[3.28857764],[1.4640141],[4.06202293]
[3.30136022],[1.46855209],[4.16387736]
[3.2846006],[1.47002385],[4.19764339]
[3.28868793],[1.47193961],[4.23885069]
[3.32120902],[1.47434527],[4.23205279]
[3.28869082],[1.47417841],[4.2411082]
[3.30704667],[1.47815844],[4.22667922]
[3.27693399],[1.47808592],[4.23583685]
[3.28961093],[1.48495917],[4.23348965]
[3.26674643],[1.48411879],[4.22674292]
[3.26482678],[1.49030066],[4.22527729]
[3.26135468],[1.4884437],[4.21412373]
[3.26003376],[1.49380141],[4.20325594]
[3.25586479],[1.48787012],[4.18096366]
[3.25585683],[1.48962836],[4.17227297]
[3.24913146],[1.48168307],[4.14448183]
[3.24495705],[1.48327787],[4.13672774]
[3.23619802],[1.47510906],[4.10160416]
[3.23734604],[1.47718108],[4.10062758]
[3.22867524],[1.46861864],[4.06752741]
[3.24332884],[1.46864589],[4.09880457]
[3.23444317],[1.46057891],[4.06697209]
[3.2402885],[1.46266481],[4.10123266]
[3.22919413],[1.45756301],[4.04927022]
[3.22019467],[1.4517137],[4.04821631]
[3.21720353],[1.4455696],[3.99966093]
[3.2131167],[1.43853497],[3.9755576]
[3.21078317],[1.43131627],[3.95934763]
[3.2091591],[1.42096775],[3.93926547]
[3.2069285],[1.40358562],[3.91539293]
[3.20428865],[1.38197162],[3.8775664]
[3.19576363],[1.35916258],[3.8673803]
[3.17468268],[1.33481247],[3.86039378]
[3.14713914],[1.30709469],[3.83125086]
[3.12080709],[1.27663598],[3.80786131]
[3.09428571],[1.23584233],[3.77457105]
[3.06135149],[1.18759036],[3.72596204]
[3.01498294],[1.14030815],[3.65141944]
[2.96703176],[1.12348323],[3.58555691]
[2.90119984],[1.10665336],[3.51639419]
[2.81980494],[1.09205449],[3.42092531]
[2.74577975],[1.08634012],[3.32903973]
[2.5431282],[1.06062652],[3.19326942]
[10.51881006],[1.40279105],[9.95449912]
[8.18964204],[1.15752105],[6.58330407]
[7.16619684],[1.05333606],[4.95119842]
[6.14485135],[0.98295938],[3.54947558]
[4.68569961],[0.83426673],[3.04830195]
[3.36376745],[0.73469635],[2.72247698]
[3.07538673],[0.93309955],[2.52624041]
[3.06613721],[1.16392268],[2.92335267]
[3.03820056],[1.2378731],[3.18413604]
[3.0062725],[1.34488153],[3.47533542]
[2.93014992],[1.44583356],[3.7308784]
[3.17517458],[1.48342213],[4.07520868]
[3.22100283],[1.48999954],[4.21036717]
[3.33958126],[1.49217542],[4.33447046]
[3.49107129],[1.49595104],[4.38324096]
[3.47007443],[1.49648101],[4.43851087]
[3.47988425],[1.50206835],[4.41881059]
[3.40957491],[1.49913235],[4.40739842]
[3.41246427],[1.50576654],[4.38306464]
[3.36558593],[1.50266647],[4.39983104]
[3.38453528],[1.51311804],[4.39074778]
[3.34604919],[1.50979364],[4.39850736]
[3.34784166],[1.51980611],[4.38384977]
[3.31122488],[1.5124274],[4.38665113]
[3.30959629],[1.52180894],[4.36832366]
[3.30539737],[1.50842455],[4.34963306]
[3.29562527],[1.51438736],[4.34086197]
[3.29975219],[1.49863819],[4.31508947]
[3.28627932],[1.50461125],[4.301588]
[3.28921438],[1.48813238],[4.26333363]
[3.28295761],[1.4955153],[4.27134284]
[3.28513439],[1.47776898],[4.23381848]
[3.28795948],[1.48013045],[4.25431717]
[3.29049856],[1.46746632],[4.23940548]
[3.28597737],[1.4710133],[4.25563659]
[3.28579102],[1.46524442],[4.21303763]
[3.27509001],[1.46013255],[4.19543425]
[3.27243956],[1.45495574],[4.15309755]
[3.26935079],[1.4494161],[4.12938088]
[3.26599977],[1.44312884],[4.10984429]
[3.26475714],[1.43318097],[4.08591305]
[3.26288949],[1.41567509],[4.0524919]
[3.25835302],[1.39528518],[4.01246917]
[3.24628476],[1.37360517],[3.98659771]
[3.22225256],[1.35061282],[3.97518042]
[3.19275039],[1.32490482],[3.94528844]
[3.15512506],[1.29995499],[3.92536496]
[3.11188253],[1.27346834],[3.90605198]
[3.07321795],[1.23638138],[3.88327192]
[3.02020842],[1.18189593],[3.8218677]
[2.96463778],[1.15075913],[3.76568533]
[2.88318395],[1.13182732],[3.70312054]
[2.74887921],[1.1076342],[3.59214478]
[2.63825534],[1.09641517],[3.49748005]
[2.5270955],[1.06213971],[3.37897938]
[10.5774916],[1.49364534],[10.73146095]
[8.22993959],[1.26114352],[7.20570846]
[7.21048658],[1.14717149],[5.44638615]
[6.19679128],[1.04792381],[3.93605375]
[4.74751153],[0.92137479],[3.21719072]
[3.448088],[0.75778913],[2.90105513]
[3.00448279],[0.94001757],[2.60141563]
[3.07205993],[1.14439013],[2.95337983]
[3.03200674],[1.22866347],[3.26576544]
[2.98059854],[1.33883216],[3.49133489]
[2.92787513],[1.44293014],[3.77706962]
[3.07790074],[1.5029525],[4.13812649]
[3.30534042],[1.50848185],[4.31015414]
[3.37078785],[1.51210872],[4.43684824]
[3.52604655],[1.51513171],[4.48443772]
[3.50896358],[1.51717959],[4.54144136]
[3.5496652],[1.51777184],[4.5298539]
[3.45433096],[1.51872111],[4.52389836]
[3.47203968],[1.52098658],[4.49712239]
[3.39603998],[1.52053125],[4.50942748]
[3.44074368],[1.52818338],[4.50535533]
[3.40558212],[1.52626211],[4.50849345]
[3.37275522],[1.53467127],[4.48596759]
[3.41996515],[1.5286233],[4.5061306]
[3.33684017],[1.53701122],[4.46790641]
[3.4192776],[1.52444789],[4.47686927]
[3.33970645],[1.52930729],[4.4434424]
[3.43139015],[1.51236161],[4.45689774]
[3.33170171],[1.51807982],[4.42098252]
[3.40972088],[1.49985097],[4.41089453]
[3.32365691],[1.50716309],[4.40168123]
[3.38814801],[1.48753636],[4.37984752]
[3.33978424],[1.48783557],[4.40156792]
[3.38112971],[1.47344125],[4.38068618]
[3.32581523],[1.47366024],[4.3820911]
[3.35866268],[1.46615617],[4.35161852]
[3.32005682],[1.45896447],[4.33145704]
[3.3180281],[1.45219538],[4.29469285]
[3.31624054],[1.44490131],[4.2720941]
[3.3127902],[1.43770062],[4.25169977]
[3.31110806],[1.42737083],[4.22886331]
[3.30776997],[1.40990744],[4.1901511]
[3.30296126],[1.38769314],[4.13427016]
[3.28754353],[1.36490803],[4.09077801]
[3.25865814],[1.33993229],[4.0549478]
[3.20437012],[1.31153894],[4.02072394]
[3.11231518],[1.2833032],[3.99144238]
[3.0060102],[1.25242436],[3.95185445]
[2.94754416],[1.21841983],[3.90382209]
[2.87930286],[1.16459679],[3.83436874]
[2.77273303],[1.1212948],[3.7535519]
[2.63389677],[1.08872195],[3.67426443]
[2.5031774],[1.05810111],[3.57397236]
[2.4873044],[1.03116661],[3.48674509]
[2.47284002],[0.97313814],[3.38678751]
[10.64288973],[1.53509231],[11.15647321]
[8.24097693],[1.31695919],[7.64709085]
[7.22673089],[1.22365826],[5.83661826]
[6.21744949],[1.10253396],[4.23072817]
[4.78891871],[0.92132539],[3.39742835]
[3.5233299],[0.78998886],[3.14702926]
[2.98991477],[0.95620392],[2.73681037]
[3.05948449],[1.14348715],[3.00921943]
[2.99355115],[1.23992951],[3.29492116]
[2.92905218],[1.34770734],[3.52730523]
[3.00461608],[1.45814648],[3.86175333]
[3.13130345],[1.52840767],[4.22776884]
[3.36225254],[1.52932685],[4.39954444]
[3.41578504],[1.53625299],[4.5321827]
[3.57776867],[1.53895462],[4.57661088]
[3.54702404],[1.53858622],[4.62998079]
[3.58285798],[1.5395371],[4.6122779]
[3.47414875],[1.53570427],[4.60627553]
[3.50410284],[1.53676404],[4.57506536]
[3.46796108],[1.53458879],[4.60640491]
[3.47377242],[1.53926453],[4.58697165]
[3.50961441],[1.53809307],[4.60258833]
[3.43317797],[1.54373785],[4.56294963]
[3.5602628],[1.53913614],[4.60520888]
[3.44290113],[1.54327192],[4.53953939]
[3.58334326],[1.53496218],[4.58991065]
[3.46722592],[1.53649547],[4.52778897]
[3.62270116],[1.52413907],[4.58568474]
[3.49487236],[1.52367449],[4.52037036]
[3.61038739],[1.50992683],[4.54685511]
[3.47468241],[1.50893094],[4.49462952]
[3.58357781],[1.49435368],[4.51328875]
[3.52320312],[1.48884433],[4.50922698]
[3.57270132],[1.4787121],[4.49859091]
[3.50293371],[1.47369076],[4.47368356]
[3.53909054],[1.4642949],[4.44689742]
[3.46535346],[1.45604763],[4.40359823]
[3.43966237],[1.44768537],[4.35177493]
[3.40806242],[1.43866515],[4.31243522]
[3.35416167],[1.43024973],[4.26309331]
[3.30983832],[1.41753989],[4.21675734]
[3.28977078],[1.39527155],[4.16070578]
[3.26794059],[1.36928932],[4.09464601]
[3.15495359],[1.34603014],[4.02899454]
[3.14203829],[1.32201548],[3.96354788]
[3.14017065],[1.29211396],[3.87677918]
[3.14162818],[1.26033307],[3.82469929]
[3.13938876],[1.22664388],[3.78156899]
[3.14471016],[1.19056224],[3.74712576]
[3.02979542],[1.15426223],[3.68525162]
[2.94013625],[1.12813594],[3.61941428]
[2.80316732],[1.06301523],[3.52113702]
[2.45921189],[1.0244077],[3.38369103]
[2.4377627],[1.00606025],[3.30249409]
[2.41782669],[0.96223051],[3.214394]
[10.69480449],[1.57126895],[11.52973356]
[8.24659878],[1.36004601],[7.91121499]
[7.27444134],[1.2785912],[6.09323044]
[6.25697142],[1.18228362],[4.43513962]
[4.87345811],[0.96425472],[3.59219975]
[3.62192559],[0.8367289],[3.38599249]
[3.01018767],[0.99783088],[2.9675118]
[3.05754344],[1.17720327],[3.27414132]
[2.98904952],[1.27911886],[3.39222542]
[2.91997578],[1.37848465],[3.63038304]
[3.10800855],[1.48393023],[4.01133889]
[3.22009211],[1.55321671],[4.36772175]
[3.4406017],[1.55273353],[4.52158679]
[3.49835025],[1.56112459],[4.64982968]
[3.67940704],[1.56350579],[4.70171711]
[3.62231904],[1.56367819],[4.75307414]
[3.65886653],[1.56492191],[4.7279455]
[3.54337537],[1.56024289],[4.73088415]
[3.57354666],[1.56230868],[4.69201921]
[3.60222669],[1.55958623],[4.75379302]
[3.53525861],[1.56395277],[4.71621519]
[3.654719],[1.56192269],[4.75078293]
[3.56021195],[1.56675798],[4.70085894]
[3.68606889],[1.56141143],[4.74187937]
[3.59751993],[1.56519832],[4.67989036]
[3.69939276],[1.5572219],[4.71354357]
[3.62776039],[1.55845576],[4.6713941]
[3.72672342],[1.54695801],[4.70388144]
[3.65298879],[1.5460213],[4.66338538]
[3.7224797],[1.53406916],[4.66816782]
[3.64420645],[1.53224652],[4.64167479]
[3.70711274],[1.51874523],[4.63882816]
[3.68185857],[1.51375861],[4.65025502]
[3.70039367],[1.50364701],[4.62810707]
[3.67102474],[1.49889589],[4.61949595]
[3.6799328],[1.48987707],[4.58188926]
[3.64782516],[1.48184103],[4.555968]
[3.62167336],[1.47371455],[4.50415245]
[3.60062451],[1.46483824],[4.47012834]
[3.58293812],[1.45550191],[4.43508057]
[3.49757846],[1.44212139],[4.36405774]
[3.42666356],[1.41987158],[4.28967223]
[3.36816394],[1.39256942],[4.20542302]
[3.23971199],[1.36755985],[4.1186243]
[3.18793524],[1.34427915],[4.06231597]
[3.18820871],[1.31580161],[4.00028243]
[3.19161532],[1.28684098],[3.93407771]
[3.19922147],[1.25686728],[3.8899082]
[3.21991095],[1.22560818],[3.8659338]
[3.21166158],[1.20994318],[3.83595612]
[3.15562193],[1.1927827],[3.77904636]
[3.08420141],[1.17160319],[3.71348034]
[3.00382317],[1.12320771],[3.62808294]
[2.87820179],[1.05595372],[3.53266347]
[2.62706628],[1.00492396],[3.41997288]
[10.73534066],[1.6022548],[11.85695355]
[8.23059502],[1.39425268],[8.1244883]
[7.2640672],[1.3168392],[6.27513504]
[6.17116491],[1.2331475],[4.54793343]
[4.77491147],[0.99475749],[3.72649352]
[3.57843588],[0.86049593],[3.49234886]
[3.02874547],[1.01070078],[3.08105559]
[3.05459435],[1.1888236],[3.40686083]
[2.97529798],[1.30365488],[3.45785658]
[2.95519182],[1.39156308],[3.74250713]
[3.18264254],[1.50098959],[4.17044173]
[3.3307059],[1.56949835],[4.46911214]
[3.48200277],[1.56971468],[4.59817797]
[3.55157723],[1.57843334],[4.7325228]
[3.74408179],[1.58132389],[4.8090527]
[3.62836515],[1.58044132],[4.80669487]
[3.65098699],[1.58242119],[4.78052387]
[3.62365451],[1.57744469],[4.83743632]
[3.56498228],[1.58076957],[4.78230124]
[3.7154121],[1.57626169],[4.84753198]
[3.66503],[1.58192189],[4.81685688]
[3.75334997],[1.57867083],[4.83247229]
[3.69551374],[1.58469242],[4.79547441]
[3.77414368],[1.57815245],[4.82189163]
[3.72059023],[1.58355636],[4.77761578]
[3.78169592],[1.57268926],[4.79583786]
[3.73942106],[1.57447946],[4.7632655]
[3.80200913],[1.56077807],[4.77917106]
[3.76201737],[1.56125171],[4.75137027]
[3.80375461],[1.54787502],[4.74260199]
[3.75717955],[1.54805494],[4.72916922]
[3.79439588],[1.53277549],[4.71658516]
[3.78793759],[1.52813533],[4.73503]
[3.79477044],[1.5174175],[4.71041913]
[3.7829121],[1.51291504],[4.70544904]
[3.78002168],[1.50370825],[4.66651901]
[3.76643432],[1.49545788],[4.64523983]
[3.74085439],[1.48734362],[4.59281764]
[3.72707667],[1.47723073],[4.55926724]
[3.7180066],[1.46693072],[4.5269375]
[3.68378012],[1.45255391],[4.47526556]
[3.64795272],[1.42925833],[4.41213896]
[3.61167689],[1.40090858],[4.33577658]
[3.4461095],[1.37378915],[4.21898255]
[3.22912582],[1.348176],[4.11552759]
[3.18679406],[1.31624269],[4.05402733]
[3.18711515],[1.28532583],[3.99048305]
[3.19814667],[1.25168625],[3.93398824]
[3.21809677],[1.22645948],[3.90770669]
[3.21184244],[1.21054977],[3.85600864]
[3.17158565],[1.19509686],[3.79238188]
[3.07925717],[1.17284951],[3.73069349]
[3.00912275],[1.12206807],[3.64697122]
[2.9125858],[1.06554988],[3.56377157]
[2.81653481],[1.02426113],[3.48072223]
[10.81852969],[1.63505551],[12.15595117]
[8.28552281],[1.41792227],[8.29516394]
[7.28571458],[1.33895003],[6.40976347]
[6.16301419],[1.2600498],[4.63259842]
[4.76320288],[1.02962171],[3.85441874]
[3.56246658],[0.86639408],[3.58199279]
[3.04510071],[1.01731656],[3.43658549]
[3.03819229],[1.19678427],[3.44692131]
[2.94958482],[1.32362842],[3.52255974]
[3.09130302],[1.4078919],[3.88619045]
[3.26275342],[1.51468792],[4.27263]
[3.37787994],[1.58332712],[4.53562726]
[3.51521817],[1.58257431],[4.66826835]
[3.60688246],[1.59051962],[4.81281658]
[3.75470189],[1.59436463],[4.86877652]
[3.63729455],[1.59114929],[4.9064254]
[3.65827912],[1.59257301],[4.88955733]
[3.73816314],[1.58828933],[4.92769589]
[3.69448488],[1.59118771],[4.88345642]
[3.80391375],[1.58774011],[4.92884549]
[3.77910986],[1.59237886],[4.90564825]
[3.83165438],[1.58983485],[4.90557818]
[3.79800346],[1.59479502],[4.88263174]
[3.84692274],[1.58967398],[4.89617106]
[3.81510921],[1.59373017],[4.86122427]
[3.85268694],[1.58508179],[4.87667221]
[3.82791768],[1.58596843],[4.84270122]
[3.87411965],[1.57318481],[4.86727007]
[3.84706192],[1.57255219],[4.82596188]
[3.8807825],[1.55824344],[4.82160636]
[3.84665759],[1.5584153],[4.80550987]
[3.87675518],[1.54315031],[4.7915395]
[3.87449265],[1.53865106],[4.80900924]
[3.88064991],[1.52783901],[4.7851525]
[3.8734896],[1.52400225],[4.77860212]
[3.87296629],[1.51497626],[4.74297681]
[3.8652397],[1.50672573],[4.72186611]
[3.84456115],[1.49718562],[4.67001184]
[3.82735687],[1.48652925],[4.63372039]
[3.80538284],[1.47631338],[4.59452708]
[3.77251229],[1.46277038],[4.54321393]
[3.73746961],[1.43891473],[4.47951868]
[3.70882532],[1.40994788],[4.40573757]
[3.59708139],[1.38284198],[4.31133366]
[3.33889929],[1.35487666],[4.17544336]
[3.20349914],[1.32208647],[4.09112947]
[3.21243254],[1.29104931],[4.03931058]
[3.22465621],[1.26087673],[3.9800738]
[3.2449635],[1.24053745],[3.94276294]
[3.24114219],[1.22011002],[3.88174444]
[3.21217617],[1.20076465],[3.81308021]
[3.1298848],[1.17985052],[3.7514013]
[3.03080989],[1.12713558],[3.66266432]
[2.93431267],[1.06910059],[3.57781714]
[2.81086656],[1.03490546],[3.49256927]
[10.842978],[1.65208655],[12.32619597]
[8.3569653],[1.43111311],[8.41302154]
[7.28882964],[1.35201289],[6.48121403]
[6.13222217],[1.27378813],[4.66272657]
[4.7005829],[1.03565875],[3.9044766]
[3.51576606],[0.8647756],[3.63996023]
[3.0547983],[1.02459164],[3.49696919]
[2.99648188],[1.22083801],[3.42834506]
[2.98152642],[1.34338779],[3.60876084]
[3.16909356],[1.42411137],[3.9888054]
[3.29562695],[1.52304641],[4.33324842]
[3.39852148],[1.5830162],[4.57502185]
[3.55341081],[1.58245585],[4.71666255]
[3.65963352],[1.58717648],[4.87962657]
[3.75186747],[1.59049013],[4.89611138]
[3.709985],[1.5869625],[4.97138736]
[3.73363174],[1.58839956],[4.95678144]
[3.83762776],[1.58457937],[4.97873291]
[3.81075282],[1.58709675],[4.9377399]
[3.89124635],[1.58369755],[4.97502165]
[3.87105592],[1.58761516],[4.94710577]
[3.90899908],[1.58506111],[4.9493282]
[3.8812046],[1.589607],[4.91964164]
[3.91954808],[1.58412624],[4.94568568]
[3.89580173],[1.58823664],[4.90690464]
[3.92317566],[1.57958912],[4.9296485]
[3.90818153],[1.57995284],[4.89053578]
[3.93694498],[1.56890915],[4.91326624]
[3.92290649],[1.56707125],[4.86645129]
[3.93881358],[1.55399483],[4.85896123]
[3.90624219],[1.5534196],[4.82091267]
[3.90210534],[1.53797281],[4.80164904]
[3.86758454],[1.53218631],[4.79165105]
[3.84219497],[1.52041048],[4.75751798]
[3.78183518],[1.51591665],[4.71650001]
[3.77458345],[1.50631947],[4.67846821]
[3.70028551],[1.49667449],[4.61864324]
[3.64180374],[1.48681936],[4.54769823]
[3.60719897],[1.47596081],[4.50467975]
[3.55739972],[1.46547097],[4.45325684]
[3.49669227],[1.45147119],[4.39039612]
[3.44626075],[1.42783093],[4.32083582]
[3.41140493],[1.39884604],[4.24176827]
[3.27609533],[1.37207751],[4.14535499]
[3.20277952],[1.34191236],[4.05759285]
[3.20347895],[1.30800938],[3.95954798]
[3.2214357],[1.27527388],[3.87695307]
[3.23212753],[1.2517687],[3.82831105]
[3.25137652],[1.2309718],[3.77363148]
[3.2439051],[1.20928166],[3.70383804]
[3.20986587],[1.18572086],[3.63789345]
[3.15350448],[1.15925795],[3.58462199]
[3.0203288],[1.09961245],[3.49107194]
[2.9023753],[1.03732904],[3.40631838]
[2.70552731],[0.99511231],[3.31677894]
[10.96352961],[1.67002756],[12.59743511]
[8.51700863],[1.44322512],[8.61412905]
[7.35368534],[1.36415359],[6.63213655]
[6.31232729],[1.28611378],[4.80784978]
[4.78097561],[1.03645471],[4.0415572]
[3.56420401],[0.89090258],[3.76313502]
[3.04943094],[1.04308584],[3.62373652]
[2.99528102],[1.26834357],[3.56099948]
[3.07371508],[1.37871693],[3.77011559]
[3.25779703],[1.46307526],[4.14172438]
[3.34306809],[1.5505668],[4.46295858]
[3.42486556],[1.60484452],[4.67131948]
[3.60315687],[1.60111674],[4.82424512]
[3.71903738],[1.6068449],[5.03607459]
[3.80791503],[1.60889868],[5.06507489]
[3.80572202],[1.60647812],[5.09918463]
[3.82146184],[1.6068391],[5.07670418]
[3.90911391],[1.60410139],[5.09096427]
[3.88385894],[1.60504544],[5.04978108]
[3.9439062],[1.60337581],[5.08846304]
[3.93379476],[1.60565504],[5.05491144]
[3.95585256],[1.6039593],[5.06075593]
[3.93938084],[1.60697949],[5.03505738]
[3.96159688],[1.60299419],[5.04948788]
[3.94881163],[1.60602696],[5.02260728]
[3.96747114],[1.59913057],[5.03586181]
[3.97334225],[1.59804125],[5.00815683]
[4.00101668],[1.58867192],[5.02668308]
[4.00433681],[1.58562035],[4.9896035]
[4.01863362],[1.57572551],[4.97809508]
[4.0121267],[1.57254824],[4.95531355]
[4.00742985],[1.56104739],[4.93586882]
[4.02357472],[1.55499186],[4.94629777]
[3.95757708],[1.54413804],[4.89742412]
[3.93375351],[1.53809703],[4.87251588]
[3.88272511],[1.52687361],[4.81655649]
[3.85463585],[1.51670858],[4.77588102]
[3.78347133],[1.50674509],[4.69956884]
[3.75946265],[1.49628725],[4.6573146]
[3.72686707],[1.48620464],[4.61086994]
[3.68508667],[1.47323052],[4.55502737]
[3.61855959],[1.45146374],[4.47817236]
[3.58909957],[1.42503484],[4.39803878]
[3.48265409],[1.39923565],[4.30455826]
[3.26289125],[1.36950561],[4.1931059]
[3.27455326],[1.3390582],[4.10947576]
[3.29522223],[1.32207679],[4.04081938]
[3.30820564],[1.30581663],[3.98690326]
[3.32751913],[1.28875949],[3.9455529]
[3.31933586],[1.27014828],[3.89456445]
[3.29467183],[1.24821884],[3.83314606]
[3.27094127],[1.22404848],[3.78041665]
[3.23227102],[1.16799684],[3.68607686]
[3.13561539],[1.11118404],[3.59347113]
[3.03716026],[1.04470795],[3.49810324]
[11.03805545],[1.69556319],[12.94010242]
[8.56623294],[1.46313839],[8.89630299]
[7.4083574],[1.38997161],[6.87496311]
[6.36561109],[1.3204578],[5.02505309]
[4.81207239],[1.06720389],[4.13205829]
[3.55188041],[0.90404816],[3.81600119]
[3.03635191],[1.06981261],[3.67166001]
[3.010746],[1.29074638],[3.64874048]
[3.15889201],[1.40863651],[3.90345857]
[3.29602452],[1.49093657],[4.25782842]
[3.37484953],[1.56915462],[4.56136255]
[3.44278208],[1.618939],[4.7514317]
[3.64739313],[1.61586104],[4.93984959]
[3.74160971],[1.62016142],[5.14971601]
[3.82914719],[1.62168255],[5.18140699]
[3.88977566],[1.6178445],[5.19764105]
[3.90024758],[1.61861022],[5.1684872]
[3.96477362],[1.61624598],[5.18593251]
[3.94664342],[1.61696767],[5.13755219]
[3.98599042],[1.61555763],[5.17033418]
[4.00725511],[1.61719333],[5.14623573]
[4.01913626],[1.61594237],[5.15073423]
[4.02600154],[1.61822444],[5.13166671]
[4.041141],[1.61458302],[5.14509891]
[4.05626468],[1.61884177],[5.13187707]
[4.05750596],[1.61422224],[5.14203082]
[4.08134171],[1.61218347],[5.12384302]
[4.10986215],[1.60133921],[5.13011979]
[4.1399678],[1.59739685],[5.10832807]
[4.17298921],[1.58664353],[5.0857435]
[4.17547837],[1.58396052],[5.07201146]
[4.14849485],[1.57282559],[5.03774818]
[4.12989238],[1.56889423],[5.03725175]
[4.01694944],[1.55758232],[4.9831177]
[3.99293851],[1.55244008],[4.95684512]
[3.94403815],[1.54103523],[4.90293144]
[3.93025841],[1.53060269],[4.86755265]
[3.85143822],[1.519953],[4.78808174]
[3.80812119],[1.50855609],[4.73738094]
[3.77462561],[1.49750595],[4.68928475]
[3.73443541],[1.48413335],[4.6343816]
[3.68626494],[1.46183456],[4.56127176]
[3.66147454],[1.43442011],[4.48164196]
[3.5817651],[1.40720461],[4.38804809]
[3.40649276],[1.37742673],[4.28046177]
[3.29145638],[1.35397021],[4.17803763]
[3.31582392],[1.33582885],[4.11813716]
[3.33167985],[1.31960322],[4.04930298]
[3.34926841],[1.30207674],[3.98874394]
[3.33997536],[1.28321632],[3.93149849]
[3.31917861],[1.26397964],[3.87433575]
[3.29897545],[1.24208625],[3.8253819]
[3.26311905],[1.18771148],[3.73876637]
[3.20899896],[1.12942895],[3.63853029]
[3.09328442],[1.06094088],[3.5420671]
[11.02288176],[1.73813013],[13.0992949]
[8.57432971],[1.48280209],[8.98326375]
[7.40954515],[1.41007889],[6.93043604]
[6.35319672],[1.33831366],[5.0614072]
[4.82355115],[1.07573401],[4.1202394]
[3.51868987],[0.91207985],[3.78055987]
[3.00662693],[1.1288854],[3.69846794]
[3.06448928],[1.32629204],[3.74157284]
[3.18616339],[1.43157222],[3.99089254]
[3.30295423],[1.50853266],[4.32822457]
[3.41214132],[1.56928605],[4.58849722]
[3.48861609],[1.61506724],[4.79094503]
[3.70620176],[1.61303208],[5.02173225]
[3.82254751],[1.61647695],[5.19280603]
[3.83990789],[1.6192321],[5.22049859]
[3.92855175],[1.6144477],[5.219882]
[3.92155082],[1.61746479],[5.1824514]
[3.95571509],[1.61475803],[5.1898136]
[3.90688937],[1.61896112],[5.14604952]
[3.93348377],[1.61650596],[5.17394857]
[3.90055819],[1.62276343],[5.14441559]
[3.9519956],[1.62107314],[5.16996638]
[3.93507375],[1.6268394],[5.14907596]
[3.96501421],[1.62534881],[5.17160407]
[3.97594868],[1.63293811],[5.16755534]
[4.0121974],[1.62809998],[5.19921692]
[4.03134374],[1.6275604],[5.18780176]
[4.02928594],[1.61553139],[5.18423135]
[4.01877521],[1.61240231],[5.14798208]
[4.00456438],[1.59613536],[5.09595046]
[3.96216785],[1.59363297],[5.05511443]
[3.92118843],[1.57597887],[4.99891497]
[3.88586957],[1.57108332],[4.97365846]
[3.8194048],[1.55350129],[4.91642784]
[3.75846011],[1.54651735],[4.86652588]
[3.69961824],[1.53369913],[4.79894619]
[3.60622172],[1.5217925],[4.72483262]
[3.52500404],[1.5105924],[4.63877119]
[3.47916131],[1.49825041],[4.58336543]
[3.42869288],[1.48661446],[4.52487473]
[3.35750905],[1.47199655],[4.45325951]
[3.30150122],[1.44674835],[4.37202497]
[3.27284843],[1.41763597],[4.28754798]
[3.25970615],[1.38784093],[4.18348736]
[3.28070675],[1.35891471],[4.06247843]
[3.2927546],[1.33926636],[3.95715214]
[3.31988121],[1.32115098],[3.88922355]
[3.34134134],[1.30682301],[3.83912846]
[3.36225336],[1.28921209],[3.81222696]
[3.34323353],[1.27242403],[3.76871197]
[3.32090582],[1.25152386],[3.72335656]
[3.30179533],[1.2307526],[3.68500402]
[3.26681138],[1.17644408],[3.60573438]
[3.23078556],[1.1153617],[3.51906255]
[3.09461604],[1.04562172],[3.4185576]
[11.12307402],[1.75333099],[13.28791378]
[8.65636769],[1.49159394],[9.16918353]
[7.42112991],[1.42099127],[7.04236056]
[6.32583868],[1.3477552],[5.11929931]
[4.77712534],[1.0822849],[4.15081403]
[3.48695991],[0.93108377],[3.78840556]
[3.01883448],[1.19431936],[3.84336176]
[3.1617492],[1.37164474],[3.91158687]
[3.24360183],[1.46597403],[4.13051533]
[3.37143563],[1.54570263],[4.47821356]
[3.47422484],[1.59572799],[4.71623335]
[3.55768651],[1.6367988],[4.95009605]
[3.78773674],[1.63490536],[5.19780925]
[3.88972259],[1.64100459],[5.3680146]
[3.9235804],[1.64878597],[5.42218066]
[3.98639902],[1.65270299],[5.42138553]
[4.0709593],[1.65414155],[5.46553244]
[4.14255606],[1.65580813],[5.47410082]
[4.14801628],[1.65520576],[5.45756051]
[4.1356624],[1.65687894],[5.45219407]
[4.13567939],[1.65689888],[5.43424266]
[4.17191212],[1.65793731],[5.44193151]
[4.19716983],[1.6592391],[5.43954522]
[4.21844917],[1.66226202],[5.46315654]
[4.23478245],[1.66543986],[5.48404672]
[4.26926265],[1.66538553],[5.51747254]
[4.27011697],[1.66097985],[5.52187722]
[4.25238617],[1.65410109],[5.51683405]
[4.22313831],[1.64775231],[5.49363973]
[4.2116983],[1.6366523],[5.44061819]
[4.17742633],[1.63242654],[5.39497961]
[4.10665738],[1.61773872],[5.29423986]
[4.06110308],[1.61225488],[5.2994598]
[3.98325363],[1.59756263],[5.17837852]
[3.94739131],[1.59061377],[5.17804639]
[3.89343152],[1.57884606],[5.06497895]
[3.85278424],[1.56708537],[5.02747918]
[3.76275973],[1.5549393],[4.91091829]
[3.72296379],[1.54131006],[4.84829287]
[3.66847535],[1.52772444],[4.77925173]
[3.59661317],[1.5102881],[4.69822317]
[3.52363256],[1.48352664],[4.60250361]
[3.47381503],[1.45317765],[4.50742238]
[3.3352978],[1.42702791],[4.388108]
[3.34728089],[1.40690135],[4.26226863]
[3.36938852],[1.38900023],[4.1647988]
[3.39792791],[1.37363405],[4.09557936]
[3.42008535],[1.35968217],[4.0570841]
[3.43840008],[1.34384199],[4.03085923]
[3.42032427],[1.3267171],[3.98079473]
[3.40041189],[1.30647354],[3.93157616]
[3.38712117],[1.28652077],[3.89697151]
[3.36089545],[1.24039409],[3.82628514]
[3.33445272],[1.19143453],[3.75141396]
[3.30247997],[1.13123372],[3.66110335]
[11.13898153],[1.76901573],[13.51689594]
[8.69484867],[1.50663835],[9.34256997]
[7.4065284],[1.43610705],[7.12742524]
[6.23002561],[1.36104245],[5.13939312]
[4.51559565],[1.09793864],[4.12248883]
[3.29792878],[0.94546517],[3.72445609]
[3.0259913],[1.22914176],[3.8549169]
[3.20046942],[1.39817747],[3.96372852]
[3.27681208],[1.49453289],[4.22230876]
[3.41529144],[1.57148867],[4.59433122]
[3.51646113],[1.61831744],[4.83202949]
[3.6469827],[1.65780269],[5.10844272]
[3.84281979],[1.66301807],[5.36944758]
[3.94479986],[1.67403644],[5.55080888]
[3.97821217],[1.68116355],[5.62085062]
[4.07511753],[1.6853196],[5.66018414]
[4.21283378],[1.68382788],[5.7161464]
[4.32236123],[1.68759145],[5.75611263]
[4.33957324],[1.68456101],[5.74692112]
[4.37007799],[1.68951688],[5.7498378]
[4.35537731],[1.68691192],[5.78089597]
[4.38196376],[1.69070618],[5.77986978]
[4.38414337],[1.68962273],[5.79265354]
[4.4122589],[1.69486549],[5.83713262]
[4.41062105],[1.69524974],[5.86478774]
[4.44744461],[1.69828565],[5.90523905]
[4.4250297],[1.69151161],[5.9155093]
[4.43658681],[1.68755159],[5.92721697]
[4.40455714],[1.67825745],[5.89482471]
[4.38422639],[1.66932629],[5.82142163]
[4.34913777],[1.66170566],[5.76196049]
[4.33116154],[1.64932397],[5.6708899]
[4.30220098],[1.64401902],[5.6724897]
[4.21572175],[1.63027009],[5.54258849]
[4.18170907],[1.62356148],[5.54266035]
[4.09280533],[1.61234413],[5.38354387]
[4.08063444],[1.60108007],[5.3707502]
[3.98130081],[1.58944873],[5.20450986]
[3.9480435],[1.57639571],[5.12462205]
[3.88016203],[1.56388596],[5.04095224]
[3.82346378],[1.54916499],[4.95978941]
[3.75840144],[1.52500775],[4.86822806]
[3.71627454],[1.49866197],[4.77371852]
[3.61699197],[1.47784066],[4.66225508]
[3.39937181],[1.45766199],[4.52743615]
[3.41154189],[1.43734838],[4.42621081]
[3.43984355],[1.41617343],[4.3671849]
[3.46623729],[1.394076],[4.29632989]
[3.47858001],[1.36646689],[4.21747997]
[3.45713127],[1.34071335],[4.12778579]
[3.429055],[1.31746849],[4.0448035]
[3.41034781],[1.29272332],[3.97061161]
[3.38252565],[1.24292386],[3.88980908]
[3.35515915],[1.19341899],[3.81128176]
[3.32469332],[1.14192796],[3.72028301]
[11.1771473],[1.82868563],[13.78672927]
[8.757488],[1.52575619],[9.48405193]
[7.44356199],[1.45573138],[7.19742268]
[6.10285467],[1.3700037],[5.11548928]
[4.4843665],[1.10203217],[4.05657984]
[3.20116373],[0.9526575],[3.64796078]
[3.01986137],[1.24726876],[3.79930165]
[3.22262542],[1.41290625],[3.98688328]
[3.30521388],[1.510894],[4.3013371]
[3.46811373],[1.58542973],[4.69886486]
[3.5593399],[1.63794395],[4.93651342]
[3.71115814],[1.67461968],[5.24911713]
[3.90515461],[1.68319532],[5.52950751]
[4.0040943],[1.69077962],[5.72489177]
[4.06351749],[1.69970839],[5.79937034]
[4.16495558],[1.70186044],[5.86831264]
[4.34270107],[1.70282559],[5.93278483]
[4.44450847],[1.70492122],[5.99542049]
[4.44670997],[1.70081295],[6.02137279]
[4.48261728],[1.70768916],[6.03172583]
[4.45693006],[1.70316221],[6.0647798]
[4.47845822],[1.7098516],[6.04987646]
[4.47127126],[1.70560293],[6.06356298]
[4.50866973],[1.71434148],[6.10236057]
[4.49755601],[1.71546917],[6.12355432]
[4.56743143],[1.72031827],[6.18555806]
[4.51218451],[1.71139501],[6.18159554]
[4.56807517],[1.70793393],[6.21102795]
[4.50603831],[1.69560139],[6.16175009]
[4.55096422],[1.68959629],[6.12264289]
[4.49654414],[1.67939656],[6.05544141]
[4.53225876],[1.66969435],[5.97889673]
[4.42821097],[1.66192569],[5.92421899]
[4.36744443],[1.64954113],[5.80949579]
[4.31495478],[1.64278659],[5.78288769]
[4.24190751],[1.63212752],[5.64142214]
[4.21663487],[1.62158503],[5.6179761]
[4.09669651],[1.61105013],[5.46170389]
[4.05226116],[1.59928161],[5.37257639]
[4.00976593],[1.58886848],[5.28693809]
[3.96192602],[1.57621037],[5.20363651]
[3.89992726],[1.55557423],[5.12189982]
[3.86695934],[1.53646075],[5.03672437]
[3.80397303],[1.51820328],[4.94728278]
[3.6477426],[1.50075547],[4.83090877]
[3.513962],[1.48183991],[4.70862082]
[3.54432108],[1.46240019],[4.63709845]
[3.56472177],[1.44148945],[4.57245873]
[3.56322138],[1.41671855],[4.49027823]
[3.53349141],[1.39101993],[4.3779487]
[3.49751037],[1.35993459],[4.2492449]
[3.46762678],[1.32251891],[4.14541994]
[3.44024766],[1.26086797],[4.02879241]
[3.41191798],[1.22243952],[3.92244574]
[3.3798068],[1.1741599],[3.80738989]
[11.18242943],[1.84360971],[13.89708722]
[8.79069037],[1.53590381],[9.53033329]
[7.47894993],[1.46109695],[7.18869959]
[5.9599492],[1.37072771],[5.03398975]
[4.42530766],[1.09702304],[3.91581424]
[3.05851261],[0.96055829],[3.49911358]
[3.01463889],[1.27066745],[3.76743386]
[3.23137252],[1.43031301],[4.03991465]
[3.27672894],[1.52386555],[4.35760519]
[3.51466159],[1.59691323],[4.76209194]
[3.60155361],[1.64655933],[5.00000603]
[3.75375886],[1.67647505],[5.33564645]
[3.97133356],[1.68771001],[5.59779548]
[4.05601988],[1.69372582],[5.81804005]
[4.11473565],[1.70285957],[5.87492886]
[4.11301614],[1.7051267],[5.93883105]
[4.20964895],[1.70804199],[5.98391378]
[4.24502159],[1.70570634],[6.07538676]
[4.24011157],[1.70317606],[6.08544226]
[4.25839478],[1.70862347],[6.09610232]
[4.2485202],[1.70714778],[6.13005845]
[4.27530271],[1.71083073],[6.10570393]
[4.27876886],[1.71273524],[6.14289043]
[4.30997629],[1.72095823],[6.15930889]
[4.29044265],[1.72798638],[6.18646314]
[4.34014323],[1.73265543],[6.25033407]
[4.29530551],[1.72563119],[6.24833706]
[4.29690648],[1.71411054],[6.25606603]
[4.26331568],[1.70110769],[6.20103535]
[4.22857592],[1.69191754],[6.1344914]
[4.19278469],[1.67974318],[6.05564342]
[4.16765681],[1.67171194],[5.9692155]
[4.14103632],[1.66382497],[5.93077423]
[4.03419599],[1.65318347],[5.80608019]
[4.02435214],[1.64640624],[5.77885751]
[3.96484878],[1.63789684],[5.64574818]
[3.97330709],[1.62873208],[5.62619179]
[3.91685618],[1.61933809],[5.48528976]
[3.87819618],[1.60920876],[5.41188253]
[3.84373418],[1.59958417],[5.33973812]
[3.81146171],[1.58782722],[5.26096296]
[3.79285508],[1.56991521],[5.18343679]
[3.76164666],[1.55263409],[5.09355726]
[3.73341662],[1.53544863],[4.98020376]
[3.71367964],[1.51853885],[4.85181957]
[3.67161618],[1.49970949],[4.74695704]
[3.64437936],[1.48123402],[4.65180868]
[3.64734995],[1.46059974],[4.57408959]
[3.63969151],[1.43683389],[4.49033731]
[3.60875276],[1.41214449],[4.38274068]
[3.57399428],[1.38396185],[4.27320197]
[3.54139054],[1.34336896],[4.16487445]
[3.5078505],[1.28527057],[4.04754695]
[3.47270802],[1.22402942],[3.91700609]
[3.43812794],[1.15374316],[3.77905995]
[11.2667435],[1.85727831],[14.0799216]
[8.89003785],[1.54897634],[9.66739919]
[7.60161821],[1.47269865],[7.26596571]
[5.96441855],[1.37771413],[5.0488425]
[4.4332597],[1.0975579],[3.95665637]
[3.06480254],[0.97349881],[3.54115142]
[3.03972576],[1.30930716],[3.92608746]
[3.29444759],[1.46812701],[4.18234482]
[3.33393903],[1.56139047],[4.50952036]
[3.58048408],[1.62952612],[4.93834193]
[3.67542238],[1.67327744],[5.18710206]
[3.86121871],[1.70134719],[5.52968309]
[4.06337036],[1.70800546],[5.82945199]
[4.14945133],[1.71773013],[6.05796509]
[4.20793457],[1.73038127],[6.13625545]
[4.31179706],[1.73594939],[6.25525564]
[4.39454461],[1.73930718],[6.34120256]
[4.43872474],[1.7332522],[6.43357038]
[4.41762475],[1.73484714],[6.43297411]
[4.4570022],[1.73737651],[6.46419276]
[4.41872584],[1.73613387],[6.47543683]
[4.48149193],[1.74224724],[6.48487945]
[4.45188118],[1.74207869],[6.5032517]
[4.51942186],[1.75254981],[6.50868873]
[4.47529788],[1.76075626],[6.55799201]
[4.5536455],[1.767977],[6.63133945]
[4.45441478],[1.76303853],[6.5993771]
[4.49478135],[1.75218779],[6.65401311]
[4.44143417],[1.74179203],[6.60147235]
[4.48861174],[1.72970681],[6.59935888]
[4.43914995],[1.71815029],[6.51587327]
[4.48326073],[1.70555777],[6.47669571]
[4.42969081],[1.69701444],[6.39474881]
[4.37490069],[1.68862113],[6.32715024]
[4.32440783],[1.68023803],[6.25224749]
[4.26311632],[1.67169609],[6.15863289]
[4.23868222],[1.66367604],[6.09619285]
[4.16480482],[1.65524792],[5.97804899]
[4.10412543],[1.64578206],[5.88294951]
[4.06118703],[1.63684911],[5.79596059]
[4.01927659],[1.62929438],[5.70677338]
[3.99264998],[1.61687957],[5.62460369]
[3.96045275],[1.60179319],[5.53867377]
[3.9249256],[1.58724818],[5.4405273]
[3.9065524],[1.57279635],[5.32764438]
[3.87673703],[1.55617627],[5.22023273]
[3.84926599],[1.54058602],[5.12485938]
[3.81395563],[1.52250174],[4.99960535]
[3.7695401],[1.50270642],[4.87230845]
[3.73938761],[1.48170357],[4.76950398]
[3.70648557],[1.45766413],[4.65211905]
[3.68139714],[1.42547465],[4.52703444]
[3.65835574],[1.38139299],[4.41104435]
[3.63214236],[1.33280188],[4.2891495]
[3.60248467],[1.27220915],[4.15960166]
[11.3543259],[1.88110802],[14.33649271]
[8.93588081],[1.57095789],[9.84630215]
[7.70504573],[1.48861177],[7.4017383]
[5.95291877],[1.393643],[5.09194185]
[4.33079929],[1.13762448],[3.99017278]
[2.94894219],[0.98798756],[3.55716245]
[3.08153217],[1.35296064],[4.0146734]
[3.36032824],[1.50346561],[4.31208959]
[3.41050867],[1.5881511],[4.6663105]
[3.64045415],[1.65204947],[5.09420093]
[3.74015946],[1.69561142],[5.37393708]
[3.9569607],[1.72175513],[5.7121253]
[4.12724102],[1.73882407],[6.04471824]
[4.2160204],[1.75150365],[6.27759189]
[4.306874],[1.77231541],[6.39790943]
[4.41036865],[1.7771103],[6.5547708]
[4.46948586],[1.78190237],[6.62312512]
[4.56348218],[1.77401075],[6.74558242]
[4.54126719],[1.77995744],[6.75220809]
[4.6291197],[1.77363167],[6.80987977]
[4.5814563],[1.7800584],[6.83551116]
[4.67207226],[1.78269886],[6.87243674]
[4.62345984],[1.78696494],[6.90891053]
[4.68200026],[1.7971231],[6.96527594]
[4.64007244],[1.81743278],[7.04523804]
[4.74751471],[1.81651489],[7.16576108]
[4.67669251],[1.83113933],[7.18684491]
[4.75879045],[1.81973543],[7.24791546]
[4.68224385],[1.80476332],[7.20721009]
[4.76026483],[1.78716091],[7.20136911]
[4.68516507],[1.76955628],[7.09113064]
[4.77258095],[1.75397606],[7.07664664]
[4.70368292],[1.7454129],[6.95117441]
[4.69024381],[1.73010352],[6.89668295]
[4.6195355],[1.71994314],[6.76390116]
[4.59263221],[1.70737629],[6.68581253]
[4.53592161],[1.69718028],[6.57089474]
[4.48843991],[1.68884239],[6.47751793]
[4.4210473],[1.6792958],[6.35826047]
[4.37378891],[1.67133235],[6.2714848]
[4.32209647],[1.66483935],[6.17896521]
[4.25182608],[1.65183505],[6.08569333]
[4.21131179],[1.63517889],[5.98004234]
[4.1595426],[1.62196955],[5.86581412]
[4.04689896],[1.60834865],[5.72598292]
[3.99068119],[1.59188223],[5.60357159]
[3.96269093],[1.5768226],[5.50042073]
[3.92568353],[1.55906163],[5.3670642]
[3.88408243],[1.54066489],[5.20570723]
[3.82486576],[1.52078732],[5.05680353]
[3.78350389],[1.49772049],[4.92815042]
[3.75470051],[1.46318532],[4.80919913]
[3.72581852],[1.42131923],[4.68815493]
[3.70311557],[1.37776171],[4.55846471]
[3.67741645],[1.32488806],[4.41078727]
[11.47208062],[1.94576325],[14.76042416]
[9.0705343],[1.61085614],[10.03828452]
[7.7933064],[1.50969869],[7.50610819]
[5.98755186],[1.40918027],[5.09244522]
[4.21578208],[1.15580816],[3.92340437]
[2.91802862],[0.99883776],[3.54389305]
[3.15314616],[1.38395649],[4.0995831]
[3.39908439],[1.53085824],[4.41164698]
[3.47101171],[1.60842549],[4.78273783]
[3.70828857],[1.66816991],[5.24047664]
[3.80645244],[1.7096854],[5.51711453]
[4.03665067],[1.74195369],[5.87512893]
[4.20858738],[1.76766242],[6.2433849]
[4.31321375],[1.78143046],[6.49579]
[4.40110459],[1.82117915],[6.66813289]
[4.4291697],[1.81246323],[6.83499615]
[4.48177663],[1.85114766],[6.93385646]
[4.60380606],[1.81577846],[7.06693419]
[4.58650004],[1.85620764],[7.11604349]
[4.68728875],[1.81854317],[7.19339584]
[4.62552786],[1.8584409],[7.23120945]
[4.73879263],[1.82769109],[7.33294672]
[4.71600189],[1.85963336],[7.39384331]
[4.84633291],[1.8600253],[7.54200988]
[4.80321213],[1.89872126],[7.62425609]
[4.93488864],[1.8986836],[7.79101074]
[4.87662528],[1.91883697],[7.80760954]
[4.9385939],[1.89936114],[7.84788575]
[4.90369592],[1.88714987],[7.84142002]
[4.93394545],[1.87455004],[7.78652637]
[4.92355811],[1.84483973],[7.71696744]
[4.94322377],[1.82911158],[7.62814306]
[4.8814797],[1.80229669],[7.50820953]
[4.87388859],[1.78218057],[7.43030993]
[4.79108083],[1.762569],[7.28823901]
[4.78101822],[1.75016288],[7.2101704]
[4.70778406],[1.73787701],[7.06809015]
[4.69156425],[1.72602457],[6.98823339]
[4.62075209],[1.71253457],[6.83136358]
[4.56988579],[1.70106703],[6.71997207]
[4.52320332],[1.69493301],[6.61281289]
[4.46577967],[1.68245723],[6.5137145]
[4.42170788],[1.66738556],[6.40131902]
[4.37490574],[1.65278113],[6.27497636]
[4.26094956],[1.63983954],[6.12676307]
[4.17043733],[1.62421851],[5.9384599]
[4.08209075],[1.60945206],[5.7913467]
[4.03552021],[1.59289944],[5.65898918]
[3.99325072],[1.57500636],[5.51727229]
[3.9419994],[1.55636158],[5.36906519]
[3.88645302],[1.53317763],[5.21338172]
[3.83831018],[1.5010414],[5.05903243]
[3.80455554],[1.46232181],[4.93691799]
[3.78633327],[1.42221565],[4.80932554]
[3.7654607],[1.37779623],[4.67115832]
[11.74118056],[1.97416934],[15.11708308]
[9.21278436],[1.62413389],[10.13521577]
[7.83894396],[1.52096683],[7.48481667]
[6.0036052],[1.41594886],[5.01318372]
[4.10199156],[1.15398001],[3.82168809]
[2.91130528],[1.01257633],[3.44741786]
[3.19483475],[1.42006483],[4.16790101]
[3.34977116],[1.54382177],[4.46576898]
[3.55125135],[1.61988432],[4.85834898]
[3.78884043],[1.67181022],[5.32803396]
[3.89393186],[1.72415696],[5.60493558]
[4.02764563],[1.75917668],[5.98646125]
[4.33161592],[1.8121468],[6.41395554]
[4.44757664],[1.8175227],[6.64819634]
[4.52532004],[1.89076156],[6.82966879]
[4.54907824],[1.88595609],[6.98456382]
[4.59565201],[1.91926731],[7.10941743]
[4.65291308],[1.89086026],[7.24156384]
[4.69546745],[1.92550693],[7.34320611]
[4.80142812],[1.89544864],[7.47105981]
[4.78529674],[1.93218184],[7.54966774]
[4.92972442],[1.90004047],[7.70443311]
[4.94117375],[1.939635],[7.77611475]
[5.01203731],[1.92988534],[7.92208274]
[5.06285443],[1.97166632],[8.0166936]
[5.0936187],[1.96901821],[8.16642328]
[5.11471248],[1.99133618],[8.21078743]
[5.07038517],[1.96972943],[8.2671185]
[5.12025874],[1.96215109],[8.2626897]
[5.02060882],[1.94535468],[8.17860543]
[5.15431829],[1.91970806],[8.13145745]
[5.02128054],[1.901512],[7.98106815]
[5.1107377],[1.87705457],[7.86835303]
[5.04407821],[1.85563768],[7.74162851]
[5.0210749],[1.82938075],[7.57706193]
[4.96146981],[1.80782695],[7.45981158]
[4.93113674],[1.78003373],[7.3134284]
[4.89088148],[1.75778446],[7.2068034]
[4.85918382],[1.73770904],[7.05873921]
[4.79876206],[1.72661717],[6.94375108]
[4.75238361],[1.71761947],[6.83807538]
[4.70219073],[1.69625598],[6.72303525]
[4.65701133],[1.67812721],[6.5646596]
[4.59803507],[1.66567978],[6.41299706]
[4.53332586],[1.65097713],[6.23595126]
[4.38076142],[1.63566832],[6.0435693]
[4.25430458],[1.62079291],[5.88740137]
[4.1600821],[1.60476921],[5.73098848]
[4.08585088],[1.58741079],[5.58053477]
[4.03816848],[1.56924508],[5.43962335]
[3.98512909],[1.54486436],[5.27512091]
[3.93571741],[1.51414122],[5.12381313]
[3.8796377],[1.47696481],[4.97603081]
[3.85149363],[1.43868527],[4.84036047]
[3.83445918],[1.39617815],[4.69853619]
[12.36565544],[2.00350626],[15.64368299]
[9.47121583],[1.64228834],[10.37601414]
[7.96136128],[1.53430845],[7.59328573]
[6.1378829],[1.42533442],[5.10281053]
[4.14245754],[1.15518641],[3.9227439]
[2.94041736],[1.03874246],[3.571382]
[3.2686293],[1.47229069],[4.41107374]
[3.46790218],[1.58462132],[4.67730846]
[3.69821279],[1.65959839],[5.10748769]
[3.89928741],[1.70126379],[5.57118106]
[4.00340601],[1.76365749],[5.88377735]
[4.21334831],[1.82044651],[6.36208752]
[4.49020564],[1.89698437],[6.85332608]
[4.58650698],[1.90953705],[7.07124439]
[4.65181761],[1.96317449],[7.23052699]
[4.68203905],[1.96686177],[7.4061389]
[4.71938822],[1.98751843],[7.56102057]
[4.90728912],[1.97292118],[7.82693583]
[4.94263687],[1.99989654],[7.91826726]
[5.08175408],[1.98314072],[8.12542033]
[5.08437007],[2.01448763],[8.18668782]
[5.17479633],[1.99510042],[8.38659646]
[5.19828887],[2.0274464],[8.44726855]
[5.2358803],[2.01510021],[8.62231746]
[5.2928077],[2.0559888],[8.72023617]
[5.29787004],[2.05205161],[8.87920771]
[5.36620806],[2.07002935],[8.94715401]
[5.32472331],[2.06008188],[9.02229247]
[5.40109026],[2.05776445],[9.06082733]
[5.31258677],[2.0380466],[9.02020823]
[5.45294828],[2.01713092],[8.99218806]
[5.32444714],[1.99578616],[8.81170328]
[5.52397085],[1.97408391],[8.7804817]
[5.36109409],[1.95139907],[8.58792018]
[5.37246098],[1.92811223],[8.42930548]
[5.27247226],[1.90602728],[8.26465395]
[5.27307543],[1.88089909],[8.09624466]
[5.19126085],[1.85889941],[7.94736254]
[5.19456405],[1.83507617],[7.78441184]
[5.08009241],[1.80978941],[7.57507404]
[5.01944452],[1.79218084],[7.4447141]
[4.97141503],[1.78046033],[7.32601625]
[4.9276104],[1.75989285],[7.19284611]
[4.87982374],[1.72361727],[7.04132086]
[4.83097235],[1.69058614],[6.86814312]
[4.72658254],[1.6754513],[6.64744175]
[4.59845123],[1.6605915],[6.41629221]
[4.43034294],[1.64572906],[6.19046876]
[4.26391848],[1.63003607],[5.99702926]
[4.17665096],[1.61399152],[5.8397308]
[4.1134466],[1.59150338],[5.68292348]
[4.07053671],[1.56531623],[5.53000121]
[4.02189477],[1.53385314],[5.3692119]
[3.98552914],[1.50204035],[5.20894663]
[3.96122959],[1.46718811],[5.05743724]
[12.95534912],[2.03509146],[16.23966869]
[9.7911355],[1.66546191],[10.77154557]
[8.07386762],[1.54879774],[7.78060045]
[6.17739037],[1.44380607],[5.20900209]
[4.08109483],[1.19735317],[4.09010765]
[2.97928837],[1.06271091],[3.67144925]
[3.35014344],[1.51852845],[4.56128873]
[3.62139711],[1.62048861],[4.91574281]
[3.8199202],[1.69066791],[5.34196456]
[3.98814906],[1.73956918],[5.82503297]
[4.10001152],[1.86768787],[6.22349922]
[4.40467495],[1.92784269],[6.8359843]
[4.61037997],[1.97528833],[7.27520931]
[4.69660644],[2.01010735],[7.48468743]
[4.74964755],[2.04029862],[7.69888561]
[4.83172712],[2.06176032],[7.94584284]
[4.87931354],[2.06655309],[8.11334201]
[5.14935237],[2.07105042],[8.52244654]
[5.19946747],[2.08015063],[8.62325512]
[5.28504062],[2.08366742],[8.86895045]
[5.31358337],[2.09689364],[8.92950809]
[5.36545695],[2.09726949],[9.15053285]
[5.40559994],[2.11131642],[9.20999942]
[5.44005407],[2.11360433],[9.40725632]
[5.53920365],[2.1401918],[9.53632152]
[5.56196005],[2.14511032],[9.7365169]
[5.69261009],[2.15439607],[9.83292196]
[5.69046246],[2.1516406],[9.92890141]
[5.78727631],[2.15584647],[9.99796385]
[5.73642849],[2.13636486],[10.01854172]
[5.86894641],[2.12213684],[10.03093296]
[5.77387916],[2.0965363],[9.8613572]
[5.89846333],[2.07677654],[9.81518629]
[5.85915689],[2.05167766],[9.61657966]
[5.81335236],[2.0303042],[9.47164813]
[5.70614421],[2.0079268],[9.247782]
[5.68466633],[1.98376585],[9.06274357]
[5.55534859],[1.96390137],[8.84298356]
[5.55421578],[1.94268553],[8.67705428]
[5.39474918],[1.92209084],[8.44954647]
[5.3133917],[1.90513509],[8.27698133]
[5.2495241],[1.88904733],[8.10306376]
[5.18917853],[1.86506215],[7.91504391]
[5.13884758],[1.8245516],[7.7309308]
[5.0958845],[1.79124653],[7.52714146]
[5.01479256],[1.75565656],[7.28752287]
[4.85812039],[1.72046797],[7.02702214]
[4.70753025],[1.67931007],[6.76247139]
[4.55149955],[1.66316432],[6.48417691]
[4.34335117],[1.64709364],[6.21992473]
[4.23109242],[1.62406599],[6.028309]
[4.15296646],[1.59787346],[5.86042441]
[4.11088378],[1.56770962],[5.71281587]
[4.06634565],[1.53746354],[5.55122037]
[4.04374444],[1.50477557],[5.37729397]
[14.41759993],[2.08784487],[17.14679918]
[10.55704483],[1.71860397],[11.31008546]
[8.62910952],[1.56923832],[8.03355263]
[6.2753729],[1.46602635],[5.34158843]
[4.11523721],[1.22171903],[4.18556816]
[3.00535959],[1.10585673],[3.75562513]
[3.41015482],[1.55141944],[4.6719472]
[3.72735651],[1.64507836],[5.09327476]
[3.92626795],[1.71312257],[5.5362105]
[4.0667913],[1.77569696],[6.06283649]
[4.21890114],[1.92248025],[6.54734917]
[4.5489463],[2.00497645],[7.24357436]
[4.70594312],[2.04228827],[7.63118501]
[4.78261856],[2.08136487],[7.89663805]
[4.84327879],[2.1101833],[8.14093218]
[5.04653672],[2.13075354],[8.50711983]
[5.12710807],[2.13590421],[8.73184308]
[5.31748077],[2.14169478],[9.17125673]
[5.38746661],[2.15015818],[9.31512182]
[5.44911066],[2.15649704],[9.56027376]
[5.49878436],[2.16712423],[9.64705146]
[5.55894121],[2.17162843],[9.88247105]
[5.65782409],[2.182988],[9.99321399]
[5.71083192],[2.18909451],[10.22001643]
[5.88664382],[2.21029808],[10.39785087]
[5.96215914],[2.22075638],[10.66045994]
[6.05663782],[2.26086358],[10.82152163]
[6.07896928],[2.29621058],[10.97288586]
[6.12019886],[2.34759905],[11.07024273]
[6.12682721],[2.35803622],[11.1106071]
[6.2017942],[2.31529048],[11.11789012]
[6.17576288],[2.25776444],[10.96008258]
[6.25338548],[2.20552161],[10.86388236]
[6.31721058],[2.15284715],[10.69513156]
[6.21911802],[2.12810309],[10.48122152]
[6.17242848],[2.10089362],[10.25937521]
[6.088652],[2.07968788],[10.05592348]
[6.02115212],[2.05987124],[9.82811672]
[5.95539251],[2.04029314],[9.64860099]
[5.84692193],[2.02213551],[9.3901052]
[5.73388678],[2.00541057],[9.1841263]
[5.63269919],[1.98987636],[8.9719797]
[5.55156272],[1.97053246],[8.7595078]
[5.47614504],[1.9282083],[8.53225386]
[5.41295641],[1.88817897],[8.27538586]
[5.35005396],[1.84967436],[7.96730621]
[5.15630125],[1.81215894],[7.62327067]
[4.9982158],[1.77119458],[7.32580136]
[4.82153048],[1.73052832],[7.0354505]
[4.671965],[1.68496979],[6.73727695]
[4.50350305],[1.65543487],[6.44531405]
[4.3021275],[1.63160214],[6.1881744]
[4.21321345],[1.60269658],[6.00206645]
[4.14959471],[1.57329432],[5.83679613]
[4.12853529],[1.54118329],[5.67217771]
[16.35081131],[2.11549358],[18.08323033]
[11.23358835],[1.74391667],[11.70589613]
[9.15778188],[1.58073843],[8.24916198]
[6.31557353],[1.47705016],[5.36804176]
[4.15077236],[1.22363496],[4.21939358]
[3.03183094],[1.16164182],[3.84700979]
[3.41178019],[1.56927724],[4.70983728]
[3.84211834],[1.6513172],[5.1942376]
[4.03286323],[1.72265026],[5.67245738]
[4.16040497],[1.81858419],[6.2230107]
[4.43178524],[1.9642589],[6.84470637]
[4.68028891],[2.04918969],[7.52044434]
[4.79901291],[2.09149848],[7.81269139]
[4.91233443],[2.13180108],[8.14471515]
[4.99191983],[2.16303539],[8.49274308]
[5.23567205],[2.18253922],[8.93061728]
[5.32750188],[2.18833788],[9.18568838]
[5.46639475],[2.19035032],[9.62301414]
[5.5476708],[2.20051633],[9.79948378]
[5.61807805],[2.20529627],[10.06176937]
[5.71105502],[2.21897542],[10.180869]
[5.78761951],[2.2227485],[10.43856804]
[5.95198206],[2.24063774],[10.61369613]
[6.02268561],[2.28781902],[10.88055768]
[6.14046048],[2.34142667],[11.09884076]
[6.21041924],[2.37745513],[11.37049581]
[6.30049276],[2.41699253],[11.55553238]
[6.41458983],[2.45022693],[11.76990377]
[6.43653213],[2.48274187],[11.85586658]
[6.54426407],[2.48999108],[12.03914601]
[6.5901651],[2.46451227],[12.04813478]
[6.65006306],[2.43705433],[12.11744404]
[6.74137899],[2.39971069],[11.99279984]
[6.81822184],[2.35303426],[11.83035934]
[6.83534878],[2.28830288],[11.49929167]
[6.72428007],[2.22508719],[11.20559442]
[6.59909258],[2.17596269],[10.8792334]
[6.52080769],[2.13162309],[10.65346955]
[6.36222454],[2.11252569],[10.3926298]
[6.27356612],[2.09478812],[10.15148359]
[6.15021102],[2.0763981],[9.92135586]
[6.05432409],[2.05971643],[9.67806971]
[5.95791341],[2.04244049],[9.41984276]
[5.85623465],[2.00361502],[9.14491768]
[5.76676562],[1.9622731],[8.86604897]
[5.68298468],[1.92125658],[8.51482617]
[5.50815382],[1.88265035],[8.04211848]
[5.29805785],[1.83738914],[7.64063146]
[5.10901775],[1.79393607],[7.29386495]
[4.92772274],[1.74923764],[6.98158054]
[4.76209982],[1.70377712],[6.68323471]
[4.62292684],[1.65991451],[6.40902661]
[4.44713067],[1.61670136],[6.14840922]
[4.26568307],[1.5896807],[5.9361171]
[4.1959453],[1.55918806],[5.74813232]
[17.80692199],[2.14187358],[19.27528399]
[13.08489346],[1.76871033],[12.48070957]
[10.19370869],[1.594357],[8.76236709]
[6.42590774],[1.49092825],[5.48276825]
[4.29555134],[1.23348451],[4.41307011]
[3.06812471],[1.22015014],[4.05760088]
[3.50957272],[1.60902301],[4.94245251]
[3.95888197],[1.67945381],[5.42172682]
[4.13433934],[1.75952472],[5.90796091]
[4.27645589],[1.89813362],[6.57677095]
[4.59709544],[2.02964879],[7.26416283]
[4.79930733],[2.11608572],[7.92953171]
[4.9095585],[2.1639256],[8.2930376]
[5.10391801],[2.20310138],[8.68671359]
[5.21747448],[2.23239332],[9.10843188]
[5.40604964],[2.25058326],[9.61675285]
[5.49674138],[2.25583194],[9.91151195]
[5.60649244],[2.2583656],[10.35417003]
[5.76479114],[2.28887254],[10.63548296]
[5.87288036],[2.32612599],[10.92638212]
[6.00638781],[2.3634155],[11.10411412]
[6.08553234],[2.38806202],[11.3824302]
[6.18915231],[2.42148295],[11.60082129]
[6.23772286],[2.45632627],[11.87330562]
[6.33866847],[2.49178517],[12.11709831]
[6.47025106],[2.521146],[12.4681097]
[6.54593826],[2.55358519],[12.71496826]
[6.7810787],[2.57874736],[13.07717179]
[6.82344672],[2.6043091],[13.18993835]
[6.88408785],[2.61223976],[13.39534795]
[6.97110276],[2.59396966],[13.47600272]
[7.0117675],[2.57170784],[13.56802117]
[7.181713],[2.55103242],[13.61128536]
[7.22488557],[2.51912498],[13.46859276]
[7.39341675],[2.47632482],[13.27627534]
[7.29675439],[2.43931641],[12.89292507]
[7.2381391],[2.38951393],[12.52027669]
[7.09174625],[2.33580413],[12.18914499]
[7.02344745],[2.28704208],[11.86418434]
[6.87383597],[2.25335555],[11.54209626]
[6.75466361],[2.22229216],[11.22008607]
[6.58407669],[2.19194264],[10.92435945]
[6.44530223],[2.16215124],[10.63898919]
[6.29943913],[2.13435218],[10.33792495]
[6.16854816],[2.07142696],[10.02198845]
[6.07680586],[2.03022011],[9.65234605]
[5.95587803],[1.98675732],[9.1224914]
[5.6466085],[1.94002575],[8.5587008]
[5.45453927],[1.89278359],[8.11649012]
[5.27192997],[1.84280349],[7.68328452]
[5.09373768],[1.79549964],[7.35320907]
[4.92755055],[1.75135667],[7.04471319]
[4.78430107],[1.70253218],[6.69057983]
[4.64713609],[1.65782203],[6.39614149]
[4.5123275],[1.60740798],[6.16369878]
[18.18640454],[2.16704606],[20.33964224]
[13.68060625],[1.80070888],[13.29059886]
[11.1925414],[1.60992004],[9.46772395]
[6.46384166],[1.50883238],[5.66139245]
[4.33789776],[1.2745694],[4.65322695]
[3.12041534],[1.2711559],[4.25790956]
[3.60855483],[1.64813935],[5.13561201]
[4.08362971],[1.70767778],[5.65757574]
[4.26600363],[1.79891658],[6.19470663]
[4.43769732],[1.97923251],[6.9996544]
[4.74769],[2.09600723],[7.73736659]
[4.93621224],[2.1882982],[8.4050438]
[5.04379501],[2.23801099],[8.81402588]
[5.29239288],[2.27447024],[9.34538345]
[5.38766375],[2.30005175],[9.82478991]
[5.53530817],[2.31763702],[10.37051235]
[5.65074954],[2.32384476],[10.73196714]
[5.78560074],[2.37703318],[11.18798773]
[6.02874794],[2.44931957],[11.5663966]
[6.12442252],[2.47881575],[11.88945885]
[6.21724116],[2.50986709],[12.08580318]
[6.27839926],[2.53188633],[12.36320529]
[6.35360904],[2.56151505],[12.60606185]
[6.47844919],[2.58836831],[12.96606414]
[6.55804079],[2.61910704],[13.22794899]
[6.80966916],[2.63767338],[13.75027313]
[6.92452969],[2.68489351],[14.04383221]
[7.06022944],[2.69539676],[14.41169649]
[7.19154535],[2.72622025],[14.62506038]
[7.24373631],[2.71727856],[14.85452451]
[7.39171883],[2.70287687],[15.05922658]
[7.45857199],[2.68401572],[15.2537479]
[7.61509748],[2.66978148],[15.40524703]
[7.6622191],[2.64196943],[15.33756009]
[7.73207904],[2.61485436],[15.1831102]
[7.76732217],[2.58872555],[14.85690107]
[7.69007545],[2.5504812],[14.49516642]
[7.61483248],[2.51872473],[14.10854308]
[7.55627889],[2.48636154],[13.80757689]
[7.40934024],[2.45967289],[13.40571875]
[7.31762585],[2.43627913],[13.08365531]
[7.1252313],[2.410146],[12.67346625]
[6.9882278],[2.38428904],[12.31500204]
[6.86181191],[2.36099542],[11.9414601]
[6.74000642],[2.2814561],[11.57302669]
[6.61527815],[2.18372692],[11.14765856]
[6.486522],[2.10172216],[10.54135686]
[6.056413],[2.05348142],[9.71650461]
[5.76220596],[2.00364537],[9.12270831]
[5.54646587],[1.94946501],[8.5679268]
[5.39196282],[1.89607408],[8.12056519]
[5.21661833],[1.84828398],[7.69796101]
[5.03760844],[1.80197939],[7.32945699]
[4.86646522],[1.75832421],[6.98412643]
[4.75323831],[1.69732629],[6.65871968]
[18.56934711],[2.20863463],[21.85697649]
[14.22261265],[1.8958344],[14.20328803]
[11.76634833],[1.64393202],[10.22995009]
[6.57035556],[1.53356357],[5.99452783]
[4.45673777],[1.31457029],[4.84026552]
[3.20756676],[1.31200945],[4.464781]
[3.67754002],[1.67144406],[5.27669407]
[4.18268869],[1.72683421],[5.83221074]
[4.38624675],[1.83723457],[6.44291857]
[4.62171503],[2.03797473],[7.40815027]
[4.85897438],[2.15314333],[8.13721295]
[5.07058019],[2.25073724],[8.83476957]
[5.23288443],[2.29473498],[9.33011889]
[5.44116541],[2.32827049],[9.92237236]
[5.52684382],[2.35059322],[10.50272425]
[5.66382683],[2.3783363],[11.07637134]
[5.83685153],[2.47040889],[11.52732866]
[6.05675575],[2.51071806],[12.01625051]
[6.22640082],[2.57370557],[12.42643444]
[6.30592019],[2.60170646],[12.772714]
[6.374131],[2.63113696],[13.02442987]
[6.48300298],[2.64961478],[13.35526378]
[6.55370771],[2.67881016],[13.65329066]
[6.78169994],[2.69964959],[14.14436168]
[6.90376038],[2.74266803],[14.48269255]
[7.08548273],[2.76119165],[15.02172566]
[7.23762105],[2.79925288],[15.38591166]
[7.38589842],[2.80977329],[15.78765287]
[7.62004515],[2.83625469],[16.12057099]
[7.69837127],[2.80953527],[16.41154148]
[7.7775776],[2.80009411],[16.6859462]
[7.81168914],[2.7848003],[16.9426282]
[7.90280779],[2.77553919],[17.13926931]
[8.01924884],[2.75318611],[17.21301835]
[8.06354207],[2.73633151],[17.10144507]
[8.26226716],[2.71260405],[16.91097817]
[8.20936225],[2.69240206],[16.51501148]
[8.17587563],[2.66718159],[16.16391264]
[8.00886162],[2.64204407],[15.77269544]
[7.92948244],[2.6203537],[15.3846742]
[7.76520692],[2.60053857],[15.00014504]
[7.65435958],[2.5794701],[14.61246728]
[7.4920225],[2.56036444],[14.21025246]
[7.36388423],[2.5416058],[13.79661209]
[7.26201697],[2.49603648],[13.38697205]
[7.14199713],[2.43485627],[12.96642199]
[6.9916384],[2.3673814],[12.3354118]
[6.83056027],[2.26484708],[11.38630664]
[6.12671824],[2.14088782],[10.21420787]
[5.83689596],[2.05815614],[9.53365873]
[5.61810709],[2.00222985],[8.95041068]
[5.48953359],[1.94943128],[8.49937976]
[5.33919796],[1.89549434],[8.0216072]
[5.15988969],[1.84786637],[7.58144248]
[4.99382348],[1.78716484],[7.21811622]
[18.89145753],[2.2331004],[23.23846396]
[14.67814335],[1.93557355],[15.21933469]
[12.20359344],[1.66455493],[10.82043945]
[6.67915509],[1.54839968],[6.39884823]
[4.49909645],[1.33662829],[4.99100607]
[3.16260013],[1.34654302],[4.5927298]
[3.65819785],[1.67674718],[5.38476552]
[4.35165941],[1.72717615],[5.98332606]
[4.5535493],[1.89788671],[6.69904928]
[4.7793598],[2.07723491],[7.73516337]
[4.98808629],[2.18947529],[8.44033861]
[5.25199872],[2.27763175],[9.04014234]
[5.4149877],[2.32428566],[9.59157066]
[5.57566321],[2.35187913],[10.24934902]
[5.68396247],[2.45239475],[10.96456612]
[5.8304248],[2.49596098],[11.57913797]
[6.0960218],[2.57586012],[12.12884596]
[6.26462134],[2.61054016],[12.59218566]
[6.3811302],[2.65897309],[12.96135982]
[6.49393261],[2.68419128],[13.38173322]
[6.55814416],[2.70910125],[13.67833728]
[6.75162496],[2.73269273],[14.14936924]
[6.86780332],[2.76296142],[14.49315483]
[7.08275382],[2.7884683],[15.03922046]
[7.21998119],[2.81581829],[15.46005206]
[7.40152896],[2.83990046],[16.02738596]
[7.64402124],[2.8643845],[16.54014228]
[7.82534336],[2.8842302],[16.99643189]
[7.93604984],[2.89521306],[17.39100469]
[8.05366186],[2.88828535],[17.75371827]
[8.07104629],[2.87981538],[18.00152593]
[8.26341744],[2.85742077],[18.36865752]
[8.36213384],[2.8400378],[18.65319953]
[8.50664974],[2.82155589],[18.86060928]
[8.56616363],[2.8063277],[18.84212194]
[8.64442702],[2.78628345],[18.64295821]
[8.6627594],[2.77209362],[18.2983842]
[8.63228615],[2.74906052],[17.88964355]
[8.55949015],[2.73066163],[17.48187457]
[8.46536809],[2.71254564],[17.07597691]
[8.32624458],[2.6945704],[16.63283068]
[8.22539609],[2.67654519],[16.24301149]
[8.03940186],[2.6610365],[15.76697223]
[7.84950438],[2.64359216],[15.28327241]
[7.73300717],[2.60499421],[14.85468893]
[7.6161725],[2.55341089],[14.42438252]
[7.48662234],[2.49868703],[13.86708579]
[7.35148796],[2.44178822],[13.13010546]
[7.00964782],[2.36133853],[11.95007959]
[6.17280859],[2.22072539],[10.35081537]
[5.86953496],[2.08704475],[9.62088686]
[5.67063329],[2.03245514],[8.9978556]
[5.54922499],[1.97756734],[8.49089095]
[5.41897196],[1.92461882],[8.03061718]
[5.26231729],[1.8541256],[7.5566272]
[19.47394115],[2.25497341],[24.95458049]
[15.41432943],[1.9664811],[16.90030705]
[13.02758813],[1.6802102],[11.74097284]
[10.90624579],[1.56147542],[7.32521245]
[4.67899477],[1.35729317],[5.27834207]
[3.28222591],[1.40158756],[4.91128785]
[3.75138708],[1.70219419],[5.66523882]
[4.51158539],[1.76429695],[6.26166496]
[4.72495273],[1.98932617],[7.15385763]
[4.94500719],[2.14488175],[8.21151307]
[5.12353363],[2.25193149],[8.93324683]
[5.42582287],[2.33010028],[9.61281308]
[5.56376874],[2.38160927],[10.25235249]
[5.74408238],[2.44682175],[10.98628264]
[5.86301177],[2.5777651],[11.72725132]
[6.09632427],[2.61403029],[12.40209063]
[6.28189413],[2.68459381],[12.98332595]
[6.41911551],[2.71259767],[13.45704207]
[6.53569209],[2.77850409],[13.9273459]
[6.72109422],[2.81381531],[14.46395877]
[6.8376244],[2.84545824],[14.8591832]
[7.07318681],[2.87505894],[15.42710802]
[7.18333668],[2.90744604],[15.90634873]
[7.37286145],[2.93432936],[16.43090264]
[7.61162392],[2.9646039],[17.12848326]
[7.98961766],[2.99094841],[17.78526222]
[8.29840176],[3.0174906],[18.43728506]
[8.27694462],[3.05233285],[18.84913685]
[8.32637552],[3.06439809],[19.24136092]
[8.55456617],[3.08696326],[19.71090382]
[8.55570902],[3.04509383],[19.92778505]
[8.69382544],[3.02568738],[20.33536085]
[8.75410708],[2.9768695],[20.60289854]
[8.80633082],[2.94685132],[20.81364691]
[8.87432262],[2.90333695],[20.95611934]
[8.91497368],[2.8817115],[20.8054355]
[9.12904482],[2.86046504],[20.62046179]
[9.11394823],[2.83614525],[20.104833]
[9.07592477],[2.81946576],[19.73369992]
[8.83772099],[2.80652552],[19.19838843]
[8.768848],[2.79089903],[18.74798454]
[8.61526978],[2.77453614],[18.27192665]
[8.5370332],[2.76018854],[17.82650777]
[8.38570474],[2.74594724],[17.32862146]
[8.28737833],[2.71655078],[16.86368252]
[8.18824218],[2.67083934],[16.38571862]
[8.06537574],[2.62338188],[15.85345429]
[7.93724619],[2.57380529],[15.13997154]
[7.65105719],[2.5030409],[14.08301626]
[7.1513278],[2.42848295],[12.48831886]
[6.29902099],[2.34325207],[10.94915389]
[5.92980833],[2.18374164],[10.06109509]
[5.74589083],[2.07443229],[9.39804098]
[5.63454128],[2.02649007],[8.83399872]
[5.53605825],[1.95382987],[8.38421634]
[19.80138354],[2.27397098],[26.89789731]
[15.73512199],[1.99611701],[18.6443936]
[13.3815539],[1.69552529],[13.08359247]
[11.3284341],[1.57481726],[8.17774477]
[4.64016762],[1.38565237],[5.51661639]
[3.35592116],[1.43493958],[5.16251414]
[3.81202172],[1.71910222],[5.8373781]
[4.61030668],[1.79678848],[6.46457563]
[4.84061148],[2.07610836],[7.52897091]
[5.06376452],[2.20829963],[8.60801212]
[5.21738556],[2.30057393],[9.35610702]
[5.5301384],[2.38021958],[10.12958777]
[5.68142767],[2.45513741],[10.89531207]
[5.86925951],[2.55708128],[11.61162803]
[6.05315474],[2.68121846],[12.52605789]
[6.24723204],[2.71918442],[13.20552508]
[6.39861768],[2.78232627],[13.93280001]
[6.55974496],[2.84436713],[14.40274731]
[6.68819403],[2.92641673],[15.12226758]
[7.00142337],[2.95886887],[15.64921028]
[7.10830784],[2.98950898],[16.38247381]
[7.3022988],[3.01988561],[16.93706971]
[8.08543533],[3.0508422],[17.67704019]
[8.2244518],[3.10018439],[18.36455232]
[8.67064289],[3.12017063],[19.25623933]
[8.73278557],[3.18059123],[19.9518326]
[8.90159095],[3.19790054],[20.5466415]
[9.01124088],[3.25308191],[21.08760998]
[9.2082394],[3.27551307],[21.55121845]
[9.19179319],[3.30627301],[21.93214914]
[9.25743688],[3.28056964],[22.15870708]
[9.22035097],[3.26142882],[22.45632797]
[9.3505666],[3.18862799],[22.88472326]
[9.42027332],[3.1403744],[23.15037977]
[9.57437531],[3.09173754],[23.47852621]
[9.6181231],[3.0502286],[23.48222832]
[9.66531926],[3.0049213],[23.25293731]
[9.65887441],[2.9660698],[22.71592025]
[9.5822912],[2.92058421],[22.26214618]
[9.4672764],[2.8997002],[21.69931569]
[9.3668186],[2.88025139],[21.22193339]
[9.24237684],[2.8594543],[20.65303531]
[9.15055731],[2.84105663],[20.1564208]
[8.99814328],[2.82849914],[19.54948936]
[8.85422816],[2.80278285],[19.01729365]
[8.69866867],[2.76632947],[18.46695147]
[8.53409559],[2.72402952],[17.89120357]
[8.4038005],[2.67961752],[17.2282337]
[8.18446759],[2.61933139],[16.36473444]
[7.9724105],[2.55580721],[14.9426823]
[7.20919084],[2.4891855],[13.08700773]
[6.34399956],[2.41072009],[11.50092997]
[5.97064781],[2.29769175],[10.47763581]
[5.81566847],[2.1484377],[9.77640824]
[5.70911998],[2.05020192],[9.18094933]
[20.1119243],[2.30367629],[29.76511384]
[16.05474912],[2.05308269],[20.51975873]
[13.65945845],[1.727987],[14.48303686]
[11.90358972],[1.59424012],[9.18319318]
[4.63208172],[1.41500283],[5.69567622]
[3.36464427],[1.45417752],[5.30257185]
[3.84897428],[1.72652788],[5.92690096]
[4.69338673],[1.81152328],[6.56434431]
[4.91095169],[2.11249716],[7.72459978]
[5.16856244],[2.2377552],[8.83818171]
[5.30699676],[2.32194092],[9.61930632]
[5.59131929],[2.42108387],[10.41557112]
[5.76718065],[2.5062782],[11.31640524]
[5.960788],[2.625716],[12.01561496]
[6.17155125],[2.74557428],[13.06075085]
[6.33512314],[2.78382148],[13.72544592]
[6.46688399],[2.85702091],[14.58781074]
[6.66265358],[2.94704022],[15.06248841]
[6.87663826],[3.04074335],[15.9823774]
[7.14361274],[3.0888508],[16.63689354]
[7.52231229],[3.11174739],[17.5756123]
[8.2036488],[3.17223201],[18.3029255]
[8.5279297],[3.19447587],[19.19664691]
[8.65234019],[3.24954109],[19.90925315]
[8.86351168],[3.28114095],[20.76498712]
[9.00868369],[3.33678327],[21.51226622]
[9.15248964],[3.37019973],[22.15804429]
[9.38089808],[3.42436266],[22.82416219]
[9.53226017],[3.46129787],[23.33532582]
[9.49173015],[3.49161078],[23.76308447]
[9.64257325],[3.48708863],[24.13023702]
[9.68529155],[3.47908208],[24.49604161]
[9.84183656],[3.41009866],[24.95261294]
[9.88821866],[3.35725073],[25.15988481]
[9.94243037],[3.30529049],[25.34589525]
[9.97838396],[3.24540947],[25.49992336]
[9.9865109],[3.19004747],[25.44432787]
[9.99799477],[3.14298445],[25.22855793]
[9.91456531],[3.10033871],[24.61983217]
[9.72594408],[3.04472983],[24.12615165]
[9.6002786],[3.00904069],[23.52039359]
[9.52055915],[2.97587059],[23.01718898]
[9.42371548],[2.94652435],[22.42893867]
[9.34012228],[2.92388579],[21.8435185]
[9.23099347],[2.89949314],[21.24742283]
[9.14079114],[2.85369716],[20.68384268]
[9.04774628],[2.80542902],[20.06219053]
[8.94998601],[2.76182444],[19.36477463]
[8.71747157],[2.70919247],[18.47106471]
[8.38588913],[2.65645875],[17.32174583]
[8.02314598],[2.60174444],[15.51489196]
[7.23125677],[2.53928286],[13.5641564]
[6.40735524],[2.47381043],[11.91400333]
[6.02504211],[2.40266323],[10.91130413]
[5.89374869],[2.30030439],[10.15570275]
