meltWidth,meltDepth,meltArea
[0.],[0.],[0.]
[0.51026087],[0.11013445],[0.02753154]
[0.70946372],[0.13761708],[0.0480394]
[1.03693656],[0.21457969],[0.11016746]
[1.42267482],[0.24126979],[0.17015093]
[1.59018001],[0.31554463],[0.26412866]
[1.78693705],[0.33985859],[0.33477029]
[1.88363905],[0.39876402],[0.40944117]
[2.02903843],[0.38404766],[0.44188652]
[2.09599524],[0.40888792],[0.4852632]
[2.13426738],[0.38314117],[0.47682388]
[2.11629032],[0.40503437],[0.49773879]
[2.12408877],[0.37985954],[0.48101241]
[2.11534463],[0.38679779],[0.48428614]
[2.09042643],[0.37066235],[0.46748861]
[2.13497936],[0.36233149],[0.4654623]
[2.06474474],[0.35803565],[0.44962105]
[2.1247941],[0.34753499],[0.44954715]
[2.04931711],[0.35039451],[0.44112157]
[2.12898621],[0.33518514],[0.43610244]
[2.04456437],[0.33906357],[0.4261867]
[2.16324422],[0.31901928],[0.42404598]
[2.06874888],[0.32540236],[0.41520536]
[2.21266093],[0.30783655],[0.41482845]
[2.08119749],[0.31570357],[0.39863393]
[2.23056446],[0.29765436],[0.39708459]
[2.06047471],[0.30824731],[0.3780478]
[2.21681009],[0.28835788],[0.37316086]
[2.03145651],[0.29819466],[0.35378079]
[2.16891471],[0.28066507],[0.35036]
[2.03711294],[0.28218226],[0.34172598]
[2.05500977],[0.27429155],[0.32497574]
[1.86543419],[0.25142877],[0.27408628]
[1.68975072],[0.22696703],[0.2260284]
[1.52875674],[0.19619109],[0.18070236]
[1.36084299],[0.16795979],[0.13979442]
[1.19575818],[0.13951583],[0.10113921]
[1.01951817],[0.10437614],[0.06150149]
[0.80775545],[0.0654011],[0.02543382]
[0.29014318],[0.02156302],[0.0027729]
[0.],[0.],[0.]
[0.],[0.],[0.]
[0.],[0.],[0.]
[0.],[0.],[0.]
[0.],[0.],[0.]
[0.],[0.],[0.]
[0.],[0.],[0.]
[0.],[0.],[0.]
[0.],[0.],[0.]
[0.],[0.],[0.]
[0.],[0.],[0.]
[0.],[0.],[0.]
[0.],[0.],[0.]
[0.],[0.],[0.]
[0.03951997],[0.04957965],[0.00091357]
[1.13467808],[0.290827],[0.16310806]
[1.61082908],[0.44751264],[0.37776616]
[1.83085356],[0.50425934],[0.51495195]
[1.92838861],[0.59816513],[0.67697366]
[2.22019659],[0.64532318],[0.85901732]
[2.20726524],[0.73153504],[1.02192667]
[2.41409335],[0.78256711],[1.18577952]
[2.3480128],[0.81899912],[1.26863236]
[2.49489442],[0.85142696],[1.36809192]
[2.62315245],[0.86726969],[1.50572463]
[2.62511328],[0.8792211],[1.50618545]
[2.65698689],[0.85914882],[1.5824015]
[2.53035598],[0.86565184],[1.46890619]
[2.63188055],[0.84634876],[1.55143339]
[2.57609162],[0.86236865],[1.50247463]
[2.68566632],[0.92076378],[1.64096757]
[2.6279085],[0.98348513],[1.64548759]
[2.73384097],[1.00815481],[1.8106668]
[2.66722246],[1.04172602],[1.80611697]
[2.75937817],[1.06660061],[1.95123134]
[2.66949642],[1.07861115],[1.87015034]
[2.78289637],[1.09100505],[1.9922762]
[2.69077958],[1.08593057],[1.89896366]
[2.79534125],[1.09300641],[2.01940515]
[2.67131288],[1.08898842],[1.91047898]
[2.7967117],[1.09645171],[2.04748979]
[2.66190208],[1.09139991],[1.93826333]
[2.78185114],[1.09864659],[2.06646068]
[2.64043681],[1.0946399],[1.96155349]
[2.76452337],[1.09936524],[2.08333622]
[2.71441784],[1.09876403],[2.05138756]
[2.70805291],[1.10076913],[2.0516913]
[2.58465392],[1.10222163],[1.97987191]
[2.46302922],[1.0986827],[1.93875699]
[2.38842782],[1.09264525],[1.91298168]
[2.31890898],[1.08650744],[1.89372954]
[2.19692142],[1.07967465],[1.84349881]
[2.04399873],[1.07181263],[1.78845858]
[1.90733446],[1.06433303],[1.75461511]
[1.94720305],[1.05601889],[1.72886038]
[1.99162002],[1.04265112],[1.68794286]
[2.01560002],[1.02732698],[1.62102767]
[2.03095468],[1.01240416],[1.51504691]
[2.04412735],[0.99643946],[1.36780756]
[2.04439927],[0.98061059],[1.25801126]
[2.04696392],[0.96292783],[1.17263044]
[2.05343296],[0.92705823],[1.09390467]
[2.04346275],[0.86827902],[1.01412856]
[2.03832907],[0.81375327],[0.94842633]
[2.04299728],[0.7666595],[0.89732698]
[2.04599552],[0.72323423],[0.84537783]
[2.04909796],[0.6672936],[0.78963885]
[2.04618748],[0.62381875],[0.74573968]
[0.],[0.],[0.]
[0.],[0.],[0.]
[1.33929323],[0.27996888],[0.26205521]
[2.07360558],[0.51369655],[0.72613689]
[2.23941822],[0.6479324],[0.96737353]
[2.33738651],[0.69854877],[1.12194341]
[2.45900075],[0.77155476],[1.28897492]
[2.66825571],[0.79063004],[1.45290485]
[2.69702719],[0.82922185],[1.51819309]
[2.90282976],[0.83300133],[1.71986378]
[2.92652982],[0.87861351],[1.72218491]
[2.98037413],[0.87271896],[1.83814108]
[2.97841783],[0.89542533],[1.80254835]
[3.02745561],[0.88546637],[1.90392679]
[3.03635129],[0.90434066],[1.85461981]
[3.07739057],[0.90627581],[1.97275424]
[3.09932236],[0.933703],[1.95058053]
[3.12417099],[0.93266535],[2.05574512]
[3.1792096],[0.9447839],[2.03314854]
[3.20903026],[0.95355089],[2.14149481]
[3.25430006],[0.95591712],[2.11662424]
[3.29863004],[0.95736683],[2.20663541]
[3.33380071],[0.96270478],[2.1674796]
[3.37904502],[0.96708857],[2.24735178]
[3.3844338],[0.9633131],[2.19095549]
[3.42468967],[0.96358005],[2.2485016]
[3.41092018],[0.96507957],[2.17296543]
[3.46415324],[0.983743],[2.25418913]
[3.41136243],[0.9942747],[2.17933438]
[3.44501272],[1.00575246],[2.25367688]
[3.40016745],[1.02517982],[2.19944541]
[3.41191214],[1.03203665],[2.24391545]
[3.41140301],[1.07201944],[2.25375168]
[3.36416825],[1.05961651],[2.203556]
[3.32862644],[1.0699129],[2.17188927]
[3.21397198],[1.07602714],[2.12366326]
[3.12555656],[1.08754427],[2.11764302]
[3.05832842],[1.1118757],[2.11964283]
[2.97981153],[1.12573026],[2.1077122]
[2.92507302],[1.1384931],[2.10364975]
[2.87065657],[1.14939301],[2.09529124]
[2.82142676],[1.15326771],[2.09237382]
[2.76774079],[1.14788649],[2.06555007]
[2.68727149],[1.14021617],[2.01473422]
[2.55259291],[1.13267332],[1.97412936]
[2.36523924],[1.11942687],[1.91590513]
[2.1084855],[1.10945171],[1.8399063]
[1.850694],[1.10137656],[1.74243293]
[1.94658543],[1.0864054],[1.67769026]
[2.0324772],[1.06906545],[1.62697511]
[2.11581817],[1.05158178],[1.56702923]
[2.18396071],[0.98681748],[1.49132095]
[2.23429454],[0.90359811],[1.40560224]
[2.26956527],[0.84271509],[1.3272744]
[2.29259075],[0.79383901],[1.27230784]
[0.],[0.],[0.]
[0.],[0.],[0.]
[1.27352503],[0.30089769],[0.23903285]
[2.11358108],[0.51169054],[0.78203098]
[2.27051299],[0.63953529],[1.00980148]
[2.34393639],[0.69370877],[1.14960561]
[2.46584027],[0.76792063],[1.32558309]
[2.61502471],[0.79641172],[1.44061091]
[2.68367727],[0.82985944],[1.50958825]
[2.93315556],[0.84126656],[1.65856188]
[3.01173378],[0.88975837],[1.70259676]
[3.07525156],[0.90228928],[1.85622274]
[3.10946604],[0.9099508],[1.83437806]
[3.13325891],[0.91919069],[1.94731559]
[3.1881498],[0.92744681],[1.92279602]
[3.20997148],[0.94156716],[2.04030376]
[3.27624875],[0.95985574],[2.07050396]
[3.30717507],[0.96017659],[2.15655296]
[3.36750351],[0.9673662],[2.16372036]
[3.42541908],[0.97679816],[2.24085264]
[3.46689462],[0.97406134],[2.23981043]
[3.5435007],[0.98484488],[2.31216686]
[3.56176738],[0.98256438],[2.29332126]
[3.63262936],[0.99746994],[2.35402]
[3.58817054],[0.98929938],[2.318909]
[3.63682216],[1.00078158],[2.35349435]
[3.59508636],[0.99217835],[2.32335154]
[3.6496415],[1.00117604],[2.36324866]
[3.58145002],[0.99435562],[2.32680148]
[3.62424603],[1.00121649],[2.34803243]
[3.55415364],[1.01420715],[2.31334967]
[3.58502414],[1.02114027],[2.31075307]
[3.54367471],[1.06738599],[2.30466962]
[3.51457488],[1.0527159],[2.19870964]
[3.4266127],[1.06443324],[2.19539567]
[3.35593674],[1.07166775],[2.16992873]
[3.27047874],[1.08482896],[2.17200062]
[3.21481308],[1.11198014],[2.1850345]
[3.15140377],[1.12862658],[2.18431891]
[3.1048376],[1.1433585],[2.19131461]
[3.0606204],[1.1559333],[2.19342093]
[3.02077249],[1.16050053],[2.1846408]
[2.97091788],[1.15668964],[2.15741726]
[2.9204148],[1.14949705],[2.11476576]
[2.76176792],[1.14241317],[2.02830023]
[2.55121717],[1.12946806],[1.93259961]
[2.31118867],[1.12119292],[1.85826329]
[1.95841377],[1.11347762],[1.77582872]
[1.85812667],[1.10491438],[1.69855747]
[1.96750258],[1.08872768],[1.65939804]
[2.06536385],[1.07092043],[1.60383313]
[2.13407607],[1.02300618],[1.51106527]
[2.19002193],[0.9341613],[1.41747088]
[2.22869061],[0.86844157],[1.33514758]
[2.25744862],[0.80683644],[1.27381918]
[0.],[0.],[0.]
[0.],[0.],[0.]
[1.31620051],[0.31432375],[0.2540936]
[2.13074706],[0.51214112],[0.79643269]
[2.25280475],[0.6401637],[1.01705666]
[2.34633652],[0.6927954],[1.16248314]
[2.46547321],[0.7544751],[1.33622715]
[2.60785791],[0.79364447],[1.44529737]
[2.80319971],[0.83088802],[1.55767911]
[3.01530272],[0.85980271],[1.7128799]
[3.14079538],[0.89358338],[1.7886979]
[3.14960971],[0.9133746],[1.90657814]
[3.21917787],[0.9341222],[1.96272036]
[3.2361332],[0.94665947],[2.06701345]
[3.30058139],[0.96695739],[2.13554346]
[3.34151044],[0.97170098],[2.20910858]
[3.39868616],[0.97251235],[2.2453154]
[3.45395889],[0.98590406],[2.30141543]
[3.50179839],[0.98759976],[2.3335942]
[3.584078],[1.00119986],[2.40109301]
[3.59980983],[1.00182169],[2.41898924]
[3.68138145],[1.01461146],[2.47195359]
[3.64976457],[1.01555054],[2.46064035]
[3.70222306],[1.02738399],[2.50369192]
[3.63877462],[1.02618235],[2.48454413]
[3.68341236],[1.03192035],[2.49530637]
[3.61519604],[1.02591656],[2.44997177]
[3.66612853],[1.03155849],[2.4658244]
[3.57312933],[1.02472264],[2.38708789]
[3.60997359],[1.03212875],[2.37630755]
[3.49797053],[1.05951896],[2.27238722]
[3.48681594],[1.06723052],[2.26380256]
[3.40927783],[1.12701664],[2.29335323]
[3.37952964],[1.10093106],[2.25885591]
[3.31266675],[1.11204061],[2.27942346]
[3.27230161],[1.11770636],[2.26129765]
[3.19583176],[1.13505997],[2.26810506]
[3.1658369],[1.15726341],[2.28828161]
[3.12715656],[1.16488977],[2.29106503]
[3.0819759],[1.17467555],[2.29498037]
[2.92472468],[1.18748597],[2.23505909]
[2.73808058],[1.19062171],[2.1411614]
[2.52234922],[1.17782068],[2.01852818]
[2.34413503],[1.16408338],[1.92313564]
[2.14130191],[1.15077505],[1.81870329]
[1.82792906],[1.13039911],[1.71345938]
[1.73482858],[1.11715153],[1.64599538]
[1.77803026],[1.10518741],[1.58316029]
[1.87668476],[1.09469597],[1.52068884]
[1.97804431],[1.07717012],[1.44334066]
[2.04846424],[0.97953193],[1.33432218]
[2.10588049],[0.88266532],[1.25337694]
[2.15116514],[0.813253],[1.18980442]
[2.18523585],[0.76236782],[1.137747]
[2.2132906],[0.71987374],[1.10082128]
[0.],[0.],[0.]
[0.],[0.],[0.]
[1.56908904],[0.37078493],[0.45961542]
[2.12078224],[0.54886962],[0.84508838]
[2.26422894],[0.63323297],[1.03164662]
[2.36503346],[0.68066245],[1.17442608]
[2.46255889],[0.7550457],[1.34976045]
[2.63986982],[0.8085015],[1.49237076]
[2.84624675],[0.84550443],[1.627039]
[3.01861719],[0.8731096],[1.78907286]
[3.17559866],[0.901397],[1.91708278]
[3.19231394],[0.9860076],[2.10024881]
[3.27381469],[1.04749114],[2.232232]
[3.2978873],[1.06773733],[2.3207575]
[3.36615478],[1.07208547],[2.38105694]
[3.41775624],[1.07665525],[2.45421493]
[3.47438984],[1.08366083],[2.51650901]
[3.53984041],[1.08574837],[2.57671962]
[3.56985976],[1.09319878],[2.63730385]
[3.66417584],[1.10908088],[2.69920954]
[3.65349012],[1.12769108],[2.77716882]
[3.72688529],[1.1410548],[2.81869568]
[3.6739747],[1.15907668],[2.85513376]
[3.7356667],[1.17417373],[2.87970403]
[3.66844662],[1.1843214],[2.89378369]
[3.71884581],[1.18656535],[2.87119937]
[3.64297947],[1.19163505],[2.8530728]
[3.69631279],[1.20051976],[2.82483998]
[3.57620065],[1.19915029],[2.75059074]
[3.60549592],[1.2029481],[2.68025617]
[3.45995508],[1.21808973],[2.67120085]
[3.46286001],[1.22059217],[2.66549269]
[3.38702271],[1.25303672],[2.70726703]
[3.36076385],[1.24675173],[2.67446432]
[3.29040287],[1.26161798],[2.68565508]
[3.2673549],[1.26802533],[2.6585842]
[3.20251274],[1.27383051],[2.648762]
[3.16771652],[1.28148768],[2.6406715]
[3.02745865],[1.28244521],[2.57365491]
[2.82340566],[1.28494298],[2.48319191]
[2.61131143],[1.28824457],[2.40016267]
[2.43358241],[1.28564644],[2.39427922]
[2.25701639],[1.27308439],[2.36961121]
[2.23280104],[1.25726955],[2.30700505]
[2.27780176],[1.24108768],[2.19889347]
[2.31453835],[1.22156693],[2.0895206]
[2.34466823],[1.20326921],[2.01636226]
[2.36575219],[1.18469804],[1.94295383]
[2.38637652],[1.15679103],[1.85410537]
[2.39247756],[1.06013034],[1.70744287]
[2.39825796],[0.97376092],[1.59183448]
[2.39339806],[0.90208351],[1.48130255]
[2.39172541],[0.84091324],[1.39135863]
[2.39525821],[0.79425382],[1.32873096]
[2.39959356],[0.74008722],[1.26814955]
[0.],[0.],[0.]
[0.],[0.],[0.]
[1.64110318],[0.43835575],[0.58106516]
[2.12947401],[0.54186883],[0.84530222]
[2.27266813],[0.61813308],[1.02051264]
[2.37753722],[0.68109362],[1.1918254]
[2.47125005],[0.77605221],[1.39157663]
[2.67537947],[0.82334193],[1.57076312]
[2.89251372],[0.85017084],[1.7244534]
[3.05676171],[0.88956659],[1.93519772]
[3.23911129],[1.01129655],[2.14510372]
[3.25496536],[1.10441129],[2.33632957]
[3.3371954],[1.13013919],[2.44181601]
[3.3674665],[1.14129744],[2.53077251]
[3.43812056],[1.14948921],[2.6067042]
[3.50274532],[1.15718804],[2.6872008]
[3.54319234],[1.17578787],[2.7892897]
[3.61949006],[1.18771532],[2.84289095]
[3.6317312],[1.20485635],[2.96208818]
[3.71296378],[1.22683143],[3.03230817]
[3.69596694],[1.2482313],[3.11402583]
[3.76775124],[1.26390803],[3.16001745]
[3.71864412],[1.2789059],[3.20069932]
[3.78432362],[1.29426023],[3.2311635]
[3.70476015],[1.30595617],[3.22196995]
[3.75934839],[1.3088904],[3.21961248]
[3.66888654],[1.31259402],[3.17571201]
[3.70723293],[1.31702377],[3.14859849]
[3.57036412],[1.31536193],[3.03834935]
[3.5786888],[1.31607546],[3.01661418]
[3.42819343],[1.32095123],[2.97547326]
[3.44598765],[1.32507725],[2.97519334]
[3.36699634],[1.34375834],[2.99123296]
[3.35270778],[1.34860932],[2.96650056]
[3.29119],[1.34937128],[2.96501763]
[3.27947162],[1.34606733],[2.92287036]
[3.19501103],[1.34413339],[2.89051299]
[3.02885518],[1.34513334],[2.8540184]
[2.78366611],[1.34318724],[2.81252753]
[2.53908377],[1.34164596],[2.77240516]
[2.51157992],[1.3392788],[2.74220581]
[2.55389723],[1.33339915],[2.6965418]
[2.57229059],[1.31975204],[2.61051533]
[2.58897314],[1.3021215],[2.49670432]
[2.59436145],[1.28390972],[2.4040208]
[2.59657575],[1.26633766],[2.32468798]
[2.59994063],[1.24999853],[2.25052272]
[2.59598998],[1.23008871],[2.14654873]
[2.59335287],[1.15941284],[2.01022278]
[2.5854527],[1.07666223],[1.8949408]
[2.57298439],[1.00975767],[1.77256454]
[2.56224669],[0.9496274],[1.66930029]
[2.54507889],[0.8925163],[1.57548384]
[2.52410929],[0.82989513],[1.47548517]
[2.5115637],[0.77331603],[1.40181425]
[0.],[0.],[0.]
[0.],[0.],[0.]
[1.63515941],[0.46119173],[0.5992672]
[2.15296427],[0.55739012],[0.88147323]
[2.2978585],[0.65096075],[1.08371026]
[2.3940272],[0.72767488],[1.27709668]
[2.50844588],[0.80111194],[1.48035214]
[2.72683806],[0.85080434],[1.68520059]
[2.93983744],[0.90488077],[1.8861474]
[3.10003215],[1.01197231],[2.16378729]
[3.29659953],[1.10030074],[2.37854636]
[3.32624582],[1.14359463],[2.52861255]
[3.412831],[1.17704685],[2.66834332]
[3.45419139],[1.20471802],[2.78541391]
[3.52148673],[1.22258168],[2.89745257]
[3.58137272],[1.23954616],[2.96385188]
[3.61855812],[1.26370657],[3.09793934]
[3.6819718],[1.28205102],[3.19468146]
[3.68647565],[1.30434714],[3.29130937]
[3.77766454],[1.32674937],[3.38856998]
[3.74524496],[1.34690484],[3.44365337]
[3.8122073],[1.35695413],[3.50325894]
[3.76270642],[1.37028728],[3.53079392]
[3.83226136],[1.38368912],[3.56557703]
[3.74720656],[1.39318077],[3.54840361]
[3.79966594],[1.39406642],[3.55115533]
[3.6882663],[1.39465699],[3.4961302]
[3.73354739],[1.39471494],[3.47921784]
[3.58207689],[1.39642222],[3.37292179]
[3.59081212],[1.40164234],[3.36569519]
[3.43814758],[1.40850948],[3.31441717]
[3.44889371],[1.41225795],[3.2955122]
[3.36865331],[1.41710422],[3.29029743]
[3.37703385],[1.41210239],[3.27700096]
[3.29733862],[1.4082314],[3.24537339]
[3.24497243],[1.40421341],[3.22556166]
[3.03131638],[1.39957033],[3.16928922]
[2.78623677],[1.39315406],[3.09580868]
[2.72635333],[1.38548588],[3.02822703]
[2.74733684],[1.37862535],[2.97355227]
[2.75764436],[1.37178989],[2.90661327]
[2.76353076],[1.36330564],[2.8209536]
[2.76456825],[1.34954077],[2.70512607]
[2.76608326],[1.33112734],[2.62216344]
[2.75989659],[1.31037098],[2.53327802]
[2.75164303],[1.29360479],[2.45251628]
[2.74463615],[1.27393387],[2.34861583]
[2.73951466],[1.21180265],[2.21689108]
[2.73369357],[1.15679271],[2.11786918]
[2.72198514],[1.09844455],[2.0057272]
[2.71068018],[1.0468667],[1.90620818]
[2.69794345],[0.99931926],[1.82015147]
[2.68343464],[0.9258498],[1.71781638]
[2.6644224],[0.85989348],[1.61822868]
[2.63288506],[0.8017077],[1.51652115]
[0.],[0.],[0.]
[0.5955372],[0.08428151],[0.0241297]
[1.61457713],[0.47048713],[0.59744735]
[2.15605994],[0.58191661],[0.9114451]
[2.30772296],[0.68777002],[1.14443364]
[2.408492],[0.75699185],[1.33868111]
[2.54911412],[0.83107046],[1.55836391]
[2.77715226],[0.87956569],[1.80558077]
[2.98610384],[0.98873177],[2.06470948]
[3.14373302],[1.08357307],[2.33861921]
[3.36029386],[1.13592081],[2.5523095]
[3.4139612],[1.18537526],[2.73279721]
[3.49799758],[1.22512748],[2.8831784]
[3.5607166],[1.24998242],[3.05987851]
[3.60728799],[1.27587778],[3.18770839]
[3.69315463],[1.29627313],[3.27534525]
[3.70095775],[1.32330245],[3.39248228]
[3.78386942],[1.33973688],[3.48488903]
[3.77452981],[1.35917708],[3.574047]
[3.87097063],[1.3781061],[3.66704962]
[3.81464886],[1.39544957],[3.7103579]
[3.88486324],[1.40412537],[3.76875002]
[3.78632799],[1.41493806],[3.75669027]
[3.84400631],[1.42298351],[3.77746042]
[3.71454617],[1.43014777],[3.72363288]
[3.75313551],[1.4300563],[3.7154739]
[3.59654961],[1.43167786],[3.62627075]
[3.62989967],[1.43316432],[3.63367201]
[3.4565563],[1.43784035],[3.56292004]
[3.50586132],[1.44083523],[3.57851626]
[3.35833276],[1.44007913],[3.51720768]
[3.35464933],[1.43604611],[3.52836565]
[3.2548145],[1.43232824],[3.49751333]
[3.10942944],[1.42339439],[3.46841942]
[3.05857765],[1.41605008],[3.37321015]
[3.03162818],[1.41026152],[3.23881599]
[3.02148651],[1.40395871],[3.14409585]
[3.02104751],[1.39524557],[3.06973246]
[3.01747657],[1.38586552],[2.98188838]
[3.02670679],[1.37733093],[2.88996125]
[3.02667833],[1.36876397],[2.83503097]
[3.02373378],[1.35838956],[2.77500586]
[3.01888188],[1.34220473],[2.70041501]
[3.01805338],[1.32113368],[2.59567605]
[2.98926412],[1.26109511],[2.42891645]
[2.95268933],[1.20120784],[2.31940425]
[2.9286498],[1.15566196],[2.22201541]
[2.89165635],[1.11752841],[2.14458075]
[2.8748039],[1.08230209],[2.07149825]
[2.86035956],[1.04508194],[1.9893568]
[2.84568902],[1.00974627],[1.90623877]
[2.82845474],[0.96302046],[1.82151175]
[2.81208104],[0.90845397],[1.73370932]
[2.79664069],[0.85920423],[1.64972929]
[2.77977201],[0.8115063],[1.57067092]
[0.],[0.],[0.]
[0.73344264],[0.12256205],[0.04373652]
[1.61099387],[0.48889858],[0.61292048]
[2.18217459],[0.61823965],[0.98493279]
[2.3390612],[0.72880059],[1.23145659]
[2.4322766],[0.79649165],[1.42855616]
[2.58265097],[0.86597011],[1.66208277]
[2.80942795],[0.96194139],[2.00426869]
[3.01626793],[1.07765846],[2.28663336]
[3.16778247],[1.14430792],[2.51706164]
[3.38039702],[1.19619252],[2.74211237]
[3.4349868],[1.25703348],[2.93691005]
[3.52895043],[1.28810587],[3.17314152]
[3.59118908],[1.31347404],[3.29473254]
[3.64964817],[1.33564438],[3.47327147]
[3.71156913],[1.35099083],[3.55094433]
[3.72570708],[1.37074575],[3.65670688]
[3.81076896],[1.38448238],[3.74459388]
[3.804477],[1.40134843],[3.83554483]
[3.89675906],[1.41862733],[3.93952449]
[3.83912196],[1.43485358],[3.99550339]
[3.90975408],[1.44224884],[4.06985739]
[3.81431276],[1.457317],[4.04316679]
[3.88103974],[1.46013303],[4.09728691]
[3.7518533],[1.47808975],[4.03227456]
[3.80214511],[1.46978564],[4.07880135]
[3.66303421],[1.48882192],[3.96487403]
[3.69459556],[1.47633508],[4.02370029]
[3.46892835],[1.48419138],[3.869967]
[3.47958451],[1.47409415],[3.91970113]
[3.34705338],[1.47454506],[3.78854288]
[3.40557904],[1.46074875],[3.85244974]
[3.40141853],[1.4611751],[3.73300159]
[3.43541559],[1.45705893],[3.67161117]
[3.42628331],[1.45193247],[3.56935485]
[3.44225841],[1.44727324],[3.40716184]
[3.41614104],[1.43924374],[3.31845371]
[3.42092592],[1.43010166],[3.2305126]
[3.41950185],[1.41909617],[3.15182549]
[3.43353817],[1.39981762],[3.10095978]
[3.44419725],[1.38187412],[3.05003609]
[3.44788108],[1.37231813],[2.99337166]
[3.44656596],[1.3575095],[2.91577661]
[3.45815203],[1.30959693],[2.76707718]
[3.45780452],[1.24247316],[2.63011418]
[3.43184248],[1.19071035],[2.51263425]
[3.40899273],[1.15154784],[2.41504584]
[3.38588106],[1.11626602],[2.33188047]
[3.34683033],[1.08491123],[2.24676053]
[3.30293926],[1.04860047],[2.15107235]
[3.26180572],[1.01821742],[2.06631055]
[3.21315324],[0.98702444],[1.98908624]
[3.15046642],[0.94079967],[1.90156838]
[3.10074342],[0.89807801],[1.81947284]
[3.05129505],[0.85644176],[1.74671334]
[0.],[0.],[0.]
[0.76206854],[0.15282735],[0.06869382]
[1.63002222],[0.52433112],[0.66321987]
[2.20888351],[0.65325454],[1.05616157]
[2.37243132],[0.76502009],[1.31487446]
[2.45559885],[0.83200642],[1.50737257]
[2.62546493],[0.89791222],[1.75596451]
[2.84564653],[1.03533015],[2.19295381]
[3.050197],[1.13824737],[2.44448339]
[3.19814809],[1.18465882],[2.65218212]
[3.42012585],[1.24556962],[2.90367728]
[3.47460619],[1.29990974],[3.12366607]
[3.56894644],[1.32439024],[3.40689706]
[3.6233847],[1.34869006],[3.53553915]
[3.66871733],[1.37259098],[3.6836078]
[3.72469187],[1.38762763],[3.78835343]
[3.7479956],[1.40881371],[3.91008063]
[3.82469219],[1.42123481],[4.0252184]
[3.83262378],[1.44441778],[4.14269536]
[3.90490322],[1.45342732],[4.24922072]
[3.85822698],[1.47590857],[4.29499095]
[3.91171569],[1.47363458],[4.38767619]
[3.83910247],[1.50523074],[4.3594113]
[3.89389719],[1.50505352],[4.45891654]
[3.80357707],[1.52945113],[4.37850552]
[3.85186029],[1.52033182],[4.46089592]
[3.71485567],[1.53712062],[4.33824664]
[3.68953398],[1.51998956],[4.37718913]
[3.59594265],[1.53218525],[4.19065173]
[3.68063084],[1.50938238],[4.25223362]
[3.61215901],[1.52307191],[4.10494439]
[3.697797],[1.49932211],[4.09662586]
[3.66504768],[1.50917515],[3.97989243]
[3.73037507],[1.50493108],[3.89466212]
[3.69358913],[1.50017829],[3.77909749]
[3.73405143],[1.49619452],[3.63504704]
[3.69134551],[1.48556933],[3.52770869]
[3.69289704],[1.47235597],[3.43486116]
[3.69642494],[1.45999824],[3.37881092]
[3.71017611],[1.43915583],[3.3310554]
[3.72426388],[1.41777181],[3.27151713]
[3.72962275],[1.38726557],[3.19029975]
[3.72827726],[1.34066415],[3.064249]
[3.74024531],[1.2572801],[2.88908959]
[3.74583088],[1.19872637],[2.74511897]
[3.71558239],[1.15845808],[2.64088318]
[3.6833376],[1.12739941],[2.55308406]
[3.6554389],[1.10040796],[2.48056083]
[3.61366352],[1.07108983],[2.39782607]
[3.57046609],[1.04125354],[2.31596529]
[3.54003542],[1.01450454],[2.23205468]
[3.50379265],[0.98789606],[2.1572115]
[3.45326348],[0.95899675],[2.07624558]
[3.41251778],[0.92657722],[1.99249039]
[3.33792883],[0.89028835],[1.91203455]
[0.],[0.],[0.]
[0.78720948],[0.20440199],[0.11563638]
[1.65027131],[0.56153564],[0.71950831]
[2.24886708],[0.6913481],[1.1398116]
[2.40474973],[0.79855834],[1.39099985]
[2.47926303],[0.86337774],[1.58358992]
[2.68777993],[0.93276333],[1.87831437]
[2.90573741],[1.07881138],[2.3397293]
[3.09315718],[1.16432282],[2.56746097]
[3.23680248],[1.21785416],[2.7863795]
[3.47973682],[1.27467296],[3.12907364]
[3.53114274],[1.32951057],[3.35044823]
[3.63001417],[1.35248412],[3.6155184]
[3.6708386],[1.37601029],[3.77223931]
[3.73177289],[1.40047765],[3.94283589]
[3.79324979],[1.41395856],[4.072004]
[3.83507384],[1.44303869],[4.21567444]
[3.92327994],[1.44856912],[4.34329144]
[3.93668699],[1.48638668],[4.45821797]
[4.01455561],[1.48511574],[4.59272601]
[3.96429175],[1.51795008],[4.61607953]
[4.0294814],[1.51898171],[4.76097917]
[3.94776356],[1.5533943],[4.73407781]
[4.00537584],[1.55337918],[4.85061433]
[3.90102493],[1.57778365],[4.7747867]
[3.93254181],[1.56702091],[4.83851368]
[3.82825708],[1.58303287],[4.69470931]
[3.90388129],[1.56101294],[4.71364552]
[3.83844086],[1.57695097],[4.54526179]
[3.91554797],[1.55025477],[4.59607947]
[3.85079978],[1.56754687],[4.42416949]
[3.93318391],[1.54297292],[4.41403281]
[3.90021584],[1.55303301],[4.29314726]
[3.95075253],[1.54854485],[4.17592272]
[3.92392827],[1.54314105],[4.04398086]
[3.95042218],[1.53877266],[3.90952839]
[3.92590514],[1.52418984],[3.78591926]
[3.92280653],[1.50992067],[3.70186768]
[3.92328793],[1.49743024],[3.64069679]
[3.93299342],[1.47681141],[3.58552425]
[3.94239014],[1.45736487],[3.51560922]
[3.94539481],[1.42616422],[3.40554433]
[3.94094875],[1.38336936],[3.24207753]
[3.94885095],[1.33550138],[3.07058722]
[3.95496849],[1.24882006],[2.91989078]
[3.93787623],[1.19050034],[2.80610576]
[3.90898478],[1.13729411],[2.72797374]
[3.88180924],[1.09932318],[2.63009386]
[3.8470902],[1.06540725],[2.54930158]
[3.7966067],[1.03419601],[2.45975285]
[3.75975313],[1.00291584],[2.37166705]
[3.71572505],[0.98009297],[2.29589442]
[3.66696208],[0.9637701],[2.22647556]
[3.62448421],[0.94482897],[2.15366984]
[3.51603573],[0.92433362],[2.07084993]
[0.],[0.],[0.]
[0.79014922],[0.18728192],[0.11501971]
[1.65735425],[0.5793624],[0.74587538]
[2.28043033],[0.71919549],[1.19578233]
[2.42858239],[0.82194405],[1.44988352]
[2.51882549],[0.88535739],[1.65291353]
[2.76478917],[0.96730815],[2.07051114]
[2.98289355],[1.12368002],[2.47568875]
[3.18144524],[1.19505496],[2.71664769]
[3.3056574],[1.24533303],[2.96569234]
[3.56110619],[1.30499939],[3.3676909]
[3.61739096],[1.35757649],[3.59997185]
[3.70872535],[1.38209548],[3.86660811]
[3.76423522],[1.40823671],[4.05397181]
[3.81098687],[1.43975011],[4.24018243]
[3.90328275],[1.4490308],[4.38499011]
[3.92810681],[1.48452958],[4.51470523]
[4.03253132],[1.48749643],[4.67741542]
[4.01361235],[1.52803077],[4.74771105]
[4.08655169],[1.52923542],[4.91455501]
[3.99436158],[1.55959422],[4.90909198]
[4.04854961],[1.56217573],[5.03119945]
[4.00690877],[1.59314801],[4.97657944]
[4.05617662],[1.57733923],[5.06074178]
[4.02300261],[1.59785553],[4.93561308]
[4.07090163],[1.58140039],[4.95467114]
[4.04828745],[1.59925248],[4.80704114]
[4.09444384],[1.57200772],[4.83991352]
[4.05186331],[1.59132443],[4.63863465]
[4.10061708],[1.56086757],[4.61695331]
[4.06092122],[1.58061862],[4.4083912]
[4.11684484],[1.55337285],[4.34581862]
[4.10278123],[1.56282569],[4.231729]
[4.12364322],[1.55367068],[4.12324164]
[4.11407427],[1.54202792],[3.98707992]
[4.11220645],[1.53184543],[3.88939725]
[4.10186638],[1.51431911],[3.79596339]
[4.08334653],[1.49897666],[3.72523718]
[4.0787663],[1.48434615],[3.64089675]
[4.08259156],[1.46128471],[3.52883134]
[4.08714666],[1.43942324],[3.41099077]
[4.08695724],[1.40709584],[3.2890818]
[4.07908849],[1.36103472],[3.1431763]
[4.08227209],[1.26402943],[2.99798097]
[4.08686534],[1.19506051],[2.89590988]
[4.07253581],[1.14293487],[2.80842387]
[4.04908992],[1.09534018],[2.74378108]
[4.02249636],[1.06214471],[2.67799367]
[3.99220945],[1.03437823],[2.60142644]
[3.9496673],[1.00941769],[2.52480981]
[3.91858152],[0.98247044],[2.44885824]
[3.88299833],[0.96305582],[2.37662746]
[3.83651077],[0.94655329],[2.31027296]
[3.79220352],[0.93342119],[2.2524658]
[3.66032619],[0.91916332],[2.17298216]
[0.],[0.],[0.]
[0.80734887],[0.23158583],[0.15235006]
[1.67816131],[0.60638583],[0.78221085]
[2.32923147],[0.75205726],[1.27040894]
[2.47834683],[0.85110799],[1.53590824]
[2.58927773],[0.91971183],[1.75838442]
[2.85374446],[1.05559184],[2.33803727]
[3.07672236],[1.17031267],[2.65243592]
[3.29668736],[1.23583783],[2.95520832]
[3.41129414],[1.2868375],[3.27475829]
[3.62950674],[1.35336679],[3.67947678]
[3.70374387],[1.39832096],[3.91056693]
[3.7854326],[1.42989337],[4.20224456]
[3.85668318],[1.45096394],[4.39062589]
[3.90236035],[1.49633938],[4.57229492]
[3.99855337],[1.50136228],[4.74738563]
[4.00755642],[1.53765497],[4.84125676]
[4.11911718],[1.54435189],[5.0418379]
[4.09177117],[1.57320556],[5.0933424]
[4.17728421],[1.57699401],[5.27731889]
[4.11446031],[1.60216927],[5.26342429]
[4.16977294],[1.60610415],[5.38520005]
[4.20270178],[1.63152519],[5.33016363]
[4.22428744],[1.6165207],[5.3900027]
[4.20832677],[1.6313732],[5.25799742]
[4.21919366],[1.61870591],[5.27557914]
[4.2087688],[1.62937845],[5.11060558]
[4.2303973],[1.61085416],[5.11895634]
[4.21919439],[1.62234372],[4.90128707]
[4.24612969],[1.60030754],[4.86705763]
[4.22981783],[1.61279831],[4.66793749]
[4.26140596],[1.59230302],[4.60049858]
[4.26495533],[1.59315336],[4.47725505]
[4.26027248],[1.58214083],[4.36677243]
[4.26527969],[1.56983787],[4.24770663]
[4.25241433],[1.55712483],[4.15343523]
[4.26250989],[1.5392749],[4.05492706]
[4.23796044],[1.52198131],[3.97010642]
[4.23529285],[1.50421753],[3.8614988]
[4.23897638],[1.47978436],[3.744555]
[4.24221377],[1.45557363],[3.62421198]
[4.23884279],[1.42398441],[3.50123463]
[4.2256903],[1.3883767],[3.36516874]
[4.22423881],[1.3229853],[3.24346883]
[4.22353498],[1.25884513],[3.14209]
[4.20499412],[1.20579332],[3.04837923]
[4.17591271],[1.14884383],[2.96409777]
[4.14394147],[1.11073328],[2.89506701]
[4.1146345],[1.08286078],[2.81412008]
[4.07124531],[1.05798447],[2.73243404]
[4.03964458],[1.02200199],[2.65632485]
[4.00335553],[0.99221477],[2.58267312]
[3.95917568],[0.96427571],[2.50663619]
[3.92316558],[0.94991613],[2.44105372]
[3.76033059],[0.93663624],[2.35261549]
[0.],[0.],[0.]
[0.82665513],[0.27200888],[0.19024809]
[1.70118763],[0.63412022],[0.82720494]
[2.36728562],[0.78079388],[1.34030779]
[2.53121281],[0.88148227],[1.61880798]
[2.70247762],[0.95111813],[1.88760103]
[2.99476132],[1.11834268],[2.5218513]
[3.17350364],[1.20130056],[2.81874215]
[3.41979027],[1.26493647],[3.20165355]
[3.54690698],[1.3151685],[3.57747026]
[3.74201817],[1.39042112],[3.95251641]
[3.79769346],[1.422925],[4.16876158]
[3.87790914],[1.46994309],[4.47059689]
[3.94618006],[1.49167126],[4.69826162]
[3.98761553],[1.52653136],[4.86036892]
[4.08582647],[1.5316246],[5.06857124]
[4.08684526],[1.56193679],[5.14755519]
[4.20684904],[1.56675933],[5.34420308]
[4.1843233],[1.59754023],[5.39077607]
[4.26408304],[1.60223352],[5.54933021]
[4.23020849],[1.62918495],[5.54091976]
[4.27538908],[1.63078436],[5.65503962]
[4.31041944],[1.65306091],[5.61130992]
[4.31435972],[1.6368568],[5.65889077]
[4.31641545],[1.65412843],[5.5427944]
[4.3113321],[1.63925454],[5.56170707]
[4.319134],[1.64889747],[5.41592965]
[4.32297278],[1.63045136],[5.37741397]
[4.33063084],[1.63735518],[5.12488411]
[4.33789787],[1.61642353],[5.07259722]
[4.33661052],[1.62442692],[4.87101139]
[4.35351117],[1.60718829],[4.80674653]
[4.36674081],[1.60426429],[4.6833114]
[4.35414985],[1.59262361],[4.56939867]
[4.37015908],[1.57967437],[4.45799212]
[4.35120831],[1.56629844],[4.36032392]
[4.37287199],[1.54737561],[4.25721692]
[4.3446556],[1.52931283],[4.15928388]
[4.33666537],[1.51075202],[4.02806065]
[4.3356017],[1.4853429],[3.91050044]
[4.33281902],[1.46030342],[3.78759109]
[4.32600113],[1.42561992],[3.6476069]
[4.31177299],[1.39187172],[3.5137679]
[4.31003111],[1.31734979],[3.39487413]
[4.31026153],[1.26207423],[3.30161391]
[4.29357089],[1.21775369],[3.2108872]
[4.26655275],[1.17225925],[3.12663761]
[4.23580528],[1.13559441],[3.06592317]
[4.20889258],[1.10344648],[2.99084416]
[4.16612046],[1.07868384],[2.89266683]
[4.13450114],[1.04653358],[2.81631441]
[4.09928688],[1.01838707],[2.74398275]
[4.05543286],[0.98943652],[2.66655549]
[4.01858319],[0.96607865],[2.59369956]
[3.82433319],[0.9532475],[2.48846611]
[0.],[0.],[0.]
[0.82042907],[0.24193115],[0.17387563]
[1.71115623],[0.63471481],[0.85372243]
[2.39386953],[0.78917951],[1.39594795]
[2.55775663],[0.90713903],[1.68707527]
[2.78020838],[0.98017953],[2.01643537]
[3.08665185],[1.15899685],[2.66573069]
[3.24595324],[1.23062124],[3.06070534]
[3.50502081],[1.29247497],[3.46700108]
[3.63308878],[1.36422942],[3.8424552]
[3.81830776],[1.4233535],[4.18408971]
[3.86877375],[1.45692717],[4.44937987]
[3.93978069],[1.48831798],[4.70646554]
[4.01902487],[1.52411691],[4.9605389]
[4.0571685],[1.5461892],[5.09318556]
[4.14621888],[1.55881838],[5.29098743]
[4.15060831],[1.58302226],[5.36924649]
[4.25795462],[1.59247811],[5.54802363]
[4.23781006],[1.62581145],[5.58846618]
[4.28241718],[1.62448643],[5.71068107]
[4.31242193],[1.65192265],[5.69579877]
[4.34986878],[1.63933321],[5.76706843]
[4.38848435],[1.66140445],[5.68168581]
[4.39796977],[1.64349123],[5.72219457]
[4.40959188],[1.66112352],[5.61164287]
[4.39489827],[1.6438258],[5.5323547]
[4.41766015],[1.65168956],[5.30053162]
[4.41026735],[1.62942954],[5.22303576]
[4.43116258],[1.63481383],[5.02188653]
[4.4235552],[1.60864552],[4.95503755]
[4.43536633],[1.61306211],[4.78172551]
[4.43932594],[1.58516335],[4.70118999]
[4.46065393],[1.57948882],[4.62183267]
[4.43687411],[1.56358019],[4.50016415]
[4.45451516],[1.54593379],[4.39175386]
[4.42368825],[1.5272878],[4.23642896]
[4.44336728],[1.50273759],[4.10863489]
[4.41241453],[1.47923723],[3.99697723]
[4.41048702],[1.45256458],[3.86437389]
[4.41455788],[1.41947875],[3.75244041]
[4.4173548],[1.35069679],[3.6277839]
[4.41614923],[1.27515463],[3.51562711]
[4.40130821],[1.22954304],[3.42055233]
[4.39785977],[1.18310334],[3.33939871]
[4.39736492],[1.14872133],[3.25303911]
[4.38243819],[1.12050846],[3.17885636]
[4.35702892],[1.0898863],[3.11167137]
[4.32844454],[1.067017],[3.0608267]
[4.3012787],[1.04694945],[3.02255156]
[4.26055476],[1.02857371],[2.94582713]
[4.22856915],[1.00058823],[2.86340652]
[4.19449022],[0.98344284],[2.79710416]
[4.15172158],[0.96941716],[2.72995196]
[4.11575286],[0.95611828],[2.66813013]
[3.89699006],[0.94323939],[2.55718913]
[0.],[0.],[0.]
[0.8355426],[0.28366334],[0.20739124]
[1.73556055],[0.661794],[0.90461012]
[2.43187328],[0.82083079],[1.46683501]
[2.6179712],[0.93667301],[1.77637331]
[2.87234265],[1.01005309],[2.25494947]
[3.20863405],[1.21094411],[2.98016264]
[3.33202662],[1.27120523],[3.39809677]
[3.61450892],[1.34479054],[3.82020059]
[3.7416609],[1.41511984],[4.10677955]
[3.90210621],[1.4656426],[4.43877086]
[3.95848776],[1.49867424],[4.69487161]
[4.01841151],[1.53038835],[4.96060314]
[4.10614214],[1.56342363],[5.20944727]
[4.15284087],[1.58702119],[5.34817358]
[4.22250023],[1.59956778],[5.53127577]
[4.24064717],[1.63128934],[5.62362508]
[4.33052346],[1.63851324],[5.78153591]
[4.31858211],[1.66994201],[5.82255659]
[4.35501239],[1.66519153],[5.92705228]
[4.39383759],[1.6889632],[5.91709356]
[4.42521116],[1.6777964],[5.97629966]
[4.46301712],[1.69327325],[5.89361806]
[4.46516684],[1.67622762],[5.93767013]
[4.48474966],[1.68961744],[5.83953601]
[4.47419722],[1.67336238],[5.74736024]
[4.50618869],[1.67753611],[5.54034759]
[4.49653289],[1.65803447],[5.48861592]
[4.52518831],[1.65955832],[5.30290498]
[4.50478527],[1.63321317],[5.24359592]
[4.5209678],[1.63397504],[5.05907655]
[4.51732892],[1.60695434],[4.97232845]
[4.5428688],[1.59823279],[4.91806717]
[4.50888094],[1.58100945],[4.75730495]
[4.54082946],[1.56230589],[4.66516793]
[4.50805228],[1.5411662],[4.48094319]
[4.53996219],[1.51535093],[4.35231592]
[4.50555793],[1.49033759],[4.23473271]
[4.50380391],[1.46402933],[4.10667181]
[4.50721526],[1.42779566],[3.99470068]
[4.510077],[1.35431852],[3.86904215]
[4.50893456],[1.29426786],[3.76957427]
[4.49894656],[1.24878268],[3.68522547]
[4.4983502],[1.20734016],[3.6153198]
[4.50000273],[1.17549064],[3.50351947]
[4.48796247],[1.14799851],[3.38723174]
[4.46493887],[1.11789958],[3.29676255]
[4.43675759],[1.09363927],[3.21890212]
[4.40913817],[1.07304469],[3.17589574]
[4.36914031],[1.05312551],[3.10027903]
[4.33632023],[1.02940147],[3.0279661]
[4.30226282],[1.00732654],[2.96043412]
[4.26003133],[0.98656441],[2.89102901]
[4.22500466],[0.97271947],[2.83219537]
[3.97700652],[0.96078284],[2.70533303]
[0.],[0.],[0.]
[0.85519626],[0.32224926],[0.24525752]
[1.76508784],[0.67996745],[0.9465393]
[2.47217784],[0.84130421],[1.51109337]
[2.69056468],[0.95190584],[1.85393017]
[2.96109426],[1.0316493],[2.41268057]
[3.32727323],[1.23523251],[3.18148496]
[3.40381498],[1.31274035],[3.60212473]
[3.72037503],[1.38506175],[4.0360385]
[3.83215197],[1.45375378],[4.32479654]
[3.99529993],[1.49967046],[4.67161125]
[4.04678669],[1.53251253],[4.91580572]
[4.10450307],[1.56945934],[5.20742115]
[4.1868836],[1.60108058],[5.4428609]
[4.26053212],[1.62424626],[5.59568985]
[4.29675339],[1.63473284],[5.76061358]
[4.33716099],[1.66273103],[5.86027963]
[4.40088025],[1.6658276],[5.99545131]
[4.40848921],[1.69697637],[6.052683]
[4.42817286],[1.69122839],[6.13828414]
[4.47731826],[1.71208731],[6.13586377]
[4.49144285],[1.70249166],[6.18986627]
[4.54024696],[1.71564033],[6.137646]
[4.53448933],[1.69904544],[6.17843971]
[4.56037948],[1.71141237],[6.12433612]
[4.54164759],[1.69524467],[6.0419762]
[4.58118765],[1.69864396],[5.84454532]
[4.56499674],[1.67765975],[5.80584815]
[4.59982762],[1.67860499],[5.61884507]
[4.568507],[1.65613871],[5.56513845]
[4.59493995],[1.65000242],[5.3949365]
[4.58363291],[1.62899924],[5.30176041]
[4.61622584],[1.61803417],[5.2081615]
[4.57357304],[1.59192818],[5.06261449]
[4.61297012],[1.57229943],[4.93430351]
[4.57298648],[1.55185798],[4.7939936]
[4.61345627],[1.52512885],[4.66718844]
[4.57517009],[1.49929485],[4.54660416]
[4.57387416],[1.47215854],[4.41631688]
[4.57749152],[1.43398294],[4.29220007]
[4.57947366],[1.35784482],[4.16187203]
[4.57778607],[1.30773397],[4.05869924]
[4.56780146],[1.26448766],[3.97000677]
[4.56632136],[1.22071623],[3.89257497]
[4.56794695],[1.18715547],[3.79592776]
[4.55674537],[1.16162811],[3.68748652]
[4.53814114],[1.13240773],[3.57447988]
[4.51176767],[1.1101088],[3.47356251]
[4.48602831],[1.08914422],[3.37348028]
[4.4484805],[1.07099558],[3.28268228]
[4.41664919],[1.0500998],[3.18746914]
[4.38436623],[1.02514942],[3.1020312]
[4.34333812],[1.00270048],[3.03273741]
[4.30953925],[0.98618619],[2.97400661]
[4.04163051],[0.97380058],[2.8331083]
[0.],[0.],[0.]
[0.87755156],[0.36449108],[0.28748408]
[1.80310941],[0.70336189],[0.99176636]
[2.51460767],[0.86115865],[1.55380415]
[2.79261416],[0.96851163],[1.93783962]
[3.03958223],[1.06000794],[2.56867106]
[3.45086925],[1.2515824],[3.38178443]
[3.49365656],[1.34770612],[3.78278884]
[3.82923217],[1.42056769],[4.23500016]
[3.9216214],[1.48206518],[4.52464515]
[4.09434726],[1.52495496],[4.87859943]
[4.14671746],[1.55680485],[5.11743077]
[4.19420902],[1.60110601],[5.42020886]
[4.26364918],[1.62751393],[5.63451498]
[4.36790583],[1.65175517],[5.81367942]
[4.36976062],[1.65798094],[5.95578948]
[4.43285201],[1.68727995],[6.07304215]
[4.46807261],[1.68889341],[6.18443628]
[4.50392776],[1.71640697],[6.25426754]
[4.50182967],[1.71153839],[6.31759791]
[4.56865405],[1.72963228],[6.34692781]
[4.56385836],[1.72120191],[6.39504155]
[4.62984656],[1.73327558],[6.39443339]
[4.6040691],[1.71742619],[6.45607845]
[4.64144056],[1.73348703],[6.37698627]
[4.6110301],[1.71833217],[6.29686304]
[4.661285],[1.71921034],[6.11496567]
[4.63168188],[1.7025438],[6.07243135]
[4.67895393],[1.69298324],[5.89841106]
[4.63222587],[1.67820698],[5.81100708]
[4.67815322],[1.66327039],[5.64060505]
[4.64995558],[1.64864618],[5.52300762]
[4.69125698],[1.63289343],[5.38546572]
[4.63957184],[1.60537859],[5.2416183]
[4.68513073],[1.58123489],[5.09491414]
[4.63633971],[1.55880338],[4.96144984]
[4.68468469],[1.53125985],[4.8344463]
[4.64231012],[1.50467834],[4.71230144]
[4.64171852],[1.47745797],[4.58277032]
[4.64539824],[1.42167708],[4.43913422]
[4.64741332],[1.35267942],[4.31509981]
[4.64630457],[1.31178568],[4.21838122]
[4.63578844],[1.27334381],[4.13097146]
[4.63300682],[1.23095705],[4.05097003]
[4.63436525],[1.19911513],[3.96027698]
[4.6240017],[1.17196557],[3.85885109]
[4.6061903],[1.14478921],[3.76516355]
[4.58145456],[1.12275632],[3.67758797]
[4.55778809],[1.10136739],[3.5801579]
[4.52225624],[1.08583378],[3.48102162]
[4.49103211],[1.06553453],[3.38582502]
[4.46055262],[1.04232642],[3.28450956]
[4.41932376],[1.02028071],[3.17866428]
[4.38562938],[0.99623623],[3.09987196]
[4.10625522],[0.98327902],[2.93682642]
[0.],[0.],[0.]
[0.88743036],[0.3765982],[0.30079694]
[1.80952971],[0.70693532],[1.01335092]
[2.53580713],[0.86963152],[1.5892403]
[2.8605977],[0.98112992],[2.00885501]
[3.09990274],[1.07654256],[2.62497555]
[3.48056553],[1.27611726],[3.52108841]
[3.55767081],[1.37320918],[3.94412737]
[3.86436009],[1.44900695],[4.40369639]
[3.99640599],[1.50382842],[4.69984191]
[4.13855275],[1.55238839],[5.05156125]
[4.20494189],[1.58324],[5.29376335]
[4.25152807],[1.6309418],[5.59427165]
[4.32764139],[1.65269209],[5.80648563]
[4.46660232],[1.67646682],[5.99832492]
[4.44273114],[1.68110102],[6.12845118]
[4.53331003],[1.7099509],[6.24758106]
[4.51233762],[1.70662046],[6.31879666]
[4.59847585],[1.72849861],[6.38298325]
[4.57335594],[1.71941823],[6.41451278]
[4.65968163],[1.73586381],[6.4460813]
[4.63717339],[1.72515065],[6.49932781]
[4.72552272],[1.74141045],[6.45148729]
[4.68224003],[1.72897653],[6.4200335]
[4.73451532],[1.74208046],[6.2841076]
[4.69080705],[1.74573984],[6.24923613]
[4.74960338],[1.74229491],[6.15005221]
[4.73858496],[1.72905864],[6.17206323]
[4.8168248],[1.71248274],[6.02683175]
[4.77783155],[1.69293864],[5.92373251]
[4.83008992],[1.6652522],[5.71444486]
[4.80309068],[1.64113992],[5.56445451]
[4.82185868],[1.61236286],[5.36238407]
[4.76050221],[1.57964748],[5.21275096]
[4.78806891],[1.5484054],[5.05531171]
[4.72576762],[1.50359755],[4.90833925]
[4.76250198],[1.46597995],[4.75348308]
[4.71668626],[1.39853438],[4.59049656]
[4.71701744],[1.33699427],[4.46061749]
[4.72115486],[1.28201665],[4.35775173]
[4.72268052],[1.24558093],[4.2738532]
[4.72214624],[1.22189668],[4.20701938]
[4.71228351],[1.19833236],[4.14267956]
[4.70800351],[1.1695302],[4.08373913]
[4.70868619],[1.14529133],[4.00722841]
[4.69878935],[1.12695719],[3.9168229]
[4.68673527],[1.10735836],[3.84237779]
[4.66240426],[1.09013995],[3.77169068]
[4.63333596],[1.07518546],[3.69893926]
[4.59813451],[1.06275905],[3.62198008]
[4.56762526],[1.04487378],[3.54624406]
[4.5371199],[1.02908671],[3.46004142]
[4.49682279],[1.01595716],[3.36041378]
[4.46382447],[0.99987054],[3.27389939]
[4.17891057],[0.98412373],[3.08998089]
[0.],[0.],[0.]
[0.91226787],[0.42674709],[0.34523794]
[1.84884724],[0.7270826],[1.06852859]
[2.57773002],[0.88121633],[1.64567012]
[2.97683773],[1.00075086],[2.12194577]
[3.18831978],[1.11083027],[2.84213127]
[3.57734639],[1.3196188],[3.79012256]
[3.65111333],[1.40960322],[4.15924046]
[3.97073659],[1.47993269],[4.64264219]
[4.09512389],[1.53508627],[4.91508303]
[4.22626967],[1.58335019],[5.29051711]
[4.28173739],[1.61460849],[5.50207349]
[4.39017707],[1.66247541],[5.8435271]
[4.40146672],[1.68081],[6.00370135]
[4.55691108],[1.71029563],[6.21694972]
[4.52334297],[1.71343169],[6.33522712]
[4.61720453],[1.73988961],[6.46334252]
[4.5884483],[1.73779657],[6.53654654]
[4.68336498],[1.75491755],[6.64301767]
[4.65321972],[1.74971867],[6.6967909]
[4.75832043],[1.7715585],[6.77957046]
[4.72775545],[1.76525437],[6.84362185]
[4.82439897],[1.77832302],[6.80560014]
[4.7734736],[1.7879149],[6.77811025]
[4.8397123],[1.81446867],[6.70200046]
[4.82571915],[1.83503296],[6.72899684]
[4.91255289],[1.83594438],[6.66654089]
[4.90844069],[1.81874803],[6.63714529]
[4.98508198],[1.79580484],[6.49297021]
[4.95032783],[1.77030211],[6.33633293]
[5.00234096],[1.73863322],[6.11686628]
[4.98664399],[1.71199826],[5.94445744]
[5.00246735],[1.67460837],[5.77876865]
[4.95687543],[1.6461733],[5.60673263]
[4.97241892],[1.60857359],[5.45065003]
[4.92276058],[1.55627216],[5.28078601]
[4.94477692],[1.48157582],[5.12217069]
[4.9014213],[1.41477705],[4.93870818]
[4.88147135],[1.35766372],[4.78714199]
[4.86941323],[1.30532691],[4.65856785]
[4.85481838],[1.27398339],[4.55233963]
[4.83755825],[1.2500755],[4.46808156]
[4.81093072],[1.22779119],[4.38548057]
[4.79849211],[1.19771996],[4.30929674]
[4.79777791],[1.17179629],[4.2232505]
[4.78651042],[1.15153496],[4.13133207]
[4.7764353],[1.13061518],[4.03794137]
[4.74943971],[1.11362601],[3.94984228]
[4.71820097],[1.09831423],[3.87707211]
[4.67647037],[1.08473236],[3.79907007]
[4.639215],[1.06724006],[3.72610404]
[4.60742906],[1.05102449],[3.64803494]
[4.56571843],[1.03827677],[3.56424721]
[4.53118888],[1.02384598],[3.48203576]
[4.23435592],[1.01049719],[3.28063054]
[0.],[0.],[0.]
[0.93412429],[0.46835612],[0.38335488]
[1.88590375],[0.74322646],[1.11615553]
[2.60754321],[0.89073144],[1.6990771]
[3.10806425],[1.01987637],[2.23593431]
[3.26826995],[1.15136155],[3.02746504]
[3.67150014],[1.35054295],[4.01909776]
[3.73566659],[1.43525183],[4.34755671]
[4.06327993],[1.50615119],[4.89570658]
[4.17442972],[1.56206839],[5.14191211]
[4.29746261],[1.61325165],[5.5392894]
[4.33803262],[1.64762624],[5.72339546]
[4.54212658],[1.69222018],[6.10561347]
[4.50080081],[1.70754256],[6.2230325]
[4.69258149],[1.73513258],[6.46663413]
[4.61481472],[1.73867947],[6.57212259]
[4.7295601],[1.76366327],[6.74319182]
[4.68104486],[1.76706531],[6.84941397]
[4.81016235],[1.79056906],[7.0384219]
[4.75144273],[1.79029009],[7.10931643]
[4.88018132],[1.81024537],[7.23426039]
[4.82507194],[1.82281513],[7.29324489]
[4.95240716],[1.87153884],[7.33099595]
[4.92054081],[1.89705522],[7.30739265]
[5.01537792],[1.92031104],[7.29850996]
[4.99790664],[1.93722193],[7.28338864]
[5.08214204],[1.94033354],[7.20639783]
[5.07955246],[1.92183375],[7.14531453]
[5.16021179],[1.89786141],[7.00799839]
[5.1347948],[1.8745891],[6.87499758]
[5.19789228],[1.84254155],[6.63189412]
[5.20387429],[1.81563277],[6.44544943]
[5.21940521],[1.78381735],[6.28143385]
[5.16099423],[1.75051581],[6.06525494]
[5.17320991],[1.70776996],[5.90744739]
[5.11545407],[1.65670872],[5.69114582]
[5.11953471],[1.57474639],[5.53484276]
[5.08308552],[1.50448729],[5.33878976]
[5.05581297],[1.44437019],[5.17576773]
[5.03970994],[1.39446459],[5.03620458]
[5.02169447],[1.34764642],[4.91932686]
[5.00140707],[1.31703636],[4.82594378]
[4.97333116],[1.27899668],[4.72313295]
[4.95291324],[1.2495513],[4.61894864]
[4.93443271],[1.22034415],[4.50688886]
[4.90893552],[1.19332829],[4.38680094]
[4.87175468],[1.16727088],[4.25935147]
[4.8123836],[1.14217391],[4.14020223]
[4.764836],[1.11995309],[4.03735628]
[4.72302364],[1.0999868],[3.95426443]
[4.68437685],[1.08317968],[3.88149794]
[4.64759583],[1.06663215],[3.80792972]
[4.60316835],[1.05230115],[3.72794402]
[4.56888003],[1.03769451],[3.65325058]
[4.26984335],[1.02484926],[3.46345276]
[0.],[0.],[0.]
[0.94236628],[0.48342242],[0.40027664]
[1.90785943],[0.75216314],[1.13826999]
[2.62077541],[0.90085488],[1.72904421]
[3.16511901],[1.03105403],[2.29807497]
[3.29757041],[1.17957984],[3.15570113]
[3.72677432],[1.37067946],[4.17494894]
[3.77006003],[1.45348804],[4.47237723]
[4.11137105],[1.52527384],[5.06649358]
[4.19958629],[1.58204979],[5.28220246]
[4.33633828],[1.63397887],[5.70541205]
[4.36817255],[1.66963422],[5.87937542]
[4.64376172],[1.71135624],[6.27322888]
[4.5773682],[1.72527956],[6.37797561]
[4.80650959],[1.75451181],[6.67096756]
[4.69413973],[1.76552378],[6.7822373]
[4.84491913],[1.79531141],[7.06107392]
[4.76182037],[1.80171716],[7.18183786]
[4.92153481],[1.82230692],[7.41753179]
[4.8451417],[1.82155035],[7.48469542]
[5.02401667],[1.87156197],[7.67343643]
[4.9866315],[1.91178927],[7.75506748]
[5.13281203],[1.95297952],[7.85096813]
[5.0865831],[1.97353256],[7.74514335]
[5.19399345],[1.99118671],[7.75712417]
[5.17046017],[2.00554008],[7.75540065]
[5.28394392],[2.01157252],[7.75492077]
[5.31331824],[1.99546611],[7.78358655]
[5.40734681],[1.97256011],[7.67393968]
[5.38547049],[1.94984788],[7.53379753]
[5.43664179],[1.91866858],[7.29606899]
[5.43873913],[1.89132712],[7.08022138]
[5.43554866],[1.86189916],[6.88892345]
[5.4198699],[1.8276003],[6.67754772]
[5.4014761],[1.78576498],[6.49002024]
[5.38186518],[1.73688524],[6.27334208]
[5.36997496],[1.65964303],[6.0911192]
[5.34244014],[1.58925348],[5.87389378]
[5.31191288],[1.5294208],[5.68776504]
[5.29235837],[1.47985671],[5.52909038]
[5.26920168],[1.43643099],[5.3923216]
[5.2435592],[1.40354595],[5.26484944]
[5.20785435],[1.35267499],[5.12253086]
[5.17579005],[1.31041575],[4.99173964]
[5.14402591],[1.27939016],[4.85476932]
[5.08946096],[1.24809542],[4.69088152]
[5.04164827],[1.22073273],[4.54950958]
[4.9826945],[1.19376965],[4.40915083]
[4.91356168],[1.16441909],[4.2718009]
[4.82947709],[1.13819562],[4.13220451]
[4.76078498],[1.1137609],[4.00981983]
[4.6958974],[1.09320047],[3.91158836]
[4.64387373],[1.07346285],[3.82228498]
[4.60448412],[1.05459365],[3.74981383]
[4.30192225],[1.03582773],[3.55950322]
[0.],[0.],[0.]
[0.93664442],[0.47994656],[0.38778204]
[1.88626584],[0.74326256],[1.12538492]
[2.61489151],[0.89468644],[1.71518592]
[3.11058565],[1.028767],[2.27098997]
[3.25361125],[1.18251839],[3.10869368]
[3.65583558],[1.37821689],[4.16803495]
[3.75481113],[1.46080425],[4.49822767]
[4.05983588],[1.53425111],[5.08265084]
[4.19456872],[1.59053869],[5.32488208]
[4.30462605],[1.64598125],[5.72702844]
[4.35612092],[1.68189158],[5.92329302]
[4.67704279],[1.72575078],[6.32550656]
[4.61335019],[1.74477354],[6.46311449]
[4.87244767],[1.77902959],[6.79092284]
[4.73513634],[1.78277491],[6.95272447]
[4.90096212],[1.81168056],[7.26614578]
[4.80778826],[1.81373792],[7.35925992]
[5.01550993],[1.83870793],[7.5803902]
[4.93001768],[1.88044123],[7.65076795]
[5.11055453],[1.9242038],[7.77970013]
[5.07520462],[1.95982281],[7.72752001]
[5.22789472],[1.99364215],[7.78507021]
[5.18256734],[2.00897504],[7.7863435]
[5.29501209],[2.02549625],[7.85953002]
[5.29138197],[2.03408873],[7.91620057]
[5.42524858],[2.03146369],[7.93360269]
[5.42174749],[2.0127433],[7.87546471]
[5.51425852],[1.98625098],[7.72103537]
[5.48085809],[1.96257233],[7.53248666]
[5.53102294],[1.92947593],[7.34908058]
[5.52814415],[1.89893864],[7.14736871]
[5.52386491],[1.86441387],[6.99463128]
[5.51869872],[1.80960812],[6.77502553]
[5.49454711],[1.73722221],[6.59657955]
[5.48923719],[1.66559167],[6.377694]
[5.4707985],[1.60903752],[6.2102043]
[5.45588499],[1.55876767],[6.03468363]
[5.43140123],[1.51445497],[5.89217101]
[5.41708415],[1.47650574],[5.77171939]
[5.39987316],[1.44400716],[5.67262689]
[5.37800577],[1.41654872],[5.56653643]
[5.35502116],[1.37011261],[5.44098155]
[5.33374016],[1.3425697],[5.32219617]
[5.31135282],[1.31265861],[5.19343949]
[5.27399408],[1.28258205],[5.01799628]
[5.21087394],[1.25468975],[4.8011812]
[5.09833863],[1.2283449],[4.60789992]
[5.02581558],[1.20383292],[4.47076026]
[4.9322885],[1.17848239],[4.32467912]
[4.85898817],[1.15471713],[4.19061125]
[4.79259527],[1.1312048],[4.06270906]
[4.71641697],[1.10577644],[3.950217]
[4.64943963],[1.08114817],[3.84818094]
[4.32708262],[1.04137769],[3.63713243]
[0.],[0.],[0.]
[0.94528829],[0.49005468],[0.40127441]
[1.90837413],[0.74998067],[1.14347801]
[2.62838353],[0.90409421],[1.73938532]
[3.16889935],[1.03891281],[2.3419882]
[3.2856389],[1.20881406],[3.21532061]
[3.70480474],[1.39425005],[4.27675483]
[3.78056975],[1.47594104],[4.57919693]
[4.09763985],[1.54759626],[5.16657519]
[4.216005],[1.60332923],[5.39529181]
[4.33816247],[1.66040489],[5.81126277]
[4.38294211],[1.70045153],[6.00022455]
[4.72247695],[1.7491214],[6.45625449]
[4.6410358],[1.77124641],[6.57810892]
[4.89752041],[1.8053472],[6.94337625]
[4.76473532],[1.80902868],[7.13850907]
[4.95127718],[1.83270443],[7.46624424]
[4.87697044],[1.83339582],[7.57108955]
[5.07980402],[1.87945743],[7.82143154]
[5.01095517],[1.92183376],[7.9037185]
[5.18244464],[1.96291587],[8.07343126]
[5.16285292],[1.9970739],[8.02946573]
[5.31136725],[2.02864471],[8.0534584]
[5.27656614],[2.04375659],[8.11717269]
[5.41866763],[2.06013427],[8.22302988]
[5.4237457],[2.06955142],[8.29182091]
[5.53542075],[2.06647544],[8.29858872]
[5.51933463],[2.04950295],[8.24567854]
[5.61119109],[2.02338177],[8.14066369]
[5.56361533],[2.0004594],[7.92631894]
[5.61655189],[1.9678904],[7.76057433]
[5.67449676],[1.93746385],[7.53844005]
[5.68432274],[1.91134944],[7.39428264]
[5.68780932],[1.85288052],[7.15365022]
[5.59767774],[1.78977003],[6.97480611]
[5.60102877],[1.71822947],[6.7509519]
[5.55648933],[1.66200553],[6.57717224]
[5.54824011],[1.61132484],[6.39134707]
[5.52741942],[1.56678374],[6.23781679]
[5.51600677],[1.52860752],[6.11040089]
[5.50188283],[1.49862285],[6.0014745]
[5.48193733],[1.47104669],[5.88808079]
[5.46457536],[1.41886756],[5.74698047]
[5.44771387],[1.37746064],[5.61545027]
[5.42915598],[1.34691047],[5.48287125]
[5.39964122],[1.31706768],[5.31175412]
[5.34800167],[1.28725424],[5.10978283]
[5.27252848],[1.26083487],[4.88052617]
[5.13905735],[1.23445749],[4.66564173]
[5.03136123],[1.20905484],[4.5063111]
[4.94878215],[1.18514554],[4.36371653]
[4.88218184],[1.16141219],[4.2263968]
[4.80628463],[1.13463604],[4.08271071]
[4.73801966],[1.10706135],[3.97551343]
[4.3986082],[1.06685767],[3.74951796]
[0.],[0.],[0.]
[0.95436882],[0.50131776],[0.41555435]
[1.93275183],[0.75733185],[1.16306168]
[2.64334017],[0.91346063],[1.76444437]
[3.22914968],[1.04622763],[2.40477835]
[3.32168314],[1.22319215],[3.28514521]
[3.75721053],[1.40688762],[4.37961583]
[3.80871968],[1.48857013],[4.65148783]
[4.13753433],[1.56058126],[5.25910319]
[4.23804807],[1.62246917],[5.49123182]
[4.36764963],[1.68556345],[5.95744925]
[4.41602439],[1.72325714],[6.1379354]
[4.75070375],[1.77516297],[6.63647303]
[4.69832835],[1.79677044],[6.7509519]
[5.01165061],[1.82944742],[7.24740007]
[4.85411912],[1.83181519],[7.41616778]
[5.07774986],[1.85865651],[7.77981514]
[4.97584484],[1.88832849],[7.89590182]
[5.20375657],[1.93603664],[8.19669631]
[5.1176591],[1.97512822],[8.25865054]
[5.29854737],[2.01299313],[8.4588875]
[5.26578364],[2.04418301],[8.41885098]
[5.43876475],[2.07132287],[8.49636836]
[5.42442735],[2.08549248],[8.58601509]
[5.56116912],[2.10167398],[8.70493251]
[5.53645579],[2.11399258],[8.73190636]
[5.64186122],[2.11043977],[8.7821794]
[5.60121086],[2.09490845],[8.72522046]
[5.74089927],[2.06753588],[8.6495757]
[5.78915492],[2.04482582],[8.43255028]
[5.82493051],[2.01286717],[8.24538198]
[5.98966891],[1.98306673],[8.07599187]
[6.03834592],[1.96104801],[7.92314475]
[6.05574893],[1.90301509],[7.70395535]
[5.97684972],[1.84620847],[7.48340725]
[5.95546919],[1.77312578],[7.26803168]
[5.84860671],[1.71586275],[7.05448226]
[5.8252562],[1.66546846],[6.86103166]
[5.66513901],[1.62049594],[6.66901131]
[5.60712318],[1.57830889],[6.52121568]
[5.57286867],[1.55060223],[6.40255255]
[5.55434769],[1.52285663],[6.27704929]
[5.5403743],[1.47871681],[6.13603901]
[5.52495522],[1.43415943],[5.98984949]
[5.5063176],[1.3926286],[5.84650671]
[5.48221629],[1.3570975],[5.6781268]
[5.44310757],[1.32706815],[5.45211755]
[5.38615943],[1.2992098],[5.21788562]
[5.29369064],[1.27386952],[4.97908233]
[5.12489033],[1.24730588],[4.72508095]
[5.03055818],[1.2241506],[4.57311443]
[4.95967179],[1.20079807],[4.42498743]
[4.88344191],[1.17420416],[4.26553296]
[4.81492006],[1.14578337],[4.12992094]
[4.47182466],[1.10684875],[3.89718947]
[0.],[0.],[0.]
[0.96369],[0.51220162],[0.42960656]
[1.95928544],[0.76446539],[1.18332523]
[2.6622198],[0.92317979],[1.79117663]
[3.29166862],[1.05125857],[2.46347822]
[3.35939559],[1.23708136],[3.35377283]
[3.80648391],[1.41613076],[4.44489522]
[3.84331867],[1.4994263],[4.7210002]
[4.17822179],[1.57447244],[5.35249415]
[4.2629943],[1.6403804],[5.59155234]
[4.40948912],[1.70671236],[6.09151579]
[4.48869612],[1.74273841],[6.27451538]
[4.79161094],[1.7956372],[6.80329692]
[4.78514887],[1.81805864],[6.92151817]
[5.11958064],[1.84663061],[7.54359274]
[4.96280513],[1.84961596],[7.65071227]
[5.22564818],[1.88589822],[8.0754258]
[5.08960375],[1.92798788],[8.17476723]
[5.33701471],[1.97475563],[8.51638299]
[5.22833201],[2.01156437],[8.55183222]
[5.42471788],[2.04860239],[8.80574494]
[5.38390509],[2.07781862],[8.82798507]
[5.61045432],[2.10291328],[9.00678068]
[5.55150674],[2.11877299],[9.00947802]
[5.68515955],[2.1374631],[9.1258235]
[5.63342387],[2.14963087],[9.1779895]
[5.73784376],[2.14586377],[9.27107874]
[5.80982855],[2.13146206],[9.20146748]
[6.05926162],[2.10361499],[9.15586358]
[6.13170723],[2.08035312],[9.00111513]
[6.20132689],[2.04714206],[8.78487118]
[6.22852117],[2.0173488],[8.62781495]
[6.27237476],[1.99576145],[8.4374355]
[6.27735902],[1.94294269],[8.21859934]
[6.25811412],[1.89378452],[7.97557497]
[6.22032367],[1.81605045],[7.75700362]
[6.19156092],[1.74860137],[7.50645664]
[6.14393046],[1.69878635],[7.31435621]
[6.09301781],[1.65402157],[7.10840388]
[6.02058633],[1.62011159],[6.95282837]
[5.95954293],[1.59319375],[6.81766446]
[5.88574505],[1.5654877],[6.67685172]
[5.80418586],[1.52137261],[6.5179085]
[5.71408303],[1.47930604],[6.36232403]
[5.60951671],[1.43788006],[6.20540548]
[5.54778471],[1.40012828],[6.02563738]
[5.51768868],[1.36170535],[5.77383479]
[5.47482872],[1.33090313],[5.50619662]
[5.40783326],[1.30491291],[5.25854432]
[5.27197841],[1.27777672],[4.99222275]
[5.12038131],[1.25306274],[4.74758222]
[5.03989705],[1.22940534],[4.58930719]
[4.96324204],[1.20238256],[4.42378556]
[4.89332347],[1.1716148],[4.27080643]
[4.54566363],[1.13277998],[4.01394182]
[0.],[0.],[0.]
[0.95624356],[0.50615884],[0.41542969]
[1.93358322],[0.75471481],[1.16766774]
[2.64258834],[0.92109559],[1.77284055]
[3.19287616],[1.05284209],[2.41680287]
[3.31468823],[1.24478301],[3.35572119]
[3.71822466],[1.42753781],[4.41710187]
[3.79215194],[1.51330368],[4.76173188]
[4.07672044],[1.59253356],[5.35604603]
[4.23158405],[1.65804092],[5.65521309]
[4.42791497],[1.72913616],[6.15998559]
[4.57270384],[1.76390871],[6.40773977]
[4.85530778],[1.81482994],[6.93772202]
[4.86892562],[1.8264119],[7.07818602]
[5.21039803],[1.85577311],[7.74837673]
[5.06133428],[1.86604387],[7.84528582]
[5.31944125],[1.91803198],[8.29896021]
[5.19010943],[1.95392419],[8.32545455]
[5.44590188],[2.00489023],[8.6309342]
[5.32731354],[2.03329987],[8.58636274]
[5.54563127],[2.06783917],[8.79376475]
[5.52211241],[2.09170784],[8.86322326]
[5.73921899],[2.11511913],[9.04426231]
[5.65019797],[2.13030226],[9.06846437]
[5.78027439],[2.14048718],[9.24242643]
[5.78550087],[2.14447271],[9.28144256]
[5.94843944],[2.13715843],[9.31692707]
[6.13589667],[2.12142249],[9.24620771]
[6.33218849],[2.08994064],[9.20756557]
[6.30975806],[2.06388788],[9.08072718]
[6.40122562],[2.02715021],[8.94176145]
[6.37003632],[1.98671753],[8.78457362]
[6.40550847],[1.95295937],[8.5991451]
[6.40289252],[1.85037262],[8.35101625]
[6.42451014],[1.79054897],[8.12103941]
[6.36809091],[1.73837967],[7.92103305]
[6.36455124],[1.69620217],[7.72833201]
[6.31490371],[1.65744251],[7.56644116]
[6.30289807],[1.62168832],[7.39761411]
[6.25274437],[1.59630444],[7.26261374]
[6.21777917],[1.57489428],[7.14460001]
[6.17208043],[1.55452496],[7.01347449]
[6.12775342],[1.51971567],[6.86283443]
[6.08247154],[1.48331304],[6.70616795]
[6.02444508],[1.44956352],[6.55205562]
[5.8924494],[1.41635169],[6.33707588]
[5.67241609],[1.38025456],[6.07029455]
[5.54297594],[1.34923213],[5.77897028]
[5.495181],[1.32229208],[5.50372738]
[5.40076083],[1.2958932],[5.23815867]
[5.27197963],[1.27118066],[4.99402188]
[5.12895827],[1.24761717],[4.73605672]
[5.05186123],[1.22133168],[4.56759576]
[4.98201746],[1.19017832],[4.40771001]
[4.62975187],[1.1524111],[4.13483714]
[0.],[0.],[0.]
[0.96314608],[0.51177403],[0.42441981]
[1.95839504],[0.76153547],[1.18483191]
[2.65743324],[0.93222967],[1.79844351]
[3.24907287],[1.07876129],[2.50775912]
[3.34148836],[1.27936908],[3.49785333]
[3.74441365],[1.45759895],[4.53295384]
[3.8290859],[1.54176596],[4.89414798]
[4.12264324],[1.61889697],[5.50391658]
[4.29203556],[1.68329331],[5.80681936]
[4.50422995],[1.75884066],[6.34594179]
[4.63122356],[1.79249213],[6.58359902]
[4.93357812],[1.83807631],[7.13917396]
[4.92844666],[1.84800328],[7.28249133]
[5.28938099],[1.88451775],[8.00286094]
[5.13770975],[1.89929882],[8.08370052]
[5.38110238],[1.96731671],[8.54069393]
[5.27718894],[1.99150444],[8.60691548]
[5.50327798],[2.04911508],[8.93916572]
[5.42105994],[2.06652937],[8.98124523]
[5.67023528],[2.10726271],[9.25681038]
[5.62927963],[2.12608989],[9.28382758]
[5.81970078],[2.14805312],[9.44235665]
[5.73218189],[2.16374258],[9.49256216]
[5.91158023],[2.17451554],[9.70952493]
[6.07136918],[2.17744264],[9.77194247]
[6.29819044],[2.17096329],[9.84555651]
[6.32453327],[2.15650519],[9.83354634]
[6.4933537],[2.12608261],[9.78623745]
[6.45214355],[2.10105845],[9.6642541]
[6.5770671],[2.05841222],[9.50992684]
[6.64488521],[2.01850968],[9.37153117]
[6.78207584],[1.98525601],[9.28887787]
[6.82451742],[1.89806594],[9.04104765]
[6.86200981],[1.8348599],[8.83577602]
[6.80518042],[1.77821354],[8.55614974]
[6.77681911],[1.73477021],[8.36262058]
[6.66467439],[1.69540767],[8.12390072]
[6.63456156],[1.6587643],[7.95535177]
[6.47206566],[1.63482818],[7.76232197]
[6.36450937],[1.61292496],[7.60705408]
[6.32611207],[1.59311978],[7.45817675]
[6.29670643],[1.55753293],[7.30639299]
[6.26503724],[1.5215179],[7.15236558]
[6.22575506],[1.48820773],[6.99530312]
[6.15407331],[1.45559863],[6.7910499]
[6.04683655],[1.42167332],[6.52646391]
[5.88674034],[1.38525525],[6.19113011]
[5.60627418],[1.3520016],[5.83627389]
[5.49721214],[1.32391104],[5.53602809]
[5.39698569],[1.29933125],[5.26852573]
[5.2740852],[1.27418093],[5.02734804]
[5.14656039],[1.24756607],[4.74852672]
[5.07605016],[1.21508033],[4.58166045]
[4.71689727],[1.17765207],[4.29177659]
[0.],[0.],[0.]
[0.96811462],[0.51566611],[0.43136111]
[1.97949463],[0.76475425],[1.19466819]
[2.67279072],[0.93735623],[1.8118907]
[3.29204072],[1.10839785],[2.57338997]
[3.37960068],[1.30882708],[3.63540675]
[3.77523777],[1.48419797],[4.66142054]
[3.919447],[1.56755775],[5.05770365]
[4.18725125],[1.64359571],[5.67167966]
[4.37193753],[1.71534972],[6.00531651]
[4.56638735],[1.78394],[6.56189057]
[4.75187476],[1.81679127],[6.83626934]
[5.0018732],[1.85942926],[7.38788372]
[5.05480713],[1.88114792],[7.64197277]
[5.38439773],[1.93846581],[8.39438036]
[5.26310024],[1.9665465],[8.43292506]
[5.47909201],[2.02899814],[8.96053564]
[5.39863201],[2.05173075],[9.04895626]
[5.61626892],[2.10731459],[9.47393309]
[5.58996174],[2.11512482],[9.50084683]
[5.82823732],[2.15991423],[9.77514022]
[5.74002292],[2.16796712],[9.74930641]
[5.93694079],[2.1940961],[9.98638159]
[5.95704233],[2.20400925],[10.03037666]
[6.20824221],[2.21641027],[10.25315637]
[6.33045792],[2.21966099],[10.38052003]
[6.522192],[2.21414631],[10.51982368]
[6.44909321],[2.19529592],[10.43243271]
[6.7307351],[2.16678733],[10.44212597]
[6.83751905],[2.142364],[10.37948154]
[6.97237468],[2.10605842],[10.37335823]
[6.99162108],[2.06916327],[10.21102694]
[7.02286506],[2.03434115],[10.10453426]
[7.06048699],[1.95130749],[9.86329145]
[7.06636628],[1.88640112],[9.62303236]
[7.06755554],[1.82721848],[9.34037042]
[7.02577868],[1.77978075],[9.12525057]
[6.9881149],[1.73859558],[8.88274382]
[6.94569295],[1.70242443],[8.71364466]
[6.89891587],[1.6779491],[8.50880434]
[6.83041703],[1.65537537],[8.33303764]
[6.76592941],[1.63517574],[8.14597328]
[6.69676071],[1.60110811],[7.93669308]
[6.6314192],[1.56547615],[7.75678332]
[6.55343586],[1.53365588],[7.57330926]
[6.34558713],[1.50244323],[7.3294055]
[6.24318301],[1.4698209],[7.05443758]
[6.15566604],[1.43517259],[6.74162911]
[6.02565874],[1.40233582],[6.34132972]
[5.68070642],[1.36915018],[5.94568915]
[5.4889651],[1.34072419],[5.62470738]
[5.38640599],[1.31385181],[5.34652012]
[5.27307431],[1.28754098],[5.1071431]
[5.15781006],[1.25661573],[4.85457296]
[4.79132619],[1.22255338],[4.53387543]
[0.],[0.],[0.]
[0.97166191],[0.51593402],[0.4344035]
[2.00782508],[0.76740472],[1.2070466]
[2.69859731],[0.94511401],[1.83403417]
[3.34702528],[1.13795625],[2.76039966]
[3.42310855],[1.33656371],[3.78572111]
[3.8203099],[1.50652833],[4.7925183]
[4.00333736],[1.58810529],[5.21217942]
[4.25326292],[1.66612509],[5.83312828]
[4.45234532],[1.73876925],[6.18353005]
[4.62269239],[1.80275389],[6.74063618]
[4.84055235],[1.83351376],[7.06355043]
[5.06755831],[1.88173945],[7.60254153]
[5.17403363],[1.91381093],[7.93208884]
[5.453294],[1.98545232],[8.65881779]
[5.39521767],[2.01370855],[8.72750489]
[5.57963988],[2.07571723],[9.31311829]
[5.5275514],[2.09996685],[9.47591515]
[5.76901708],[2.15170275],[9.98033288]
[5.73104528],[2.16073162],[9.93440127]
[5.93839734],[2.20243499],[10.24079816]
[5.84224894],[2.20429794],[10.22120567]
[6.15513359],[2.23501703],[10.54301547]
[6.28568931],[2.24034836],[10.5830212]
[6.5316299],[2.2508872],[10.82091616]
[6.48838647],[2.25336218],[10.95107474]
[6.70447944],[2.24772853],[11.13782776]
[6.76962121],[2.23326796],[11.10242694]
[7.08968476],[2.20651802],[11.29012216]
[7.08589359],[2.18231335],[11.24405445]
[7.19260913],[2.14774109],[11.21264482]
[7.1828169],[2.1122387],[11.03272257]
[7.17913338],[2.08222035],[10.8831627]
[7.21908215],[2.01111867],[10.65642329]
[7.23946441],[1.93715486],[10.39220893]
[7.37015697],[1.87455109],[10.14179472]
[7.19488387],[1.82192401],[9.85556858]
[7.19718888],[1.77763163],[9.61317604]
[7.11549228],[1.7424611],[9.40456736]
[7.09775083],[1.71609513],[9.20770007]
[7.04752599],[1.69113722],[9.01996567]
[7.00656574],[1.67006694],[8.82813606]
[6.96586946],[1.63607662],[8.61804152]
[6.92461347],[1.60322193],[8.41732565]
[6.87690531],[1.57437497],[8.23063525]
[6.77569424],[1.54532912],[7.99147786]
[6.61434277],[1.51409472],[7.67643434]
[6.36261458],[1.48260248],[7.31408934]
[6.24006813],[1.452293],[6.88242104]
[6.12629446],[1.42146058],[6.48093613]
[5.6185716],[1.39161004],[6.06748316]
[5.49583572],[1.35580491],[5.77784768]
[5.41449026],[1.32900896],[5.48430531]
[5.33378642],[1.29461055],[5.23597672]
[4.9149123],[1.2607573],[4.85476562]
[0.],[0.],[0.]
[0.96034377],[0.50535329],[0.41252842]
[1.98485147],[0.75199122],[1.18453568]
[2.67232962],[0.94170994],[1.80232499]
[3.23519262],[1.14742322],[2.61977774]
[3.40336826],[1.3493775],[3.81649656]
[3.85105534],[1.52234525],[4.80727772]
[4.06091534],[1.60217417],[5.26693076]
[4.29980039],[1.68550142],[5.87360911]
[4.51707333],[1.75653523],[6.29510281]
[4.67422476],[1.81840375],[6.82768708]
[4.89404954],[1.84033826],[7.17805021]
[5.12269563],[1.89543657],[7.75551948]
[5.23941319],[1.95001494],[8.15906148]
[5.51575931],[2.02070265],[8.85254898]
[5.50570756],[2.05112939],[8.98825817]
[5.65864611],[2.10945558],[9.54622087]
[5.68434944],[2.12468399],[9.69728662]
[5.87974458],[2.16879226],[10.0274595]
[5.83434248],[2.17384726],[10.01371042]
[6.01823029],[2.21324048],[10.35418546]
[6.00243217],[2.21773685],[10.31179266]
[6.44288899],[2.24175397],[10.66966341]
[6.48195279],[2.24193153],[10.74320408]
[6.71086623],[2.25258507],[11.00241805]
[6.67329228],[2.24672605],[11.07245212]
[7.04790815],[2.23791676],[11.28392371]
[7.07837537],[2.22102519],[11.34664384]
[7.28361589],[2.19148572],[11.58514003]
[7.22779367],[2.16456657],[11.55593005]
[7.3311365],[2.12340095],[11.56793573]
[7.52284997],[2.07419679],[11.51403495]
[7.54073178],[2.03268224],[11.35521884]
[7.63520907],[1.93857412],[11.2368147]
[7.65810348],[1.88299899],[10.99298528]
[7.70267424],[1.83185786],[10.77149621]
[7.66767599],[1.78977186],[10.48975027]
[7.62662635],[1.75276785],[10.2820144]
[7.54688115],[1.73178813],[10.04633532]
[7.51612973],[1.71383089],[9.89141404]
[7.41021512],[1.69477442],[9.67333358]
[7.31538982],[1.67709481],[9.49650216]
[7.22282938],[1.64483844],[9.31425923]
[7.1423742],[1.61886925],[9.14198962]
[7.10372337],[1.59074658],[8.95818485]
[7.01989155],[1.56473991],[8.71336461]
[6.94808764],[1.53555667],[8.44306821]
[6.85955807],[1.5072487],[8.11291546]
[6.73644446],[1.48195709],[7.74644193]
[6.55663187],[1.45661585],[7.18334812]
[6.27032071],[1.42904206],[6.65018119]
[5.8427017],[1.38756501],[6.19388483]
[5.52854077],[1.35823468],[5.90653191]
[5.47497801],[1.32449562],[5.6270719]
[5.0874831],[1.29023507],[5.20145744]
[0.],[0.],[0.]
[0.96961905],[0.51144521],[0.42148252]
[2.03495795],[0.76065701],[1.2130941]
[2.70278051],[0.95058102],[1.83325659]
[3.31806828],[1.18211627],[2.73907054]
[3.50089655],[1.38048703],[3.97421565]
[3.90988662],[1.54696685],[4.96484381]
[4.12322745],[1.62531488],[5.41395932]
[4.35575371],[1.71508807],[6.04070349]
[4.5778746],[1.7811396],[6.46241014]
[4.73789357],[1.83613403],[6.99772324]
[4.94850264],[1.85874501],[7.36563792]
[5.20922177],[1.93653421],[8.06115791]
[5.2740303],[1.99932119],[8.38124453]
[5.57124556],[2.06818039],[9.12937533]
[5.5644471],[2.09874055],[9.27959077]
[5.74718939],[2.15254297],[9.92797598]
[5.76682464],[2.16948992],[10.13832278]
[5.93990727],[2.20914412],[10.38628275]
[5.8800929],[2.21302701],[10.42699091]
[6.05559304],[2.25152017],[10.77107736]
[6.28210551],[2.25124389],[10.85859212]
[6.65341774],[2.28063433],[11.19755246]
[6.59328299],[2.2769465],[11.31707447]
[6.89619757],[2.28993944],[11.6043345]
[7.03369063],[2.28011369],[11.77683115]
[7.28731136],[2.27330571],[12.09908655]
[7.23226505],[2.26001654],[12.15993319]
[7.39689648],[2.23168376],[12.36212738]
[7.62986759],[2.20497395],[12.46293301]
[7.78634352],[2.17003974],[12.55688704]
[7.80612119],[2.12506474],[12.51525494]
[7.83111879],[2.09045273],[12.37787408]
[7.84880395],[2.00041666],[12.22462147]
[7.86931025],[1.94285845],[12.0104796]
[7.88525739],[1.8903832],[11.80773255]
[7.89698886],[1.84839663],[11.57719453]
[7.84121969],[1.8104293],[11.38713523]
[7.82828203],[1.78632415],[11.19380835]
[7.79740252],[1.76716652],[11.0393354]
[7.77500932],[1.74794047],[10.83306992]
[7.72286915],[1.7276677],[10.62882563]
[7.69278682],[1.69845387],[10.43755861]
[7.65630079],[1.66983482],[10.24625224]
[7.61828033],[1.6400913],[10.03680248]
[7.54370778],[1.61139093],[9.7735969]
[7.41296806],[1.58394011],[9.42941895]
[7.23554766],[1.55511683],[8.9783193]
[7.05092436],[1.52876605],[8.55431471]
[6.9614715],[1.50290084],[8.06400147]
[6.86527962],[1.47269427],[7.57584926]
[6.49287814],[1.43194963],[6.86738285]
[6.03225951],[1.39601966],[6.36215051]
[5.57677497],[1.36240159],[6.0462678]
[5.20048972],[1.32679904],[5.63261633]
[0.],[0.],[0.]
[0.98197396],[0.52201157],[0.43612389]
[2.09493668],[0.77253006],[1.25160868]
[2.73630817],[0.95791833],[1.86590459]
[3.40331906],[1.20039889],[2.93786749]
[3.58043625],[1.39952905],[4.09485878]
[3.96079182],[1.56629268],[5.10718434]
[4.18181684],[1.64480933],[5.55546455]
[4.42876398],[1.73667576],[6.21958265]
[4.6344412],[1.79949358],[6.6332401]
[4.79375318],[1.85223708],[7.17341559]
[5.02264504],[1.89067717],[7.66024807]
[5.27050102],[2.00016793],[8.42135137]
[5.36044577],[2.06016919],[8.81452021]
[5.62677781],[2.12323598],[9.46117887]
[5.66623135],[2.15253652],[9.76928982]
[5.84759925],[2.20231128],[10.37350622]
[5.87205522],[2.21922061],[10.62539555]
[6.01276968],[2.25758944],[10.93465469]
[5.96981808],[2.26123879],[10.98766289]
[6.17116196],[2.29500323],[11.26645641]
[6.47045889],[2.29278382],[11.46146677]
[6.78195774],[2.32139229],[11.79625132]
[6.78245222],[2.31527952],[11.95837557]
[7.21211666],[2.33159095],[12.37775668]
[7.23052487],[2.32413326],[12.5714606]
[7.44182681],[2.32270421],[13.00851627]
[7.46318223],[2.31320959],[13.04874764]
[7.79871436],[2.2876992],[13.38941732]
[7.83799076],[2.26320441],[13.59254207]
[8.03156775],[2.23235067],[13.77303151]
[8.0134283],[2.19816553],[13.72341514]
[8.08515666],[2.16753116],[13.63821724]
[8.11241387],[2.08930842],[13.47302348]
[8.26414378],[2.02852644],[13.3723501]
[8.32424192],[1.97272101],[13.19332837]
[8.44858623],[1.92755758],[13.04166644]
[8.41408228],[1.8881465],[12.76645116]
[8.39770809],[1.8589375],[12.60090567]
[8.28998284],[1.83464234],[12.33260491]
[8.27751945],[1.80990937],[12.14569344]
[8.1529602],[1.78891379],[11.87486776]
[8.07366152],[1.76009844],[11.65628906]
[7.99852876],[1.72756142],[11.44798095]
[7.92934971],[1.69581444],[11.22299061]
[7.86478346],[1.66687273],[10.94741287]
[7.76470772],[1.63838457],[10.59954169]
[7.68665027],[1.60806967],[10.15682707]
[7.57928563],[1.58145028],[9.63829817]
[7.43545621],[1.55381824],[9.07337046]
[7.23725123],[1.52326298],[8.45098838]
[6.9840005],[1.48470921],[7.88598981]
[6.6683839],[1.44617356],[7.22696388]
[6.18067904],[1.40770283],[6.65879019]
[5.38281576],[1.37143926],[6.0732059]
[0.],[0.],[0.]
[0.99499264],[0.53234749],[0.45076006]
[2.16547433],[0.78353813],[1.29432453]
[2.77340485],[0.96531222],[1.89804187]
[3.49061975],[1.21810703],[3.11728366]
[3.65923218],[1.41568598],[4.20701497]
[4.01077676],[1.58075103],[5.23366553]
[4.24097902],[1.65903486],[5.68011601]
[4.49806561],[1.75139622],[6.37171469]
[4.68973697],[1.81154418],[6.77116443]
[4.85314185],[1.86186616],[7.32868537]
[5.1039068],[1.91119194],[7.8775124]
[5.32103974],[2.03463587],[8.64611166]
[5.43758452],[2.09441453],[9.06315712]
[5.67888628],[2.15407911],[9.67627231]
[5.80451501],[2.18597409],[10.13643234]
[5.93775672],[2.23708517],[10.6809991]
[5.96730894],[2.25775499],[11.02364732]
[6.07659788],[2.29523633],[11.38295568]
[6.06885998],[2.30338384],[11.46710782]
[6.44474863],[2.33638764],[11.78864007]
[6.62284896],[2.33445351],[12.07331537]
[6.89339379],[2.36427155],[12.43448246]
[7.09615809],[2.36888954],[12.69222053]
[7.40381531],[2.38242104],[13.26047028]
[7.37459947],[2.39547321],[13.5789373]
[7.58516525],[2.39954764],[14.05241134]
[7.79740585],[2.39505667],[14.39201827]
[8.0847202],[2.38665564],[14.90240842]
[8.07777343],[2.34287933],[14.96930458]
[8.32796976],[2.311513],[15.21553318]
[8.48587091],[2.27807939],[15.28501397]
[8.64859166],[2.25010079],[15.30178797]
[8.69197377],[2.18275352],[15.16323218]
[8.76744661],[2.11793796],[15.01099486]
[8.81267435],[2.05619432],[14.83458153]
[8.82636229],[2.00603499],[14.63649731]
[8.8834513],[1.95896649],[14.40392276]
[8.7721328],[1.92890346],[14.19058892]
[8.76918742],[1.90405132],[13.96090662]
[8.70407354],[1.87958483],[13.72951817]
[8.66684745],[1.85612593],[13.46593477]
[8.6054883],[1.82878018],[13.21413184]
[8.57335745],[1.79479837],[12.96421801]
[8.53489266],[1.76380926],[12.70079528]
[8.48190854],[1.74542905],[12.40147698]
[8.34525518],[1.69395692],[12.02700021]
[8.14621917],[1.6618634],[11.48801001]
[7.90072428],[1.63215837],[10.81837794]
[7.78163057],[1.60137309],[10.16429451]
[7.69946257],[1.56681579],[9.50018116]
[7.54515611],[1.52912554],[8.81789493]
[7.06827452],[1.49118586],[8.10658938]
[6.78901195],[1.45249759],[7.48177804]
[5.90650416],[1.41416888],[6.72758702]
[0.],[0.],[0.]
[0.98276715],[0.35858368],[0.29363172]
[2.09004741],[0.52119518],[0.85261925]
[2.73047115],[0.66090987],[1.32584914]
[3.38472501],[0.90382659],[2.23967396]
[3.64723169],[1.08350008],[3.49406649]
[4.02514095],[1.23625376],[4.43990959]
[4.26290417],[1.32863589],[4.91752554]
[4.5285511],[1.39106965],[5.55805805]
[4.71111982],[1.44474571],[5.96424838]
[4.87852955],[1.49340336],[6.51376344]
[5.14236922],[1.56308376],[7.15650755]
[5.34832649],[1.68876971],[7.90498451]
[5.47860565],[1.75519302],[8.33731769]
[5.75245905],[1.85442292],[9.00919992]
[5.89151467],[1.89209777],[9.52250294]
[5.99930631],[1.93941259],[10.02541026]
[6.02641608],[1.98516202],[10.36629253]
[6.12540749],[2.02729628],[10.76143184]
[6.33416851],[2.05743708],[10.9805208]
[6.66477219],[2.08900512],[11.424949]
[6.73607454],[2.11717035],[11.78857046]
[7.18591268],[2.14675388],[12.30711789]
[7.34507568],[2.18946165],[12.6962552]
[7.55460159],[2.24506491],[13.37283461]
[7.69188845],[2.30924851],[13.70516501]
[8.01704847],[2.43418147],[14.42675246]
[8.03095413],[2.43261588],[14.88504106]
[8.25784534],[2.41258743],[15.44397349]
[8.35842007],[2.38221249],[15.60525248]
[8.74843504],[2.32162233],[16.11704662]
[8.90015055],[2.27383833],[16.24692122]
[8.98639126],[2.23450398],[16.29135826]
[9.06603078],[2.17527977],[16.20009672]
[9.10919859],[2.12343539],[16.03548121]
[9.37889525],[2.08919228],[16.10250824]
[9.47056601],[2.05453421],[16.02650212]
[9.49188524],[2.0213953],[15.90346546]
[9.52721475],[1.98843748],[15.70740506]
[9.48199938],[1.96202354],[15.50557059]
[9.4605833],[1.93975176],[15.2518999]
[9.39303868],[1.91841097],[15.01273174]
[9.36078536],[1.89803618],[14.72314654]
[9.30174044],[1.87920595],[14.45814746]
[9.26065716],[1.86493267],[14.17820911]
[9.23223332],[1.84887887],[13.86401061]
[9.0267304],[1.78496115],[13.43681234]
[8.65420799],[1.71609698],[12.92847706]
[8.51332125],[1.66132277],[12.26641071]
[8.37872774],[1.62909568],[11.49826032]
[8.19451196],[1.59466248],[10.65314384]
[7.91099498],[1.55783669],[9.84650708]
[7.67206994],[1.52170967],[9.10580365]
[7.26515935],[1.4855714],[8.35308171]
[6.5316362],[1.44641795],[7.51408277]
