meltWidth,meltDepth,meltArea
[0.],[0.],[0.]
[0.],[0.],[0.]
[0.],[0.],[0.]
[0.],[0.],[0.]
[0.],[0.],[0.]
[0.],[0.],[0.]
[0.],[0.],[0.]
[0.],[0.],[0.]
[0.],[0.],[0.]
[0.],[0.],[0.]
[0.],[0.],[0.]
[0.],[0.],[0.]
[0.],[0.],[0.]
[0.],[0.],[0.]
[0.],[0.],[0.]
[0.],[0.],[0.]
[0.],[0.],[0.]
[0.],[0.],[0.]
[0.],[0.],[0.]
[0.],[0.],[0.]
[0.],[0.],[0.]
[0.],[0.],[0.]
[0.],[0.],[0.]
[0.],[0.],[0.]
[0.],[0.],[0.]
[0.],[0.],[0.]
[0.],[0.],[0.]
[0.],[0.],[0.]
[0.],[0.],[0.]
[0.],[0.],[0.]
[0.],[0.],[0.]
[0.],[0.],[0.]
[0.],[0.],[0.]
[0.],[0.],[0.]
[0.],[0.],[0.]
[0.],[0.],[0.]
[0.],[0.],[0.]
[0.],[0.],[0.]
[0.],[0.],[0.]
[0.],[0.],[0.]
[0.],[0.],[0.]
[0.],[0.],[0.]
[0.],[0.],[0.]
[0.],[0.],[0.]
[0.],[0.],[0.]
[0.],[0.],[0.]
[0.],[0.],[0.]
[0.],[0.],[0.]
[0.],[0.],[0.]
[0.],[0.],[0.]
[0.],[0.],[0.]
[0.],[0.],[0.]
[0.],[0.],[0.]
[0.],[0.],[0.]
[0.],[0.],[0.]
[0.],[0.],[0.]
[0.6360372],[0.14410202],[0.04505963]
[1.61715716],[0.15732915],[0.1573316]
[1.95014649],[0.18945974],[0.25988174]
[2.07952699],[0.27461088],[0.4051822]
[2.21634237],[0.32366196],[0.50527823]
[2.41507382],[0.36812892],[0.60842317]
[2.52125246],[0.3919699],[0.64791186]
[2.695114],[0.40242929],[0.71421638]
[2.71359177],[0.41374381],[0.72939595]
[2.7289038],[0.42435133],[0.75620972]
[2.75371027],[0.43338354],[0.78059167]
[2.76014153],[0.44126732],[0.78751666]
[2.80296858],[0.4481937],[0.82587359]
[2.81277245],[0.45577785],[0.81900535]
[2.86332695],[0.45900141],[0.85640891]
[2.86155284],[0.46299039],[0.84596748]
[2.94929121],[0.46621167],[0.87865083]
[2.91528719],[0.4662306],[0.86132686]
[2.98910143],[0.46641864],[0.88935032]
[2.94513531],[0.46860984],[0.86950793]
[3.01412646],[0.47117959],[0.89932053]
[2.95634758],[0.47295197],[0.88111111]
[3.02848774],[0.47493692],[0.911102]
[2.96899397],[0.47723591],[0.89240907]
[3.04297466],[0.4804404],[0.92619565]
[2.96997372],[0.48383614],[0.9065844]
[3.04633677],[0.48733872],[0.94308521]
[2.98416636],[0.49005548],[0.92733018]
[3.05416142],[0.49331894],[0.96024879]
[3.02600291],[0.49978129],[0.96682259]
[3.07040476],[0.50108837],[0.98750536]
[3.03587328],[0.50830139],[0.99346284]
[3.07089898],[0.51550709],[1.00726267]
[3.03547075],[0.52450937],[1.02400352]
[3.03854593],[0.53641982],[1.04855447]
[3.03703809],[0.54886537],[1.07302494]
[3.03817386],[0.56016817],[1.09684248]
[3.04335886],[0.56997593],[1.11922193]
[3.04252939],[0.57833774],[1.13496223]
[3.03493497],[0.57381957],[1.13372404]
[3.02299532],[0.56837169],[1.12120558]
[3.00719405],[0.56326462],[1.10539298]
[2.98585738],[0.56083408],[1.08894685]
[2.97698113],[0.55788039],[1.08272248]
[2.97335905],[0.55256542],[1.0770944]
[2.95369064],[0.55076812],[1.07006678]
[2.92551909],[0.55492402],[1.06192886]
[2.90146971],[0.55805875],[1.0472498]
[2.86702586],[0.55939565],[1.02091587]
[2.81299004],[0.55771266],[0.98173067]
[2.72365406],[0.54598339],[0.91784997]
[2.64548567],[0.52977674],[0.86156376]
[4.20962549],[0.12116401],[0.28506414]
[2.46115388],[0.08581881],[0.10906275]
[0.],[0.],[0.]
[0.68851179],[0.28165757],[0.09608223]
[2.33701464],[0.28940606],[0.44529785]
[2.46080597],[0.41118881],[0.72063068]
[2.54729847],[0.51304962],[0.94232481]
[2.68953976],[0.57847636],[1.15046841]
[2.83680542],[0.6703116],[1.372834]
[2.94815875],[0.78654826],[1.62507897]
[3.00909815],[0.97800969],[2.12762244]
[3.05007294],[0.94946383],[2.25841449]
[3.04042542],[0.97640605],[2.3196199]
[3.05385794],[0.95029751],[2.34499312]
[3.05043092],[0.97504155],[2.38012017]
[3.08789249],[0.95455371],[2.51389222]
[3.08759295],[0.97942181],[2.56265826]
[3.13175481],[0.96239032],[2.63798145]
[3.10356909],[0.98039468],[2.63958315]
[3.18688856],[0.97344468],[2.67792766]
[3.13867397],[0.9875361],[2.66626023]
[3.21820498],[0.97948752],[2.69392224]
[3.17026838],[0.98926698],[2.67836583]
[3.26708851],[0.98275234],[2.72150836]
[3.19406036],[0.99501554],[2.67810257]
[3.28236448],[0.98413019],[2.70256683]
[3.1944098],[0.98036207],[2.66227674]
[3.28614551],[0.97681172],[2.6774127]
[3.18263269],[0.9703206],[2.61346659]
[3.26929145],[0.97010127],[2.61893345]
[3.18205451],[0.96630941],[2.57993523]
[3.2650287],[0.95975576],[2.57443279]
[3.21319452],[0.96955948],[2.54344233]
[3.27837235],[0.95477377],[2.55910774]
[3.21319616],[0.96077571],[2.50712601]
[3.265237],[0.9444985],[2.50544912]
[3.21072753],[0.93913194],[2.44426584]
[3.21071548],[0.93347018],[2.41860862]
[3.20469067],[0.9244076],[2.38406174]
[3.20138659],[0.92192183],[2.36749677]
[3.20333452],[0.92158112],[2.35352703]
[3.1998039],[0.9198],[2.32837405]
[3.18580451],[0.9172035],[2.29198983]
[3.17258818],[0.91457247],[2.26567915]
[3.1541879],[0.92204868],[2.27861628]
[3.12910925],[0.92843014],[2.29375794]
[3.11673247],[0.94140179],[2.34755476]
[3.11015546],[0.96173371],[2.42935123]
[3.09729377],[0.98074638],[2.50971263]
[3.0808369],[0.9999966],[2.59124653]
[3.05777949],[1.01285105],[2.68812254]
[3.03074953],[1.01790575],[2.72841973]
[2.98530566],[1.01143741],[2.69108021]
[2.93641668],[1.00872072],[2.61826137]
[2.89862622],[0.99850167],[2.54180762]
[5.2594719],[0.84808427],[4.42676068]
[4.5642395],[0.78456636],[1.69805349]
[3.1987291],[0.26122409],[0.44076075]
[1.16827125],[0.30317931],[0.15024788]
[2.68195738],[0.37377117],[0.71934973]
[2.76343865],[0.49827667],[1.02241275]
[2.81040405],[0.60042975],[1.25037903]
[2.92513204],[0.6730523],[1.48697401]
[2.99695482],[0.75426233],[1.61292578]
[3.07635301],[0.8483595],[1.95460488]
[3.13537589],[1.03927775],[2.44552374]
[3.1659899],[1.02879502],[2.56962059]
[3.14218117],[1.04499436],[2.6676654]
[3.15043522],[1.05629453],[2.8159592]
[3.12167449],[1.06413248],[2.87795101]
[3.14387206],[1.0744772],[2.93426196]
[3.13062054],[1.08267686],[2.96013841]
[3.13245443],[1.08667014],[2.97870978]
[3.12469416],[1.09457139],[2.99735445]
[3.17037876],[1.09842801],[3.01936798]
[3.13038695],[1.10447306],[3.0237994]
[3.20924807],[1.1063821],[3.05111153]
[3.16790328],[1.11704591],[3.04577934]
[3.24566988],[1.11120969],[3.07196052]
[3.17858246],[1.11628081],[3.03619245]
[3.24941014],[1.11695188],[3.03639393]
[3.17781173],[1.11379202],[2.99483224]
[3.24847183],[1.10988627],[3.00848275]
[3.16414652],[1.100491],[2.9556583]
[3.23490016],[1.10188249],[2.95264083]
[3.1628212],[1.0979038],[2.90997847]
[3.22860052],[1.08878845],[2.90021347]
[3.1983668],[1.11020058],[2.86085182]
[3.23909355],[1.08006822],[2.88217752]
[3.200837],[1.0964539],[2.81892857]
[3.23194562],[1.06384656],[2.81073193]
[3.18867416],[1.05560514],[2.73292375]
[3.18753521],[1.04716649],[2.70469993]
[3.18109626],[1.03321054],[2.67084955]
[3.1788081],[1.03298528],[2.65528475]
[3.18151476],[1.03450105],[2.64255663]
[3.17657493],[1.03085537],[2.62410214]
[3.16260178],[1.02603333],[2.58540899]
[3.14904229],[1.0257278],[2.57587552]
[3.13136379],[1.0359617],[2.60457315]
[3.10569309],[1.04177252],[2.62251705]
[3.09272415],[1.05352205],[2.65139681]
[3.08403591],[1.06123876],[2.70145569]
[3.07198278],[1.07055682],[2.76468703]
[3.05375328],[1.08666387],[2.83500928]
[3.04062591],[1.09681602],[2.93111457]
[3.02537866],[1.10251524],[3.00900738]
[2.99970244],[1.10719945],[3.02907895]
[2.98275462],[1.11597971],[3.00268102]
[2.96740108],[1.09736252],[2.94658686]
[6.14152594],[0.97499736],[6.36498032]
[3.81080488],[0.82124932],[3.40997079]
[3.69024983],[0.32642351],[0.76577691]
[3.32941268],[0.30972674],[0.67956801]
[2.76633835],[0.42758815],[0.93560316]
[2.89041834],[0.57779064],[1.2842602]
[2.89913956],[0.68730106],[1.49818946]
[2.95313687],[0.75116093],[1.68187471]
[3.00656832],[0.8253001],[1.80229301]
[3.11912287],[0.9247321],[2.3447796]
[3.17970722],[1.13066671],[2.73302423]
[3.23260728],[1.10365774],[2.99415933]
[3.18904887],[1.15334162],[3.12214205]
[3.17418523],[1.1154052],[3.20006661]
[3.12486036],[1.17715091],[3.20287614]
[3.14333476],[1.13546709],[3.23634649]
[3.14019727],[1.19718667],[3.25922425]
[3.13362982],[1.15174239],[3.26442647]
[3.14295227],[1.21486598],[3.28873058]
[3.13346961],[1.16854564],[3.27085664]
[3.15290009],[1.22938518],[3.30831051]
[3.17489568],[1.17984887],[3.30232561]
[3.15243013],[1.23868162],[3.30726404]
[3.19228327],[1.18580577],[3.31150274]
[3.14483704],[1.23106845],[3.28344606]
[3.19803616],[1.17230777],[3.27402329]
[3.14624488],[1.20674652],[3.24407744]
[3.19662713],[1.16670798],[3.24700304]
[3.13119168],[1.17935111],[3.19907747]
[3.18437336],[1.15771396],[3.20569057]
[3.12940013],[1.15298049],[3.16870375]
[3.18117422],[1.14338732],[3.16673761]
[3.17235413],[1.16894458],[3.15917416]
[3.19741863],[1.13603766],[3.14200699]
[3.1758197],[1.15729011],[3.10531292]
[3.19303554],[1.12345324],[3.08331282]
[3.15532428],[1.11687423],[2.99757784]
[3.15496815],[1.11013302],[2.95538774]
[3.1477002],[1.09681532],[2.91102033]
[3.14754625],[1.10424921],[2.89068375]
[3.14954481],[1.10481026],[2.88406541]
[3.14683887],[1.09409321],[2.86417884]
[3.13622896],[1.08161502],[2.81866225]
[3.12283503],[1.07976961],[2.82399573]
[3.10560414],[1.08341565],[2.85050921]
[3.07924199],[1.08614851],[2.87025585]
[3.06688007],[1.09590281],[2.90379454]
[3.05467372],[1.10126409],[2.9458435]
[3.03953778],[1.10431127],[2.97980841]
[3.02098784],[1.10473648],[3.01927696]
[3.01096829],[1.10808432],[3.07835596]
[3.00430399],[1.11380419],[3.15795871]
[2.99222427],[1.12566129],[3.20060842]
[2.98932019],[1.12591387],[3.20500122]
[2.98014408],[1.12525555],[3.18428716]
[8.64909287],[1.17258265],[7.04071721]
[5.06541123],[0.9016474],[4.31754561]
[3.99180564],[0.79657974],[2.73205014]
[3.37756906],[0.41034625],[0.95827947]
[2.77782272],[0.39805194],[1.21363495]
[2.92060164],[0.59446206],[1.39795544]
[2.91159683],[0.74020738],[1.61498568]
[2.91590086],[0.81669447],[2.05275385]
[2.925541],[0.87697561],[2.25450427]
[3.04758523],[1.00170918],[2.62847723]
[3.12436033],[1.22390188],[2.98406715]
[3.17731307],[1.20251046],[3.28720558]
[3.14512201],[1.25634178],[3.38938949]
[3.14946448],[1.22314626],[3.4678338]
[3.13059495],[1.27491501],[3.47864688]
[3.14911507],[1.23222055],[3.49651529]
[3.1507892],[1.28453048],[3.49238349]
[3.15342905],[1.24123975],[3.4914447]
[3.17107081],[1.29493239],[3.5007047]
[3.1644181],[1.25566686],[3.49521406]
[3.17767019],[1.30657163],[3.50228528]
[3.16637788],[1.26656273],[3.48976796]
[3.17429789],[1.31446423],[3.49331535]
[3.16006749],[1.26490268],[3.47081402]
[3.16893724],[1.30311625],[3.45945746]
[3.15557755],[1.24136637],[3.41689143]
[3.15912956],[1.28150659],[3.41057657]
[3.14217375],[1.21588294],[3.38091579]
[3.14597244],[1.25913425],[3.36676251]
[3.13415152],[1.18733984],[3.3382249]
[3.14353611],[1.23514806],[3.33423807]
[3.12827909],[1.17183397],[3.30140728]
[3.16212496],[1.20106973],[3.32541704]
[3.15027121],[1.16667993],[3.29367682]
[3.15864871],[1.19044031],[3.27897001]
[3.14716184],[1.15484632],[3.236961]
[3.12840256],[1.14927206],[3.17175984]
[3.12644569],[1.14358775],[3.13780162]
[3.12081251],[1.13471616],[3.09702336]
[3.12206249],[1.14248222],[3.07585684]
[3.12018712],[1.14337758],[3.08135098]
[3.11679318],[1.13245604],[3.06241305]
[3.11106312],[1.12054462],[3.02749941]
[3.10117379],[1.12240525],[3.05991155]
[3.09472526],[1.12416738],[3.09925183]
[3.08021031],[1.12150681],[3.12829271]
[3.07488262],[1.12548783],[3.16896698]
[3.06678385],[1.12025777],[3.20471706]
[3.06023549],[1.11930367],[3.23557517]
[3.05146111],[1.11915845],[3.2579726]
[3.03823809],[1.11677905],[3.28365397]
[3.02054788],[1.13277434],[3.3198597]
[2.99601158],[1.14191474],[3.34188007]
[2.97829103],[1.1366795],[3.3447105]
[2.95191595],[1.12360841],[3.31919952]
[8.77021883],[1.23462852],[7.50213125]
[6.94283114],[1.00757989],[4.81704326]
[5.82783466],[0.91526361],[3.42883806]
[4.21793771],[0.82515822],[2.26117129]
[3.40519282],[0.44102139],[1.77657091]
[2.94259793],[0.64106873],[1.80015078]
[2.92666277],[0.79503099],[1.72004852]
[2.90987185],[0.87408598],[2.19028639]
[2.86337337],[0.94115469],[2.41701373]
[2.83759485],[1.08774209],[2.78217155]
[3.03411503],[1.29617197],[3.16408483]
[3.13543018],[1.27950698],[3.47628778]
[3.11996127],[1.3286898],[3.58605017]
[3.15405601],[1.29808664],[3.68872548]
[3.13426035],[1.33728867],[3.66377562]
[3.17479927],[1.30294401],[3.68592996]
[3.17997142],[1.33845951],[3.64763139]
[3.19910888],[1.30681951],[3.65899309]
[3.21157504],[1.34579836],[3.63174035]
[3.21010891],[1.32075485],[3.65050926]
[3.21790279],[1.3564389],[3.62847704]
[3.20925501],[1.32974382],[3.64390273]
[3.21046582],[1.36016371],[3.61910454]
[3.20117749],[1.32568277],[3.62250953]
[3.20303335],[1.35328838],[3.58838363]
[3.19385906],[1.31320502],[3.58281271]
[3.19472715],[1.34049254],[3.55950583]
[3.18367185],[1.29824223],[3.55974308]
[3.18398928],[1.32803002],[3.52971602]
[3.17770872],[1.27660811],[3.52619135]
[3.18276968],[1.31618436],[3.51949952]
[3.17058119],[1.25436773],[3.49943483]
[3.19727261],[1.2708618],[3.51424057]
[3.1811588],[1.22647213],[3.50584051]
[3.1930283],[1.24248327],[3.49426036]
[3.1761537],[1.23060559],[3.49695505]
[3.16637114],[1.23104471],[3.46174742]
[3.16393743],[1.23282811],[3.45242547]
[3.15954334],[1.23381352],[3.43880437]
[3.16104295],[1.23378619],[3.44345171]
[3.16029988],[1.22090936],[3.44633599]
[3.15803833],[1.20190583],[3.43159959]
[3.15213804],[1.19312153],[3.41120434]
[3.13776816],[1.20123996],[3.44405539]
[3.12585738],[1.20785033],[3.47582494]
[3.10937755],[1.2149292],[3.49285392]
[3.09964522],[1.21863339],[3.50480986]
[3.08880948],[1.22202212],[3.52302454]
[3.07789983],[1.22119643],[3.54638436]
[3.06858233],[1.22510388],[3.56167634]
[3.05813827],[1.2234988],[3.57804737]
[3.03912036],[1.2112939],[3.58047555]
[3.01409827],[1.19588104],[3.56278162]
[2.99470326],[1.19901045],[3.55981527]
[2.97390109],[1.18353698],[3.54003478]
[8.77122129],[1.31785812],[8.10133493]
[6.98088293],[1.06325181],[5.15432554]
[5.9463514],[0.99348263],[3.67926433]
[4.6556887],[0.92761762],[2.43332459]
[3.19975417],[0.77978749],[2.13564091]
[2.89899707],[0.66257906],[2.15285126]
[2.94136618],[0.84933641],[1.92515853]
[2.89408652],[0.91139418],[2.229009]
[2.81337894],[0.97274693],[2.42955705]
[2.77732491],[1.09022262],[2.71538789]
[2.7631657],[1.30337294],[3.05128601]
[2.93682366],[1.28001293],[3.48500383]
[2.99793377],[1.32160804],[3.62152017]
[3.08118882],[1.28698729],[3.73869565]
[3.07877928],[1.32355888],[3.69652434]
[3.16225714],[1.28841339],[3.73423958]
[3.17601018],[1.3263496],[3.70444959]
[3.22505991],[1.29138494],[3.72762468]
[3.23543167],[1.33518544],[3.70115144]
[3.25040588],[1.30545479],[3.72935539]
[3.2495448],[1.3483264],[3.7117394]
[3.24913061],[1.31738273],[3.73229549]
[3.24491226],[1.35423955],[3.70525043]
[3.24408693],[1.31347232],[3.7097578]
[3.24218437],[1.34591253],[3.66813292]
[3.24117503],[1.29908647],[3.66299696]
[3.2372815],[1.33179987],[3.63750082]
[3.23159695],[1.28409398],[3.63532154]
[3.22727197],[1.31829769],[3.59880314]
[3.22565832],[1.26650643],[3.59776922]
[3.22927282],[1.30327151],[3.58099842]
[3.22163131],[1.24526841],[3.56494036]
[3.24409905],[1.26050431],[3.56431892]
[3.23598865],[1.21936848],[3.54698219]
[3.24206829],[1.23674758],[3.53635879]
[3.23313926],[1.23556515],[3.52179961]
[3.22219772],[1.23861771],[3.48879793]
[3.22073715],[1.24161838],[3.47025668]
[3.21595201],[1.24533037],[3.4718113]
[3.21663069],[1.24770897],[3.48441859]
[3.2148118],[1.23795285],[3.49716525]
[3.21200581],[1.22120288],[3.48900316]
[3.20337855],[1.22327203],[3.49086946]
[3.1881349],[1.23072056],[3.53572264]
[3.17466782],[1.23780441],[3.57719632]
[3.15709948],[1.2456856],[3.61294616]
[3.14427952],[1.25444441],[3.65066763]
[3.12726983],[1.26069659],[3.68006817]
[3.10805338],[1.26055716],[3.71453224]
[3.08879936],[1.26505894],[3.73625463]
[3.07445257],[1.26316437],[3.76102369]
[3.06169377],[1.24792324],[3.77477284]
[3.03346785],[1.22810382],[3.76495436]
[3.01142682],[1.2036841],[3.72985081]
[2.99585313],[1.18462088],[3.69893641]
[8.8733518],[1.38622147],[8.5658282]
[7.04533385],[1.15215051],[5.54103607]
[6.02790722],[1.03688983],[3.95585803]
[4.74601078],[0.97318415],[2.61063134]
[3.28458843],[0.792313],[2.10035644]
[2.81573691],[0.69276882],[2.13054604]
[2.92856297],[0.88004802],[1.99670044]
[2.85871944],[0.95793013],[2.27727155]
[2.78902638],[1.01524856],[2.46903]
[2.75519948],[1.0768783],[2.71441918]
[2.80103015],[1.29375329],[3.10326179]
[2.93950958],[1.26674284],[3.53840465]
[2.94418042],[1.31115018],[3.69009596]
[3.02224413],[1.27489165],[3.79449919]
[3.0429633],[1.31317391],[3.76015673]
[3.1619785],[1.27654635],[3.79889988]
[3.19368171],[1.31752637],[3.78311385]
[3.25870776],[1.28187343],[3.80447274]
[3.26124944],[1.32913461],[3.77938251]
[3.28413751],[1.29820211],[3.80752611]
[3.27585486],[1.34339303],[3.7896242]
[3.28148811],[1.31331785],[3.80676811]
[3.27263162],[1.35226484],[3.78106198]
[3.27732158],[1.31055485],[3.792305]
[3.2735114],[1.34415623],[3.75129286]
[3.27654035],[1.29559646],[3.73807869]
[3.27437595],[1.32906088],[3.72477698]
[3.27315992],[1.27714777],[3.68360002]
[3.26932258],[1.31295389],[3.65375191]
[3.26660262],[1.25708413],[3.60848204]
[3.26754902],[1.29276089],[3.58891222]
[3.26304291],[1.23024861],[3.5407253]
[3.27348974],[1.24510988],[3.51030105]
[3.27442695],[1.20070565],[3.51189038]
[3.27152066],[1.22185801],[3.47033869]
[3.27049927],[1.22695508],[3.46720917]
[3.25811303],[1.23076252],[3.40832771]
[3.25616597],[1.23602414],[3.4093804]
[3.25247111],[1.24045253],[3.41526431]
[3.25086976],[1.24346822],[3.42652922]
[3.24928781],[1.23313722],[3.43503657]
[3.24639766],[1.21520637],[3.42592547]
[3.24033802],[1.22466925],[3.46216936]
[3.22348585],[1.23416662],[3.5327203]
[3.20678282],[1.24182528],[3.58579208]
[3.1891662],[1.24731033],[3.63210895]
[3.17600659],[1.25122318],[3.67484049]
[3.16374762],[1.25573069],[3.72275461]
[3.14467751],[1.25809447],[3.77358721]
[3.1151282],[1.26568229],[3.81721027]
[3.08444358],[1.26534897],[3.84499292]
[3.05387589],[1.24797511],[3.85895734]
[3.01793228],[1.22111839],[3.84334334]
[3.03046772],[1.19453003],[3.80856501]
[3.0158485],[1.16121589],[3.75252821]
[8.94110794],[1.42989635],[8.88878651]
[7.0893027],[1.20838492],[5.8003495]
[6.09163742],[1.09337299],[4.14132338]
[4.79712636],[0.99479783],[2.7558723]
[3.36050982],[0.80638773],[2.2289524]
[2.81702953],[0.71405189],[2.17542238]
[2.90680535],[0.89656864],[1.99145027]
[2.80562691],[0.96870339],[2.33860368]
[2.75468063],[1.02600919],[2.52756406]
[2.72842815],[1.09231479],[2.75924378]
[2.80748179],[1.2881691],[3.13668295]
[2.96892363],[1.26013088],[3.55920487]
[2.98671834],[1.30742897],[3.72218841]
[3.0733747],[1.26749161],[3.81567566]
[3.11106925],[1.30997393],[3.80238224]
[3.21850051],[1.27140438],[3.83297965]
[3.23742626],[1.3149394],[3.82286791]
[3.29369866],[1.27785567],[3.8353466]
[3.28619898],[1.32684993],[3.81321166]
[3.30818762],[1.29439924],[3.83539854]
[3.29162977],[1.34261183],[3.82013963]
[3.29977995],[1.31180307],[3.83252998]
[3.29025896],[1.35302451],[3.81244005]
[3.29977893],[1.30938653],[3.80716283]
[3.29041814],[1.34409436],[3.77894862]
[3.3102659],[1.2933618],[3.7265116]
[3.29583782],[1.32879158],[3.71451392]
[3.31780629],[1.27366887],[3.66750249]
[3.2926167],[1.30952518],[3.62271457]
[3.29380679],[1.24803711],[3.5774345]
[3.29050325],[1.28639544],[3.54716342]
[3.28940496],[1.22019175],[3.50319558]
[3.2890666],[1.23673435],[3.45014347]
[3.29524871],[1.20009488],[3.45893547]
[3.28620504],[1.22186906],[3.40782146]
[3.29042385],[1.22710864],[3.41927517]
[3.27774044],[1.23092681],[3.37276716]
[3.27536745],[1.23466836],[3.38316732]
[3.27244774],[1.23789596],[3.39190079]
[3.26926352],[1.24000203],[3.40056332]
[3.26784589],[1.22953494],[3.4083001]
[3.26532694],[1.21995241],[3.40970761]
[3.26014578],[1.2316162],[3.47685306]
[3.24551514],[1.24038592],[3.5577867]
[3.22963056],[1.2459927],[3.61737758]
[3.20319719],[1.25169822],[3.66198319]
[3.17289062],[1.25647049],[3.69971251]
[3.13647683],[1.26122566],[3.7378947]
[3.08033082],[1.2621825],[3.77652724]
[3.01968357],[1.26471267],[3.81637295]
[3.00074637],[1.26440135],[3.84716728]
[3.04144475],[1.24794947],[3.85660711]
[3.0688898],[1.22939094],[3.84159304]
[3.08485849],[1.20849861],[3.80316474]
[3.10265789],[1.19226919],[3.76849321]
[9.03019945],[1.46628424],[9.24652407]
[7.12999673],[1.24449296],[6.06447148]
[6.15607986],[1.13802438],[4.36044996]
[4.91232113],[1.00301568],[2.92117471]
[3.52963637],[0.83118306],[2.45939869]
[2.83776577],[0.74180115],[2.35923268]
[2.90702043],[0.92284886],[2.01731208]
[2.80675584],[0.9838601],[2.44328645]
[2.75766215],[1.03637187],[2.62685193]
[2.72632389],[1.12351445],[2.86134587]
[2.84823363],[1.30607501],[3.23109004]
[3.04614001],[1.28347635],[3.65667695]
[3.05767804],[1.32827697],[3.82462426]
[3.14966391],[1.29088241],[3.91609883]
[3.1790594],[1.33143937],[3.9096924]
[3.26929871],[1.29622139],[3.93021817]
[3.27495895],[1.33699508],[3.92394231]
[3.31590925],[1.3042624],[3.9233536]
[3.30336355],[1.34963389],[3.90280547]
[3.35691924],[1.32074638],[3.9222702]
[3.30920339],[1.36466219],[3.90875466]
[3.35581074],[1.33705938],[3.92099705]
[3.30731925],[1.37550813],[3.90260475]
[3.37205867],[1.33536675],[3.909834]
[3.30677215],[1.36876701],[3.86971601]
[3.38172444],[1.32089502],[3.8441957]
[3.31406329],[1.35477459],[3.82689382]
[3.39316393],[1.30099789],[3.786266]
[3.30980312],[1.33533876],[3.74543066]
[3.37048111],[1.2761787],[3.69873587]
[3.30798545],[1.31306456],[3.67251052]
[3.35441007],[1.24702262],[3.61963833]
[3.30722547],[1.2673457],[3.56540581]
[3.34884507],[1.24262696],[3.6001323]
[3.30036262],[1.27380774],[3.54034105]
[3.32566625],[1.27820923],[3.58314415]
[3.29578221],[1.28142843],[3.55203536]
[3.29381908],[1.28456224],[3.57029668]
[3.29163373],[1.28725044],[3.58043533]
[3.2880112],[1.28879199],[3.59186211]
[3.2861895],[1.28174428],[3.61502879]
[3.28338435],[1.27231018],[3.61891642]
[3.27920534],[1.28139514],[3.67318854]
[3.2658782],[1.28677977],[3.72987115]
[3.25183173],[1.29158977],[3.77814971]
[3.23115571],[1.29648547],[3.81852186]
[3.20374571],[1.30013233],[3.85131018]
[3.17429606],[1.30321354],[3.88681535]
[3.12994966],[1.304511],[3.93800564]
[3.07911261],[1.30699432],[3.96787227]
[3.10197495],[1.30552582],[3.99291718]
[3.15088466],[1.28814452],[3.9948601]
[3.1809599],[1.26880728],[3.96059308]
[3.2003178],[1.24635794],[3.91824438]
[3.21216597],[1.22261135],[3.87623884]
[8.99978276],[1.49371157],[9.56236312]
[7.09534221],[1.28692776],[6.31542022]
[6.05011813],[1.18847677],[4.51376858]
[4.83134133],[1.04780273],[3.00861739]
[3.45680931],[0.8658796],[2.57779913]
[2.85884534],[0.76544874],[2.4505751]
[2.90519712],[0.93541936],[2.03868254]
[2.80702196],[0.9903927],[2.4386487]
[2.75807741],[1.04195876],[2.63366864]
[2.72437886],[1.14309743],[2.8544278]
[2.93705707],[1.30372159],[3.28098943]
[3.11935953],[1.27792436],[3.70432069]
[3.12240916],[1.32736233],[3.87421402]
[3.22794552],[1.28601085],[3.96596433]
[3.23765845],[1.32951326],[3.95981586]
[3.30162907],[1.28933109],[3.96619476]
[3.2963331],[1.33353552],[3.95756981]
[3.34194347],[1.29823228],[3.95288496]
[3.31784469],[1.34779853],[3.93356718]
[3.41027975],[1.3167364],[3.9619544]
[3.3374038],[1.3656491],[3.93886636]
[3.4172112],[1.33521234],[3.95549201]
[3.34777082],[1.37860585],[3.93579481]
[3.43046408],[1.33476345],[3.92713546]
[3.36158104],[1.37202425],[3.88622964]
[3.43846327],[1.32079887],[3.84463947]
[3.3783774],[1.35541076],[3.81781808]
[3.46529479],[1.29473159],[3.7740848]
[3.37140808],[1.33257371],[3.71692449]
[3.43737375],[1.27286316],[3.66467002]
[3.36728189],[1.30782691],[3.6343447]
[3.42704214],[1.25491262],[3.57418424]
[3.3927749],[1.26484679],[3.52162001]
[3.42276352],[1.24355937],[3.56050566]
[3.37841201],[1.27172743],[3.5083855]
[3.40156648],[1.27655571],[3.57105079]
[3.35631115],[1.27991453],[3.52689429]
[3.34250405],[1.28617515],[3.55654013]
[3.32758129],[1.28905787],[3.56338044]
[3.31554014],[1.29084062],[3.57458349]
[3.31068966],[1.28048318],[3.58811932]
[3.30003003],[1.28033355],[3.62295641]
[3.29734004],[1.28992198],[3.69972448]
[3.28646001],[1.29558828],[3.76152798]
[3.27481787],[1.30063928],[3.81411995]
[3.26050238],[1.30604626],[3.86039015]
[3.23785798],[1.31066463],[3.89564532]
[3.21134593],[1.31500178],[3.93337992]
[3.17807451],[1.31613648],[3.99176751]
[3.13216219],[1.31883432],[4.02617281]
[3.12758151],[1.31762658],[4.05606344]
[3.17397407],[1.29894021],[4.05861346]
[3.19891715],[1.27874571],[4.02202386]
[3.21684627],[1.25484472],[3.9759007]
[3.23206356],[1.2303132],[3.93181509]
[9.01205342],[1.53210157],[9.82538623]
[7.1096134],[1.31677448],[6.45225502]
[6.0424119],[1.21369586],[4.60318864]
[4.81446108],[1.06155515],[3.03156348]
[3.43095077],[0.87050784],[2.62455092]
[2.87289019],[0.78030802],[2.44950748]
[2.88176446],[0.93855531],[2.03204873]
[2.79261512],[0.99539386],[2.40900386]
[2.74781711],[1.04626753],[2.63576875]
[2.71570898],[1.16438369],[2.87271834]
[3.00561223],[1.30374157],[3.33430485]
[3.18953288],[1.27665539],[3.73315614]
[3.20073035],[1.32608438],[3.92840874]
[3.27825665],[1.28259722],[4.01925743]
[3.27092306],[1.32742166],[4.00860418]
[3.31999361],[1.2839264],[4.00910079]
[3.31121878],[1.33024292],[3.99804919]
[3.38785155],[1.29232803],[3.99875132]
[3.35636657],[1.34640845],[3.97130995]
[3.46951474],[1.3116522],[3.99050826]
[3.40788751],[1.36485413],[3.97615163]
[3.50737187],[1.33143144],[3.98703119]
[3.41687614],[1.37908804],[3.96001077]
[3.55450882],[1.33488018],[3.97886336]
[3.44502703],[1.37401552],[3.91543792]
[3.58651965],[1.31575819],[3.89212878]
[3.50288774],[1.35294376],[3.8461911]
[3.61975627],[1.29719667],[3.8154923]
[3.4975154],[1.32878476],[3.73429798]
[3.59469102],[1.28268581],[3.68660012]
[3.47966995],[1.30276545],[3.64781377]
[3.57505998],[1.26397379],[3.59204956]
[3.52501179],[1.26800768],[3.56210119]
[3.56991584],[1.25842233],[3.59039976]
[3.50724153],[1.27881914],[3.57171519]
[3.53971386],[1.28342571],[3.63658509]
[3.47449075],[1.28617476],[3.58747185]
[3.44839333],[1.28884313],[3.59622175]
[3.41992974],[1.29210655],[3.60036875]
[3.40237991],[1.29442516],[3.60538405]
[3.39715854],[1.28768434],[3.62254445]
[3.38784036],[1.29314986],[3.68489701]
[3.37283439],[1.3024536],[3.76365741]
[3.33151978],[1.30777134],[3.81782444]
[3.29449842],[1.31276243],[3.87068281]
[3.28302616],[1.31829582],[3.91698619]
[3.26584238],[1.32292608],[3.95294344]
[3.24371878],[1.32868061],[3.99619198]
[3.21466624],[1.33009946],[4.06321752]
[3.17378488],[1.33328026],[4.09972237]
[3.17838108],[1.33104463],[4.12727638]
[3.2076147],[1.31247407],[4.12524313]
[3.23021342],[1.29131747],[4.08851315]
[3.24810216],[1.26594391],[4.04069268]
[3.26244587],[1.2409563],[3.98361361]
[8.99162976],[1.54726372],[9.94665482]
[7.13780116],[1.33284447],[6.52667291]
[5.98964254],[1.22666697],[4.62037049]
[4.75727143],[1.0678118],[3.00961089]
[3.35605434],[0.86173945],[2.59797472]
[2.91377686],[0.78512183],[2.43869894]
[2.80871548],[0.94140367],[1.99879878]
[2.74454432],[0.9975818],[2.36491607]
[2.71646969],[1.05035232],[2.62044033]
[2.68991862],[1.18248204],[2.86812707]
[3.06180302],[1.29923604],[3.36680012]
[3.25357902],[1.27057692],[3.73433055]
[3.25638463],[1.32273122],[3.96604868]
[3.31173147],[1.27664561],[4.05572261]
[3.29749101],[1.32476161],[4.04097858]
[3.34278717],[1.29163678],[4.03918075]
[3.32489319],[1.32737078],[4.02680399]
[3.48667329],[1.30472638],[4.01739444]
[3.45063094],[1.34386952],[3.97127141]
[3.62687767],[1.31453281],[4.0275603]
[3.55229026],[1.36363114],[3.99967135]
[3.6533082],[1.3266842],[4.00796832]
[3.59302907],[1.37584313],[3.98291408]
[3.68900222],[1.32578715],[3.98889894]
[3.63602877],[1.36773821],[3.93709549]
[3.71030561],[1.3130676],[3.88302286]
[3.66967976],[1.34292615],[3.84004467]
[3.73574365],[1.30237542],[3.78354001]
[3.67278822],[1.31199268],[3.73716918]
[3.71901735],[1.28725172],[3.65676752]
[3.66034281],[1.27965594],[3.66622456]
[3.70527349],[1.26824308],[3.59328436]
[3.69183477],[1.27195617],[3.60103967]
[3.70564642],[1.2689161],[3.60493347]
[3.68104723],[1.27486984],[3.6104431]
[3.68632252],[1.27219438],[3.64782966]
[3.65865005],[1.27352931],[3.62525863]
[3.63290438],[1.27482644],[3.63025635]
[3.6151578],[1.27383924],[3.6326271]
[3.60299384],[1.27553796],[3.63306374]
[3.59615021],[1.27901837],[3.65650082]
[3.58593482],[1.28528217],[3.74202796]
[3.56527309],[1.29613828],[3.81741283]
[3.4721018],[1.30284853],[3.8526783]
[3.37357381],[1.3108853],[3.87719285]
[3.31430286],[1.31695376],[3.91071121]
[3.2772706],[1.32069927],[3.94503236]
[3.23393969],[1.32296678],[3.97750751]
[3.1408083],[1.3223326],[4.03064004]
[3.17741227],[1.32388558],[4.05911061]
[3.21110024],[1.3215347],[4.06229386]
[3.22946558],[1.30309079],[4.01979686]
[3.25039117],[1.28132854],[3.97409773]
[3.26794299],[1.25486281],[3.903977]
[3.2810249],[1.22763091],[3.82777114]
[9.17214759],[1.56108813],[10.15210909]
[7.22075685],[1.34734452],[6.67631913]
[6.07000588],[1.2402433],[4.72295796]
[4.82881404],[1.07233626],[3.07991647]
[3.44063374],[0.85349096],[2.67433894]
[2.91532138],[0.79994984],[2.5139282]
[2.79890914],[0.95192273],[2.03376489]
[2.74100514],[1.0083875],[2.4225859]
[2.71347451],[1.06932518],[2.7206957]
[2.79763454],[1.22010054],[3.03662809]
[3.122857],[1.32689249],[3.48947195]
[3.28810511],[1.30508721],[3.86010629]
[3.28545413],[1.35310775],[4.07009222]
[3.33080237],[1.31289884],[4.16191092]
[3.31381588],[1.35578295],[4.14177819]
[3.38356222],[1.3243815],[4.14761556]
[3.35181204],[1.36050049],[4.12615737]
[3.62180014],[1.33692593],[4.1829545]
[3.61283669],[1.37677523],[4.14819283]
[3.72476808],[1.34566888],[4.17829919]
[3.68543185],[1.39400739],[4.16206388]
[3.7437116],[1.36190368],[4.15640468]
[3.7120197],[1.40010617],[4.13748035]
[3.77079376],[1.35582922],[4.13384591]
[3.74290959],[1.39583794],[4.09281576]
[3.78632863],[1.34022694],[4.03268569]
[3.76573653],[1.3696645],[3.99195364]
[3.80668892],[1.32947744],[3.93187897]
[3.77138753],[1.34062432],[3.88937015]
[3.79495844],[1.31520759],[3.81727727]
[3.76175881],[1.33182271],[3.83593792]
[3.78705859],[1.30570762],[3.76759197]
[3.78590924],[1.3144903],[3.79325849]
[3.79328278],[1.31134399],[3.82859235]
[3.77801672],[1.31700765],[3.83229013]
[3.78009771],[1.31630224],[3.87915961]
[3.76060812],[1.31851132],[3.86458489]
[3.73570561],[1.32065129],[3.87352377]
[3.7229364],[1.3233214],[3.88024758]
[3.71317563],[1.32512806],[3.88844871]
[3.71165017],[1.32853631],[3.91723846]
[3.7067667],[1.33491028],[4.01653209]
[3.69203022],[1.34345805],[4.06935379]
[3.64290102],[1.34856304],[4.10075409]
[3.55084846],[1.35296681],[4.11147086]
[3.43050279],[1.35743301],[4.10869959]
[3.38180196],[1.3603557],[4.12441006]
[3.34208924],[1.36253173],[4.15526485]
[3.25651335],[1.36242826],[4.20525412]
[3.2654527],[1.36233636],[4.22573342]
[3.30153208],[1.35804825],[4.22060606]
[3.3202757],[1.34083633],[4.17884011]
[3.32869827],[1.32075621],[4.12274679]
[3.34441639],[1.29679476],[4.0400092]
[3.36586799],[1.27087565],[3.96480441]
[9.25946415],[1.58047655],[10.46755594]
[7.24209742],[1.3690825],[6.89527175]
[6.07950743],[1.27020615],[4.88300282]
[4.81796305],[1.11782073],[3.17451467]
[3.4274124],[0.86048186],[2.68903162]
[2.90235981],[0.80804019],[2.52342142]
[2.77824172],[0.95547572],[2.04504005]
[2.72626133],[1.0134949],[2.37884593]
[2.7082889],[1.08403485],[2.75513463]
[2.98358216],[1.24085749],[3.13153343]
[3.17322976],[1.33334063],[3.54421766]
[3.31310534],[1.31126889],[3.8860038]
[3.31094936],[1.36352399],[4.12947811]
[3.34723339],[1.32144094],[4.22373967]
[3.33027491],[1.36783865],[4.2026713]
[3.49834482],[1.3442601],[4.23581394]
[3.52116169],[1.37050763],[4.22916746]
[3.72333086],[1.35611249],[4.24079553]
[3.73319764],[1.38777105],[4.20456935]
[3.8056424],[1.36495779],[4.22196089]
[3.7861509],[1.40551592],[4.20835766]
[3.8194499],[1.3674249],[4.18960216]
[3.80511741],[1.40807899],[4.17530893]
[3.84235453],[1.36685919],[4.16307493]
[3.82814002],[1.40292758],[4.1209934]
[3.85407583],[1.36088582],[4.06257868]
[3.84344801],[1.37680888],[4.0135085]
[3.87289622],[1.34902148],[3.94855299]
[3.85199155],[1.34270291],[3.92431088]
[3.86609097],[1.33311962],[3.855386]
[3.84462224],[1.3405848],[3.8848078]
[3.85984165],[1.32811653],[3.82001763]
[3.86310641],[1.33742829],[3.85546474]
[3.86652527],[1.3330272],[3.88252152]
[3.85983932],[1.34001546],[3.89081888]
[3.85638003],[1.33558252],[3.92658254]
[3.8476972],[1.33662006],[3.9152195]
[3.82537147],[1.33763142],[3.92682243]
[3.81579631],[1.3380766],[3.9484413]
[3.80872611],[1.33864631],[3.95601232]
[3.80608663],[1.34537152],[4.01245837]
[3.80263487],[1.34956567],[4.10513481]
[3.79224262],[1.35796379],[4.16381298]
[3.76079108],[1.3625965],[4.2000444]
[3.70265015],[1.36671133],[4.22461479]
[3.61641594],[1.37087153],[4.23537002]
[3.51651875],[1.37359983],[4.22858851]
[3.4424759],[1.37556347],[4.24904013]
[3.32562598],[1.37657415],[4.28092172]
[3.30338539],[1.37574861],[4.30554161]
[3.33898832],[1.37168342],[4.2966324]
[3.35704359],[1.35407827],[4.2498249]
[3.36632747],[1.33346838],[4.19399214]
[3.37331765],[1.31049401],[4.11846681]
[3.38733463],[1.28827787],[4.04094044]
[9.2895676],[1.60625975],[10.672756]
[7.25284457],[1.38910373],[7.0024498]
[6.11367439],[1.29389656],[4.93897511]
[4.76428698],[1.12917132],[3.16773734]
[3.37056195],[0.85476828],[2.59839617]
[2.86004086],[0.81365582],[2.43323454]
[2.72438196],[0.95813791],[2.02280627]
[2.68980252],[1.01742511],[2.34361944]
[2.76712126],[1.10993029],[2.80791511]
[3.05875149],[1.25987243],[3.17309578]
[3.20615756],[1.33449463],[3.57507701]
[3.33163632],[1.30912921],[3.88248948]
[3.33525526],[1.36718172],[4.16788783]
[3.42826897],[1.32663215],[4.26465395]
[3.39838526],[1.36637729],[4.23209426]
[3.64023782],[1.35043389],[4.26530485]
[3.67760609],[1.36433504],[4.25402089]
[3.8207064],[1.3608528],[4.23380553]
[3.83085624],[1.38090166],[4.17958271]
[3.88231558],[1.36933613],[4.19948489]
[3.86744493],[1.39341753],[4.17395076]
[3.89314768],[1.37217602],[4.15349769]
[3.88122878],[1.39579284],[4.14113029]
[3.91102322],[1.37115491],[4.15475568]
[3.9007418],[1.39141119],[4.08007279]
[3.92059249],[1.37183535],[4.04111278]
[3.91428412],[1.36587317],[3.99774662]
[3.93271734],[1.35854583],[3.95331041]
[3.92955614],[1.34567127],[3.92178982]
[3.93342689],[1.33934676],[3.86910947]
[3.92076742],[1.33807429],[3.89411955]
[3.92494766],[1.33558832],[3.84145234]
[3.95090108],[1.33531385],[3.86688691]
[3.9317737],[1.33454035],[3.88687439]
[3.94196957],[1.33326329],[3.888437]
[3.92369663],[1.33239826],[3.92138744]
[3.92214717],[1.33097555],[3.90584677]
[3.90159629],[1.32950054],[3.90732228]
[3.89460333],[1.32726217],[3.9125734]
[3.88640579],[1.32606123],[3.91822123]
[3.87984533],[1.33925863],[4.01244112]
[3.87334889],[1.34341954],[4.09593636]
[3.86180254],[1.35178213],[4.16292979]
[3.83097196],[1.35616788],[4.1992323]
[3.75016139],[1.35999439],[4.21306402]
[3.60905477],[1.36321103],[4.19797227]
[3.30267849],[1.36544402],[4.11160797]
[3.2316545],[1.36840909],[4.1049031]
[3.29106919],[1.36967253],[4.14841168]
[3.3253084],[1.36861754],[4.1608531]
[3.35431667],[1.36427917],[4.12472389]
[3.3750865],[1.34681781],[4.08261476]
[3.38782746],[1.32576491],[4.0359369]
[3.39490919],[1.30199273],[3.97952361]
[3.39716567],[1.28276634],[3.91566593]
[9.41646446],[1.62757919],[10.91485019]
[7.32235031],[1.40127861],[7.1578365]
[6.26656508],[1.30972328],[5.0935368]
[4.90076778],[1.13993268],[3.28027526]
[3.44074779],[0.85166318],[2.6756428]
[2.86420391],[0.83021539],[2.50096279]
[2.72838264],[0.97475513],[2.0715564]
[2.70117801],[1.02858714],[2.43103893]
[2.93023101],[1.16482863],[3.02829755]
[3.12010547],[1.29672391],[3.33990483]
[3.2462543],[1.36600173],[3.69697811]
[3.35058902],[1.34888483],[4.01858667]
[3.34959207],[1.40161855],[4.27544972]
[3.56370492],[1.36042761],[4.42124475]
[3.5572922],[1.40264015],[4.40165078]
[3.73291656],[1.3835452],[4.41519615]
[3.7720285],[1.4009256],[4.40236291]
[3.88339483],[1.39240123],[4.37533259]
[3.89147974],[1.4152077],[4.32704794]
[3.93284734],[1.40096356],[4.36675895]
[3.9219422],[1.42724975],[4.331539]
[3.93771077],[1.40530321],[4.34749251]
[3.94008369],[1.43476285],[4.33992474]
[3.96594464],[1.41158842],[4.39455513]
[3.98062596],[1.44350071],[4.36804771]
[3.98850133],[1.41534434],[4.35223561]
[4.00796303],[1.41518802],[4.31034802]
[4.0252645],[1.39835261],[4.27320794]
[4.06060544],[1.39589204],[4.17103936]
[4.04007212],[1.38482862],[4.10277974]
[4.03770718],[1.39206056],[4.12361735]
[4.01322792],[1.38238409],[4.09890997]
[4.05739625],[1.38111625],[4.12537513]
[4.01173007],[1.37993146],[4.18720368]
[4.047167],[1.37672805],[4.17868024]
[3.99800008],[1.37522697],[4.21708822]
[4.02390427],[1.37349909],[4.20046926]
[3.97961136],[1.37158257],[4.19248106]
[3.96747539],[1.36870646],[4.19063265]
[3.95591054],[1.37271415],[4.19524339]
[3.94474543],[1.38573653],[4.28045833]
[3.93672195],[1.38791586],[4.34975628]
[3.92114874],[1.39396142],[4.37726977]
[3.90078834],[1.39666595],[4.39735293]
[3.84431459],[1.39986141],[4.41644763]
[3.75686933],[1.40078156],[4.40872405]
[3.58095571],[1.40355829],[4.36039933]
[3.31273838],[1.40585126],[4.31331744]
[3.37039249],[1.40818048],[4.33343486]
[3.40227817],[1.40878207],[4.34367688]
[3.4266201],[1.4033992],[4.31929279]
[3.44633779],[1.38687261],[4.28705512]
[3.46167117],[1.36746265],[4.24401617]
[3.47467094],[1.34431648],[4.17906177]
[3.48260963],[1.3238935],[4.11604936]
[9.36035214],[1.64469285],[11.06312078]
[7.34417692],[1.41336089],[7.26770343]
[6.2418004],[1.32045704],[5.13477593]
[4.86655599],[1.15703466],[3.29050722]
[3.39303591],[0.85087311],[2.6823831]
[2.87572237],[0.84900596],[2.51826866]
[2.74205702],[0.9843689],[2.08192713]
[2.71288603],[1.03597838],[2.45284823]
[2.98646199],[1.1922753],[3.10141329]
[3.1645748],[1.31593311],[3.40349609]
[3.27456032],[1.37853082],[3.74735471]
[3.36334528],[1.35674048],[4.05221951]
[3.37581173],[1.40807214],[4.33630351]
[3.62551455],[1.38120137],[4.47530804]
[3.62633993],[1.411044],[4.43420471]
[3.77949357],[1.40867363],[4.43120892]
[3.81571411],[1.4237579],[4.41969012]
[3.91229652],[1.42611576],[4.43160156]
[3.92219221],[1.44951649],[4.42625451]
[3.964309],[1.44211342],[4.50931367]
[3.9750052],[1.47279489],[4.51945636]
[3.98883667],[1.45224288],[4.56314588]
[4.01883998],[1.48656047],[4.59343359]
[4.03925432],[1.4615632],[4.64608148]
[4.08821142],[1.49648357],[4.6460184]
[4.10887114],[1.46069097],[4.63865011]
[4.15768557],[1.47821304],[4.62482125]
[4.19510332],[1.44576505],[4.58927499]
[4.22863829],[1.4615547],[4.51600063]
[4.23250765],[1.43605738],[4.481673]
[4.21160178],[1.44583418],[4.45740656]
[4.17981516],[1.42469915],[4.41448292]
[4.218558],[1.42004309],[4.40930965]
[4.13304063],[1.41571394],[4.39556171]
[4.174524],[1.40656222],[4.36615581]
[4.06768313],[1.40105797],[4.34989411]
[4.11454333],[1.39382915],[4.31073308]
[4.04540476],[1.38710122],[4.27339169]
[4.03435007],[1.38397307],[4.25082105]
[4.02231386],[1.39317491],[4.29504382]
[4.01075458],[1.40480958],[4.38090824]
[4.0042953],[1.40572587],[4.45129487]
[3.99015085],[1.41008342],[4.47664714]
[3.97409736],[1.41126267],[4.49059785]
[3.9137481],[1.41210065],[4.49442745]
[3.83851747],[1.41457836],[4.49942337]
[3.73588333],[1.41754014],[4.48346367]
[3.57896948],[1.42056985],[4.46997616]
[3.39424209],[1.42278466],[4.46813101]
[3.42391281],[1.4233779],[4.4526572]
[3.43723031],[1.41987916],[4.42470076]
[3.45718102],[1.40325033],[4.39990251]
[3.47271747],[1.38352486],[4.36486716]
[3.48602721],[1.35956721],[4.3133618]
[3.50037783],[1.33616538],[4.25279536]
[9.34155415],[1.68535884],[11.19985399]
[7.31701463],[1.42653125],[7.28929446]
[6.19137196],[1.33034318],[5.09518254]
[4.83390756],[1.15949652],[3.2480712]
[3.37753197],[0.84490379],[2.62691633]
[2.86471228],[0.85709821],[2.48023592]
[2.73993826],[0.98670082],[2.08501547]
[2.72023656],[1.03886945],[2.43961956]
[3.02599553],[1.20771174],[3.13729005]
[3.2035075],[1.33688945],[3.44757556]
[3.29506435],[1.39762338],[3.79258958]
[3.43118719],[1.38080699],[4.11752307]
[3.47693593],[1.42693444],[4.43630589]
[3.68087655],[1.39575466],[4.55474233]
[3.69200157],[1.428482],[4.52948833]
[3.82787638],[1.43979408],[4.54045434]
[3.85888079],[1.45797823],[4.54130152]
[3.94318261],[1.45785284],[4.59871922]
[4.00148717],[1.48175423],[4.60709716]
[4.04343889],[1.47426226],[4.68022735]
[4.09168515],[1.50358999],[4.70477419]
[4.11524481],[1.48492162],[4.7426891]
[4.16298274],[1.51730825],[4.78283715]
[4.20555733],[1.49356684],[4.83052287]
[4.24262417],[1.52956035],[4.84940039]
[4.27002818],[1.4902619],[4.8489002]
[4.29563499],[1.52208698],[4.84938348]
[4.33288136],[1.48378634],[4.82533293]
[4.35072402],[1.50710649],[4.77685219]
[4.37096096],[1.47639515],[4.74725638]
[4.34991108],[1.49142915],[4.73401989]
[4.33340078],[1.46470609],[4.68112318]
[4.35230531],[1.46201079],[4.69373872]
[4.29937618],[1.45720076],[4.6724501]
[4.31551702],[1.44773079],[4.64553094]
[4.24889568],[1.44152403],[4.61555069]
[4.26474268],[1.43335075],[4.57316306]
[4.19943459],[1.42521127],[4.51386099]
[4.15895849],[1.41658893],[4.47369215]
[4.12652134],[1.42309881],[4.49163636]
[4.09209457],[1.42822863],[4.53823621]
[4.07642558],[1.42600182],[4.57300313]
[4.05198592],[1.42825535],[4.58156554]
[4.03390996],[1.42795897],[4.58424846]
[3.98085313],[1.42830626],[4.58824469]
[3.88659165],[1.43008706],[4.57422003]
[3.79161711],[1.43216163],[4.56371131]
[3.68005319],[1.43555327],[4.57137938]
[3.53081014],[1.43728317],[4.57400267]
[3.45138447],[1.43709071],[4.5418752]
[3.46343756],[1.43355846],[4.49965517]
[3.48425477],[1.41844704],[4.47241021]
[3.50038355],[1.39838199],[4.44328428]
[3.51397031],[1.37445322],[4.39319672]
[3.52869607],[1.35043746],[4.33423907]
[9.31939129],[1.69712393],[11.2565609]
[7.30402185],[1.43256151],[7.27576256]
[6.01796418],[1.33236969],[4.97784869]
[4.64116329],[1.14948888],[3.11278335]
[3.20591124],[0.83334089],[2.47489746]
[2.8058045],[0.86141817],[2.35687969]
[2.71507819],[0.98994929],[2.06506903]
[2.73539682],[1.03966517],[2.47100714]
[3.05783153],[1.21980876],[3.15329042]
[3.22665409],[1.34101304],[3.45976072]
[3.29771196],[1.4012969],[3.79657669]
[3.48748707],[1.38172183],[4.13061672]
[3.55403493],[1.42737065],[4.49283064]
[3.7449548],[1.41568945],[4.62670985]
[3.76420509],[1.45647008],[4.6220571]
[3.8854932],[1.45599655],[4.67455915]
[3.9220554],[1.47718165],[4.69530269]
[4.02705653],[1.46987739],[4.75135669]
[4.1421178],[1.49131711],[4.77405894]
[4.21823151],[1.48439145],[4.82305387]
[4.25008293],[1.51198292],[4.85014718]
[4.28528585],[1.49382521],[4.87311422]
[4.3058189],[1.52701211],[4.91278665]
[4.35143451],[1.50387139],[4.96155271]
[4.36632322],[1.54020894],[4.98342263]
[4.40276508],[1.50751305],[5.00679883]
[4.40591048],[1.53883517],[5.01078242]
[4.44587256],[1.50462635],[5.00782148]
[4.44771413],[1.52595204],[4.96708637]
[4.475187],[1.49343334],[4.93840865]
[4.45259948],[1.5128469],[4.91609025]
[4.44727993],[1.48133831],[4.85776325]
[4.45354962],[1.47908788],[4.84769844]
[4.42151794],[1.46555962],[4.82395176]
[4.42213296],[1.46167918],[4.79563608]
[4.38237475],[1.45544666],[4.76667912]
[4.38125833],[1.44778586],[4.7230899]
[4.34178311],[1.44030053],[4.66466528]
[4.30486729],[1.44045004],[4.6321602]
[4.27845313],[1.45127317],[4.65786999]
[4.25121019],[1.45297339],[4.68322375]
[4.22541278],[1.44384678],[4.68862362]
[4.1802506],[1.43955773],[4.66985785]
[4.12007909],[1.43416095],[4.63936458]
[3.91598896],[1.42954555],[4.57757431]
[3.69708093],[1.42631892],[4.49846125]
[3.51103785],[1.42652025],[4.43951924]
[3.40046518],[1.42771959],[4.41812962]
[3.45370314],[1.42738448],[4.4229842]
[3.46883444],[1.42566864],[4.40238137]
[3.47746412],[1.42221946],[4.35918895]
[3.4986651],[1.40591294],[4.32266508]
[3.51566663],[1.38671576],[4.293967]
[3.52916479],[1.36225367],[4.23248304]
[3.54825453],[1.34143702],[4.15891876]
[9.4210977],[1.70846645],[11.41152899]
[7.34123919],[1.43885234],[7.32368809]
[6.02929573],[1.33874651],[4.9849405]
[4.65001066],[1.14632303],[3.10614305]
[3.18116756],[0.8248889],[2.49458871]
[2.80679289],[0.8743051],[2.35967748]
[2.72967647],[0.99849962],[2.0796878]
[2.79531396],[1.05300684],[2.57943735]
[3.10573798],[1.26145808],[3.29613659]
[3.26074234],[1.37500072],[3.5805167]
[3.32574971],[1.44139368],[3.91696788]
[3.57311345],[1.44299762],[4.32986768]
[3.63838456],[1.49039963],[4.70417601]
[3.80656447],[1.47336632],[4.86503796]
[3.83486811],[1.5145737],[4.89159793]
[3.94322227],[1.50242201],[4.95329038]
[4.01430743],[1.53223383],[4.99167096]
[4.15318492],[1.51117299],[5.03682007]
[4.27525381],[1.54337212],[5.07229877]
[4.34570721],[1.52087281],[5.09550284]
[4.36037909],[1.55769499],[5.13146003]
[4.3975339],[1.53407819],[5.14175588]
[4.40479256],[1.57081788],[5.19892666]
[4.44947476],[1.54820909],[5.24288049]
[4.45500002],[1.59084741],[5.29433767]
[4.49205375],[1.57093017],[5.32761538]
[4.48452418],[1.59631731],[5.34675926]
[4.52625239],[1.56694295],[5.36482002]
[4.51816533],[1.58549041],[5.36034102]
[4.56642952],[1.55144703],[5.31385068]
[4.53177308],[1.57161429],[5.29511536]
[4.54864889],[1.53556008],[5.23542644]
[4.53972899],[1.5446736],[5.22000019]
[4.51633825],[1.52003831],[5.18303669]
[4.5117597],[1.52904248],[5.16420554]
[4.48403429],[1.52345591],[5.11322823]
[4.47473536],[1.51661441],[5.08130474]
[4.44944968],[1.50978613],[5.01542417]
[4.41548901],[1.50875358],[4.98009215]
[4.39321842],[1.51539823],[4.9846905]
[4.37006334],[1.51563929],[4.98799739]
[4.34990666],[1.50665149],[4.97073742]
[4.32216497],[1.50121353],[4.93953275]
[4.296454],[1.49424672],[4.91036995]
[4.1789603],[1.48811243],[4.86349826]
[3.94183802],[1.48189647],[4.78128383]
[3.72304145],[1.47683599],[4.71497964]
[3.53515842],[1.47007357],[4.66875348]
[3.54222011],[1.46229476],[4.6351658]
[3.54548122],[1.45741624],[4.58888971]
[3.54777805],[1.45079382],[4.53882922]
[3.57008567],[1.43816729],[4.47790195]
[3.58850781],[1.41899396],[4.44333095]
[3.6045142],[1.39602832],[4.39131511]
[3.62382468],[1.37272225],[4.3246881]
[9.45729762],[1.72450074],[11.60582862]
[7.35687343],[1.45370246],[7.4085751]
[5.90163897],[1.35001281],[4.99128992]
[4.46878954],[1.16525752],[3.07485066]
[3.05701059],[0.8227849],[2.49219056]
[2.81111073],[0.88703899],[2.34487688]
[2.74586963],[1.00478593],[2.07486456]
[2.8517817],[1.05912365],[2.60346241]
[3.15001189],[1.28187321],[3.32902915]
[3.30712292],[1.40356908],[3.63224316]
[3.37349518],[1.47274263],[4.00504434]
[3.6510283],[1.48993476],[4.44383528]
[3.7187159],[1.52624591],[4.85700301]
[3.88516501],[1.51221173],[5.04105821]
[3.92129763],[1.54874736],[5.0715885]
[4.01312329],[1.53807701],[5.12053386]
[4.13139645],[1.5653759],[5.17402098]
[4.30169591],[1.54797612],[5.22149331]
[4.38479229],[1.57533251],[5.25237052]
[4.44613046],[1.55739589],[5.27955043]
[4.45159554],[1.58976359],[5.32669503]
[4.48665636],[1.57179084],[5.35433777]
[4.48595034],[1.60228584],[5.42058825]
[4.52765672],[1.58776618],[5.4757851]
[4.52569024],[1.62425465],[5.53521196]
[4.57014195],[1.60869697],[5.58891231]
[4.55466209],[1.62805304],[5.61446868]
[4.62932151],[1.60340025],[5.6442611]
[4.59227228],[1.61714479],[5.62940247]
[4.68434253],[1.58911292],[5.59054761]
[4.63117296],[1.60438625],[5.54143174]
[4.68237573],[1.57259041],[5.4990444]
[4.64622936],[1.57959654],[5.46587094]
[4.65233721],[1.55719887],[5.43865695]
[4.61083624],[1.56373438],[5.40569233]
[4.60648568],[1.55749577],[5.35501045]
[4.56701467],[1.5504212],[5.3106238]
[4.56079409],[1.54364061],[5.24444259]
[4.50914865],[1.5469341],[5.21449366]
[4.48894617],[1.55197231],[5.20640225]
[4.46796611],[1.55135689],[5.19960339]
[4.44976272],[1.54185059],[5.17929715]
[4.42624234],[1.53565361],[5.1447852]
[4.40488822],[1.52852183],[5.10623184]
[4.3509343],[1.522825],[5.07283399]
[4.20955789],[1.51695866],[5.02978716]
[3.96727775],[1.51062509],[4.95188509]
[3.78778428],[1.5036155],[4.90201836]
[3.59531771],[1.49511198],[4.82588127]
[3.59291624],[1.48568418],[4.75859373]
[3.58952834],[1.47115766],[4.68733705]
[3.60957067],[1.45167892],[4.63716573]
[3.62786166],[1.4309191],[4.58922895]
[3.64159395],[1.40610055],[4.52807323]
[3.65723213],[1.37859642],[4.45156268]
[9.52389771],[1.78178863],[11.85641888]
[7.3904352],[1.47135345],[7.50146375]
[5.87815545],[1.36548712],[5.0272166]
[4.44542452],[1.17973347],[3.06795949]
[2.97910495],[0.81638173],[2.45529218]
[2.79661849],[0.89493891],[2.30938028]
[2.75197395],[1.0092805],[2.06812878]
[2.89859372],[1.06326092],[2.60494782]
[3.19383473],[1.31010836],[3.40069267]
[3.3604625],[1.43820295],[3.73735513]
[3.41212036],[1.50950903],[4.11613095]
[3.73911777],[1.52741473],[4.60702168]
[3.82705107],[1.55631383],[5.02923612]
[3.95638519],[1.54783546],[5.21666716]
[4.00764519],[1.57802801],[5.24811004]
[4.10129034],[1.57147552],[5.29451189]
[4.27582289],[1.59458183],[5.35909003]
[4.42029252],[1.58279633],[5.41368693]
[4.47419373],[1.60348911],[5.46141757]
[4.53110465],[1.58957124],[5.50001036]
[4.52521549],[1.61762017],[5.54206659]
[4.56606147],[1.60528448],[5.58554773]
[4.55259996],[1.63193963],[5.64530445]
[4.6280459],[1.62578665],[5.74917229]
[4.59849494],[1.65655134],[5.82788843]
[4.69234796],[1.64494041],[5.90897091]
[4.6443171],[1.65657337],[5.93175134]
[4.74418314],[1.637224],[5.97605155]
[4.69512163],[1.64478908],[5.96321101]
[4.79714133],[1.62337107],[5.93029385]
[4.73787353],[1.63308675],[5.87227147]
[4.8098996],[1.60725923],[5.81921839]
[4.76095612],[1.61323193],[5.7751124]
[4.78523311],[1.59200089],[5.72631479]
[4.72691235],[1.59768628],[5.6887426]
[4.74538063],[1.59130464],[5.61907668]
[4.68894089],[1.58371437],[5.57308972]
[4.70078927],[1.57718682],[5.50690429]
[4.63783739],[1.58147951],[5.47632394]
[4.61313522],[1.585317],[5.46051159]
[4.58778833],[1.58550905],[5.43815546]
[4.56450777],[1.57695256],[5.42346635]
[4.53854737],[1.57147662],[5.39405327]
[4.51433366],[1.56515021],[5.37241664]
[4.47394038],[1.55958509],[5.35218167]
[4.35833607],[1.55463713],[5.28371164]
[4.18205977],[1.54789225],[5.22066518]
[3.97939491],[1.5415369],[5.15207423]
[3.79810608],[1.53113045],[5.07754493]
[3.67973903],[1.52070747],[4.99146378]
[3.66871604],[1.50517092],[4.91036406]
[3.68078831],[1.48304025],[4.83265458]
[3.69402379],[1.45736562],[4.76236525]
[3.70279422],[1.42798309],[4.67355257]
[3.71691584],[1.39272938],[4.56830877]
[9.56204859],[1.80370031],[11.98292019]
[7.41839207],[1.48069568],[7.51612626]
[5.82408084],[1.36943055],[4.98819437]
[4.39254659],[1.17555228],[3.00927272]
[2.91813894],[0.80553871],[2.38180636]
[2.76650163],[0.90805649],[2.25641827]
[2.74778339],[1.01720467],[2.0671665]
[2.96093451],[1.10003366],[2.65273579]
[3.21505205],[1.33326545],[3.48272409]
[3.39332028],[1.4565483],[3.83412357]
[3.48833473],[1.52538265],[4.19043724]
[3.81004164],[1.54350418],[4.7303008]
[3.88667389],[1.56997641],[5.14430503]
[4.00946766],[1.56408012],[5.33285572]
[4.09979653],[1.59187971],[5.37725273]
[4.25496345],[1.58789772],[5.43232605]
[4.38955211],[1.60900332],[5.49232126]
[4.51511685],[1.59837352],[5.57901193]
[4.54085503],[1.61708628],[5.62100267]
[4.61675429],[1.60415389],[5.67285247]
[4.58579324],[1.62984987],[5.72234927]
[4.68314748],[1.62147959],[5.81838108]
[4.63448117],[1.6500061],[5.89406506]
[4.73975314],[1.64632527],[6.01615804]
[4.69325003],[1.67264284],[6.08965977]
[4.80194157],[1.66517757],[6.18472438]
[4.73657487],[1.67118805],[6.1936178]
[4.85983897],[1.65884783],[6.24369999]
[4.78409445],[1.65837929],[6.21756214]
[4.92043277],[1.64257981],[6.20845984]
[4.83774508],[1.6443065],[6.13243714]
[4.94536804],[1.62294018],[6.10009153]
[4.8871029],[1.62837983],[6.0397541]
[4.91779781],[1.60870479],[6.00673252]
[4.84022131],[1.61410096],[5.94751226]
[4.87573089],[1.6092357],[5.90503179]
[4.79425347],[1.60357138],[5.8516775]
[4.8328661],[1.60241839],[5.80530219]
[4.76497613],[1.60595975],[5.77330711]
[4.74932136],[1.60897927],[5.75653275]
[4.72990435],[1.60802647],[5.72479742]
[4.70652722],[1.59854394],[5.7160634]
[4.61485826],[1.59238632],[5.65590322]
[4.56630474],[1.58483739],[5.60641569]
[4.45248292],[1.57898452],[5.53196479]
[4.22524542],[1.57239493],[5.41114445]
[4.02630997],[1.56561773],[5.3042715]
[3.86074746],[1.55869005],[5.21700445]
[3.76372331],[1.54742125],[5.12995373]
[3.75660283],[1.53635048],[5.03851165]
[3.74524259],[1.51891417],[4.93487562]
[3.75186226],[1.49927882],[4.85715075]
[3.76714099],[1.47325714],[4.77670551]
[3.77515683],[1.44092964],[4.67251132]
[3.7851162],[1.40385376],[4.53509768]
[9.65885912],[1.82419727],[12.19190977]
[7.49272301],[1.49776879],[7.61627333]
[5.85568837],[1.37989883],[5.0330913]
[4.4055638],[1.17694509],[3.02700824]
[2.90535485],[0.80083262],[2.43555951]
[2.80186917],[0.92769548],[2.29510294]
[2.78596308],[1.03284263],[2.10421353]
[3.03465311],[1.17085877],[2.84140876]
[3.26816197],[1.38995302],[3.74390103]
[3.4839913],[1.50239313],[4.07868839]
[3.63443394],[1.57036295],[4.43542733]
[3.90185469],[1.59326317],[4.99948077]
[3.98683609],[1.61211721],[5.37379345]
[4.10624802],[1.61315231],[5.55824076]
[4.24347854],[1.6317322],[5.63915994]
[4.39005857],[1.63481139],[5.70191703]
[4.48434157],[1.64857019],[5.78420786]
[4.60037542],[1.6448139],[5.89887475]
[4.61869402],[1.65768243],[5.94633238]
[4.73006788],[1.65210898],[6.01941252]
[4.68412738],[1.67136822],[6.06256717]
[4.79064611],[1.67335474],[6.1755522]
[4.72890976],[1.69121452],[6.23524938]
[4.85284252],[1.69674387],[6.37126308]
[4.78408459],[1.72730361],[6.43953003]
[4.92248122],[1.72737096],[6.57922104]
[4.83050252],[1.73018614],[6.57661467]
[4.9767873],[1.71952638],[6.68399144]
[4.90300578],[1.71216848],[6.62739464]
[5.02721772],[1.69800973],[6.65302354]
[4.96458134],[1.69288273],[6.57223554]
[5.05631754],[1.68207946],[6.56885018]
[5.02419097],[1.68162026],[6.50882138]
[5.04712098],[1.66786466],[6.50234775]
[5.00301194],[1.6701601],[6.43295712]
[5.02590224],[1.66602994],[6.41388238]
[4.97775596],[1.6608819],[6.33886649]
[5.0041834],[1.65881007],[6.31369972]
[4.95221765],[1.65944865],[6.25370886]
[4.92668273],[1.65923767],[6.21356929]
[4.90929054],[1.65782498],[6.18590923]
[4.89329724],[1.64661964],[6.16328515]
[4.87768078],[1.63748964],[6.12076132]
[4.85724759],[1.62960431],[6.06762213]
[4.8365895],[1.62405483],[6.01967731]
[4.61188007],[1.61780667],[5.88281763]
[4.39325004],[1.6110085],[5.74588413]
[4.21495837],[1.60339403],[5.63017145]
[4.0021474],[1.59227722],[5.48709801]
[3.87075313],[1.5810986],[5.37335495]
[3.85623739],[1.56363773],[5.26847069]
[3.86327981],[1.5457833],[5.17163697]
[3.88150536],[1.5249628],[5.09402349]
[3.89369344],[1.49715224],[4.99195428]
[3.90586233],[1.45731647],[4.82800506]
[9.70264717],[1.85322518],[12.43917372]
[7.58751497],[1.51913884],[7.78441204]
[5.8445478],[1.39714224],[5.08849479]
[4.33611643],[1.19759591],[3.01729519]
[2.8232674],[0.80791617],[2.4333129]
[2.82022607],[0.93964516],[2.29508454]
[2.81828839],[1.04607146],[2.13207447]
[3.10405191],[1.21593098],[2.96881962]
[3.32200174],[1.42741239],[3.90307255]
[3.5891079],[1.53640557],[4.26870584]
[3.74118067],[1.59575995],[4.60299936]
[3.96858657],[1.62276086],[5.16963507]
[4.08799945],[1.63987776],[5.56016557]
[4.22418347],[1.64613865],[5.76739202]
[4.36856369],[1.66275078],[5.88606868]
[4.49796672],[1.66898936],[5.97973769]
[4.57538915],[1.68155248],[6.0885547]
[4.70996944],[1.68078612],[6.20334401]
[4.72223142],[1.68957093],[6.26894016]
[4.83918818],[1.68870775],[6.33992338]
[4.77826312],[1.70555421],[6.40907605]
[4.91350911],[1.71840217],[6.52505254]
[4.81825803],[1.74816701],[6.6310014]
[4.97073915],[1.76417866],[6.81003737]
[4.9017357],[1.79458634],[6.92889879]
[5.03417246],[1.81760048],[7.13001568]
[4.97528152],[1.83449506],[7.14765732]
[5.08984196],[1.82612053],[7.27794052]
[5.04448461],[1.81544536],[7.23471684]
[5.14118812],[1.79964221],[7.27458221]
[5.10438245],[1.78616966],[7.17161161]
[5.17601054],[1.77659099],[7.14939675]
[5.16863932],[1.75315059],[7.06381035]
[5.17024316],[1.75218687],[7.03836773]
[5.14831718],[1.73231546],[6.95917501]
[5.15347273],[1.73165328],[6.92664179]
[5.12372708],[1.72061521],[6.84343709]
[5.13387953],[1.71083277],[6.81125642]
[5.10297435],[1.7020857],[6.74081455]
[5.07961112],[1.69623454],[6.6908316]
[5.06357162],[1.69386804],[6.6407204]
[5.0487256],[1.68395394],[6.5985379]
[5.0385041],[1.6731366],[6.54209667]
[5.02437987],[1.66404986],[6.47013606]
[5.01210854],[1.65789593],[6.38674171]
[4.93506112],[1.65106926],[6.26843845]
[4.79025521],[1.64427457],[6.16256621]
[4.59673453],[1.63582227],[6.01747995]
[4.38985289],[1.6244921],[5.8564819]
[4.20306479],[1.61185411],[5.70058229]
[4.00206889],[1.59477104],[5.54858363]
[3.92635821],[1.5770713],[5.44129976]
[3.94595762],[1.55678243],[5.35753231]
[3.95898465],[1.52860777],[5.24192258]
[3.97367498],[1.49197011],[5.0628077]
[9.79792216],[1.92366434],[12.85521536]
[7.71836336],[1.55287649],[7.9899952]
[5.86904881],[1.41720896],[5.15684488]
[4.29241828],[1.21537008],[3.01779903]
[2.7596415],[0.80678762],[2.40279362]
[2.82531256],[0.94750841],[2.2938909]
[2.85879227],[1.05478215],[2.15863663]
[3.14826313],[1.25661873],[3.06366597]
[3.36204016],[1.45480295],[4.05790281]
[3.65792577],[1.56119043],[4.45110335]
[3.80554207],[1.61589498],[4.79729217]
[4.04167919],[1.64530458],[5.34023173]
[4.17290661],[1.66082436],[5.73152426]
[4.34170414],[1.67085767],[6.00303251]
[4.45311078],[1.68928145],[6.16822416]
[4.57120231],[1.70146159],[6.27785076]
[4.63284018],[1.71847801],[6.39918935]
[4.80272962],[1.72033659],[6.55911244]
[4.81005861],[1.73403658],[6.66508368]
[4.96912642],[1.73521158],[6.79443885]
[4.90843875],[1.76444225],[6.87678904]
[5.04483737],[1.78310181],[7.07542026]
[4.98371805],[1.80865418],[7.20670493]
[5.10048053],[1.83614639],[7.41071467]
[5.06319782],[1.88312134],[7.57876815]
[5.15850128],[1.91257125],[7.77486697]
[5.12216896],[1.92980055],[7.82742683]
[5.20273161],[1.92460216],[7.93785283]
[5.17636411],[1.91091695],[7.92203645]
[5.25953506],[1.89562476],[7.93413264]
[5.24628728],[1.8776218],[7.86260412]
[5.3160213],[1.86522179],[7.81108277]
[5.34415075],[1.83822938],[7.72989757]
[5.32073894],[1.83412747],[7.66359351]
[5.32195092],[1.81254277],[7.56756372]
[5.29662538],[1.81000078],[7.50768346]
[5.29704157],[1.798923],[7.41792802]
[5.27719189],[1.78871737],[7.37362246]
[5.26800711],[1.78004864],[7.29406506]
[5.22446731],[1.76701201],[7.22388815]
[5.20601758],[1.75478741],[7.16216749]
[5.18921886],[1.73724378],[7.09596564]
[5.17361977],[1.70427972],[7.01597279]
[5.16080937],[1.69488817],[6.91649463]
[5.1470502],[1.68628116],[6.78035864]
[5.09255524],[1.67905559],[6.64146942]
[5.01279189],[1.67244731],[6.49983081]
[4.89269416],[1.66330929],[6.34958699]
[4.69804736],[1.65204659],[6.20040007]
[4.48874602],[1.63865215],[6.02818909]
[4.2923838],[1.62225034],[5.85972492]
[4.08366634],[1.60507141],[5.69482325]
[4.01873626],[1.5853996],[5.58382613]
[4.03198308],[1.55769661],[5.46026908]
[4.0478972],[1.52213005],[5.26634229]
[10.14788286],[1.96315266],[13.24709753]
[7.79108973],[1.56788581],[8.08046316]
[5.86349254],[1.42518303],[5.14361727]
[4.2223303],[1.21593058],[2.95576195]
[2.64399762],[0.79779782],[2.3367139]
[2.83319522],[0.95912604],[2.27645366]
[2.90744077],[1.06352244],[2.19583918]
[3.16301601],[1.27590219],[3.14077143]
[3.36200087],[1.46796869],[4.13200541]
[3.67427995],[1.5677272],[4.52799634]
[3.82708472],[1.62260615],[4.91600872]
[4.06739995],[1.65530087],[5.43307669]
[4.25389335],[1.67235213],[5.8991587]
[4.41678256],[1.68800419],[6.25123245]
[4.50942127],[1.71538524],[6.44237079]
[4.64519365],[1.73236542],[6.58300721]
[4.70239006],[1.76168466],[6.74275203]
[4.93222014],[1.76621217],[6.97334793]
[4.95171397],[1.7808245],[7.12806253]
[5.07494963],[1.79801662],[7.3500685]
[5.03559316],[1.81318561],[7.45119355]
[5.14711158],[1.84887145],[7.70523978]
[5.11452429],[1.89737195],[7.8546412]
[5.19746483],[1.91952778],[8.07845724]
[5.17979447],[1.97370388],[8.26310039]
[5.26292038],[1.99040994],[8.42542794]
[5.25260556],[2.00644729],[8.53032496]
[5.3295501],[2.01825022],[8.58894025]
[5.32524662],[2.00470468],[8.66859351]
[5.39471859],[1.99239761],[8.61923875]
[5.40139392],[1.96874777],[8.60004869]
[5.44670516],[1.95260272],[8.47705089]
[5.50165717],[1.93270477],[8.4135304]
[5.4577648],[1.91844737],[8.29312667]
[5.47929393],[1.8996031],[8.20155979]
[5.43213213],[1.88546209],[8.08069719]
[5.45293163],[1.86528499],[7.98733629]
[5.41231286],[1.84990441],[7.90505153]
[5.41860009],[1.83909868],[7.81943944]
[5.3375135],[1.82598049],[7.7139635]
[5.29248809],[1.8132812],[7.62838886]
[5.2495716],[1.79788239],[7.53909436]
[5.21088956],[1.77643835],[7.43340658]
[5.15793859],[1.73846145],[7.30636904]
[5.11700734],[1.70094097],[7.13810692]
[4.98651384],[1.69049054],[6.91078218]
[4.85889445],[1.68271441],[6.68636704]
[4.73749259],[1.6733477],[6.48934627]
[4.56129914],[1.66180722],[6.29760938]
[4.35606406],[1.6474556],[6.10556457]
[4.15927342],[1.63135628],[5.93514497]
[4.09815231],[1.61417015],[5.77925468]
[4.09743729],[1.59482004],[5.66058418]
[4.10024777],[1.56708234],[5.5089931]
[4.11050466],[1.53096608],[5.2823892]
[10.57911711],[1.99612322],[13.74129966]
[7.89600763],[1.58897672],[8.23887242]
[5.93929431],[1.43563884],[5.22160346]
[4.26102415],[1.21727963],[2.97001004]
[2.6312569],[0.7995791],[2.40731712]
[2.8688391],[0.97221659],[2.34681883]
[3.00187513],[1.13941802],[2.3106351]
[3.24813619],[1.33958753],[3.3930779]
[3.42669409],[1.52006521],[4.42146266]
[3.77623787],[1.6053396],[4.88294524]
[3.9758987],[1.65843787],[5.28969254]
[4.17464524],[1.69509259],[5.71913251]
[4.39205777],[1.71635464],[6.27637901]
[4.53952993],[1.73935176],[6.63061543]
[4.61072242],[1.77213685],[6.83336345]
[4.80201665],[1.79472169],[7.04923491]
[4.83812945],[1.82693282],[7.2470636]
[5.08259107],[1.84366018],[7.55357034]
[5.10036179],[1.86932544],[7.75234284]
[5.20469909],[1.90554958],[8.04491847]
[5.18082807],[1.92344776],[8.18163887]
[5.26649142],[1.95686609],[8.42871239]
[5.25117778],[2.00041489],[8.60911558]
[5.32722073],[2.02237671],[8.83506168]
[5.32681246],[2.06887131],[9.05864845]
[5.39566134],[2.08943211],[9.25479217]
[5.40350189],[2.1050283],[9.40702668]
[5.45451629],[2.11163847],[9.459509]
[5.46645086],[2.1031309],[9.56037239]
[5.51428123],[2.0837657],[9.44472939]
[5.53781555],[2.06602435],[9.50522493]
[5.56565581],[2.04718207],[9.32707131]
[5.68309275],[2.02889915],[9.34179057]
[5.60638252],[2.01332038],[9.13362187]
[5.6647313],[1.99688424],[9.07807887]
[5.56718421],[1.98150777],[8.8878669]
[5.6277397],[1.96383305],[8.81514617]
[5.55005125],[1.94791196],[8.65796218]
[5.58674627],[1.9310303],[8.57237751]
[5.52477927],[1.91513575],[8.41658902]
[5.5075975],[1.898785],[8.31128099]
[5.49257277],[1.8830574],[8.20523633]
[5.47182365],[1.86561883],[8.08702971]
[5.43598863],[1.82366817],[7.9495634]
[5.39858183],[1.78771753],[7.76693411]
[5.3336941],[1.74919975],[7.53576681]
[5.19675666],[1.71292764],[7.29906139]
[5.07792082],[1.70425667],[7.06269981]
[4.9290851],[1.69305118],[6.8158287]
[4.73794376],[1.67890023],[6.54632896]
[4.54056798],[1.66397864],[6.34217894]
[4.33208393],[1.64784012],[6.15605519]
[4.21456393],[1.62813852],[5.97586421]
[4.22025563],[1.60304796],[5.79427988]
[4.23326027],[1.56818373],[5.58758682]
[11.24990841],[2.026527],[14.29300511]
[8.0921752],[1.61889512],[8.44726465]
[5.94703185],[1.45277288],[5.31640842]
[4.18496716],[1.24136514],[2.95996199]
[2.69851208],[0.83878884],[2.43239399]
[2.9185119],[0.9873647],[2.39999646]
[3.10999508],[1.21056894],[2.47609606]
[3.3523857],[1.3925606],[3.61165213]
[3.52458069],[1.55945173],[4.65304933]
[3.87721762],[1.63717429],[5.13357551]
[4.12442559],[1.6848435],[5.55821073]
[4.3511695],[1.73937909],[5.98124332]
[4.50843884],[1.76855197],[6.62165705]
[4.67572449],[1.79425196],[7.02324806]
[4.74408524],[1.85071575],[7.29304677]
[4.96067073],[1.88914493],[7.56520806]
[5.008617],[1.94400939],[7.81965276]
[5.20140399],[1.95465232],[8.19432915]
[5.21819157],[1.98557879],[8.46123635]
[5.32558822],[2.01689978],[8.77345013]
[5.33127786],[2.03736577],[8.95391469]
[5.40504983],[2.06584392],[9.222146]
[5.40699289],[2.10261455],[9.43191517]
[5.45970679],[2.12552242],[9.69053778]
[5.47093769],[2.1664067],[9.9401725]
[5.51786123],[2.1829749],[10.15433249]
[5.65158983],[2.21056068],[10.34974721]
[5.63645833],[2.24133873],[10.44593994]
[5.76198789],[2.25093203],[10.59687358]
[5.673656],[2.23896371],[10.55837496]
[5.84599091],[2.18185784],[10.61727063]
[5.78387083],[2.14210019],[10.42918227]
[5.88199683],[2.12360301],[10.42883]
[5.86455956],[2.10630583],[10.27313717]
[5.88728286],[2.09270002],[10.14354163]
[5.81595564],[2.07676247],[9.94437675]
[5.84856937],[2.06271264],[9.8520675]
[5.78004214],[2.04858341],[9.65390535]
[5.80492659],[2.03301899],[9.57525295]
[5.73274638],[2.01782968],[9.32756162]
[5.70321346],[2.00203818],[9.15203263]
[5.68112237],[1.98691177],[8.9880506]
[5.65350486],[1.97062094],[8.83683079]
[5.63848127],[1.9255221],[8.68703797]
[5.62010318],[1.88367674],[8.47495019]
[5.5893195],[1.84563505],[8.18448702]
[5.50899853],[1.81037937],[7.90361621]
[5.41589535],[1.77209631],[7.644716]
[5.28816459],[1.73105493],[7.39212684]
[5.0704763],[1.70520848],[7.08673165]
[4.87730507],[1.6899908],[6.81485343]
[4.67453922],[1.67415225],[6.53998438]
[4.45819468],[1.6523964],[6.32184749]
[4.28116917],[1.62870752],[6.05499103]
[4.3339946],[1.59647828],[5.8482619]
[11.83771781],[2.07948139],[15.0937073]
[8.71218723],[1.68564032],[8.85318116]
[6.04037381],[1.47661904],[5.45782453]
[4.1939014],[1.26506736],[3.00618491]
[2.74965616],[0.86291595],[2.46042794]
[2.95136337],[1.00010121],[2.45707244]
[3.18315969],[1.26297708],[2.61953665]
[3.43420086],[1.43420336],[3.7861038]
[3.64700028],[1.58910193],[4.89968639]
[3.97999546],[1.66392132],[5.36788957]
[4.24664247],[1.71131024],[5.79900701]
[4.4742696],[1.77949941],[6.25697875]
[4.60019832],[1.80982385],[6.95453685]
[4.81447995],[1.85638284],[7.4082759]
[4.86177106],[1.94019758],[7.73360138]
[5.10469134],[1.97725867],[8.072493]
[5.14985682],[2.02908996],[8.34375914]
[5.29379047],[2.04465375],[8.79660635]
[5.34534517],[2.08027346],[9.12439301]
[5.44583256],[2.10880805],[9.47824294]
[5.47345732],[2.13488258],[9.72494974]
[5.52386374],[2.15848915],[10.02047673]
[5.55067973],[2.20223322],[10.29976207]
[5.58139351],[2.26061144],[10.57003089]
[5.76103214],[2.33840142],[10.89414972]
[5.82507595],[2.38733423],[11.20477065]
[5.93350014],[2.42633396],[11.44188267]
[5.94501887],[2.4601955],[11.60624954]
[6.02117248],[2.47092976],[11.75788236]
[5.99941373],[2.47578242],[11.79203342]
[6.12000413],[2.44593793],[11.84255008]
[6.07028051],[2.40565831],[11.66593379]
[6.1756859],[2.34573116],[11.56853185]
[6.16364686],[2.283992],[11.44841882]
[6.11088114],[2.24079966],[11.25098117]
[6.07083046],[2.19512031],[11.09934062]
[6.06269456],[2.16724627],[10.9333093]
[6.02583673],[2.14463433],[10.77651343]
[6.01701059],[2.12937793],[10.63048628]
[5.97349979],[2.11518022],[10.41100068]
[5.93306456],[2.0986547],[10.19937269]
[5.90873949],[2.08295047],[9.9863008]
[5.88065344],[2.0675866],[9.75829281]
[5.86186196],[2.02810259],[9.53947547]
[5.84133033],[1.98585683],[9.3212454]
[5.80976916],[1.94214568],[9.00776325]
[5.71583076],[1.90310388],[8.5599082]
[5.59969721],[1.86017506],[8.19747188]
[5.49479044],[1.81901631],[7.90172372]
[5.34067843],[1.77487903],[7.60838494]
[5.16230754],[1.7290397],[7.33263278]
[4.9707072],[1.69828127],[7.04100287]
[4.74795486],[1.67441891],[6.75248201]
[4.51928093],[1.65060221],[6.42401784]
[4.47206468],[1.62157816],[6.11083413]
[13.04052321],[2.11159756],[15.79475332]
[9.28020966],[1.72232131],[9.19346299]
[6.08690151],[1.48890148],[5.49940626]
[4.12896503],[1.27105269],[2.97212397]
[2.79883542],[0.89551106],[2.48859586]
[2.96528935],[1.01563399],[2.48688168]
[3.23071551],[1.30646499],[2.80036874]
[3.47474393],[1.46360866],[3.94538049]
[3.75991756],[1.60345135],[5.06881708]
[4.02818538],[1.67411189],[5.52814425]
[4.31050426],[1.7350595],[6.0121182]
[4.54655787],[1.80639572],[6.53955062]
[4.604472],[1.8885921],[7.24176755]
[4.74495503],[1.93408359],[7.68181969]
[4.79286573],[2.01620052],[8.07347727]
[4.9937183],[2.05024707],[8.47971371]
[5.07727583],[2.10090507],[8.82919246]
[5.24984412],[2.1161788],[9.3159349]
[5.34882832],[2.16392956],[9.65514865]
[5.48336813],[2.21182898],[10.10045695]
[5.59646966],[2.31677426],[10.38857353]
[5.66976757],[2.37243143],[10.73139756]
[5.83206296],[2.41466417],[11.04421241]
[5.89979696],[2.45237409],[11.3816863]
[6.02139134],[2.48991476],[11.70975517]
[6.0828901],[2.52006268],[12.04975994]
[6.17177976],[2.55369945],[12.31014621]
[6.26266596],[2.58105103],[12.57023873]
[6.30371804],[2.59474223],[12.74801004]
[6.36291055],[2.60004346],[12.88467118]
[6.44891289],[2.57889245],[13.01948536]
[6.48634399],[2.55618972],[13.09510383]
[6.59083753],[2.5201154],[12.9716534]
[6.61401583],[2.48978107],[12.87639692]
[6.54174212],[2.44894851],[12.58292344]
[6.49455167],[2.42320359],[12.38602362]
[6.38833682],[2.38877144],[12.06519552]
[6.37076871],[2.34980546],[11.89334638]
[6.2477536],[2.30519305],[11.64933993]
[6.20325577],[2.26493431],[11.43125585]
[6.11527983],[2.22658365],[11.18016837]
[6.05340708],[2.18961961],[10.95295705]
[5.99390474],[2.15537113],[10.71679904]
[5.91906548],[2.12314127],[10.40333819]
[5.84331659],[2.06731685],[10.09156387]
[5.76154817],[2.02405776],[9.72056284]
[5.61006102],[1.98181315],[9.21800352]
[5.47058527],[1.93736204],[8.73300001]
[5.35100299],[1.89357297],[8.3077637]
[5.19836405],[1.84351742],[7.90561958]
[5.0139191],[1.7964052],[7.58986112]
[4.84888353],[1.75289416],[7.2815823]
[4.77651316],[1.70364586],[6.95797541]
[4.73080673],[1.65885136],[6.60445535]
[4.688793],[1.62646206],[6.29600657]
[14.86993643],[2.14179799],[16.96300597]
[10.64947836],[1.76660205],[9.89545162]
[6.23181838],[1.50768936],[5.67412272]
[4.28980459],[1.3010554],[3.0975327]
[2.86263958],[0.91447795],[2.62666312]
[3.00318547],[1.02612284],[2.62733431]
[3.34504724],[1.37299858],[3.08699473]
[3.60573108],[1.51769473],[4.22469012]
[3.91253684],[1.64154106],[5.38158452]
[4.14049434],[1.70625003],[5.82285817]
[4.43452837],[1.7751316],[6.42096049]
[4.70289958],[1.89763836],[7.09722488]
[4.7786031],[1.98083641],[7.71101676]
[4.92917535],[2.02741804],[8.22876798]
[4.97378323],[2.102654],[8.68078831]
[5.19757158],[2.13544825],[9.16921509]
[5.2980999],[2.18397521],[9.55076953]
[5.41312836],[2.20711526],[10.04217209]
[5.56102815],[2.29574463],[10.48290483]
[5.75411892],[2.41084828],[10.98454371]
[5.89900078],[2.46358739],[11.32419077]
[5.96982194],[2.50058108],[11.71372219]
[6.08071991],[2.54066731],[12.06160566]
[6.14577249],[2.57473327],[12.42137246]
[6.2446151],[2.6089492],[12.77061948]
[6.37015288],[2.63846318],[13.17054095]
[6.44089211],[2.67207557],[13.44353361]
[6.65008982],[2.69749497],[13.82463719]
[6.69643819],[2.71198082],[14.0528919]
[6.72747021],[2.71760635],[14.33249957]
[6.83288871],[2.70259642],[14.49978432]
[6.84323675],[2.68412417],[14.65763718]
[7.02230607],[2.66253909],[14.7699124]
[7.05960821],[2.63770584],[14.61698578]
[7.11740072],[2.60370351],[14.46466535]
[6.98217327],[2.58256998],[14.16845474]
[6.93158606],[2.55465823],[13.91559772]
[6.84366363],[2.53222082],[13.66600114]
[6.79035593],[2.50567393],[13.4199093]
[6.68157014],[2.47914092],[13.15963903]
[6.59095186],[2.45113876],[12.78173919]
[6.48326286],[2.4217596],[12.46393207]
[6.40030005],[2.38966222],[12.13412051]
[6.30322582],[2.34867454],[11.74425215]
[6.20943635],[2.26551331],[11.3594442]
[6.13182687],[2.16107997],[10.9451703]
[6.09231369],[2.08582441],[10.40197623]
[5.91734461],[2.03587019],[9.73550618]
[5.77426981],[1.98966805],[9.21335036]
[5.61250479],[1.93694092],[8.71746885]
[5.39261397],[1.88554138],[8.24873334]
[5.19144876],[1.83877101],[7.84926708]
[4.95096097],[1.78677936],[7.45549414]
[4.90781613],[1.7175505],[7.08374683]
[4.87564941],[1.65713852],[6.73317751]
[15.82250191],[2.16886993],[18.65532633]
[11.86825746],[1.8165409],[10.75706079]
[6.2860994],[1.53016349],[5.87899501]
[4.32745976],[1.34527551],[3.248127]
[2.91490199],[0.9360003],[2.76414947]
[3.0512293],[1.03734542],[2.71147053]
[3.46375368],[1.42830316],[3.36357452]
[3.72227487],[1.56672288],[4.4886422]
[4.02357228],[1.67777818],[5.64605936]
[4.26665223],[1.7537018],[6.13642114]
[4.54634407],[1.86600172],[6.87973905]
[4.86005395],[1.99875655],[7.62903092]
[4.93122924],[2.08463465],[8.21865952]
[5.07744757],[2.1267989],[8.82409168]
[5.19196462],[2.199945],[9.38225199]
[5.36026736],[2.22940772],[9.9261992]
[5.45940985],[2.2730571],[10.34860843]
[5.58571914],[2.33969326],[10.87310404]
[5.81616501],[2.45815859],[11.38973822]
[6.01070101],[2.5368661],[11.93614354]
[6.11918735],[2.58544212],[12.33092493]
[6.18492678],[2.61786238],[12.72422898]
[6.27301812],[2.65232753],[13.08533133]
[6.40051926],[2.6831726],[13.49714092]
[6.47920797],[2.71441167],[13.85268362]
[6.72163025],[2.73969008],[14.40725963]
[6.82430473],[2.76662373],[14.75458055]
[6.9421193],[2.78247013],[15.19487016]
[7.07099756],[2.79724612],[15.51846099]
[7.08273326],[2.80534735],[15.8276856]
[7.23919062],[2.79719674],[16.10857784]
[7.28462856],[2.78435428],[16.33417362]
[7.47196215],[2.77241562],[16.60906328]
[7.51860013],[2.75183561],[16.53694306]
[7.56153366],[2.73117707],[16.45961901]
[7.50176142],[2.71137859],[16.15391324]
[7.45518794],[2.68893899],[15.9375039]
[7.36380169],[2.66752817],[15.53552256]
[7.32739316],[2.64561471],[15.33474158]
[7.17958718],[2.6239229],[14.97181665]
[7.13008363],[2.60161258],[14.71134176]
[6.97016743],[2.57729772],[14.31365746]
[6.88637149],[2.55297322],[13.99892178]
[6.79131454],[2.52849559],[13.63233008]
[6.69944642],[2.47896712],[13.22783915]
[6.59863379],[2.40445909],[12.80707799]
[6.47929781],[2.3018435],[12.22564454]
[6.20169432],[2.19656991],[10.96672191]
[6.04705459],[2.09584289],[10.28662268]
[5.89465215],[2.04203938],[9.623364]
[5.74277918],[1.98862194],[9.10903248]
[5.56063903],[1.93717118],[8.60547041]
[5.21679572],[1.87914066],[8.04017798]
[5.03715139],[1.81021906],[7.53359372]
[4.97575972],[1.7264798],[7.15209773]
[16.29770576],[2.20906164],[20.58235021]
[12.79268829],[1.90192083],[12.07878244]
[6.59700382],[1.56849232],[6.65500773]
[4.44629417],[1.3831882],[3.40117358]
[2.95147773],[0.94840667],[2.88150053]
[3.1890966],[1.044675],[2.78269206]
[3.55209576],[1.46910901],[3.60127331]
[3.81953473],[1.6033444],[4.7053675]
[4.14389448],[1.70488389],[5.87848967]
[4.37852333],[1.79353867],[6.45790103]
[4.64312314],[1.94748878],[7.31004367]
[4.97652167],[2.08022703],[8.06788847]
[5.07593586],[2.17618331],[8.69883866]
[5.20939578],[2.21200281],[9.38826551]
[5.3679848],[2.27416547],[10.05497962]
[5.49429983],[2.31804963],[10.65619949]
[5.63863431],[2.42254637],[11.16221139]
[5.80720676],[2.49817153],[11.75442226]
[6.05136017],[2.58917453],[12.33615109]
[6.19033665],[2.65268707],[12.85959499]
[6.290133],[2.6950627],[13.30614207]
[6.41175489],[2.72283547],[13.76219482]
[6.48190381],[2.75455418],[14.14873633]
[6.71565838],[2.78114632],[14.69486263]
[6.8303795],[2.80892064],[15.13272132]
[6.99091738],[2.83793316],[15.73908839]
[7.14330431],[2.86970785],[16.15853977]
[7.26851422],[2.88748666],[16.65063773]
[7.49644838],[2.8894965],[17.10246557]
[7.53448349],[2.89418927],[17.40389948]
[7.64697144],[2.88442695],[17.7394503]
[7.65197757],[2.86658843],[17.96555402]
[7.75229813],[2.85635594],[18.23208445]
[7.85907858],[2.83767153],[18.34680389]
[7.8936808],[2.82452234],[18.21159475]
[7.96564569],[2.80680694],[18.03933444]
[7.85057769],[2.79518229],[17.76021173]
[7.82131405],[2.7798511],[17.48996162]
[7.72675147],[2.76393195],[17.23452491]
[7.67100521],[2.74770439],[16.91891116]
[7.56443125],[2.7312822],[16.61973859]
[7.48097527],[2.71313986],[16.24391827]
[7.368265],[2.69409729],[15.89753986]
[7.28666633],[2.67288008],[15.52160928]
[7.20568421],[2.63637883],[15.10551125]
[7.10926023],[2.57671062],[14.65739484]
[6.98943249],[2.51702533],[14.12740217]
[6.88065947],[2.45493187],[13.41474254]
[6.25530046],[2.3818275],[11.7003056]
[6.09286582],[2.21217875],[10.66918579]
[5.93759721],[2.08940714],[9.96767533]
[5.78493564],[2.0367555],[9.35612505]
[5.46370157],[1.97464595],[8.76413923]
[5.27625338],[1.90162219],[8.15177818]
[5.12673058],[1.81525544],[7.60231439]
