meltWidth,meltDepth,meltArea
[0.],[0.],[0.]
[0.],[0.],[0.]
[0.],[0.],[0.]
[0.],[0.],[0.]
[0.],[0.],[0.]
[0.],[0.],[0.]
[0.],[0.],[0.]
[0.],[0.],[0.]
[0.],[0.],[0.]
[0.],[0.],[0.]
[0.],[0.],[0.]
[0.],[0.],[0.]
[0.],[0.],[0.]
[0.],[0.],[0.]
[0.],[0.],[0.]
[0.],[0.],[0.]
[0.],[0.],[0.]
[0.],[0.],[0.]
[0.],[0.],[0.]
[0.],[0.],[0.]
[0.],[0.],[0.]
[0.],[0.],[0.]
[0.],[0.],[0.]
[0.],[0.],[0.]
[0.],[0.],[0.]
[0.],[0.],[0.]
[0.],[0.],[0.]
[0.],[0.],[0.]
[0.],[0.],[0.]
[0.],[0.],[0.]
[0.],[0.],[0.]
[0.],[0.],[0.]
[0.],[0.],[0.]
[0.],[0.],[0.]
[0.],[0.],[0.]
[0.],[0.],[0.]
[0.],[0.],[0.]
[0.],[0.],[0.]
[0.],[0.],[0.]
[0.],[0.],[0.]
[0.],[0.],[0.]
[0.],[0.],[0.]
[0.],[0.],[0.]
[0.],[0.],[0.]
[0.],[0.],[0.]
[0.],[0.],[0.]
[0.],[0.],[0.]
[0.],[0.],[0.]
[0.],[0.],[0.]
[0.],[0.],[0.]
[0.],[0.],[0.]
[0.],[0.],[0.]
[0.],[0.],[0.]
[0.],[0.],[0.]
[0.],[0.],[0.]
[0.],[0.],[0.]
[0.12700169],[0.03126276],[0.00177939]
[1.18314107],[0.25115572],[0.20419736]
[1.28446964],[0.30467804],[0.25101618]
[1.35504451],[0.32721872],[0.30212038]
[1.78585718],[0.34125017],[0.40235908]
[1.82618988],[0.35363783],[0.43669967]
[1.89109578],[0.37496755],[0.47335166]
[1.92671972],[0.38473365],[0.50520638]
[1.96992892],[0.40606719],[0.53849215]
[2.0235916],[0.43003794],[0.58887278]
[2.06898657],[0.45484262],[0.62334634]
[2.14004448],[0.48207624],[0.70700502]
[2.17783786],[0.50854789],[0.75062547]
[2.22772563],[0.53138553],[0.80959086]
[2.25471313],[0.56158234],[0.86636252]
[2.31893705],[0.58520343],[0.91844761]
[2.33576706],[0.61636804],[0.9561337]
[2.40158568],[0.6401464],[1.01178577]
[2.38670319],[0.64259993],[1.00439568]
[2.45025651],[0.64168538],[1.04073208]
[2.43624092],[0.63933104],[1.01947498]
[2.47150199],[0.63688281],[1.04256987]
[2.451081],[0.6345449],[1.02119083]
[2.47364149],[0.63268561],[1.03084313]
[2.45399153],[0.63114083],[1.01420829]
[2.46912208],[0.62822233],[1.02193046]
[2.45915403],[0.6257835],[1.01009451]
[2.4779869],[0.62344189],[1.01327369]
[2.45854628],[0.6205957],[1.00646106]
[2.52722189],[0.61970828],[1.02223892]
[2.48033093],[0.61601031],[1.01284091]
[2.53152175],[0.61409493],[1.01427808]
[2.48485493],[0.61182062],[0.99590561]
[2.48241863],[0.60997242],[0.98975854]
[2.4842563],[0.60866612],[0.98653283]
[2.47865928],[0.60684029],[0.98342683]
[2.48869188],[0.60544702],[0.9779222]
[2.49284266],[0.59813246],[0.9684055]
[2.49643183],[0.58999413],[0.95865524]
[2.48240183],[0.58081682],[0.94018279]
[2.46051098],[0.57111102],[0.91894842]
[2.43881787],[0.56105069],[0.8985896]
[2.41214763],[0.55017388],[0.87438174]
[2.40762786],[0.53968002],[0.84772946]
[2.39313473],[0.53145896],[0.82266262]
[2.37783869],[0.52002202],[0.79630606]
[2.36357639],[0.50672191],[0.76495091]
[2.3543444],[0.49873275],[0.74258669]
[2.34492706],[0.4933746],[0.7292957]
[2.29921645],[0.4899165],[0.71425761]
[2.27068145],[0.47072285],[0.6897172]
[2.23814375],[0.4439352],[0.6555631]
[1.22451872],[0.04203904],[0.03066857]
[0.],[0.],[0.]
[0.],[0.],[0.]
[0.],[0.],[0.]
[1.26801531],[0.37155716],[0.30073065]
[1.76689503],[0.43751569],[0.48152065]
[1.91763118],[0.50224078],[0.63952476]
[2.04123838],[0.56753728],[0.77607005]
[2.12542424],[0.62372023],[0.88109803]
[2.20554446],[0.6436712],[0.98138466]
[2.30011656],[0.66577506],[1.0317811]
[2.30299498],[0.69098635],[1.07223864]
[2.34988714],[0.70995742],[1.1261772]
[2.34704033],[0.72671114],[1.14363088]
[2.39727906],[0.74638893],[1.21401568]
[2.4137891],[0.76149642],[1.22224048]
[2.50827378],[0.77859545],[1.31312029]
[2.53871527],[0.79426511],[1.33685492]
[2.65012668],[0.81055648],[1.43776454]
[2.71014729],[0.82471763],[1.48024403]
[2.76890498],[0.83801159],[1.55424171]
[2.80697817],[0.84619013],[1.59191243]
[2.85098126],[0.85066859],[1.6475161]
[2.85680198],[0.8508053],[1.64496544]
[2.86850037],[0.85026938],[1.6708004]
[2.86533095],[0.85085208],[1.66206337]
[2.87094094],[0.85094937],[1.67878249]
[2.87427593],[0.85008903],[1.66949947]
[2.87211818],[0.85026035],[1.68325994]
[2.88281224],[0.85011179],[1.6807181]
[2.8836179],[0.84903025],[1.69182251]
[2.88797291],[0.84941153],[1.68726697]
[2.9210768],[0.84283303],[1.71847363]
[2.90352506],[0.84856523],[1.70750173]
[2.92718839],[0.84875422],[1.73240323]
[2.9090551],[0.84992359],[1.71069927]
[2.90286009],[0.85036458],[1.71225698]
[2.90635238],[0.84986785],[1.71688166]
[2.90414314],[0.85097436],[1.71891819]
[2.90733716],[0.85096588],[1.72178744]
[2.90722856],[0.84401381],[1.71474725]
[2.90569279],[0.83760587],[1.70435783]
[2.89732464],[0.83175929],[1.68446605]
[2.88910786],[0.82532267],[1.66249757]
[2.8774613],[0.81782651],[1.63687267]
[2.85989996],[0.81213175],[1.60772972]
[2.85476394],[0.80577466],[1.58838537]
[2.84585012],[0.79810384],[1.57571788]
[2.83586955],[0.79398131],[1.56877855]
[2.82548152],[0.79613115],[1.56241252]
[2.8160795],[0.79576104],[1.54438226]
[2.80793364],[0.79367702],[1.55037698]
[2.79026896],[0.8067284],[1.5619609]
[2.76817403],[0.850799],[1.57169676]
[2.73457929],[0.87173937],[1.55093334]
[2.77047464],[0.5287948],[1.06458591]
[0.],[0.],[0.]
[0.],[0.],[0.]
[0.],[0.],[0.]
[1.26191422],[0.35563556],[0.3000186]
[1.85966258],[0.44576658],[0.54198726]
[1.99487248],[0.56089517],[0.73815785]
[2.11879789],[0.63191921],[0.89891067]
[2.20802899],[0.69302313],[1.01957245]
[2.2589628],[0.71612384],[1.09996626]
[2.32705719],[0.74888194],[1.17359472]
[2.34048666],[0.77767725],[1.22999812]
[2.38154507],[0.79690465],[1.29125313]
[2.38921504],[0.81070892],[1.31539921]
[2.43464325],[0.82810007],[1.38693113]
[2.4430275],[0.84197703],[1.40265786]
[2.55815557],[0.85804324],[1.48380811]
[2.63629561],[0.87199065],[1.53136805]
[2.76446654],[0.88695788],[1.64250348]
[2.81496867],[0.89889414],[1.67129169]
[2.89769176],[0.91114462],[1.7857601]
[2.92601088],[0.91909671],[1.80270118]
[2.97140486],[0.92405531],[1.87540678]
[2.95877978],[0.92364912],[1.84307958]
[2.97874066],[0.92382982],[1.89254422]
[2.96359008],[0.92476986],[1.86155123]
[2.97501863],[0.92486906],[1.89394332]
[2.958339],[0.92486678],[1.85959679]
[2.96666921],[0.92590627],[1.89221606]
[2.95383593],[0.92658919],[1.86543831]
[2.96245562],[0.92604531],[1.89139131]
[2.94668278],[0.92667678],[1.86854247]
[2.9756783],[0.92146162],[1.90150276]
[2.9576197],[0.92599121],[1.89115197]
[2.97541089],[0.92604378],[1.91006987]
[2.95618349],[0.92690875],[1.88450688]
[2.94393338],[0.92708482],[1.88049975]
[2.94300063],[0.92664414],[1.88185877]
[2.93866828],[0.92730501],[1.88325968]
[2.93664566],[0.92680977],[1.88056995]
[2.93458487],[0.92041582],[1.8724245]
[2.93173278],[0.9147763],[1.85872873]
[2.92540834],[0.90964821],[1.83975405]
[2.91861382],[0.90402669],[1.82000859]
[2.90798532],[0.89728084],[1.79678893]
[2.88810525],[0.89194519],[1.76747663]
[2.88420651],[0.88610668],[1.75961693]
[2.87658723],[0.87910456],[1.74555393]
[2.86728835],[0.87310354],[1.73193371]
[2.85673109],[0.87254857],[1.72904626]
[2.84662904],[0.87210755],[1.73120358]
[2.83221583],[0.86977942],[1.71724432]
[2.80783159],[0.86304192],[1.70170739]
[2.79806329],[0.85320617],[1.70891228]
[2.77303641],[0.84559569],[1.70164754]
[3.48648931],[0.81619405],[1.84791334]
[1.39080459],[0.18205583],[0.13224885]
[0.],[0.],[0.]
[0.],[0.],[0.]
[1.38587173],[0.34883774],[0.32563674]
[1.96920987],[0.48905515],[0.6477343]
[2.07580914],[0.61550937],[0.83948829]
[2.22695556],[0.69344572],[1.04408065]
[2.30664671],[0.76870587],[1.18335027]
[2.35648987],[0.79940638],[1.28476514]
[2.41376522],[0.82177242],[1.35227055]
[2.421257],[0.844532],[1.40483894]
[2.45382629],[0.86471388],[1.4679304]
[2.45257123],[0.8782633],[1.49257887]
[2.49365166],[0.89414089],[1.55866906]
[2.53499794],[0.90674332],[1.5672443]
[2.70230635],[0.92061191],[1.69042689]
[2.76655679],[0.92707291],[1.70435362]
[2.8851559],[0.93391694],[1.84042247]
[2.91071427],[0.9397483],[1.82988156]
[2.99299265],[0.94651343],[1.95632623]
[3.00384667],[0.95262743],[1.95103959]
[3.05353639],[0.95561707],[2.02873307]
[3.02614568],[0.95642388],[1.98083003]
[3.05487837],[0.95745103],[2.04496236]
[3.02526611],[0.95832148],[1.99251077]
[3.04551393],[0.95924612],[2.04056909]
[3.01355305],[0.9605345],[1.98337245]
[3.03226858],[0.96209877],[2.03659364]
[3.00266015],[0.96336418],[1.98169718]
[3.02484707],[0.9654543],[2.03620279]
[2.99405805],[0.96673015],[1.98687772]
[3.03577912],[0.96776304],[2.05639453]
[3.01705978],[0.96988117],[2.03925277]
[3.0305337],[0.97038763],[2.06457619]
[3.0096021],[0.97076787],[2.03933643]
[2.99550647],[0.97104675],[2.03604113]
[2.99179917],[0.97142912],[2.03866369]
[2.98318391],[0.97196599],[2.03921227]
[2.9805095],[0.97212592],[2.04035197]
[2.97571002],[0.97205903],[2.03805051]
[2.96961808],[0.97169695],[2.02894556]
[2.95175818],[0.97120361],[2.00336848]
[2.92923168],[0.96674037],[1.96950778]
[2.91182293],[0.96167264],[1.94330687]
[2.88803994],[0.95727544],[1.91956118]
[2.88232127],[0.95264991],[1.90914135]
[2.87332488],[0.94738324],[1.90974968]
[2.86246932],[0.94213829],[1.91405603]
[2.85036048],[0.93669576],[1.92760986]
[2.83648993],[0.93771548],[1.93579764]
[2.819478],[0.94831924],[1.9496243]
[2.78892195],[0.95457938],[1.95571265]
[2.779485],[0.93336921],[1.98240653]
[2.762406],[0.92122443],[2.01804448]
[3.72736027],[0.90593709],[2.14782341]
[1.95145989],[0.53025019],[0.52314745]
[0.6175082],[0.06195991],[0.01605805]
[0.],[0.],[0.]
[1.78297567],[0.37135003],[0.43063566]
[2.07971937],[0.54147408],[0.77509733]
[2.22223806],[0.70947796],[1.0374572]
[2.33925206],[0.78086617],[1.23819121]
[2.41437686],[0.84043336],[1.37393991]
[2.44533811],[0.87103926],[1.46768797]
[2.50526236],[0.89500569],[1.55061915]
[2.49894126],[0.91594584],[1.58590412]
[2.52979298],[0.92887384],[1.65274491]
[2.49618509],[0.9347146],[1.63270548]
[2.54441891],[0.9416881],[1.71680786]
[2.60246556],[0.94720256],[1.68715139]
[2.80271871],[0.95381643],[1.83568583]
[2.87041565],[0.95866271],[1.83872279]
[2.9791308],[0.96411562],[1.97553826]
[3.01235342],[0.96913312],[1.96602591]
[3.08554144],[0.97481981],[2.10762264]
[3.09199366],[0.98014313],[2.07629207]
[3.12968761],[0.9819816],[2.18499316]
[3.11115132],[0.98271073],[2.11215256]
[3.1323529],[0.98331984],[2.19531897]
[3.11011909],[0.98377699],[2.11924811]
[3.1236491],[0.98436644],[2.18507246]
[3.09867874],[0.98525238],[2.10846061]
[3.10878727],[0.98657456],[2.17553719]
[3.08278347],[0.98765417],[2.10290822]
[3.09658305],[0.98904806],[2.16794173]
[3.06912777],[0.9901354],[2.10015331]
[3.09810897],[0.99058152],[2.1670489]
[3.0842139],[0.99300688],[2.14415448]
[3.08637613],[0.99445122],[2.16585557]
[3.07026564],[0.99620391],[2.14016772]
[3.04564315],[0.9971717],[2.13065684]
[3.03783912],[0.9970703],[2.1289404]
[3.02791719],[0.99769675],[2.13001301]
[3.02388017],[0.99751167],[2.13012946]
[3.01985061],[0.99585599],[2.12973731]
[3.01379439],[0.99494724],[2.12488493]
[2.997728],[0.9943346],[2.10882388]
[2.96786397],[0.9949425],[2.0894422]
[2.93148625],[1.01170564],[2.08974855]
[2.88115637],[1.02954236],[2.10433132]
[2.86374319],[1.04540816],[2.1431451]
[2.85055486],[1.0585274],[2.1751128]
[2.83627672],[1.06808229],[2.20414484]
[2.8175892],[1.07392114],[2.23184528]
[2.79993302],[1.07721711],[2.24960646]
[2.77645277],[1.07942052],[2.25576378]
[2.73024671],[1.06880478],[2.23082208]
[2.71233442],[1.04732143],[2.2039556]
[2.67151014],[1.01553716],[2.13843795]
[3.81175604],[0.9433995],[2.17806409]
[2.0308926],[0.59412294],[0.63879707]
[0.991952],[0.33120658],[0.15839687]
[0.],[0.],[0.]
[1.85804366],[0.32676362],[0.39509296]
[2.17234733],[0.60685417],[0.87657189]
[2.33069319],[0.75978485],[1.19040045]
[2.41169531],[0.83431079],[1.37429724]
[2.50677368],[0.88673977],[1.54101023]
[2.50336288],[0.91989299],[1.59581388]
[2.59088147],[0.9359788],[1.70858845]
[2.63325068],[0.94963271],[1.7070999]
[2.70247531],[0.95847188],[1.81364127]
[2.70820493],[0.96348409],[1.77468671]
[2.78020704],[0.9692417],[1.87975217]
[2.83633287],[0.97332539],[1.84811543]
[2.96405319],[0.97814129],[1.99681135]
[3.03998549],[0.98216462],[1.99614552]
[3.1152366],[0.98767757],[2.15872749]
[3.14669547],[0.9942398],[2.14142607]
[3.19265983],[1.00166866],[2.27958267]
[3.20093019],[1.0250007],[2.25879799]
[3.22217124],[1.02432974],[2.35358701]
[3.21101522],[1.04682781],[2.29942517]
[3.22255706],[1.02876324],[2.36649855]
[3.21051764],[1.05133815],[2.30992178]
[3.21648739],[1.02612592],[2.35930271]
[3.20109539],[1.05510301],[2.3041406]
[3.20418757],[1.02632659],[2.34949006]
[3.18611194],[1.05536224],[2.30035192]
[3.19213424],[1.02656561],[2.35041355]
[3.17564922],[1.05624071],[2.29520833]
[3.18857467],[1.04204732],[2.39242557]
[3.18950972],[1.05768149],[2.34404221]
[3.18160149],[1.04799723],[2.40348454]
[3.17465452],[1.04822082],[2.34288038]
[3.14518688],[1.05199972],[2.33696596]
[3.13652089],[1.05676142],[2.3415824]
[3.12395052],[1.06163081],[2.33983552]
[3.11490644],[1.06528078],[2.35143066]
[3.10726979],[1.06730278],[2.35407784]
[3.09695207],[1.08976632],[2.42242257]
[3.07539799],[1.10591555],[2.45265797]
[3.03513983],[1.12398876],[2.46959577]
[2.98717915],[1.13966091],[2.48610264]
[2.91485129],[1.15554886],[2.48623844]
[2.85834048],[1.16818445],[2.51106053]
[2.79646796],[1.17782031],[2.51742225]
[2.75717155],[1.18887123],[2.52807058]
[2.73682766],[1.19410379],[2.54485679]
[2.7332944],[1.19935748],[2.55696957]
[2.72572651],[1.19285925],[2.55404192]
[2.7060316],[1.17472414],[2.52909012]
[2.68619806],[1.15124834],[2.48381003]
[2.66330324],[1.1168092],[2.41592262]
[4.09520427],[0.96387721],[2.3651677]
[2.10511662],[0.62176387],[0.68570673]
[1.109273],[0.36096361],[0.20328534]
[0.],[0.],[0.]
[1.95992629],[0.38182211],[0.4996149]
[2.24212128],[0.65103784],[0.97831238]
[2.38987989],[0.79473346],[1.29381637]
[2.46329293],[0.86717409],[1.47453613]
[2.55237029],[0.91553434],[1.64436996]
[2.53618457],[0.93870322],[1.67274564]
[2.72433859],[0.95462177],[1.80880393]
[2.83524014],[0.9676907],[1.82460412]
[2.91150068],[0.97468631],[1.94060659]
[2.96932946],[0.97914618],[1.9290068]
[3.04385019],[0.9845978],[2.06386432]
[3.11919609],[0.99027167],[2.05992118]
[3.17867531],[0.99989277],[2.20976393]
[3.2170185],[1.00663258],[2.2050663]
[3.24965667],[1.01408075],[2.34545283]
[3.29728312],[1.02078029],[2.33158467]
[3.31558884],[1.0415787],[2.47377929]
[3.36915238],[1.06954628],[2.49090724]
[3.35646453],[1.07543868],[2.59848852]
[3.40087291],[1.0924829],[2.57604802]
[3.36792956],[1.0826221],[2.62996051]
[3.39957072],[1.09939258],[2.59298537]
[3.35882978],[1.08151981],[2.63089766]
[3.38825268],[1.10510129],[2.59263883]
[3.33439248],[1.08313636],[2.62834707]
[3.356062],[1.10827778],[2.58895101]
[3.30532069],[1.08461656],[2.63007334]
[3.33105988],[1.11049116],[2.58909301]
[3.29683568],[1.09892959],[2.66742752]
[3.33044586],[1.11264787],[2.64147149]
[3.27118399],[1.10347713],[2.67790454]
[3.29837646],[1.1056384],[2.65234187]
[3.26168002],[1.11090834],[2.65329179]
[3.2571798],[1.11590158],[2.68030341]
[3.25169682],[1.12424959],[2.75578133]
[3.24387731],[1.1536293],[2.84359212]
[3.23962714],[1.17911454],[2.9019436]
[3.23345195],[1.19756137],[2.94507045]
[3.22472839],[1.2105967],[2.96438995]
[3.20171767],[1.22402004],[2.96527002]
[3.17362409],[1.23681438],[2.96753588]
[3.13178413],[1.25003223],[2.96003909]
[3.10288587],[1.26157318],[2.97239289]
[3.05902863],[1.27097375],[2.97449917]
[3.01112558],[1.28186558],[2.97335722]
[2.95902062],[1.28783169],[2.97037285]
[2.91587535],[1.28608788],[2.96932896]
[2.87502629],[1.2741311],[2.94685239]
[2.78691233],[1.25808699],[2.91618585]
[2.77763154],[1.23154525],[2.90558002]
[2.75290959],[1.20345957],[2.88598356]
[4.44561839],[0.99402448],[2.63309723]
[2.2259066],[0.63706704],[0.72777958]
[1.20870943],[0.37292838],[0.23222415]
[0.33819381],[0.11761307],[0.01765586]
[2.03675087],[0.42250674],[0.58877343]
[2.27572197],[0.68551684],[1.05379037]
[2.42810919],[0.82293942],[1.37208434]
[2.49650427],[0.88312206],[1.54861034]
[2.57092054],[0.93561235],[1.70914247]
[2.61204531],[0.95466438],[1.74750194]
[2.88281963],[0.9689828],[1.91613886]
[3.00248587],[0.98099053],[1.94872338]
[3.04992561],[0.98797585],[2.07120617]
[3.13092374],[0.99424982],[2.09469672]
[3.17563392],[1.00091489],[2.22641566]
[3.22350392],[1.00828435],[2.22567421]
[3.25902642],[1.0177799],[2.35792566]
[3.31841607],[1.02527853],[2.35862474]
[3.33100464],[1.03329747],[2.5073956]
[3.43181779],[1.05729249],[2.53816674]
[3.46047082],[1.08769566],[2.6791263]
[3.50136875],[1.11293226],[2.70206024]
[3.48428763],[1.12528483],[2.81861109]
[3.51469517],[1.13515251],[2.80531211]
[3.49006424],[1.13384326],[2.8665457]
[3.50831684],[1.14204953],[2.82884037]
[3.47960334],[1.13231337],[2.87318424]
[3.49753702],[1.14658216],[2.82759007]
[3.45787618],[1.13310239],[2.87300138]
[3.47264266],[1.15184628],[2.83139282]
[3.43835679],[1.13404347],[2.88272648]
[3.4515016],[1.15773774],[2.83657435]
[3.4378206],[1.14692567],[2.89306195]
[3.45773331],[1.15940725],[2.89999499]
[3.41754085],[1.15092858],[2.90773569]
[3.43227273],[1.15370294],[2.92433934]
[3.38583982],[1.15846181],[2.94465509]
[3.36608186],[1.18679358],[3.01894614]
[3.34854878],[1.21441971],[3.08734135]
[3.33090409],[1.2370887],[3.14137439]
[3.3221064],[1.25697514],[3.18016161]
[3.30779681],[1.27285954],[3.21137877]
[3.29728692],[1.28272323],[3.22703164]
[3.28195966],[1.29349011],[3.23527744]
[3.26078125],[1.30305998],[3.25474122]
[3.23374349],[1.31277178],[3.27326675]
[3.21052528],[1.32042086],[3.29575463]
[3.18340071],[1.32862956],[3.35418896]
[3.14912616],[1.33836856],[3.40334838]
[3.11021645],[1.34451811],[3.4429568]
[3.08230539],[1.34237081],[3.48595816]
[3.05473228],[1.3344499],[3.51091596]
[2.99760797],[1.32219156],[3.50022736]
[2.96560899],[1.29609124],[3.47677775]
[2.92111366],[1.26528926],[3.46281525]
[4.73307002],[1.01879767],[2.93385937]
[2.58457698],[0.62517733],[0.84070968]
[1.29515087],[0.36688119],[0.25437679]
[0.4075479],[0.13502483],[0.02478505]
[2.12518315],[0.47855179],[0.70675164]
[2.33611165],[0.72259147],[1.18003778]
[2.46396537],[0.84327406],[1.45277746]
[2.52897225],[0.90260375],[1.6349043]
[2.60394963],[0.95605058],[1.77947206]
[2.79999582],[0.97078612],[1.86265301]
[3.02247862],[0.98574629],[2.05047247]
[3.14570978],[0.99916492],[2.0909389]
[3.18134391],[1.00655971],[2.22098471]
[3.24726506],[1.01154628],[2.25283522]
[3.2648316],[1.01722427],[2.36498476]
[3.33415067],[1.02472201],[2.37114454]
[3.33684762],[1.03404531],[2.50755854]
[3.42782055],[1.04740501],[2.55676018]
[3.43388226],[1.07774517],[2.68914444]
[3.51778979],[1.1030085],[2.73677533]
[3.53707682],[1.13230428],[2.8891199]
[3.5783289],[1.15621143],[2.940277]
[3.56520797],[1.17164644],[3.0435399]
[3.59447984],[1.17690428],[3.02722643]
[3.57184933],[1.18177639],[3.08475674]
[3.58821141],[1.18268675],[3.05001214]
[3.56691919],[1.17855584],[3.0939948]
[3.58027703],[1.18544454],[3.0437935]
[3.54682125],[1.17724708],[3.0878224]
[3.55951528],[1.18926717],[3.04697148]
[3.53527761],[1.17632296],[3.09726805]
[3.54569516],[1.19408672],[3.05865393]
[3.54500388],[1.18708522],[3.09439224]
[3.55355466],[1.19778147],[3.11503813]
[3.52679791],[1.18930062],[3.1114714]
[3.53024782],[1.19138095],[3.12557579]
[3.49560273],[1.20251538],[3.1454616]
[3.46917997],[1.22652026],[3.19630041]
[3.44792499],[1.24991212],[3.24488643]
[3.42894952],[1.26945716],[3.28455335]
[3.41592939],[1.28659576],[3.30819589]
[3.39780733],[1.3004055],[3.32548939]
[3.37278522],[1.30998104],[3.33553901]
[3.33533423],[1.3204773],[3.36016465]
[3.29479181],[1.32901879],[3.37883533]
[3.27034468],[1.33797411],[3.39202029]
[3.24542141],[1.34639296],[3.43889242]
[3.22079875],[1.35454429],[3.50089055]
[3.18734945],[1.36404822],[3.54625616]
[3.14876764],[1.36914897],[3.57842302]
[3.1110492],[1.36852487],[3.61255975]
[3.06563353],[1.35615881],[3.62078708]
[3.00083225],[1.3369824],[3.62277764]
[2.99371466],[1.30651346],[3.61089811]
[3.02636907],[1.27349817],[3.53602744]
[5.0167211],[1.05206589],[3.29668412]
[2.87371232],[0.63342833],[1.03590074]
[1.42934874],[0.38514586],[0.29509644]
[0.4733294],[0.14295747],[0.0303777]
[2.2059347],[0.53167146],[0.80353061]
[2.37115957],[0.74408248],[1.26283844]
[2.4873783],[0.86386889],[1.52189209]
[2.55215007],[0.92564149],[1.7163773]
[2.69611288],[0.97286243],[1.86573123]
[2.95736975],[0.98725452],[1.98270836]
[3.1158748],[1.00180508],[2.16056975]
[3.24759318],[1.01443675],[2.22947199]
[3.25297301],[1.02019666],[2.34919733]
[3.31842784],[1.02506395],[2.39295193]
[3.30231469],[1.03293476],[2.52723255]
[3.4003462],[1.04993739],[2.60188197]
[3.39940664],[1.08049658],[2.72424532]
[3.49216185],[1.1075653],[2.79813281]
[3.49724491],[1.1340069],[2.93347021]
[3.58106228],[1.15455257],[2.99874379]
[3.59968331],[1.17887909],[3.12268611]
[3.63922919],[1.19846896],[3.16314494]
[3.62428345],[1.2098168],[3.23952176]
[3.65382247],[1.21496219],[3.22402483]
[3.63336054],[1.21933422],[3.27112697]
[3.64567056],[1.21994514],[3.23836839]
[3.62595416],[1.21565526],[3.27192514]
[3.63624598],[1.22200126],[3.22596503]
[3.60338653],[1.21395365],[3.26729015]
[3.61333912],[1.22543301],[3.22540423]
[3.587858],[1.21256185],[3.26593449]
[3.59977417],[1.22900104],[3.22888424]
[3.60664795],[1.22194568],[3.26372119]
[3.60744656],[1.23245712],[3.28481979]
[3.58690803],[1.22678181],[3.28174044]
[3.5805646],[1.23836329],[3.32075515]
[3.5537686],[1.25977722],[3.3455392]
[3.52379407],[1.27946226],[3.37956108]
[3.50253958],[1.29882324],[3.41453486]
[3.48349258],[1.31511479],[3.44207888]
[3.4690048],[1.33085757],[3.46021371]
[3.45130301],[1.34203178],[3.47558416]
[3.4263087],[1.34959202],[3.50323868]
[3.39146356],[1.35741632],[3.52555902]
[3.33875027],[1.36475278],[3.56665222]
[3.2918559],[1.37215898],[3.60375535]
[3.26723633],[1.3791696],[3.65073361]
[3.24270481],[1.38588625],[3.71035458]
[3.20959616],[1.39342002],[3.75298023]
[3.1702721],[1.39714554],[3.77699711]
[3.13206532],[1.39607499],[3.80432253]
[3.08299798],[1.38237876],[3.8369457]
[3.05864435],[1.36316236],[3.8137782]
[3.08459458],[1.33447468],[3.7538907]
[3.10259001],[1.30309521],[3.66439252]
[5.05875317],[1.1071449],[3.48334089]
[2.87154013],[0.691856],[1.1237878]
[1.47655259],[0.42765202],[0.32616204]
[0.29704466],[0.06130051],[0.006628]
[2.25656897],[0.58334812],[0.88651716]
[2.40243737],[0.76319577],[1.32195721]
[2.50883283],[0.88201212],[1.57924231]
[2.56285443],[0.94219785],[1.75972839]
[2.7729083],[0.98397154],[1.93076262]
[3.02251872],[0.99727866],[2.05100895]
[3.15824584],[1.01163275],[2.22623372]
[3.27972912],[1.02386102],[2.30164214]
[3.27701288],[1.02976981],[2.45012092]
[3.35861451],[1.03441659],[2.59282424]
[3.33369291],[1.06246014],[2.710048]
[3.43828248],[1.08628971],[2.78603935]
[3.43896884],[1.11263311],[2.89078448]
[3.52778666],[1.13499234],[2.95384336]
[3.534553],[1.15954242],[3.07118037]
[3.61467507],[1.17949667],[3.13166982]
[3.63527489],[1.20366733],[3.24531076]
[3.67154962],[1.22196209],[3.28329291]
[3.66276085],[1.23812516],[3.35339278]
[3.68986557],[1.23859454],[3.33823674]
[3.67274678],[1.24522622],[3.38234893]
[3.68126887],[1.2432478],[3.35118036]
[3.66535605],[1.24100491],[3.38031976]
[3.67475472],[1.24411515],[3.3327493]
[3.6440185],[1.23775126],[3.36470776]
[3.6516686],[1.2456042],[3.31981686]
[3.62767169],[1.23509369],[3.35295542]
[3.63804166],[1.2478607],[3.31619213]
[3.64909495],[1.24295809],[3.34860904]
[3.64761042],[1.25093141],[3.36500579]
[3.63479263],[1.24587658],[3.35767261]
[3.62556335],[1.24690359],[3.37961106]
[3.60491451],[1.26477947],[3.40114128]
[3.57242931],[1.28725309],[3.44082108]
[3.55180211],[1.30756646],[3.47565304]
[3.53424202],[1.32416569],[3.50132484]
[3.52162249],[1.33872729],[3.51784116]
[3.50551713],[1.34991687],[3.52862586]
[3.48052615],[1.35746397],[3.54442353]
[3.4472079],[1.36547569],[3.56515286]
[3.39590731],[1.3735478],[3.59629009]
[3.33357652],[1.38234581],[3.6276809]
[3.29019331],[1.38986163],[3.67511031]
[3.26667187],[1.39673354],[3.7363225]
[3.23423112],[1.4037942],[3.7801328]
[3.19429632],[1.4075097],[3.80204903]
[3.15474412],[1.40741967],[3.83439277]
[3.10509032],[1.39062579],[3.8645592]
[3.08219533],[1.36761257],[3.84796682]
[3.10284782],[1.33756996],[3.78990409]
[3.120198],[1.30618118],[3.71240849]
[5.05770537],[1.15605594],[3.61691223]
[2.90922477],[0.73989967],[1.17295939]
[1.58253834],[0.46014835],[0.34987405]
[0.4507007],[0.09673344],[0.01789442]
[2.24248729],[0.60592611],[0.90717939]
[2.41162585],[0.77707916],[1.3465744]
[2.51809683],[0.89131141],[1.60877607]
[2.56534379],[0.95598129],[1.78431738]
[2.81134152],[0.99410118],[1.97040546]
[3.05963924],[1.00684825],[2.10112771]
[3.19065775],[1.02091419],[2.28029858]
[3.30220293],[1.03264974],[2.35946292]
[3.29735372],[1.03826593],[2.55556842]
[3.39187227],[1.04659867],[2.69065257]
[3.37214711],[1.07886356],[2.80199975]
[3.47215002],[1.10222232],[2.87005317]
[3.47807152],[1.1285943],[2.98029512]
[3.56146562],[1.15051062],[3.0493101]
[3.57397871],[1.17489682],[3.16498545]
[3.64997641],[1.20181917],[3.22653329]
[3.68087437],[1.24589234],[3.34013685]
[3.71190538],[1.27061497],[3.37989387]
[3.70992698],[1.2852911],[3.44908093]
[3.7311652],[1.28632681],[3.43709761]
[3.72141644],[1.28513863],[3.48408651]
[3.72387456],[1.28425637],[3.45212697]
[3.71375807],[1.28277392],[3.48335685]
[3.7192366],[1.28083921],[3.43629121]
[3.6929778],[1.27988067],[3.46703822]
[3.69608874],[1.27778437],[3.42144859]
[3.67568316],[1.2737222],[3.45426794]
[3.68144299],[1.27341734],[3.41447116]
[3.69795664],[1.26286522],[3.44927706]
[3.6897382],[1.27505351],[3.45989363]
[3.68239584],[1.27807327],[3.45381389]
[3.66765616],[1.28341044],[3.47321135]
[3.65523387],[1.28693716],[3.48129558]
[3.62384473],[1.2981445],[3.51426038]
[3.60477341],[1.319011],[3.54849342]
[3.58792152],[1.33598795],[3.57166693]
[3.57548963],[1.35071795],[3.58644214]
[3.56139255],[1.36185422],[3.59623129]
[3.53863822],[1.36921447],[3.60214651]
[3.51041194],[1.37755563],[3.62820178]
[3.46144463],[1.38581529],[3.65838168]
[3.39911632],[1.3944836],[3.69801162]
[3.34297446],[1.40186932],[3.73670577]
[3.29538162],[1.4100663],[3.80457974]
[3.26771869],[1.41732569],[3.85264599]
[3.22830801],[1.41972502],[3.87586526]
[3.18716981],[1.41482729],[3.89223209]
[3.13958884],[1.39548358],[3.91928292]
[3.12675519],[1.37232501],[3.89763522]
[3.14500102],[1.34197704],[3.83672803]
[3.16121185],[1.30992293],[3.75820509]
[5.07631877],[1.19923724],[3.72950415]
[2.91596647],[0.76473075],[1.20378597]
[1.61769887],[0.46361712],[0.34806314]
[0.49700634],[0.10919434],[0.02270132]
[2.23641308],[0.6350782],[0.95244641]
[2.4226105],[0.79613626],[1.38735821]
[2.53141712],[0.91007016],[1.65641181]
[2.56904307],[0.97155525],[1.81584729]
[2.86910694],[1.00500839],[2.02419778]
[3.11581069],[1.01725392],[2.15891831]
[3.22574707],[1.03099497],[2.32100422]
[3.34157071],[1.0420074],[2.41480279]
[3.32397641],[1.04778379],[2.63631447]
[3.4343251],[1.06133284],[2.77172536]
[3.42225006],[1.09407985],[2.88184804]
[3.51559379],[1.11713874],[2.95713568]
[3.52793885],[1.14329845],[3.07449769]
[3.60623807],[1.16530227],[3.14835026]
[3.63411111],[1.21178835],[3.26808449]
[3.70601112],[1.25165411],[3.33413123]
[3.74706324],[1.28872719],[3.44280718]
[3.76385086],[1.30071611],[3.47073305]
[3.77367719],[1.310974],[3.53785356]
[3.79454672],[1.31410791],[3.53345347]
[3.78211101],[1.31354746],[3.57209806]
[3.80035385],[1.31263398],[3.55928758]
[3.7717856],[1.31110539],[3.57095622]
[3.80470639],[1.30912486],[3.54966039]
[3.75276414],[1.30812665],[3.55420905]
[3.78097901],[1.30646278],[3.53242476]
[3.73489844],[1.30389125],[3.54274837]
[3.76714793],[1.30398489],[3.52758688]
[3.76854227],[1.30021159],[3.54910826]
[3.77009003],[1.30696393],[3.56593762]
[3.75288635],[1.30856034],[3.5442879]
[3.74505134],[1.31116075],[3.56234089]
[3.72225225],[1.31521161],[3.55035084]
[3.68623484],[1.31892201],[3.56964015]
[3.66468695],[1.32323038],[3.6023351]
[3.65024736],[1.33945399],[3.62694998]
[3.64256542],[1.35493054],[3.64535248]
[3.62969162],[1.36726242],[3.65491399]
[3.6040357],[1.37575537],[3.65543962]
[3.5739095],[1.38546628],[3.65834781]
[3.53001783],[1.39588409],[3.68870905]
[3.46971485],[1.40454424],[3.73292864]
[3.41460964],[1.41203304],[3.76933044]
[3.36520933],[1.41931278],[3.82255458]
[3.30597689],[1.42238274],[3.85342693]
[3.25395295],[1.4167866],[3.86207411]
[3.20771535],[1.40525156],[3.87308443]
[3.15776072],[1.38263812],[3.88377198]
[3.1756076],[1.3568819],[3.87401539]
[3.17655831],[1.32486859],[3.76938679]
[3.19192889],[1.29000068],[3.59342038]
[5.10458355],[1.24897832],[3.89166141]
[2.90472082],[0.7824076],[1.24805212]
[1.58795897],[0.47909584],[0.36329143]
[0.4647081],[0.10561088],[0.02026405]
[2.21632978],[0.65113802],[0.96052253]
[2.42941279],[0.80670223],[1.40972257]
[2.53906104],[0.92314323],[1.68641959]
[2.57264058],[0.98239882],[1.84106339]
[2.90445915],[1.01300458],[2.06537657]
[3.15876686],[1.02539416],[2.21759835]
[3.25542971],[1.03936148],[2.37927443]
[3.3716028],[1.05161875],[2.51776183]
[3.35912682],[1.0627964],[2.75609773]
[3.46675753],[1.08884681],[2.88208823]
[3.45769675],[1.12120137],[3.0076771]
[3.54837364],[1.14400612],[3.09421263]
[3.56497273],[1.19524056],[3.21456522]
[3.64526727],[1.24018998],[3.29208543]
[3.67682936],[1.27890791],[3.39979893]
[3.7436622],[1.30087813],[3.45120235]
[3.79064372],[1.32149431],[3.55093539]
[3.81785581],[1.33266304],[3.58727974]
[3.82793135],[1.34253959],[3.64861706]
[3.86043344],[1.34656248],[3.65983896]
[3.84956669],[1.34793193],[3.69473538]
[3.86395028],[1.34742339],[3.68790475]
[3.85393806],[1.34621808],[3.70540051]
[3.86666541],[1.3437205],[3.67760415]
[3.83860989],[1.34281404],[3.68910363]
[3.84838833],[1.34101265],[3.6627831]
[3.82302613],[1.33917383],[3.67724502]
[3.83783179],[1.34106645],[3.65951371]
[3.85021935],[1.33660625],[3.68223443]
[3.83824047],[1.34305385],[3.69442999]
[3.83619678],[1.34394916],[3.68320448]
[3.8183393],[1.34585069],[3.70681122]
[3.81072401],[1.34894668],[3.70026688]
[3.77658703],[1.35193766],[3.7190612]
[3.75972926],[1.35526628],[3.74576301]
[3.74759256],[1.36968426],[3.76470158]
[3.74055856],[1.38356606],[3.77970661]
[3.73163952],[1.39596009],[3.79025896]
[3.71314374],[1.40366296],[3.79853023]
[3.67703074],[1.41264245],[3.83521327]
[3.59010707],[1.42086422],[3.87455442]
[3.52323883],[1.42949083],[3.91141091]
[3.47294533],[1.43730633],[3.95508791]
[3.42530613],[1.44422615],[4.01062445]
[3.36534698],[1.44785289],[4.04681427]
[3.29281122],[1.44191818],[4.05626314]
[3.24523234],[1.42961343],[4.08931769]
[3.26829827],[1.40732842],[4.08172799]
[3.27170035],[1.38167021],[4.01220086]
[3.27897098],[1.3506895],[3.898925]
[3.28333825],[1.31604088],[3.7145891]
[5.08180928],[1.30758519],[4.03341825]
[2.84137779],[0.79202276],[1.24540029]
[1.48892626],[0.47704896],[0.34483545]
[0.36340943],[0.08660244],[0.01227718]
[2.18566404],[0.64146175],[0.92460452]
[2.43027139],[0.81278239],[1.41736522]
[2.54281091],[0.93229688],[1.70159807]
[2.57736583],[0.98974137],[1.85432157]
[2.94304892],[1.01855819],[2.10254714]
[3.19419935],[1.03126778],[2.26493207]
[3.27946966],[1.04533841],[2.42928054]
[3.40292041],[1.06242349],[2.61025229]
[3.39669646],[1.07773848],[2.83910641]
[3.49821738],[1.10469796],[2.97261622]
[3.49626935],[1.15227573],[3.11042947]
[3.58359987],[1.19723248],[3.19832209]
[3.61014401],[1.24557348],[3.3176281]
[3.68561888],[1.27511092],[3.38543892]
[3.72410277],[1.30237757],[3.48524693]
[3.79418602],[1.32374945],[3.54075886]
[3.84383224],[1.34287787],[3.6375962]
[3.88155726],[1.35450301],[3.68826357]
[3.90259035],[1.36504678],[3.75602296]
[3.91162478],[1.37009308],[3.75657905]
[3.91814862],[1.37093229],[3.8024983]
[3.9143389],[1.37361248],[3.79053248]
[3.91824662],[1.37278298],[3.81713055]
[3.91706172],[1.37036894],[3.78248642]
[3.90923983],[1.3692915],[3.80510721]
[3.90290471],[1.36742733],[3.76713012]
[3.8940294],[1.36601353],[3.79070238]
[3.89362262],[1.36729023],[3.76244206]
[3.91304659],[1.3625428],[3.7876836]
[3.89372989],[1.36813802],[3.79610389]
[3.90060363],[1.36871761],[3.78560666]
[3.87736511],[1.36977159],[3.80577305]
[3.87886588],[1.3714067],[3.79667439]
[3.84699602],[1.37416956],[3.8083357]
[3.83340498],[1.37793207],[3.8362702]
[3.82331244],[1.38200829],[3.85546964]
[3.8162916],[1.39658678],[3.87109283]
[3.80958237],[1.40911222],[3.87867626]
[3.7946094],[1.41715488],[3.87781964]
[3.77253221],[1.4259243],[3.91925505]
[3.72194762],[1.43410301],[3.97385172]
[3.63228306],[1.44279341],[4.00132549]
[3.53998996],[1.45048601],[4.02554239]
[3.49140876],[1.4568006],[4.07757528]
[3.43156518],[1.45459237],[4.1088208]
[3.36556515],[1.4489341],[4.12890008]
[3.28020131],[1.43741731],[4.16290522]
[3.30769423],[1.41519598],[4.1403132]
[3.30718495],[1.38943823],[4.0624559]
[3.31362142],[1.35678643],[3.92745783]
[3.31969548],[1.32215772],[3.74141229]
[5.05720126],[1.341216],[4.0729627]
[2.7514902],[0.78496478],[1.19505071]
[1.39667657],[0.45251801],[0.3014208]
[0.23141051],[0.05579222],[0.00430589]
[2.19558343],[0.65119356],[0.95003766]
[2.43722989],[0.82669016],[1.44497184]
[2.54932413],[0.94616191],[1.72950965]
[2.62167615],[1.00009891],[1.88268722]
[2.98793095],[1.02625415],[2.14943811]
[3.23206474],[1.03900399],[2.31174458]
[3.30954292],[1.05432891],[2.49201031]
[3.44444232],[1.07457752],[2.70201084]
[3.44534422],[1.09829698],[2.93704117]
[3.54241196],[1.14550124],[3.07280606]
[3.55226879],[1.20592849],[3.21410357]
[3.63322165],[1.24418016],[3.29910413]
[3.67178298],[1.27324829],[3.40799488]
[3.73940616],[1.29920568],[3.47262912]
[3.78965127],[1.32559692],[3.57624698]
[3.87348512],[1.34669864],[3.65103285]
[3.93177882],[1.37231604],[3.75995631]
[3.93967305],[1.38730134],[3.80904457]
[3.96629504],[1.40029144],[3.8948156]
[3.96290272],[1.4056808],[3.90413547]
[3.97725379],[1.40324309],[3.95429973]
[3.96791987],[1.4014295],[3.9351593]
[3.9870357],[1.39773779],[3.95795012]
[3.98183732],[1.3931899],[3.91113801]
[3.98508658],[1.39154276],[3.92392908]
[3.96165408],[1.3894952],[3.87045443]
[3.954933],[1.38840919],[3.88934137]
[3.94426455],[1.38924891],[3.85485001]
[3.96600693],[1.3851312],[3.88035648]
[3.94280827],[1.38993169],[3.88593743]
[3.95531426],[1.39040218],[3.87798545]
[3.92932501],[1.39170282],[3.89413847]
[3.93721358],[1.39214064],[3.88802965]
[3.90814742],[1.39323527],[3.89365659]
[3.89748615],[1.39612599],[3.91289219]
[3.88905757],[1.39867752],[3.9298288]
[3.88222259],[1.40452591],[3.94496405]
[3.87626802],[1.41747353],[3.95257259]
[3.8657325],[1.42553993],[3.95261254]
[3.85334225],[1.4342827],[3.96423344]
[3.82016569],[1.44274658],[4.00331536]
[3.75868062],[1.45168876],[4.04996339]
[3.67950326],[1.45566388],[4.06243074]
[3.58372387],[1.45322079],[4.09120488]
[3.46560499],[1.44650569],[4.09389869]
[3.35461958],[1.43825496],[4.09130722]
[3.28382505],[1.42460025],[4.09711085]
[3.33024],[1.40173071],[4.05595236]
[3.33192584],[1.37347972],[3.90766865]
[3.33206965],[1.33863562],[3.74067589]
[3.33921969],[1.30604076],[3.58343446]
[5.08429783],[1.35546999],[4.15480635]
[2.75366138],[0.78380942],[1.22029293]
[1.3866677],[0.45034614],[0.30491686]
[0.20183878],[0.04784313],[0.00301223]
[2.18196573],[0.64945739],[0.93896845]
[2.4418225],[0.83776423],[1.46249841]
[2.55529814],[0.95867684],[1.75348532]
[2.65496474],[1.00934857],[1.90864263]
[3.03448917],[1.03462994],[2.20688961]
[3.25953154],[1.04758503],[2.36927067]
[3.34000898],[1.07098988],[2.60692037]
[3.47924298],[1.13000407],[2.86568026]
[3.48528303],[1.18281423],[3.08379552]
[3.57916402],[1.22340288],[3.21497026]
[3.59286065],[1.25865785],[3.33847222]
[3.67049263],[1.2831732],[3.41548788]
[3.712612],[1.31044718],[3.52182985]
[3.81068885],[1.3421592],[3.61804431]
[3.87049595],[1.37636861],[3.743284]
[3.9252561],[1.40474408],[3.82992337]
[3.98212937],[1.42765832],[3.96644776]
[3.99409693],[1.442219],[4.02568942]
[4.04139111],[1.45471683],[4.12974281]
[4.03936933],[1.46066007],[4.21864381]
[4.06662969],[1.45826936],[4.24581281]
[4.05037194],[1.4561636],[4.30213522]
[4.07246044],[1.45236557],[4.2928008]
[4.08008095],[1.44742819],[4.27960556]
[4.10433369],[1.44490375],[4.23025166]
[4.05396913],[1.44069425],[4.19988242]
[4.05087118],[1.43685594],[4.1427303]
[4.02156849],[1.43442578],[4.12584151]
[4.0561665],[1.42736678],[4.10189291]
[4.00652955],[1.42818083],[4.10310664]
[4.02137354],[1.42506115],[4.06479957]
[3.98184326],[1.42284385],[4.06401039]
[3.98606011],[1.42215897],[4.04048111]
[3.95156402],[1.42310648],[4.03186209]
[3.93674262],[1.42508807],[4.04022986]
[3.92854744],[1.4271208],[4.05467711]
[3.92235735],[1.43431799],[4.07097102]
[3.92059377],[1.44616505],[4.08122556]
[3.91408948],[1.45318145],[4.10454883]
[3.90459885],[1.46118732],[4.17394163]
[3.88072269],[1.46991831],[4.22550803]
[3.83215223],[1.47764627],[4.2561581]
[3.77070541],[1.47901929],[4.28760649]
[3.69784076],[1.47628743],[4.31735944]
[3.59993987],[1.46943807],[4.3143439]
[3.44888179],[1.45951442],[4.28599097]
[3.37780045],[1.44572139],[4.2799696]
[3.39855661],[1.42341513],[4.19931802]
[3.40463219],[1.39699603],[4.06214297]
[3.40472999],[1.36593412],[3.87833181]
[3.41036777],[1.33593278],[3.71526291]
[5.05979541],[1.37281937],[4.24146782]
[2.66186288],[0.78628188],[1.19078523]
[1.2948675],[0.43727275],[0.27152631]
[0.06985592],[0.01725501],[9.30009865e-05]
[2.16504536],[0.64814218],[0.92636669]
[2.4469765],[0.84809718],[1.47806154]
[2.56096657],[0.96865108],[1.77176702]
[2.69004103],[1.01563524],[1.92982861]
[3.07629155],[1.04003269],[2.25312058]
[3.2855581],[1.05458747],[2.43938822]
[3.38540646],[1.08815484],[2.70688936]
[3.51423076],[1.17853449],[2.96925083]
[3.52540282],[1.21927771],[3.17346529]
[3.61504555],[1.24952063],[3.29842402]
[3.63524355],[1.29267434],[3.42974587]
[3.72094891],[1.32588119],[3.53416467]
[3.77737497],[1.36232953],[3.67296495]
[3.87855037],[1.39381338],[3.80762731]
[3.95508682],[1.42752408],[3.9581816]
[3.99948933],[1.45432021],[4.04479393]
[4.07273596],[1.47548115],[4.18772385]
[4.09380702],[1.48960655],[4.34936537]
[4.1747353],[1.50272551],[4.51302367]
[4.24978522],[1.50793484],[4.61899286]
[4.27911911],[1.50610875],[4.68153915]
[4.30546113],[1.50390564],[4.7095632]
[4.3204687],[1.49974907],[4.73121578]
[4.35793735],[1.49470526],[4.70831859]
[4.35616841],[1.49184299],[4.68870946]
[4.35166901],[1.48977694],[4.6382895]
[4.31600863],[1.4869942],[4.60760789]
[4.30215011],[1.48429833],[4.56213042]
[4.32893871],[1.47380092],[4.56728481]
[4.26033193],[1.47704193],[4.53180797]
[4.29023987],[1.47387341],[4.51325437]
[4.20129828],[1.47116296],[4.47674275]
[4.23364985],[1.46788289],[4.45923392]
[4.14596082],[1.46357549],[4.40047804]
[4.09940381],[1.46204991],[4.37245804]
[4.07003752],[1.46111611],[4.35356205]
[4.05029088],[1.46365422],[4.34233054]
[4.03883459],[1.47095688],[4.32860295]
[4.01782364],[1.4736771],[4.3463975]
[3.99907967],[1.47748262],[4.36654021]
[3.95584775],[1.48210777],[4.34683846]
[3.89470127],[1.4887534],[4.32223795]
[3.84290425],[1.48897039],[4.33620718]
[3.79359019],[1.48370561],[4.3708978]
[3.7167118],[1.47711189],[4.39743054]
[3.61344544],[1.46611571],[4.3864922]
[3.5059684],[1.45311978],[4.36297797]
[3.41384229],[1.43115335],[4.25451222]
[3.4226898],[1.40773476],[4.12962614]
[3.42694445],[1.37709832],[3.95375556]
[3.42913542],[1.34604878],[3.78868327]
[5.05820516],[1.40631961],[4.4019326]
[2.59815703],[0.78903846],[1.17226738]
[1.22386331],[0.43088362],[0.2499448]
[0.],[0.],[0.]
[2.13307162],[0.63133516],[0.8879611]
[2.44442447],[0.85461317],[1.48197301]
[2.56200214],[0.97734399],[1.78367458]
[2.74248659],[1.02389919],[1.95987952]
[3.10396809],[1.04627965],[2.29491769]
[3.29876602],[1.06389414],[2.51567702]
[3.41246767],[1.13938034],[2.81840824]
[3.54323065],[1.21490882],[3.06376943]
[3.5610838],[1.26232334],[3.27633734]
[3.64883694],[1.30256434],[3.42765255]
[3.67396764],[1.34616291],[3.58895423]
[3.80209962],[1.37713782],[3.74122712]
[3.89067526],[1.41135638],[3.90104299]
[3.96408693],[1.44164086],[4.01859699]
[4.04570709],[1.47333181],[4.1785639]
[4.0857562],[1.49833264],[4.34347518]
[4.18425749],[1.51849282],[4.56707864]
[4.29159523],[1.53222466],[4.75338812]
[4.37789374],[1.54538871],[4.93590397]
[4.4401511],[1.55083006],[5.00974358]
[4.44886379],[1.54976043],[5.10649035]
[4.478701],[1.5476911],[5.11478955]
[4.47696846],[1.54344086],[5.16121501]
[4.50904834],[1.5383454],[5.1323381]
[4.50490874],[1.53530579],[5.11709221]
[4.51429589],[1.53288014],[5.04281747]
[4.48856183],[1.52973859],[5.02164554]
[4.48963314],[1.52907197],[4.95568417]
[4.49725969],[1.51750666],[4.96744106]
[4.47156546],[1.52381153],[4.92363694]
[4.4737344],[1.52042131],[4.91696298]
[4.43959625],[1.51697362],[4.88344635]
[4.44073896],[1.51307819],[4.86444354]
[4.41068267],[1.50924467],[4.82078319]
[4.37710545],[1.50681505],[4.79951558]
[4.36102066],[1.5048921],[4.7802466]
[4.3440975],[1.50829244],[4.76587816]
[4.33139478],[1.51395225],[4.76684021]
[4.30780401],[1.51541208],[4.78389973]
[4.28743612],[1.51854597],[4.77197901]
[4.25226855],[1.52133393],[4.73640324]
[4.12289501],[1.52340608],[4.66831031]
[3.99453502],[1.51639985],[4.6215828]
[3.91746722],[1.50718182],[4.59209559]
[3.83798983],[1.49503335],[4.56944649]
[3.74032655],[1.47865038],[4.5322089]
[3.63494497],[1.46342766],[4.47676584]
[3.44929841],[1.44109636],[4.32054744]
[3.45248358],[1.41841737],[4.18378017]
[3.45533276],[1.38960596],[4.02942373]
[3.45984669],[1.35865414],[3.86465449]
[5.05079494],[1.42440998],[4.44392414]
[2.50120613],[0.77988977],[1.11741875]
[1.1220754],[0.4056073],[0.21174719]
[0.],[0.],[0.]
[2.15868942],[0.64898496],[0.93092375]
[2.44787088],[0.8651891],[1.50088594]
[2.56324524],[0.98516238],[1.79849377]
[2.76022097],[1.03019297],[1.97854535]
[3.12386344],[1.05196179],[2.32517315]
[3.31718223],[1.07093681],[2.56317648]
[3.44013072],[1.17852689],[2.90335575]
[3.57234222],[1.25861743],[3.16734951]
[3.59322172],[1.3055198],[3.39635606]
[3.69915102],[1.3459093],[3.57407036]
[3.77379079],[1.38743015],[3.76310196]
[3.8878154],[1.41815918],[3.9138488]
[3.97430386],[1.4520193],[4.07801613]
[4.02136838],[1.48164545],[4.19220981]
[4.11188765],[1.5121074],[4.41324462]
[4.1871274],[1.53586274],[4.65122864]
[4.33808877],[1.55555432],[4.90107047]
[4.42892219],[1.56909846],[5.04430647]
[4.48046196],[1.58235244],[5.23553965]
[4.53176893],[1.58806905],[5.34735827]
[4.53424747],[1.58731537],[5.45315849]
[4.5641048],[1.58517388],[5.4861368]
[4.55478727],[1.58068293],[5.53442414]
[4.58316753],[1.57545873],[5.51982479]
[4.58077139],[1.57215106],[5.49845476]
[4.59686588],[1.57036532],[5.42003188]
[4.57376451],[1.56688582],[5.40112897]
[4.57681744],[1.56582854],[5.32402504]
[4.58330227],[1.55375497],[5.34603325]
[4.57206669],[1.56014133],[5.28167852]
[4.56397412],[1.55609551],[5.28159991]
[4.5473351],[1.5520339],[5.22313154]
[4.53835866],[1.54897653],[5.21172075]
[4.5263658],[1.54554313],[5.16253927]
[4.49548016],[1.54314447],[5.13407337]
[4.48175001],[1.54075238],[5.11108753]
[4.46826359],[1.54484459],[5.11144281]
[4.45745753],[1.5494639],[5.10881518]
[4.44059972],[1.5495778],[5.08853606]
[4.42182991],[1.55154137],[5.05160908]
[4.39147529],[1.55041458],[4.98162641]
[4.30316343],[1.54134546],[4.89497339]
[4.18266494],[1.53292572],[4.81720013]
[3.99363607],[1.52478792],[4.75447651]
[3.86783055],[1.51235281],[4.67740847]
[3.75830104],[1.49450562],[4.61915077]
[3.4813958],[1.47459546],[4.43602661]
[3.49388483],[1.44639797],[4.2374792]
[3.49461966],[1.41545651],[4.06183176]
[3.49205024],[1.38005214],[3.87723679]
[3.49354789],[1.34771749],[3.70244272]
[5.12308673],[1.43708224],[4.50162082]
[2.56209284],[0.77316768],[1.14560078]
[1.12964666],[0.4158773],[0.22044638]
[0.],[0.],[0.]
[2.15841073],[0.65052787],[0.93455633]
[2.44945931],[0.86955676],[1.50847351]
[2.56350523],[0.99356421],[1.80987218]
[2.81293403],[1.03718964],[2.01441734]
[3.14792863],[1.06190734],[2.38478787]
[3.3255219],[1.08626178],[2.63999005]
[3.45042533],[1.229831],[3.04057382]
[3.58889431],[1.3023262],[3.29546299]
[3.6329451],[1.3477799],[3.52560527]
[3.78789409],[1.38707715],[3.73467429]
[3.86800204],[1.42704567],[3.92703651]
[3.94507538],[1.45641211],[4.05875979]
[4.02752048],[1.48837885],[4.22882082]
[4.06388542],[1.51643057],[4.46111125]
[4.18581891],[1.54588325],[4.70564532]
[4.33993137],[1.56791797],[4.91741089]
[4.43756276],[1.58640202],[5.1413071]
[4.51730724],[1.59922803],[5.28528634]
[4.54961466],[1.61216282],[5.50124081]
[4.59755114],[1.61849278],[5.6402213]
[4.59319955],[1.61842154],[5.74206074]
[4.62466509],[1.61640972],[5.78282765]
[4.61148332],[1.61293272],[5.83253962]
[4.63962391],[1.60776673],[5.82067414]
[4.63640928],[1.60506316],[5.8181405]
[4.68646898],[1.60269749],[5.75616115]
[4.63601777],[1.59905806],[5.73198386]
[4.6639136],[1.59779594],[5.66038927]
[4.64544697],[1.58640727],[5.67280568]
[4.65628657],[1.59185566],[5.63162705]
[4.62900409],[1.58744232],[5.60752541]
[4.62930542],[1.58391449],[5.56209004]
[4.61050913],[1.58111366],[5.54646705]
[4.60723011],[1.57770801],[5.49565751]
[4.5784277],[1.57654601],[5.47526781]
[4.56652841],[1.57571154],[5.4587317]
[4.55330976],[1.58247142],[5.45184933]
[4.54368179],[1.58583522],[5.44761112]
[4.53018412],[1.58516318],[5.41945605]
[4.51319853],[1.5854768],[5.36719513]
[4.48822152],[1.58404555],[5.26396186]
[4.42680561],[1.57478015],[5.15372388]
[4.33562204],[1.56635104],[5.05810639]
[4.19344116],[1.5581245],[4.99529247]
[3.98987358],[1.54844573],[4.92762961]
[3.84947756],[1.5306455],[4.84096506]
[3.59696905],[1.51139208],[4.68535258]
[3.60165626],[1.48511091],[4.45381308]
[3.59252302],[1.45514233],[4.2516445]
[3.57941403],[1.41974118],[4.0421261]
[3.57174172],[1.38036404],[3.86471385]
[5.12590776],[1.45254617],[4.56719756]
[2.48601545],[0.79379736],[1.12073218]
[1.02833339],[0.40022146],[0.19071021]
[0.],[0.],[0.]
[2.15929646],[0.65275686],[0.93960938]
[2.45096239],[0.87251525],[1.513609]
[2.57083677],[0.9983225],[1.81918263]
[2.86038903],[1.04328368],[2.04797048]
[3.17069858],[1.06878769],[2.44246466]
[3.3344294],[1.10616339],[2.73031855]
[3.47534898],[1.25949994],[3.13816155]
[3.6451335],[1.33327941],[3.4030494]
[3.72825994],[1.3785328],[3.64581988]
[3.86298873],[1.4175843],[3.85987838]
[3.9419048],[1.45826112],[4.06249479]
[3.99186574],[1.4868339],[4.19485823]
[4.07134128],[1.51792363],[4.42980744]
[4.13410884],[1.54534126],[4.67897016]
[4.32313273],[1.57414613],[4.94976958]
[4.44923035],[1.59533927],[5.13027989]
[4.51630354],[1.61315994],[5.35545238]
[4.58536045],[1.62545988],[5.52253981]
[4.6048916],[1.63830093],[5.74723279]
[4.6485873],[1.64684914],[5.89929645]
[4.64618798],[1.64688886],[5.99567121]
[4.69372872],[1.64488422],[6.05752439]
[4.66363134],[1.64029767],[6.10421335]
[4.7413348],[1.6350573],[6.12741393]
[4.70347847],[1.63178981],[6.09502736]
[4.79798018],[1.62919431],[6.08153001]
[4.72837057],[1.62530774],[6.01834009]
[4.78416235],[1.62379101],[5.97570407]
[4.74928671],[1.61248725],[5.96655633]
[4.77923635],[1.61771021],[5.94074104]
[4.72803583],[1.61514221],[5.89490278]
[4.75421714],[1.61269265],[5.86107781]
[4.70306828],[1.60982409],[5.82310237]
[4.7271865],[1.60670098],[5.7904449]
[4.67025322],[1.60545333],[5.75624196]
[4.65514395],[1.60380655],[5.73546147]
[4.63849299],[1.60722211],[5.72302488]
[4.62378455],[1.60995768],[5.71163582]
[4.60791217],[1.60878876],[5.68220251]
[4.58848662],[1.60873252],[5.62686427]
[4.56532761],[1.60642876],[5.52244782]
[4.52223319],[1.59762262],[5.38221501]
[4.45198322],[1.58912992],[5.25319159]
[4.34558672],[1.58031216],[5.17937604]
[4.18300177],[1.56995662],[5.13589811]
[3.97755699],[1.55148065],[5.0173579]
[3.70704594],[1.53231168],[4.83507607]
[3.65621177],[1.50715062],[4.63981081]
[3.64702403],[1.47696101],[4.42709396]
[3.63060974],[1.44362692],[4.18235821]
[3.61562467],[1.40431156],[3.98921527]
[5.1613993],[1.48663061],[4.67435793]
[2.47113471],[0.800453],[1.12396187]
[0.96389963],[0.3937886],[0.17618134]
[0.],[0.],[0.]
[2.13834159],[0.64050426],[0.91351482]
[2.4493695],[0.876823],[1.51280234]
[2.58115615],[1.00626026],[1.83448932]
[2.89492041],[1.05136547],[2.08218685]
[3.19240811],[1.07778777],[2.50700873]
[3.36652667],[1.13940139],[2.84751513]
[3.52620692],[1.28525958],[3.2373124]
[3.74804082],[1.36201619],[3.53361714]
[3.83288458],[1.4060533],[3.77725027]
[3.92428345],[1.44506108],[3.97587333]
[4.00197867],[1.48594874],[4.18692031]
[4.03215898],[1.51363295],[4.40677449]
[4.13074868],[1.54388247],[4.66036885]
[4.29109033],[1.57048343],[4.90673302]
[4.4309381],[1.59830916],[5.15819663]
[4.53156408],[1.61858786],[5.32204985]
[4.57965507],[1.63648543],[5.58221219]
[4.63979269],[1.64796798],[5.76619389]
[4.65542714],[1.66117808],[5.98551637]
[4.74600051],[1.67112745],[6.14675953]
[4.71592366],[1.67082918],[6.25482064]
[4.80304288],[1.66852677],[6.35658437]
[4.75508384],[1.66446575],[6.38134508]
[4.86404909],[1.65929001],[6.43382995]
[4.80309171],[1.65580656],[6.40113814]
[4.93924358],[1.65310278],[6.41768942]
[4.84041635],[1.64929441],[6.32914117]
[4.93703353],[1.64761876],[6.31892339]
[4.87735533],[1.6363482],[6.27801879]
[4.9285673],[1.64148839],[6.27516488]
[4.84386713],[1.63961348],[6.19370007]
[4.89753956],[1.63788699],[6.18093427]
[4.81863907],[1.63495049],[6.11026413]
[4.86471631],[1.63235289],[6.10094985]
[4.79337015],[1.63099902],[6.0467712]
[4.77893737],[1.62924947],[6.02525006]
[4.76319653],[1.62842489],[6.01001237]
[4.74732389],[1.63001979],[5.98703572]
[4.73186751],[1.62846875],[5.94800483]
[4.71111025],[1.62833975],[5.88104789]
[4.68883969],[1.62389342],[5.78559356]
[4.63890625],[1.61439161],[5.65238625]
[4.54514286],[1.60569478],[5.49675819]
[4.45653559],[1.59653302],[5.42098476]
[4.33424775],[1.58586946],[5.32760347]
[4.17336982],[1.56971861],[5.20831971]
[3.83149839],[1.55128822],[4.99339938]
[3.72571144],[1.52938955],[4.7887928]
[3.72084433],[1.50152293],[4.58836424]
[3.70934725],[1.47306607],[4.35336195]
[3.6973351],[1.43552272],[4.13083213]
[5.21378855],[1.49769279],[4.69671021]
[2.39918883],[0.79088637],[1.08237969]
[0.85166602],[0.36953704],[0.146907]
[0.],[0.],[0.]
[2.16592328],[0.6581917],[0.95822296]
[2.45850926],[0.89384449],[1.5471681]
[2.60329516],[1.01885914],[1.8650359]
[2.96434789],[1.06135905],[2.14775123]
[3.22732164],[1.08974539],[2.58500333]
[3.42074891],[1.17348656],[2.96834368]
[3.60264777],[1.31615057],[3.35054736]
[3.84240271],[1.39326428],[3.67163663]
[3.9238978],[1.43698812],[3.91748594]
[3.98523477],[1.47649241],[4.10099984]
[4.05993856],[1.51599487],[4.35854258]
[4.09870484],[1.54194097],[4.62551789]
[4.29202399],[1.57023706],[4.91931418]
[4.42876323],[1.59511565],[5.12913613]
[4.52584036],[1.62076042],[5.3782521]
[4.60616653],[1.64093341],[5.54620305]
[4.64107358],[1.6595397],[5.83876758]
[4.70915514],[1.67195523],[6.01157498]
[4.72855307],[1.68573065],[6.24538169]
[4.8757364],[1.69732642],[6.43358076]
[4.82056253],[1.69600937],[6.56438417]
[4.95355645],[1.69152656],[6.67818662]
[4.86671308],[1.68620435],[6.69779254]
[5.01035405],[1.68166391],[6.78057613]
[4.94958283],[1.67790911],[6.73860577]
[5.0658117],[1.67527009],[6.76656264]
[5.01496684],[1.67220019],[6.65900731]
[5.07677241],[1.6699087],[6.66225629]
[5.03920276],[1.65626442],[6.60392504]
[5.06949503],[1.66321592],[6.6073698]
[5.01372834],[1.66125782],[6.5174881]
[5.04186357],[1.66025383],[6.50807137]
[4.98397434],[1.65749735],[6.42245909]
[5.01429537],[1.65500778],[6.42457031]
[4.95236529],[1.65365568],[6.3509596]
[4.93119758],[1.65178697],[6.31998528]
[4.91297938],[1.64785103],[6.29017943]
[4.89231791],[1.64855933],[6.25189653]
[4.86090444],[1.64935345],[6.19659984]
[4.83513066],[1.640683],[6.11578791]
[4.80816487],[1.63022088],[6.01104824]
[4.76579554],[1.61978608],[5.87190095]
[4.66197209],[1.6122173],[5.71415422]
[4.51893152],[1.60374709],[5.59991249]
[4.38669266],[1.59172314],[5.48776226]
[4.04041194],[1.57556506],[5.23695072]
[3.81453426],[1.55727965],[4.97166213]
[3.81865927],[1.53675788],[4.75154862]
[3.81132457],[1.51127786],[4.55888799]
[3.79664598],[1.4829482],[4.31118782]
[3.78449464],[1.44542689],[4.07862758]
[5.41114808],[1.51904928],[4.82918435]
[2.47293628],[0.78873005],[1.13012647]
[0.88375811],[0.38437652],[0.16027931]
[0.],[0.],[0.]
[2.17019438],[0.66036612],[0.96810279]
[2.47306479],[0.90761581],[1.57652436]
[2.67550919],[1.03267358],[1.91067311]
[3.03801705],[1.07196767],[2.22289897]
[3.25670465],[1.10634875],[2.69080994]
[3.46386195],[1.22043798],[3.11310462]
[3.71167438],[1.36047233],[3.51942212]
[3.90424271],[1.43220878],[3.8257089]
[3.98578822],[1.47430211],[4.07410056]
[4.02729504],[1.51475126],[4.30395685]
[4.10720718],[1.55356501],[4.63432721]
[4.2483763],[1.57742586],[4.90141054]
[4.40180753],[1.6033175],[5.19745479]
[4.5188896],[1.62499105],[5.36590788]
[4.58972033],[1.65068574],[5.67350277]
[4.6571301],[1.67167383],[5.84531607]
[4.68596399],[1.69075452],[6.13940785]
[4.80753188],[1.70313019],[6.30980635]
[4.82290786],[1.71444667],[6.55737876]
[5.01078881],[1.72390961],[6.7787835]
[4.96440104],[1.72421335],[6.93713257]
[5.07843503],[1.72134573],[7.06340001]
[5.02585416],[1.71610553],[7.10411036]
[5.12472122],[1.71004602],[7.15492492]
[5.08831249],[1.70464622],[7.15631933]
[5.16729847],[1.70092457],[7.13504304]
[5.13842205],[1.69758195],[7.08751439]
[5.17662186],[1.69514861],[7.039496]
[5.15079559],[1.68037329],[6.99589564]
[5.1694476],[1.68981806],[6.986342]
[5.12859084],[1.68800924],[6.90154846]
[5.14343404],[1.68764035],[6.88092237]
[5.10407436],[1.68633422],[6.80147988]
[5.11922668],[1.68460736],[6.80158421]
[5.0774831],[1.68434773],[6.72927723]
[5.05365371],[1.68441964],[6.69776568]
[5.03849236],[1.67960561],[6.67130577]
[5.01928064],[1.68167452],[6.63768811]
[4.9997171],[1.68023758],[6.59519393]
[4.98566964],[1.67300591],[6.52473141]
[4.97071514],[1.66408124],[6.4415681]
[4.94245674],[1.65216724],[6.29741727]
[4.86003609],[1.64314819],[6.10228958]
[4.71370327],[1.63456066],[5.97838311]
[4.57433576],[1.62099367],[5.84359306]
[4.34193182],[1.60489477],[5.63896379]
[3.9971108],[1.58627472],[5.34468049]
[3.96394732],[1.56683169],[5.09081668]
[3.93972587],[1.54445334],[4.8578683]
[3.92146852],[1.5220935],[4.63545007]
[3.90474171],[1.48770609],[4.39305271]
[5.48772705],[1.54372183],[4.97259293]
[2.41168626],[0.80586071],[1.11275268]
[0.77601771],[0.36862492],[0.13550727]
[0.],[0.],[0.]
[2.17876439],[0.67398225],[0.97799353]
[2.49050395],[0.91772891],[1.60345549]
[2.76673876],[1.03856927],[1.95939218]
[3.09665946],[1.07879786],[2.28368585]
[3.28263769],[1.13800358],[2.76678327]
[3.54625937],[1.2530389],[3.23394063]
[3.79737531],[1.39001586],[3.64936454]
[3.9550878],[1.46286667],[3.94602431]
[4.03642193],[1.50613241],[4.20214185]
[4.06456219],[1.54777864],[4.50867742]
[4.24418539],[1.58275435],[4.89323986]
[4.37722026],[1.60567351],[5.13046994]
[4.49145752],[1.63255852],[5.4318197]
[4.59185922],[1.65691697],[5.62028381]
[4.64222847],[1.68512915],[5.96738023]
[4.72165629],[1.70608688],[6.14596882]
[4.75859611],[1.71982642],[6.4406555]
[4.95063545],[1.72905851],[6.65442105]
[4.97879769],[1.7392838],[6.92629335]
[5.12667886],[1.74885772],[7.18301296]
[5.10779555],[1.75042773],[7.38461884]
[5.18503281],[1.75474785],[7.47251678]
[5.15601109],[1.75950119],[7.54882034]
[5.22174221],[1.7710405],[7.56060675]
[5.20406006],[1.73995909],[7.580024]
[5.25742788],[1.74230518],[7.51118117]
[5.24480799],[1.72370394],[7.49589637]
[5.27908058],[1.72224151],[7.41835121]
[5.25981353],[1.70889392],[7.38985992]
[5.255012],[1.71895971],[7.38218157]
[5.22118566],[1.7185688],[7.32079402]
[5.22931651],[1.71906725],[7.31889117]
[5.20539148],[1.71929474],[7.27249336]
[5.2154471],[1.71854499],[7.26920358]
[5.19506797],[1.71804224],[7.22211438]
[5.17746795],[1.71746719],[7.18787887]
[5.17027689],[1.70753666],[7.16265902]
[5.15941819],[1.70874457],[7.13054935]
[5.14310468],[1.70670521],[7.08089317]
[5.12885934],[1.70052169],[7.00007649]
[5.11645847],[1.69139983],[6.89930342]
[5.09262592],[1.68080359],[6.75354912]
[5.03839591],[1.66876155],[6.54500011]
[4.93494256],[1.65946225],[6.36105238]
[4.78343766],[1.64453137],[6.17922232]
[4.60456705],[1.62772487],[5.98536929]
[4.2164917],[1.6089337],[5.69000729]
[4.08099147],[1.58962019],[5.41184933]
[4.04541533],[1.56742113],[5.1669155]
[4.00697939],[1.54647568],[4.89766864]
[3.98739888],[1.51789759],[4.66785169]
[5.57052498],[1.61314168],[5.17291633]
[2.40524468],[0.81370668],[1.13086692]
[0.72956422],[0.37598808],[0.1319468]
[0.],[0.],[0.]
[2.16031339],[0.66770563],[0.95323235]
[2.4987892],[0.92583145],[1.61531592]
[2.84424841],[1.04494088],[2.00603915]
[3.13702756],[1.0853406],[2.33166046]
[3.30133404],[1.16561323],[2.82950277]
[3.62330563],[1.28295572],[3.35277413]
[3.86060991],[1.41541325],[3.76957492]
[3.99597209],[1.48928707],[4.05638977]
[4.07963526],[1.53142839],[4.31850871]
[4.20232393],[1.57339544],[4.71453874]
[4.36713335],[1.60920348],[5.1374083]
[4.4760758],[1.63385459],[5.33279863]
[4.56613536],[1.66320701],[5.68812966]
[4.64878234],[1.68939916],[5.93428877]
[4.68891773],[1.71583182],[6.25535216]
[4.81556187],[1.73249556],[6.44652816]
[4.85328915],[1.7457896],[6.73940996]
[5.08231372],[1.75493527],[7.02296892]
[5.12074341],[1.76512716],[7.32908628]
[5.22247433],[1.77449738],[7.60407864]
[5.22199962],[1.77731916],[7.83416028]
[5.27200174],[1.82378667],[7.92100891]
[5.26122459],[1.8316053],[8.02899537]
[5.31053071],[1.85026515],[8.02483843]
[5.32134076],[1.82552944],[8.12044897]
[5.36653722],[1.82769116],[8.03288718]
[5.39142128],[1.79958459],[8.07944581]
[5.4245874],[1.80074],[7.94091243]
[5.43256147],[1.78159733],[7.94229874]
[5.41104228],[1.77824868],[7.88299176]
[5.40010461],[1.7606174],[7.83333703]
[5.37334391],[1.76409613],[7.7866622]
[5.3758315],[1.75364003],[7.76525522]
[5.35040649],[1.75032286],[7.72189678]
[5.35900386],[1.74597677],[7.70043174]
[5.32098171],[1.74304153],[7.64077254]
[5.31289357],[1.74043063],[7.61229967]
[5.30012764],[1.73728074],[7.57611314]
[5.28143893],[1.73291127],[7.52291203]
[5.26890974],[1.72421494],[7.43897779]
[5.25256472],[1.7148523],[7.32259025]
[5.22983623],[1.70423981],[7.16915905]
[5.18145755],[1.69252919],[6.97730192]
[5.09666204],[1.67969938],[6.77809609]
[4.99512691],[1.66444152],[6.5744573]
[4.84765825],[1.64705198],[6.31400457]
[4.46529876],[1.62851785],[6.00316494]
[4.18811977],[1.60937667],[5.68937487]
[4.15625382],[1.58756215],[5.4301872]
[4.11793682],[1.56705556],[5.16905453]
[4.08384774],[1.53956153],[4.90384603]
[5.59537544],[1.6517838],[5.26016269]
[2.36687507],[0.80625502],[1.11071924]
[0.67725376],[0.3692311],[0.12000254]
[0.],[0.],[0.]
[2.18288249],[0.68830706],[0.99116777]
[2.50317644],[0.93972608],[1.64388447]
[2.89044709],[1.0548151],[2.05186264]
[3.16780674],[1.09411867],[2.37946079]
[3.31740958],[1.19736547],[2.91291312]
[3.6940721],[1.31378355],[3.47479143]
[3.92107942],[1.44056292],[3.89336163]
[4.03811714],[1.51363077],[4.17442516]
[4.18955134],[1.55720087],[4.52747026]
[4.3431754],[1.60097564],[4.94080783]
[4.46965113],[1.64098179],[5.369067]
[4.56610174],[1.66679154],[5.58468552]
[4.63696423],[1.69816364],[5.99036464]
[4.71652125],[1.72123159],[6.25725099]
[4.76435213],[1.74528025],[6.56207217]
[4.9644388],[1.762581],[6.82904468]
[5.03027525],[1.77671649],[7.14524332]
[5.19138435],[1.78698287],[7.52953401]
[5.23713303],[1.79831616],[7.87602749]
[5.30440941],[1.85541121],[8.15721851]
[5.34495799],[1.86447672],[8.44154799]
[5.39218289],[1.90605702],[8.56565925]
[5.42154879],[1.91338134],[8.72361265]
[5.45691415],[1.92965811],[8.74415176]
[5.49680773],[1.91038637],[8.86185108]
[5.52734173],[1.91211856],[8.76075851]
[5.61107037],[1.88651459],[8.87985664]
[5.59677208],[1.88384262],[8.66600474]
[5.64467495],[1.86504026],[8.72409453]
[5.58746225],[1.85871775],[8.56251518]
[5.6004702],[1.84339085],[8.52803667]
[5.54482778],[1.84157171],[8.40064954]
[5.57602691],[1.82857125],[8.35102675]
[5.52150542],[1.82226995],[8.25038683]
[5.54616763],[1.81777535],[8.24048757]
[5.49166327],[1.81425366],[8.13792127]
[5.47562296],[1.81147822],[8.08938329]
[5.45788185],[1.80804393],[8.03592033]
[5.43746088],[1.8037012],[7.96019362]
[5.42074516],[1.77169074],[7.85861587]
[5.40296659],[1.73812055],[7.72670377]
[5.38035358],[1.71525238],[7.56025212]
[5.32947108],[1.70247234],[7.32384527]
[5.22262722],[1.68786839],[7.08138841]
[5.08986642],[1.66997405],[6.84655885]
[4.74025682],[1.65144157],[6.50451633]
[4.4446356],[1.63261427],[6.10377987]
[4.28112507],[1.61300207],[5.72773447]
[4.24396148],[1.59060102],[5.45766228]
[4.20775266],[1.56424201],[5.14908462]
[4.17359045],[1.53301912],[4.84111597]
[5.76965459],[1.69938028],[5.48583076]
[2.46090869],[0.81308652],[1.18576362]
[0.75987646],[0.40324138],[0.14708291]
[0.],[0.],[0.]
[2.17061491],[0.68821158],[0.97757798]
[2.5084291],[0.94511428],[1.65263029]
[2.92409089],[1.06147298],[2.08801595]
[3.18231731],[1.10033799],[2.41673841]
[3.32449868],[1.23605029],[3.04066532]
[3.72248288],[1.35403118],[3.60218514]
[3.94352461],[1.47482661],[4.02497947]
[4.05155207],[1.54738366],[4.32124236]
[4.26507615],[1.59459349],[4.82872961]
[4.40425206],[1.64284503],[5.17836657]
[4.51559108],[1.68571222],[5.65928044]
[4.60407876],[1.7112472],[5.95533987]
[4.66903753],[1.73783317],[6.37977609]
[4.78490229],[1.75996307],[6.6819836]
[4.84264154],[1.78301445],[6.99991742]
[5.08827612],[1.79947768],[7.35941417]
[5.16458731],[1.81759624],[7.75660964]
[5.29101163],[1.85224761],[8.16496202]
[5.36368476],[1.89457051],[8.5304603]
[5.45703556],[1.94182683],[8.85046666]
[5.5208675],[1.95685524],[9.22705268]
[5.5686569],[1.98862229],[9.36206257]
[5.72503119],[1.99603156],[9.5762079]
[5.71520803],[2.00713709],[9.62690519]
[5.84723819],[1.99028642],[9.80930082]
[5.84768761],[1.98987973],[9.79621327]
[5.97210235],[1.96566159],[9.87735062]
[6.00983739],[1.96231992],[9.77265112]
[6.06913437],[1.94547939],[9.78010438]
[6.04284453],[1.9390403],[9.66248468]
[6.00812757],[1.92502347],[9.54975524]
[5.93009633],[1.91961343],[9.38171198]
[5.94514489],[1.9066766],[9.29301418]
[5.85252423],[1.89831838],[9.10886608]
[5.8757484],[1.89028715],[9.06937499]
[5.77230653],[1.88341451],[8.85993193]
[5.7215388],[1.87779673],[8.74806136]
[5.68093725],[1.87412433],[8.662572]
[5.63206855],[1.86899894],[8.54820029]
[5.61624634],[1.83775794],[8.43414638]
[5.5921653],[1.80471555],[8.27168569]
[5.55755239],[1.7723767],[8.07609669]
[5.50412894],[1.74710985],[7.81521575]
[5.40262738],[1.71702487],[7.54322825]
[5.29132898],[1.69488638],[7.27637809]
[5.06001395],[1.67427273],[6.97794956]
[4.71655157],[1.65610634],[6.60667777]
[4.61898473],[1.63700349],[6.22729724]
[4.48999129],[1.6140293],[5.82366192]
[4.33569364],[1.58735318],[5.46823625]
[4.27502399],[1.55875545],[5.17344455]
[6.0326015],[1.73625698],[5.77225197]
[2.3847527],[0.8430818],[1.16214095]
[0.69031955],[0.39913053],[0.13255638]
[0.],[0.],[0.]
[2.14872518],[0.68171934],[0.95089429]
[2.50935654],[0.94352605],[1.64751269]
[2.93672625],[1.06097543],[2.09620678]
[3.18318923],[1.10011509],[2.42202337]
[3.32484857],[1.2475498],[3.06572433]
[3.72550754],[1.36750604],[3.64665451]
[3.94529048],[1.49032599],[4.09046063]
[4.05424349],[1.57058289],[4.45308774]
[4.30405559],[1.62249671],[5.0171683]
[4.44048939],[1.67509597],[5.36091596]
[4.54793646],[1.71407069],[5.89871768]
[4.63240139],[1.73818354],[6.24916924]
[4.69410302],[1.76496199],[6.68762317]
[4.84583144],[1.78663391],[7.02898052]
[4.92900747],[1.81016339],[7.39980898]
[5.15429731],[1.84141943],[7.86160429]
[5.23159254],[1.88228227],[8.28995776]
[5.33685209],[1.94000946],[8.67242006]
[5.44679924],[1.98050993],[9.13089101]
[5.53576023],[2.01604859],[9.49889182]
[5.78302138],[2.03851432],[9.95868527]
[5.88802282],[2.06501312],[10.17356356]
[5.9918892],[2.07615645],[10.40823819]
[6.05441516],[2.08242972],[10.56468905]
[6.12539093],[2.07118167],[10.73941218]
[6.20803893],[2.06848091],[10.84738681]
[6.2845386],[2.04790503],[10.8945955]
[6.39241272],[2.04087457],[10.97357446]
[6.42263267],[2.02584831],[10.91762829]
[6.45052398],[2.02083873],[10.8988525]
[6.35694116],[2.00832622],[10.71134143]
[6.35523908],[2.00288034],[10.62940965]
[6.2757118],[1.99049412],[10.42859656]
[6.27943361],[1.98203898],[10.32352312]
[6.20979193],[1.97305834],[10.14535473]
[6.17444765],[1.96538698],[9.97647154]
[6.09517333],[1.95811423],[9.79921689]
[6.0479119],[1.95157635],[9.6501855]
[5.99378549],[1.94367716],[9.48984616]
[5.95632937],[1.91220862],[9.30430942]
[5.91592134],[1.88043185],[9.11404058]
[5.86717855],[1.84650978],[8.86447351]
[5.81158977],[1.82155887],[8.51814788]
[5.65336035],[1.79456878],[8.10592231]
[5.47396002],[1.7609737],[7.7622677]
[5.31621841],[1.72233911],[7.42642603]
[4.88410763],[1.68354653],[7.02824866]
[4.80413682],[1.65771788],[6.66846012]
[4.72294585],[1.63472214],[6.27009634]
[4.61982478],[1.6082692],[5.88323714]
[4.48857102],[1.58021823],[5.52681504]
[6.50433535],[1.81155579],[6.20029643]
[2.37245854],[0.84399087],[1.14502534]
[0.64125731],[0.38917252],[0.11979096]
[0.],[0.],[0.]
[2.09236309],[0.6628758],[0.89279316]
[2.50739494],[0.94360733],[1.64124512]
[2.95853891],[1.06399324],[2.11426696]
[3.1931109],[1.10359332],[2.44544123]
[3.34470913],[1.26713702],[3.12140692]
[3.75335092],[1.38729749],[3.7248017]
[3.96748361],[1.51102149],[4.18840973]
[4.11068989],[1.59454707],[4.61367708]
[4.36701759],[1.64754],[5.19145444]
[4.48986704],[1.69615747],[5.50648036]
[4.58629724],[1.73320927],[6.08453185]
[4.66089999],[1.75690351],[6.45900845]
[4.73191844],[1.78339565],[6.91153931]
[4.93704724],[1.80503171],[7.31835581]
[5.02466086],[1.84164122],[7.74728294]
[5.20935046],[1.8823372],[8.22784103]
[5.28801655],[1.94439246],[8.67668823]
[5.39873571],[1.99431046],[9.10292819]
[5.52344748],[2.03235622],[9.61332593]
[5.67389836],[2.06791684],[10.03006464]
[5.94184353],[2.09265876],[10.52701602]
[6.12951346],[2.11379468],[10.85956002]
[6.20839835],[2.12878924],[11.09588148]
[6.33930369],[2.13732778],[11.31109752]
[6.39380737],[2.12953974],[11.47678792]
[6.48905825],[2.13262796],[11.71441186]
[6.57813046],[2.11240498],[11.81200208]
[6.60473358],[2.10055493],[11.87307434]
[6.70482106],[2.08717828],[11.82708578]
[6.67825578],[2.07926453],[11.78957888]
[6.65880967],[2.06807308],[11.64058134]
[6.61361213],[2.05832757],[11.52984835]
[6.57121643],[2.04845511],[11.35982055]
[6.5425769],[2.03934414],[11.24995001]
[6.47634856],[2.02920677],[11.05930764]
[6.46692538],[2.02166155],[10.91530027]
[6.38096895],[2.01531994],[10.68730959]
[6.31852367],[2.00870497],[10.48253272]
[6.25709883],[2.00089459],[10.27954417]
[6.20416162],[1.97013281],[10.04108023]
[6.15609779],[1.9352103],[9.81859541]
[6.0982493],[1.90281714],[9.53331256]
[6.01975201],[1.87589827],[9.14446954]
[5.86220573],[1.84836198],[8.64409734]
[5.64944386],[1.81550685],[8.19320773]
[5.46751037],[1.77815352],[7.77616396]
[5.02658601],[1.7400426],[7.32198684]
[4.90765042],[1.69777634],[6.93705985]
[4.85067037],[1.64842239],[6.55750105]
[4.78108981],[1.62248549],[6.15525036]
[4.69567423],[1.59519684],[5.78601526]
[6.84916773],[1.82638699],[6.28541098]
[2.30241002],[0.82700994],[1.0774391]
[0.55636349],[0.3583862],[0.09510935]
[0.],[0.],[0.]
[2.12114762],[0.68395178],[0.93286122]
[2.51584046],[0.9509379],[1.66134944]
[2.99262262],[1.0713615],[2.15267635]
[3.21376318],[1.12030633],[2.4880571]
[3.42493575],[1.29032025],[3.21666922]
[3.7950479],[1.40909384],[3.82216794]
[4.00070719],[1.53178761],[4.30285383]
[4.21844276],[1.61657767],[4.80513054]
[4.43718447],[1.67134579],[5.37154258]
[4.54532153],[1.71513002],[5.69717769]
[4.62873088],[1.75303358],[6.29302264]
[4.73045943],[1.77645085],[6.70240121]
[4.80317985],[1.80310919],[7.16316153]
[5.02946482],[1.83461091],[7.66655427]
[5.11874123],[1.88186388],[8.13914379]
[5.26509391],[1.9411145],[8.61095791]
[5.35175597],[2.01270456],[9.11260996]
[5.47050455],[2.05450798],[9.58878761]
[5.6442929],[2.08701713],[10.11195374]
[5.83048896],[2.1218984],[10.5937766]
[6.06280867],[2.15042256],[11.11502238]
[6.32963689],[2.17069493],[11.54973054]
[6.42981358],[2.20012915],[11.80220224]
[6.54073822],[2.23225175],[12.11358028]
[6.61316966],[2.2426387],[12.32471821]
[6.65596909],[2.24903074],[12.60634312]
[6.7782361],[2.2276268],[12.75864266]
[6.8230641],[2.20251864],[12.84623278]
[7.00154626],[2.18197617],[12.83957578]
[6.97970374],[2.15471369],[12.79589667]
[7.02794625],[2.13874651],[12.69335177]
[6.9259113],[2.11101392],[12.51478434]
[6.93197171],[2.10200315],[12.36882111]
[6.84382437],[2.09286575],[12.2096347]
[6.82928813],[2.08281143],[12.03552435]
[6.71821192],[2.07383567],[11.82834781]
[6.68031558],[2.06529134],[11.61378616]
[6.57710019],[2.05676574],[11.36437203]
[6.50370892],[2.04925527],[11.1198358]
[6.4208989],[2.02254617],[10.82781262]
[6.35699464],[1.99053287],[10.55686803]
[6.28653973],[1.95625723],[10.22298253]
[6.1993087],[1.91680904],[9.72488873]
[6.03292455],[1.87784125],[9.05518761]
[5.70694686],[1.839158],[8.44752611]
[5.29571982],[1.80026004],[7.82612484]
[5.08845598],[1.76066798],[7.2810874]
[4.97138087],[1.71193776],[6.84760648]
[4.92043487],[1.64707671],[6.42919546]
[4.86328254],[1.6088333],[6.007432]
[4.79521162],[1.57923411],[5.64379576]
[9.29018727],[1.84193186],[6.57122844]
[2.39593418],[0.81695903],[1.12014348]
[0.61527169],[0.37907567],[0.11174783]
[0.],[0.],[0.]
[2.11246118],[0.6862226],[0.92488471]
[2.5308732],[0.95553954],[1.6750528]
[3.02930727],[1.07844723],[2.19559817]
[3.23612725],[1.16306542],[2.54573282]
[3.48776086],[1.32695704],[3.35330615]
[3.82250276],[1.44569085],[3.94583258]
[4.02207564],[1.56248363],[4.46083576]
[4.28439454],[1.64255563],[5.02704397]
[4.48518247],[1.69637884],[5.55575877]
[4.58446391],[1.73425519],[5.90947134]
[4.65978989],[1.77096295],[6.5026675]
[4.7901181],[1.79369398],[6.92418755]
[4.86043097],[1.82146565],[7.41203581]
[5.09531603],[1.86314564],[7.98463264]
[5.1893057],[1.93038324],[8.47780637]
[5.31117625],[1.99594529],[8.97458276]
[5.4297533],[2.06279528],[9.53093596]
[5.5417138],[2.1061565],[10.01494516]
[5.82613157],[2.14303135],[10.62278256]
[5.97389165],[2.17870574],[11.16168604]
[6.22079748],[2.22947453],[11.74247897]
[6.52322301],[2.27192364],[12.28741921]
[6.63766295],[2.31855522],[12.61605167]
[6.68802375],[2.35158925],[12.98139281]
[6.80460592],[2.35982823],[13.2531252]
[6.84018542],[2.37164414],[13.52139073]
[6.99487791],[2.34951016],[13.77306001]
[7.05899565],[2.32245707],[13.89651111]
[7.26818218],[2.29685021],[14.01251289]
[7.30183224],[2.26989133],[13.95848348]
[7.32079865],[2.24820288],[13.89282554]
[7.26802869],[2.2187642],[13.65375092]
[7.26598348],[2.19894848],[13.52433086]
[7.18751799],[2.1741116],[13.27996938]
[7.1889804],[2.14993405],[13.15058847]
[7.07530652],[2.12927515],[12.87820631]
[7.06553428],[2.11585507],[12.70762151]
[6.96509291],[2.10704192],[12.4103582]
[6.8792899],[2.09750489],[12.14392921]
[6.77840797],[2.07421475],[11.8298783]
[6.69178733],[2.04356535],[11.52945202]
[6.61070129],[2.01028227],[11.17779442]
[6.51986079],[1.9745738],[10.66257401]
[6.26139159],[1.93154911],[9.82223602]
[5.934104],[1.88924744],[9.02804102]
[5.50251598],[1.84366117],[8.3137365]
[5.31774038],[1.79846592],[7.70142474]
[5.10472822],[1.74420297],[7.16038092]
[5.00105499],[1.67955764],[6.73218431]
[4.94639652],[1.62493083],[6.28070892]
[4.89310307],[1.59688999],[5.90982324]
[9.98440952],[1.85611078],[7.15447893]
[2.34535597],[0.82793963],[1.09028235]
[0.55602557],[0.36227573],[0.09606891]
[0.],[0.],[0.]
[2.10646792],[0.68960182],[0.92141753]
[2.55809594],[0.95917176],[1.68812422]
[3.0625148],[1.0829489],[2.2323198]
[3.27131296],[1.18769374],[2.59769647]
[3.54544605],[1.35031223],[3.4469287]
[3.84796383],[1.46717025],[4.03705063]
[4.06588667],[1.58583563],[4.6301662]
[4.3422017],[1.66512611],[5.20689357]
[4.52622929],[1.71523756],[5.71315211]
[4.61935311],[1.75267465],[6.12132439]
[4.69051822],[1.78812842],[6.71572867]
[4.87138925],[1.8098932],[7.20018648]
[4.95855465],[1.85157091],[7.72579373]
[5.16033743],[1.91549351],[8.32841128]
[5.2496576],[1.98954452],[8.87002144]
[5.35835226],[2.05756483],[9.37646099]
[5.50997526],[2.11568881],[9.95349753]
[5.66585896],[2.15832567],[10.46331405]
[5.94746044],[2.20305409],[11.14354131]
[6.1271914],[2.27418747],[11.7592733]
[6.38717242],[2.34857504],[12.38650709]
[6.66634643],[2.38925721],[13.01821787]
[6.81531883],[2.43886648],[13.45721168]
[6.8767835],[2.47665859],[13.83336905]
[7.01853257],[2.48059356],[14.18391083]
[7.07048303],[2.49394588],[14.45743824]
[7.26468637],[2.47691863],[14.83167371]
[7.31231223],[2.44968767],[15.0399762]
[7.44551884],[2.41658198],[15.20864063]
[7.48893017],[2.39030618],[15.18648915]
[7.50234521],[2.36348718],[15.12517524]
[7.4755947],[2.335007],[14.91948175]
[7.45877798],[2.31057383],[14.77713283]
[7.41487894],[2.28689741],[14.55214447]
[7.4005309],[2.26043858],[14.40860662]
[7.33168191],[2.23744673],[14.14830408]
[7.31002141],[2.21533714],[13.96515498]
[7.24709217],[2.1950339],[13.66189446]
[7.18732874],[2.17207106],[13.37242885]
[7.11394483],[2.15276769],[13.05121538]
[7.03971011],[2.11097495],[12.70967408]
[6.96331631],[2.06874552],[12.32323703]
[6.87239275],[2.03646657],[11.82001449]
[6.79630605],[1.99488249],[11.02064177]
[6.10860044],[1.95164555],[9.75023466]
[5.75251477],[1.90421576],[8.97739407]
[5.48539812],[1.85722023],[8.22639775]
[5.30936704],[1.79647218],[7.62074]
[5.10922464],[1.7301551],[7.07738738]
[5.01286982],[1.66468657],[6.57843698]
[4.95695177],[1.61287411],[6.16734308]
[10.92200789],[1.90454164],[8.33459888]
[2.36607489],[0.83596962],[1.10258718]
[0.54472913],[0.36016124],[0.09347501]
[0.],[0.],[0.]
[2.06301198],[0.67372586],[0.87905568]
[2.59414087],[0.95872366],[1.68945508]
[3.08758875],[1.08584841],[2.25575032]
[3.30178087],[1.20568222],[2.64173475]
[3.5923708],[1.36751636],[3.51869702]
[3.86636791],[1.48302384],[4.1339715]
[4.10860171],[1.60372965],[4.7842577]
[4.38496207],[1.68384621],[5.35282664]
[4.56184642],[1.72996477],[5.86202037]
[4.64908989],[1.76703969],[6.2904687]
[4.74517231],[1.80127294],[6.90999154]
[4.95938588],[1.82682583],[7.44114589]
[5.04627476],[1.88521817],[8.02347176]
[5.2151415],[1.96117861],[8.61294323]
[5.30342527],[2.03301937],[9.20072093]
[5.42229428],[2.11040973],[9.72475265]
[5.60143026],[2.16410435],[10.31184624]
[5.80877686],[2.20465839],[10.92908419]
[6.04335123],[2.28050353],[11.64862524]
[6.27982491],[2.39425815],[12.34743285]
[6.58247558],[2.47215843],[13.12416716]
[6.78256693],[2.51548931],[13.79132683]
[7.01703319],[2.56445259],[14.34496416]
[7.09697157],[2.60449223],[14.73304569]
[7.2826854],[2.61297706],[15.19541163]
[7.32231169],[2.62506847],[15.48148327]
[7.45796553],[2.61529521],[15.86303777]
[7.47642171],[2.59201521],[16.07860317]
[7.57054759],[2.56537411],[16.30983031]
[7.68851731],[2.53926053],[16.42048929]
[7.72020764],[2.51301397],[16.33881087]
[7.73550439],[2.48695791],[16.20606728]
[7.6626457],[2.45703106],[16.00152704]
[7.66278596],[2.43232289],[15.84829786]
[7.58856429],[2.39843213],[15.63064409]
[7.56384772],[2.37193836],[15.43284125]
[7.49073169],[2.34657932],[15.18481928]
[7.46121821],[2.3226984],[14.92354123]
[7.37833063],[2.29604127],[14.582497]
[7.31070388],[2.27288902],[14.24135452]
[7.25211227],[2.23415746],[13.89223466]
[7.19586658],[2.1695528],[13.50105769]
[7.12604896],[2.10927337],[12.99717338]
[7.06589626],[2.05366376],[12.34894903]
[6.61388599],[2.01205045],[10.89661681]
[5.95917518],[1.96192174],[9.62746085]
[5.64157944],[1.9132941],[8.7584843]
[5.46687188],[1.8508951],[8.05707308]
[5.29536603],[1.78168111],[7.43895509]
[5.13911888],[1.71437378],[6.856991]
[5.03202129],[1.64435662],[6.3804314]
