meltWidth,meltDepth,meltArea
[2.26991139],[0.5116041],[0.83080685]
[2.29471402],[0.56519718],[0.94506209]
[2.60083365],[0.63884783],[1.13533107]
[2.60752756],[0.67359198],[1.22603819]
[2.79063504],[0.72372813],[1.3761247]
[2.8325597],[0.74386554],[1.48546417]
[3.06343779],[0.76610977],[1.61111305]
[2.99303757],[0.77236809],[1.66663641]
[3.17713495],[0.78280133],[1.73374784]
[3.05109717],[0.77168009],[1.7586494]
[3.17788186],[0.7770395],[1.7765149]
[3.07991507],[0.77467481],[1.78618381]
[3.18075374],[0.76780503],[1.77298891]
[3.09920581],[0.76224609],[1.78382124]
[3.19725972],[0.75897328],[1.77772756]
[3.10400292],[0.75410833],[1.77381678]
[3.19797628],[0.75675729],[1.78659732]
[3.10164265],[0.75990722],[1.77857733]
[3.22050614],[0.77823831],[1.82442614]
[3.10848752],[0.7996168],[1.83103464]
[3.22294498],[0.81455964],[1.88337599]
[3.12056969],[0.82876336],[1.8670138]
[3.26622919],[0.84534789],[1.93051944]
[3.16608987],[0.86157783],[1.91545674]
[3.31725831],[0.87993946],[1.98495174]
[3.23580774],[0.89654058],[1.97319393]
[3.38978402],[0.91840531],[2.0454394]
[3.30862796],[0.93696006],[2.0294693]
[3.39230714],[0.95437891],[2.07963599]
[3.3098309],[0.95983135],[2.06551375]
[3.3632349],[0.96525368],[2.07143313]
[3.29777523],[0.96841036],[2.04943583]
[3.28964727],[0.96806196],[2.04499693]
[3.27285872],[0.96750052],[2.03692397]
[3.26202975],[0.97768675],[2.04221792]
[3.25822644],[0.98249191],[2.05176239]
[3.25366472],[0.98493454],[2.06145966]
[3.24093152],[0.98203724],[2.05916227]
[3.23716008],[0.97914463],[2.05621233]
[3.2278344],[0.97591509],[2.05364824]
[3.21169072],[0.9680678],[2.05331638]
[3.20128703],[0.96106178],[2.05418582]
[3.19463124],[0.95424447],[2.05336917]
[3.18267016],[0.94677422],[2.05662637]
[3.16342249],[0.94015435],[2.05874402]
[3.15451533],[0.93729408],[2.06526858]
[3.142249],[0.93789245],[2.07654645]
[3.13392735],[0.97749753],[2.1236693]
[3.13626062],[1.00328034],[2.17685368]
[3.14302852],[1.03052903],[2.2360922]
[2.83669712],[1.0498831],[2.17334199]
[2.08079288],[1.06110524],[1.50748009]
[1.33465523],[0.96709282],[0.74462198]
[0.29310504],[0.23511133],[0.03408999]
[2.37511079],[0.50269982],[0.83922964]
[2.89656228],[0.62735063],[1.27964481]
[2.91782317],[0.6994164],[1.49411296]
[3.26988603],[0.74897891],[1.70110773]
[3.09248592],[0.77719207],[1.77594118]
[3.40342962],[0.8014587],[1.93190754]
[3.23365029],[0.81469582],[1.98644589]
[3.50641442],[0.8252824],[2.1107178]
[3.31343413],[0.82844418],[2.10725372]
[3.5063594],[0.82363802],[2.16272332]
[3.31124732],[0.8247927],[2.13024401]
[3.47387341],[0.82170565],[2.16432797]
[3.31342737],[0.83607803],[2.15631356]
[3.45492761],[0.83357937],[2.19211876]
[3.31572519],[0.84248982],[2.18403699]
[3.44238509],[0.84515788],[2.21580229]
[3.32617402],[0.84931412],[2.20131269]
[3.4991786],[0.85314794],[2.24910532]
[3.59233583],[0.85932689],[2.30323257]
[3.82628621],[0.86260664],[2.41743338]
[3.77095179],[0.86708184],[2.43608183]
[3.87907236],[0.87033097],[2.4869611]
[3.78127549],[0.87367728],[2.46766249]
[3.88597273],[0.8780717],[2.50906593]
[3.777234],[0.88117255],[2.47992924]
[3.86968106],[0.88553299],[2.51304505]
[3.77944004],[0.88888155],[2.49388023]
[3.86167581],[0.89326802],[2.52004362]
[3.81540569],[0.89460402],[2.51308018]
[3.86809575],[0.89897142],[2.54598919]
[3.82300291],[0.90010971],[2.52353896]
[3.84465961],[0.90166841],[2.55325575]
[3.82074396],[0.90280267],[2.51557437]
[3.80292755],[0.90008338],[2.50320086]
[3.78562141],[0.89725054],[2.48408271]
[3.77607242],[0.8955802],[2.47051417]
[3.77640152],[0.89367505],[2.46459974]
[3.77046398],[0.89195645],[2.45279494]
[3.75101616],[0.89024739],[2.44126539]
[3.74557863],[0.88822092],[2.4333312]
[3.73486644],[0.88539518],[2.42135915]
[3.71024586],[0.88291889],[2.40329365]
[3.69523495],[0.88111345],[2.3960974]
[3.69293575],[0.87967537],[2.40670313]
[3.67534565],[0.87870076],[2.41326964]
[3.65622062],[0.88411133],[2.42251878]
[3.65207132],[0.90664293],[2.43141753]
[3.64454747],[0.93325714],[2.44178001]
[3.62247125],[0.96341544],[2.4487163]
[3.61066668],[0.99397805],[2.4623454]
[3.61407873],[1.02811919],[2.49240709]
[3.3012362],[1.07508541],[2.43616775]
[2.5427329],[1.1128175],[1.88111203]
[1.79630496],[1.1479762],[1.16077946]
[0.27703589],[0.17201755],[0.02344478]
[2.43912587],[0.56637818],[1.01146915]
[3.34162165],[0.68095802],[1.58733966]
[3.11794421],[0.73508621],[1.68748749]
[3.57604557],[0.78808062],[2.04690439]
[3.25411577],[0.80521797],[1.96416915]
[3.71835913],[0.82380258],[2.25817976]
[3.38538717],[0.84178034],[2.14528563]
[3.80436742],[0.85474277],[2.39278802]
[3.41804913],[0.8625126],[2.24732569]
[3.79384703],[0.8670768],[2.44478621]
[3.43800651],[0.87153866],[2.30220332]
[3.78896906],[0.87705359],[2.47724284]
[3.50786477],[0.88152283],[2.36249259]
[3.85597946],[0.88721441],[2.54232499]
[3.58647716],[0.89160709],[2.42316141]
[3.96658187],[0.89942363],[2.62583296]
[3.85255707],[0.91214474],[2.59391552]
[4.22702441],[0.92976072],[2.86092227]
[4.00781185],[0.93911604],[2.78554632]
[4.32487822],[0.95344716],[3.00496374]
[4.06121025],[0.95590009],[2.85646202]
[4.34656842],[0.96611486],[3.04625984]
[4.08929398],[0.96690498],[2.90854731]
[4.36977918],[0.97714553],[3.07914945]
[4.10326029],[0.9777918],[2.92872555]
[4.36768043],[0.98783641],[3.08003852]
[4.1218898],[0.98865109],[2.95426362]
[4.3712112],[0.99858314],[3.08186389]
[4.21638454],[0.99758407],[3.00025301]
[4.38704612],[1.00725255],[3.10230211]
[4.26360065],[1.00764624],[3.02614842]
[4.23179584],[1.01033701],[3.05184204]
[4.27607933],[1.01169146],[3.02533028]
[4.24078608],[1.00874109],[3.00812427]
[4.22997918],[1.00561981],[2.9868535]
[4.22511852],[1.00232987],[2.97274557]
[4.22226675],[0.99850976],[2.96352709]
[4.23004634],[0.99517443],[2.94811369]
[4.21770116],[0.99217277],[2.9313496]
[4.21831053],[0.98908768],[2.92467599]
[4.21498795],[0.9851566],[2.91039891]
[4.18901155],[0.98204642],[2.88654338]
[4.17068499],[0.97874864],[2.871724]
[4.15529264],[0.97466339],[2.86354572]
[4.1477529],[0.9706383],[2.84734571]
[4.11986438],[0.96448318],[2.82687031]
[4.1054175],[0.95442152],[2.81109571]
[4.0955889],[0.94322496],[2.79224705]
[4.0719682],[0.94167842],[2.77494103]
[4.05058537],[0.95413725],[2.76076399]
[4.02901216],[0.96833579],[2.75765553]
[3.59891215],[0.98549316],[2.58699965]
[2.84426326],[1.01844576],[1.9544733]
[2.0944837],[1.06417865],[1.2709109]
[0.42644808],[0.14471008],[0.03022049]
[2.44360686],[0.58968299],[1.10918593]
[3.48352822],[0.70123843],[1.74681754]
[3.16320879],[0.75194465],[1.80926713]
[3.65371953],[0.81671528],[2.18794784]
[3.30584993],[0.83947333],[2.12398304]
[3.79046034],[0.86250838],[2.4200224]
[3.50097584],[0.88226756],[2.32837705]
[3.91431874],[0.89808593],[2.57575812]
[3.61263625],[0.90393701],[2.44692662]
[3.99406454],[0.91302322],[2.66195454]
[3.74218158],[0.91630458],[2.54191267]
[4.07984123],[0.92978077],[2.74706828]
[3.85844433],[0.9464055],[2.66503277]
[4.20153014],[0.97146759],[2.89078366]
[4.03949989],[0.98317388],[2.89836273]
[4.32304223],[1.00082073],[3.12046363]
[4.13740582],[1.00925194],[3.07341311]
[4.39669505],[1.02273633],[3.25285541]
[4.21812831],[1.02963068],[3.19930032]
[4.49299298],[1.0370865],[3.3818877]
[4.33410237],[1.03997811],[3.3081665]
[4.56069981],[1.04589065],[3.44484246]
[4.40589172],[1.04704095],[3.39235585]
[4.62486598],[1.05393093],[3.50586615]
[4.45353075],[1.05729459],[3.43810348]
[4.65326766],[1.07187571],[3.53705972]
[4.49017988],[1.08269891],[3.48262917]
[4.67135155],[1.0875504],[3.56154781]
[4.57717571],[1.09160336],[3.52869567]
[4.68693492],[1.09629636],[3.58453351]
[4.60675631],[1.10061212],[3.54954141]
[4.58747373],[1.10353479],[3.56212537]
[4.59677186],[1.10569513],[3.54883853]
[4.5866791],[1.10275819],[3.52581953]
[4.55608527],[1.10041141],[3.51641708]
[4.55127076],[1.09585489],[3.5087297]
[4.54720709],[1.0908987],[3.49680736]
[4.55112752],[1.08487134],[3.48524709]
[4.54326733],[1.07794964],[3.46824942]
[4.54474441],[1.07210646],[3.45720121]
[4.55118314],[1.06829545],[3.44868642]
[4.54886987],[1.06247623],[3.43160735]
[4.55076923],[1.05649561],[3.42002915]
[4.55242542],[1.05046262],[3.40803197]
[4.56208258],[1.04677926],[3.39652242]
[4.54485484],[1.04240092],[3.36913632]
[4.53575849],[1.0363215],[3.34330149]
[4.53190127],[1.02791827],[3.31423693]
[4.51484443],[1.01900397],[3.27083914]
[4.49499363],[1.00922297],[3.22636277]
[4.46928516],[0.99711293],[3.17924621]
[4.03286887],[0.99502618],[2.95946883]
[3.28083923],[1.00158534],[2.2428395]
[2.5202331],[1.01137277],[1.49760363]
[0.51557746],[0.14233536],[0.03593938]
[2.43675614],[0.57072899],[1.12263628]
[3.50352199],[0.70853239],[1.78577474]
[3.18904005],[0.77542374],[1.88873477]
[3.68331161],[0.84684847],[2.30182767]
[3.36200835],[0.87243894],[2.24650385]
[3.87946008],[0.89947637],[2.57911405]
[3.65816936],[0.92110425],[2.51037378]
[4.06448301],[0.94000127],[2.79207856]
[3.82232541],[0.95375291],[2.68826187]
[4.17328839],[0.98657417],[2.94214049]
[3.94411201],[1.00035855],[2.83742531]
[4.26740627],[1.0185657],[3.08832513]
[4.09041641],[1.02793081],[3.07000215]
[4.38517937],[1.04264234],[3.29919003]
[4.17881475],[1.0497323],[3.22152999]
[4.42852416],[1.05998435],[3.39839341]
[4.29992355],[1.06603794],[3.36460388]
[4.53408155],[1.07486251],[3.53567447]
[4.43580808],[1.10233575],[3.54931052]
[4.71725459],[1.13484146],[3.74196335]
[4.57056978],[1.15929924],[3.72888874]
[4.81755425],[1.16810019],[3.88582095]
[4.63176813],[1.17370331],[3.83581434]
[4.86075591],[1.180409],[3.96108704]
[4.67311869],[1.18675013],[3.90017339]
[4.86302374],[1.19384798],[4.00883241]
[4.6763761],[1.19952136],[3.96029296]
[4.84343366],[1.20649267],[4.05111289]
[4.74280761],[1.21195591],[4.04173125]
[4.84536031],[1.21830231],[4.10226912]
[4.74977339],[1.22402863],[4.09862167]
[4.75056136],[1.22865244],[4.09079784]
[4.74101081],[1.2306619],[4.11423548]
[4.75071334],[1.22662456],[4.09322351]
[4.71277423],[1.22286863],[4.07763408]
[4.70886622],[1.21648932],[4.06872085]
[4.70562103],[1.20967449],[4.0528846]
[4.70877944],[1.20181885],[4.03552118]
[4.70107444],[1.19468924],[4.0100893]
[4.70232728],[1.18796099],[3.99102489]
[4.70848296],[1.18139082],[3.97629839]
[4.70786025],[1.17422059],[3.95244035]
[4.7100549],[1.16751515],[3.93556388]
[4.71258693],[1.16087513],[3.91602711]
[4.72065864],[1.15348297],[3.89449003]
[4.71723382],[1.14519538],[3.85969607]
[4.7199255],[1.13409438],[3.82440994]
[4.72498495],[1.12302527],[3.78365273]
[4.72305426],[1.11127078],[3.72414756]
[4.72162154],[1.10347863],[3.67245177]
[4.71232064],[1.09265356],[3.61082783]
[4.27717705],[1.07740939],[3.34527479]
[3.53904971],[1.08993129],[2.56919969]
[2.78348307],[1.10121585],[1.7573796]
[1.12403245],[0.30072981],[0.18593925]
[2.48296974],[0.57083732],[1.20429608]
[3.5659086],[0.7367044],[1.93724507]
[3.27091806],[0.80137705],[1.99939652]
[3.74969252],[0.87047601],[2.4495529]
[3.43340394],[0.89549931],[2.37265122]
[3.95593829],[0.93617838],[2.77854188]
[3.77848035],[0.97243566],[2.70370591]
[4.18047628],[1.005034],[3.04680659]
[3.93961092],[1.01455879],[2.90388193]
[4.34851197],[1.03574953],[3.29865511]
[4.07542328],[1.04231067],[3.12845245]
[4.39972408],[1.05607295],[3.42797473]
[4.17228221],[1.06385885],[3.27302072]
[4.46914859],[1.07388515],[3.53309687]
[4.30141733],[1.08069323],[3.43069051]
[4.55690929],[1.1136448],[3.67817688]
[4.46132203],[1.14304722],[3.6870984]
[4.74034147],[1.17356951],[3.9473794]
[4.61985085],[1.19884429],[3.94850607]
[4.94147747],[1.22822317],[4.24859728]
[4.74217277],[1.23767984],[4.13559527]
[5.02068839],[1.24547665],[4.3545917]
[4.80534862],[1.25182823],[4.24386504]
[5.05383861],[1.25959857],[4.4242371]
[4.81364829],[1.26700727],[4.31541043]
[5.04263406],[1.27422692],[4.45526282]
[4.81168207],[1.28018453],[4.3736751]
[5.02865678],[1.28790849],[4.48649923]
[4.88980458],[1.29536622],[4.47592746]
[5.03822067],[1.30436337],[4.5725674]
[4.90707777],[1.31242476],[4.55573006]
[4.9135929],[1.31934149],[4.54662355]
[4.893698],[1.32207199],[4.56743518]
[4.91124604],[1.32131359],[4.54798053]
[4.8687444],[1.3170827],[4.53216522]
[4.86168182],[1.30933841],[4.5243639]
[4.85480621],[1.30113112],[4.51247437]
[4.85989226],[1.29233566],[4.49880352]
[4.84301617],[1.28533876],[4.467468]
[4.83440051],[1.27831772],[4.44470337]
[4.82791659],[1.27123575],[4.42526158]
[4.81636534],[1.2635227],[4.39700894]
[4.80768797],[1.25679117],[4.37451111]
[4.79951849],[1.25047218],[4.35128636]
[4.79864859],[1.24362757],[4.33017005]
[4.79519475],[1.23590315],[4.29736246]
[4.79636998],[1.22344557],[4.25890097]
[4.79997749],[1.21066086],[4.21980315]
[4.79897363],[1.19687374],[4.16450894]
[4.79711211],[1.1841165],[4.11134717]
[4.79437555],[1.17186009],[4.05483023]
[4.33051046],[1.15970945],[3.75652621]
[3.59995269],[1.14922472],[2.92055411]
[2.86427564],[1.1663406],[2.05765423]
[1.52047458],[0.41912521],[0.41547594]
[2.58574187],[0.64659075],[1.40707531]
[3.65657906],[0.76729231],[2.14648731]
[3.40089896],[0.83819818],[2.17290084]
[3.83088511],[0.90499967],[2.65247414]
[3.5345931],[0.93805577],[2.53437857]
[4.04286793],[0.98564817],[3.03095931]
[3.94740647],[1.01278371],[2.93012263]
[4.33338171],[1.03327803],[3.35342507]
[4.07485227],[1.03929707],[3.13900267]
[4.41631122],[1.05474337],[3.53520821]
[4.16107609],[1.06097758],[3.28652681]
[4.48190856],[1.07407015],[3.65474913]
[4.28785911],[1.07909274],[3.46800091]
[4.58046545],[1.10590535],[3.85580942]
[4.45305246],[1.13312378],[3.76902616]
[4.75623263],[1.16474109],[4.11800204]
[4.63897641],[1.1930942],[4.06367277]
[4.98677503],[1.22524095],[4.45986698]
[4.81225088],[1.25162018],[4.35010448]
[5.18742051],[1.27617264],[4.74439037]
[4.96555997],[1.29285669],[4.55130106]
[5.29077665],[1.30754008],[4.89120639]
[5.00222674],[1.31882051],[4.66262897]
[5.32281105],[1.32884838],[4.97728125]
[5.01210065],[1.33686869],[4.74008137]
[5.31823761],[1.34553776],[5.02987097]
[5.0128149],[1.35300953],[4.82351208]
[5.30681817],[1.362598],[5.09439527]
[5.128959],[1.37021366],[4.97853456]
[5.31989543],[1.37923752],[5.20052311]
[5.14777167],[1.3874192],[5.08192375]
[5.18236442],[1.39454714],[5.12706288]
[5.13951914],[1.39677952],[5.12503132]
[5.17829143],[1.40015895],[5.1252505]
[5.12247386],[1.40470784],[5.08973694]
[5.11106374],[1.40689949],[5.07293049]
[5.09839821],[1.40486564],[5.05442586]
[5.10013751],[1.40026842],[5.02678626]
[5.07521598],[1.39610386],[4.98208771]
[5.06033404],[1.39021652],[4.94875575]
[5.04332434],[1.38415354],[4.91703118]
[5.02446434],[1.37571368],[4.87123016]
[5.00793334],[1.37007749],[4.8420036]
[4.99416475],[1.36318804],[4.81596905]
[4.99210394],[1.35456181],[4.79364535]
[4.96501361],[1.34867051],[4.75232362]
[4.94973882],[1.3403666],[4.71045732]
[4.93579467],[1.32923204],[4.66823883]
[4.91862397],[1.31535622],[4.61173235]
[4.89896089],[1.30486067],[4.55730065]
[4.88104091],[1.29363089],[4.50054908]
[4.36382505],[1.28018909],[4.18321275]
[3.61936505],[1.26984491],[3.31762295]
[2.88414599],[1.27499606],[2.38275384]
[1.63926982],[0.47626985],[0.64757487]
[2.65049074],[0.71465522],[1.6017165]
[3.6943537],[0.8125801],[2.30891628]
[3.45584784],[0.88674394],[2.33830262]
[3.86021811],[0.95555835],[2.83267687]
[3.589712],[0.98541693],[2.69823735]
[4.12522412],[1.02248483],[3.22322837]
[3.99875138],[1.04141886],[3.06245701]
[4.37851596],[1.05805932],[3.49974052]
[4.140121],[1.06357528],[3.28647039]
[4.49511361],[1.07595738],[3.71435918]
[4.27982679],[1.08080486],[3.5242079]
[4.62178935],[1.10865391],[3.97900307]
[4.47221808],[1.13791684],[3.885323]
[4.83746648],[1.17412685],[4.3228629]
[4.66865054],[1.20157602],[4.22500718]
[5.06121046],[1.2327889],[4.67173789]
[4.88064295],[1.26138915],[4.54863057]
[5.31383726],[1.29209166],[5.0016923]
[5.0983059],[1.31758271],[4.84286792]
[5.47792871],[1.34392955],[5.3183363]
[5.20619951],[1.37397309],[5.07692391]
[5.54308855],[1.38454555],[5.49465762]
[5.26542573],[1.40627346],[5.24043875]
[5.57378346],[1.40849261],[5.6159628]
[5.28002785],[1.42925324],[5.35356163]
[5.56938546],[1.42510487],[5.69032654]
[5.28356075],[1.45081588],[5.46271459]
[5.55774988],[1.44328181],[5.76911516]
[5.40655777],[1.46676063],[5.63439558]
[5.56892614],[1.46277322],[5.87163343]
[5.43160896],[1.47929618],[5.73406293]
[5.42323715],[1.47934264],[5.78278575]
[5.4179551],[1.48369966],[5.78003851]
[5.41996968],[1.49126602],[5.79809115]
[5.39521129],[1.49399103],[5.75647068]
[5.36910962],[1.495005],[5.73767677]
[5.35929228],[1.49276052],[5.71805671]
[5.36399759],[1.48767482],[5.69319226]
[5.33619425],[1.48586321],[5.64877163]
[5.32566248],[1.4813326],[5.61059583]
[5.30930098],[1.47638103],[5.57411242]
[5.28744309],[1.46977947],[5.52965914]
[5.27160178],[1.46613643],[5.49290749]
[5.25383729],[1.46117514],[5.45877057]
[5.24707618],[1.45449337],[5.42252186]
[5.21231063],[1.45121732],[5.36593252]
[5.19342228],[1.44570188],[5.3093648]
[5.17287609],[1.43814141],[5.25432424]
[5.14935059],[1.42591306],[5.18406617]
[5.12602807],[1.41706115],[5.11676645]
[5.10174303],[1.40747497],[5.04250339]
[4.57018944],[1.39592282],[4.68881615]
[3.79487746],[1.38715644],[3.76862245]
[3.01319875],[1.37704541],[2.74430391]
[1.73108505],[0.56842685],[0.83025621]
[2.7211576],[0.77195048],[1.77172703]
[3.72578785],[0.85684808],[2.48659093]
[3.51616351],[0.93868705],[2.52061988]
[3.8872951],[0.99475543],[3.03041512]
[3.64819121],[1.01950713],[2.84740554]
[4.20564163],[1.05099443],[3.39960763]
[4.13167769],[1.06856423],[3.24398166]
[4.4996711],[1.0810267],[3.72269421]
[4.29967173],[1.10333611],[3.59177151]
[4.67616089],[1.13679892],[4.12539316]
[4.54348422],[1.16665271],[4.02687494]
[4.93012557],[1.19859582],[4.52851852]
[4.75347444],[1.2241425],[4.38716796]
[5.17342438],[1.25654584],[4.90438655]
[4.96279357],[1.28143966],[4.73474579]
[5.40828436],[1.31008446],[5.2520154]
[5.19201913],[1.33717542],[5.09585038]
[5.60678297],[1.36589418],[5.66222084]
[5.37746423],[1.39697695],[5.45596706]
[5.73328084],[1.41788079],[5.97471703]
[5.49176533],[1.43611163],[5.72933944]
[5.79650603],[1.44987568],[6.18750796]
[5.53860301],[1.46611432],[5.91136865]
[5.83175818],[1.47031476],[6.31447106]
[5.55485517],[1.49018355],[6.03790905]
[5.82907688],[1.48793307],[6.40718719]
[5.56161081],[1.51117751],[6.15332858]
[5.82109602],[1.50749186],[6.49699473]
[5.69996422],[1.52827315],[6.34553931]
[5.83270548],[1.52741237],[6.6056458]
[5.73042133],[1.54274608],[6.4497353]
[5.68549707],[1.54501728],[6.49209269]
[5.71517537],[1.54968773],[6.49228644]
[5.68808564],[1.55704121],[6.52113787]
[5.69481121],[1.56027253],[6.49825193]
[5.65433016],[1.56113197],[6.48301284]
[5.64385249],[1.55928907],[6.4666851]
[5.65177331],[1.55538832],[6.44842834]
[5.61893496],[1.55471806],[6.40817379]
[5.6138118],[1.55169408],[6.37462711]
[5.59989163],[1.54826852],[6.33904849]
[5.57514618],[1.54293813],[6.2971503]
[5.55973571],[1.54030924],[6.26255975]
[5.54158458],[1.53691615],[6.22850183]
[5.53686085],[1.53209567],[6.19273368]
[5.49945819],[1.53006],[6.13883847]
[5.48516012],[1.52613024],[6.09221437]
[5.46695028],[1.52006318],[6.03903171]
[5.43852177],[1.51152224],[5.97580758]
[5.41413768],[1.50471245],[5.90800596]
[5.39104437],[1.49743148],[5.85638599]
[4.82588454],[1.48840292],[5.46270473]
[4.05976924],[1.48157179],[4.45931119]
[3.28152748],[1.47386271],[3.33073257]
[1.79178459],[0.64905546],[0.96057428]
[2.80302593],[0.81643556],[1.91535917]
[3.8130797],[0.90755809],[2.73915339]
[3.62979158],[0.97280327],[2.69942305]
[3.92520685],[1.02823381],[3.21195196]
[3.75251028],[1.04591381],[2.98433259]
[4.34777357],[1.0703788],[3.62148674]
[4.30611996],[1.08614403],[3.45173362]
[4.6494838],[1.14850448],[4.08157518]
[4.52266206],[1.17718434],[3.94196974]
[4.90439545],[1.21172426],[4.56599631]
[4.7462865],[1.24045043],[4.41223242]
[5.14896828],[1.26973621],[4.97573833]
[4.94764572],[1.29347216],[4.7583447]
[5.39159624],[1.32447488],[5.36029655]
[5.16817281],[1.34814317],[5.13879045]
[5.61488321],[1.37534788],[5.77655064]
[5.43674469],[1.4014355],[5.59225371]
[5.81750788],[1.42909214],[6.17397365]
[5.65151966],[1.45008325],[5.96045103]
[5.95875477],[1.47020169],[6.49372014]
[5.74529369],[1.4875335],[6.24261765]
[6.02310167],[1.49967398],[6.71067419]
[5.79349241],[1.52087496],[6.42732643]
[6.0757717],[1.52490368],[6.84879746]
[5.8181862],[1.54488245],[6.56056132]
[6.08144893],[1.54651443],[6.95289236]
[5.83306079],[1.56402348],[6.68233349]
[6.08421954],[1.56597952],[7.05094184]
[6.02363966],[1.5808466],[6.91262483]
[6.10516863],[1.58461355],[7.15202571]
[6.06594241],[1.59448049],[7.05264936]
[5.99252099],[1.60047525],[7.04042355]
[6.05934628],[1.60547674],[7.07227656]
[6.00063265],[1.6082116],[7.09672836]
[6.03838847],[1.61080486],[7.0920752]
[5.98028465],[1.6115304],[7.07494926]
[5.97068018],[1.6112871],[7.07213353]
[5.98456239],[1.60873945],[7.08630566]
[5.94295895],[1.60863031],[7.03970987]
[5.94104735],[1.60630566],[7.01873082]
[5.93046157],[1.60421883],[6.98946638]
[5.90322483],[1.59973979],[6.94767172]
[5.88804877],[1.596992],[6.91521156]
[5.86882561],[1.59286399],[6.88078748]
[5.86857158],[1.58731615],[6.84896861]
[5.82174538],[1.58457455],[6.79118581]
[5.80863565],[1.58097726],[6.7446021]
[5.78945706],[1.57445397],[6.69131197]
[5.75445697],[1.56553073],[6.63433694]
[5.73119885],[1.55949137],[6.5859283]
[5.70522489],[1.55167808],[6.53986945]
[5.07586285],[1.54209962],[6.06054546]
[4.31522891],[1.53499528],[5.00366374]
[3.54306135],[1.5269657],[3.83046394]
[1.88223793],[0.72719553],[1.1119028]
[2.89036007],[0.85974387],[2.06981706]
[3.88782771],[0.94721471],[2.96244875]
[3.73739617],[1.00833495],[2.89256334]
[3.98007867],[1.04993665],[3.37949109]
[4.0103198],[1.06435567],[3.18376537]
[4.51586877],[1.08491235],[3.8690506]
[4.4982746],[1.16424482],[3.77543135]
[4.83802346],[1.22109416],[4.43740361]
[4.73911633],[1.2497459],[4.32711341]
[5.1054783],[1.28461055],[4.999079]
[4.94890115],[1.31062532],[4.80393787]
[5.35300002],[1.33725161],[5.43222426]
[5.15913627],[1.35860774],[5.21007878]
[5.58235459],[1.38728327],[5.86401666]
[5.40736258],[1.40957316],[5.65006663]
[5.81157955],[1.43592563],[6.30128084]
[5.68241684],[1.46146387],[6.11207543]
[6.01884081],[1.48871665],[6.68323293]
[5.88769706],[1.51138888],[6.48506862]
[6.13807034],[1.53243997],[6.98721637]
[5.98298177],[1.54781625],[6.76334394]
[6.20365756],[1.56031972],[7.19480573]
[6.01533284],[1.57113272],[6.93629273]
[6.26552886],[1.58196857],[7.32514609]
[6.04866524],[1.59122529],[7.06215099]
[6.28147956],[1.60135771],[7.43321992]
[6.06825306],[1.60987355],[7.18049907]
[6.29013083],[1.62047527],[7.52375715]
[6.27953766],[1.62885459],[7.49070867]
[6.32394804],[1.63821861],[7.63221513]
[6.32790191],[1.64663813],[7.6199681]
[6.27321966],[1.65386832],[7.62620963]
[6.3353713],[1.65881263],[7.69025875]
[6.29977952],[1.66109895],[7.70612657]
[6.33193179],[1.65988052],[7.7255857]
[6.29421284],[1.65675067],[7.70096886]
[6.28723266],[1.6526396],[7.69833936]
[6.30007419],[1.6479598],[7.70859248]
[6.27282284],[1.64372075],[7.65932378]
[6.27514846],[1.64057786],[7.63357264]
[6.27399382],[1.6373684],[7.60317592]
[6.2493382],[1.63351523],[7.55986828]
[6.23497794],[1.63301044],[7.53364821]
[6.21370795],[1.63017236],[7.49716175]
[6.2090247],[1.62545118],[7.48967764]
[6.16012281],[1.62344128],[7.40329325]
[6.14667577],[1.62011657],[7.35468525]
[6.12397183],[1.61511408],[7.28866449]
[6.07473962],[1.60806214],[7.20404601]
[6.04790898],[1.60368798],[7.15213288]
[6.01701611],[1.59805866],[7.10264585]
[5.31061044],[1.59018191],[6.52428407]
[4.5505626],[1.58375663],[5.42524637]
[3.78699451],[1.57526781],[4.22471287]
[1.88838766],[0.79490913],[1.24258531]
[2.86673509],[0.898901],[2.17485445]
[3.93601627],[0.98049886],[3.12603619]
[3.74820933],[1.03665408],[2.98658403]
[4.11979492],[1.07047618],[3.53518462]
[4.1907627],[1.08407292],[3.37953902]
[4.6488131],[1.16993466],[4.177529]
[4.63666265],[1.24070284],[4.0792556]
[5.03393193],[1.29169725],[4.83347036]
[4.90678226],[1.32089818],[4.74961036]
[5.30797241],[1.35559395],[5.47551403]
[5.13462927],[1.3793117],[5.25414455]
[5.55308892],[1.40354174],[5.93776691]
[5.36800876],[1.42290506],[5.72028258]
[5.76504884],[1.44992086],[6.38005869]
[5.6174781],[1.47098102],[6.18225176]
[5.98670292],[1.49696126],[6.76999102]
[5.91385861],[1.52202071],[6.6210935]
[6.2135091],[1.54801016],[7.15110699]
[6.07291855],[1.56292877],[6.98149927]
[6.32151854],[1.57817431],[7.42900928]
[6.19462182],[1.59057659],[7.25931713]
[6.41848387],[1.60311245],[7.63525291]
[6.24763008],[1.61394188],[7.4364826]
[6.52128554],[1.62428343],[7.77916404]
[6.301478],[1.63340767],[7.56567957]
[6.55831488],[1.6434048],[7.89142588]
[6.32827022],[1.65195225],[7.69168158]
[6.58820625],[1.6629382],[8.00617296]
[6.55000682],[1.67134708],[8.01946128]
[6.63411552],[1.68056913],[8.12820446]
[6.60535371],[1.68861944],[8.16564831]
[6.58916482],[1.69646603],[8.17426165]
[6.62156463],[1.70063843],[8.28619233]
[6.62461761],[1.70303036],[8.30984115]
[6.62518872],[1.70353132],[8.34895913]
[6.61851988],[1.70178744],[8.33046013]
[6.5917003],[1.69977825],[8.32369375]
[6.59866252],[1.69315531],[8.31858523]
[6.56313941],[1.68867002],[8.26674554]
[6.55631128],[1.68438199],[8.24131163]
[6.54721755],[1.67993447],[8.20105758]
[6.52437696],[1.67488656],[8.1401614]
[6.4943608],[1.67015671],[8.09511519]
[6.46040372],[1.66539559],[8.04130831]
[6.44519639],[1.66024219],[8.01833913]
[6.38314396],[1.65541743],[7.91669264]
[6.3577126],[1.65018181],[7.85649455]
[6.32361394],[1.64397125],[7.77731345]
[6.26551171],[1.63615109],[7.68858623]
[6.22542502],[1.63246257],[7.63333329]
[6.18381785],[1.62793182],[7.57318823]
[5.475368],[1.62054549],[6.93125446]
[4.70485621],[1.6179762],[5.78108653]
[3.93609724],[1.61564502],[4.5405505]
[1.92465146],[0.84118203],[1.34831045]
[2.91637029],[0.93727587],[2.30135155]
[3.98608506],[1.01270917],[3.26940088]
[3.86533123],[1.05864286],[3.17455472]
[4.3661114],[1.10084798],[3.79962977]
[4.38484541],[1.18532654],[3.80545499]
[4.76494285],[1.26541465],[4.57846758]
[4.86310957],[1.32628132],[4.72056931]
[5.24475977],[1.37124554],[5.38096091]
[5.12715609],[1.39916343],[5.29393787]
[5.50247204],[1.42898292],[6.00693356]
[5.35729576],[1.44841854],[5.87157703]
[5.72481012],[1.46943915],[6.51578327]
[5.59835412],[1.48706459],[6.33525975]
[5.93916508],[1.5097395],[6.92767071]
[5.84050685],[1.52932722],[6.75974671]
[6.16512472],[1.55362519],[7.2912073]
[6.12433078],[1.5716591],[7.22772165]
[6.39148252],[1.5908764],[7.65908411]
[6.30258974],[1.60438218],[7.55175304]
[6.54710543],[1.61890053],[7.92634524]
[6.43566435],[1.63100192],[7.87036421]
[6.6632579],[1.64325958],[8.16486285]
[6.48216101],[1.65384589],[7.99916496]
[6.76056],[1.66351361],[8.31075386]
[6.52833675],[1.67226182],[8.12039083]
[6.7961457],[1.68179814],[8.43533143]
[6.54193502],[1.68994549],[8.27401476]
[6.81731134],[1.70032334],[8.56700409]
[6.74790693],[1.71295547],[8.63625217]
[6.84659361],[1.71736638],[8.72489286]
[6.79008966],[1.73850258],[8.80572164]
[6.78610168],[1.74522713],[8.81807092]
[6.79159476],[1.76016276],[8.92709411]
[6.80285879],[1.76843538],[8.96002662]
[6.78298842],[1.77821951],[9.00712712]
[6.78923534],[1.78459881],[8.99596654]
[6.7598083],[1.78043405],[8.99837349]
[6.76801548],[1.77140888],[8.99634496]
[6.73564062],[1.76270363],[8.95060852]
[6.72816047],[1.75311038],[8.93115294]
[6.72166273],[1.74550147],[8.89384098]
[6.70400891],[1.73731859],[8.83301462]
[6.6723486],[1.73160249],[8.784763]
[6.63325138],[1.72444321],[8.7236975]
[6.61150817],[1.71577804],[8.67946078]
[6.54658699],[1.70993276],[8.57998471]
[6.51232869],[1.70214612],[8.51224192]
[6.47515924],[1.69127601],[8.42696532]
[6.41980819],[1.67378428],[8.29284053]
[6.37572341],[1.66729929],[8.19676912]
[6.32730695],[1.6648068],[8.10290669]
[5.57780888],[1.66250957],[7.34592598]
[4.80287652],[1.66038161],[6.13489307]
[4.03563416],[1.6583332],[4.8596782]
[2.01715763],[0.8728152],[1.44683937]
[3.0285061],[0.97307773],[2.46501082]
[4.0397697],[1.03307918],[3.38990792]
[4.13349345],[1.0734582],[3.45307004]
[4.52485989],[1.18668777],[4.14019811]
[4.56338937],[1.26134238],[4.22070518]
[4.93794486],[1.33128737],[5.03523392]
[5.06634555],[1.3861554],[5.2306615]
[5.44160777],[1.42539025],[5.79575893]
[5.335658],[1.45288381],[5.8670952]
[5.66909015],[1.48485733],[6.46385453]
[5.58196854],[1.50442792],[6.47814991]
[5.89011375],[1.52442569],[6.96268072]
[5.82832513],[1.53862737],[6.90375697]
[6.10203769],[1.55703695],[7.33337556]
[6.07444826],[1.57251454],[7.2944119]
[6.34994816],[1.5915731],[7.71149393]
[6.31211816],[1.60890257],[7.70552631]
[6.56683256],[1.6274044],[8.03606327]
[6.49334381],[1.64035921],[8.03889635]
[6.70245478],[1.65461387],[8.33473882]
[6.60912403],[1.66664801],[8.33395631]
[6.81441656],[1.67894639],[8.59201224]
[6.66981787],[1.6991337],[8.54795798]
[6.93986665],[1.69814301],[8.81479571]
[6.7324627],[1.72846481],[8.72789913]
[6.99289528],[1.72658807],[8.98232237]
[6.75485344],[1.75866853],[8.88686531]
[7.03324707],[1.75530201],[9.13459326]
[6.96158023],[1.79522462],[9.23500337]
[7.09636875],[1.79606828],[9.34117127]
[7.04587242],[1.82979575],[9.44695445]
[7.08656105],[1.84106453],[9.51796594]
[7.09094258],[1.85570783],[9.62430756]
[7.12472923],[1.86826796],[9.69060293]
[7.09890232],[1.87958418],[9.71458789]
[7.11562358],[1.8863628],[9.71384441]
[7.08803917],[1.88110649],[9.70617179]
[7.07931485],[1.87229268],[9.69747194]
[7.05033485],[1.86308109],[9.64921132]
[7.04018787],[1.8531823],[9.61630376]
[7.03533227],[1.84328586],[9.57251903]
[7.01829339],[1.8321501],[9.50229697]
[6.97335977],[1.82328717],[9.45039398]
[6.8941653],[1.81420726],[9.38331807]
[6.84771529],[1.8030873],[9.32953515]
[6.77762799],[1.79343106],[9.23745744]
[6.73425415],[1.78188],[9.16788956]
[6.68692946],[1.76886928],[9.08287381]
[6.62846067],[1.74377072],[8.95502417]
[6.58038518],[1.72577515],[8.83987971]
[6.48626263],[1.70862615],[8.69360369]
[5.69215121],[1.68998137],[7.77994918]
[4.90976045],[1.68393259],[6.48977037]
[4.13457845],[1.68088551],[5.14144946]
[2.02548451],[0.90458522],[1.50487343]
[3.03030573],[0.98933744],[2.51797854]
[4.04509423],[1.04924439],[3.48361795]
[4.27050452],[1.10831098],[3.70149428]
[4.64211994],[1.25336327],[4.40357439]
[4.69511657],[1.31756466],[4.62466674]
[5.10799246],[1.38228469],[5.35589232]
[5.1966786],[1.43340682],[5.55000455]
[5.60924912],[1.47060373],[6.15406893]
[5.50877992],[1.50510894],[6.23431976]
[5.82614636],[1.53032564],[6.83186073]
[5.73975484],[1.5458294],[6.83117097]
[6.0339594],[1.56170986],[7.31246416]
[5.9696104],[1.57445123],[7.24159932]
[6.23089028],[1.5889417],[7.65829708]
[6.1754353],[1.60322438],[7.61276877]
[6.44343752],[1.62158227],[8.00373302]
[6.41401844],[1.63745807],[8.0184207]
[6.69593766],[1.65422295],[8.36224999]
[6.60300913],[1.66645128],[8.38731795]
[6.8561316],[1.6808367],[8.69233617]
[6.74363011],[1.70560101],[8.72856662]
[6.99830259],[1.71359593],[9.0321489]
[6.84670243],[1.75370814],[9.02383779]
[7.19603917],[1.75158091],[9.32344601]
[7.0323103],[1.78800393],[9.24578168]
[7.30331699],[1.79148656],[9.53272517]
[7.11295504],[1.8292589],[9.45454671]
[7.36838531],[1.82937517],[9.73426846]
[7.34472464],[1.86792059],[9.81918323]
[7.43062101],[1.86786831],[9.94455764]
[7.42884412],[1.9007345],[10.03603627]
[7.42900194],[1.91104205],[10.10029803]
[7.48391957],[1.92372871],[10.19992954]
[7.46152963],[1.93643088],[10.25564842]
[7.48353396],[1.94568967],[10.2695752]
[7.4512468],[1.95127909],[10.26419955]
[7.46763843],[1.94691213],[10.2441333]
[7.43881652],[1.93989209],[10.22837374]
[7.41104651],[1.93215509],[10.17766438]
[7.40297368],[1.92361803],[10.14271126]
[7.39374103],[1.91554449],[10.10212824]
[7.38213401],[1.90596839],[10.03089063]
[7.36535964],[1.89769925],[9.96828996]
[7.31239743],[1.88820303],[9.8911636]
[7.24832279],[1.87596044],[9.82303149]
[7.14232749],[1.86645005],[9.71779872]
[7.05950833],[1.85588722],[9.64140935]
[6.97508685],[1.84355884],[9.55428785]
[6.87406406],[1.82192477],[9.42733865]
[6.79087815],[1.80070421],[9.31419407]
[6.67817963],[1.77786896],[9.16864839]
[5.8695806],[1.75309524],[8.19144548]
[5.07116951],[1.73317258],[6.86543885]
[4.28007651],[1.71392712],[5.47673247]
[2.06720109],[0.93003376],[1.56319575]
[3.06114385],[1.00183269],[2.61493868]
[4.05343138],[1.06264694],[3.59108048]
[4.41794748],[1.20900853],[4.05391707]
[4.74554268],[1.32041077],[4.78541145]
[4.8411536],[1.37923896],[5.04706778]
[5.23899661],[1.43735489],[5.70968849]
[5.31956574],[1.4846179],[5.93223699]
[5.7108487],[1.52439405],[6.53480632]
[5.65446214],[1.55111716],[6.64646017]
[5.92848616],[1.57200031],[7.19860394]
[5.87485794],[1.58497385],[7.2532118]
[6.1304224],[1.59677642],[7.66904811]
[6.10582787],[1.60624082],[7.64474555]
[6.34243942],[1.6175167],[8.01189738]
[6.27674559],[1.63009338],[7.99703852]
[6.5582842],[1.6472577],[8.38345457]
[6.54308057],[1.66269125],[8.43172683]
[6.84181695],[1.68085239],[8.77226508]
[6.75936459],[1.69309158],[8.81683776]
[7.03240665],[1.70912918],[9.19950697]
[6.95521369],[1.75604427],[9.2523046]
[7.25652036],[1.77168956],[9.60280199]
[7.18958119],[1.82114994],[9.59771477]
[7.49050674],[1.82445084],[9.94568811]
[7.41381081],[1.85921297],[9.87382678]
[7.63035204],[1.86270849],[10.17641351]
[7.50916824],[1.89869023],[10.0911006]
[7.70623718],[1.8995151],[10.37689711]
[7.73956515],[1.93529342],[10.44969101]
[7.78034358],[1.93978014],[10.58732389]
[7.81655493],[1.9741537],[10.68333803]
[7.80030132],[1.98824676],[10.75536234]
[7.86232356],[2.00152809],[10.85964017]
[7.83204243],[2.01426626],[10.90563643]
[7.8552596],[2.02210209],[10.91612697]
[7.8167601],[2.02425276],[10.89384107]
[7.84003478],[2.0064029],[10.86623008]
[7.81224579],[1.99744852],[10.82281711]
[7.77840813],[1.99016935],[10.75694775]
[7.77075593],[1.98224979],[10.71379957]
[7.76309604],[1.97431607],[10.67455174]
[7.75329972],[1.96537445],[10.60840181]
[7.74625567],[1.95775542],[10.54761113]
[7.72112907],[1.94821794],[10.46798137]
[7.66471744],[1.93707539],[10.39376998]
[7.56808436],[1.92821245],[10.28428974]
[7.48907472],[1.91821452],[10.19388197]
[7.40176628],[1.90732624],[10.09132509]
[7.29618327],[1.88970831],[9.95560452]
[7.18361498],[1.87020879],[9.83019047]
[6.99740038],[1.84885305],[9.67322304]
[6.13254067],[1.82355869],[8.64713449]
[5.2787486],[1.80077172],[7.31135531]
[4.45937198],[1.77743127],[5.91191755]
[2.17755433],[0.95475688],[1.65163442]
[3.12770643],[1.01349012],[2.75609225]
[4.06533104],[1.12247162],[3.82046054]
[4.5448356],[1.27832909],[4.3933011]
[4.83533312],[1.37172404],[5.07407676]
[4.98766354],[1.42734029],[5.41811614]
[5.35395743],[1.48076553],[6.00856704]
[5.46526284],[1.53004225],[6.29647246]
[5.80594679],[1.56013154],[6.85825857]
[5.81569704],[1.58519738],[7.02061067]
[6.03055374],[1.60191143],[7.52541299]
[6.02667413],[1.61171627],[7.618441]
[6.23369902],[1.62205833],[7.99671041]
[6.24640502],[1.6307007],[8.02900766]
[6.42298315],[1.64255271],[8.34988328]
[6.42874945],[1.6530001],[8.38276077]
[6.67612099],[1.67219083],[8.73500432]
[6.70380621],[1.6861214],[8.80990517]
[7.02547845],[1.70613788],[9.18751307]
[7.00504118],[1.74637463],[9.28232786]
[7.30727419],[1.7725677],[9.66193621]
[7.31743663],[1.83705552],[9.7829119]
[7.53877403],[1.85989596],[10.15982098]
[7.54150811],[1.90614807],[10.24663911]
[7.7743366],[1.91389357],[10.59678991]
[7.7735395],[1.94585164],[10.60126592]
[7.95776033],[1.95595243],[10.88864084]
[7.86596765],[1.98974327],[10.87318277]
[8.04225454],[1.99774936],[11.14988005]
[8.06841986],[2.03031354],[11.28093307]
[8.1287468],[2.03556548],[11.43805859]
[8.14789258],[2.0661394],[11.60603452]
[8.17963844],[2.07962281],[11.69927214]
[8.20446374],[2.09046056],[11.84899893]
[8.22244887],[2.10053113],[11.89383241]
[8.19651148],[2.10728697],[11.89655098]
[8.20796713],[2.10574772],[11.82291582]
[8.1871606],[2.09044228],[11.76212621]
[8.20441148],[2.07082494],[11.67168563]
[8.15431758],[2.0510599],[11.56457514]
[8.14794444],[2.03453106],[11.47634904]
[8.1414084],[2.01920779],[11.39219292]
[8.13064406],[2.00924958],[11.28117533]
[8.12836554],[2.00089419],[11.16528015]
[8.11667604],[1.99176484],[11.06193039]
[8.07505427],[1.98112714],[10.9747694]
[7.98143124],[1.97261756],[10.86419108]
[7.89541705],[1.96381621],[10.76382398]
[7.80799889],[1.95405062],[10.65587823]
[7.7099625],[1.94012081],[10.51460956]
[7.60662308],[1.92125867],[10.38345088]
[7.36591801],[1.90167186],[10.18232495]
[6.50318848],[1.87854645],[9.07832471]
[5.64943405],[1.85734334],[7.6962241]
[4.79565152],[1.8367444],[6.25886816]
[2.29415767],[0.9678591],[1.79789971]
[3.17790608],[1.02107129],[2.86133686]
[4.07536895],[1.18010191],[4.05096983]
[4.6700667],[1.32111618],[4.6989943]
[4.9447206],[1.40388546],[5.34582648]
[5.11618084],[1.45607224],[5.72855335]
[5.46293024],[1.51004785],[6.28858982]
[5.60002184],[1.55430791],[6.6155508]
[5.89657349],[1.58357589],[7.13200582]
[5.96017546],[1.60805187],[7.34906346]
[6.12348711],[1.62031627],[7.79788472]
[6.17795091],[1.62937437],[7.94421387]
[6.32801147],[1.6389259],[8.26704296]
[6.35741785],[1.64740461],[8.32856201]
[6.52500502],[1.6612278],[8.61952988]
[6.56121822],[1.6697169],[8.69494571]
[6.81307471],[1.69676362],[9.03635329]
[6.87507542],[1.71334205],[9.17750952]
[7.27458692],[1.74627707],[9.56430366]
[7.3624938],[1.80394841],[9.73246015]
[7.5832568],[1.85230776],[10.17415058]
[7.66778482],[1.91859096],[10.43669541]
[7.82215608],[1.94690123],[10.86113189]
[7.87859351],[1.98722642],[11.04311804]
[8.08504834],[1.99737853],[11.41728629]
[8.12266],[2.02721026],[11.6125411]
[8.36131052],[2.03976413],[11.90979506]
[8.29583437],[2.07091578],[12.01042586]
[8.50761937],[2.08187364],[12.28117427]
[8.5347798],[2.11034853],[12.48971316]
[8.64396905],[2.11856264],[12.64629964]
[8.66261719],[2.14761122],[12.83545655]
[8.72158048],[2.15858009],[12.96646444]
[8.76535474],[2.16948246],[13.1000419]
[8.78544133],[2.17780858],[13.16938686]
[8.7615492],[2.1836825],[13.14623782]
[8.75673086],[2.18157536],[13.07892669]
[8.73562953],[2.16636592],[12.98828386]
[8.74039998],[2.14549581],[12.89231642]
[8.7070822],[2.1227541],[12.75552781]
[8.68262064],[2.10064412],[12.61691841]
[8.67121101],[2.08208528],[12.4806439]
[8.6541121],[2.0623588],[12.33591951]
[8.64653085],[2.04444098],[12.17751725]
[8.63514055],[2.0266596],[11.96925392]
[8.61508409],[2.01176011],[11.74793876]
[8.48550535],[2.00272898],[11.49652799]
[8.29718903],[1.99332677],[11.29742371]
[8.18082777],[1.98431687],[11.16568651]
[8.07150409],[1.97270043],[11.02127078]
[7.97267109],[1.95477722],[10.88879914]
[7.69151108],[1.93581598],[10.64797329]
[6.84481312],[1.91378253],[9.4850968]
[6.01005413],[1.89302013],[8.07919744]
[5.1642365],[1.87205835],[6.60721798]
[2.30814221],[0.97729673],[1.85057921]
[3.19137132],[1.03271383],[2.92397127]
[4.07801145],[1.21965626],[4.18664404]
[4.7282197],[1.35002539],[4.92406396]
[5.0510183],[1.43062939],[5.57319052]
[5.20900734],[1.47901962],[5.96581527]
[5.57011631],[1.53379513],[6.54273129]
[5.70687439],[1.57686286],[6.85422713]
[6.00111032],[1.60409174],[7.38379491]
[6.06664864],[1.62763409],[7.57103228]
[6.22523874],[1.63736692],[8.02875394]
[6.25858234],[1.64584984],[8.17582958]
[6.40722243],[1.65778308],[8.51570974]
[6.45077073],[1.66421852],[8.57420253]
[6.64556211],[1.6856576],[8.88586688]
[6.68584974],[1.69481507],[9.01663751]
[6.99054222],[1.73567143],[9.42496527]
[7.12269109],[1.76609351],[9.65873791]
[7.52723139],[1.83223363],[10.08914669]
[7.7001877],[1.90374285],[10.39342268]
[7.86656492],[1.94839615],[10.89563489]
[7.96811204],[2.01302289],[11.24529951]
[8.15444319],[2.0385958],[11.74424006]
[8.22860932],[2.07354711],[12.09351027]
[8.54011733],[2.08441684],[12.56647572]
[8.59202176],[2.11190193],[12.81047862]
[8.85099928],[2.12496547],[13.20070826]
[8.84918538],[2.15324276],[13.28614228]
[8.97502774],[2.16248112],[13.58107784]
[9.04589018],[2.18964665],[13.74903627]
[9.07497257],[2.19669004],[13.93328187]
[9.16092423],[2.22338012],[14.08340887]
[9.15942025],[2.23177656],[14.2351635]
[9.25084325],[2.24261397],[14.36677991]
[9.22745706],[2.2486745],[14.44900536]
[9.2544493],[2.25327091],[14.41812271]
[9.19234123],[2.25122766],[14.34676789]
[9.22654802],[2.23764218],[14.23601481]
[9.1678095],[2.21784768],[14.12769752]
[9.17324679],[2.19647903],[13.98011616]
[9.11323753],[2.17323769],[13.82290619]
[9.09717248],[2.1496368],[13.6501216]
[9.07459623],[2.12740505],[13.4648438]
[9.06036811],[2.10979677],[13.30706688]
[9.04898326],[2.09204733],[13.11116933]
[9.03993622],[2.0730568],[12.87438718]
[8.96808502],[2.05424205],[12.59928164]
[8.83038534],[2.03785771],[12.31784709]
[8.69165411],[2.02294148],[12.0376815]
[8.534847],[2.00863301],[11.74487687]
[8.36485606],[1.99068362],[11.48486956]
[8.00386235],[1.97232583],[11.16407869]
[7.15164804],[1.95216195],[9.96403983]
[6.31781537],[1.9325788],[8.53782291]
[5.48401082],[1.91224045],[7.04728568]
[2.34412064],[0.98631699],[1.92944025]
[3.20849482],[1.04528426],[2.98974838]
[4.07761038],[1.25796412],[4.33233505]
[4.74040666],[1.38244991],[5.17059502]
[5.14827049],[1.46168947],[5.83144695]
[5.30778177],[1.50957964],[6.24887146]
[5.66091629],[1.57348991],[6.80654442]
[5.8114771],[1.5995091],[7.12993229]
[6.07891545],[1.63474667],[7.62908913]
[6.18913793],[1.64829199],[7.84539484]
[6.30687605],[1.65861482],[8.3037975]
[6.3386243],[1.66585904],[8.44769338]
[6.4994627],[1.68444816],[8.804824]
[6.56479392],[1.69588678],[8.92880258]
[6.78238628],[1.73364811],[9.29130629]
[6.84920298],[1.74902773],[9.53344211]
[7.20246793],[1.80496037],[9.96597099]
[7.41831389],[1.86734585],[10.30960394]
[7.77464608],[1.93244878],[10.83130306]
[7.97675681],[2.00222674],[11.23987222]
[8.23972207],[2.04326794],[11.81437247]
[8.37779121],[2.10044219],[12.3164988]
[8.65573627],[2.12473839],[12.88089554]
[8.72631064],[2.15505485],[13.283572]
[8.95618367],[2.1666319],[13.79490585]
[9.07139648],[2.19157441],[14.08459263]
[9.25187564],[2.20354809],[14.52067149]
[9.34548421],[2.22992003],[14.69793761]
[9.40588156],[2.23661487],[14.96566209]
[9.50003874],[2.26179913],[15.18868802]
[9.50350464],[2.26937401],[15.3462413]
[9.58725201],[2.29333627],[15.55421266]
[9.59743432],[2.30082001],[15.65820463]
[9.64747489],[2.31123525],[15.83578673]
[9.66897499],[2.31564797],[15.91742132]
[9.65556841],[2.31986062],[15.95031979]
[9.63406236],[2.31810728],[15.83674458]
[9.62792479],[2.30581066],[15.74338871]
[9.60825338],[2.28634358],[15.59281987]
[9.59237744],[2.2670405],[15.46770138]
[9.56841741],[2.2459292],[15.30050184]
[9.53234334],[2.22535273],[15.1326426]
[9.50397533],[2.20390299],[14.93293353]
[9.48396734],[2.18331642],[14.73207538]
[9.46866527],[2.16834638],[14.52592175]
[9.46004481],[2.1526447],[14.2861916]
[9.42779827],[2.1379416],[14.01888016]
[9.32704064],[2.12293859],[13.73356111]
[9.18841581],[2.10836298],[13.46644163]
[9.03695246],[2.09089579],[13.1682988]
[8.90845448],[2.06855856],[12.89651178]
[8.58419107],[2.0421105],[12.48795261]
[7.70035528],[2.01179234],[11.10695487]
[6.83145881],[1.98430556],[9.52063431]
[5.9503976],[1.9582839],[7.86879692]
[2.40422631],[0.99901093],[2.05995625]
[3.24073844],[1.05756158],[3.09354422]
[4.07838136],[1.29235053],[4.46054549]
[4.76438571],[1.41032857],[5.39157436]
[5.24930758],[1.48568851],[6.04924017]
[5.41576243],[1.53414984],[6.48207553]
[5.75064083],[1.6051187],[7.04449362]
[5.92390665],[1.62299507],[7.36905198]
[6.16229338],[1.65830333],[7.8560282]
[6.28323321],[1.66711532],[8.10000397]
[6.35771528],[1.68876753],[8.58028751]
[6.46342882],[1.70180227],[8.83514551]
[6.60550219],[1.73548673],[9.21230758]
[6.72276418],[1.74932311],[9.45552869]
[6.94284188],[1.81105666],[9.8526407]
[7.06304409],[1.85914288],[10.24007458]
[7.4839259],[1.92193954],[10.73577273]
[7.80580928],[1.99248227],[11.21780775]
[8.16560313],[2.04062224],[11.77429442]
[8.43467002],[2.10130095],[12.33914854]
[8.73695277],[2.13775379],[12.94364283]
[8.88375492],[2.18634362],[13.51320219]
[9.04976274],[2.20860498],[14.08319195]
[9.22659111],[2.23587927],[14.54946554]
[9.34573798],[2.24372214],[15.09180523]
[9.49533845],[2.26771275],[15.49022517]
[9.64244116],[2.27709652],[15.91302072]
[9.7369412],[2.30008229],[16.22558875]
[9.83883918],[2.30600455],[16.49602967]
[9.88844242],[2.33063099],[16.76697076]
[9.92640149],[2.34086395],[16.90220601]
[9.97359559],[2.35857653],[17.18717161]
[10.05102857],[2.37189493],[17.36205821]
[10.0476436],[2.37870784],[17.56335184]
[10.12342786],[2.3836997],[17.73585175]
[10.06279895],[2.38857886],[17.77593179]
[10.09631356],[2.38975443],[17.73711861]
[10.03251436],[2.38033499],[17.6239052]
[10.06840753],[2.3639739],[17.52409777]
[9.99994751],[2.34610022],[17.36427867]
[10.02808961],[2.32666892],[17.22600558]
[9.97097038],[2.3082324],[17.04315694]
[9.94740536],[2.28861502],[16.83300838]
[9.9346607],[2.2704086],[16.6360917]
[9.93604925],[2.25205862],[16.40681082]
[9.94451852],[2.23326298],[16.1579254]
[9.92774653],[2.2204473],[15.88220104]
[9.90980328],[2.20786308],[15.6170059]
[9.80110005],[2.195335],[15.30943734]
[9.65779876],[2.17906961],[14.95509332]
[9.52584742],[2.15968419],[14.62236813]
[9.17036491],[2.13560286],[14.13571255]
[8.28772787],[2.10794681],[12.67937288]
[7.41717255],[2.08038804],[11.05109963]
[6.54418896],[2.0526389],[9.31336197]
[2.44806922],[1.01099243],[2.15989985]
[3.26555842],[1.10227401],[3.19599202]
[4.07804345],[1.31966327],[4.57614538]
[4.78345757],[1.43007908],[5.58081441]
[5.32850743],[1.50343937],[6.23910788]
[5.52669771],[1.56572791],[6.70477453]
[5.81144577],[1.62591825],[7.24911433]
[6.03582025],[1.64962722],[7.6064629]
[6.23507776],[1.69241997],[8.1361922]
[6.37410951],[1.7041868],[8.46460814]
[6.4395159],[1.73645028],[8.98410629]
[6.59026904],[1.75184327],[9.32988927]
[6.75452529],[1.8151913],[9.75683053]
[6.92385682],[1.84951435],[10.15563502]
[7.25988415],[1.92079695],[10.62152364]
[7.55164691],[1.98130107],[11.07003051]
[7.89031461],[2.02761298],[11.59360117]
[8.23726408],[2.08868251],[12.20963608]
[8.6190675],[2.13252828],[12.82594001]
[8.88032065],[2.18789129],[13.47454052]
[9.13014785],[2.21888974],[14.09928695]
[9.35855176],[2.26299339],[14.69722106]
[9.43147347],[2.2809387],[15.29631491]
[9.61102403],[2.30538075],[15.85852607]
[9.73566984],[2.31315566],[16.38188439]
[9.86266117],[2.33551383],[16.97231521]
[10.0208981],[2.34509243],[17.45419236]
[10.11968651],[2.36635513],[17.88098572]
[10.24078784],[2.38399216],[18.27786714]
[10.29708741],[2.4027156],[18.59487687]
[10.32400328],[2.42211921],[18.80380547]
[10.38759525],[2.43669294],[19.103486]
[10.44178622],[2.45776728],[19.38000845]
[10.47837988],[2.47211536],[19.62722513]
[10.50688111],[2.48162718],[19.86897377]
[10.49931778],[2.49107251],[19.99785833]
[10.48954477],[2.49542613],[20.04365995]
[10.47757057],[2.47773902],[19.97946546]
[10.47955394],[2.44919177],[19.90072881]
[10.48329741],[2.42652686],[19.76309529]
[10.48572854],[2.40562869],[19.63505324]
[10.49304468],[2.38767555],[19.43830148]
[10.4698912],[2.36891029],[19.19539724]
[10.47460378],[2.35148405],[18.94621049]
[10.4790741],[2.33277457],[18.66154451]
[10.48636344],[2.31257565],[18.35293631]
[10.48093227],[2.29519733],[18.02997802]
[10.47880433],[2.28095123],[17.69625487]
[10.43814081],[2.26918462],[17.34998351]
[10.29176126],[2.25373841],[16.94439073]
[10.15656408],[2.23665764],[16.5614143]
[9.74918716],[2.2155841],[15.98130483]
[8.86838599],[2.19059064],[14.44167843]
[7.99795161],[2.16551788],[12.73723238]
[7.12869444],[2.13935733],[10.9185976]
[2.44622519],[1.02452605],[2.19382254]
[3.26568486],[1.13976867],[3.26754268]
[4.07665208],[1.3440767],[4.69932399]
[4.77912695],[1.45229921],[5.73315837]
[5.41482259],[1.53862222],[6.46861618]
[5.59774673],[1.60723334],[6.95544899]
[5.87318867],[1.66861845],[7.57602713]
[6.10798743],[1.69847372],[7.96984175]
[6.30666031],[1.74156638],[8.55382975]
[6.47815034],[1.75329358],[8.94524846]
[6.59946772],[1.81995443],[9.50480529]
[6.77782107],[1.85992506],[10.03872908]
[7.01337759],[1.92471678],[10.50426094]
[7.24770073],[1.97520427],[10.94431626]
[7.64037518],[2.02779916],[11.45079332]
[7.9795853],[2.08836274],[11.99048042]
[8.33878381],[2.12427397],[12.58766982]
[8.64488463],[2.17796978],[13.28799458]
[8.96536006],[2.21581035],[13.97789067]
[9.28387245],[2.26520824],[14.62064791]
[9.50073393],[2.29326437],[15.30946421]
[9.70114315],[2.33323478],[15.95880255]
[9.8187781],[2.35143556],[16.55083699]
[9.93585498],[2.37466659],[17.24399192]
[10.116439],[2.38572523],[17.95419542]
[10.20848959],[2.41080973],[18.62505961]
[10.37031975],[2.43275436],[19.3051735]
[10.50124037],[2.45623114],[19.85547581]
[10.6059259],[2.48003978],[20.36877108]
[10.72498031],[2.50829451],[20.78144342]
[10.69746186],[2.53705564],[21.05804356]
[10.81485521],[2.56558753],[21.4496233]
[10.83599614],[2.61058166],[21.79981462]
[10.94854065],[2.63459549],[22.14868668]
[10.99474463],[2.64189701],[22.42216409]
[11.03900418],[2.64732256],[22.64551733]
[11.03016649],[2.65225319],[22.72174099]
[11.06296894],[2.64857593],[22.71938644]
[11.04920528],[2.61215028],[22.58076584]
[11.07825992],[2.57648133],[22.47544425]
[11.07239308],[2.53915548],[22.27240694]
[11.09616116],[2.50190839],[22.08548444]
[11.08901179],[2.46219366],[21.77982086]
[11.08211229],[2.43517683],[21.51772923]
[11.09103973],[2.40755095],[21.2235122]
[11.10144789],[2.38682792],[20.8663219]
[11.09972126],[2.37066739],[20.48155498]
[11.10438086],[2.35454607],[20.11368816]
[11.09842071],[2.33652846],[19.67652158]
[11.00085734],[2.31958215],[19.18894388]
[10.80618436],[2.30404778],[18.73446295]
[10.37067674],[2.28466712],[18.08163628]
[9.46970633],[2.26229245],[16.44129038]
[8.59650817],[2.23979046],[14.63086492]
[7.72547849],[2.21483476],[12.68205357]
[2.46045684],[1.02843418],[2.22603339]
[3.27380345],[1.16112579],[3.33147957]
[4.07638906],[1.38018239],[4.82395857]
[4.7932089],[1.49376162],[5.94826122]
[5.44663326],[1.58942619],[6.79202017]
[5.62537352],[1.6562319],[7.29105013]
[5.89450025],[1.7141798],[7.92296769]
[6.1389533],[1.74593748],[8.37944354]
[6.34859405],[1.78784793],[9.0012835]
[6.5744521],[1.83848919],[9.45351701]
[6.71735216],[1.9218732],[10.11586999]
[6.89788204],[1.97520668],[10.74770711]
[7.16747443],[2.02543221],[11.23721187]
[7.48048563],[2.08016281],[11.71492438]
[7.83976625],[2.12141948],[12.29297212]
[8.19363478],[2.17578219],[12.94800688]
[8.5742941],[2.21082635],[13.64065426]
[8.86184459],[2.25980876],[14.37200916]
[9.13721508],[2.29694481],[15.13093839]
[9.45889479],[2.34107196],[15.86556216]
[9.67727545],[2.37053584],[16.57044854]
[9.89937892],[2.40827436],[17.34606222]
[10.05084145],[2.44317216],[18.11414287]
[10.16819712],[2.47291899],[18.90443796]
[10.33714497],[2.51160139],[19.82328092]
[10.49198],[2.55161302],[20.67158989]
[10.62708492],[2.5965345],[21.47592793]
[10.82431051],[2.63394288],[22.2350924]
[10.9417388],[2.66187672],[22.91659026]
[11.12141853],[2.68786883],[23.50307713]
[11.19107892],[2.73128781],[23.87346427]
[11.28306692],[2.75984692],[24.28325113]
[11.3652774],[2.7898016],[24.62591908]
[11.44415528],[2.80012283],[24.9739695]
[11.58547382],[2.80966064],[25.2820296]
[11.58661128],[2.81704457],[25.48071693]
[11.6497273],[2.81829219],[25.6332893]
[11.6229727],[2.80454186],[25.61774261]
[11.67551422],[2.77233599],[25.53496862]
[11.63844855],[2.7399039],[25.34678402]
[11.70107108],[2.70823004],[25.20490462]
[11.67110995],[2.67607349],[24.97509799]
[11.71885007],[2.63799246],[24.74946683]
[11.69707752],[2.59487952],[24.42645918]
[11.70430645],[2.54781272],[24.11661717]
[11.71062853],[2.49727632],[23.7354512]
[11.70906443],[2.46194267],[23.31111186]
[11.71916651],[2.4350308],[22.9007091]
[11.72532799],[2.40889991],[22.46348454]
[11.7025055],[2.38707594],[21.91703979]
[11.59831861],[2.3682731],[21.37329503]
[11.1119017],[2.3491397],[20.58157407]
[10.15252942],[2.32773338],[18.77731778]
[9.20689547],[2.30781916],[16.8285155]
[8.33435347],[2.28567511],[14.73009734]
[2.48948722],[1.03514555],[2.27820123]
[3.28940693],[1.18164088],[3.41213061]
[4.08026302],[1.41294919],[4.93783477]
[4.80529087],[1.52363498],[6.10044637]
[5.46263198],[1.62571519],[7.00199019]
[5.66403562],[1.6887734],[7.53424587]
[5.93927723],[1.7475386],[8.169661]
[6.20808541],[1.77992033],[8.69481838]
[6.4203251],[1.84947471],[9.36041555]
[6.66978367],[1.94655023],[9.9780942]
[6.82694755],[2.01696702],[10.668938]
[7.0115786],[2.08145217],[11.37475725]
[7.33781086],[2.12427688],[11.89986387]
[7.69030292],[2.17704539],[12.52192743]
[8.02772626],[2.21573299],[13.20915566]
[8.38147678],[2.26556293],[13.92162323]
[8.73304137],[2.29927846],[14.6471694]
[9.03043018],[2.34196659],[15.44726722]
[9.27520881],[2.37984609],[16.27640699]
[9.59965291],[2.41828891],[17.09273589]
[9.84697414],[2.47285423],[17.97357337]
[10.09480894],[2.53378819],[18.89299775]
[10.26183912],[2.60365207],[19.86451206]
[10.42260747],[2.66003743],[20.87287504]
[10.55825525],[2.70404117],[21.94345678]
[10.77010594],[2.73859239],[22.92022214]
[10.92781313],[2.78066326],[23.86162377]
[11.14728927],[2.80263938],[24.66075376]
[11.31977403],[2.83133805],[25.47862826]
[11.50015151],[2.85904668],[26.12929667]
[11.68905816],[2.88844514],[26.6409418]
[11.76620492],[2.91098702],[27.00863672]
[11.87828311],[2.927434],[27.37976738]
[11.95348155],[2.93611588],[27.68881055]
[12.04090956],[2.9426508],[28.01201412]
[12.12181574],[2.9473814],[28.22130863]
[12.16748921],[2.9451835],[28.41079138]
[12.24907229],[2.92612589],[28.47323908]
[12.18815138],[2.89608112],[28.39904835]
[12.20015558],[2.87024511],[28.22542584]
[12.14601191],[2.84388736],[28.04175963]
[12.16658711],[2.81647721],[27.81279339]
[12.14553203],[2.78341793],[27.55065259]
[12.18580684],[2.74840659],[27.2818825]
[12.16062581],[2.71085404],[26.94721594]
[12.16994536],[2.66956484],[26.59224121]
[12.17751488],[2.62799767],[26.22390456]
[12.18784426],[2.58264493],[25.8283494]
[12.19881938],[2.53530526],[25.36416858]
[12.17161665],[2.4857397],[24.77636884]
[12.1360813],[2.44807663],[24.1678461]
[11.67750717],[2.4132916],[23.23228816]
[10.71591283],[2.38878878],[21.25865604]
[9.76934466],[2.3709822],[19.16493521]
[8.8244371],[2.34865696],[16.93827348]
[2.49965188],[1.04245746],[2.30696203]
[3.29805399],[1.2049137],[3.49765051]
[4.08194283],[1.43850052],[5.03008271]
[4.81249423],[1.54713046],[6.21166827]
[5.50374709],[1.65223275],[7.17916213]
[5.72779651],[1.71337631],[7.72859665]
[5.99349332],[1.77286277],[8.41369786]
[6.26847372],[1.80947885],[8.98474908]
[6.49887275],[1.92111039],[9.72245746]
[6.76009243],[2.02682097],[10.49847559]
[6.94343649],[2.09356076],[11.23498524]
[7.16229713],[2.15922424],[11.94445972]
[7.53816973],[2.20080066],[12.62538694]
[7.92837605],[2.2492761],[13.35663389]
[8.27477789],[2.28683994],[14.06596201]
[8.62301097],[2.33214301],[14.80840931]
[8.93626747],[2.36464759],[15.6078605]
[9.28162481],[2.40700877],[16.50668913]
[9.4951084],[2.46528479],[17.35209564]
[9.80194972],[2.52737829],[18.31412516]
[10.07310628],[2.61894698],[19.36131461]
[10.32363179],[2.70655872],[20.46954922]
[10.49162024],[2.77406928],[21.66334174]
[10.69181574],[2.81069605],[22.68056358]
[10.7848429],[2.85159481],[23.83318338]
[11.05361741],[2.88300744],[24.86131498]
[11.25621871],[2.91528532],[25.81050098]
[11.47052692],[2.93379168],[26.68844528]
[11.70347646],[2.9587456],[27.63524738]
[11.91285401],[2.98109746],[28.36728816]
[12.10573596],[3.00166873],[29.01370095]
[12.3002001],[3.02095784],[29.50069328]
[12.34130832],[3.03059099],[29.88405433]
[12.46969179],[3.03855349],[30.25668239]
[12.51500436],[3.04273646],[30.5738966]
[12.62268101],[3.0461289],[30.83090375]
[12.66750082],[3.04276268],[30.9631567]
[12.72487461],[3.02933116],[31.06180017]
[12.7078013],[3.00530835],[31.00685864]
[12.69174195],[2.9796389],[30.87264278]
[12.66119824],[2.95493132],[30.66910979]
[12.64855809],[2.92797364],[30.45622703]
[12.61453182],[2.9015014],[30.15119629]
[12.62716347],[2.87329288],[29.88812994]
[12.63437556],[2.84174856],[29.53979789]
[12.62861934],[2.80746901],[29.14940718]
[12.63754206],[2.77574996],[28.76887264]
[12.64804248],[2.74160838],[28.38312228]
[12.65176122],[2.70543857],[27.90684654]
[12.63030255],[2.66366671],[27.31885775]
[12.61501178],[2.61890996],[26.68937968]
[12.22165731],[2.56907664],[25.70460754]
[11.28293634],[2.53344826],[23.58138274]
[10.33638527],[2.49370901],[21.29555918]
[9.38907534],[2.43311656],[18.93923115]
[2.49730357],[1.05428312],[2.32890075]
[3.2993408],[1.25154195],[3.59940695]
[4.08600684],[1.47852777],[5.16585153]
[4.81531286],[1.58293789],[6.3731018]
[5.58128285],[1.69021365],[7.45332601]
[5.80737542],[1.74497306],[8.0234923]
[6.07057766],[1.8037664],[8.73523104]
[6.36428373],[1.87234908],[9.3610528]
[6.65368679],[1.98228086],[10.19106736]
[6.90368708],[2.08940755],[11.02944097]
[7.13651063],[2.15242431],[11.76777628]
[7.48091492],[2.21805473],[12.54242319]
[7.81262544],[2.26149131],[13.3513998]
[8.20426936],[2.30694583],[14.11344215]
[8.58643917],[2.34482705],[14.87962946]
[8.88479515],[2.38725912],[15.71164396]
[9.15982063],[2.42667879],[16.61211279]
[9.50190809],[2.49253655],[17.50474992]
[9.72790549],[2.56933912],[18.51458844]
[10.0034245],[2.66010125],[19.60701892]
[10.28315284],[2.75657648],[20.85190004]
[10.5555774],[2.82922683],[22.05118377]
[10.71717786],[2.88408401],[23.24825345]
[10.94373226],[2.91177399],[24.32931667]
[11.03759482],[2.94832081],[25.4489431]
[11.28215823],[2.97551428],[26.48035254]
[11.55601288],[3.00126154],[27.56448592]
[11.7699607],[3.01853898],[28.4282596]
[12.04654858],[3.0400208],[29.54175493]
[12.27322257],[3.05707577],[30.41006957]
[12.46578373],[3.0746622],[31.14815092]
[12.67199366],[3.0893331],[31.75529585]
[12.76712381],[3.1057847],[32.16194816]
[12.8675331],[3.11428053],[32.56985262]
[12.97416643],[3.11984379],[32.92108965]
[13.0516416],[3.11810246],[33.18191176]
[13.16296259],[3.11569533],[33.36371572]
[13.1959449],[3.10069764],[33.4731072]
[13.2319352],[3.09120284],[33.47200108]
[13.17611508],[3.06622091],[33.29270136]
[13.19245197],[3.03560221],[33.08021951]
[13.12424976],[3.0075264],[32.79708424]
[13.14505889],[2.98055773],[32.51113918]
[13.08348212],[2.95156786],[32.18691773]
[13.10779382],[2.92263358],[31.87171683]
[13.04478801],[2.89335915],[31.43632837]
[13.02563412],[2.86322895],[31.02173499]
[13.03239495],[2.82989756],[30.60013464]
[13.04444356],[2.79837409],[30.13502048]
[13.03837634],[2.76442904],[29.52814604]
[13.03474862],[2.72571396],[28.9033032]
[12.71221033],[2.68260807],[27.86022228]
[11.86682088],[2.64211229],[25.64908367]
[10.92028102],[2.60037422],[23.26441888]
[9.97369815],[2.54244769],[20.76764938]
[2.50174085],[1.05551397],[2.33948977]
[3.30507572],[1.312585],[3.73067034]
[4.08900117],[1.52055031],[5.32340183]
[4.82154892],[1.62110086],[6.56822716]
[5.60098489],[1.72503817],[7.74164451]
[5.9051219],[1.77519296],[8.35134677]
[6.16754877],[1.83186625],[9.0761509]
[6.49184368],[1.94117449],[9.7974714]
[6.78723596],[2.03799692],[10.68847219]
[7.03283202],[2.1412866],[11.51998138]
[7.3834349],[2.20584401],[12.28467667]
[7.77599733],[2.27271258],[13.21205859]
[8.09377171],[2.31588454],[14.05039265]
[8.45758342],[2.3596913],[14.87163577]
[8.80507692],[2.39728221],[15.73761869]
[9.11611276],[2.4519334],[16.64659813]
[9.35728523],[2.52641257],[17.56574867]
[9.68599321],[2.60248994],[18.63289529]
[9.94004868],[2.71382042],[19.82957826]
[10.19669973],[2.78603567],[20.96783998]
[10.46689995],[2.86459916],[22.36669827]
[10.77797931],[2.92589119],[23.52034017]
[10.94116901],[2.97195192],[24.80694794]
[11.17995186],[2.99586174],[25.84754528]
[11.32007701],[3.02618173],[26.9337741]
[11.51979343],[3.049647],[28.08223555]
[11.84558768],[3.07078491],[29.22235575]
[12.12167446],[3.09613743],[30.22572915]
[12.36300927],[3.12808652],[31.39792992]
[12.60834378],[3.14514735],[32.36968103]
[12.82340584],[3.16424093],[33.2066355]
[13.01579178],[3.17626508],[33.92577325]
[13.18120755],[3.19180202],[34.42938795]
[13.22667798],[3.20206247],[34.85650883]
[13.3385285],[3.20787171],[35.26143669]
[13.40787014],[3.2050478],[35.55088239]
[13.50303149],[3.20302996],[35.80412517]
[13.58012218],[3.18884616],[35.93679825]
[13.58575579],[3.18552838],[35.98282986]
[13.59298137],[3.17245145],[35.84735262]
[13.57348719],[3.14350964],[35.64484821]
[13.58088933],[3.12585609],[35.35832122]
[13.55740166],[3.06530197],[35.03840404]
[13.5783313],[3.03766348],[34.68544463]
[13.55609319],[3.00732751],[34.34161805]
[13.57322223],[2.97477801],[33.91709633]
[13.53270898],[2.94131822],[33.4783079]
[13.51554231],[2.90962722],[33.01140705]
[13.49332466],[2.88038652],[32.4959774]
[13.4649965],[2.84735599],[31.88801972]
[13.44419954],[2.81594828],[31.25762653]
[13.17431484],[2.78073769],[30.24761828]
[12.28758814],[2.74588088],[27.96277169]
[11.40615808],[2.70443255],[25.42736807]
[10.47779343],[2.6494653],[22.85798524]
[2.52255917],[1.08412694],[2.41632605]
[3.31364619],[1.37031943],[3.8781533]
[4.09282212],[1.56358889],[5.49174639]
[4.82783327],[1.66083296],[6.79642895]
[5.60499941],[1.75811325],[8.05366499]
[6.01227684],[1.80737307],[8.72301997]
[6.26176284],[1.88512595],[9.50346052]
[6.63586841],[2.00871642],[10.3576242]
[6.93617771],[2.09911743],[11.26309965]
[7.23964331],[2.19551857],[12.09015889]
[7.65041123],[2.25753539],[12.94851287]
[8.0598937],[2.3221438],[13.92097539]
[8.40155523],[2.36431762],[14.76554698]
[8.72285654],[2.40573209],[15.71799126]
[9.0190562],[2.4699674],[16.69356882]
[9.35632658],[2.54047874],[17.59858324]
[9.57664429],[2.64764111],[18.68317375]
[9.88331294],[2.73468648],[19.92517761]
[10.16252953],[2.82705773],[21.24800664]
[10.42374988],[2.89023381],[22.51324538]
[10.66324803],[2.95502837],[23.84309112]
[10.99745735],[3.00690599],[25.08720981]
[11.19848968],[3.04576251],[26.25059263]
[11.43991039],[3.06678399],[27.3780405]
[11.63304413],[3.10025539],[28.56750963]
[11.83781784],[3.1274811],[29.7034117]
[12.11442475],[3.1632723],[30.94520159]
[12.47723076],[3.18609052],[32.11040412]
[12.7261232],[3.220565],[33.33647391]
[12.9235475],[3.23071032],[34.39582811]
[13.20037173],[3.25189348],[35.35414954]
[13.35992385],[3.26171208],[36.23018424]
[13.52744829],[3.28483258],[36.89407618]
[13.63129847],[3.33170491],[37.42152507]
[13.69928118],[3.33991536],[37.86485657]
[13.80845471],[3.33411346],[38.17609189]
[13.86333896],[3.32965788],[38.38560569]
[13.98705102],[3.32284075],[38.5661615]
[13.95389177],[3.3188475],[38.57721645]
[13.98806683],[3.31079684],[38.50956493]
[13.94012445],[3.28203977],[38.26319954]
[13.97193265],[3.27126428],[38.00647457]
[13.92232707],[3.21941615],[37.63227108]
[13.96678521],[3.16490821],[37.31253488]
[13.92566054],[3.10792854],[36.86446265]
[13.96034501],[3.07022662],[36.45872705]
[13.92319553],[3.03878351],[35.9542271]
[13.91869105],[3.00779655],[35.48965813]
[13.91323201],[2.97582316],[34.96882533]
[13.90297612],[2.94007668],[34.35899826]
[13.90055432],[2.90665624],[33.72329043]
[13.65006712],[2.87361131],[32.65321334]
[12.85021018],[2.8344086],[30.35527383]
[11.91469734],[2.78996923],[27.76084634]
[10.95804622],[2.74428192],[25.04075412]
[2.53507353],[1.16708064],[2.50384592]
[3.32042684],[1.42345701],[4.04485759]
[4.09655942],[1.60441383],[5.67641737]
[4.83453702],[1.69841113],[7.01062281]
[5.60890573],[1.78860959],[8.3632211]
[6.12682318],[1.84292414],[9.08628506]
[6.33500375],[1.94652629],[9.90352776]
[6.78125038],[2.06451789],[10.9087629]
[7.08607178],[2.15225781],[11.77973135]
[7.49251149],[2.24391868],[12.64946232]
[7.91379684],[2.30538164],[13.64879703]
[8.32795823],[2.37052684],[14.59103303]
[8.68605045],[2.41069104],[15.54515139]
[8.9736412],[2.47560056],[16.59153773]
[9.22703279],[2.56013223],[17.65049857]
[9.55569903],[2.65484428],[18.68487285]
[9.79746025],[2.7572484],[19.97456301]
[10.07951999],[2.83290126],[21.22336257]
[10.35802008],[2.91160248],[22.68574378]
[10.64924032],[2.96821976],[23.89971139]
[10.85902704],[3.02558837],[25.24220467]
[11.20968461],[3.07219847],[26.45062494]
[11.47513353],[3.12531146],[27.69269291]
[11.72348965],[3.15286131],[28.94142088]
[11.93396649],[3.19264806],[30.20957678]
[12.18668374],[3.21882404],[31.4594029]
[12.40310647],[3.25561439],[32.80257635]
[12.75983771],[3.27809262],[34.05476134]
[13.11076805],[3.31928231],[35.41690587]
[13.25499017],[3.34717216],[36.56547689]
[13.56242116],[3.39150162],[37.78982232]
[13.72857754],[3.42818612],[38.72485329]
[13.90119761],[3.46521879],[39.5257334]
[14.04865959],[3.48993203],[40.1121305]
[14.07856699],[3.48973323],[40.55408455]
[14.20131216],[3.48745976],[40.96151424]
[14.25775888],[3.48414382],[41.13474415]
[14.34520253],[3.47627628],[41.31272271]
[14.37056328],[3.44352743],[41.26730927]
[14.36165769],[3.43003725],[41.2055698]
[14.35302237],[3.40354459],[40.91869675]
[14.3462206],[3.39184159],[40.66744997]
[14.34287829],[3.35182349],[40.29548479]
[14.34556831],[3.30622146],[40.01258465]
[14.3505303],[3.2576383],[39.60101031]
[14.34665298],[3.20406479],[39.19117347]
[14.35527639],[3.15000925],[38.69332664]
[14.33555542],[3.10902852],[38.19811787]
[14.3344948],[3.07763953],[37.65149442]
[14.33092934],[3.04524273],[36.9924526]
[14.33153016],[3.0143215],[36.35187389]
[14.05957569],[2.98242918],[35.27145452]
[13.30816311],[2.94698726],[32.90918985]
[12.45231794],[2.89809487],[30.25372173]
[11.47560251],[2.84297653],[27.41488629]
[2.53641452],[1.23485471],[2.59131075]
[3.3239929],[1.47735474],[4.19946761]
[4.10132746],[1.64669191],[5.86759662]
[4.83991188],[1.73867992],[7.23966638]
[5.61371594],[1.82032351],[8.65657532]
[6.25654054],[1.9084598],[9.50615765]
[6.49068747],[2.00371935],[10.42008146]
[6.93819656],[2.11659675],[11.44532932]
[7.30027793],[2.21265834],[12.32517126]
[7.75549336],[2.289107],[13.34043578]
[8.17411371],[2.36077695],[14.31679955]
[8.6051555],[2.41446414],[15.3057773]
[8.90737704],[2.48652086],[16.43170407]
[9.22382183],[2.55652136],[17.4810791]
[9.4449824],[2.67276744],[18.66297731]
[9.7588576],[2.756961],[19.88839186]
[10.02616711],[2.84550602],[21.24243016]
[10.301676],[2.91355767],[22.58362069]
[10.56045598],[2.98313742],[23.99413411]
[10.88374806],[3.0348723],[25.25794768]
[11.10139731],[3.09034768],[26.52743548]
[11.43507905],[3.1569683],[27.848851]
[11.7537048],[3.21733462],[29.27025956]
[12.04480568],[3.24316895],[30.54540768]
[12.22242147],[3.28339663],[31.89310323]
[12.50447643],[3.32305532],[33.34293115]
[12.70751296],[3.38027906],[34.78104881]
[13.05341648],[3.43527675],[36.19969626]
[13.48806416],[3.49096171],[37.68958274]
[13.63208494],[3.52117513],[38.89231162]
[13.91102562],[3.55791071],[40.11228311]
[14.10401542],[3.5861891],[41.21705564]
[14.2799813],[3.61454106],[42.08985887]
[14.42787923],[3.63103512],[42.77766042]
[14.51379634],[3.6385349],[43.2604274]
[14.59001874],[3.63789882],[43.73940654]
[14.6883302],[3.63342015],[44.02216388]
[14.74683895],[3.62062396],[44.24995507]
[14.85057516],[3.58789565],[44.31720148]
[14.81156291],[3.5568434],[44.27526185]
[14.84970261],[3.54381165],[44.06715463]
[14.81721079],[3.52019676],[43.70137047]
[14.85589141],[3.48458408],[43.2811596]
[14.83785769],[3.43993691],[42.87833937]
[14.87568105],[3.39747117],[42.51578115]
[14.86458221],[3.35434777],[42.05891716]
[14.89392412],[3.30946526],[41.61680158]
[14.89327608],[3.26972308],[41.05827937]
[14.88509948],[3.23048344],[40.50102985]
[14.89269252],[3.18765959],[39.86111543]
[14.90001444],[3.14624228],[39.2293437]
[14.60792131],[3.10329085],[38.09654985]
[13.8796822],[3.06132651],[35.64870623]
[13.1221598],[3.02652179],[32.93265798]
[12.11888885],[2.97278917],[30.01205983]
[2.54060549],[1.27286604],[2.6461109]
[3.32677928],[1.52710205],[4.3343812]
[4.10475939],[1.68404009],[6.03570952]
[4.84480392],[1.77720807],[7.44242445]
[5.61606473],[1.84637606],[8.89457797]
[6.33494437],[1.96495294],[9.92816152]
[6.67838626],[2.06242688],[10.92443356]
[7.07480804],[2.16467929],[11.95003504]
[7.502476],[2.27144135],[12.8752344]
[7.96925666],[2.33620631],[13.94849453]
[8.40237175],[2.41438271],[14.94720984]
[8.80751264],[2.48116108],[16.06087599]
[9.10218145],[2.56685466],[17.28236771]
[9.43310808],[2.65966787],[18.38911389]
[9.65633032],[2.76651221],[19.81514692]
[9.94241871],[2.8410367],[21.04343798]
[10.22243562],[2.91774131],[22.50365142]
[10.50870469],[2.9789892],[23.84192721]
[10.74398975],[3.04027244],[25.23340359]
[11.08035121],[3.08761767],[26.48420824]
[11.33864721],[3.16506534],[27.80826461]
[11.6445392],[3.23027839],[29.2359891]
[11.97963483],[3.29395006],[30.67133248]
[12.34923751],[3.3457716],[32.07997128]
[12.52165796],[3.41168359],[33.62116624]
[12.79062832],[3.46924916],[35.21620123]
[13.02142778],[3.52726952],[36.72751326]
[13.32119389],[3.57378306],[38.1223443]
[13.75580748],[3.61791487],[39.69079394]
[13.98816627],[3.6512863],[40.93275629]
[14.22753682],[3.69647717],[42.28069381]
[14.4183124],[3.73138017],[43.49304303]
[14.63564861],[3.75786348],[44.50751207]
[14.78257509],[3.77107175],[45.41546375]
[14.91841851],[3.78310536],[46.0536044]
[15.03105963],[3.77995105],[46.61451939]
[15.19236297],[3.77484559],[47.05875164]
[15.36155479],[3.75841368],[47.37602858]
[15.4792666],[3.7279534],[47.72755106]
[15.50775357],[3.70007308],[47.792545]
[15.45721183],[3.68690408],[47.73056089]
[15.49847614],[3.66864937],[47.37750142]
[15.47145903],[3.63813937],[46.92316879]
[15.51598927],[3.59162612],[46.38101466]
[15.49545693],[3.54136849],[45.93345234]
[15.53743512],[3.48974948],[45.41563297]
[15.51899577],[3.43953628],[44.91661379]
[15.55709564],[3.39664878],[44.39451019]
[15.54774815],[3.36198716],[43.78546976]
[15.54928765],[3.32475508],[43.13943641]
[15.55760138],[3.28780049],[42.43941455]
[15.26356285],[3.2511554],[41.21880487]
[14.53580734],[3.21161733],[38.79418613]
[13.80915629],[3.17261972],[36.03785392]
[13.07292377],[3.13369653],[33.12477238]
[2.55065716],[1.34679638],[2.78256173]
[3.33297454],[1.57538429],[4.48417095]
[4.10871635],[1.72302059],[6.22499717]
[4.85119143],[1.80714572],[7.65326257]
[5.64504323],[1.87326222],[9.22319633]
[6.3588303],[2.03041998],[10.52494239]
[6.87984775],[2.14202991],[11.53708453]
[7.28198364],[2.23186176],[12.5354026]
[7.72233238],[2.33525517],[13.62197921]
[8.18910758],[2.40077483],[14.62358475]
[8.64453684],[2.46556323],[15.66989629]
[9.01260557],[2.56134063],[16.95367547]
[9.30433125],[2.67641324],[18.24115403]
[9.62931949],[2.75850116],[19.49588209]
[9.88236324],[2.84990846],[21.07642626]
[10.14013507],[2.91639747],[22.37048501]
[10.41871397],[2.98313954],[23.85444481]
[10.73032963],[3.0385734],[25.18183926]
[10.94587927],[3.09634484],[26.51896493]
[11.2949077],[3.16133575],[27.8342619]
[11.60002545],[3.23711258],[29.25913515]
[11.93188026],[3.30775047],[30.72129124]
[12.22734877],[3.38383768],[32.2530733]
[12.60839503],[3.45705765],[33.84920953]
[12.86093014],[3.52196595],[35.43515151]
[13.09170647],[3.56999704],[37.04381511]
[13.36378253],[3.62674977],[38.55149201]
[13.65877373],[3.678862],[40.06019569]
[14.06732562],[3.73452561],[41.65359845]
[14.32437694],[3.77189456],[43.07646591]
[14.61810306],[3.83970274],[44.52474838]
[14.76044106],[3.86311988],[45.88395401]
[15.03412085],[3.88675365],[47.13101199]
[15.29855265],[3.90235866],[48.17242791]
[15.52250286],[3.90424494],[49.24157453]
[15.72559748],[3.90381139],[50.05868633]
[15.85127149],[3.8943642],[50.68690225]
[16.00297851],[3.8730245],[51.16529602]
[16.16914139],[3.83911737],[51.52158164]
[16.19116682],[3.83546714],[51.92746333]
[16.21817319],[3.82605715],[52.05452012]
[16.15294786],[3.81556523],[52.00231287]
[16.19722236],[3.80312145],[51.60474343]
[16.14602555],[3.7804809],[50.96309337]
[16.21157009],[3.72547514],[50.17139936]
[16.17099685],[3.65235626],[49.51082242]
[16.24655078],[3.57890109],[48.8939014]
[16.22129593],[3.52828987],[48.29097796]
[16.27987116],[3.48279191],[47.59725318]
[16.26737416],[3.43849301],[46.81608004]
[16.27394871],[3.40469918],[46.10161931]
[15.95869103],[3.37173274],[44.76263452]
[15.2389278],[3.33634694],[42.2441873]
[14.52433432],[3.30124456],[39.49383221]
[13.80753724],[3.26515156],[36.39475231]
[2.55998952],[1.41822261],[3.0460081]
[3.33978819],[1.61942765],[4.62510547]
[4.11240097],[1.75617887],[6.39212487]
[4.85713916],[1.83181179],[7.86832635]
[5.69197435],[1.93257748],[9.57079337]
[6.36473047],[2.08504918],[11.04871315]
[7.08191724],[2.20918145],[12.0844413]
[7.52878482],[2.29497481],[13.19223073]
[7.94798696],[2.39611037],[14.29243134]
[8.408867],[2.45788438],[15.31131179]
[8.82457442],[2.54870918],[16.55293646]
[9.21148808],[2.67613046],[17.90426897]
[9.50552288],[2.77913867],[19.33378931]
[9.82486912],[2.85133682],[20.71658247]
[10.10925386],[2.92859153],[22.32133373]
[10.36236406],[2.98708167],[23.7196375]
[10.63821625],[3.04457896],[25.16535872]
[10.94553054],[3.09496729],[26.53712742]
[11.19272641],[3.17275241],[27.89276853]
[11.52281956],[3.23633022],[29.34657058]
[11.85243132],[3.31456599],[30.7903769]
[12.21906351],[3.37490364],[32.31690535]
[12.4865254],[3.49262523],[33.99794074]
[12.85610553],[3.56128219],[35.63282393]
[13.19137528],[3.62722773],[37.30882392]
[13.42447442],[3.67866511],[38.94022051]
[13.67974681],[3.73919174],[40.58691212]
[14.00635626],[3.78825189],[42.13172875]
[14.3799885],[3.85772503],[43.80565103]
[14.63800335],[3.90091908],[45.33298642]
[14.99702678],[3.9613362],[46.92628718]
[15.15803239],[3.97558784],[48.38352096]
[15.47791826],[3.99549519],[49.91727514]
[15.86217504],[4.00683225],[51.45476342]
[16.14160038],[4.00581186],[52.69357783]
[16.36963682],[4.00404996],[53.90392906]
[16.56593414],[4.00185131],[54.79068023]
[16.71802962],[3.98140524],[55.52011774]
[16.90083424],[3.98586879],[56.14747462]
[17.11799685],[3.99955904],[56.58296562]
[17.07838962],[4.01175982],[56.95103864]
[17.10338346],[4.00555026],[57.10359285]
[17.07593227],[3.99883337],[57.1327526]
[17.12025833],[3.9868453],[56.67669802]
[17.09725878],[3.93804887],[56.08247735]
[17.13734024],[3.85998057],[55.30968708]
[17.11919659],[3.78353622],[54.55572641]
[17.16953184],[3.70757503],[53.75368155]
[17.16617752],[3.62979825],[53.00333477]
[17.21103868],[3.56943338],[52.17283908]
[17.2252715],[3.52420219],[51.06019551]
[16.86387382],[3.48249944],[49.46334315]
[16.15372872],[3.44375025],[46.7512597]
[15.4424726],[3.41184655],[43.76785833]
[14.73184295],[3.37886423],[40.55135804]
[5.0426126],[1.12596899],[5.26741392]
[3.34571419],[1.30739741],[3.76415635]
[4.11527637],[1.42164971],[5.39753697]
[4.87865794],[1.52932137],[6.78414158]
[5.74930793],[1.7769394],[8.60472581]
[6.40224788],[1.87906648],[10.07333843]
[7.12815388],[1.96794359],[11.1461748]
[7.78936575],[2.04077859],[12.303164]
[8.20911838],[2.11757279],[13.33320762]
[8.63936647],[2.20677901],[14.39287826]
[9.00980359],[2.35012401],[15.7799055]
[9.4137618],[2.48560557],[17.05809894]
[9.70868159],[2.59948556],[18.64961438]
[10.02583204],[2.66718115],[19.95083594]
[10.31261971],[2.73275047],[21.64737564]
[10.61048666],[2.77615688],[22.93911286]
[10.92558328],[2.83882269],[24.43425483]
[11.25864893],[2.90417456],[25.82717883]
[11.47208618],[2.976039],[27.24204652]
[11.79336166],[3.03974776],[28.67217951]
[12.10529518],[3.16681365],[30.18794377]
[12.49624104],[3.27239918],[31.86113485]
[12.77958621],[3.36117272],[33.5233886]
[13.10841188],[3.44172601],[35.19348167]
[13.43442882],[3.50319257],[36.87460746]
[13.75652621],[3.55825633],[38.64720582]
[13.99525348],[3.60774429],[40.25807673]
[14.34793738],[3.65015624],[41.84124691]
[14.71739648],[3.69506088],[43.56681886]
[14.95267621],[3.72935685],[45.16116751]
[15.34630281],[3.77476211],[46.86037275]
[15.65179015],[3.81475896],[48.507814]
[15.98204487],[3.84663156],[50.27318626]
[16.34201125],[3.89081078],[52.18707429]
[16.71984096],[3.92592825],[54.03356909]
[17.07435122],[3.96593588],[55.58226222]
[17.29673149],[4.00078906],[56.788309]
[17.54238772],[4.03132003],[57.75111653]
[17.79265879],[4.06514648],[58.62486643]
[17.99293534],[4.08916398],[59.342884]
[18.15610319],[4.10126516],[59.88041219]
[18.16424722],[4.1009607],[60.27730517]
[18.1708988],[4.09321291],[60.55646945]
[18.18491602],[4.0726587],[60.54011568]
[18.18554483],[4.03485975],[60.18165779]
[18.20801018],[3.97216374],[59.39258346]
[18.20394455],[3.9086974],[58.5922797]
[18.22992922],[3.83596424],[57.6748924]
[18.21519881],[3.7528757],[56.72214215]
[18.25285522],[3.67489654],[55.66566142]
[18.23712293],[3.6046652],[54.71392381]
[17.87139648],[3.54109749],[53.01341288]
[17.11381579],[3.48068889],[50.20446372]
[16.40257474],[3.4396767],[47.29395241]
[15.68123253],[3.40061766],[44.19561835]
[8.37697626],[1.33091476],[10.92745951]
[4.67320764],[0.95844846],[4.92453498]
[4.06573472],[0.67774237],[2.38643429]
[4.90317755],[0.82750633],[3.21871404]
[5.78177489],[1.0596794],[4.59489554]
[6.4994321],[1.15749045],[5.51319111]
[6.94611926],[1.24418225],[6.25659776]
[7.33280849],[1.31361529],[7.05212973]
[7.80945274],[1.39356485],[7.75817519]
[8.29757037],[1.49928207],[8.66658381]
[8.72377084],[1.68115929],[9.82432577]
[9.21046373],[1.79647893],[10.88745173]
[9.63086154],[1.89767489],[12.21753689]
[10.07599405],[1.95982928],[13.31787568]
[10.49997921],[2.01629516],[14.7053093]
[10.85975837],[2.06707478],[15.87120563]
[11.16519686],[2.14300034],[17.17291]
[11.51702446],[2.20652263],[18.451333]
[11.76382578],[2.27835333],[19.71453031]
[12.05461688],[2.39404818],[20.93640949]
[12.36783354],[2.5152381],[22.37431326]
[12.7324154],[2.59233103],[23.81330639]
[12.98505265],[2.70133832],[25.35670833]
[13.33504255],[2.78025975],[26.84573126]
[13.64172804],[2.84787944],[28.39880203]
[13.99379239],[2.89608114],[29.92328402]
[14.26373594],[2.93825052],[31.44120713]
[14.61692911],[2.98381513],[32.85979313]
[15.01762586],[3.02902754],[34.47793435]
[15.26619318],[3.07815704],[35.94991214]
[15.68094425],[3.14223591],[37.6121129]
[16.06701985],[3.18749575],[39.31258466]
[16.47650386],[3.23023086],[41.078977]
[16.80230175],[3.27324051],[42.94908016]
[17.09958918],[3.31024149],[44.67989229]
[17.56813513],[3.35259816],[46.41546431]
[18.0258908],[3.39127623],[47.97250438]
[18.33163915],[3.42922036],[49.11733066]
[18.55566594],[3.46526333],[50.17910041]
[18.8173192],[3.49327272],[51.06407287]
[19.04044726],[3.51048479],[51.74959336]
[19.14115164],[3.52385028],[52.3009314]
[19.17706944],[3.53123584],[52.6222123]
[19.11588589],[3.53771404],[52.74508055]
[19.15401442],[3.51143187],[52.56587982]
[19.0859026],[3.472905],[52.09434329]
[19.11909866],[3.41762252],[51.22891328]
[19.06847514],[3.3424929],[50.33255549]
[19.09278993],[3.23709736],[49.3102551]
[19.03786063],[3.13473253],[48.30622117]
[19.06831084],[3.0625477],[46.87623209]
[18.63136044],[2.98274338],[45.19869223]
[17.94863032],[2.90376566],[42.86126433]
[17.20214395],[2.83738527],[40.41039947]
[16.49180899],[2.77557035],[37.64256181]
