meltWidth,meltDepth,meltArea
[0.15743443],[0.05091424],[0.00382801]
[1.21202971],[0.23699796],[0.21565674]
[1.39854267],[0.34524417],[0.28805661]
[1.43780676],[0.36817631],[0.34700604]
[1.5637462],[0.38917511],[0.36743511]
[1.55428204],[0.40684714],[0.41737443]
[1.72532349],[0.42747669],[0.45237278]
[1.65738855],[0.43036631],[0.48510642]
[1.81477161],[0.43160623],[0.49775608]
[1.67166199],[0.42375617],[0.48617088]
[1.77999953],[0.4104357],[0.48428414]
[1.62821933],[0.39913057],[0.46251711]
[1.71704492],[0.38382707],[0.45249449]
[1.59659912],[0.3792807],[0.43879164]
[1.68325198],[0.35892206],[0.42979184]
[1.61484082],[0.37263284],[0.43220286]
[1.73646054],[0.35855591],[0.44217324]
[1.6937466],[0.37282107],[0.44729843]
[1.82903188],[0.36002524],[0.45994799]
[1.78872537],[0.37166261],[0.46317152]
[1.92488257],[0.36297343],[0.48109998]
[1.89769825],[0.37370343],[0.49112039]
[1.9983506],[0.3662111],[0.50455053]
[1.95517176],[0.37399821],[0.50865795]
[2.06216104],[0.36783026],[0.52678835]
[2.03511965],[0.37612129],[0.54121027]
[2.12258452],[0.36683782],[0.55197687]
[2.08272324],[0.37730496],[0.56130025]
[2.14840782],[0.36500335],[0.56708424]
[2.12835522],[0.37563392],[0.57047617]
[2.13954037],[0.36849533],[0.57618849]
[2.13028366],[0.36742236],[0.56519311]
[2.11721622],[0.36673783],[0.56285449]
[2.11797718],[0.36508475],[0.56081684]
[2.11758398],[0.36517134],[0.5610614]
[2.11486336],[0.36460375],[0.56146889]
[2.11532564],[0.36309849],[0.55938765]
[2.11464617],[0.36427232],[0.56039483]
[2.11799725],[0.36442191],[0.56195861]
[2.12083896],[0.36369248],[0.56338687]
[2.11669147],[0.36438509],[0.56424105]
[2.11620217],[0.36687361],[0.56763528]
[2.11452208],[0.3688425],[0.57108886]
[2.11251301],[0.37152586],[0.57171884]
[2.11020574],[0.37414589],[0.57416817]
[2.11043063],[0.37685919],[0.57785002]
[2.11021471],[0.37938907],[0.57956798]
[2.11443876],[0.38787209],[0.58361989]
[2.11845758],[0.39296205],[0.58999406]
[2.12758185],[0.3965652],[0.59966979]
[2.14439521],[0.40073129],[0.6087004]
[2.15787373],[0.40187985],[0.61698376]
[1.89858951],[0.40325643],[0.56925604]
[0.],[0.],[0.]
[0.],[0.],[0.]
[0.84920427],[0.12459722],[0.05167525]
[1.38679683],[0.40806312],[0.39670726]
[1.52740915],[0.45054297],[0.50070794]
[1.57559697],[0.50786799],[0.57209564]
[1.71864685],[0.5182415],[0.63554685]
[1.74913844],[0.56780045],[0.69834575]
[1.98151803],[0.58262832],[0.79735817]
[2.07882765],[0.60861594],[0.87918738]
[2.16001532],[0.60513466],[0.92397588]
[2.16666073],[0.62397558],[0.94921008]
[2.2175113],[0.62181113],[0.98384117]
[2.22525705],[0.64360121],[1.01574476]
[2.26197676],[0.64650627],[1.0436731]
[2.2764561],[0.66284779],[1.07820368]
[2.31638423],[0.67163748],[1.12776214]
[2.33725448],[0.68404908],[1.16183085]
[2.37074388],[0.67629173],[1.19035196]
[2.38229649],[0.69858545],[1.22424469]
[2.40828592],[0.6892835],[1.24107022]
[2.40597196],[0.71470931],[1.26656999]
[2.42671353],[0.69839871],[1.26831054]
[2.4163741],[0.72757919],[1.29259901]
[2.43308519],[0.70735507],[1.28909982]
[2.44207078],[0.73595537],[1.31462924]
[2.44117808],[0.71484626],[1.30282178]
[2.43397608],[0.74796105],[1.3283353]
[2.44687707],[0.72096271],[1.31390727]
[2.43454689],[0.75685929],[1.33724547]
[2.44946019],[0.72619786],[1.32152308]
[2.45699465],[0.7578075],[1.34616143]
[2.45145343],[0.74430932],[1.34117577]
[2.45845926],[0.7455088],[1.33865091]
[2.44795194],[0.74652271],[1.3361731]
[2.44775401],[0.74497984],[1.3338881]
[2.44748999],[0.74857748],[1.33658136]
[2.44541061],[0.74957639],[1.33786331]
[2.44644359],[0.748037],[1.33640104]
[2.44797392],[0.75316258],[1.34240953]
[2.45049523],[0.7528127],[1.34422229]
[2.45025224],[0.74949157],[1.34085212]
[2.44954364],[0.73937197],[1.32986604]
[2.44882644],[0.73298505],[1.32428524]
[2.44567015],[0.72469472],[1.31758132]
[2.44422438],[0.71568596],[1.30864855]
[2.44156496],[0.71157594],[1.30337483]
[2.43899755],[0.70630159],[1.29743902]
[2.43353193],[0.70063829],[1.28905027]
[2.43352391],[0.69404677],[1.27973748]
[2.43524004],[0.68935719],[1.27470059]
[2.43344193],[0.685609],[1.26806366]
[2.43530823],[0.68181671],[1.25849161]
[2.43370492],[0.67928629],[1.24827475]
[2.17044649],[0.67604201],[1.1605763]
[0.],[0.],[0.]
[0.],[0.],[0.]
[1.04635335],[0.18365431],[0.1040941]
[1.4585486],[0.4471159],[0.44362835]
[1.64478109],[0.47958771],[0.5515771]
[1.7348921],[0.5353825],[0.63581001]
[2.03005985],[0.5487457],[0.76681779]
[2.10500685],[0.61127102],[0.86720544]
[2.28672438],[0.62605551],[0.98108956]
[2.34056835],[0.6644034],[1.05688613]
[2.41394926],[0.67752707],[1.13469063]
[2.40063245],[0.69638234],[1.1725292]
[2.4583363],[0.70638978],[1.22390801]
[2.43210178],[0.7222471],[1.25281672]
[2.48951197],[0.72434361],[1.29387961]
[2.46254817],[0.75601568],[1.32523017]
[2.50982314],[0.75659605],[1.36319896]
[2.49209143],[0.78388705],[1.39396484]
[2.54623468],[0.78973401],[1.43951381]
[2.52856036],[0.81039349],[1.46113888]
[2.57937852],[0.81742351],[1.49272426]
[2.78815639],[0.8260891],[1.55379759]
[2.61231996],[0.83004581],[1.52805221]
[2.82757291],[0.83638678],[1.58830006]
[2.66481174],[0.84230068],[1.56049508]
[2.81641352],[0.84672739],[1.6048899]
[2.679018],[0.85264331],[1.58534988]
[2.79395001],[0.85437863],[1.61503304]
[2.68383208],[0.86060017],[1.60291832]
[2.7623418],[0.86168576],[1.61798768]
[2.6707063],[0.86855567],[1.6113398]
[2.75062787],[0.86342638],[1.6205818]
[2.68865511],[0.86825058],[1.61813323]
[2.74395101],[0.86828637],[1.62315979]
[2.68505286],[0.86832123],[1.60726844]
[2.67071619],[0.86853712],[1.60501356]
[2.66664451],[0.86807909],[1.60329151]
[2.65897797],[0.86800544],[1.60130548]
[2.65759603],[0.86890133],[1.6020585]
[2.66633255],[0.86983117],[1.60420093]
[2.67455753],[0.86647941],[1.60237199]
[2.69167306],[0.8605691],[1.59732824]
[2.70383206],[0.85438434],[1.58881074]
[2.71945137],[0.84675247],[1.58155356]
[2.72789551],[0.84001479],[1.5712337]
[2.7379746],[0.83369754],[1.55976204]
[2.74477626],[0.82568115],[1.54603316]
[2.74856679],[0.81854914],[1.53324151]
[2.75921737],[0.81150243],[1.52587705]
[2.76488052],[0.80506985],[1.51711366]
[2.76976101],[0.79707505],[1.50793447]
[2.76514045],[0.79011762],[1.49730304]
[2.76981465],[0.78356324],[1.49160996]
[2.77566171],[0.77768506],[1.48692655]
[2.48130317],[0.77427483],[1.38499653]
[0.],[0.],[0.]
[0.],[0.],[0.]
[1.03175679],[0.18965921],[0.09665274]
[1.45331238],[0.43385793],[0.43590287]
[1.70063231],[0.47840713],[0.56149271]
[1.86404409],[0.54912289],[0.67788487]
[2.16876711],[0.59348641],[0.86123822]
[2.28642757],[0.66749367],[1.02785792]
[2.46326107],[0.68970448],[1.18067953]
[2.46637214],[0.71869169],[1.25219227]
[2.53074123],[0.74937112],[1.33454058]
[2.50016262],[0.76669535],[1.36656317]
[2.55221126],[0.77272537],[1.41450341]
[2.52741662],[0.79700723],[1.44841326]
[2.58482035],[0.80598862],[1.50241541]
[2.57151951],[0.82628627],[1.5335994]
[2.61956325],[0.83954342],[1.57769704]
[2.68850366],[0.85427254],[1.59787828]
[2.72458831],[0.8666436],[1.63587468]
[2.86219541],[0.87226426],[1.67403745]
[2.93077309],[0.87973334],[1.70796632]
[3.01086893],[0.88094424],[1.72983881]
[3.0557248],[0.88931411],[1.74582955]
[3.08139944],[0.88917621],[1.76139522]
[3.07745237],[0.89744761],[1.77555956]
[3.0818105],[0.8963296],[1.78584959]
[3.07706028],[0.90353888],[1.79686621]
[3.07957239],[0.90363065],[1.81041938]
[3.07858271],[0.91096078],[1.82170065]
[3.08262536],[0.91048044],[1.8304416]
[3.08246568],[0.91484065],[1.83867988]
[3.09949968],[0.91115415],[1.84534158]
[3.1076202],[0.91305979],[1.84926494]
[3.09739373],[0.91314361],[1.84634446]
[3.09414316],[0.91322865],[1.83364192]
[3.05330586],[0.91336214],[1.82725777]
[3.04505527],[0.91338928],[1.82597619]
[3.03291304],[0.91346282],[1.82517442]
[3.02907882],[0.91486506],[1.82791672]
[3.03516729],[0.91585139],[1.83263599]
[3.03717177],[0.91429088],[1.83505991]
[3.0391859],[0.9115047],[1.83222544]
[3.03843191],[0.909451],[1.82401077]
[3.03782362],[0.90739304],[1.81581396]
[3.03125077],[0.90546787],[1.80532497]
[3.02369541],[0.8999388],[1.79018542]
[3.01250064],[0.89288093],[1.77389868]
[3.00135338],[0.88638613],[1.75934076]
[3.00257267],[0.8799081],[1.74292519]
[3.00127045],[0.87393574],[1.72641323]
[3.00000556],[0.86623091],[1.71029672]
[2.99334869],[0.85965776],[1.69248065]
[2.98691383],[0.85324909],[1.67531276]
[2.98663067],[0.84496463],[1.66037556]
[2.68001127],[0.83839917],[1.5390591]
[0.],[0.],[0.]
[0.],[0.],[0.]
[0.86163076],[0.19556905],[0.08298802]
[1.49484159],[0.46558377],[0.45864718]
[1.97916513],[0.56352705],[0.71788614]
[2.18798988],[0.63790732],[0.93800994]
[2.39075341],[0.69013069],[1.14590298]
[2.43188869],[0.76112532],[1.28116757]
[2.54695132],[0.78317721],[1.39757155]
[2.54230919],[0.80825887],[1.45931218]
[2.61359216],[0.82722428],[1.54348811]
[2.59331001],[0.84265867],[1.5776538]
[2.64884841],[0.85872314],[1.63754803]
[2.70742194],[0.86891627],[1.65795782]
[2.68572242],[0.88486022],[1.69238917]
[2.84250776],[0.89113082],[1.72630311]
[2.89110611],[0.90046422],[1.76855982]
[3.02239293],[0.90341411],[1.81490594]
[3.11018016],[0.91261398],[1.84666659]
[3.17687308],[0.91405376],[1.87020592]
[3.30802298],[0.92285132],[1.91599254]
[3.32676887],[0.92529204],[1.93056597]
[3.41573718],[0.93402821],[1.971019]
[3.37198755],[0.93484246],[1.9773238]
[3.42455311],[0.94254864],[2.01099194]
[3.37652768],[0.94214124],[2.01208161]
[3.43176267],[0.95034976],[2.04565828]
[3.37905496],[0.9487931],[2.04563094]
[3.42920817],[0.95771002],[2.07889573]
[3.38563987],[0.9546737],[2.07886474]
[3.43166201],[0.96117612],[2.10273059]
[3.40506924],[0.95542441],[2.10718733]
[3.4523308],[0.95820483],[2.1237848]
[3.41078238],[0.95818734],[2.10852072]
[3.44107112],[0.95817049],[2.10653361]
[3.39374889],[0.95839471],[2.09058518]
[3.38234511],[0.95815311],[2.08592886]
[3.36576219],[0.95805121],[2.0810819]
[3.35080065],[0.95872548],[2.07773689]
[3.34797045],[0.958313],[2.07577764]
[3.33951782],[0.95670482],[2.07109452]
[3.32486111],[0.95348208],[2.0626936]
[3.31548628],[0.95151367],[2.04961035]
[3.30304351],[0.9489322],[2.03606605]
[3.28827228],[0.946078],[2.02229754]
[3.27467039],[0.94338093],[2.00723338]
[3.25239106],[0.94072606],[1.99378072]
[3.22683321],[0.93850539],[1.97771329]
[3.19823703],[0.93633064],[1.95652763]
[3.16961584],[0.93422391],[1.93406645]
[3.16907999],[0.93095492],[1.91636164]
[3.16542101],[0.92540701],[1.89712161]
[3.14687992],[0.91971351],[1.87440593]
[3.13879686],[0.91216171],[1.85326645]
[2.81366744],[0.9056889],[1.70916114]
[0.],[0.],[0.]
[0.],[0.],[0.]
[0.64481573],[0.16646032],[0.05268317]
[1.72219688],[0.53929811],[0.55257757]
[2.22397304],[0.65360611],[0.95292419]
[2.35936364],[0.72447856],[1.16823001]
[2.51492402],[0.78606932],[1.36703486]
[2.52715756],[0.83303078],[1.47719243]
[2.63095117],[0.86324111],[1.59669564]
[2.67013985],[0.87638722],[1.6419916]
[2.72097],[0.90078824],[1.71013534]
[2.81472619],[0.90515769],[1.74165229]
[2.86439853],[0.91543627],[1.78074504]
[2.95941092],[0.91738554],[1.81776993]
[3.07913521],[0.92676026],[1.87780111]
[3.15896399],[0.93034083],[1.91724687]
[3.29428675],[0.93740048],[1.9715116]
[3.36472613],[0.93813446],[2.00651182]
[3.48601384],[0.94576937],[2.06648175]
[3.51011648],[0.94429305],[2.09738241]
[3.60059686],[0.95268764],[2.155957]
[3.63348487],[0.95210674],[2.17808708]
[3.681088],[0.96246436],[2.23567707]
[3.68698618],[0.95963778],[2.24962541]
[3.69196809],[0.96888851],[2.28972988]
[3.6892291],[0.96603474],[2.30835823]
[3.6978449],[0.97572595],[2.32652458]
[3.69203704],[0.97253217],[2.35465996]
[3.69293358],[0.98280558],[2.36216251]
[3.69443362],[0.97918435],[2.38937126]
[3.69705006],[0.98737872],[2.39157025]
[3.70985056],[0.98038983],[2.41377244]
[3.71856777],[0.98342954],[2.43288918]
[3.7149507],[0.9832553],[2.4165347]
[3.71147569],[0.98291935],[2.4175372]
[3.69733177],[0.98278686],[2.39624327]
[3.66888446],[0.98219006],[2.38783685]
[3.65628324],[0.98147098],[2.38148415]
[3.64140593],[0.98280625],[2.37537846]
[3.63619321],[0.98214899],[2.37205201]
[3.62870825],[0.98072789],[2.36589577]
[3.61365229],[0.97710153],[2.35269918]
[3.59987649],[0.97467244],[2.33134546]
[3.58863734],[0.97220604],[2.3072709]
[3.57269198],[0.97015379],[2.28246008]
[3.55641711],[0.96837484],[2.2478217]
[3.53193277],[0.966225],[2.22177557]
[3.49854375],[0.96428695],[2.1947307]
[3.4621573],[0.96238076],[2.16933646]
[3.42576934],[0.96070006],[2.141005]
[3.39106553],[0.95830207],[2.1153851]
[3.34843926],[0.95606108],[2.0906146]
[3.30175528],[0.95363191],[2.06429671]
[3.26874147],[0.95033752],[2.04074607]
[2.91015168],[0.94728811],[1.87266134]
[0.],[0.],[0.]
[0.],[0.],[0.]
[1.30438755],[0.32236501],[0.20839055]
[2.15235403],[0.60413352],[0.86154921]
[2.41149496],[0.72648672],[1.1936662]
[2.46543525],[0.7782282],[1.34286554]
[2.59146494],[0.83285798],[1.50610683]
[2.57448754],[0.87484953],[1.58763744]
[2.67405579],[0.89698292],[1.69151403]
[2.86778547],[0.90722217],[1.75108287]
[2.97769152],[0.92043561],[1.81362946]
[3.05828454],[0.925582],[1.86532761]
[3.20010227],[0.93332231],[1.93928174]
[3.24993562],[0.93844508],[1.98227426]
[3.41887789],[0.94584771],[2.05286287]
[3.47720088],[0.95156877],[2.09992836]
[3.58924025],[0.95854866],[2.17652461]
[3.63557402],[0.95730148],[2.21011758]
[3.72775302],[0.96521632],[2.28840867]
[3.78597058],[0.96275071],[2.32965439]
[3.83652474],[0.97169887],[2.38908888]
[3.89857528],[0.97167485],[2.43047025]
[3.90512531],[0.98047691],[2.47906074]
[3.94708556],[0.97870372],[2.558447]
[3.91787995],[0.9872731],[2.5553257]
[3.94465843],[0.98528059],[2.67191443]
[3.92224151],[0.99434371],[2.61050932]
[3.95050825],[0.99211437],[2.76212608]
[3.91602893],[1.00154703],[2.68126704]
[3.9481312],[0.99905237],[2.83080329]
[3.91651983],[1.01068721],[2.75399556]
[3.95899479],[1.01206303],[2.87851946]
[3.93477785],[1.01766668],[2.85169153]
[3.96611395],[1.01399939],[2.89270278]
[3.93533923],[1.01379289],[2.85777072]
[3.94910506],[1.01206822],[2.83658589]
[3.90659323],[1.01175868],[2.82899462]
[3.89404319],[1.01382551],[2.82725427]
[3.88004567],[1.01413576],[2.82421581]
[3.87411467],[1.01507488],[2.82375502]
[3.87089204],[1.01686141],[2.82033866]
[3.85641793],[1.01023326],[2.81429314]
[3.84162799],[0.9954206],[2.77790768]
[3.83230604],[0.99281322],[2.71060333]
[3.816768],[0.99052145],[2.63583636]
[3.79806655],[0.98853882],[2.56831604]
[3.78117244],[0.98573961],[2.51118205]
[3.75527309],[0.98325373],[2.45411055]
[3.72106727],[0.98077541],[2.41412241]
[3.68334887],[0.97811187],[2.37545008]
[3.65300645],[0.97500924],[2.34162355]
[3.61436077],[0.97227442],[2.30691017]
[3.56667671],[0.96994662],[2.26157486]
[3.52938007],[0.96741572],[2.2281]
[3.13874288],[0.96520997],[2.03737246]
[0.],[0.],[0.]
[0.],[0.],[0.]
[1.57600157],[0.43221031],[0.40764065]
[2.29220832],[0.67016328],[1.04165856]
[2.50090428],[0.77213546],[1.32021189]
[2.52041407],[0.81908982],[1.44421343]
[2.64620482],[0.85655652],[1.59537063]
[2.6645435],[0.89417079],[1.66810847]
[2.89475565],[0.90819492],[1.77918238]
[3.06525971],[0.91942318],[1.84844644]
[3.29136258],[0.93472173],[1.95086056]
[3.34049183],[0.94183645],[2.02471839]
[3.51925017],[0.94973978],[2.12760458]
[3.55587647],[0.95369312],[2.17274847]
[3.68582755],[0.96166198],[2.26577645]
[3.74821793],[0.96625951],[2.31499764]
[3.84167199],[0.97381136],[2.39494064]
[3.91026735],[0.97741975],[2.48467127]
[3.95731064],[0.98391857],[2.51206988]
[4.05050313],[0.98409663],[2.63271116]
[4.06328655],[0.9922398],[2.62030261]
[4.13742479],[0.99324358],[2.78638986]
[4.11551391],[1.00115586],[2.8050913]
[4.1826082],[1.000088],[2.93512775]
[4.12747709],[1.0081414],[2.94787047]
[4.17736226],[1.01491119],[3.03183561]
[4.13080769],[1.03159962],[3.03798709]
[4.18198882],[1.04709253],[3.12161573]
[4.12138662],[1.06225015],[3.11044852]
[4.17673386],[1.07523162],[3.19284062]
[4.12080528],[1.09065524],[3.17153408]
[4.18883265],[1.09358281],[3.23896364]
[4.13961497],[1.09659746],[3.23565833]
[4.19358246],[1.09551863],[3.25731208]
[4.1415888],[1.09601991],[3.23991501]
[4.17760294],[1.09532191],[3.22989687]
[4.12466663],[1.09555639],[3.21515296]
[4.1128785],[1.09713388],[3.21286142]
[4.0995398],[1.09698606],[3.20665774]
[4.09250236],[1.09731391],[3.20260948]
[4.09269125],[1.09873497],[3.19710163]
[4.08152548],[1.09256883],[3.18365228]
[4.06534171],[1.07784639],[3.15157484]
[4.05784646],[1.06309158],[3.11503483]
[4.04174754],[1.04900126],[3.07197892]
[4.02380873],[1.03299843],[3.0207593]
[4.00955642],[1.01888134],[2.96991971]
[3.99288906],[1.00513006],[2.91570504]
[3.9573563],[0.99786895],[2.86362823]
[3.91889986],[0.99526122],[2.78428688]
[3.89054623],[0.99232674],[2.71061519]
[3.85500219],[0.98971338],[2.6414695]
[3.81155606],[0.98738767],[2.56710439]
[3.77716495],[0.98465925],[2.50709613]
[3.3808316],[0.98193736],[2.28650781]
[0.],[0.],[0.]
[0.],[0.],[0.]
[1.66698543],[0.49311329],[0.58661978]
[2.37568141],[0.71672768],[1.19498655]
[2.54611942],[0.79415894],[1.42547926]
[2.54995025],[0.83804643],[1.5311209]
[2.6647225],[0.87473921],[1.66970656]
[2.81041263],[0.91131559],[1.75310354]
[3.06396642],[0.92463843],[1.87642557]
[3.21722734],[0.93966352],[1.97028581]
[3.47802149],[0.95647184],[2.09539676]
[3.54071124],[0.9600301],[2.18007574]
[3.70558247],[0.9680454],[2.30074695]
[3.78596399],[0.97453764],[2.36753239]
[3.88030895],[0.98213319],[2.45111077]
[4.00366489],[0.9890085],[2.54649132]
[4.03616933],[0.99661942],[2.58126544]
[4.15170679],[1.0019474],[2.72702013]
[4.16096275],[1.01037036],[2.72690362]
[4.27321882],[1.01161746],[2.907274]
[4.27677452],[1.02152035],[2.94713775]
[4.33776594],[1.02206347],[3.10385736]
[4.33127234],[1.04858455],[3.17290188]
[4.38396365],[1.0681829],[3.26824468]
[4.35380553],[1.0865898],[3.28413576]
[4.3854163],[1.09965924],[3.36128513]
[4.35458036],[1.11588845],[3.37126837]
[4.38968983],[1.1300286],[3.44964407]
[4.34619136],[1.14458566],[3.44805715]
[4.38376781],[1.15686843],[3.51777969]
[4.34445512],[1.17082626],[3.52052553]
[4.39502318],[1.1756013],[3.57889253]
[4.37537881],[1.17659716],[3.5827872]
[4.39811811],[1.17639175],[3.61856238]
[4.37954922],[1.17644103],[3.59864972]
[4.38875698],[1.17576384],[3.60536561]
[4.36586483],[1.17582274],[3.5853389]
[4.34070859],[1.17706653],[3.58326258]
[4.33028283],[1.17683511],[3.58142931]
[4.3260315],[1.17688084],[3.58033354]
[4.32661131],[1.176394],[3.5759892]
[4.31771063],[1.16994049],[3.55742572]
[4.3012937],[1.15779146],[3.52267138]
[4.2936485],[1.1438549],[3.48569623]
[4.28116582],[1.1299602],[3.44561937]
[4.26385579],[1.11469373],[3.39708181]
[4.25172141],[1.10080622],[3.35357694]
[4.2443147],[1.08733202],[3.31072565]
[4.21496221],[1.07362016],[3.26079162]
[4.17512752],[1.05877473],[3.20254028]
[4.14823652],[1.04516786],[3.15404806]
[4.11460981],[1.03206223],[3.1031369]
[4.0742023],[1.01702615],[3.04319312]
[4.04105445],[1.0088175],[2.98820084]
[3.64811975],[1.00557637],[2.75463758]
[0.],[0.],[0.]
[0.],[0.],[0.]
[1.7197265],[0.54887726],[0.70250736]
[2.42252876],[0.73135326],[1.26633934]
[2.58248634],[0.80962906],[1.48693412]
[2.58051922],[0.85402987],[1.59027501]
[2.74931718],[0.89148385],[1.73530465]
[2.95827001],[0.92658495],[1.84433471]
[3.23702369],[0.94432211],[1.99261317]
[3.37207952],[0.96021822],[2.10441909]
[3.63085959],[0.97304322],[2.25675125]
[3.71200926],[0.98029504],[2.35236156]
[3.86873259],[0.98804737],[2.49227923]
[3.95045428],[0.99417209],[2.5777617]
[4.04463279],[1.00222158],[2.63631716]
[4.14471039],[1.00830948],[2.78341562]
[4.16927791],[1.01765827],[2.81388186]
[4.26842268],[1.02271268],[3.00120152]
[4.30144834],[1.03215204],[3.06909751]
[4.39207704],[1.04593834],[3.21657869]
[4.42016563],[1.08016894],[3.29487805]
[4.45945599],[1.11364797],[3.41997126]
[4.47526102],[1.13609288],[3.48798833]
[4.5069181],[1.15404781],[3.56241004]
[4.50365132],[1.17174378],[3.60129246]
[4.51319605],[1.18420824],[3.65602519]
[4.51073193],[1.19927379],[3.68619388]
[4.52326022],[1.21199894],[3.7446567]
[4.51136273],[1.22519595],[3.76584165]
[4.52460135],[1.23632427],[3.82349542]
[4.51513044],[1.24848345],[3.84155354]
[4.5439745],[1.25334246],[3.89168475]
[4.54816124],[1.25453119],[3.90369389]
[4.55175521],[1.25369508],[3.93950824]
[4.55916799],[1.25358668],[3.9260673]
[4.55147586],[1.2527908],[3.93684094]
[4.55343217],[1.25258497],[3.91991362]
[4.52134999],[1.25353861],[3.9178858]
[4.51533729],[1.25298262],[3.91849127]
[4.51291827],[1.25276668],[3.91797147]
[4.51337966],[1.2505579],[3.91331736]
[4.5087486],[1.24513257],[3.8969989]
[4.49618935],[1.234786],[3.86319033]
[4.4891196],[1.22258155],[3.82846652]
[4.47807129],[1.20976459],[3.78588048]
[4.46212157],[1.19540756],[3.73448748]
[4.44956585],[1.18236414],[3.684321]
[4.43756933],[1.16966534],[3.63650826]
[4.414984],[1.15616679],[3.58399619]
[4.37600506],[1.14147251],[3.5217492]
[4.34382336],[1.12806527],[3.46877458]
[4.30818183],[1.11461357],[3.41483723]
[4.2665941],[1.09949923],[3.35491293]
[4.2319855],[1.0857803],[3.30154192]
[3.83308087],[1.07292648],[3.06667775]
[0.],[0.],[0.]
[0.],[0.],[0.]
[1.76881029],[0.60207375],[0.81277103]
[2.45470426],[0.74599655],[1.3196488]
[2.62465061],[0.82415397],[1.54918826]
[2.65265172],[0.86811598],[1.65310118]
[2.9271093],[0.90554325],[1.81527648]
[3.10584228],[0.94529886],[1.94204856]
[3.42248929],[0.96000583],[2.11289292]
[3.53973827],[0.97622332],[2.23549557]
[3.79710397],[0.9885495],[2.40414769]
[3.88968027],[0.99527433],[2.53810169]
[4.02680887],[1.00205982],[2.64987583]
[4.13515322],[1.00772883],[2.79327709]
[4.1878858],[1.01654761],[2.86257308]
[4.26393764],[1.02338224],[3.0318896]
[4.31099168],[1.03366468],[3.11454952]
[4.38941451],[1.05085179],[3.25305093]
[4.44568913],[1.0820435],[3.34399366]
[4.51037123],[1.11098564],[3.46821133]
[4.56262926],[1.1478491],[3.57126683]
[4.57631754],[1.17797654],[3.66805039]
[4.61227043],[1.19833999],[3.75242849]
[4.6207276],[1.21546512],[3.8128869]
[4.6380439],[1.23282525],[3.86019862]
[4.62294046],[1.24571267],[3.90798953]
[4.63586278],[1.26048659],[3.94663415]
[4.62380618],[1.2723673],[3.99104064]
[4.6258576],[1.28518234],[4.02425045]
[4.61536263],[1.2953519],[4.06744708]
[4.61714351],[1.30673547],[4.09628933]
[4.62665011],[1.31129104],[4.13453543]
[4.63643043],[1.31182358],[4.1477128]
[4.62462022],[1.31046508],[4.18181359]
[4.63661347],[1.309828],[4.16619855]
[4.61671284],[1.30856065],[4.17322951]
[4.62449775],[1.30813947],[4.15421368]
[4.58716669],[1.30869911],[4.14852669]
[4.5756004],[1.30772141],[4.14425797]
[4.56984422],[1.3071954],[4.13944559]
[4.56623667],[1.30399513],[4.13120651]
[4.55968901],[1.2987461],[4.11129329]
[4.54444728],[1.28953681],[4.07166855]
[4.53670465],[1.27649947],[4.03136796]
[4.52484551],[1.26325084],[3.98396205]
[4.50850651],[1.24902916],[3.92939962]
[4.49576452],[1.23514161],[3.87530777]
[4.4823222],[1.22140089],[3.82230833]
[4.46002462],[1.20765728],[3.76376644]
[4.42257118],[1.19274175],[3.69402048]
[4.38964337],[1.17913674],[3.63254639]
[4.35380279],[1.16591146],[3.57460342]
[4.31136116],[1.15151129],[3.51308217]
[4.27549783],[1.13970281],[3.45920033]
[3.87368778],[1.12759134],[3.21963034]
[0.],[0.],[0.]
[0.],[0.],[0.]
[1.8071714],[0.63022189],[0.89657598]
[2.48697241],[0.75956842],[1.36319672]
[2.66222315],[0.83796688],[1.59715554]
[2.77876295],[0.88029033],[1.71386281]
[3.09816225],[0.91915076],[1.89913633]
[3.24889382],[0.96086205],[2.04431664]
[3.58306714],[0.9737074],[2.23701102]
[3.70486843],[0.98886385],[2.37207027]
[3.9555197],[1.00099877],[2.55632606]
[4.05486894],[1.00639148],[2.71189913]
[4.18600572],[1.01571622],[2.86344549]
[4.23807745],[1.02084233],[3.02192409]
[4.30743063],[1.0313403],[3.13158882]
[4.36353509],[1.04951973],[3.2580616]
[4.42788743],[1.08283],[3.35408953]
[4.486733],[1.10682124],[3.47049138]
[4.55831527],[1.13590048],[3.575285]
[4.59699577],[1.16431644],[3.67863614]
[4.65583422],[1.20052369],[3.79554016]
[4.64084598],[1.22612305],[3.87258203]
[4.67721427],[1.2446589],[3.953775]
[4.66380754],[1.26063318],[4.00171212]
[4.68441973],[1.27704479],[4.04804816]
[4.65708752],[1.28951725],[4.0906384]
[4.67884591],[1.30294846],[4.13247116]
[4.65728359],[1.31410457],[4.17329915]
[4.67003114],[1.3248148],[4.20547995]
[4.64948204],[1.33341631],[4.24648432]
[4.66108439],[1.34450463],[4.27441205]
[4.66326799],[1.34838985],[4.31355328]
[4.67574469],[1.35100759],[4.33106869]
[4.65885646],[1.34753506],[4.36457039]
[4.67457693],[1.34672909],[4.36227624]
[4.65078574],[1.34500768],[4.35876285]
[4.66256526],[1.34466177],[4.34131356]
[4.62320103],[1.34573754],[4.33688578]
[4.61151302],[1.34430341],[4.3325219]
[4.60581774],[1.34348421],[4.32743995]
[4.60229554],[1.33908482],[4.31757382]
[4.59619338],[1.33397202],[4.29647041]
[4.58147631],[1.32582733],[4.25237232]
[4.57302917],[1.31388929],[4.20730007]
[4.56172654],[1.30168301],[4.15688996]
[4.54516094],[1.28834522],[4.10113949]
[4.53297964],[1.27573503],[4.04627618]
[4.5205288],[1.26280059],[3.99209226]
[4.50009219],[1.249284],[3.93084046]
[4.46525982],[1.23452976],[3.85686844]
[4.43002925],[1.22089394],[3.79154077]
[4.39388169],[1.20648676],[3.72438261]
[4.35099083],[1.19189449],[3.65282034]
[4.31505243],[1.17855968],[3.58871001]
[3.90919627],[1.16531961],[3.34322233]
[0.],[0.],[0.]
[0.],[0.],[0.]
[1.81624175],[0.64424983],[0.93824491]
[2.50712244],[0.77645798],[1.40526596]
[2.68854449],[0.85502006],[1.64679585]
[2.8984132],[0.89330542],[1.78518001]
[3.262617],[0.9411301],[2.00583276]
[3.3909879],[0.976608],[2.15430374]
[3.72302525],[0.99158627],[2.3664459]
[3.86431325],[1.00328405],[2.54080248]
[4.09495184],[1.01658387],[2.7136532]
[4.21856055],[1.02004351],[2.92870772]
[4.30350063],[1.03196716],[3.12227553]
[4.34640539],[1.05199236],[3.24628308]
[4.40618757],[1.07964708],[3.3492356]
[4.45014001],[1.10275918],[3.4627191]
[4.50839233],[1.13391338],[3.55701193]
[4.55232514],[1.15663242],[3.66005083]
[4.61057472],[1.18401956],[3.76306077]
[4.64495673],[1.2126624],[3.8728714]
[4.69869652],[1.24629006],[3.97806747]
[4.68484043],[1.26907443],[4.05955824]
[4.71698954],[1.28707165],[4.13062686]
[4.70628984],[1.30227537],[4.18645536]
[4.72484797],[1.31777849],[4.2237445]
[4.70004647],[1.32898133],[4.26876649]
[4.71961602],[1.34129194],[4.30445506]
[4.70030856],[1.35162202],[4.34910258]
[4.71144167],[1.36140323],[4.37860779]
[4.69235436],[1.36987313],[4.42655085]
[4.70259421],[1.3807216],[4.45292319]
[4.70372624],[1.38315033],[4.49551451]
[4.72397831],[1.38672942],[4.55746901]
[4.70133351],[1.38226733],[4.54912218]
[4.72338065],[1.3812462],[4.58375884]
[4.69373102],[1.37889221],[4.54629229]
[4.71271662],[1.37792316],[4.5295674]
[4.67077307],[1.3773633],[4.51940413]
[4.65958492],[1.37544057],[4.50627947]
[4.6548911],[1.37263693],[4.50566096]
[4.65165976],[1.36720415],[4.49590953]
[4.64626821],[1.36125311],[4.46638986]
[4.63167854],[1.35169999],[4.40981906]
[4.62233798],[1.34016171],[4.36379078]
[4.61023995],[1.32797467],[4.31241406]
[4.59258989],[1.31553774],[4.2524593]
[4.57853107],[1.30383101],[4.19146595]
[4.56275475],[1.2927204],[4.13269212]
[4.54914109],[1.28038858],[4.07255772]
[4.5188362],[1.26601666],[3.9989753]
[4.48684252],[1.25287037],[3.93172814]
[4.45180327],[1.24053453],[3.86526664]
[4.40955858],[1.22696846],[3.79550684]
[4.37391536],[1.21454362],[3.7316855]
[3.96861458],[1.20219418],[3.47840713]
[0.],[0.],[0.]
[0.],[0.],[0.]
[1.83989568],[0.65422841],[0.95426282]
[2.53244262],[0.7858497],[1.42168326]
[2.74101069],[0.86741371],[1.67772099]
[3.02068292],[0.90716198],[1.86473697]
[3.41719881],[0.95957443],[2.11207759]
[3.53863981],[0.98742325],[2.26485126]
[3.8530828],[1.00396855],[2.50818151]
[3.99347152],[1.01509006],[2.68737844]
[4.23110001],[1.02903508],[2.93655493]
[4.28527543],[1.05871455],[3.18526454]
[4.37837075],[1.09051727],[3.36920115]
[4.39260727],[1.11888839],[3.47681621]
[4.46332234],[1.14342708],[3.58155706]
[4.49129314],[1.16429772],[3.6766838]
[4.56032663],[1.19219198],[3.78768307]
[4.58928748],[1.21317023],[3.87663078]
[4.66157255],[1.23842047],[3.98247306]
[4.67992839],[1.26217382],[4.08074327]
[4.74202102],[1.2886134],[4.179267]
[4.71801263],[1.30514574],[4.24478027]
[4.76087143],[1.32068456],[4.30669861]
[4.74010147],[1.33464339],[4.3524516]
[4.76715841],[1.34880737],[4.3925819]
[4.73327408],[1.35951207],[4.43398525]
[4.76180471],[1.37024346],[4.47444908]
[4.733536],[1.37992401],[4.51488095]
[4.75348438],[1.38915797],[4.54552089]
[4.72535507],[1.39732986],[4.59477964]
[4.7440581],[1.40829644],[4.63268112]
[4.73627915],[1.41051661],[4.67337405]
[4.76048098],[1.41479546],[4.7445253]
[4.73394315],[1.40870379],[4.73874518]
[4.76063659],[1.40697716],[4.76960618]
[4.72695066],[1.40418335],[4.73974569]
[4.75031829],[1.40308187],[4.72615485]
[4.70678498],[1.402604],[4.71410089]
[4.69491669],[1.39969123],[4.70020252]
[4.68935994],[1.39647874],[4.69655046]
[4.68578987],[1.39320021],[4.6863331]
[4.68154899],[1.38724987],[4.65497583]
[4.66798387],[1.3776023],[4.60237453]
[4.65960824],[1.36756255],[4.5505639]
[4.64864782],[1.35622207],[4.49441554]
[4.63169929],[1.34310108],[4.42479756]
[4.61782059],[1.33222997],[4.36749646]
[4.60348529],[1.32152768],[4.30812152]
[4.58575699],[1.31049247],[4.2405051]
[4.55694059],[1.29820459],[4.16142415]
[4.5263427],[1.28641173],[4.09152688]
[4.49136359],[1.27571475],[4.02505221]
[4.44909586],[1.26357891],[3.95379412]
[4.4133439],[1.25179162],[3.88767786]
[4.00412172],[1.24008308],[3.63045075]
[0.],[0.],[0.]
[0.03470958],[0.02129594],[0.00030275]
[1.85071909],[0.66137833],[0.95965285]
[2.55936718],[0.7946834],[1.44617877]
[2.86931204],[0.87604316],[1.73170246]
[3.1160131],[0.91919555],[1.93485518]
[3.53866065],[0.97072482],[2.18695866]
[3.65075943],[0.99433853],[2.3594094]
[3.94076558],[1.01134781],[2.60911435]
[4.10143549],[1.02236586],[2.82981953]
[4.31230947],[1.06821063],[3.11798084]
[4.34130201],[1.10320386],[3.34683459]
[4.43629811],[1.13465944],[3.53049825]
[4.4384616],[1.16185076],[3.62917542]
[4.52661761],[1.18205852],[3.74703334]
[4.53282121],[1.19939884],[3.82378634]
[4.60982454],[1.22298049],[3.9339586]
[4.62564295],[1.24049803],[4.00864587]
[4.71225547],[1.26201103],[4.1208148]
[4.71574843],[1.28660682],[4.20914175]
[4.78875176],[1.31297106],[4.30250614]
[4.75204126],[1.32807927],[4.35957593]
[4.80776407],[1.34377819],[4.43332091]
[4.77420881],[1.35924525],[4.47890296]
[4.81155181],[1.37471274],[4.53618297]
[4.76640837],[1.38533459],[4.57977424]
[4.80528055],[1.39535964],[4.6344952]
[4.76638352],[1.40484066],[4.67434093]
[4.79549665],[1.41434095],[4.71430569]
[4.75764174],[1.42231412],[4.76001528]
[4.78545739],[1.4298742],[4.80213221]
[4.77320505],[1.43103432],[4.83653468]
[4.80002404],[1.43710036],[4.90145629]
[4.76881848],[1.43039548],[4.89686566]
[4.79780315],[1.42879732],[4.92331381]
[4.76087103],[1.42636951],[4.89712211]
[4.78917156],[1.42530408],[4.885198]
[4.74442266],[1.42427776],[4.86902305]
[4.73237475],[1.42124658],[4.85210628]
[4.72527099],[1.41735294],[4.84365691]
[4.71986371],[1.41436599],[4.82809878]
[4.71431222],[1.40896631],[4.79538739]
[4.70233357],[1.40029707],[4.74484569]
[4.69480217],[1.3916627],[4.69584688]
[4.68612545],[1.37959895],[4.63992867]
[4.67029808],[1.36601698],[4.56785435]
[4.65708305],[1.35406947],[4.49428822]
[4.64295605],[1.34260183],[4.43219985]
[4.62501871],[1.33172472],[4.36424658]
[4.59821383],[1.32030616],[4.28669763]
[4.5673803],[1.31065396],[4.21196572]
[4.53153665],[1.30101435],[4.13992179]
[4.48891248],[1.28918847],[4.06602793]
[4.45246487],[1.27882675],[4.00003297]
[4.03925986],[1.26734293],[3.73769995]
[0.],[0.],[0.]
[0.],[0.],[0.]
[1.85237456],[0.67045086],[0.99149904]
[2.5693527],[0.80906726],[1.4951198]
[2.94882971],[0.88849234],[1.79526478]
[3.18959744],[0.9362942],[2.01316251]
[3.62106715],[0.98417122],[2.29097315]
[3.73507974],[1.00357683],[2.47673259]
[4.02399464],[1.02270812],[2.73488399]
[4.16594405],[1.04270584],[3.01186022]
[4.35643641],[1.11106023],[3.30251102]
[4.38929523],[1.14043464],[3.49900605]
[4.4795419],[1.16876257],[3.6743793]
[4.48403039],[1.19224232],[3.76403564]
[4.56269452],[1.21121887],[3.87537394]
[4.57802018],[1.227365],[3.94931851]
[4.65440293],[1.24849598],[4.05715165]
[4.67275542],[1.26609984],[4.13581131]
[4.76005848],[1.28937866],[4.24856927]
[4.76297717],[1.31383538],[4.34107857]
[4.83326309],[1.33926842],[4.43313523]
[4.7973488],[1.35336987],[4.49723811]
[4.85280906],[1.37042486],[4.60698159]
[4.82094602],[1.38569439],[4.65696151]
[4.85845647],[1.40183763],[4.71370674]
[4.81250586],[1.41458736],[4.75928522]
[4.8516475],[1.42592446],[4.82014781]
[4.81300027],[1.43802617],[4.86644519]
[4.84399026],[1.44727922],[4.91560666]
[4.81048936],[1.45448846],[4.97226175]
[4.83489247],[1.46437025],[5.02632238]
[4.8302874],[1.46752833],[5.08141329]
[4.86080811],[1.47273256],[5.14428935]
[4.83262893],[1.46421897],[5.14966918]
[4.86612251],[1.459338],[5.16633441]
[4.83847548],[1.4534794],[5.13502648]
[4.87745697],[1.44945294],[5.11192382]
[4.83114516],[1.44584215],[5.07466043]
[4.80663801],[1.44217447],[5.0392594]
[4.79162866],[1.43830835],[5.02028007]
[4.77877712],[1.43511989],[4.99669307]
[4.76667004],[1.42924161],[4.95621519]
[4.7523397],[1.42097795],[4.90682451]
[4.74119726],[1.41277233],[4.85801838]
[4.72779043],[1.40234012],[4.80235996]
[4.71025805],[1.3898446],[4.73341554]
[4.69602539],[1.37818462],[4.66584735]
[4.68187305],[1.36646007],[4.58143641]
[4.66847772],[1.3547835],[4.50510537]
[4.64533861],[1.34472572],[4.42969283]
[4.62126533],[1.33606892],[4.36101826]
[4.58591612],[1.32684379],[4.28794019]
[4.54308505],[1.31632577],[4.20746115]
[4.50697369],[1.30586326],[4.13399255]
[4.09867706],[1.29544609],[3.8716281]
[0.],[0.],[0.]
[0.],[0.],[0.]
[1.87825588],[0.67890333],[1.01497503]
[2.5948434],[0.81878703],[1.53523165]
[3.03329151],[0.89818758],[1.85428873]
[3.26480302],[0.94920519],[2.09167864]
[3.68480317],[0.99394681],[2.39166497]
[3.81976285],[1.01233],[2.6060457]
[4.08564997],[1.03360847],[2.92421732]
[4.22026163],[1.08918354],[3.19670195]
[4.40647709],[1.15329962],[3.47917562]
[4.43378069],[1.17838862],[3.65058668]
[4.53434755],[1.20725422],[3.83975278]
[4.52582739],[1.22860111],[3.92495767]
[4.61848509],[1.2465396],[4.04238578]
[4.61735834],[1.26172303],[4.11012496]
[4.70629948],[1.28341069],[4.22367949]
[4.71226898],[1.29983224],[4.29658773]
[4.81572729],[1.3221281],[4.4155961]
[4.80537592],[1.34503352],[4.51361738]
[4.88559705],[1.37650157],[4.63027092]
[4.83695486],[1.39712313],[4.74089345]
[4.90740057],[1.41824926],[4.87214693]
[4.87243212],[1.43691244],[4.94638283]
[4.91902978],[1.45519001],[5.02194134]
[4.86920277],[1.46882099],[5.08761889]
[4.92304847],[1.47820301],[5.16502998]
[4.88355465],[1.48749387],[5.22252331]
[4.94427506],[1.49618757],[5.29555595]
[4.89778528],[1.50407916],[5.36099095]
[4.95674607],[1.51471556],[5.44693675]
[4.93230065],[1.51863783],[5.55822549]
[5.01299702],[1.52170978],[5.61657473]
[4.9400396],[1.51148893],[5.67762484]
[5.05733417],[1.5066805],[5.6950198]
[4.97193542],[1.50136309],[5.68535021]
[5.08453456],[1.49647105],[5.64905159]
[5.00968896],[1.49098044],[5.57843131]
[4.95113533],[1.48242722],[5.51388022]
[4.91833776],[1.47313751],[5.45431675]
[4.88999997],[1.46442277],[5.38134764]
[4.8585675],[1.45416772],[5.25564562]
[4.81874358],[1.44320838],[5.12351517]
[4.79651787],[1.43374966],[5.05007605]
[4.77782804],[1.42408977],[4.98959541]
[4.75343944],[1.41161196],[4.91969712]
[4.73909042],[1.39979592],[4.85963011]
[4.72283374],[1.38882965],[4.78539968]
[4.7065948],[1.37864853],[4.69511115]
[4.68335275],[1.36940461],[4.60165831]
[4.66144644],[1.36155843],[4.53197123]
[4.62648238],[1.35449549],[4.45989665]
[4.58372883],[1.34469241],[4.3804872]
[4.54754072],[1.33553482],[4.30594709]
[4.13417888],[1.32631236],[4.03566375]
[0.],[0.],[0.]
[0.],[0.],[0.]
[1.90163054],[0.68403884],[1.03414698]
[2.61884686],[0.82571654],[1.56392812]
[3.10390097],[0.9062751],[1.90036931]
[3.31883997],[0.95664417],[2.14500465]
[3.74783293],[0.99970507],[2.46315354]
[3.87905929],[1.01913899],[2.714532]
[4.14384659],[1.05334456],[3.04431519]
[4.27193144],[1.11477817],[3.3098963]
[4.46076592],[1.17791399],[3.59515287]
[4.48135023],[1.20147924],[3.74965296]
[4.59028201],[1.23114703],[3.95046797]
[4.5728896],[1.25110819],[4.03236779]
[4.68422336],[1.26895619],[4.16604061]
[4.66363388],[1.28548279],[4.22306574]
[4.76896485],[1.30668672],[4.35143699]
[4.7606002],[1.32840856],[4.44211307]
[4.88506096],[1.36292463],[4.61035065]
[4.85338903],[1.39711886],[4.72992412]
[4.95030496],[1.43597671],[4.93272693]
[4.8976292],[1.4593015],[5.0801518]
[5.01328047],[1.48060232],[5.24901602]
[4.9977036],[1.49829422],[5.32640486]
[5.0953769],[1.51350705],[5.43704239]
[5.03801919],[1.52295073],[5.55178077]
[5.13225133],[1.53203172],[5.64696426]
[5.097036],[1.54129289],[5.7833686]
[5.17813363],[1.54985367],[5.89616796]
[5.13953569],[1.55769061],[6.00146373]
[5.21647443],[1.5727514],[6.13228148]
[5.21875617],[1.57419696],[6.21566447]
[5.29144006],[1.57638889],[6.29367284]
[5.26715453],[1.56573888],[6.31420693]
[5.33217383],[1.55802258],[6.31821888]
[5.31922696],[1.55028439],[6.28696608]
[5.3731994],[1.54377104],[6.25984586]
[5.36928786],[1.53857937],[6.17977624]
[5.31390026],[1.53001255],[6.09281929]
[5.250639],[1.52136542],[6.00215915]
[5.16132778],[1.51029255],[5.89599944]
[5.07893205],[1.49848413],[5.77094072]
[4.9712213],[1.48537756],[5.61477811]
[4.91559076],[1.47135934],[5.47370739]
[4.88010145],[1.45568249],[5.32278683]
[4.83876825],[1.43711592],[5.14581221]
[4.80034922],[1.42183209],[5.03761713]
[4.78093722],[1.41213133],[4.95229513]
[4.75598893],[1.40210932],[4.86153049]
[4.72602514],[1.39133751],[4.75457823]
[4.70402082],[1.382996],[4.66292414]
[4.67086021],[1.37506126],[4.58825135]
[4.62416937],[1.36558494],[4.50517671]
[4.58791529],[1.35714174],[4.42951885]
[4.1696902],[1.3497578],[4.15643353]
[0.],[0.],[0.]
[0.],[0.],[0.]
[1.92798506],[0.68946769],[1.05490128]
[2.64459622],[0.8329268],[1.59419311]
[3.17137085],[0.91509755],[1.94898654]
[3.37432956],[0.96383756],[2.203749]
[3.80642328],[1.00826839],[2.54396212]
[3.94173396],[1.02579726],[2.83041071]
[4.20871543],[1.07909942],[3.16297143]
[4.32869111],[1.1394561],[3.42062949]
[4.52029439],[1.19928704],[3.70599442]
[4.53238727],[1.22304164],[3.85219592]
[4.65288092],[1.25326544],[4.06689537]
[4.62603186],[1.2716974],[4.14799307]
[4.75431938],[1.29580668],[4.30722528]
[4.72306173],[1.32085079],[4.38824239]
[4.84688952],[1.35378913],[4.56610875]
[4.81787549],[1.38104786],[4.68755756]
[4.96923061],[1.42037673],[4.94904191]
[4.94314269],[1.45752146],[5.14320803]
[5.10994235],[1.49386785],[5.38647661]
[5.09045206],[1.51633175],[5.49912911]
[5.28158311],[1.5339961],[5.77651237]
[5.29096466],[1.54933962],[5.94299539]
[5.4093391],[1.56262129],[6.10254428]
[5.36967335],[1.57159364],[6.18947895]
[5.46108482],[1.58063478],[6.37272439]
[5.42876906],[1.58978425],[6.42731633]
[5.51225091],[1.60509244],[6.60399566]
[5.48583569],[1.60636915],[6.64779165]
[5.55037924],[1.62958593],[6.82037906]
[5.59908777],[1.62368504],[6.90217896]
[5.63497509],[1.624664],[7.00242718]
[5.66773547],[1.61518174],[7.02934419]
[5.66848891],[1.60794561],[7.05723669]
[5.71400516],[1.59970401],[7.04017231]
[5.7032072],[1.59098419],[7.02966971]
[5.75609604],[1.58286222],[6.90918705]
[5.72209774],[1.57206813],[6.80577296]
[5.67207894],[1.56353105],[6.68810158]
[5.58393812],[1.55194103],[6.5402477]
[5.46607626],[1.54043438],[6.34883301]
[5.34753174],[1.52772872],[6.15701384]
[5.25158013],[1.51415039],[5.98596297]
[5.1564617],[1.49913276],[5.82669727]
[5.04245921],[1.47990814],[5.65579358]
[4.94372792],[1.46116007],[5.4983541]
[4.89866069],[1.44341686],[5.33440096]
[4.85846504],[1.42659827],[5.13030076]
[4.81254748],[1.41107608],[4.95884498]
[4.76487424],[1.39859624],[4.82875506]
[4.72187228],[1.39043358],[4.71440417]
[4.67619635],[1.38101728],[4.62729208]
[4.63364722],[1.37254725],[4.54646735]
[4.20672483],[1.36453183],[4.26529416]
[0.],[0.],[0.]
[0.],[0.],[0.]
[1.93250717],[0.69733803],[1.08818454]
[2.65158034],[0.84547261],[1.63351193]
[3.22116917],[0.93164617],[2.00997766]
[3.42965373],[0.9764624],[2.28218195]
[3.85708727],[1.0202005],[2.6800135]
[4.00650281],[1.04081762],[2.9693153]
[4.27024198],[1.11083812],[3.30589379]
[4.38059026],[1.16929865],[3.53716038]
[4.58576561],[1.22626657],[3.83465351]
[4.5836616],[1.25235958],[3.98919369]
[4.74050988],[1.29356011],[4.25220258]
[4.68235013],[1.32245085],[4.35101215]
[4.84219202],[1.3535943],[4.56438725]
[4.77953401],[1.37996999],[4.66902019]
[4.95660584],[1.41531226],[4.9236617]
[4.93333077],[1.44494935],[5.13243271]
[5.16225085],[1.4833065],[5.46679207]
[5.17282206],[1.5192803],[5.6021675]
[5.39588287],[1.55263443],[5.89221123]
[5.39799452],[1.57087662],[6.12039826]
[5.58341243],[1.58634409],[6.42972662]
[5.62417739],[1.60110514],[6.60317535]
[5.75852006],[1.61452521],[6.83555791]
[5.7245619],[1.6232089],[6.90047799]
[5.81310221],[1.63680794],[7.13729495]
[5.78639029],[1.64084363],[7.19506571]
[5.86108433],[1.66166052],[7.42451492]
[5.85978133],[1.68059805],[7.51750781]
[5.92148734],[1.69689057],[7.75174844]
[5.97352335],[1.72240304],[7.88469691]
[5.98181609],[1.73778967],[7.99277228]
[6.03260896],[1.7250415],[8.07514991]
[6.04607342],[1.70952471],[8.07702911]
[6.10284629],[1.69044521],[8.08077064]
[6.14232294],[1.67042205],[8.02602489]
[6.21128777],[1.65209871],[7.97053639]
[6.25586852],[1.63475329],[7.85355822]
[6.19288672],[1.61847901],[7.6972515]
[6.02466135],[1.59641027],[7.49054684]
[5.89779068],[1.58484014],[7.27360074]
[5.77632105],[1.5720424],[7.00847726]
[5.6741756],[1.5592274],[6.74012187]
[5.5936889],[1.5451692],[6.49556955]
[5.48232697],[1.52701412],[6.25520184]
[5.35507513],[1.51156641],[6.03758103]
[5.25362682],[1.49461358],[5.86204928]
[5.14855214],[1.47740059],[5.68346402]
[5.02232551],[1.45903172],[5.4514243]
[4.90703386],[1.44211396],[5.19776443]
[4.86116192],[1.42686335],[5.04037497]
[4.79140883],[1.41114837],[4.88711157]
[4.71504869],[1.39991357],[4.74537098]
[4.27819942],[1.39006065],[4.44075651]
[0.],[0.],[0.]
[0.],[0.],[0.]
[1.96720637],[0.70487297],[1.119266]
[2.67671057],[0.85498465],[1.67535019]
[3.29807156],[0.94524235],[2.0846273]
[3.49271126],[0.98837263],[2.38589505]
[3.92526243],[1.03199815],[2.89237501]
[4.0758906],[1.08635025],[3.14926857]
[4.35565411],[1.1539126],[3.50929618]
[4.44821486],[1.2180008],[3.7422338]
[4.68354308],[1.27961236],[4.08666431]
[4.65321555],[1.31433344],[4.25749922]
[4.84213068],[1.35890081],[4.58602434]
[4.76751704],[1.3872418],[4.71627622]
[4.99282621],[1.41925917],[5.01457478]
[4.9332856],[1.44769364],[5.1830036]
[5.14337401],[1.48166904],[5.50459813]
[5.12985911],[1.50832728],[5.65117143]
[5.42617352],[1.54945989],[6.0098964]
[5.46187263],[1.57808576],[6.25570077]
[5.70531335],[1.60655774],[6.58626225]
[5.73776085],[1.61980742],[6.80880249]
[5.91610462],[1.64152534],[7.19218027]
[5.96408629],[1.64926656],[7.44429253]
[6.15281732],[1.66919995],[7.81103295]
[6.12019564],[1.69738121],[7.90973684]
[6.25993324],[1.71658338],[8.2000421]
[6.19669068],[1.75146374],[8.26334105]
[6.33476487],[1.7721324],[8.54485125]
[6.30109799],[1.79619114],[8.6155828]
[6.44140006],[1.81220544],[8.88098993]
[6.42996934],[1.83196577],[9.04471069]
[6.47574372],[1.84413272],[9.15566533]
[6.47996966],[1.84678524],[9.30178864]
[6.513571],[1.83800323],[9.32663506]
[6.50703804],[1.81911414],[9.34879156]
[6.57408071],[1.80058931],[9.29010777]
[6.55207394],[1.77789163],[9.20772054]
[6.62328585],[1.75355225],[9.0726335]
[6.62510349],[1.73026697],[8.91057234]
[6.51918184],[1.70361336],[8.71712527]
[6.4267899],[1.65799326],[8.43740938]
[6.33341933],[1.62054363],[8.07858146]
[6.20436338],[1.60185186],[7.76329339]
[6.01478871],[1.58894417],[7.48341726]
[5.89716983],[1.57476604],[7.22611429]
[5.78222608],[1.56170074],[6.95784307]
[5.67399368],[1.54779623],[6.68362958]
[5.58754655],[1.53334347],[6.42106939]
[5.48225816],[1.51733057],[6.1558854]
[5.35867829],[1.50215075],[5.93746593]
[5.26190608],[1.48679844],[5.74000031]
[5.1046846],[1.47130651],[5.48828894]
[4.9193626],[1.45697183],[5.28154221]
[4.45063563],[1.44461713],[4.91553454]
[0.],[0.],[0.]
[0.],[0.],[0.]
[2.00324546],[0.71207647],[1.15258491]
[2.69935467],[0.86320351],[1.71136544]
[3.35765075],[0.95221202],[2.13498171]
[3.54741152],[0.99745247],[2.48853405]
[3.99944213],[1.05494714],[3.03979587]
[4.13883845],[1.13045985],[3.30963016]
[4.43928443],[1.2082344],[3.73258929]
[4.50875762],[1.27121806],[3.97018929]
[4.77972019],[1.33186913],[4.34614659]
[4.74818737],[1.37081291],[4.5650562]
[4.99707221],[1.41515131],[4.97844443]
[4.9077666],[1.44659533],[5.14010193]
[5.17075462],[1.48006198],[5.5139746]
[5.0567784],[1.50702368],[5.64980381]
[5.3527712],[1.54096144],[5.99707135]
[5.35795518],[1.56898254],[6.24658718]
[5.67818657],[1.61305427],[6.66723383]
[5.7508021],[1.6291033],[6.8891942]
[6.00881539],[1.66747783],[7.31444046]
[6.05283739],[1.66863218],[7.55611762]
[6.31021996],[1.69767782],[8.13734414]
[6.33755283],[1.7518662],[8.44419015]
[6.59714561],[1.7869008],[8.89904189]
[6.49915013],[1.82591383],[9.14656047]
[6.69701387],[1.84408896],[9.46627012]
[6.54075095],[1.86899218],[9.56928746]
[6.7612662],[1.88836152],[9.90177519]
[6.63895909],[1.90755448],[9.9607805]
[6.83296546],[1.92249496],[10.26523734]
[6.80069589],[1.93781979],[10.36095989]
[6.85768496],[1.95194729],[10.46686574]
[6.90074421],[1.96212605],[10.54701797]
[6.99400009],[1.96025269],[10.61165722]
[7.03476422],[1.94641296],[10.62709145]
[7.08592605],[1.93242315],[10.67473659]
[7.1153882],[1.91751752],[10.59395376]
[7.13709775],[1.90128539],[10.57381016]
[7.16875906],[1.88651138],[10.37756986]
[7.12179864],[1.86500712],[10.14693827]
[6.99996242],[1.83192558],[9.86059709]
[6.82249722],[1.79209181],[9.52005304]
[6.6314873],[1.75146126],[9.19813131]
[6.52044622],[1.71584464],[8.9376532]
[6.44935077],[1.67707797],[8.64942618]
[6.38382483],[1.63146904],[8.33543349]
[6.29848173],[1.60492199],[7.9821652]
[6.16758064],[1.59133879],[7.62372299]
[6.0158074],[1.57633711],[7.31991113]
[5.91265453],[1.56214751],[7.02356545]
[5.79385941],[1.54833847],[6.6039572]
[5.68709402],[1.53243581],[6.30544949]
[5.4265138],[1.51739655],[6.00669798]
[4.80008749],[1.50328267],[5.52763849]
[0.],[0.],[0.]
[0.],[0.],[0.]
[2.03984188],[0.71744057],[1.17572412]
[2.73015285],[0.87023936],[1.74099008]
[3.41585266],[0.95996421],[2.18160216]
[3.57987656],[1.00653883],[2.57229365]
[4.06076901],[1.08833015],[3.17314223]
[4.18116873],[1.16381841],[3.44119501]
[4.50245053],[1.24331221],[3.96446561]
[4.57981014],[1.30788521],[4.1511114]
[4.88558766],[1.37099663],[4.63449089]
[4.84887856],[1.41542831],[4.83176356]
[5.10752185],[1.46356012],[5.39497875]
[5.00860199],[1.49435725],[5.49054586]
[5.27920074],[1.52754662],[5.93892152]
[5.19249924],[1.55613558],[6.03210363]
[5.50711063],[1.58870315],[6.48770524]
[5.50971301],[1.61311247],[6.72435499]
[5.88331182],[1.66734297],[7.24982757]
[5.92265971],[1.67550393],[7.43534541]
[6.24284756],[1.71361645],[7.94369362]
[6.2506891],[1.77231446],[8.33405516]
[6.58497904],[1.81662965],[8.9721211]
[6.51579223],[1.85698093],[9.36755001]
[6.8052778],[1.88811366],[9.97213891]
[6.7155992],[1.91963769],[10.15474204]
[6.94356209],[1.93693498],[10.54762166]
[6.80464429],[1.95896244],[10.60975282]
[7.01721006],[1.97798959],[10.97432227]
[6.92765161],[1.99589206],[11.02554818]
[7.14905491],[2.01129626],[11.41683774]
[7.16293402],[2.02715251],[11.59204486]
[7.20769655],[2.04513012],[11.79034029]
[7.24861525],[2.05495082],[11.91411668]
[7.2781841],[2.05640243],[12.00729433]
[7.3140947],[2.04866284],[12.07953747]
[7.32965505],[2.0398812],[12.12246953]
[7.34506868],[2.02794953],[12.0881484]
[7.34391056],[2.01501704],[12.0180106]
[7.3895303],[2.0024503],[11.90672551]
[7.3403417],[1.98226556],[11.71157108]
[7.26458064],[1.95878561],[11.47845127]
[7.20696199],[1.92799838],[11.17741514]
[7.13056657],[1.8964892],[10.8366993]
[7.02313365],[1.8628324],[10.45289892]
[6.8758533],[1.8226357],[10.02746558]
[6.70074892],[1.78712456],[9.60774452]
[6.59701138],[1.7373255],[9.29482622]
[6.48291811],[1.68517644],[8.97492419]
[6.4192984],[1.62999636],[8.61119131]
[6.332666],[1.61026745],[8.23658768]
[6.19847314],[1.59658626],[7.76208835]
[6.06625063],[1.58162357],[7.26839419]
[5.82197938],[1.56743165],[6.78621514]
[5.08859412],[1.55295064],[6.14221793]
[0.],[0.],[0.]
[0.],[0.],[0.]
[2.02506771],[0.72622411],[1.19326456]
[2.72145859],[0.89898641],[1.76956858]
[3.44924143],[0.97601661],[2.23695879]
[3.60078113],[1.01984748],[2.66484979]
[4.10253654],[1.117262],[3.30605213]
[4.24382605],[1.19237337],[3.57060146]
[4.5787892],[1.2683933],[4.14938786]
[4.65111446],[1.33570079],[4.30625686]
[4.97657385],[1.40461685],[4.87473448]
[4.93811461],[1.4500852],[5.06489611]
[5.21701671],[1.49881672],[5.68757275]
[5.07871008],[1.52896341],[5.76500829]
[5.40502555],[1.56398151],[6.26254292]
[5.32708228],[1.58991451],[6.40786055]
[5.64522898],[1.62991016],[6.905485]
[5.68214003],[1.6487351],[7.14277801]
[6.01301416],[1.70249491],[7.67732683]
[6.081748],[1.71098544],[7.88994252]
[6.43852518],[1.76201659],[8.54791906]
[6.46031516],[1.84538299],[8.94607754]
[6.76862445],[1.88781869],[9.58499405]
[6.68608679],[1.92688054],[10.07315083]
[7.00554581],[1.95888302],[10.6956335]
[6.98019555],[1.99184993],[10.95752828]
[7.22583656],[2.01185054],[11.48857654]
[7.1140066],[2.03549079],[11.64258446]
[7.32486541],[2.05639911],[12.10316001]
[7.30948982],[2.0746941],[12.19610717]
[7.42889732],[2.08956178],[12.60013076]
[7.49599173],[2.10442527],[12.75645187]
[7.52461591],[2.12338874],[12.92579134]
[7.56916601],[2.13262706],[13.06329527]
[7.56794649],[2.13818558],[13.14294163]
[7.6711937],[2.13186265],[13.28056458]
[7.7228568],[2.12454515],[13.34304966]
[7.88722983],[2.11319302],[13.4855776]
[7.93776693],[2.09992901],[13.44689352]
[7.98537237],[2.08709301],[13.4165544]
[7.97962917],[2.06676172],[13.24566911]
[7.84524419],[2.0460146],[12.97998962]
[7.67281069],[2.01906691],[12.60575037]
[7.46767112],[1.99376714],[12.11687244]
[7.29852534],[1.96739813],[11.70615222]
[7.22547244],[1.93776304],[11.35795674]
[7.15511891],[1.90358534],[10.98896405]
[7.06488758],[1.86022748],[10.61364935]
[6.93091157],[1.81532874],[10.21149026]
[6.74265736],[1.76335527],[9.70305789]
[6.636899],[1.70953812],[9.22347215]
[6.52140236],[1.65468688],[8.80656755]
[6.42973034],[1.62298292],[8.26578626]
[6.29571714],[1.60947179],[7.65077398]
[5.49009523],[1.59558418],[6.86661804]
[0.],[0.],[0.]
[0.],[0.],[0.]
[2.06729625],[0.7307197],[1.22019986]
[2.7564217],[0.91396674],[1.81250991]
[3.49670012],[0.98672044],[2.35249175]
[3.65113697],[1.03063984],[2.80975336]
[4.16582258],[1.15482459],[3.54411971]
[4.31970742],[1.22895643],[3.7479687]
[4.65558289],[1.30778226],[4.41752838]
[4.72443961],[1.37570607],[4.55366149]
[5.0634801],[1.44178243],[5.20044863]
[5.03939068],[1.48623676],[5.40080862]
[5.31433101],[1.53418723],[6.03492801]
[5.19669735],[1.56595715],[6.12237797]
[5.53306155],[1.60117148],[6.70440009]
[5.47975822],[1.62055049],[6.84266035]
[5.82584953],[1.67294551],[7.39280823]
[5.84237821],[1.68988206],[7.60985488]
[6.19236915],[1.73948926],[8.20259529]
[6.27145025],[1.77170201],[8.5593503]
[6.69934742],[1.84612714],[9.26019238]
[6.64185704],[1.91991245],[9.6821649]
[6.99451855],[1.96121768],[10.49389074]
[6.94910875],[1.99832118],[10.874198]
[7.32987802],[2.02864643],[11.69123482]
[7.35480715],[2.0575952],[12.09321134]
[7.49893129],[2.07690838],[12.61361088]
[7.52882425],[2.09871679],[12.71503635]
[7.60841336],[2.1188017],[13.21563713]
[7.65615767],[2.13459705],[13.27522341]
[7.73158275],[2.14783156],[13.70671603]
[7.95321035],[2.16103243],[13.98395166]
[8.02946941],[2.18032658],[14.19389554]
[8.13626139],[2.18899782],[14.45300496]
[8.18884449],[2.19374108],[14.59205562]
[8.22995753],[2.18777195],[14.75100618]
[8.2746422],[2.18089468],[14.81308897]
[8.27191132],[2.17106782],[14.82162712]
[8.31710649],[2.15985701],[14.79423424]
[8.30825368],[2.14704631],[14.67537848]
[8.39343777],[2.12934864],[14.54043956]
[8.31890056],[2.10867144],[14.29731115]
[8.20422944],[2.08282288],[14.0058505]
[8.07829332],[2.05818948],[13.62016224]
[7.90753025],[2.03425875],[13.16114504]
[7.74494113],[2.00898642],[12.68510005]
[7.55234443],[1.98005768],[12.19428818]
[7.3747055],[1.94175548],[11.70423343]
[7.26118595],[1.89815884],[11.31766409]
[7.19858374],[1.85237251],[10.93730124]
[7.10816391],[1.80562986],[10.4926049]
[6.97154439],[1.75503517],[9.975114]
[6.79506045],[1.69904728],[9.27306765]
[6.68651296],[1.64388005],[8.71781502]
[5.95198397],[1.62830812],[7.62598196]
[0.],[0.],[0.]
[0.],[0.],[0.]
[2.11463196],[0.73290541],[1.24267735]
[2.786305],[0.92704429],[1.85492104]
[3.5774579],[0.99779148],[2.46797717]
[3.71861875],[1.04047601],[2.89674943]
[4.22816337],[1.17923741],[3.71225365]
[4.39217332],[1.25990861],[3.88836384]
[4.72569051],[1.33921669],[4.63460992]
[4.79347197],[1.40622482],[4.76820734]
[5.13833987],[1.47193558],[5.43913048]
[5.11751097],[1.51768852],[5.6758773]
[5.38339241],[1.57168017],[6.32446202]
[5.29977425],[1.60053743],[6.51803357]
[5.63160025],[1.65078043],[7.12727423]
[5.59589904],[1.66771049],[7.31750549]
[5.95924973],[1.71576987],[7.9190537]
[5.97736478],[1.74469156],[8.22706376]
[6.37490199],[1.80742995],[8.96720297]
[6.50975053],[1.88130054],[9.36277794]
[6.91039218],[1.94269065],[10.09276621]
[6.92825746],[2.00663326],[10.66029444]
[7.30741463],[2.04285554],[11.47786836]
[7.33197314],[2.07405931],[11.93819305]
[7.57564522],[2.10083851],[12.80841677]
[7.63943036],[2.12522076],[13.1343533]
[7.83521471],[2.14312344],[13.73891189]
[8.04908369],[2.16267157],[14.0264177]
[8.11607001],[2.18125721],[14.54033223]
[8.2393462],[2.19437133],[14.76953694]
[8.33149872],[2.20891301],[15.24182573]
[8.39281274],[2.22443769],[15.49656546]
[8.44543548],[2.2569004],[15.72736616]
[8.43893778],[2.26968716],[15.88998952]
[8.52837004],[2.26930988],[16.03499166]
[8.54741149],[2.25606724],[16.14685476]
[8.63801373],[2.2442098],[16.28097846]
[8.68062223],[2.23213617],[16.27268929]
[8.8099506],[2.21934178],[16.40461613]
[8.85580743],[2.20476136],[16.33214658]
[8.9051785],[2.18956693],[16.25446785]
[8.92366328],[2.17119157],[16.03227132]
[8.82070565],[2.14870856],[15.69258296]
[8.63400538],[2.12769815],[15.18027922]
[8.3514444],[2.10692223],[14.54993828]
[8.17218899],[2.08334036],[14.11048357]
[8.05230877],[2.05550574],[13.67586119]
[7.93632501],[2.02302488],[13.22704688]
[7.79973925],[1.98829648],[12.74820404]
[7.63457329],[1.94663663],[12.21766569]
[7.44442684],[1.90697503],[11.67681399]
[7.32417981],[1.86472491],[11.11531833]
[7.24039225],[1.81803388],[10.54721401]
[7.14954957],[1.76829433],[9.88924941]
[6.36318546],[1.71756198],[8.73155293]
[0.],[0.],[0.]
[0.],[0.],[0.]
[2.15043577],[0.7343594],[1.26000376]
[2.81945379],[0.93961268],[1.89739215]
[3.64277989],[1.00755266],[2.55035986]
[3.78654961],[1.04827077],[2.97275502]
[4.28383595],[1.2010414],[3.84009425]
[4.46201339],[1.28723453],[4.02346144]
[4.78857942],[1.37018042],[4.82378279]
[4.86676451],[1.43808505],[5.0003336]
[5.23033676],[1.51024825],[5.74482928]
[5.19438376],[1.55652568],[5.99294387]
[5.48334941],[1.62263736],[6.68263285]
[5.42933475],[1.64125548],[6.99960354]
[5.76451049],[1.69744279],[7.66883162]
[5.8052204],[1.71299342],[7.90148287]
[6.0993734],[1.76009558],[8.62106767]
[6.19364925],[1.84741444],[9.00239233]
[6.64616902],[1.90273363],[9.75152537]
[6.69111462],[1.96434345],[10.22201293]
[7.13498118],[2.01785377],[11.11817412]
[7.25985875],[2.07476016],[11.56299685]
[7.57042604],[2.107772],[12.52511046]
[7.56548762],[2.14092336],[12.994619]
[7.86207547],[2.17035862],[13.78296021]
[8.12680749],[2.18758378],[14.39023232]
[8.35998716],[2.20659524],[15.13852558]
[8.42682089],[2.22346403],[15.37041879]
[8.52719434],[2.24909206],[15.9620187]
[8.57958453],[2.27764562],[16.13695212]
[8.68535448],[2.30187018],[16.674465]
[8.76626178],[2.32184405],[16.94193592]
[8.88362663],[2.3581884],[17.30827647]
[8.93754655],[2.37669353],[17.51227931]
[9.00231068],[2.37212738],[17.77003746]
[9.05406128],[2.35743404],[17.93546224]
[9.08261443],[2.34539265],[18.07865024]
[9.12474621],[2.33468225],[18.09316834]
[9.12901872],[2.32048983],[18.099491]
[9.19105459],[2.30390164],[18.03007117]
[9.19700926],[2.28386333],[17.8689693]
[9.28404457],[2.26231073],[17.6639319]
[9.22365371],[2.23286913],[17.34361078]
[9.06134726],[2.18767621],[16.93294296]
[8.95053777],[2.16666049],[16.39451563]
[8.81961783],[2.14629933],[15.81471532]
[8.64569821],[2.1191633],[15.21673931]
[8.39445122],[2.08915512],[14.57112375]
[8.14929136],[2.05544253],[14.04855652]
[8.05775646],[2.01742879],[13.5818553]
[7.95631313],[1.97931324],[13.07659921]
[7.83047743],[1.93786339],[12.46170216]
[7.67677312],[1.89794247],[11.78369106]
[7.50721095],[1.85348618],[10.96380403]
[6.79922097],[1.8083415],[9.81380404]
[0.],[0.],[0.]
[0.],[0.],[0.]
[2.16221516],[0.74305421],[1.28156671]
[2.8326133],[0.95477712],[1.94031263]
[3.70010273],[1.02148428],[2.63938068]
[3.84070172],[1.07683687],[3.07562121]
[4.35406683],[1.24276193],[4.01919535]
[4.5336646],[1.33233426],[4.2520438]
[4.87401634],[1.41936136],[5.06622682]
[4.97492293],[1.48019855],[5.30463441]
[5.33611086],[1.56115444],[6.0821927]
[5.30704006],[1.60776672],[6.33110696]
[5.6175342],[1.67350513],[7.10128963]
[5.58216682],[1.68851012],[7.46435456]
[5.95940906],[1.73914742],[8.19694886]
[5.94355026],[1.80302081],[8.51293714]
[6.26912755],[1.86223356],[9.30022373]
[6.43701916],[1.93315014],[9.70295013]
[6.86329727],[1.98335154],[10.52360893]
[6.90652869],[2.03937453],[11.11361325]
[7.3925699],[2.1020163],[12.02501776]
[7.4816845],[2.143085],[12.56839449]
[7.76003742],[2.17891803],[13.5048255]
[7.83200704],[2.20840077],[13.97932512]
[8.19703504],[2.2348046],[14.96251595]
[8.4252746],[2.25102257],[15.53414118]
[8.66304395],[2.27950004],[16.35080454]
[8.84004334],[2.30822325],[16.66637915]
[8.98155563],[2.34277336],[17.36945342]
[9.0929048],[2.37308584],[17.66610767]
[9.1456979],[2.39751597],[18.30807785]
[9.23333852],[2.41766652],[18.64868729]
[9.24992935],[2.45312188],[18.97737563]
[9.30340747],[2.4834388],[19.17840057]
[9.30252719],[2.47918229],[19.36947051]
[9.38359769],[2.48494155],[19.51675928]
[9.40771589],[2.47772982],[19.61785007]
[9.51314718],[2.4660067],[19.80399614]
[9.57697513],[2.4547501],[19.86439934]
[9.69701087],[2.44266747],[19.98953052]
[9.7615622],[2.42924666],[19.91632756]
[9.8134569],[2.41578108],[19.75431643]
[9.86966401],[2.39360107],[19.47180377]
[9.74874179],[2.35960305],[19.00240119]
[9.52802124],[2.30782681],[18.30442786]
[9.23803205],[2.24968685],[17.46783938]
[9.04217511],[2.19678203],[16.89228418]
[8.94463742],[2.15077625],[16.3574441]
[8.8031503],[2.12043292],[15.76355826]
[8.63692698],[2.08678738],[15.12487329]
[8.44539384],[2.05269666],[14.45330948]
[8.16772592],[2.01224807],[13.73866302]
[8.02851777],[1.97179319],[13.04241229]
[7.9536948],[1.93135142],[12.35240552]
[7.30253586],[1.89372718],[11.00481079]
[0.],[0.],[0.]
[0.],[0.],[0.]
[2.20176524],[0.76123631],[1.32145409]
[2.87594765],[0.9749029],[2.02922374]
[3.78013334],[1.03841765],[2.78053938]
[3.94683031],[1.13164989],[3.27189556]
[4.44758941],[1.29194985],[4.26973029]
[4.6389779],[1.37981874],[4.58040691]
[4.96648886],[1.4741819],[5.37702424]
[5.10102592],[1.52361305],[5.72765453]
[5.42153232],[1.61450229],[6.43288797]
[5.46418421],[1.66186533],[6.82726425]
[5.74773962],[1.71670781],[7.60407351]
[5.79852884],[1.73732893],[8.01135527]
[6.10618798],[1.81282397],[8.86509624]
[6.1427591],[1.89332193],[9.27367603]
[6.50786915],[1.94944397],[10.02711871]
[6.66789188],[2.01006825],[10.57101087]
[7.06483024],[2.05867639],[11.529297]
[7.19753343],[2.11213696],[12.05411823]
[7.60849125],[2.17681005],[12.99852498]
[7.71408229],[2.21271411],[13.62157227]
[8.05514233],[2.24381328],[14.49401723]
[8.19105983],[2.26924908],[15.21310762]
[8.47840194],[2.30505008],[16.15674805]
[8.68305312],[2.33927712],[16.75319171]
[9.0242815],[2.37423257],[17.75310723]
[9.24851791],[2.40422174],[18.24883723]
[9.3071075],[2.44030513],[18.96933296]
[9.42119043],[2.47583179],[19.31443965]
[9.44218902],[2.52299771],[19.90583657]
[9.57075204],[2.56046586],[20.28753479]
[9.62695149],[2.61369397],[20.62824395]
[9.74403815],[2.64429923],[20.99247905]
[9.81494017],[2.63713503],[21.23180891]
[9.87659193],[2.61274459],[21.49108514]
[9.93169109],[2.59788673],[21.62957914]
[9.95323049],[2.58631585],[21.7171188]
[10.03273401],[2.57496094],[21.78896058]
[10.14259188],[2.56363033],[21.85442755]
[10.31508164],[2.55095156],[21.89260494]
[10.47664925],[2.53831429],[21.77618072]
[10.62041253],[2.51227076],[21.6818563]
[10.7120136],[2.48121017],[21.27035181]
[10.41939444],[2.44816343],[20.57951275]
[9.96506283],[2.40976675],[19.76042803]
[9.75568251],[2.37329281],[19.01581376]
[9.58581039],[2.32798122],[18.25869353]
[9.33335616],[2.2733538],[17.40650387]
[9.07829247],[2.21344466],[16.73842335]
[8.91376919],[2.11259494],[16.11297107]
[8.75911627],[2.07728945],[15.41650387]
[8.61944512],[2.03774607],[14.59675702]
[8.43112261],[1.99737619],[13.74661409]
[7.60056772],[1.95821496],[12.2173938]
[0.1235219],[0.34616016],[0.01311655]
[0.],[0.],[0.]
[2.24677767],[0.78228433],[1.3638757]
[2.92333381],[0.99420716],[2.11409971]
[3.84687318],[1.05120308],[2.90254399]
[4.05652182],[1.17184834],[3.46435117]
[4.52820258],[1.3307684],[4.47964225]
[4.74443826],[1.41857364],[4.92691816]
[5.06214439],[1.5167181],[5.68696634]
[5.20326127],[1.56927554],[6.09124884]
[5.53778457],[1.66096542],[6.75442065]
[5.61968931],[1.70116722],[7.25326176]
[5.92290774],[1.75173886],[8.06664185]
[5.96989557],[1.82677152],[8.55014979]
[6.20886532],[1.89957191],[9.47451654]
[6.37030384],[1.96759663],[9.92660641]
[6.80181511],[2.0220939],[10.79531141]
[6.85704002],[2.07961933],[11.46855553]
[7.28719832],[2.1413319],[12.37505719]
[7.47155519],[2.189079],[12.94056917]
[7.79054829],[2.24770524],[13.94521771]
[8.00787245],[2.27697889],[14.64135659]
[8.38242254],[2.32196927],[15.61698344]
[8.44496658],[2.36639486],[16.40656687]
[8.68689437],[2.40377775],[17.3918631]
[9.02140025],[2.43718802],[18.20338418]
[9.27222282],[2.4824838],[19.23586819]
[9.48768254],[2.54124975],[19.82555733]
[9.59883677],[2.60461798],[20.55871617]
[9.73362234],[2.64781449],[21.0012274]
[9.78561585],[2.68512001],[21.58667036]
[9.94037582],[2.71528407],[22.19508381]
[10.01377051],[2.75209563],[22.62714913]
[10.04803586],[2.77072826],[22.93681804]
[10.13561524],[2.76648894],[23.15184869]
[10.22437605],[2.74818085],[23.27660093]
[10.39858241],[2.72943166],[23.567868]
[10.56625472],[2.70977441],[23.7198688]
[10.72540655],[2.6906348],[23.98406737]
[10.91299969],[2.67311307],[24.07971321]
[11.05608112],[2.65748195],[24.1887713]
[11.22398175],[2.64129829],[24.18143448]
[11.43806206],[2.61500637],[24.11045414]
[11.53472472],[2.58765436],[23.85022492]
[11.56432097],[2.55757308],[23.28971791]
[11.31849248],[2.52297183],[22.4174552]
[10.84009955],[2.49086165],[21.37802808]
[10.40621428],[2.45775636],[20.50603847]
[9.98954476],[2.42302996],[19.6045588]
[9.75354651],[2.3780996],[18.86969301]
[9.58960602],[2.27658844],[18.05356424]
[9.3258484],[2.16129179],[17.11540767]
[8.97785595],[2.10830514],[16.18122067]
[8.81443914],[2.07198571],[15.37326452]
[8.10866698],[2.03509395],[13.79588574]
[0.2509505],[0.7426028],[0.07597673]
[0.],[0.],[0.]
[2.26641999],[0.80287951],[1.42927468]
[2.97590861],[1.00874984],[2.19749198]
[3.89294214],[1.06381704],[3.03471205]
[4.20736634],[1.21028058],[3.74718509]
[4.59775993],[1.36649466],[4.69504079]
[4.84329923],[1.45565178],[5.23835584]
[5.1969174],[1.55853045],[6.02065818]
[5.29307662],[1.61430134],[6.40163443]
[5.65457617],[1.69869205],[7.14032137]
[5.80817503],[1.73673586],[7.69071819]
[6.07265592],[1.78347641],[8.51401126]
[6.10146907],[1.89437413],[9.12524397]
[6.42822568],[1.9707004],[10.03762382]
[6.6606016],[2.03461461],[10.6301597]
[6.97920272],[2.08814905],[11.6079765]
[7.11796149],[2.1420544],[12.24942894]
[7.56242312],[2.20890335],[13.14566913]
[7.67127861],[2.24947333],[13.87749749]
[8.03033093],[2.30458904],[14.86266768]
[8.24303964],[2.36278622],[15.71379543]
[8.58910335],[2.4357654],[16.82558353]
[8.64376947],[2.4934234],[17.6033133]
[9.00237926],[2.5614994],[18.78687663]
[9.28935868],[2.61793989],[19.70746537]
[9.47102377],[2.67360995],[20.72532785]
[9.79730598],[2.71608712],[21.4809484]
[9.97838205],[2.7622321],[22.3411605]
[10.05892192],[2.7921017],[22.87231872]
[10.14458603],[2.81935045],[23.53141765]
[10.22662109],[2.8419248],[23.99105881]
[10.40049227],[2.86495068],[24.49256258]
[10.53156038],[2.8777338],[24.93851249]
[10.67850942],[2.87642486],[25.4590649]
[10.88570334],[2.86557983],[25.77641986]
[11.01000049],[2.85518621],[25.99123652]
[11.18936864],[2.83548168],[26.22403875]
[11.37082708],[2.81762469],[26.41113654]
[11.51703496],[2.80100629],[26.53204665]
[11.70773005],[2.78119179],[26.58403489]
[11.85900782],[2.7559021],[26.60516915]
[12.02501089],[2.72505229],[26.61072545]
[12.2296701],[2.69651542],[26.41726769]
[12.26422854],[2.66483731],[26.01199199]
[12.30418219],[2.63338006],[25.19131049]
[12.08288542],[2.60415486],[24.22902777]
[11.62659061],[2.57471471],[23.25943074]
[11.22818082],[2.54414164],[22.15399661]
[10.80827394],[2.50430384],[21.1762685]
[10.38436113],[2.44007519],[20.15613486]
[9.98573496],[2.35359147],[19.22014919]
[9.67426281],[2.2182813],[18.26182576]
[9.48696525],[2.13278337],[17.14768974]
[8.58294088],[2.09914037],[15.21966711]
[0.409926],[1.00066529],[0.23146517]
[0.],[0.],[0.]
[2.28756677],[0.83445315],[1.51935432]
[2.99486514],[1.0292058],[2.26578311]
[3.90314641],[1.07454158],[3.18818521]
[4.31111643],[1.24902134],[3.95214672]
[4.64935186],[1.40577174],[4.89869985]
[4.94882917],[1.49422384],[5.56056005]
[5.29901161],[1.59995669],[6.31598802]
[5.36324596],[1.65846141],[6.70451622]
[5.78526162],[1.73391579],[7.54554079]
[5.96155986],[1.77213188],[8.12433366]
[6.17983596],[1.84762196],[9.02163565]
[6.28782759],[1.95847782],[9.67422515]
[6.69976546],[2.03545297],[10.64693204]
[6.81268044],[2.09561324],[11.40821711]
[7.17822548],[2.1534268],[12.37990048]
[7.41730099],[2.2007283],[13.00196353]
[7.71272321],[2.27063763],[14.01884537]
[7.8799461],[2.31110075],[14.75867894]
[8.32297274],[2.38891544],[15.81579599]
[8.41745205],[2.45794876],[16.79610871]
[8.79146316],[2.58432524],[17.99152173]
[8.96298766],[2.65788892],[18.95095837]
[9.2380559],[2.7179488],[20.22685977]
[9.48326324],[2.7630655],[21.10011972]
[9.72334924],[2.80430315],[22.20332097]
[10.04527893],[2.83545578],[23.11469399]
[10.27416969],[2.87025614],[24.10183965]
[10.45964411],[2.90239874],[24.54507072]
[10.61140343],[2.93904228],[25.3408624]
[10.81373151],[2.97102917],[26.09795013]
[10.93444443],[2.99016748],[26.8488845]
[11.1372361],[3.00550486],[27.33125364]
[11.29620729],[3.02870286],[27.76656657]
[11.46439221],[3.0227761],[28.16532005]
[11.66339151],[3.00710643],[28.44894863]
[11.79591404],[2.98428685],[28.68192282]
[11.97522609],[2.96300249],[28.98941313]
[12.15815683],[2.94392248],[29.22060591]
[12.28849765],[2.92152756],[29.34643047]
[12.48743861],[2.89278012],[29.35712403]
[12.64552024],[2.8587131],[29.39549965]
[12.80125316],[2.82700752],[29.33577557]
[13.00298799],[2.78594803],[29.04018535]
[12.94905154],[2.74312339],[28.41595387]
[12.9869004],[2.70606948],[27.34174875]
[12.75437023],[2.67255996],[26.11575005]
[12.26251127],[2.64467045],[24.92250912]
[11.85465697],[2.60692544],[23.77632908]
[11.44828675],[2.55509088],[22.77610958]
[11.03593595],[2.48084838],[21.6129082]
[10.60908006],[2.40050449],[20.41415859]
[10.23241667],[2.2980826],[19.13978738]
[9.25178182],[2.16198998],[17.18291445]
[0.67263064],[1.12828104],[0.5950773]
[0.],[0.],[0.]
[2.30578827],[0.86379792],[1.59423857]
[3.03107494],[1.04478888],[2.41248827]
[3.91831588],[1.08729751],[3.42302184]
[4.41464859],[1.30067244],[4.23994538]
[4.71613205],[1.45002636],[5.18923913]
[5.07819271],[1.54374319],[5.94744836]
[5.3805722],[1.64778491],[6.66277782]
[5.51538245],[1.70412819],[7.14740034]
[5.95510784],[1.76859558],[8.02729765]
[6.09038462],[1.80852942],[8.60145031]
[6.3057568],[1.92957654],[9.64132603]
[6.57278962],[2.02040371],[10.32252999]
[6.92425566],[2.09805636],[11.36449568]
[7.02599109],[2.15379863],[12.20496259]
[7.46414205],[2.21745015],[13.1437456]
[7.62383105],[2.26417613],[13.92602734]
[7.90871386],[2.33486716],[14.92700727]
[8.19156255],[2.40358285],[15.77133976]
[8.49327535],[2.49197598],[16.94555388]
[8.66381121],[2.60792165],[17.99100124]
[9.08253511],[2.7151483],[19.31596172]
[9.24854109],[2.77070527],[20.3551117]
[9.42056719],[2.8146311],[21.50419119]
[9.77224106],[2.85333158],[22.56561084]
[10.07217907],[2.90313462],[23.78900017]
[10.28105018],[2.94393246],[24.66713517]
[10.65829675],[2.99143213],[25.85627127]
[11.02177574],[3.02852899],[26.74538554]
[11.20302606],[3.06989703],[27.63250235]
[11.4167338],[3.10205734],[28.42170019]
[11.61516662],[3.14079711],[29.19309188]
[11.74253048],[3.16059099],[29.7728222]
[11.93492076],[3.18544854],[30.3210107]
[12.11514134],[3.17643606],[30.84884791]
[12.26311219],[3.15190726],[31.32854282]
[12.46883187],[3.14547013],[31.64948668]
[12.61171817],[3.11268706],[31.8421857]
[12.78325504],[3.07906526],[32.13456882]
[12.96847645],[3.05475762],[32.37045089]
[13.09411036],[3.02525654],[32.48957477]
[13.30106352],[2.98951008],[32.53217266]
[13.4388187],[2.95304051],[32.44576544]
[13.57651827],[2.90865868],[32.26823606]
[13.69208921],[2.862425],[31.85509385]
[13.65072428],[2.82130755],[31.03918569]
[13.68070694],[2.78534255],[29.81208213]
[13.46865709],[2.74914539],[28.2652007]
[12.94897002],[2.70035668],[26.75322533]
[12.51952445],[2.65226963],[25.48279029]
[12.10645016],[2.59097373],[24.24310562]
[11.69016018],[2.52022814],[23.03296275]
[11.26652243],[2.44381952],[21.70429424]
[10.15459523],[2.35602143],[19.37828124]
[4.82599639],[1.31216245],[2.70138148]
[0.],[0.],[0.]
[2.32019188],[0.88501454],[1.6525256]
[3.04884751],[1.05405374],[2.50237332]
[3.93060551],[1.12834266],[3.61962867]
[4.47423323],[1.34309442],[4.46020795]
[4.79481863],[1.49635226],[5.48327187]
[5.16122211],[1.59068951],[6.23426621]
[5.43816695],[1.69254483],[6.98141457]
[5.63991085],[1.73899177],[7.55408787]
[6.06743577],[1.80132171],[8.46610834]
[6.19516137],[1.88181761],[9.2304136]
[6.50682393],[2.01592503],[10.25714579]
[6.7912339],[2.08850373],[11.02217245]
[7.08222924],[2.16931994],[12.20281836]
[7.31504734],[2.21889542],[12.99067197]
[7.65954023],[2.28229588],[14.03279828]
[7.83073975],[2.34584877],[14.90437625]
[8.21538597],[2.43166206],[15.94944475]
[8.37900764],[2.52031842],[16.95539944]
[8.70755903],[2.64212719],[18.22932989]
[8.98582078],[2.7378826],[19.39303021]
[9.25294591],[2.82336301],[20.72477593]
[9.44753352],[2.88513205],[21.73743245]
[9.77284616],[2.93637772],[22.98271585]
[10.0513282],[2.9822329],[24.17340723]
[10.28128951],[3.03108495],[25.41993468]
[10.65889358],[3.07146769],[26.51123616]
[11.08592466],[3.11821814],[27.9234936]
[11.48666305],[3.1565987],[28.96734325]
[11.83585459],[3.21297517],[30.04733712]
[12.04196625],[3.25939023],[30.86994025]
[12.21525261],[3.31164502],[31.78657832]
[12.41677087],[3.33013827],[32.59677404]
[12.53969288],[3.35450343],[33.24950302]
[12.74234825],[3.34945465],[33.86823935]
[12.91536849],[3.32561518],[34.41838205]
[13.06255303],[3.3237149],[34.89107376]
[13.27684714],[3.30346217],[35.25303338]
[13.41389865],[3.27144011],[35.49686776]
[13.57387098],[3.24046792],[35.80732125]
[13.75638006],[3.20727555],[36.00320885]
[13.89570164],[3.17123897],[36.16381549]
[14.07961787],[3.13857853],[36.18726048]
[14.22754056],[3.10005418],[35.99643093]
[14.34640912],[3.03571226],[35.66843641]
[14.37599387],[2.95473194],[35.00681941]
[14.34162463],[2.90322071],[33.95890232]
[14.35767969],[2.86500647],[32.48374915]
[14.10629753],[2.81850282],[30.61750099]
[13.59185123],[2.7735219],[28.7986444]
[13.12418972],[2.70759562],[27.25847615]
[12.70663533],[2.62734981],[25.85610737]
[12.24534214],[2.55901011],[24.29618807]
[11.12910493],[2.48311218],[21.9460724]
[6.19817431],[1.60576293],[6.73514975]
[0.],[0.],[0.]
[2.33096349],[0.89533555],[1.68665857]
[3.06259743],[1.05827571],[2.5581339]
[3.94162162],[1.1531983],[3.72171804]
[4.50775671],[1.36300425],[4.58161048]
[4.84039613],[1.5205806],[5.62682649]
[5.20621721],[1.6144118],[6.37433068]
[5.46827388],[1.71495701],[7.19368332]
[5.75390454],[1.75732635],[7.79676595]
[6.1225518],[1.83390428],[8.71841236]
[6.28118276],[1.93963798],[9.62088714]
[6.68316029],[2.07973361],[10.67249262]
[6.8790351],[2.14785083],[11.53659896]
[7.18845329],[2.22303608],[12.71222747]
[7.48829414],[2.27965672],[13.58492305]
[7.73657981],[2.36737169],[14.7581945]
[7.99867247],[2.44430727],[15.73168426]
[8.36423311],[2.57389834],[16.8722554]
[8.55648307],[2.67231003],[18.11078167]
[8.86809009],[2.76911844],[19.44297739]
[9.1154361],[2.84218571],[20.6352914]
[9.38251268],[2.93466901],[21.97667097]
[9.66450492],[3.00523307],[23.12465781]
[9.95952999],[3.05478937],[24.45750087]
[10.18851046],[3.0992605],[25.67382129]
[10.6064594],[3.14735719],[27.05681135]
[10.98794217],[3.18971329],[28.27987217]
[11.43533486],[3.25646779],[29.90279433]
[11.8736613],[3.30699673],[31.08882551]
[12.25371654],[3.36586613],[32.36690815]
[12.57514848],[3.411642],[33.48761254]
[12.75004761],[3.44783584],[34.39879619]
[12.93792328],[3.47303357],[35.35170963]
[13.14338522],[3.50430922],[36.21672338]
[13.28232565],[3.49990101],[37.03536843]
[13.48989447],[3.49417786],[37.76805574]
[13.66174304],[3.49416447],[38.30835863]
[13.83286948],[3.47353588],[38.75299776]
[14.04418012],[3.44545956],[39.18825358]
[14.19214785],[3.41486579],[39.51984016]
[14.36416481],[3.38299494],[39.80570633]
[14.56695496],[3.35116746],[39.91640153]
[14.68857728],[3.32307479],[39.86320211]
[14.85539392],[3.29393751],[39.73405529]
[14.99150185],[3.2430547],[39.4841586]
[15.01224293],[3.18039967],[39.0091464]
[15.02681057],[3.10868222],[38.20571845]
[14.98730102],[3.02342339],[37.01726893]
[14.98233595],[2.94994512],[35.33661228]
[14.69725821],[2.9102836],[33.28965006]
[14.22468982],[2.84540506],[31.18101851]
[13.72608312],[2.76493409],[29.24609657]
[13.23982192],[2.68108586],[27.42079925]
[12.11288509],[2.60669714],[24.7866443]
[10.56850558],[1.77761844],[11.56010477]
[1.19195392],[0.07366276],[0.00560069]
[2.34245935],[0.63714057],[1.28937676]
[3.06941975],[0.7302819],[1.93815996]
[3.94290749],[0.96704296],[2.99261077]
[4.53233219],[1.16145474],[3.83188267]
[4.93106198],[1.29202279],[4.80090465]
[5.23886084],[1.36412328],[5.4956341]
[5.50024747],[1.42953514],[6.29816766]
[5.85327338],[1.5147256],[6.91517245]
[6.16627021],[1.64643339],[7.76792798]
[6.37748897],[1.7863455],[8.75168086]
[6.82046002],[1.89114353],[9.74122899]
[6.94441368],[1.97384594],[10.66691548]
[7.34413946],[2.05494001],[11.75334998]
[7.59302169],[2.17366522],[12.75271292]
[7.82326838],[2.25425751],[13.83545398]
[8.16243293],[2.34516801],[14.86805582]
[8.45798688],[2.46984651],[16.09761169]
[8.64896379],[2.55369533],[17.30838755]
[9.01298003],[2.63568309],[18.60103831]
[9.26358713],[2.7186269],[19.87283102]
[9.48585678],[2.8214422],[21.15461386]
[9.78854511],[2.89377288],[22.39430841]
[10.07727153],[2.96748488],[23.77131052]
[10.38972354],[3.04499052],[25.06524064]
[10.74536012],[3.10986618],[26.49894823]
[11.17132073],[3.16543386],[27.92943981]
[11.66492892],[3.22291999],[29.57949722]
[12.08821111],[3.26680025],[30.87358708]
[12.52735172],[3.32217176],[32.29147864]
[12.84884249],[3.3733881],[33.37963095]
[13.09403002],[3.42096381],[34.51136813]
[13.24349394],[3.4590256],[35.57296681]
[13.45608985],[3.49994246],[36.55012585]
[13.62551276],[3.53965665],[37.51904848]
[13.79188239],[3.56182076],[38.30774378]
[14.00350849],[3.58029142],[39.1036151]
[14.16426843],[3.58314264],[39.7874774]
[14.35883674],[3.5725422],[40.31179182]
[14.55156922],[3.54475224],[40.65853034]
[14.68449445],[3.5101705],[41.02655576]
[14.89269465],[3.4748267],[41.38051497]
[15.0550143],[3.44505866],[41.41278301]
[15.18601769],[3.41511764],[41.32350702]
[15.37494165],[3.3727842],[41.17482496]
[15.35703093],[3.3137876],[40.79725331]
[15.40290608],[3.24972951],[40.2728426]
[15.3567503],[3.18658641],[39.2112668]
[15.38314876],[3.12185381],[37.73601438]
[15.32162666],[3.05970573],[35.83084982]
[14.9390619],[2.99550816],[33.61420722]
[14.5069465],[2.89876537],[31.37548463]
[13.97007603],[2.76449311],[29.16627495]
[12.87930493],[2.66511366],[26.36575623]
