meltWidth,meltDepth,meltArea
[0.],[0.],[0.]
[0.],[0.],[0.]
[0.],[0.],[0.]
[0.],[0.],[0.]
[0.],[0.],[0.]
[0.],[0.],[0.]
[0.],[0.],[0.]
[0.],[0.],[0.]
[0.],[0.],[0.]
[0.],[0.],[0.]
[0.],[0.],[0.]
[0.],[0.],[0.]
[0.],[0.],[0.]
[0.],[0.],[0.]
[0.],[0.],[0.]
[0.],[0.],[0.]
[0.],[0.],[0.]
[0.],[0.],[0.]
[0.],[0.],[0.]
[0.],[0.],[0.]
[0.],[0.],[0.]
[0.],[0.],[0.]
[0.],[0.],[0.]
[0.],[0.],[0.]
[0.],[0.],[0.]
[0.],[0.],[0.]
[0.],[0.],[0.]
[0.],[0.],[0.]
[0.],[0.],[0.]
[0.],[0.],[0.]
[0.],[0.],[0.]
[0.],[0.],[0.]
[0.],[0.],[0.]
[0.],[0.],[0.]
[0.],[0.],[0.]
[0.],[0.],[0.]
[0.],[0.],[0.]
[0.],[0.],[0.]
[0.],[0.],[0.]
[0.],[0.],[0.]
[0.],[0.],[0.]
[0.],[0.],[0.]
[0.],[0.],[0.]
[0.],[0.],[0.]
[0.],[0.],[0.]
[0.],[0.],[0.]
[0.],[0.],[0.]
[0.],[0.],[0.]
[0.],[0.],[0.]
[0.],[0.],[0.]
[0.],[0.],[0.]
[0.],[0.],[0.]
[0.],[0.],[0.]
[0.],[0.],[0.]
[0.],[0.],[0.]
[0.],[0.],[0.]
[0.29133765],[0.06218637],[0.00855661]
[1.18366173],[0.27556506],[0.22853726]
[1.24154589],[0.3183644],[0.24852823]
[1.37515279],[0.35169112],[0.31562222]
[1.76484073],[0.37762015],[0.4337773]
[1.7953273],[0.39891887],[0.46795418]
[1.87681935],[0.4181077],[0.5230364]
[1.90570206],[0.4376209],[0.55858304]
[1.9709027],[0.46859467],[0.61459669]
[1.995638],[0.49474654],[0.64565188]
[2.04675422],[0.52082179],[0.69573906]
[2.07252708],[0.54775952],[0.74349565]
[2.1089294],[0.56751844],[0.77381469]
[2.1550549],[0.58075871],[0.82358985]
[2.18113382],[0.58891255],[0.84864083]
[2.24685491],[0.59952272],[0.89876492]
[2.25949442],[0.61323739],[0.90246703]
[2.34512481],[0.61849376],[0.95663191]
[2.36207672],[0.61922575],[0.93865035]
[2.41179875],[0.6213218],[0.97423142]
[2.38638824],[0.62051404],[0.94351127]
[2.43083002],[0.61856803],[0.97860085]
[2.40168448],[0.61560554],[0.945692]
[2.4367961],[0.61368701],[0.97409091]
[2.40554724],[0.61252949],[0.93983615]
[2.43752398],[0.60991898],[0.97190381]
[2.41142538],[0.60697432],[0.93469046]
[2.44840656],[0.60264036],[0.9638426]
[2.41130475],[0.59856743],[0.92738985]
[2.48792744],[0.59757753],[0.95599325]
[2.4429941],[0.59464955],[0.95040438]
[2.49499407],[0.59372397],[0.95794739]
[2.45197417],[0.59279687],[0.94912555]
[2.45128643],[0.59143819],[0.947041]
[2.45462135],[0.59168464],[0.9496548]
[2.45144716],[0.59050056],[0.95206267]
[2.45600133],[0.58898267],[0.94662026]
[2.45395119],[0.58126507],[0.93587565]
[2.45190195],[0.57260099],[0.92570439]
[2.43245075],[0.5640759],[0.90729808]
[2.40174916],[0.5556198],[0.88414557]
[2.37172178],[0.54570138],[0.8622531]
[2.34523647],[0.53699528],[0.84394878]
[2.32688146],[0.52850426],[0.82133336]
[2.30874771],[0.51999617],[0.80013844]
[2.30435406],[0.50754673],[0.78439134]
[2.30161045],[0.49758649],[0.76706593]
[2.29521523],[0.49189596],[0.75149424]
[2.28530749],[0.48728558],[0.73971726]
[2.25251832],[0.48399576],[0.72512709]
[2.22745366],[0.47294786],[0.7043653]
[2.19911949],[0.45337486],[0.67354995]
[1.46886323],[0.06626072],[0.05650213]
[0.],[0.],[0.]
[0.],[0.],[0.]
[0.],[0.],[0.]
[1.26031352],[0.35119944],[0.29244151]
[1.724139],[0.41301019],[0.43605795]
[1.89519116],[0.47387911],[0.59968744]
[1.99351792],[0.54826008],[0.72089966]
[2.09166931],[0.60299636],[0.83677155]
[2.17221357],[0.61999219],[0.92039956]
[2.26249821],[0.64004405],[0.9712259]
[2.26086599],[0.65941916],[1.00006471]
[2.30764613],[0.67403631],[1.05084773]
[2.29835995],[0.69078385],[1.05931351]
[2.35235997],[0.70936379],[1.13509662]
[2.34258141],[0.72322887],[1.11990403]
[2.407505],[0.73930032],[1.20455919]
[2.40015978],[0.7534651],[1.19484889]
[2.56118898],[0.76803858],[1.30377675]
[2.62157593],[0.78058923],[1.32485878]
[2.72529599],[0.79097132],[1.41658734]
[2.76562889],[0.79993515],[1.4499197]
[2.81755722],[0.80790583],[1.50799161]
[2.80804862],[0.81150302],[1.50011056]
[2.83286682],[0.81330148],[1.53470644]
[2.81683243],[0.81479843],[1.52146493]
[2.83591001],[0.81519774],[1.54601508]
[2.81801115],[0.81464241],[1.52543491]
[2.83629325],[0.8155042],[1.55267074]
[2.81968515],[0.81557839],[1.53192815]
[2.84027985],[0.81466245],[1.55733941]
[2.81921837],[0.81546878],[1.53748041]
[2.85505307],[0.80776817],[1.56505984]
[2.83518802],[0.81455584],[1.56232615]
[2.85559379],[0.81407452],[1.57625074]
[2.84211399],[0.81393817],[1.56147925]
[2.83506187],[0.81319804],[1.55974717]
[2.83748958],[0.81199949],[1.56322603]
[2.83505975],[0.81275151],[1.56613024]
[2.8333538],[0.81144124],[1.56296242]
[2.83147598],[0.80356805],[1.55421811]
[2.82814715],[0.79649745],[1.54258373]
[2.81134147],[0.78994479],[1.51622401]
[2.7966573],[0.78276254],[1.49119079]
[2.78544306],[0.77413975],[1.47268823]
[2.76939722],[0.76727476],[1.45306167]
[2.76927652],[0.75977853],[1.44457527]
[2.76387424],[0.75155321],[1.4315161]
[2.75343121],[0.74507729],[1.41325767]
[2.73829919],[0.74583678],[1.39338377]
[2.7262798],[0.74397494],[1.37333444]
[2.71381136],[0.74587744],[1.35496525]
[2.6916691],[0.7477605],[1.34581004]
[2.66650749],[0.74817007],[1.34060708]
[2.62138825],[0.73776781],[1.30262544]
[2.91129417],[0.76797678],[1.31899817]
[0.],[0.],[0.]
[0.],[0.],[0.]
[0.],[0.],[0.]
[1.29147498],[0.32961777],[0.29190191]
[1.85256046],[0.41691768],[0.50928375]
[1.97162957],[0.53543869],[0.69733903]
[2.08760527],[0.61079316],[0.85297862]
[2.18093703],[0.67468649],[0.9811843]
[2.2399185],[0.68973424],[1.05062056]
[2.29946071],[0.71840421],[1.1178465]
[2.29898156],[0.7425846],[1.15346404]
[2.34734464],[0.75685603],[1.2230846]
[2.33546448],[0.76858043],[1.21063199]
[2.39199295],[0.78351774],[1.29864827]
[2.39675012],[0.79559314],[1.28991741]
[2.47406104],[0.80953068],[1.37058847]
[2.54854082],[0.8221954],[1.39494093]
[2.7185312],[0.83600027],[1.51029487]
[2.77415744],[0.84749001],[1.53708904]
[2.87215112],[0.85781199],[1.65063186]
[2.90649539],[0.86737799],[1.68062176]
[2.94199599],[0.87499961],[1.73946925]
[2.92868594],[0.877107],[1.71857047]
[2.94656044],[0.87865631],[1.76198996]
[2.9294337],[0.8802725],[1.73562741]
[2.94469667],[0.88180339],[1.76856862]
[2.92564155],[0.88294353],[1.73717708]
[2.93861189],[0.88470421],[1.772352]
[2.92014739],[0.88601396],[1.74024813]
[2.9341901],[0.88701414],[1.77232772]
[2.91219137],[0.88846056],[1.7406706]
[2.94545254],[0.88627057],[1.77902777]
[2.92394949],[0.89103884],[1.76792394]
[2.93976664],[0.89193967],[1.78426355]
[2.91608617],[0.89309485],[1.76405463]
[2.90410903],[0.89384831],[1.75979975]
[2.89969501],[0.8938668],[1.75920525]
[2.89187369],[0.89493738],[1.75821948]
[2.88768422],[0.89422037],[1.7539037]
[2.88109631],[0.88563522],[1.74122924]
[2.87332078],[0.87762876],[1.72574368]
[2.85537661],[0.87013008],[1.70014052]
[2.83259524],[0.86198484],[1.67107771]
[2.81452693],[0.8529928],[1.64390469]
[2.790248],[0.84682684],[1.61495033]
[2.78263579],[0.84017421],[1.59821057]
[2.77949502],[0.83223083],[1.58447549]
[2.77092398],[0.82596845],[1.56739734]
[2.75982252],[0.82136193],[1.54605384]
[2.74937864],[0.82050575],[1.52528848]
[2.73302021],[0.81761429],[1.4996487]
[2.70544218],[0.81559547],[1.47322597]
[2.69729051],[0.81431775],[1.48753857]
[2.67563707],[0.80773854],[1.46555287]
[3.99127765],[0.86459064],[2.11077398]
[1.68025456],[0.21289181],[0.19301189]
[0.],[0.],[0.]
[0.],[0.],[0.]
[1.51969577],[0.32376952],[0.33091156]
[1.95741791],[0.46596159],[0.61462678]
[2.06682202],[0.59149109],[0.81137451]
[2.20359717],[0.6803943],[1.00740472]
[2.28243281],[0.75148373],[1.14439359]
[2.33573756],[0.77407476],[1.23418684]
[2.38848896],[0.79337934],[1.2964433]
[2.38484085],[0.81177171],[1.32441138]
[2.42130896],[0.82502628],[1.39110718]
[2.41334735],[0.83629389],[1.39289958]
[2.46023544],[0.84997952],[1.46115012]
[2.46215599],[0.86091865],[1.46162501]
[2.61326147],[0.87387896],[1.55811851]
[2.69436287],[0.88547544],[1.57581632]
[2.84388225],[0.89331699],[1.70960945]
[2.8769048],[0.89861647],[1.70197327]
[2.9767436],[0.90576231],[1.84327532]
[2.98455397],[0.91185112],[1.83853884]
[3.03252737],[0.91686357],[1.91679868]
[2.99927129],[0.91885707],[1.87066655]
[3.0347923],[0.92064319],[1.9397834]
[3.00379442],[0.92202164],[1.89361725]
[3.02689954],[0.92378644],[1.93850365]
[2.99579632],[0.92550174],[1.89225106]
[3.01353546],[0.9271373],[1.93506132]
[2.98495378],[0.92860048],[1.89275153]
[3.00227419],[0.93035072],[1.92785587]
[2.97564474],[0.93124091],[1.8949768]
[3.00688204],[0.93177277],[1.93559552]
[2.98600506],[0.93340876],[1.9247853]
[3.00010965],[0.93452474],[1.94003387]
[2.97601691],[0.93572589],[1.91520924]
[2.9604407],[0.93669996],[1.91156006]
[2.95534813],[0.93795178],[1.91282025]
[2.94572815],[0.93938783],[1.91260353]
[2.94195738],[0.94009236],[1.91090481]
[2.93592244],[0.94052047],[1.90621432]
[2.92846215],[0.94076198],[1.89514008]
[2.90930505],[0.93680924],[1.86700331]
[2.88340289],[0.93137247],[1.8344974]
[2.857159],[0.92385525],[1.8026895]
[2.82199163],[0.91750667],[1.76784087]
[2.79771101],[0.9107468],[1.74048341]
[2.77292799],[0.90226235],[1.71563102]
[2.74684394],[0.89497771],[1.68685446]
[2.72863381],[0.88894057],[1.66154421]
[2.7129416],[0.88273472],[1.63675299]
[2.69223588],[0.87991415],[1.62404959]
[2.65428624],[0.87723304],[1.60594107]
[2.64686044],[0.87067021],[1.60196643]
[2.62618437],[0.86492896],[1.59574205]
[4.04112313],[0.91179261],[2.4327343]
[2.23223652],[0.55040572],[0.62346868]
[1.04734543],[0.14750683],[0.10004748]
[0.],[0.],[0.]
[1.83414507],[0.3518941],[0.43676614]
[2.06317483],[0.51839207],[0.73611598]
[2.20382881],[0.68419648],[0.99823451]
[2.31640213],[0.76961773],[1.19961742]
[2.38861578],[0.82486969],[1.33159352]
[2.42400841],[0.84247709],[1.40896042]
[2.47977058],[0.85964814],[1.47673939]
[2.47314613],[0.87806078],[1.50546761]
[2.50498545],[0.89090589],[1.56502275]
[2.48301122],[0.90092852],[1.55589234]
[2.52668857],[0.90842785],[1.62453571]
[2.49100685],[0.91218623],[1.58172791]
[2.73117547],[0.91625702],[1.71546263]
[2.8064889],[0.91969412],[1.71654308]
[2.94069494],[0.92409783],[1.85263685]
[2.97580633],[0.92695582],[1.8542265]
[3.06336845],[0.93323496],[1.99417725]
[3.06487048],[0.93922751],[1.97018096]
[3.10102517],[0.9431933],[2.05294011]
[3.07358877],[0.94494534],[1.99647824]
[3.10207712],[0.94631416],[2.07465082]
[3.07651597],[0.94739704],[2.01610711]
[3.09528363],[0.94880848],[2.07168299]
[3.06650022],[0.95025038],[2.01098278]
[3.08228016],[0.95167224],[2.06828869]
[3.05570906],[0.95288238],[2.00922542]
[3.0720167],[0.9544669],[2.06224708]
[3.04578933],[0.95533542],[2.00893753]
[3.07313282],[0.95598251],[2.06221364]
[3.05825884],[0.95756972],[2.04457665]
[3.06111086],[0.95858217],[2.06022669]
[3.04101373],[0.95940888],[2.03414836]
[3.01904039],[0.96017197],[2.02474538]
[3.01067688],[0.96148275],[2.02234902]
[2.99760062],[0.96292054],[2.01939991]
[2.99059053],[0.96371548],[2.01706231]
[2.98303297],[0.96411673],[2.0141603]
[2.97609549],[0.96484993],[2.00838364]
[2.95646782],[0.96569423],[1.98937386]
[2.92499761],[0.96648433],[1.96010963]
[2.89279997],[0.96663513],[1.93464856]
[2.84934532],[0.96699335],[1.90611121]
[2.81828998],[0.96286516],[1.87712217]
[2.77636358],[0.95623263],[1.83913798]
[2.73275181],[0.95042752],[1.8116319]
[2.68114989],[0.94481177],[1.78840691]
[2.63161948],[0.93637279],[1.75833486]
[2.59033582],[0.92739328],[1.73300261]
[2.53069722],[0.91862832],[1.69047763]
[2.54684016],[0.91019067],[1.69464024]
[2.53935511],[0.89688415],[1.69704332]
[4.04629257],[0.95389514],[2.44772757]
[2.2974763],[0.62067364],[0.77769996]
[1.27818427],[0.37873668],[0.24432975]
[0.13941353],[0.0277944],[0.00122801]
[1.86289155],[0.33483182],[0.40650379]
[2.15976477],[0.57702555],[0.85744684]
[2.31430337],[0.73244422],[1.15312116]
[2.40421065],[0.81701019],[1.34222195]
[2.48378171],[0.87026181],[1.49109225]
[2.50017097],[0.89283904],[1.55384641]
[2.55188744],[0.91282573],[1.63844734]
[2.52493357],[0.92340507],[1.63075943]
[2.57889726],[0.92802332],[1.70820501]
[2.58310817],[0.93122113],[1.66844924]
[2.67686769],[0.93414536],[1.76394299]
[2.69114297],[0.9349444],[1.71692913]
[2.8723135],[0.93663599],[1.85756239]
[2.9520304],[0.93805412],[1.85110275]
[3.05344904],[0.94078135],[1.99856207]
[3.08713484],[0.94304635],[1.98164614]
[3.14902237],[0.95008101],[2.12464698]
[3.15138495],[0.95585959],[2.09050038]
[3.17834469],[0.96062365],[2.18717906]
[3.15589121],[0.96328056],[2.12465356]
[3.17895628],[0.96539265],[2.20918396]
[3.1586231],[0.96695768],[2.14363747]
[3.17293709],[0.96889165],[2.20527796]
[3.14943886],[0.97060568],[2.13609572]
[3.15930914],[0.97252881],[2.1984897]
[3.13798498],[0.9740456],[2.1313759]
[3.14944145],[0.97623826],[2.19137991]
[3.12907892],[0.97756909],[2.12903095]
[3.16014708],[0.97848648],[2.22036954]
[3.14110133],[0.98049258],[2.16533555]
[3.15205496],[0.98186622],[2.22499493]
[3.12342523],[0.98324016],[2.15254392]
[3.09649847],[0.98461401],[2.14029667]
[3.08731486],[0.98590833],[2.13608773]
[3.07388338],[0.9873079],[2.13258977]
[3.06655872],[0.98820231],[2.13117979]
[3.06211006],[0.98785119],[2.13089358]
[3.05574776],[0.98783826],[2.12791951]
[3.03677321],[0.98789654],[2.11030776]
[3.00325613],[0.98797634],[2.08214848]
[2.96646936],[0.98800597],[2.07310667]
[2.89949282],[0.99341966],[2.06196506]
[2.87369142],[1.01132709],[2.10536889]
[2.82514989],[1.02262246],[2.12926733]
[2.77311251],[1.029369],[2.15099456]
[2.71961298],[1.03954872],[2.20181366]
[2.68046888],[1.04480459],[2.23552727]
[2.64861188],[1.0381337],[2.23773357]
[2.56164356],[1.03204636],[2.21133006]
[2.57809102],[1.02503964],[2.2302438]
[2.54467402],[1.01122924],[2.21423495]
[4.29297144],[0.98553379],[2.62082932]
[2.32577004],[0.66855494],[0.82008491]
[1.32228012],[0.42198942],[0.29013993]
[0.44110878],[0.16297811],[0.03278266]
[1.9230548],[0.36292743],[0.45606092]
[2.22464483],[0.62224541],[0.95098385]
[2.36915307],[0.76940013],[1.24922432]
[2.45364791],[0.8508046],[1.44152268]
[2.52636371],[0.8984046],[1.58687635]
[2.52935641],[0.91575518],[1.6289666]
[2.63060852],[0.92778578],[1.72156191]
[2.67410973],[0.93788911],[1.71287505]
[2.75705929],[0.94230497],[1.80723404]
[2.79355878],[0.94617383],[1.779697]
[2.88602018],[0.94825826],[1.88826384]
[3.01240676],[0.9499731],[1.89906041]
[3.09964373],[0.95250526],[2.03927762]
[3.13625266],[0.95485468],[2.01880743]
[3.19190307],[0.95690109],[2.15905348]
[3.21102953],[0.96033409],[2.14250222]
[3.24957997],[0.96853112],[2.26992126]
[3.24886753],[0.97875999],[2.23950022]
[3.26185405],[0.98061924],[2.34073027]
[3.26238213],[1.00662579],[2.3073931]
[3.26351785],[0.99088052],[2.38463938]
[3.26003247],[1.01567519],[2.33844782]
[3.26207395],[0.99131984],[2.39592808]
[3.24467223],[1.02175212],[2.34650941]
[3.25246798],[0.99405073],[2.39806868]
[3.23538424],[1.02412728],[2.35398072]
[3.24679254],[0.99635376],[2.40847725]
[3.2312349],[1.02603386],[2.35723894]
[3.24218521],[1.01254757],[2.43280886]
[3.24399172],[1.02765802],[2.40390414]
[3.23365531],[1.01648048],[2.43657395]
[3.23013643],[1.0152622],[2.39510452]
[3.20610478],[1.01641664],[2.38592759]
[3.19941429],[1.0177233],[2.38640924]
[3.18991122],[1.02131545],[2.3843581]
[3.18526627],[1.02665563],[2.3901218]
[3.18078847],[1.03128152],[2.39761251]
[3.17490467],[1.02893126],[2.4044543]
[3.16397689],[1.02247432],[2.44196148]
[3.14154777],[1.04727863],[2.49120576]
[3.11556489],[1.07033504],[2.53423573]
[3.07538156],[1.09341899],[2.54202679]
[3.05100642],[1.11343228],[2.57623513]
[3.01179038],[1.13114719],[2.58115428]
[2.96573741],[1.15067137],[2.58955214]
[2.91159435],[1.16085773],[2.59153439]
[2.86783902],[1.15782699],[2.58790593]
[2.82774907],[1.13625707],[2.57786619]
[2.75347855],[1.12039748],[2.55200045]
[2.75094071],[1.10673852],[2.55325321]
[2.72049155],[1.09580403],[2.5408944]
[4.62108274],[1.01770554],[2.86550587]
[2.46367547],[0.68014622],[0.88300242]
[1.41560745],[0.43485974],[0.32685315]
[0.54002063],[0.18656122],[0.0467403]
[2.00834424],[0.40368355],[0.54613476]
[2.26992293],[0.65542081],[1.03264758]
[2.40255534],[0.79708252],[1.31934396]
[2.48260654],[0.86739409],[1.50921515]
[2.55011024],[0.91206303],[1.64915235]
[2.54581486],[0.92792253],[1.68384293]
[2.76161289],[0.93964018],[1.79688687]
[2.84850986],[0.95047065],[1.81520472]
[2.90797515],[0.95530949],[1.91345187]
[3.01943376],[0.96136112],[1.94082336]
[3.08482265],[0.96712858],[2.06538047]
[3.14925602],[0.96956977],[2.07289236]
[3.1961671],[0.97224435],[2.18874803]
[3.22017757],[0.97375544],[2.16902605]
[3.24975345],[0.9754055],[2.28702459]
[3.28951798],[0.97908651],[2.27078022]
[3.29043475],[0.99567597],[2.40771065]
[3.34757802],[1.02105488],[2.41455353]
[3.30066185],[1.0358072],[2.50735833]
[3.35133851],[1.05279528],[2.48780969]
[3.29469782],[1.04750176],[2.55015638]
[3.34357749],[1.06192181],[2.51490597]
[3.29015713],[1.04757364],[2.5592635]
[3.3333512],[1.06868081],[2.51860256]
[3.28460577],[1.04954431],[2.56603768]
[3.3107392],[1.0755742],[2.52521201]
[3.28040551],[1.05137447],[2.57284437]
[3.29767114],[1.07837375],[2.53321808]
[3.27632088],[1.06582024],[2.58482664]
[3.30279126],[1.07945223],[2.57955561]
[3.27125881],[1.06899455],[2.59103522]
[3.27915761],[1.06762947],[2.57468069]
[3.25889218],[1.0685365],[2.56600589]
[3.25515355],[1.06991175],[2.56840525]
[3.25045963],[1.07402966],[2.5723111]
[3.24547772],[1.07898404],[2.57811474]
[3.243486],[1.08330882],[2.6344325]
[3.23973255],[1.1055105],[2.72485156]
[3.23436061],[1.12560664],[2.79111759]
[3.21906661],[1.14596258],[2.83433477]
[3.20099826],[1.16232403],[2.86834058]
[3.17615624],[1.17837475],[2.89512306]
[3.15657576],[1.19151812],[2.91479486]
[3.13212319],[1.20168513],[2.93399896]
[3.09967424],[1.20905963],[2.94547522]
[3.06091371],[1.21817167],[2.9533511]
[3.0295071],[1.21763949],[2.96240406]
[3.00074036],[1.20555094],[2.96625361]
[2.95210696],[1.19218661],[2.97388762]
[2.93602136],[1.17370285],[2.99217318]
[2.91185389],[1.15873898],[3.01941303]
[4.90049864],[1.03803039],[3.18159361]
[2.79745229],[0.68552466],[1.02310657]
[1.49256831],[0.44127021],[0.36622936]
[0.6245443],[0.21052142],[0.06164712]
[2.11389246],[0.45913685],[0.66905124]
[2.31677913],[0.69427266],[1.13542945]
[2.43926997],[0.8240367],[1.40565567]
[2.51396049],[0.88481364],[1.58671841]
[2.56996764],[0.93127435],[1.71684822]
[2.68013021],[0.94443166],[1.77379635]
[2.92199243],[0.95823195],[1.91828567]
[3.02611062],[0.96964137],[1.94469131]
[3.08583622],[0.97517871],[2.0667727]
[3.16193202],[0.98041444],[2.09586027]
[3.18129425],[0.9855137],[2.18804529]
[3.22722536],[0.98941642],[2.19481513]
[3.24569448],[0.99395726],[2.28992001]
[3.27904719],[0.99551999],[2.27717463]
[3.27904902],[0.99717513],[2.41384027]
[3.37075312],[1.01094688],[2.44154714]
[3.36308301],[1.04447465],[2.56282381]
[3.42487583],[1.06797267],[2.58700316]
[3.37569779],[1.08857075],[2.66717051]
[3.42798071],[1.0973285],[2.67413778]
[3.37028634],[1.09878573],[2.72688111]
[3.41954602],[1.10461083],[2.70282729]
[3.36175781],[1.09681639],[2.72879255]
[3.41029048],[1.10930929],[2.69952972]
[3.33675902],[1.09642166],[2.72541431]
[3.38755497],[1.11415932],[2.70053295]
[3.32389319],[1.09602875],[2.72768645]
[3.37349027],[1.11861978],[2.70480176]
[3.34436911],[1.10752112],[2.74875644]
[3.3822071],[1.11834888],[2.74569675]
[3.33279183],[1.10841004],[2.7497833]
[3.35632386],[1.10648777],[2.73390866]
[3.30077501],[1.10647872],[2.71637422]
[3.29185085],[1.10744973],[2.71612223]
[3.28954631],[1.11022163],[2.71824286]
[3.28411803],[1.11364301],[2.72472002]
[3.28158815],[1.11670822],[2.78222983]
[3.27736287],[1.13582637],[2.85316783]
[3.27207579],[1.15491463],[2.90584165]
[3.25586136],[1.17577412],[2.94002562]
[3.23600952],[1.19302846],[2.96580293]
[3.2096111],[1.21058354],[2.9869874]
[3.18757569],[1.22189661],[3.00210255]
[3.1610854],[1.23071312],[3.03126014]
[3.12570143],[1.23764645],[3.04607707]
[3.08592922],[1.24463021],[3.05775954]
[3.05098485],[1.24728324],[3.06574385]
[3.01644341],[1.23567591],[3.07808721]
[2.96344983],[1.22363536],[3.09273409]
[2.94611999],[1.20652122],[3.11006548]
[2.91288875],[1.18663031],[3.12654558]
[5.15301754],[1.08258204],[3.54919337]
[3.09896171],[0.70449447],[1.2425542]
[1.752783],[0.46256484],[0.42997272]
[0.62571451],[0.21518294],[0.06281207]
[2.18678466],[0.50073033],[0.75208265]
[2.34219275],[0.72147855],[1.20312925]
[2.46544762],[0.83950887],[1.46657708]
[2.53914597],[0.9009319],[1.66004881]
[2.58572441],[0.94797359],[1.7735149]
[2.81663547],[0.96001042],[1.86501606]
[3.00016042],[0.97338423],[2.00389941]
[3.13027433],[0.98344607],[2.06241408]
[3.15934624],[0.98868925],[2.1821104]
[3.22298604],[0.99344007],[2.2161649]
[3.22623901],[0.99787175],[2.29357565]
[3.269593],[1.0017143],[2.32295106]
[3.27440486],[1.00640514],[2.44525966]
[3.34196671],[1.01411564],[2.47791884]
[3.32032306],[1.04177226],[2.58440361]
[3.4353469],[1.06509322],[2.62226812]
[3.42330115],[1.0924739],[2.72945785]
[3.48284632],[1.11229701],[2.7661143]
[3.43374775],[1.12843988],[2.84220391]
[3.48466215],[1.13752619],[2.84642153]
[3.42578165],[1.13854982],[2.88512928]
[3.47406493],[1.14485122],[2.8704688]
[3.41649107],[1.13702336],[2.88719648]
[3.46395874],[1.14865027],[2.8642257]
[3.3892686],[1.13626281],[2.88173382]
[3.43777137],[1.15314967],[2.86255015]
[3.37309989],[1.13529083],[2.88075094]
[3.42013425],[1.15696348],[2.86154841]
[3.39426807],[1.14536929],[2.8960323]
[3.42511908],[1.15570152],[2.89786136]
[3.38033066],[1.1449794],[2.8957982]
[3.40328179],[1.14244674],[2.88519538]
[3.35768185],[1.14322873],[2.86710499]
[3.3417992],[1.14497199],[2.86706621]
[3.32195375],[1.14754144],[2.87636856]
[3.30495464],[1.15083004],[2.93116815]
[3.30004224],[1.17476388],[2.99672497]
[3.29578649],[1.19503085],[3.04434524]
[3.29124941],[1.20977243],[3.07679478]
[3.27575401],[1.22469028],[3.09053516]
[3.25433318],[1.23856687],[3.10152629]
[3.22629673],[1.25287258],[3.11210091]
[3.20298139],[1.26462263],[3.14029718]
[3.1779926],[1.27050182],[3.16577764]
[3.14192591],[1.27516103],[3.17416754]
[3.09932713],[1.28100779],[3.17718262]
[3.06061643],[1.28427266],[3.21085103]
[3.01840584],[1.2714284],[3.23176596]
[2.95446364],[1.25820512],[3.24394787]
[2.9334039],[1.24445954],[3.26913875]
[2.89582338],[1.22318565],[3.27973255]
[5.12160021],[1.13776006],[3.74209345]
[3.05236705],[0.75752054],[1.31026529]
[1.80710094],[0.49454902],[0.4507762]
[0.69171763],[0.1534433],[0.04717819]
[2.2381156],[0.55041649],[0.82958997]
[2.37018394],[0.73825993],[1.25796608]
[2.48401417],[0.85299672],[1.51373393]
[2.54626844],[0.91422973],[1.69564951]
[2.62906776],[0.95836192],[1.81760954]
[2.87683734],[0.97016572],[1.91853825]
[3.04100453],[0.98361385],[2.05602016]
[3.1662117],[0.99319297],[2.12567654]
[3.18476798],[0.99821056],[2.23611287]
[3.24670794],[1.00248653],[2.28887622]
[3.24524626],[1.00680245],[2.39909096]
[3.29530761],[1.01027832],[2.43408054]
[3.29003813],[1.01481952],[2.54563709]
[3.3771065],[1.03869449],[2.57323565]
[3.35994244],[1.06654858],[2.67424953]
[3.4689941],[1.08885809],[2.72659582]
[3.45694711],[1.1157324],[2.829557]
[3.51294034],[1.13435038],[2.86902443]
[3.46908581],[1.15133417],[2.94043263]
[3.5171155],[1.15812901],[2.94415781]
[3.46357091],[1.16261509],[2.98185213]
[3.50649012],[1.16614667],[2.96969629]
[3.45335901],[1.16087451],[2.98291754]
[3.50033656],[1.16992187],[2.96287568]
[3.42737936],[1.16002967],[2.97337533]
[3.47302876],[1.17284579],[2.953706]
[3.4112718],[1.15786028],[2.96788912]
[3.45615965],[1.1753056],[2.94921359]
[3.43328884],[1.16638845],[2.97663288]
[3.45934218],[1.1746081],[2.9816619]
[3.42116703],[1.16544435],[2.98090748]
[3.44003302],[1.16274969],[2.97306922]
[3.39949546],[1.16345537],[2.95536494]
[3.38445978],[1.1654692],[2.95717442]
[3.3693582],[1.16737945],[2.96258047]
[3.35859514],[1.16960806],[2.99283353]
[3.34950235],[1.17637012],[3.02951989]
[3.33425463],[1.1976145],[3.079203]
[3.31262757],[1.21298392],[3.11227702]
[3.29567588],[1.22836629],[3.12487433]
[3.27419723],[1.24263831],[3.13244713]
[3.2453859],[1.25727897],[3.13874202]
[3.22121947],[1.26542299],[3.15038152]
[3.19575166],[1.27161993],[3.17396872]
[3.16114568],[1.27590932],[3.1830976]
[3.1181845],[1.2814251],[3.1853209]
[3.07653369],[1.2866792],[3.20735464]
[3.03246271],[1.27299542],[3.23096469]
[2.96250631],[1.25910567],[3.24356943]
[2.93554796],[1.24413561],[3.26083276]
[2.8888136],[1.22205734],[3.27102756]
[5.164794],[1.18168821],[3.90378158]
[3.21403701],[0.79395447],[1.37272956]
[1.95332759],[0.52013916],[0.47462898]
[0.83250687],[0.17930074],[0.06821516]
[2.2084608],[0.57236764],[0.83691275]
[2.377239],[0.75167283],[1.28613682]
[2.49356049],[0.86164336],[1.54062722]
[2.54921386],[0.92799865],[1.71902842]
[2.65974129],[0.96818493],[1.84869475]
[2.92172009],[0.97994669],[1.96086412]
[3.07536231],[0.99317769],[2.10266849]
[3.18566914],[1.00209138],[2.15342947]
[3.20258066],[1.00663739],[2.27309808]
[3.26697653],[1.01087773],[2.35158906]
[3.26391215],[1.01509395],[2.4627778]
[3.33032391],[1.01842431],[2.50136512]
[3.31221504],[1.02970074],[2.60037293]
[3.41221837],[1.05366941],[2.64689121]
[3.4012611],[1.08163951],[2.75140596]
[3.50513899],[1.10385905],[2.811655]
[3.49937132],[1.13090209],[2.91768483]
[3.55275991],[1.1492213],[2.96103175]
[3.51362743],[1.16596783],[3.03402228]
[3.55639723],[1.17257626],[3.04152188]
[3.5074586],[1.18163374],[3.08001902]
[3.54528465],[1.18084615],[3.06821845]
[3.49656305],[1.17946806],[3.08097541]
[3.54049152],[1.18427882],[3.06076627]
[3.47348324],[1.17836424],[3.07107863]
[3.51484463],[1.18790405],[3.05084391]
[3.45900244],[1.17727243],[3.0645295]
[3.49890626],[1.19101279],[3.04681027]
[3.48145507],[1.18618567],[3.06796292]
[3.50130254],[1.19196509],[3.07597739]
[3.47086533],[1.18603441],[3.07946842]
[3.48340341],[1.18367066],[3.07380191]
[3.44947492],[1.18523092],[3.05847671]
[3.43133224],[1.1869518],[3.0584934]
[3.41619553],[1.18888085],[3.06284285]
[3.40542137],[1.19057216],[3.08065772]
[3.4011166],[1.19247889],[3.1029555]
[3.3913059],[1.20822829],[3.13936948]
[3.3709238],[1.2237027],[3.16849716]
[3.33764461],[1.2391075],[3.18022183]
[3.29754323],[1.25335997],[3.18764922]
[3.27139865],[1.26439183],[3.18872942]
[3.24644466],[1.27117285],[3.18821427]
[3.221366],[1.27998686],[3.21448089]
[3.19001597],[1.28387172],[3.22593993]
[3.14836044],[1.28966026],[3.22839777]
[3.10861839],[1.29382326],[3.24055871]
[3.06571698],[1.27932494],[3.2648274]
[2.99883417],[1.26457443],[3.27907075]
[2.96836233],[1.25026411],[3.29627413]
[2.92107233],[1.227133],[3.30496042]
[5.19820321],[1.21769204],[4.04865521]
[3.16730945],[0.8095747],[1.38287383]
[1.91768176],[0.5184283],[0.4407073]
[0.79608681],[0.17632863],[0.06309108]
[2.18826906],[0.60414627],[0.8711899]
[2.38850293],[0.77116471],[1.32502972]
[2.50763084],[0.87494072],[1.57976191]
[2.55359045],[0.94567851],[1.75196048]
[2.70243594],[0.98017333],[1.89090429]
[2.98795396],[0.99144932],[2.01652976]
[3.12367907],[1.004005],[2.15440511]
[3.22360689],[1.01181296],[2.20042794]
[3.23280958],[1.01602363],[2.336224]
[3.29774106],[1.01999197],[2.42925368]
[3.28872856],[1.02418333],[2.54007635]
[3.37585274],[1.02776134],[2.58199508]
[3.36403222],[1.0456716],[2.67987566]
[3.45932315],[1.0694583],[2.7335144]
[3.45778585],[1.09785676],[2.8449094]
[3.5578046],[1.12073427],[2.91757632]
[3.55651857],[1.1474],[3.01767208]
[3.6014577],[1.16507589],[3.06436825]
[3.56690637],[1.17995041],[3.12902783]
[3.60274759],[1.18644906],[3.14094901]
[3.55955465],[1.19639546],[3.17415287]
[3.59354348],[1.19526574],[3.16880205]
[3.55151235],[1.19691196],[3.17946382]
[3.59223914],[1.19851003],[3.16237684]
[3.53390435],[1.19588887],[3.1708391]
[3.56810092],[1.20194234],[3.15120226]
[3.51993002],[1.19487368],[3.1644843]
[3.55276759],[1.20615961],[3.15037465]
[3.54613727],[1.2043837],[3.17038024]
[3.55929368],[1.20947325],[3.184781]
[3.53464661],[1.20507318],[3.17912404]
[3.5387697],[1.20270462],[3.17681582]
[3.51069527],[1.20425617],[3.16005739]
[3.48865615],[1.20585873],[3.15816039]
[3.47257652],[1.20766017],[3.161262]
[3.46140218],[1.20923645],[3.16267169]
[3.45455908],[1.21028947],[3.17555465]
[3.44339674],[1.20852692],[3.18460786]
[3.4250776],[1.22535113],[3.20598274]
[3.40028808],[1.24202863],[3.21716084]
[3.35405089],[1.25867978],[3.23093951]
[3.30043367],[1.26799058],[3.23461328]
[3.27478779],[1.27502736],[3.23009201]
[3.24859426],[1.28100539],[3.23241259]
[3.21728705],[1.28507767],[3.24057453]
[3.17471832],[1.29178158],[3.24013057]
[3.13531623],[1.29616064],[3.2436634]
[3.09214621],[1.2816038],[3.25771288]
[3.02297993],[1.26640676],[3.26958165]
[2.98860993],[1.24648234],[3.27916546]
[2.94010259],[1.22218606],[3.28015663]
[5.22086321],[1.25093956],[4.18454581]
[3.1424498],[0.81815044],[1.42251345]
[1.89073536],[0.52716053],[0.46329406]
[0.76635089],[0.17289179],[0.05918055]
[2.16898574],[0.62303002],[0.88911835]
[2.39880264],[0.7823539],[1.35306538]
[2.51770469],[0.8875421],[1.60990736]
[2.55835759],[0.95782182],[1.7757902]
[2.74027754],[0.98847183],[1.92746151]
[3.0284718],[0.99974639],[2.06303168]
[3.15501243],[1.01252677],[2.19608067]
[3.25515789],[1.01956625],[2.26102435]
[3.25889758],[1.02384996],[2.45180461]
[3.32901516],[1.02786034],[2.54260935]
[3.30624458],[1.03255299],[2.6471354]
[3.40727311],[1.04673217],[2.69998486]
[3.40097804],[1.0758336],[2.80192163]
[3.49485274],[1.09940417],[2.8682107]
[3.50006167],[1.1263889],[2.98642395]
[3.59496742],[1.14800584],[3.05954547]
[3.59757536],[1.17825064],[3.15216914]
[3.63497786],[1.20134899],[3.19498163]
[3.60381636],[1.21967404],[3.25223935]
[3.63578169],[1.22395603],[3.26093798]
[3.59838223],[1.22404454],[3.29378126]
[3.62812829],[1.22463941],[3.29025514]
[3.59031407],[1.22432708],[3.30182836]
[3.62823153],[1.22279978],[3.28734478]
[3.57505664],[1.22418088],[3.29749105]
[3.60550153],[1.2256649],[3.27989136]
[3.55961946],[1.22216237],[3.29127957]
[3.59194632],[1.2289737],[3.28013643]
[3.58697763],[1.22750106],[3.29372505]
[3.59413394],[1.23279654],[3.31314228]
[3.57455982],[1.2288483],[3.30290719]
[3.57340125],[1.22910465],[3.30656759]
[3.55108078],[1.23098483],[3.29170081]
[3.52674503],[1.23250293],[3.29128234]
[3.5101245],[1.23786775],[3.29314406]
[3.49778889],[1.24016758],[3.31345943]
[3.49055207],[1.23588296],[3.32479892]
[3.47956164],[1.25243346],[3.34719488]
[3.46131018],[1.26668107],[3.36440432]
[3.43796512],[1.28101356],[3.37014346]
[3.39580708],[1.29436026],[3.37264287]
[3.34235761],[1.30357516],[3.37254451]
[3.29944293],[1.31022293],[3.3663492]
[3.27964868],[1.31578176],[3.38180439]
[3.25098562],[1.31975686],[3.38561135]
[3.21142564],[1.32623893],[3.37690321]
[3.17112476],[1.3296047],[3.40269464]
[3.12462364],[1.31655883],[3.43085442]
[3.0688714],[1.30211237],[3.451534]
[3.02911187],[1.28486433],[3.4715544]
[2.99194368],[1.26026006],[3.47601215]
[5.20164578],[1.28048451],[4.2908771]
[3.03918795],[0.82511182],[1.41853375]
[1.78687159],[0.52721822],[0.43956962]
[0.66576639],[0.1555209],[0.04538414]
[2.12974373],[0.6149466],[0.849995]
[2.40118366],[0.78906268],[1.36278763]
[2.52537264],[0.89616013],[1.63237965]
[2.56065824],[0.96580974],[1.79082429]
[2.77802129],[0.99486527],[1.95439563]
[3.06364342],[1.00622164],[2.10018617]
[3.19214899],[1.01911626],[2.23777107]
[3.28172641],[1.02595493],[2.32168909]
[3.28168879],[1.03026972],[2.54026995]
[3.36212382],[1.03453744],[2.62455649]
[3.33675906],[1.04250444],[2.72609756]
[3.44421539],[1.0642228],[2.7857929]
[3.44503817],[1.09267639],[2.89395315]
[3.53451004],[1.11628213],[2.96813188]
[3.54655719],[1.15248293],[3.08648991]
[3.63396004],[1.1933698],[3.15870167]
[3.64360899],[1.22004635],[3.24656368]
[3.67390372],[1.23164077],[3.28133794]
[3.64772033],[1.24254043],[3.3327033]
[3.68881434],[1.24917615],[3.35119031]
[3.64419697],[1.25128157],[3.37796472]
[3.70237913],[1.25293116],[3.3967923]
[3.64846907],[1.25240623],[3.39790204]
[3.72384863],[1.25079823],[3.40684547]
[3.64353557],[1.25156276],[3.3950591]
[3.70413414],[1.25108272],[3.39814395]
[3.62855149],[1.24959774],[3.38778727]
[3.69111656],[1.2502759],[3.39745686]
[3.67611469],[1.24783965],[3.40664566]
[3.6943148],[1.25076945],[3.42975295]
[3.66534041],[1.25317327],[3.4101764]
[3.67238633],[1.25666841],[3.42244491]
[3.6408174],[1.25946927],[3.39873855]
[3.61153887],[1.26251518],[3.39603595]
[3.58931678],[1.26728259],[3.39501457]
[3.57594826],[1.27042189],[3.40836863]
[3.57051722],[1.25924093],[3.41778775]
[3.55934643],[1.26441764],[3.42598693]
[3.53758755],[1.27722558],[3.43111079]
[3.48927957],[1.2915085],[3.42621218]
[3.44713589],[1.3011487],[3.42364906]
[3.39334419],[1.30913739],[3.41988527]
[3.34416595],[1.3158361],[3.41393511]
[3.30103957],[1.32111959],[3.42294245]
[3.28309376],[1.32531804],[3.43151018]
[3.25481167],[1.33263762],[3.43103457]
[3.21923548],[1.33866176],[3.46146626]
[3.18112621],[1.32789729],[3.49104468]
[3.13420476],[1.31300977],[3.51141023]
[3.08919565],[1.29309775],[3.5248772]
[3.05324517],[1.26830245],[3.53360361]
[5.17750982],[1.29776863],[4.31129804]
[2.94110928],[0.81787958],[1.36546814]
[1.65452461],[0.51312314],[0.3925749]
[0.53378369],[0.12610905],[0.02852107]
[2.14123731],[0.62555056],[0.87748321]
[2.40886567],[0.80351565],[1.3909657]
[2.53347737],[0.91143298],[1.66487801]
[2.56342748],[0.97908634],[1.81724083]
[2.83605921],[1.00390694],[1.9994319]
[3.11660444],[1.01516709],[2.15244562]
[3.23291134],[1.02833891],[2.27922357]
[3.31405581],[1.03487576],[2.38739556]
[3.30639554],[1.03949265],[2.62307319]
[3.41021642],[1.04524162],[2.71163718]
[3.39419348],[1.05958197],[2.81253085]
[3.49561798],[1.08122834],[2.88328287]
[3.50333511],[1.10947516],[2.99457772]
[3.58714195],[1.149677],[3.07363561]
[3.60615186],[1.20091365],[3.18747766]
[3.68178995],[1.22737402],[3.25178226]
[3.69669086],[1.24321115],[3.32773149]
[3.76257417],[1.25465068],[3.38971955]
[3.73091387],[1.26623721],[3.42871113]
[3.78515027],[1.27324878],[3.46935115]
[3.75298229],[1.27667939],[3.48969908]
[3.79262761],[1.28020344],[3.51224386]
[3.76856852],[1.28134534],[3.52123469]
[3.81084056],[1.27996113],[3.52636432]
[3.7668837],[1.2797283],[3.51886934]
[3.79686985],[1.2789082],[3.51775992]
[3.7550097],[1.27758571],[3.51166388]
[3.7874888],[1.27733436],[3.51764243]
[3.79019558],[1.27090164],[3.52735329]
[3.78943637],[1.27811864],[3.54421741]
[3.78078943],[1.28076715],[3.53048281]
[3.77043848],[1.28414387],[3.53812852]
[3.75774102],[1.28634006],[3.51705256]
[3.72823576],[1.28918996],[3.51252452]
[3.71179139],[1.29256111],[3.50974779]
[3.70058704],[1.29517859],[3.5134433]
[3.69440775],[1.28488772],[3.52146689]
[3.68910211],[1.27552737],[3.52175612]
[3.67593375],[1.28149427],[3.51872582]
[3.6486696],[1.29166025],[3.50158567]
[3.56826446],[1.29932084],[3.47201382]
[3.45473015],[1.30767603],[3.44906652]
[3.40561239],[1.31441044],[3.44143365]
[3.36124851],[1.32239493],[3.44444901]
[3.31649734],[1.32758571],[3.45704394]
[3.2867056],[1.33521965],[3.46318178]
[3.26345854],[1.33998912],[3.4692436]
[3.23329922],[1.32855251],[3.49112636]
[3.19363723],[1.31143294],[3.50093694]
[3.13675194],[1.2832829],[3.49693881]
[3.07149056],[1.24904867],[3.48513094]
[5.18680262],[1.31458383],[4.3845583]
[2.93776501],[0.8155108],[1.39830812]
[1.62495425],[0.52812592],[0.39921074]
[0.50421841],[0.11716333],[0.02477752]
[2.12586127],[0.62145944],[0.86447406]
[2.41497311],[0.81167252],[1.40937328]
[2.540176],[0.92236007],[1.688672]
[2.5670189],[0.98965841],[1.83741928]
[2.87325113],[1.01179969],[2.03773846]
[3.15049074],[1.02329407],[2.19742124]
[3.26892561],[1.03675995],[2.35371671]
[3.34798905],[1.04266102],[2.51176702]
[3.33255725],[1.05074449],[2.7453711]
[3.44552224],[1.05961947],[2.83166355]
[3.43505743],[1.08996833],[2.94577847]
[3.53153319],[1.1228993],[3.0248681]
[3.54464757],[1.17613305],[3.13707397]
[3.6240604],[1.20774918],[3.20520943]
[3.64838655],[1.23904432],[3.3037749]
[3.75540409],[1.26187497],[3.39000235]
[3.77507683],[1.27661375],[3.46118775]
[3.82772307],[1.28865233],[3.52392422]
[3.80995071],[1.30131933],[3.56117136]
[3.83905957],[1.3084749],[3.59421384]
[3.82404394],[1.3126614],[3.62069601]
[3.84351743],[1.31573132],[3.63549059]
[3.83410634],[1.31755819],[3.65182072]
[3.85776615],[1.31730344],[3.64912134]
[3.8339452],[1.31702041],[3.65159292]
[3.84966574],[1.31629127],[3.64463602]
[3.82363247],[1.31503543],[3.64398616]
[3.84319216],[1.31438875],[3.64500523]
[3.85202898],[1.31112923],[3.65762025]
[3.84348532],[1.31756898],[3.67276767]
[3.84340321],[1.31915411],[3.66082959]
[3.82764706],[1.32112787],[3.66723672]
[3.82449128],[1.32265754],[3.6508338]
[3.79667359],[1.32528719],[3.64591731]
[3.78284661],[1.32820385],[3.65002851]
[3.77602199],[1.33037646],[3.65944798]
[3.7741184],[1.32185813],[3.66807606]
[3.7712454],[1.3114614],[3.67395658]
[3.76130475],[1.31668768],[3.67057214]
[3.74231004],[1.32866148],[3.65208293]
[3.68709023],[1.33761723],[3.62664717]
[3.59331579],[1.34455122],[3.59441579]
[3.48008606],[1.3497561],[3.56072994]
[3.41548997],[1.3543848],[3.57227088]
[3.38051388],[1.35962321],[3.5856598]
[3.33778708],[1.3658575],[3.62023038]
[3.30074896],[1.36974191],[3.66445923]
[3.27303883],[1.35886008],[3.69777827]
[3.23283032],[1.34240328],[3.70985549]
[3.18099597],[1.31541694],[3.70345147]
[3.12143658],[1.28384816],[3.68921652]
[5.18529376],[1.3344857],[4.4742312]
[2.87524141],[0.83101664],[1.3888178]
[1.49477177],[0.52542443],[0.36662796]
[0.37222055],[0.09007159],[0.01316055]
[2.10999455],[0.61981688],[0.85385844]
[2.42064929],[0.81890034],[1.42410482]
[2.54665615],[0.93093937],[1.70547967]
[2.57047237],[0.99565154],[1.84906447]
[2.9098194],[1.01686028],[2.07027849]
[3.19908428],[1.02874451],[2.25860957]
[3.29680391],[1.04244989],[2.43008299]
[3.38292089],[1.05015414],[2.61475105]
[3.37285142],[1.06053712],[2.82185125]
[3.48082997],[1.07580907],[2.91702076]
[3.47602874],[1.13027994],[3.04044932]
[3.56745098],[1.17205833],[3.11885086]
[3.58484706],[1.20555456],[3.22027334]
[3.6753099],[1.23490031],[3.29759797]
[3.71237108],[1.26997165],[3.40067056]
[3.83928937],[1.29769273],[3.52488258]
[3.84625203],[1.31585746],[3.59724326]
[3.88761771],[1.33117011],[3.68146611]
[3.87074153],[1.34763465],[3.72708296]
[3.89837475],[1.35797236],[3.77526609]
[3.89756826],[1.360895],[3.81243309]
[3.91187276],[1.36007407],[3.82692557]
[3.91793815],[1.35699163],[3.84065313]
[3.93309302],[1.35283143],[3.8316821]
[3.92952143],[1.35150321],[3.81973251]
[3.92281489],[1.34746993],[3.79088506]
[3.90229357],[1.34164292],[3.7771464]
[3.90268199],[1.33941452],[3.76084662]
[3.90692512],[1.33659552],[3.75638412]
[3.88760025],[1.34185376],[3.76320623]
[3.89139415],[1.34328368],[3.75268517]
[3.87267611],[1.34502583],[3.75943729]
[3.87499125],[1.34640438],[3.74589899]
[3.85090842],[1.34813516],[3.74114245]
[3.84419737],[1.35118204],[3.73998519]
[3.8397919],[1.35402478],[3.75296863]
[3.83733319],[1.34591584],[3.75753288]
[3.83557422],[1.33473294],[3.76219216]
[3.8278197],[1.32792267],[3.75498913]
[3.8142273],[1.33062255],[3.73345838]
[3.7758654],[1.33631248],[3.70040654]
[3.7106562],[1.34394882],[3.67050453]
[3.63810411],[1.3492495],[3.63696317]
[3.55292963],[1.3540777],[3.62025616]
[3.44916691],[1.36112149],[3.61735725]
[3.40834997],[1.36822573],[3.65262243]
[3.37179811],[1.37244066],[3.7004005]
[3.31424299],[1.3606843],[3.71999249]
[3.25792653],[1.34401729],[3.7321649]
[3.21689578],[1.31934795],[3.73178601]
[3.1679081],[1.2875488],[3.71445261]
[5.18835131],[1.3706778],[4.55808903]
[2.8369827],[0.85427104],[1.37166747]
[1.44007932],[0.51456261],[0.34225905]
[0.29242177],[0.07118658],[0.00760929]
[2.08147296],[0.60449968],[0.82076903]
[2.4188366],[0.82415186],[1.42761603]
[2.54798935],[0.93697596],[1.71622518]
[2.57019287],[1.00087112],[1.85879509]
[2.94579542],[1.02317489],[2.10932668]
[3.21996878],[1.03515796],[2.30545764]
[3.31341182],[1.04952887],[2.50695218]
[3.40799949],[1.06199497],[2.69966976]
[3.40268647],[1.08090492],[2.91040969]
[3.5066566],[1.12823985],[3.01727854]
[3.50672041],[1.17148048],[3.12766124]
[3.59405322],[1.20251671],[3.20256439]
[3.61701689],[1.2480704],[3.31551052]
[3.74648032],[1.28609075],[3.44457315]
[3.78859978],[1.32469494],[3.57536678]
[3.89010611],[1.34988883],[3.71407873]
[3.91474511],[1.36778654],[3.80117788]
[3.95224564],[1.38313469],[3.8865915]
[3.96469183],[1.39913135],[3.95472473]
[3.97206793],[1.40942079],[4.02776638]
[3.98759861],[1.41349202],[4.06941484]
[3.98368117],[1.41267469],[4.12891811]
[4.00090393],[1.40936725],[4.12596985]
[4.0101193],[1.40497545],[4.15097757]
[4.044681],[1.40310513],[4.09306374]
[4.02650515],[1.40027683],[4.08930931]
[4.0178141],[1.39507909],[4.03692457]
[4.00050388],[1.39154716],[4.02109467]
[4.03176626],[1.38111376],[4.00473695]
[3.97359736],[1.38564653],[3.99250864]
[4.00047299],[1.38271097],[3.96392116]
[3.9433459],[1.38008659],[3.94598456]
[3.95943028],[1.37736341],[3.915777]
[3.92144022],[1.37465539],[3.89082896]
[3.90960376],[1.37458122],[3.87629407]
[3.89897155],[1.37628626],[3.8689657]
[3.89096542],[1.36927201],[3.86233503]
[3.88735302],[1.35870061],[3.85997827]
[3.88147199],[1.34579986],[3.85477944]
[3.87291604],[1.34031036],[3.82087007]
[3.84894378],[1.33973291],[3.78861502]
[3.80231869],[1.34747504],[3.75749329]
[3.75078436],[1.35343888],[3.72778227]
[3.69306169],[1.35932819],[3.70489857]
[3.62309101],[1.36736781],[3.71457988]
[3.51955423],[1.37445873],[3.73368989]
[3.44693268],[1.37893398],[3.77501]
[3.36517064],[1.3676315],[3.78327246]
[3.27668826],[1.35071335],[3.78858489]
[3.25072341],[1.32641359],[3.7965958]
[3.2291929],[1.29466337],[3.79341816]
[5.17550216],[1.37844274],[4.53854751]
[2.76068613],[0.8347831],[1.29518059]
[1.35821332],[0.48630237],[0.2984435]
[0.18699898],[0.04570139],[0.00255534]
[2.10614125],[0.6205324],[0.86227319]
[2.42257467],[0.83524071],[1.44731921]
[2.54898938],[0.94527831],[1.73129359]
[2.5858458],[1.0064517],[1.87284802]
[2.97127778],[1.02843607],[2.13712453]
[3.2389854],[1.04035739],[2.34348391]
[3.32368409],[1.05619159],[2.54657484]
[3.43152879],[1.07397302],[2.74701015]
[3.43031396],[1.11218683],[2.96232411]
[3.53104983],[1.15516796],[3.07230295]
[3.53522542],[1.21000911],[3.19550794]
[3.63395538],[1.24930333],[3.30426551]
[3.67055552],[1.29205447],[3.44229344]
[3.79613084],[1.32900494],[3.59226863]
[3.85366608],[1.36613665],[3.73328524]
[3.93460212],[1.39054793],[3.85906545]
[3.97968389],[1.40835714],[3.95997405]
[3.99665936],[1.42382685],[4.08308522]
[4.02302928],[1.43999975],[4.17598907]
[4.01690179],[1.45078358],[4.2966919]
[4.06746908],[1.45524249],[4.34512817]
[4.08031055],[1.45454747],[4.4124724]
[4.13433716],[1.45111518],[4.4377704]
[4.17223858],[1.44631637],[4.46142041]
[4.20555899],[1.44416913],[4.42742857]
[4.21291111],[1.44185685],[4.42150666]
[4.18677148],[1.4360764],[4.35575253]
[4.16367334],[1.43400087],[4.34104192]
[4.20628545],[1.42019064],[4.31470829]
[4.1111989],[1.42727493],[4.27929622]
[4.16490192],[1.42402488],[4.24675383]
[4.06107967],[1.42143674],[4.2069465]
[4.11601552],[1.41851559],[4.17154603]
[4.04038898],[1.4150459],[4.12450989]
[4.02213381],[1.41308073],[4.10355201]
[4.00750606],[1.41140619],[4.08469146]
[3.99275057],[1.40020777],[4.06986544]
[3.98198183],[1.38454615],[4.05107886]
[3.9622992],[1.36864637],[4.02148265]
[3.9444651],[1.36048011],[3.9621421]
[3.90280519],[1.35385099],[3.88529221]
[3.85226126],[1.35253179],[3.82871127]
[3.80936351],[1.3575836],[3.79167234]
[3.76301164],[1.36403196],[3.76209567]
[3.70927076],[1.37123473],[3.75108261]
[3.63156106],[1.37824264],[3.76213555]
[3.51697824],[1.38149968],[3.79362708]
[3.37831599],[1.36540848],[3.770569]
[3.30148201],[1.34016771],[3.76363995]
[3.25801701],[1.31319479],[3.76723037]
[3.23496702],[1.28355253],[3.77788937]
[5.26786518],[1.38582032],[4.57607244]
[2.77735916],[0.8257952],[1.30563319]
[1.35771053],[0.48358543],[0.30048505]
[0.17862512],[0.04227691],[0.00219635]
[2.10786506],[0.62330919],[0.86802188]
[2.42569581],[0.83834033],[1.45384877]
[2.551006],[0.95103409],[1.74261873]
[2.5934236],[1.01033794],[1.88274303]
[3.00341833],[1.03313877],[2.17369287]
[3.25088019],[1.04517445],[2.39501485]
[3.33288006],[1.07015923],[2.61659433]
[3.44354682],[1.11343855],[2.84059953]
[3.44375694],[1.16946715],[3.05331126]
[3.54526787],[1.21333387],[3.17757832]
[3.55138157],[1.26249809],[3.31898288]
[3.68388887],[1.29831018],[3.45636062]
[3.73634604],[1.33797593],[3.60087225]
[3.85899474],[1.3721495],[3.75229902]
[3.92136684],[1.40720483],[3.88835751]
[3.97638733],[1.42936996],[4.00984621]
[4.02553562],[1.44609171],[4.13786726]
[4.05040216],[1.46104301],[4.33179459]
[4.1303069],[1.47670431],[4.45144524]
[4.16101877],[1.48764115],[4.54906838]
[4.2081781],[1.49308469],[4.62336834]
[4.22837593],[1.49211621],[4.66561373]
[4.25941012],[1.48987879],[4.70266983]
[4.29790108],[1.48517214],[4.72818767]
[4.31840833],[1.48270407],[4.70837633]
[4.3409992],[1.47924309],[4.68510127]
[4.31503606],[1.47355036],[4.63437376]
[4.30709067],[1.47253493],[4.61046897]
[4.33131416],[1.459879],[4.59512622]
[4.27657503],[1.46508528],[4.56382741]
[4.30502786],[1.46169899],[4.53927934]
[4.24293703],[1.45876221],[4.49487058]
[4.27105026],[1.45553747],[4.48164445]
[4.21423012],[1.45201274],[4.43338539]
[4.18186573],[1.44944166],[4.40629113]
[4.16315157],[1.44754369],[4.39314026]
[4.14261541],[1.43686471],[4.37910734]
[4.12846423],[1.42149887],[4.35762899]
[4.0985924],[1.40764191],[4.31850224]
[4.07525081],[1.40832742],[4.24582667]
[4.03399186],[1.41275802],[4.14161085]
[3.9355077],[1.41185816],[4.0365839]
[3.87627532],[1.41166955],[3.9802306]
[3.82235068],[1.41104333],[4.00086064]
[3.76343693],[1.40982599],[4.02726529]
[3.69829586],[1.41293292],[4.02320541]
[3.611368],[1.41334287],[4.01800773]
[3.47740017],[1.39848373],[4.01891966]
[3.34926835],[1.37448005],[3.99286216]
[3.30311463],[1.35010918],[3.99377295]
[3.27205123],[1.31893097],[3.98023493]
[5.28193745],[1.39839085],[4.64015869]
[2.70929019],[0.85315434],[1.28349217]
[1.25609031],[0.46921804],[0.26556507]
[0.05034888],[0.01238178],[8.31200487e-06]
[2.10959842],[0.62391336],[0.87208375]
[2.42902592],[0.83999093],[1.45705894]
[2.55323186],[0.95324607],[1.7477418]
[2.63391242],[1.0116542],[1.8946148]
[3.03571229],[1.03471311],[2.20236688]
[3.26090148],[1.04670473],[2.42097808]
[3.34465155],[1.07763265],[2.64680258]
[3.45730368],[1.15688915],[2.89469076]
[3.46007406],[1.20980854],[3.12839523]
[3.56141548],[1.25171504],[3.27457995]
[3.57346164],[1.29795188],[3.42276323]
[3.75264455],[1.33259016],[3.59038157]
[3.82574602],[1.3708905],[3.73944509]
[3.9190664],[1.40495813],[3.88108534]
[3.97769505],[1.43956466],[4.0180567]
[4.01100626],[1.46035128],[4.17577745]
[4.11540484],[1.47657333],[4.3596562]
[4.2065625],[1.49106127],[4.56194592]
[4.25379319],[1.50659554],[4.67992205]
[4.28575423],[1.52002502],[4.77011738]
[4.31659577],[1.52579338],[4.86861563]
[4.34070902],[1.52464746],[4.90859537]
[4.36235306],[1.52101471],[4.95552367]
[4.40072526],[1.51615838],[4.97966861]
[4.41187912],[1.51351956],[4.97442748]
[4.44191422],[1.51013174],[4.94649223]
[4.41735832],[1.50427824],[4.90039215]
[4.41959039],[1.50287829],[4.8651387]
[4.43422048],[1.48955074],[4.85170346]
[4.40530843],[1.49606017],[4.80780638]
[4.41637599],[1.49250957],[4.78788923]
[4.3798275],[1.4894113],[4.72861885]
[4.38987944],[1.48594813],[4.71754658]
[4.35702239],[1.48194373],[4.66982647]
[4.32605952],[1.4789702],[4.64726443]
[4.31062083],[1.4762809],[4.63207695]
[4.29525544],[1.46544126],[4.6160922]
[4.2842911],[1.4502257],[4.59365229]
[4.26213439],[1.43560713],[4.5533229]
[4.24429006],[1.43207629],[4.48901033]
[4.20472198],[1.43607348],[4.39903497]
[4.07285491],[1.44067188],[4.25544954]
[3.97484679],[1.44016447],[4.18681709]
[3.9007685],[1.43805896],[4.17949246]
[3.84610412],[1.43980437],[4.1924048]
[3.77105224],[1.43276969],[4.16339427]
[3.68579363],[1.42453576],[4.14726009]
[3.58037305],[1.40436945],[4.11228987]
[3.44072718],[1.37816627],[4.05082334]
[3.35118287],[1.35330286],[4.01358942]
[3.31738727],[1.32250184],[4.02237407]
[5.34847129],[1.4258703],[4.74761197]
[2.68157454],[0.86104095],[1.27660113]
[1.18420157],[0.46179386],[0.24487006]
[0.],[0.],[0.]
[2.08714717],[0.60991021],[0.84321162]
[2.42619286],[0.84011447],[1.45283281]
[2.55249199],[0.95478364],[1.74905599]
[2.69450129],[1.01238133],[1.91335303]
[3.06662543],[1.03682726],[2.23498073]
[3.26643525],[1.05055068],[2.44740717]
[3.35126812],[1.1076662],[2.70687728]
[3.47548118],[1.19763941],[2.98626208]
[3.47978523],[1.24674729],[3.22325635]
[3.6380682],[1.28794327],[3.40405022]
[3.69781041],[1.33248617],[3.56941078]
[3.82728438],[1.36606306],[3.72446304]
[3.89941455],[1.40339646],[3.87429096]
[3.96548527],[1.43449029],[4.00317097]
[4.02512393],[1.46547172],[4.16662333]
[4.09282708],[1.48639545],[4.39330851]
[4.24563917],[1.50348783],[4.61277714]
[4.32442424],[1.51702956],[4.77003938]
[4.35748241],[1.53237748],[4.91284901]
[4.38789427],[1.54565522],[5.00458186]
[4.41038512],[1.55164576],[5.11241244]
[4.43679599],[1.55100196],[5.15087565]
[4.44923778],[1.54809755],[5.2075759]
[4.48761382],[1.54468753],[5.23980334]
[4.49249614],[1.54160885],[5.24301477]
[4.52813861],[1.5384693],[5.20718048]
[4.50884337],[1.53261798],[5.16732283]
[4.51978158],[1.53082034],[5.12865627]
[4.52510613],[1.51748789],[5.11591071]
[4.51075803],[1.52536859],[5.07476834]
[4.51040811],[1.52170379],[5.05234699]
[4.49108969],[1.51847721],[4.99493273]
[4.48956343],[1.51489886],[4.98693524]
[4.47282052],[1.51077925],[4.93478248]
[4.44372872],[1.50769111],[4.90808667]
[4.43140851],[1.50425406],[4.89104498]
[4.41767798],[1.49344064],[4.86993632]
[4.40847557],[1.47847432],[4.84688579]
[4.39168128],[1.46503058],[4.80612051]
[4.3774978],[1.45894253],[4.74726472]
[4.35138099],[1.46266702],[4.65188561]
[4.26578431],[1.47012862],[4.56550096]
[4.15206143],[1.47323087],[4.51090378]
[4.01948098],[1.47098972],[4.46227507]
[3.92684423],[1.46723272],[4.39743337]
[3.87100712],[1.45973589],[4.34848868]
[3.80059712],[1.44987287],[4.33541683]
[3.69340779],[1.42161647],[4.28815892]
[3.56619941],[1.38759796],[4.2234342]
[3.45114767],[1.36125815],[4.16479124]
[3.37183894],[1.3307867],[4.09789285]
[5.36700656],[1.43535733],[4.76232263]
[2.61595331],[0.85309781],[1.22772841]
[1.07060359],[0.43880106],[0.20840563]
[0.],[0.],[0.]
[2.11617139],[0.6288816],[0.88830889]
[2.43061695],[0.85115852],[1.47226938]
[2.55422989],[0.96069621],[1.7627947]
[2.72296402],[1.01806943],[1.93600489]
[3.09935004],[1.04415699],[2.28011821]
[3.28155041],[1.06024655],[2.50502747]
[3.37982153],[1.15809503],[2.81621777]
[3.51371633],[1.23759492],[3.09989624]
[3.55114398],[1.28632804],[3.33998407]
[3.74979802],[1.32655383],[3.55659851]
[3.81321697],[1.36940036],[3.72450231]
[3.89643042],[1.40053806],[3.8611986]
[3.96669704],[1.43580934],[4.01558611]
[4.00681478],[1.46544338],[4.16663605]
[4.12603608],[1.49559457],[4.39030322]
[4.26076057],[1.51483332],[4.64744558]
[4.36389943],[1.52920653],[4.84697657]
[4.43149872],[1.54166035],[4.99282223]
[4.45444626],[1.55667025],[5.15032781]
[4.48503764],[1.56992134],[5.24247728]
[4.49659904],[1.57603677],[5.35286789]
[4.52682963],[1.57588516],[5.42423251]
[4.52899063],[1.57299862],[5.48359652]
[4.56701764],[1.56909053],[5.52524704]
[4.56470563],[1.5655791],[5.52449621]
[4.62171829],[1.5621206],[5.50047899]
[4.58771193],[1.55766617],[5.44819179]
[4.63260242],[1.55492998],[5.41173751]
[4.60916148],[1.54352544],[5.39365143]
[4.61997217],[1.55120097],[5.34776132]
[4.5898781],[1.54853457],[5.31987024]
[4.59515433],[1.54526542],[5.25504818]
[4.57308543],[1.54162389],[5.24334941]
[4.571504],[1.53737175],[5.18496171]
[4.5398442],[1.53422007],[5.15479607]
[4.52987455],[1.53014813],[5.13389397]
[4.51807073],[1.51721156],[5.11009925]
[4.50907132],[1.50273452],[5.0853437]
[4.49467952],[1.49111487],[5.05150268]
[4.48213837],[1.4849771],[4.99819836]
[4.46392159],[1.48890748],[4.90193174]
[4.40841158],[1.49230367],[4.79713105]
[4.33043898],[1.4940894],[4.73238724]
[4.21934246],[1.49563858],[4.66830639]
[4.0739194],[1.49169788],[4.58714036]
[3.94768324],[1.48126775],[4.49945994]
[3.87333316],[1.46079201],[4.44590782]
[3.78724412],[1.4291427],[4.40288849]
[3.68236929],[1.3950934],[4.34352801]
[3.5673509],[1.36263695],[4.24417592]
[3.45394313],[1.32454169],[4.13063208]
[5.53091801],[1.44784462],[4.88402943]
[2.65860794],[0.84865879],[1.27043493]
[1.09639894],[0.44889515],[0.22272456]
[0.],[0.],[0.]
[2.11921483],[0.62813276],[0.89354809]
[2.43457907],[0.85464232],[1.48115776]
[2.56145538],[0.96810486],[1.77917913]
[2.78620987],[1.0251667],[1.97993727]
[3.12844909],[1.05393135],[2.33886058]
[3.29347336],[1.07907171],[2.60229918]
[3.41754551],[1.21607202],[2.98401201]
[3.61695428],[1.28852297],[3.27865779]
[3.68638833],[1.33571033],[3.51941663]
[3.82590989],[1.37478669],[3.72587796]
[3.88894618],[1.41345419],[3.89732634]
[3.94605445],[1.44302863],[4.01821563]
[4.01462567],[1.47652849],[4.20126559]
[4.068592],[1.5039046],[4.45116487]
[4.26200788],[1.53211218],[4.70827342]
[4.36796008],[1.55121257],[4.90655047]
[4.4429427],[1.56554018],[5.11469934]
[4.50414398],[1.57814142],[5.26662414]
[4.52374969],[1.59251119],[5.43401598]
[4.55378622],[1.60506307],[5.56256974]
[4.55963891],[1.61037932],[5.66657471]
[4.59436524],[1.60881996],[5.74369318]
[4.58762772],[1.60400708],[5.78895382]
[4.66017548],[1.59986858],[5.85230408]
[4.63215549],[1.59615174],[5.82987643]
[4.73131291],[1.59255558],[5.8503353]
[4.68650193],[1.58796267],[5.7739606]
[4.75303022],[1.58633682],[5.75797356]
[4.71536903],[1.5767168],[5.72378262]
[4.74104427],[1.58197297],[5.68655968]
[4.6958671],[1.57894569],[5.6468493]
[4.71716862],[1.57529643],[5.60049591]
[4.67319118],[1.57205544],[5.57345161]
[4.69410239],[1.56874875],[5.53938816]
[4.63996785],[1.56547613],[5.49906205]
[4.62553967],[1.56220106],[5.47857692]
[4.61098688],[1.55109973],[5.44852902]
[4.59737229],[1.53748222],[5.42191942]
[4.5810579],[1.52602482],[5.38134437]
[4.56694138],[1.52539987],[5.34630045]
[4.54822603],[1.526988],[5.26103394]
[4.50263868],[1.53006978],[5.14991266]
[4.4465095],[1.53158986],[5.06131662]
[4.36251152],[1.53331778],[4.97622443]
[4.25648567],[1.5323755],[4.93456707]
[4.0972666],[1.52535375],[4.85187798]
[3.95577742],[1.50710938],[4.76555109]
[3.87617173],[1.47917583],[4.70302516]
[3.79651772],[1.4480423],[4.62873709]
[3.71305396],[1.41990913],[4.54300185]
[3.61889806],[1.38752654],[4.43665927]
[5.58317139],[1.46226461],[5.00054779]
[2.60141679],[0.87019779],[1.25360994]
[0.99848706],[0.43524615],[0.19823569]
[0.],[0.],[0.]
[2.12182559],[0.62734706],[0.89968859]
[2.44142512],[0.85987525],[1.49497127]
[2.57825612],[0.97504497],[1.80045295]
[2.86907449],[1.03135079],[2.03793607]
[3.16528185],[1.06208966],[2.39928488]
[3.3176394],[1.09276887],[2.68357076]
[3.47350023],[1.25014857],[3.09563257]
[3.71859911],[1.32381252],[3.41816493]
[3.78684422],[1.36795487],[3.65673577]
[3.88738043],[1.40831713],[3.8567446]
[3.95179296],[1.44501738],[4.039881]
[3.99279443],[1.47425423],[4.19698767]
[4.07225872],[1.50749453],[4.4261302]
[4.23066989],[1.53550691],[4.71399459]
[4.36729984],[1.56687074],[4.95462687]
[4.45346191],[1.58626126],[5.14058384]
[4.51475876],[1.6013994],[5.36884874]
[4.57285341],[1.61478006],[5.54056828]
[4.58646241],[1.62974423],[5.74260868]
[4.63875459],[1.64259225],[5.88108004]
[4.61702431],[1.64897229],[5.98374006]
[4.70129541],[1.64605598],[6.09790971]
[4.66587618],[1.63830447],[6.12081955]
[4.76763185],[1.63087755],[6.20399959]
[4.72798839],[1.62403141],[6.15231873]
[4.84641541],[1.61914631],[6.20164066]
[4.7866554],[1.61414053],[6.09766152]
[4.89077465],[1.61188098],[6.11306963]
[4.82157232],[1.60414105],[6.04566468]
[4.87212021],[1.60686858],[6.03187455]
[4.80124114],[1.60464032],[5.9571395]
[4.83876206],[1.60086763],[5.92630663]
[4.77837437],[1.59821272],[5.87201029]
[4.8130623],[1.59491877],[5.84807733]
[4.75244843],[1.59159515],[5.78637559]
[4.73999015],[1.58896014],[5.75735921]
[4.72593034],[1.58015738],[5.7285835]
[4.711987],[1.5691169],[5.70165145]
[4.6958789],[1.55918383],[5.66714195]
[4.68155611],[1.55842846],[5.64980049]
[4.66552648],[1.56045546],[5.58573241]
[4.62493844],[1.56248345],[5.47531678]
[4.55160052],[1.56390381],[5.36119736]
[4.48936611],[1.56502878],[5.25532421]
[4.41971398],[1.56198464],[5.19383865]
[4.31839808],[1.55579558],[5.10544824]
[4.18744434],[1.53790425],[5.03262981]
[4.01185435],[1.51251013],[4.93854873]
[3.90298797],[1.48324096],[4.84514866]
[3.83453444],[1.45529299],[4.75694178]
[3.76199119],[1.42521188],[4.64539512]
[5.64762475],[1.49416003],[5.14518507]
[2.58429368],[0.87914763],[1.25783359]
[0.97977615],[0.42882639],[0.19669933]
[0.],[0.],[0.]
[2.09490861],[0.61085245],[0.86933231]
[2.44425445],[0.8678306],[1.50992351]
[2.59199445],[0.98228393],[1.82130125]
[2.94455275],[1.03772151],[2.09711654]
[3.1970241],[1.07175393],[2.4651622]
[3.3500405],[1.12306574],[2.78707772]
[3.56798444],[1.27797164],[3.21850035]
[3.8013715],[1.35337482],[3.54682288]
[3.86890435],[1.39911505],[3.78652903]
[3.93925777],[1.43997221],[3.97799992]
[4.00415483],[1.47541439],[4.186911]
[4.03497109],[1.50420425],[4.43189133]
[4.22124074],[1.54048663],[4.70711374]
[4.35446618],[1.57116751],[4.95579378]
[4.45000445],[1.60233289],[5.20162986]
[4.52688216],[1.62212903],[5.38766618]
[4.58216231],[1.63726922],[5.65330506]
[4.66730769],[1.65069421],[5.86991365]
[4.66910158],[1.66523229],[6.07484196]
[4.75907382],[1.67600835],[6.2270916]
[4.72399876],[1.68362819],[6.35785015]
[4.82403707],[1.6826577],[6.48644247]
[4.77429397],[1.67633035],[6.53391761]
[4.91661629],[1.66760794],[6.6237284]
[4.83515006],[1.65827075],[6.56173588]
[5.00164113],[1.65041825],[6.61015121]
[4.92969788],[1.64155925],[6.46625358]
[5.04107824],[1.63682251],[6.48680771]
[4.98725625],[1.62784691],[6.40158579]
[5.0234115],[1.63247385],[6.40071327]
[4.9532412],[1.63082342],[6.30342181]
[4.99396316],[1.62924634],[6.30275856]
[4.92062222],[1.62700498],[6.22658391]
[4.96532011],[1.62506423],[6.23532623]
[4.88900198],[1.62324678],[6.16686432]
[4.87718489],[1.62171867],[6.14676734]
[4.86884473],[1.61518049],[6.12780278]
[4.85963455],[1.60446118],[6.10455942]
[4.85063124],[1.59423851],[6.07965717]
[4.84051848],[1.59232901],[6.03611298]
[4.83289945],[1.59313275],[5.97642534]
[4.80779848],[1.59349948],[5.86236356]
[4.74391515],[1.59287907],[5.74931977]
[4.64748089],[1.59272849],[5.62664238]
[4.55818814],[1.59017357],[5.54560952]
[4.48713754],[1.58369838],[5.43730742]
[4.40023279],[1.56502789],[5.31983697]
[4.27769153],[1.544644],[5.2297243]
[4.09425319],[1.51637516],[5.10008177]
[3.94826069],[1.4893969],[4.97252339]
[3.8638449],[1.46184743],[4.8516092]
[5.68709576],[1.50526231],[5.18638761]
[2.52886296],[0.86910472],[1.22066229]
[0.88701429],[0.40777892],[0.17002094]
[0.],[0.],[0.]
[2.11526671],[0.63500528],[0.90600534]
[2.4542423],[0.88546036],[1.54844763]
[2.59736543],[0.99864796],[1.85416212]
[2.98686999],[1.052759],[2.15247879]
[3.22190499],[1.0856662],[2.54396718]
[3.40976475],[1.15989403],[2.92856069]
[3.67978688],[1.3061542],[3.37181337]
[3.86794264],[1.38387858],[3.68477317]
[3.93680555],[1.43186452],[3.93120037]
[3.98659287],[1.47289941],[4.12608806]
[4.06572246],[1.50916535],[4.40750255]
[4.20123844],[1.54147395],[4.70351591]
[4.35699784],[1.5782511],[4.98352191]
[4.46290691],[1.60980834],[5.19806157]
[4.52874319],[1.64039758],[5.48557176]
[4.60252011],[1.65930522],[5.66650555]
[4.6500226],[1.67230362],[5.98045996]
[4.80577439],[1.68340864],[6.23286294]
[4.78694802],[1.69570883],[6.44641565]
[4.92646561],[1.70619465],[6.6333112]
[4.84330881],[1.71458008],[6.76464315]
[5.00249825],[1.7133517],[6.93021921]
[4.92652406],[1.70807454],[6.96512334]
[5.07029767],[1.7217729],[7.09422401]
[5.01818749],[1.69509516],[7.05870697]
[5.13318582],[1.69429214],[7.11867193]
[5.08721132],[1.68303264],[7.00962173]
[5.17018142],[1.67727153],[6.99553588]
[5.13424367],[1.66575505],[6.89874485]
[5.15402512],[1.66699226],[6.89244173]
[5.10956124],[1.66340513],[6.78415334]
[5.13816039],[1.66160257],[6.78655472]
[5.09469523],[1.65946036],[6.70569414]
[5.12450043],[1.65676145],[6.71544439]
[5.08133368],[1.65466017],[6.63460641]
[5.07235122],[1.65369874],[6.60180242]
[5.06277271],[1.64674212],[6.57157174]
[5.05337047],[1.63628503],[6.54029191]
[5.04397558],[1.62562085],[6.50786023]
[5.0358815],[1.62169904],[6.45373787]
[5.02866762],[1.62183217],[6.39125618]
[5.00744957],[1.62129521],[6.2580835]
[4.94985837],[1.62026297],[6.09960845]
[4.84969147],[1.61818548],[5.95032541]
[4.74003804],[1.60910899],[5.83607146]
[4.6257918],[1.59679872],[5.70598443]
[4.52625413],[1.57864263],[5.57938519]
[4.4290812],[1.55740839],[5.45713046]
[4.30096875],[1.53216692],[5.29723169]
[4.14498047],[1.50553452],[5.15038104]
[3.93846762],[1.47835861],[4.96866935]
[5.79493559],[1.53109444],[5.32662218]
[2.59036901],[0.86489141],[1.28529226]
[0.98251288],[0.43547106],[0.21030208]
[0.],[0.],[0.]
[2.10082782],[0.64026191],[0.89043727]
[2.46587116],[0.89565581],[1.57426132]
[2.69125159],[1.01407195],[1.9050812]
[3.03651232],[1.06276749],[2.21225616]
[3.24547375],[1.10161718],[2.65912388]
[3.48750837],[1.21861077],[3.12007527]
[3.74584881],[1.36093959],[3.558609]
[3.91063194],[1.42909077],[3.84930701]
[3.9785347],[1.47517937],[4.1030705]
[4.01654343],[1.51858972],[4.40682745]
[4.17029165],[1.55553505],[4.74379211]
[4.30496808],[1.58635764],[4.99665738]
[4.43026022],[1.62342584],[5.29314218]
[4.52331123],[1.65365251],[5.50632795]
[4.58739404],[1.67972224],[5.82780784]
[4.68696153],[1.69406703],[6.06178254]
[4.74514075],[1.70722136],[6.38189091]
[4.96475793],[1.718818],[6.68795879]
[4.92955888],[1.7318908],[6.90654598]
[5.07144116],[1.74330322],[7.15993158]
[5.02236597],[1.75370434],[7.32682705]
[5.13291653],[1.77040063],[7.54331889]
[5.08699323],[1.78070519],[7.61900459]
[5.18785659],[1.81341607],[7.70841237]
[5.16587948],[1.78443588],[7.73917475]
[5.25504951],[1.79234185],[7.74715996]
[5.25425869],[1.75771322],[7.73255106]
[5.32967769],[1.7592992],[7.66537017]
[5.34146073],[1.73268766],[7.62173575]
[5.32936381],[1.72908922],[7.56197286]
[5.29943869],[1.70904405],[7.44859565]
[5.29055398],[1.705284],[7.3992561]
[5.25932588],[1.70065835],[7.30756922]
[5.26102078],[1.69623072],[7.27191417]
[5.23418124],[1.6925669],[7.20327329]
[5.2141734],[1.6914719],[7.15127767]
[5.20135022],[1.68432927],[7.11031496]
[5.18890903],[1.6742704],[7.067373]
[5.1759204],[1.66408971],[7.01564232]
[5.16710673],[1.65789677],[6.948576]
[5.16170173],[1.65716521],[6.86337538]
[5.14488781],[1.6558412],[6.72966996]
[5.10036008],[1.65456303],[6.55145015]
[5.03490709],[1.6510422],[6.36857872]
[4.94239155],[1.64269496],[6.20910062]
[4.8126813],[1.62836099],[6.0564744]
[4.69874388],[1.61115704],[5.9223185]
[4.56972003],[1.59275692],[5.78741259]
[4.45566835],[1.57127862],[5.63320296]
[4.3405831],[1.5498911],[5.47155348]
[4.19509454],[1.52525634],[5.28993901]
[5.83646755],[1.57214097],[5.48558603]
[2.5726268],[0.893002],[1.29434472]
[0.91676522],[0.44078655],[0.1976526]
[0.],[0.],[0.]
[2.08586321],[0.64284444],[0.87368876]
[2.4808068],[0.90411758],[1.59509645]
[2.78362072],[1.01897568],[1.95251753]
[3.07931229],[1.06819598],[2.25889726]
[3.26682474],[1.13291782],[2.74124787]
[3.55540564],[1.25286571],[3.24070777]
[3.80315217],[1.39516515],[3.69194438]
[3.94769187],[1.46484625],[3.97865204]
[4.01468155],[1.51815583],[4.25699575]
[4.07221331],[1.5629252],[4.64875949]
[4.27189737],[1.60009453],[5.03266501]
[4.38999875],[1.63191597],[5.24998254]
[4.49134964],[1.66713328],[5.62091984]
[4.57612376],[1.69325388],[5.89262875]
[4.63612529],[1.71746806],[6.2481973]
[4.77983935],[1.73239919],[6.54165507]
[4.8368998],[1.74601735],[6.88597765]
[5.09239733],[1.75755051],[7.29482567]
[5.08681698],[1.77066016],[7.58613563]
[5.19006736],[1.81499786],[7.85425278]
[5.17185351],[1.83790452],[8.05005518]
[5.2592408],[1.87262049],[8.25354413]
[5.26701149],[1.89524777],[8.37654839]
[5.34928006],[1.90729663],[8.47725742]
[5.3719624],[1.88379574],[8.56059558]
[5.44021412],[1.89087304],[8.55490984]
[5.47505166],[1.86173055],[8.56091284]
[5.5254035],[1.86193725],[8.47179401]
[5.57050104],[1.83903347],[8.44145027]
[5.52472468],[1.83369091],[8.33299499]
[5.50971505],[1.80985377],[8.21819941]
[5.47730392],[1.80209197],[8.12814924]
[5.46160999],[1.78115465],[8.02349713]
[5.437805],[1.76744947],[7.94223284]
[5.41763207],[1.75155757],[7.8534047]
[5.38366989],[1.73737731],[7.74934103]
[5.36608626],[1.72389239],[7.66816313]
[5.35147975],[1.71213524],[7.60015077]
[5.33589015],[1.70528582],[7.5313365]
[5.32231849],[1.68751142],[7.44827706]
[5.31607765],[1.68616809],[7.33624685]
[5.29800087],[1.68426173],[7.17738208]
[5.25128527],[1.68165534],[6.99236429]
[5.17119954],[1.67637293],[6.79552776]
[5.10568608],[1.6691377],[6.60211364]
[5.01747363],[1.65278897],[6.40670573]
[4.91310634],[1.63537012],[6.2224985]
[4.75499042],[1.61740647],[6.07317464]
[4.61146635],[1.5964705],[5.90825096]
[4.48303744],[1.57696468],[5.74209849]
[4.38302105],[1.55685471],[5.57753112]
[5.93130177],[1.66585994],[5.74835926]
[2.61990913],[0.91471353],[1.3372645]
[0.9276526],[0.45628057],[0.2123818]
[0.],[0.],[0.]
[2.02179095],[0.62727112],[0.81472657]
[2.48711112],[0.9099696],[1.60156303]
[2.85089792],[1.0242596],[1.99311478]
[3.11037575],[1.07342385],[2.29603791]
[3.28249696],[1.1614778],[2.80116278]
[3.60826188],[1.28388389],[3.34828463]
[3.84825485],[1.43192038],[3.8175861]
[3.97731592],[1.50757986],[4.11433647]
[4.05996686],[1.56445657],[4.45624545]
[4.19483886],[1.61388233],[4.90748273]
[4.3645728],[1.65096537],[5.33755491]
[4.47447839],[1.67771813],[5.6144932]
[4.56529229],[1.70853617],[6.05218103]
[4.64896799],[1.73254021],[6.35544022]
[4.72119309],[1.75452784],[6.71428404]
[4.95167214],[1.76812523],[7.0845811]
[5.03614404],[1.78872623],[7.4752787]
[5.21717472],[1.84212488],[7.93442214]
[5.23415254],[1.8679029],[8.25347587]
[5.32154667],[1.90717503],[8.55097473]
[5.3461961],[1.93217724],[8.81455807]
[5.4156978],[1.96382178],[9.03845711]
[5.47452428],[1.98608152],[9.1935351]
[5.50318174],[1.99543535],[9.27871695]
[5.63791965],[1.97648204],[9.40831532]
[5.64238088],[1.9759055],[9.43251784]
[5.76389657],[1.95255862],[9.50595805]
[5.79687547],[1.94664454],[9.47462227]
[5.88388569],[1.92704564],[9.46804108]
[5.87010642],[1.9211211],[9.34700472]
[5.82855027],[1.90060266],[9.20785754]
[5.74251744],[1.89286598],[9.0490111]
[5.72452276],[1.87221698],[8.92793068]
[5.63723994],[1.85917684],[8.75901312]
[5.62690419],[1.84468641],[8.64352942]
[5.57425678],[1.83186745],[8.47436158]
[5.54962099],[1.81946298],[8.36465844]
[5.52620369],[1.809144],[8.25807662]
[5.50139731],[1.79847127],[8.13322729]
[5.48536236],[1.76256547],[8.00369213]
[5.4794639],[1.72093445],[7.87525708]
[5.46391547],[1.71146684],[7.68912253]
[5.42072373],[1.70898768],[7.47018645]
[5.33890262],[1.70270932],[7.23318169]
[5.25658871],[1.69294519],[7.02437473]
[5.16938652],[1.67541291],[6.8139481]
[5.10119135],[1.65770457],[6.61307856]
[4.99144806],[1.63922763],[6.39811475]
[4.82308552],[1.61875322],[6.17453893]
[4.66908868],[1.5997611],[6.00973807]
[4.53392765],[1.58024914],[5.83190776]
[6.00047869],[1.71167801],[5.8697888]
[2.63624387],[0.93711443],[1.34786271]
[0.89023619],[0.45744657],[0.2044353]
[0.],[0.],[0.]
[2.05256995],[0.65423808],[0.85098379]
[2.49223721],[0.92495662],[1.63371685]
[2.90476159],[1.03639017],[2.04644014]
[3.14411287],[1.08483578],[2.35209091]
[3.31019779],[1.2135406],[2.94453193]
[3.68693388],[1.33898738],[3.53523238]
[3.92004196],[1.48500593],[4.02021961]
[4.03784936],[1.55871056],[4.34058163]
[4.2273048],[1.61894229],[4.85380384]
[4.36842759],[1.66307165],[5.23969175]
[4.48947029],[1.69595421],[5.73088124]
[4.5825018],[1.72044441],[6.08735122]
[4.65110984],[1.7492572],[6.53925349]
[4.79100517],[1.77074077],[6.86093826]
[4.84942735],[1.79276466],[7.2392019]
[5.11422157],[1.82278235],[7.71464623]
[5.19509742],[1.88945591],[8.13461972]
[5.33538413],[1.93168102],[8.57679588]
[5.42106651],[1.95930157],[8.97695671]
[5.47553578],[1.99297568],[9.32066738]
[5.56714519],[2.01794429],[9.60229669]
[5.71776099],[2.04752193],[9.86785454]
[5.83538834],[2.06793002],[10.07967691]
[5.92498247],[2.07342199],[10.27167387]
[5.99357187],[2.06030886],[10.42275816]
[6.09373421],[2.05609179],[10.578801]
[6.15240454],[2.03800128],[10.63027373]
[6.30004287],[2.02859049],[10.69698217]
[6.36955803],[2.01210483],[10.66805824]
[6.37859736],[2.00131216],[10.62899843]
[6.27693801],[1.98420624],[10.40321469]
[6.27083593],[1.97227436],[10.28046678]
[6.14730273],[1.95556569],[10.07494298]
[6.12634755],[1.9435477],[9.93797644]
[6.04972168],[1.93069344],[9.76276497]
[6.00232575],[1.91886216],[9.59011863]
[5.92196967],[1.90837097],[9.39806058]
[5.86733346],[1.89970044],[9.22431463]
[5.80786354],[1.88998616],[9.03086907]
[5.77052238],[1.85884793],[8.84163479]
[5.74294006],[1.8178677],[8.61488135]
[5.70003584],[1.77409103],[8.33735569]
[5.60950525],[1.73959724],[7.98740561]
[5.50698589],[1.72132671],[7.69547157]
[5.42719382],[1.70549355],[7.43256559]
[5.3347165],[1.68648454],[7.18220721]
[5.23464144],[1.66760215],[6.96244806]
[5.12813838],[1.64641326],[6.73622495]
[5.00449248],[1.62571779],[6.46354435]
[4.86154564],[1.60649437],[6.19476216]
[4.56311614],[1.58694833],[5.93379753]
[6.38026874],[1.75732009],[6.14924793]
[2.80110564],[0.96490549],[1.47782617]
[1.01160694],[0.49326245],[0.26969149]
[0.],[0.],[0.]
[2.05121449],[0.6666854],[0.85125959]
[2.52392414],[0.93734745],[1.67145121]
[2.99693948],[1.05084263],[2.13156353]
[3.19482421],[1.10255113],[2.4346161]
[3.3683885],[1.28282006],[3.1739961]
[3.76238878],[1.41129092],[3.77108734]
[3.984386],[1.54537512],[4.27714078]
[4.18042426],[1.61251814],[4.72104956]
[4.36965332],[1.66876599],[5.2471544]
[4.48870062],[1.70604174],[5.60410835]
[4.58292508],[1.73574984],[6.16467399]
[4.66859093],[1.75733028],[6.56803189]
[4.73956458],[1.78380735],[6.97710861]
[4.94800047],[1.80708515],[7.394042]
[5.04379955],[1.85427664],[7.82551985]
[5.2350878],[1.91242063],[8.34966177]
[5.31754049],[1.97470345],[8.79180807]
[5.47579922],[2.01795665],[9.28726502]
[5.59204268],[2.04841977],[9.74917597]
[5.69126204],[2.07919973],[10.15059133]
[5.88741375],[2.1070761],[10.53830783]
[6.0783916],[2.13229281],[10.93068567]
[6.18774483],[2.1475206],[11.17723764]
[6.3469541],[2.16086933],[11.46970174]
[6.37630014],[2.16819641],[11.60122441]
[6.50614139],[2.16237922],[11.8960216]
[6.56753274],[2.14366223],[11.96649722]
[6.63460181],[2.11910829],[12.11652217]
[6.7428896],[2.101181],[12.06325308]
[6.77158402],[2.08951042],[12.02880547]
[6.76086559],[2.073453],[11.84800892]
[6.71063555],[2.06088754],[11.68509894]
[6.68685604],[2.04419273],[11.48313012]
[6.63101561],[2.03074452],[11.34007893]
[6.59495338],[2.01644429],[11.12895332]
[6.52925742],[2.00307516],[10.96470545]
[6.44909637],[1.99217143],[10.71387681]
[6.34081368],[1.98253541],[10.48625782]
[6.24855168],[1.97362801],[10.23742898]
[6.19635076],[1.94599269],[9.98597061]
[6.15320295],[1.91030597],[9.71958775]
[6.0947259],[1.87263168],[9.40820976]
[5.98568456],[1.83554542],[8.97181324]
[5.79691825],[1.79509447],[8.41171078]
[5.59597138],[1.75568431],[7.97204582]
[5.48809379],[1.7158747],[7.66021185]
[5.40115154],[1.69683194],[7.40103131]
[5.29830937],[1.67407305],[7.17153504]
[5.15876688],[1.65278683],[6.91106861]
[5.04590367],[1.63405079],[6.65261255]
[4.87311907],[1.6152182],[6.36359308]
[6.68450042],[1.79962305],[6.477318]
[2.86683918],[1.01947482],[1.56357209]
[1.04072288],[0.50691919],[0.28299248]
[0.],[0.],[0.]
[2.08514615],[0.67964053],[0.87355303]
[2.56158252],[0.94775725],[1.71261599]
[3.07519009],[1.06240962],[2.20944503]
[3.26890472],[1.15198236],[2.52503199]
[3.52134261],[1.33467431],[3.37956391]
[3.83404786],[1.46483859],[3.97317023]
[4.06336125],[1.59562025],[4.53622753]
[4.33290364],[1.66015887],[5.09253734]
[4.48351241],[1.7086157],[5.56364896]
[4.58507848],[1.74385349],[5.98845352]
[4.66321451],[1.77138366],[6.60932851]
[4.80470276],[1.79106734],[7.04547122]
[4.85629224],[1.82508398],[7.48281357]
[5.10687712],[1.88069645],[8.02826241]
[5.1937885],[1.95354765],[8.4902805]
[5.33199427],[2.00592167],[9.00518554]
[5.4816467],[2.0650796],[9.51965425]
[5.61511619],[2.10061515],[10.01166357]
[5.86163915],[2.13111749],[10.59529638]
[6.00694269],[2.16026022],[11.13454713]
[6.20507887],[2.20230347],[11.57127859]
[6.46022681],[2.24741453],[12.06584855]
[6.57905981],[2.29918966],[12.38898825]
[6.6811161],[2.34334065],[12.80391717]
[6.73201558],[2.34859761],[13.02479456]
[6.80091864],[2.34436973],[13.3200823]
[6.9122421],[2.32047104],[13.49559626]
[6.96520165],[2.29357281],[13.66577511]
[7.18742919],[2.26755879],[13.78302515]
[7.24716072],[2.23853299],[13.734964]
[7.28149712],[2.21489392],[13.66650131]
[7.20037758],[2.18368246],[13.39759917]
[7.20192159],[2.16245088],[13.23978769]
[7.10016019],[2.13426313],[12.97037623]
[7.11476883],[2.10956249],[12.80210389]
[6.98902397],[2.09820625],[12.53817676]
[6.99138192],[2.08667561],[12.34332557]
[6.86165467],[2.0753392],[12.05692836]
[6.77596407],[2.06320816],[11.77785612]
[6.68141914],[2.03875949],[11.4936201]
[6.5891232],[2.00557034],[11.20074415]
[6.5165889],[1.97168178],[10.85920622]
[6.40134986],[1.93834875],[10.35173891]
[6.20884804],[1.89721954],[9.50880932]
[5.92373821],[1.85532905],[8.84845571]
[5.71013889],[1.8128781],[8.2982887]
[5.55987711],[1.77255455],[7.8983629]
[5.45766699],[1.73770517],[7.60409838]
[5.32296668],[1.67854104],[7.32599391]
[5.18930128],[1.65877258],[7.05431267]
[5.07073666],[1.63891763],[6.79207746]
[9.11827164],[1.88460933],[7.12029079]
[2.95384502],[1.07424784],[1.67693831]
[1.12624109],[0.52866377],[0.3218678]
[0.],[0.],[0.]
[2.05379096],[0.67638418],[0.85249209]
[2.57436362],[0.95178033],[1.72422287]
[3.10701175],[1.06830436],[2.24500507]
[3.30908231],[1.18022824],[2.57764674]
[3.58581362],[1.36580511],[3.49830583]
[3.8627788],[1.49787624],[4.11368398]
[4.12198453],[1.62764842],[4.73026946]
[4.39922215],[1.68829521],[5.31396825]
[4.54291562],[1.73516279],[5.79141141]
[4.63584139],[1.77022667],[6.31159559]
[4.70821],[1.79682305],[6.93933643]
[4.90756638],[1.83369157],[7.44081207]
[4.96967483],[1.90558535],[7.93116719]
[5.18757409],[1.96113721],[8.54027533]
[5.27359609],[2.02938882],[9.07392026]
[5.41570072],[2.08243154],[9.61081892]
[5.58825755],[2.13707844],[10.14581776]
[5.83681235],[2.17584019],[10.7590713]
[6.03536869],[2.26290955],[11.44273608]
[6.29042866],[2.34349403],[12.13848092]
[6.52576169],[2.40360573],[12.69431645]
[6.72863237],[2.45043019],[13.30426975]
[6.85562719],[2.4990124],[13.72576888]
[6.97995771],[2.53399384],[14.1591399]
[7.11753859],[2.54695747],[14.4753222]
[7.20774391],[2.54670724],[14.7866155]
[7.35452146],[2.5313292],[15.12040778]
[7.41332364],[2.5061953],[15.35283332]
[7.52338914],[2.47376327],[15.55044025]
[7.572723],[2.44714496],[15.55220553]
[7.59449855],[2.41187184],[15.45701587]
[7.60129718],[2.37897361],[15.27424086]
[7.54890776],[2.34841977],[15.07381634]
[7.52966846],[2.31996374],[14.86367851]
[7.49742876],[2.29009155],[14.67382014]
[7.44438619],[2.26374812],[14.416594]
[7.41001059],[2.23795391],[14.21317465]
[7.34439368],[2.2130016],[13.89640086]
[7.27643612],[2.18636748],[13.59575884]
[7.19707129],[2.16221552],[13.26693454]
[7.10975926],[2.12306765],[12.90939674]
[7.02139228],[2.06506307],[12.50635693]
[6.91368696],[2.03130176],[12.00482116]
[6.81059709],[1.99179678],[11.22226499]
[6.29725546],[1.95163006],[9.90092198]
[6.01434416],[1.90384122],[9.17428723]
[5.82550182],[1.86245368],[8.62538515]
[5.67148945],[1.82196923],[8.15137515]
[5.49189119],[1.75789227],[7.75100789]
[5.35827161],[1.68902072],[7.4557858]
[5.2258224],[1.66196857],[7.16819157]
