meltWidth,meltDepth,meltArea
[1.72186767],[0.87470117],[1.1459656]
[1.89682213],[1.02361597],[1.85084]
[2.15619402],[1.08988216],[2.03900985]
[2.10202442],[1.12789573],[2.16245078]
[2.3230239],[1.17119817],[2.28736517]
[2.25536656],[1.18807878],[2.34182554]
[2.43071508],[1.1925528],[2.42734942]
[2.31452029],[1.19184395],[2.42539822]
[2.42182193],[1.18651514],[2.46652799]
[2.33944264],[1.17617597],[2.42792182]
[2.38758677],[1.16295243],[2.42842607]
[2.33359324],[1.15633372],[2.38010336]
[2.35690896],[1.14469015],[2.36478758]
[2.33302452],[1.13204574],[2.32328133]
[2.34667233],[1.12210466],[2.30629783]
[2.35850853],[1.11194893],[2.26650694]
[2.39279131],[1.10935654],[2.2724876]
[2.41028289],[1.10813611],[2.23878247]
[2.44549748],[1.1079342],[2.2499003]
[2.45949171],[1.10878913],[2.21191686]
[2.48260247],[1.10869203],[2.23191417]
[2.49497194],[1.10918309],[2.18697242]
[2.5016663],[1.10841044],[2.19916943]
[2.50292443],[1.10822818],[2.15228976]
[2.50979203],[1.1055867],[2.16886847]
[2.50521342],[1.10443196],[2.11186119]
[2.51645598],[1.09826865],[2.12882792]
[2.51102484],[1.09443166],[2.07290419]
[2.52424351],[1.0916856],[2.09180894]
[2.55419487],[1.09084364],[2.08415687]
[2.53598325],[1.08796876],[2.06889508]
[2.56217947],[1.0837224],[2.05294697]
[2.5291078],[1.07970849],[2.02396804]
[2.52035487],[1.07456291],[2.00827876]
[2.51188079],[1.07050438],[1.99000475]
[2.49813071],[1.06466739],[1.96560363]
[2.48587992],[1.05200284],[1.94056986]
[2.4739266],[1.03925987],[1.91370044]
[2.46397222],[1.02636935],[1.88455913]
[2.45594739],[1.01538302],[1.85445604]
[2.4642834],[1.00547336],[1.83926441]
[2.4776897],[0.99878461],[1.82514192]
[2.48559651],[0.99240288],[1.81419013]
[2.49922797],[0.98605933],[1.80968582]
[2.51119091],[0.98053544],[1.80824205]
[2.52915828],[0.97659323],[1.81397749]
[2.5474008],[0.97596373],[1.82276381]
[2.57025292],[0.97435932],[1.84299442]
[2.61039987],[0.97171391],[1.86646076]
[2.64518816],[0.96766869],[1.88458066]
[2.65277239],[0.95944135],[1.88594368]
[2.65958891],[0.95211028],[1.87096167]
[2.11651466],[0.94444196],[1.39712795]
[0.],[0.],[0.]
[1.54003599],[0.22912841],[0.271881]
[1.80508764],[0.93207796],[1.39430969]
[2.01817573],[1.12410644],[2.08669334]
[2.31869222],[1.22065466],[2.43524589]
[2.36254231],[1.25964421],[2.57376862]
[2.52725377],[1.2809981],[2.81335484]
[2.52461248],[1.29443011],[2.83846554]
[2.61170721],[1.30178634],[2.96349924]
[2.55389329],[1.30827314],[2.93806008]
[2.62674917],[1.3031233],[2.98694256]
[2.45208111],[1.30594082],[2.9323046]
[2.51723865],[1.30387765],[2.95886189]
[2.41307833],[1.31067134],[2.90791574]
[2.46700835],[1.30763441],[2.95329882]
[2.42382783],[1.31779886],[2.93354175]
[2.50081003],[1.31788803],[2.97570535]
[2.51051802],[1.32591948],[2.97123555]
[2.57069347],[1.32419664],[2.99369211]
[2.56853908],[1.33123011],[2.98212891]
[2.61210582],[1.32868808],[2.99784713]
[2.60135532],[1.33494017],[2.97935696]
[2.63636021],[1.3350322],[2.99543916]
[2.62400495],[1.33817767],[2.96991728]
[2.65545849],[1.34160785],[2.98327456]
[2.62990658],[1.34506792],[2.95079201]
[2.66188325],[1.34691106],[2.97016503]
[2.62422434],[1.34889554],[2.92438121]
[2.66743688],[1.34949181],[2.94692157]
[2.63143927],[1.35032203],[2.90411672]
[2.67298931],[1.35188682],[2.92728452]
[2.67467685],[1.35357978],[2.91955857]
[2.6585855],[1.35217233],[2.91421328]
[2.67415092],[1.35062378],[2.90560998]
[2.64689551],[1.34736847],[2.88323841]
[2.64468889],[1.34265478],[2.87417203]
[2.63952675],[1.33743668],[2.86111707]
[2.62737572],[1.32884083],[2.83697162]
[2.62118468],[1.31694756],[2.81623667]
[2.61204922],[1.30643114],[2.79329543]
[2.6020259],[1.29551656],[2.76798254]
[2.58927825],[1.28533098],[2.73598205]
[2.58183393],[1.2767883],[2.71298141]
[2.58526105],[1.26807796],[2.69229968]
[2.61128051],[1.26058818],[2.68144421]
[2.65574664],[1.25011299],[2.68810301]
[2.68131179],[1.24167842],[2.69351754]
[2.68612814],[1.23692889],[2.69551786]
[2.69733947],[1.23350791],[2.69951142]
[2.72974257],[1.22945575],[2.71345158]
[2.76165836],[1.22403157],[2.71992731]
[2.78302302],[1.21730065],[2.72026897]
[2.8217557],[1.21106523],[2.72406061]
[2.85474363],[1.20726218],[2.70464014]
[2.19345605],[1.20133122],[1.96779184]
[0.],[0.],[0.]
[1.55449139],[0.33927833],[0.42162438]
[2.03180796],[1.00160558],[1.7481124]
[2.23584469],[1.18033614],[2.37713432]
[2.47723912],[1.26063645],[2.7030298]
[2.53818509],[1.2846051],[2.8612087]
[2.6489918],[1.3122707],[3.08326439]
[2.64700375],[1.36090305],[3.16572433]
[2.71889959],[1.37901055],[3.29095722]
[2.75978938],[1.40718868],[3.32947137]
[2.75542108],[1.40952371],[3.37367032]
[2.83352553],[1.43422803],[3.40192213]
[2.81224203],[1.43109875],[3.4229622]
[2.89442354],[1.46132519],[3.48035484]
[2.86140633],[1.45590411],[3.50364584]
[2.94537021],[1.48750662],[3.59957571]
[2.9042277],[1.47383322],[3.58807668]
[2.98155906],[1.48811995],[3.67111774]
[2.91847268],[1.46909708],[3.62984925]
[2.98794336],[1.48656777],[3.69878266]
[2.91024506],[1.46586334],[3.6431025]
[2.94895322],[1.48311491],[3.66777007]
[2.94979602],[1.46174045],[3.60603065]
[2.99598746],[1.48060692],[3.60746066]
[2.9929923],[1.46630073],[3.5629442]
[3.03825268],[1.47754659],[3.57289565]
[3.00168351],[1.47258545],[3.52805093]
[3.04765127],[1.47756681],[3.54588258]
[3.0160994],[1.4751475],[3.51455482]
[3.06126199],[1.47661011],[3.5323126]
[3.03213863],[1.47878151],[3.51401431]
[3.09101766],[1.4799851],[3.55132441]
[3.03629601],[1.47969678],[3.51248616]
[3.08983134],[1.47897471],[3.53095526]
[3.03309533],[1.47662852],[3.48010605]
[3.02537239],[1.47321481],[3.46653247]
[3.01841972],[1.46935443],[3.45256519]
[3.00836938],[1.46322085],[3.42887069]
[3.00070537],[1.45361532],[3.40284735]
[2.99192351],[1.44443257],[3.37820281]
[2.97983049],[1.43415116],[3.34605896]
[2.97137277],[1.42326977],[3.31278026]
[2.96100423],[1.41179218],[3.28351681]
[2.95340818],[1.40122827],[3.25546294]
[2.93623744],[1.38963289],[3.22224995]
[2.93961104],[1.37678369],[3.2008411]
[2.94442797],[1.36965401],[3.18388524]
[2.94759169],[1.36296962],[3.16474621]
[2.95076315],[1.35480343],[3.14634807]
[2.94708378],[1.3443726],[3.13430912]
[2.94029272],[1.33577498],[3.12184672]
[2.93960801],[1.32643198],[3.10735123]
[2.98955986],[1.31685556],[3.11867072]
[2.99040937],[1.30709115],[3.03178317]
[2.27719945],[1.29660283],[2.21420697]
[0.],[0.],[0.]
[1.57892076],[0.46203506],[0.59012677]
[2.1670913],[1.09052823],[2.10356687]
[2.31017692],[1.23768706],[2.63441023]
[2.59323825],[1.33955791],[3.00010878]
[2.67262363],[1.42258264],[3.23639077]
[2.89153847],[1.45724947],[3.53124163]
[3.0777223],[1.49647796],[3.63798398]
[3.05695406],[1.50947662],[3.7428223]
[3.16156416],[1.53313168],[3.76933186]
[3.13109185],[1.5366867],[3.82851769]
[3.24199069],[1.55869897],[3.86386606]
[3.19740109],[1.5496092],[3.90941571]
[3.31522519],[1.57293107],[3.98147545]
[3.27633058],[1.55492855],[4.03520474]
[3.40049976],[1.57384142],[4.15887575]
[3.35445259],[1.55551826],[4.14937076]
[3.45764749],[1.56724054],[4.33570108]
[3.36079212],[1.54798945],[4.28232034]
[3.36056967],[1.56251458],[4.3651704]
[3.33238005],[1.54079079],[4.29317645]
[3.39743783],[1.55787644],[4.3621296]
[3.39259108],[1.53310096],[4.29449078]
[3.44351511],[1.55363613],[4.36184646]
[3.45137513],[1.53276047],[4.29686815]
[3.47630688],[1.54644525],[4.33519013]
[3.46093322],[1.531783],[4.2484725]
[3.48133082],[1.54245159],[4.28684787]
[3.46704474],[1.52766759],[4.19582457]
[3.48947236],[1.53333841],[4.2402799]
[3.48440432],[1.52712159],[4.16366622]
[3.51336197],[1.52801243],[4.2327507]
[3.49233425],[1.52463171],[4.18079093]
[3.51049178],[1.52203371],[4.20723748]
[3.48757366],[1.518326],[4.14917699]
[3.47377069],[1.51375767],[4.12510761]
[3.46616397],[1.50785592],[4.10390934]
[3.45382965],[1.49985291],[4.07190194]
[3.44272206],[1.48947087],[4.03519908]
[3.43151507],[1.48081917],[3.99837916]
[3.41436119],[1.47304924],[3.95242961]
[3.39830054],[1.46490732],[3.90668687]
[3.38228826],[1.45497747],[3.86465003]
[3.36941115],[1.44750785],[3.82747892]
[3.35559083],[1.43897028],[3.78545329]
[3.34623462],[1.42891065],[3.74899816]
[3.33772688],[1.42159751],[3.71243449]
[3.35764032],[1.41224312],[3.69848675]
[3.38948438],[1.40340525],[3.7049473]
[3.40735925],[1.40092049],[3.7001049]
[3.40890556],[1.40061955],[3.67610688]
[3.39560299],[1.39477569],[3.6349721]
[3.38038261],[1.3812356],[3.58484724]
[3.26846969],[1.36249017],[3.436108]
[2.48801395],[1.34599034],[2.51134804]
[0.],[0.],[0.]
[1.5986086],[0.47261373],[0.64764557]
[2.20243088],[1.14500546],[2.27910835]
[2.33736991],[1.34127058],[2.82058102]
[2.61318751],[1.4465828],[3.18484611]
[2.7323591],[1.51147355],[3.46165257]
[3.00934988],[1.53710334],[3.78243323]
[3.20596073],[1.57547966],[3.89394691]
[3.18110024],[1.57193989],[4.02517353]
[3.30238341],[1.59222965],[4.02597558]
[3.27467459],[1.57606348],[4.13968652]
[3.40786215],[1.59466065],[4.16006864]
[3.38010487],[1.57772087],[4.23148774]
[3.49434254],[1.60150291],[4.41845906]
[3.47485682],[1.58187814],[4.45376647]
[3.57531582],[1.60746707],[4.63738311]
[3.56331332],[1.58755339],[4.66094726]
[3.56704119],[1.60634561],[4.76122851]
[3.54205782],[1.58280348],[4.70584891]
[3.58727373],[1.60382087],[4.74896787]
[3.60172576],[1.58822897],[4.69067379]
[3.62861137],[1.59436928],[4.72859067]
[3.64663807],[1.58648064],[4.69253712]
[3.65635593],[1.58658945],[4.71717083]
[3.67840368],[1.58542833],[4.67400402]
[3.66853731],[1.58433225],[4.66634866]
[3.68510993],[1.58262385],[4.62272194]
[3.66925496],[1.58107986],[4.61325323]
[3.68843247],[1.57821784],[4.57072971]
[3.67355844],[1.57791824],[4.56835985]
[3.71034933],[1.57709562],[4.54688035]
[3.69931444],[1.57547713],[4.57143146]
[3.69711388],[1.57375884],[4.54016228]
[3.69782139],[1.57128925],[4.54238731]
[3.69168006],[1.56848112],[4.4981912]
[3.68171858],[1.56493537],[4.47145045]
[3.67558067],[1.56082936],[4.44609877]
[3.66413002],[1.55414942],[4.40883435]
[3.65360863],[1.54467723],[4.36447646]
[3.6398136],[1.53610424],[4.31701597]
[3.62254026],[1.5274584],[4.26609249]
[3.60466226],[1.51871978],[4.21587687]
[3.58823198],[1.50895646],[4.1715736]
[3.57023182],[1.49962106],[4.12594721]
[3.54977335],[1.49085831],[4.07812724]
[3.53326149],[1.48107302],[4.03419014]
[3.5176101],[1.47202924],[3.99142982]
[3.51566992],[1.46209432],[3.96098999]
[3.51994412],[1.45298234],[3.93514391]
[3.55899851],[1.44461229],[3.93691561]
[3.58345623],[1.44900631],[3.93929896]
[3.602096],[1.45047569],[3.93062403]
[3.60922803],[1.44849424],[3.90115907]
[3.42953488],[1.43946642],[3.72843347]
[2.69366767],[1.4195669],[2.780134]
[0.],[0.],[0.]
[1.63065369],[0.55095142],[0.77050628]
[2.22061132],[1.20843811],[2.42094826]
[2.39703401],[1.42391426],[3.00422857]
[2.65439715],[1.50816982],[3.3394835]
[2.74482884],[1.57155837],[3.618193]
[3.04990128],[1.57739999],[3.93022575]
[3.27527666],[1.60875058],[4.0596978]
[3.2541065],[1.6055239],[4.20039578]
[3.41027843],[1.62412394],[4.21223481]
[3.39827222],[1.6080027],[4.31945684]
[3.51964102],[1.62772483],[4.47688631]
[3.50801298],[1.61015803],[4.54171134]
[3.53846933],[1.63004996],[4.6674191]
[3.46495034],[1.61376844],[4.72523565]
[3.53956762],[1.62970538],[4.80666872]
[3.6033583],[1.62183397],[4.81433847]
[3.65987498],[1.62658179],[4.89390907]
[3.69115167],[1.62631465],[4.89263548]
[3.71030015],[1.62804761],[4.94150738]
[3.73658676],[1.62847612],[4.92831378]
[3.74025913],[1.62845647],[4.94219573]
[3.7637909],[1.62891751],[4.91598411]
[3.75446027],[1.62987942],[4.91307188]
[3.77929111],[1.63060989],[4.87806141]
[3.76827337],[1.6305925],[4.87684089]
[3.78432337],[1.62895273],[4.82871807]
[3.77372256],[1.62694947],[4.82056341]
[3.79147242],[1.624338],[4.7814933]
[3.78372701],[1.6244986],[4.7853398]
[3.81750739],[1.62336621],[4.76077869]
[3.80371518],[1.62190667],[4.78660606]
[3.8081691],[1.62031873],[4.75429953]
[3.80425426],[1.61676208],[4.75728658]
[3.80412242],[1.61364087],[4.71012179]
[3.79338763],[1.61006587],[4.68415597]
[3.78816152],[1.60610798],[4.6576264]
[3.77676344],[1.60009753],[4.61796804]
[3.76672397],[1.59311484],[4.57438287]
[3.75402516],[1.58673003],[4.52695906]
[3.73701336],[1.57981716],[4.47434774]
[3.72012086],[1.57333296],[4.42690602]
[3.7046806],[1.56608891],[4.38552164]
[3.68706401],[1.55777321],[4.34260401]
[3.66802593],[1.54886743],[4.29473415]
[3.65257625],[1.53892007],[4.24866539]
[3.64703368],[1.52925108],[4.20792165]
[3.64321107],[1.52074964],[4.17435934]
[3.64049863],[1.51580164],[4.14336561]
[3.63978874],[1.50724853],[4.10917443]
[3.6413347],[1.49606562],[4.07471829]
[3.66140045],[1.48697243],[4.05547728]
[3.68641379],[1.48416931],[4.03001178]
[3.48399493],[1.47723483],[3.81217307]
[2.73587612],[1.46187529],[2.79801093]
[0.],[0.],[0.]
[1.622955],[0.61274439],[0.81707887]
[2.23315723],[1.2726668],[2.57057553]
[2.52842572],[1.50033075],[3.19540705]
[2.72995075],[1.5745676],[3.50051299]
[2.74386344],[1.61119253],[3.78068207]
[3.05698598],[1.6333689],[4.10950285]
[3.33409532],[1.64726751],[4.22674284]
[3.32462662],[1.65154673],[4.37461091]
[3.35119795],[1.65319919],[4.44182769]
[3.20916967],[1.6520061],[4.46491638]
[3.37826841],[1.65172584],[4.62269424]
[3.48711449],[1.65197021],[4.7116571]
[3.52522088],[1.652815],[4.76554548]
[3.67184654],[1.6573752],[4.90043641]
[3.64145395],[1.66184045],[4.90323648]
[3.77615861],[1.66432271],[5.03552645]
[3.74528217],[1.66667641],[5.03753895]
[3.84927912],[1.66865834],[5.12660292]
[3.81160569],[1.66969339],[5.10826391]
[3.87646467],[1.66970238],[5.14479598]
[3.84863929],[1.66967715],[5.12755134]
[3.90454515],[1.66890874],[5.14698163]
[3.8717416],[1.66868101],[5.12829073]
[3.91958422],[1.66677059],[5.13417361]
[3.88301097],[1.66608491],[5.10675813]
[3.92803551],[1.66539896],[5.09493318]
[3.88802347],[1.66474431],[5.06464809]
[3.9391956],[1.66372911],[5.05343146]
[3.90465206],[1.66328081],[5.04286569]
[3.96590412],[1.66184318],[5.03443217]
[3.94591235],[1.6607457],[5.08121706]
[3.95706148],[1.65899993],[5.04817408]
[3.94710391],[1.65608602],[5.06532311]
[3.953908],[1.65314885],[5.00036453]
[3.94157765],[1.6500238],[4.96825125]
[3.93772809],[1.6461902],[4.93717855]
[3.92926549],[1.63925426],[4.88906969]
[3.92192633],[1.63233014],[4.8445734]
[3.910074],[1.62635898],[4.78951232]
[3.89274321],[1.6200347],[4.72967362]
[3.874871],[1.61222301],[4.67096976]
[3.85851329],[1.60362752],[4.61371666]
[3.83708836],[1.59545418],[4.55409274]
[3.81449993],[1.58742013],[4.48950907]
[3.79502291],[1.57854817],[4.4289374]
[3.79247867],[1.57033728],[4.38675325]
[3.78268827],[1.56428257],[4.34305687]
[3.77380748],[1.55887672],[4.29674657]
[3.76820025],[1.55081059],[4.24312203]
[3.75291787],[1.54252751],[4.18381227]
[3.72952007],[1.53116013],[4.11440211]
[3.7317747],[1.51771261],[4.06598294]
[3.51633308],[1.50585006],[3.82133229]
[2.75896299],[1.49383736],[2.77660501]
[0.],[0.],[0.]
[1.60299088],[0.61699338],[0.83312623]
[2.22568976],[1.33084746],[2.67242933]
[2.61692675],[1.53623765],[3.31245851]
[2.82803153],[1.61621968],[3.63417287]
[2.84687451],[1.65547468],[3.79361532]
[3.00797756],[1.67078132],[4.01264584]
[2.9714654],[1.67693764],[3.99101934]
[3.10523745],[1.67778171],[4.16834101]
[3.33442363],[1.6777789],[4.34144741]
[3.39179805],[1.67709332],[4.42446929]
[3.53819721],[1.67594033],[4.62785793]
[3.63811614],[1.67473656],[4.73567286]
[3.6687802],[1.67535399],[4.83541155]
[3.80302222],[1.67597938],[4.99630827]
[3.77725743],[1.67719205],[5.01306621]
[3.89774387],[1.67691216],[5.14709497]
[3.85567151],[1.67677116],[5.11487803]
[3.96464015],[1.67646966],[5.20474473]
[3.91086041],[1.67623173],[5.17580873]
[4.00045678],[1.67476784],[5.22720003]
[3.96313421],[1.67631985],[5.21031597]
[4.06572099],[1.67347657],[5.25027598]
[4.00906245],[1.67876346],[5.23687621]
[4.07539538],[1.68096858],[5.25264963]
[4.02952915],[1.67480083],[5.23784133]
[4.08893497],[1.68229146],[5.22285536]
[4.04413598],[1.67825815],[5.20806104]
[4.09334263],[1.6913294],[5.19649035]
[4.0603375],[1.68584865],[5.21161512]
[4.12931409],[1.70286469],[5.21218117]
[4.0880123],[1.69389776],[5.26717213]
[4.13901953],[1.7042276],[5.23643403]
[4.10661422],[1.70042383],[5.27474283]
[4.14333826],[1.69563757],[5.2005947]
[4.11516712],[1.69143974],[5.16278657]
[4.11018416],[1.68663375],[5.13425121]
[4.11460114],[1.68030852],[5.09996124]
[4.11907542],[1.65905246],[5.06673037]
[4.12242306],[1.64031949],[5.00602735]
[4.11351833],[1.62480158],[4.92048959]
[4.10140573],[1.61334364],[4.83670909]
[4.06893147],[1.60430784],[4.74288608]
[4.02760866],[1.59601419],[4.65147509]
[3.99281518],[1.58773046],[4.55727131]
[3.9733321],[1.57880563],[4.46985631]
[3.9628189],[1.57084037],[4.40041867]
[3.93732024],[1.56525523],[4.33675267]
[3.91131791],[1.55968146],[4.27569602]
[3.88713089],[1.55276323],[4.211]
[3.85378283],[1.54518166],[4.1472066]
[3.81839266],[1.53686646],[4.07800129]
[3.79177658],[1.52682335],[4.00786486]
[3.52869239],[1.51340778],[3.73881557]
[2.76262838],[1.49611961],[2.68120968]
[0.],[0.],[0.]
[1.591615],[0.72753649],[0.91774248]
[2.24498257],[1.39103245],[2.78969915]
[2.6685425],[1.57144696],[3.4284416]
[2.8885183],[1.64641405],[3.77139477]
[2.88690346],[1.67901542],[3.87589076]
[3.04180816],[1.69300195],[4.10038749]
[3.00671898],[1.69981912],[4.07956264]
[3.14738944],[1.69972359],[4.27584597]
[3.45827792],[1.69897365],[4.55529836]
[3.52867529],[1.69734282],[4.64143914]
[3.62553737],[1.69644713],[4.82014044]
[3.72569577],[1.69535021],[4.91911678]
[3.73516709],[1.6954103],[5.00322937]
[3.86047298],[1.69644487],[5.16550004]
[3.83204438],[1.70095707],[5.21246145]
[3.94252971],[1.70196353],[5.3340173]
[3.90368048],[1.70761283],[5.33564971]
[4.05059119],[1.71323193],[5.40212469]
[4.0398082],[1.70947023],[5.40872335]
[4.13519033],[1.72404154],[5.45182925]
[4.14829602],[1.716296],[5.47098379]
[4.2222374],[1.73482998],[5.49328523]
[4.20830752],[1.72751208],[5.4968509]
[4.23627955],[1.7411709],[5.47736477]
[4.23180075],[1.72519631],[5.47958048]
[4.2549471],[1.73681993],[5.43644899]
[4.2522261],[1.73044052],[5.44085651]
[4.26829348],[1.7419073],[5.41078511]
[4.27511052],[1.74242555],[5.4470922]
[4.31138047],[1.75507418],[5.43214842]
[4.31424972],[1.74792248],[5.50072594]
[4.33832453],[1.75379874],[5.46752738]
[4.34148508],[1.74982603],[5.50977011]
[4.35235317],[1.74635597],[5.43696489]
[4.35760584],[1.74191196],[5.39884527]
[4.34267771],[1.73674451],[5.37092543]
[4.34920003],[1.73128285],[5.33322807]
[4.35695597],[1.71399037],[5.3048509]
[4.36582312],[1.69399168],[5.2670951]
[4.36786748],[1.67142261],[5.21148383]
[4.36713085],[1.6489005],[5.14916879]
[4.36090564],[1.62965193],[5.06447294]
[4.35162324],[1.61818566],[4.97656386]
[4.34558681],[1.60991108],[4.89377262]
[4.33440292],[1.60261115],[4.82262401]
[4.32203976],[1.59674158],[4.74198839]
[4.29737144],[1.59089682],[4.65246721]
[4.2618075],[1.58507454],[4.56642048]
[4.22343317],[1.57816842],[4.46412817]
[4.1795393],[1.57036037],[4.39155428]
[4.13689243],[1.5626431],[4.31070038]
[4.08813667],[1.55339343],[4.22948106]
[3.75646984],[1.54397429],[3.91742674]
[2.97257942],[1.5305168],[2.81463786]
[0.],[0.],[0.]
[1.59809758],[0.85863297],[1.01575547]
[2.26874109],[1.43642783],[2.88636581]
[2.71563154],[1.59945479],[3.53750339]
[2.92116228],[1.67514086],[3.8824144]
[2.92894432],[1.7010949],[3.96995129]
[3.05546931],[1.71059219],[4.2069692]
[3.18228419],[1.71509481],[4.35024744]
[3.3328094],[1.71457314],[4.52172343]
[3.57207319],[1.71412084],[4.8137146]
[3.65326777],[1.71467015],[4.89884958]
[3.70769595],[1.71455992],[5.04356643]
[3.81282062],[1.713355],[5.16165765]
[3.80439477],[1.71248968],[5.23808154]
[3.91794911],[1.72814385],[5.40800055]
[3.88159836],[1.73575322],[5.467097]
[4.00644396],[1.76504318],[5.56191848]
[4.03972574],[1.75792519],[5.63297155]
[4.13845017],[1.77866373],[5.6749832]
[4.16724453],[1.77086856],[5.71697829]
[4.2273247],[1.78859285],[5.7248893]
[4.2725442],[1.78250904],[5.7746034]
[4.30580915],[1.79873124],[5.7520498]
[4.32511932],[1.79340291],[5.79595015]
[4.32023562],[1.80295894],[5.72086432]
[4.3444175],[1.78968005],[5.77077226]
[4.34098581],[1.79624969],[5.67365196]
[4.36357135],[1.79176227],[5.7266699]
[4.35776108],[1.80130633],[5.64706327]
[4.39693561],[1.80371691],[5.73348908]
[4.43167991],[1.81339204],[5.68762057]
[4.45638025],[1.80814121],[5.79146591]
[4.4980673],[1.81015662],[5.77334948]
[4.4818989],[1.80615368],[5.79263278]
[4.49286328],[1.80220373],[5.72671581]
[4.47208109],[1.79761743],[5.65429848]
[4.44079851],[1.79268888],[5.61713041]
[4.44709538],[1.78718057],[5.58270871]
[4.45164946],[1.77325392],[5.55126744]
[4.45592322],[1.75452044],[5.51076315]
[4.45757814],[1.73295591],[5.45228472]
[4.45612694],[1.71137144],[5.39140019]
[4.45522562],[1.68916966],[5.32120591]
[4.4500586],[1.663934],[5.24042175]
[4.44519893],[1.64118066],[5.15914197]
[4.43608713],[1.62272878],[5.07060743]
[4.42613546],[1.61676306],[4.97818891]
[4.40932923],[1.6103096],[4.87335954]
[4.38085994],[1.60370079],[4.78888831]
[4.35131508],[1.59662107],[4.68612118]
[4.32371627],[1.58857866],[4.58849593]
[4.29229994],[1.58016442],[4.47660651]
[4.25586808],[1.57037407],[4.38286752]
[3.91625204],[1.56135353],[4.02743429]
[3.13151951],[1.54897697],[2.88585822]
[0.],[0.],[0.]
[1.60475511],[0.94535071],[1.05970223]
[2.28968545],[1.46057891],[2.95464523]
[2.76062059],[1.62023656],[3.62077886]
[2.95300029],[1.6939452],[3.96957055]
[2.96346091],[1.71315314],[4.05840155]
[3.07992781],[1.72136274],[4.33630528]
[3.28054145],[1.72575539],[4.54550764]
[3.43915942],[1.72550401],[4.72390511]
[3.63736593],[1.72700296],[5.0156858]
[3.72266464],[1.72681926],[5.11685836]
[3.76382693],[1.72587235],[5.23171266]
[3.86946201],[1.72461448],[5.36679542]
[3.84996934],[1.72811855],[5.46194426]
[3.95703059],[1.76472397],[5.60615582]
[3.94167363],[1.7701871],[5.660905]
[4.08449095],[1.79734866],[5.77205968]
[4.12273567],[1.79142721],[5.84329509]
[4.20595809],[1.81317522],[5.89333768]
[4.24490332],[1.80754235],[5.96387941]
[4.28913956],[1.82666835],[5.95543907]
[4.34672235],[1.82171809],[6.04288688]
[4.37203104],[1.83819992],[5.98338411]
[4.41226074],[1.83396533],[6.06752673]
[4.4133047],[1.84219627],[5.98121496]
[4.455455],[1.82878668],[6.05234872]
[4.45645808],[1.83276975],[5.93980793]
[4.49302385],[1.82755114],[6.00734529]
[4.48923924],[1.83699183],[5.90160309]
[4.52767715],[1.83821205],[5.99813419]
[4.55678522],[1.84762474],[5.95172691]
[4.57997743],[1.84310377],[6.06497781]
[4.59476299],[1.84225631],[6.03588907]
[4.59746439],[1.83781598],[6.04508505]
[4.59628415],[1.83278189],[5.97823589]
[4.60056312],[1.82766727],[5.91401499]
[4.57201845],[1.82193267],[5.87392051]
[4.56645424],[1.81586339],[5.82833254]
[4.55388762],[1.8030018],[5.78207432]
[4.55075279],[1.78410616],[5.73608578]
[4.54183058],[1.76247859],[5.65933011]
[4.53041995],[1.74168126],[5.58774063]
[4.52287608],[1.7200901],[5.50676493]
[4.52193866],[1.69634897],[5.43640164]
[4.51748518],[1.67381565],[5.3644729]
[4.50877939],[1.64986971],[5.28916355]
[4.501459],[1.63237194],[5.20201325]
[4.4847873],[1.62646914],[5.09866511]
[4.45840586],[1.62096278],[5.00093032]
[4.42708222],[1.6148374],[4.87253284]
[4.40582224],[1.60710058],[4.77857074]
[4.37902689],[1.59860728],[4.67227362]
[4.34543264],[1.58879447],[4.56039814]
[3.99736357],[1.57849745],[4.15783949]
[3.21643659],[1.56618641],[2.9751421]
[0.],[0.],[0.]
[1.58904466],[0.96071685],[1.02069083]
[2.2653451],[1.46216234],[2.97359873]
[2.8131902],[1.6262286],[3.6481559]
[2.98127316],[1.69259941],[3.99080131]
[2.99310319],[1.70980936],[4.08015097]
[3.10519538],[1.71706425],[4.28899174]
[3.36102152],[1.72046413],[4.52139178]
[3.52935073],[1.71920144],[4.72568981]
[3.69130262],[1.71984785],[4.97712743]
[3.78096802],[1.71880026],[5.09266612]
[3.81601953],[1.71790349],[5.2205922]
[3.92202676],[1.7360683],[5.35713584]
[3.89148841],[1.74275633],[5.45060738]
[4.00088006],[1.77924977],[5.56455399]
[4.03170041],[1.78737372],[5.63857868]
[4.15945483],[1.80897121],[5.72350964]
[4.20608984],[1.80438172],[5.81059062]
[4.27668008],[1.82062342],[5.78556631]
[4.33867491],[1.81670708],[5.87796413]
[4.39875452],[1.83122978],[5.83998927]
[4.48077464],[1.82693308],[5.96545477]
[4.50227712],[1.83508044],[5.89849012]
[4.53775113],[1.83052548],[5.9805308]
[4.52985177],[1.83004886],[5.8957645]
[4.56857525],[1.81929518],[5.93802977]
[4.56214663],[1.81646415],[5.84410592]
[4.59623081],[1.81421915],[5.90147005]
[4.59108818],[1.82058215],[5.83391743]
[4.62421869],[1.82620385],[5.92064803]
[4.65428346],[1.83037496],[5.88914936]
[4.67168324],[1.82983023],[5.98615436]
[4.67418378],[1.82520579],[5.95474964]
[4.68674666],[1.82031271],[5.96033907]
[4.68050167],[1.8145338],[5.89982977]
[4.69605655],[1.80891556],[5.8440509]
[4.66821607],[1.8029559],[5.80281439]
[4.66064458],[1.79489063],[5.74576402]
[4.6547337],[1.78309353],[5.70327501]
[4.65343512],[1.76454236],[5.65900138]
[4.64911796],[1.74311461],[5.59786036]
[4.64234473],[1.72298616],[5.53204584]
[4.62879799],[1.7013515],[5.44520856]
[4.60653906],[1.6780108],[5.35836237]
[4.59057609],[1.6557108],[5.27819795]
[4.58256069],[1.632459],[5.21151913]
[4.57875924],[1.61369542],[5.14493709]
[4.56519244],[1.60981671],[5.06273624]
[4.54257095],[1.60604214],[4.97928425]
[4.51691004],[1.60188335],[4.88350567]
[4.49779401],[1.59618786],[4.7812968]
[4.47567485],[1.58997189],[4.68161202]
[4.44278039],[1.58083433],[4.57367739]
[4.07349821],[1.57182695],[4.18577518]
[3.29596095],[1.56109507],[3.00459979]
[0.],[0.],[0.]
[1.59223463],[0.95803133],[1.02958199]
[2.26292168],[1.47118484],[3.00542602]
[2.84378042],[1.63671444],[3.68514476]
[3.0050933],[1.70049698],[4.03375563]
[3.0124628],[1.71829019],[4.13120688]
[3.12320955],[1.72381806],[4.35084013]
[3.41796399],[1.72543373],[4.64502368]
[3.59588841],[1.72551147],[4.8735492]
[3.74872018],[1.72575486],[5.12867024]
[3.83982857],[1.72643705],[5.25014419]
[3.85207945],[1.73035434],[5.38902113]
[3.953943],[1.76918446],[5.50588515]
[3.93117134],[1.77711356],[5.59750316]
[4.07700108],[1.81106098],[5.71301207]
[4.122008],[1.81976484],[5.8084186]
[4.23177727],[1.83970863],[5.86389495]
[4.36018483],[1.83669782],[6.03908732]
[4.43223409],[1.85204514],[5.99824857]
[4.49269133],[1.84848338],[6.10546802]
[4.52183309],[1.8580823],[6.05891897]
[4.59048521],[1.85488617],[6.16628232]
[4.59985027],[1.86009456],[6.08584519]
[4.63141077],[1.85539537],[6.14917043]
[4.61840203],[1.85353689],[6.06393687]
[4.65274711],[1.84554235],[6.10639778]
[4.6425595],[1.84127247],[6.01798595]
[4.67222753],[1.83860951],[6.06749616]
[4.66650279],[1.84401965],[6.00150375]
[4.69361885],[1.85040491],[6.07591797]
[4.72100792],[1.85329989],[6.0450106]
[4.73599401],[1.85246525],[6.1291567]
[4.72944471],[1.84755187],[6.10317346]
[4.74939123],[1.842228],[6.1007472]
[4.73675379],[1.83480008],[6.03538164]
[4.76442165],[1.82903809],[5.98422246]
[4.74364118],[1.82303577],[5.94647106]
[4.74611587],[1.81626009],[5.9041222]
[4.74461816],[1.80626823],[5.86332691]
[4.7446458],[1.78774457],[5.81920358]
[4.74372357],[1.766387],[5.76209432]
[4.74251156],[1.74582485],[5.7023591]
[4.74143977],[1.72508175],[5.62967864]
[4.73340342],[1.70241586],[5.54865484]
[4.71942018],[1.68074254],[5.4639335]
[4.70030076],[1.65809404],[5.38164339]
[4.68393332],[1.63355717],[5.30145769]
[4.6794063],[1.62063366],[5.22649055]
[4.67018171],[1.61628945],[5.1620276]
[4.65408012],[1.61203047],[5.08044879]
[4.64191223],[1.60774936],[4.99754683]
[4.62821155],[1.60230571],[4.90187301]
[4.60420569],[1.59640013],[4.79149005]
[4.2129585],[1.59082782],[4.39722699]
[3.44231892],[1.58202588],[3.19906384]
[0.],[0.],[0.]
[1.6048159],[0.97294863],[1.08598152]
[2.26861037],[1.49195138],[3.05852914]
[2.87757053],[1.64911661],[3.75759171]
[3.03103999],[1.70774779],[4.09909116]
[3.03999489],[1.72511802],[4.21192955]
[3.14364505],[1.73024061],[4.45499212]
[3.49590514],[1.73314688],[4.87163621]
[3.6992297],[1.73403331],[5.11163518]
[3.79894587],[1.73520344],[5.3530057]
[3.89163474],[1.77043843],[5.46960525]
[3.88757824],[1.77996958],[5.60989093]
[3.99421475],[1.81496893],[5.70862376]
[4.014736],[1.82372088],[5.81361273]
[4.14610775],[1.85409606],[5.90872831]
[4.21505442],[1.86339653],[6.06150146]
[4.37542689],[1.8800228],[6.13403889]
[4.48189586],[1.87862999],[6.3094877]
[4.5366176],[1.89249009],[6.28072476]
[4.57850917],[1.8891489],[6.36064283]
[4.60343155],[1.89592319],[6.31061865]
[4.65753717],[1.89407885],[6.39928125]
[4.66671963],[1.89787895],[6.32715024]
[4.69086553],[1.89289502],[6.37917142]
[4.68120981],[1.8898305],[6.30432122]
[4.71138353],[1.88353885],[6.33887422]
[4.70290722],[1.87769652],[6.26115509]
[4.72904532],[1.87765016],[6.29176949]
[4.72761964],[1.88122245],[6.23753824]
[4.74965323],[1.88840687],[6.29757137]
[4.78423735],[1.88966179],[6.28140208]
[4.79212782],[1.88721935],[6.33459788]
[4.78449612],[1.88192278],[6.31582178]
[4.80819661],[1.87608333],[6.30567231]
[4.7970006],[1.86997561],[6.25299726]
[4.82621111],[1.86414504],[6.19716513]
[4.80388529],[1.85818331],[6.15164017]
[4.80269702],[1.85165157],[6.10349226]
[4.80262725],[1.84301692],[6.06002734]
[4.80266087],[1.82520466],[6.01074298]
[4.80309897],[1.80480947],[5.95404816]
[4.80240339],[1.78482129],[5.89712352]
[4.8039025],[1.76434441],[5.83228468]
[4.800197],[1.74242073],[5.75612209]
[4.7919533],[1.7204957],[5.66466997]
[4.78304381],[1.6993676],[5.59203617]
[4.7747978],[1.6762852],[5.51964011]
[4.76608144],[1.65469463],[5.44486789]
[4.74898715],[1.63257273],[5.3702238]
[4.72903202],[1.62473027],[5.29074629]
[4.71953464],[1.62020986],[5.22225627]
[4.71380516],[1.61438769],[5.14203728]
[4.69918205],[1.60899868],[5.04950746]
[4.29157384],[1.60391815],[4.63232681]
[3.52872869],[1.59773003],[3.40375221]
[0.],[0.],[0.]
[1.59340985],[0.97454557],[1.05480401]
[2.23812181],[1.48592746],[3.02266712]
[2.90371064],[1.6471777],[3.7318915]
[3.05070623],[1.69946652],[4.07152146]
[3.05852897],[1.71647889],[4.17732322]
[3.16091411],[1.72258206],[4.43930887]
[3.59147495],[1.7251486],[4.88018624]
[3.79719924],[1.73987178],[5.10854365]
[3.83977251],[1.7503882],[5.29408509]
[3.93609802],[1.78667836],[5.39899877]
[3.91933395],[1.79841612],[5.52591518]
[4.06079405],[1.83023193],[5.63645336]
[4.09799857],[1.84085891],[5.76964275]
[4.25146473],[1.86754109],[5.86184173]
[4.37390306],[1.87555998],[6.06255885]
[4.48418737],[1.88239932],[6.09997281]
[4.57077092],[1.88058242],[6.22677672]
[4.61643094],[1.88414313],[6.19917101]
[4.64942],[1.88374436],[6.26004392]
[4.66905869],[1.88513264],[6.22846592]
[4.71029924],[1.88671979],[6.28683915]
[4.71617775],[1.88554974],[6.22369592]
[4.73846463],[1.88308857],[6.24312651]
[4.729629],[1.87452358],[6.16925289]
[4.76070781],[1.87228938],[6.17321258]
[4.7531555],[1.85185434],[6.0959505]
[4.77932422],[1.86027126],[6.10703867]
[4.78061428],[1.84926141],[6.0612709]
[4.80125494],[1.86638839],[6.1106361]
[4.84474672],[1.85519583],[6.0998069]
[4.86009032],[1.86377348],[6.16325949]
[4.83986969],[1.85226247],[6.13674895]
[4.86389573],[1.84487472],[6.11635347]
[4.84597072],[1.83783142],[6.06420823]
[4.8711226],[1.83129702],[6.00815102]
[4.85051251],[1.82434564],[5.96222527]
[4.85007443],[1.81772742],[5.91612308]
[4.85305139],[1.80908139],[5.87441634]
[4.85497597],[1.79048418],[5.82630624]
[4.85719435],[1.7683987],[5.76743187]
[4.85686867],[1.7449415],[5.68832571]
[4.86076374],[1.72463159],[5.61935779]
[4.85960833],[1.70209865],[5.54910721]
[4.85553912],[1.68181944],[5.4846333]
[4.85503735],[1.65751089],[5.43092214]
[4.85403356],[1.63311253],[5.37634999]
[4.85308749],[1.61173405],[5.31872083]
[4.84989235],[1.58997426],[5.26083998]
[4.84187598],[1.58536212],[5.19375124]
[4.83413594],[1.5832527],[5.12345817]
[4.82562863],[1.57963568],[5.04272927]
[4.80790993],[1.57547652],[4.9495496]
[4.37990235],[1.56987005],[4.56030015]
[3.62001586],[1.56589458],[3.37089132]
[0.],[0.],[0.]
[1.58998598],[0.9637794],[1.0169149]
[2.25520165],[1.49229075],[3.02394837]
[2.91844331],[1.65675969],[3.76102197]
[3.06456109],[1.70303728],[4.11107119]
[3.06597521],[1.72282735],[4.21467576]
[3.18393253],[1.73072582],[4.53446134]
[3.65916101],[1.7421691],[5.02089019]
[3.8638121],[1.77177398],[5.25861362]
[3.87023646],[1.78768824],[5.44269138]
[3.96159747],[1.81963652],[5.52759341]
[3.99914436],[1.83316719],[5.69684575]
[4.12606234],[1.86038914],[5.77113477]
[4.24856717],[1.87260511],[5.96835233]
[4.39321598],[1.89322421],[6.09250385]
[4.47931418],[1.90170743],[6.25518838]
[4.5621537],[1.90989273],[6.30145058]
[4.62672425],[1.9089692],[6.40614077]
[4.6490889],[1.91119037],[6.39572037]
[4.68349964],[1.91172423],[6.44512646]
[4.70146023],[1.91165692],[6.42112873]
[4.74474771],[1.91410819],[6.45723395]
[4.75355171],[1.91020502],[6.41148476]
[4.83167606],[1.90836864],[6.42031132]
[4.7661995],[1.89280409],[6.35240765]
[4.96394199],[1.88987594],[6.35159541]
[4.78938881],[1.86398626],[6.26112857]
[5.11922514],[1.87523256],[6.31446392]
[4.83544994],[1.86455467],[6.24655508]
[5.23349284],[1.88322015],[6.35087469]
[5.09505194],[1.86971889],[6.28702553]
[5.36185057],[1.88063893],[6.41839855]
[5.29575941],[1.8685645],[6.34965312]
[5.38022086],[1.86088323],[6.35982345]
[5.2824647],[1.85361582],[6.26595349]
[5.36634013],[1.84717285],[6.24191205]
[5.23036018],[1.84045434],[6.16436184]
[5.1904681],[1.83443357],[6.11633429]
[5.09461867],[1.82233855],[6.05754308]
[5.05216894],[1.80685402],[6.01038484]
[5.06277881],[1.78633949],[5.95964097]
[5.016384],[1.76610289],[5.90079094]
[5.01201497],[1.74721898],[5.83875617]
[5.06550786],[1.72612174],[5.76697654]
[5.06290115],[1.70508899],[5.69383273]
[5.01646533],[1.6790673],[5.63329105]
[5.00695466],[1.65395681],[5.57483735]
[5.0206556],[1.62991411],[5.51938743]
[5.01654152],[1.60531051],[5.46462137]
[4.99597401],[1.59425189],[5.40827156]
[5.00017087],[1.59010669],[5.33442076]
[4.99631996],[1.58647785],[5.26227411]
[4.98008408],[1.58184134],[5.18173133]
[4.52373062],[1.57776313],[4.78997021]
[3.75941678],[1.57410245],[3.59529201]
[0.0458514],[0.02650223],[0.00012308]
[1.59393908],[0.99754539],[1.06856422]
[2.27391381],[1.50828235],[3.07939653]
[2.94118195],[1.66473695],[3.81964653]
[3.07937232],[1.70999641],[4.17297192]
[3.08316098],[1.73264908],[4.29458831]
[3.3448165],[1.74105282],[4.73668237]
[3.72207962],[1.78923912],[5.22475135]
[3.91978509],[1.81677679],[5.46961988]
[3.90219659],[1.83456395],[5.66966731]
[4.02711368],[1.86105457],[5.71881063]
[4.09788416],[1.87536564],[5.94059141]
[4.2888601],[1.89873819],[6.07499939]
[4.38375463],[1.91417608],[6.26337527]
[4.4932306],[1.92986556],[6.37561409]
[4.55423575],[1.93943195],[6.51052599]
[4.6193022],[1.94427607],[6.56986199]
[4.67243227],[1.94734179],[6.69167244]
[4.70762338],[1.94920359],[6.71062052]
[4.80040527],[1.95228287],[6.76558836]
[4.75756683],[1.9493713],[6.73392212]
[5.08668147],[1.95390848],[6.81789402]
[4.93273355],[1.94463427],[6.7206594]
[5.23965815],[1.94516597],[6.79590003]
[5.12090228],[1.92373295],[6.69149757]
[5.3346122],[1.92646319],[6.75947242]
[5.28972893],[1.90451592],[6.65344959]
[5.42178484],[1.92171573],[6.74970261]
[5.41785519],[1.91436237],[6.69173325]
[5.49729146],[1.94163216],[6.83141297]
[5.57690675],[1.92709019],[6.8188286]
[5.59203345],[1.94494691],[6.96300964]
[5.60886233],[1.93280814],[6.94804252]
[5.62678232],[1.92695303],[6.979423]
[5.63788963],[1.92108006],[6.90810626]
[5.66177666],[1.91242023],[6.87708997]
[5.69528556],[1.90666562],[6.81466742]
[5.73705663],[1.90155543],[6.77850357]
[5.76796454],[1.88859991],[6.73527562]
[5.79629522],[1.87001357],[6.67684529]
[5.80358683],[1.8444266],[6.60430526]
[5.81595427],[1.81781489],[6.51874816]
[5.8261267],[1.79359386],[6.39940314]
[5.82930325],[1.77186079],[6.29217438]
[5.83876896],[1.75305178],[6.14882552]
[5.69668298],[1.73365549],[6.00226664]
[5.48464569],[1.71343452],[5.90077061]
[5.40739711],[1.68682057],[5.82010321]
[5.35226546],[1.66309062],[5.75187081]
[5.29543414],[1.63728215],[5.68354775]
[5.26431595],[1.60774093],[5.6189505]
[5.24679978],[1.60248237],[5.54824977]
[5.22108998],[1.59759661],[5.47691604]
[4.72958254],[1.59328838],[5.06478042]
[3.95586822],[1.58890859],[3.86783001]
[0.14471644],[0.08910219],[0.00444924]
[1.599891],[1.03524341],[1.14256047]
[2.29513942],[1.52663681],[3.15164541]
[2.96312376],[1.67056156],[3.87505287]
[3.09429651],[1.71731439],[4.23266425]
[3.11743804],[1.73972646],[4.41683142]
[3.47083188],[1.7701273],[4.90705702]
[3.77622147],[1.8200696],[5.38474639]
[3.95635373],[1.85174086],[5.62429177]
[3.96759216],[1.86938408],[5.87344852]
[4.14956054],[1.89481452],[5.96979815]
[4.27238201],[1.90944042],[6.22420092]
[4.40562008],[1.93150433],[6.3451127]
[4.4802832],[1.94871481],[6.5127867]
[4.57420088],[1.96171097],[6.6328734]
[4.62229198],[1.97217597],[6.80156817]
[4.68319635],[1.97515672],[6.88307425]
[4.84495462],[1.98040371],[7.01529787]
[4.80535053],[1.98308842],[7.04238551]
[5.16791813],[1.99158115],[7.16545984]
[5.15829671],[1.99489849],[7.15182564]
[5.37151487],[2.00636244],[7.30026917]
[5.42655717],[1.99930324],[7.27481597]
[5.48812652],[2.00955278],[7.40501331]
[5.54431621],[1.99161416],[7.38587484]
[5.58775157],[2.00354876],[7.52449924]
[5.73122256],[1.98452105],[7.52288108]
[6.07270365],[2.00942074],[7.69167033]
[6.21533118],[1.99453594],[7.78667563]
[6.36661298],[2.02742414],[7.96741781]
[6.44089333],[2.003973],[8.06108332]
[6.52812572],[2.03040518],[8.22173096]
[6.55689407],[2.01042957],[8.25271348]
[6.5943089],[2.00475112],[8.26426228]
[6.55903992],[1.99882566],[8.23073083]
[6.59973079],[1.99354585],[8.17388445]
[6.56141327],[1.98876374],[8.12942384]
[6.59740879],[1.98422811],[8.07585119]
[6.56571631],[1.97105253],[8.00827424]
[6.5578855],[1.95166694],[7.92978472]
[6.54890393],[1.92505234],[7.81930512]
[6.54435452],[1.89905616],[7.69343459]
[6.54779565],[1.87429424],[7.56010424]
[6.53961551],[1.84649114],[7.37836486]
[6.53417738],[1.81720096],[7.15266245]
[6.53739505],[1.79041896],[6.88564609]
[6.39407789],[1.76203781],[6.64364488]
[6.22385525],[1.73532188],[6.44428775]
[6.06428306],[1.71138361],[6.25928851]
[5.90786825],[1.69111876],[6.08721183]
[5.75444069],[1.66420455],[5.93846873]
[5.61839521],[1.63526914],[5.84129807]
[5.5646481],[1.60946008],[5.75645231]
[5.01931336],[1.60502427],[5.3065708]
[4.2291096],[1.60051304],[4.10045391]
[0.2591563],[0.15945326],[0.01692863]
[1.55407794],[1.03208497],[1.07476046]
[2.31454196],[1.51972144],[3.09102791]
[2.98435689],[1.65808722],[3.81318135]
[3.10920767],[1.70522201],[4.19544686]
[3.23469395],[1.72876071],[4.46612181]
[3.56642324],[1.77518305],[4.94399035]
[3.81795276],[1.82900937],[5.36201338]
[4.00641454],[1.85752807],[5.58597495]
[4.13103324],[1.87607748],[5.8796621]
[4.30211393],[1.89605654],[6.02052493]
[4.39648317],[1.91377218],[6.20719886]
[4.50559749],[1.93057719],[6.32864867]
[4.57414429],[1.9533463],[6.49892784]
[4.6638162],[1.97284874],[6.6801007]
[4.71671788],[1.99787452],[6.82803785]
[4.783013],[1.99978986],[6.96753602]
[5.21034958],[2.01484099],[7.22464553]
[5.35415079],[2.00281924],[7.33375884]
[5.47871671],[2.0202979],[7.5003514]
[5.62560746],[2.00343603],[7.59585184]
[6.16138508],[2.02482452],[7.80504879]
[6.35693073],[1.99798299],[7.97441891]
[6.47393392],[2.0182527],[8.14547178]
[6.53279372],[1.98190349],[8.31650772]
[6.6477794],[2.00907375],[8.49957249]
[6.68506016],[1.95826269],[8.62226926]
[6.78774231],[2.01716254],[8.76303174]
[6.85062397],[1.97675014],[8.91565569]
[7.00193608],[2.02634114],[9.08028434]
[7.10488176],[1.97350152],[9.206222]
[7.14642376],[2.02562461],[9.38166653]
[7.21089645],[1.98547985],[9.43726052]
[7.20345087],[1.97748921],[9.47081487]
[7.2274456],[1.96952604],[9.42099305]
[7.20837765],[1.96049273],[9.36138139]
[7.23229221],[1.95496735],[9.27409902]
[7.20943143],[1.94854661],[9.21954381]
[7.23072683],[1.93453966],[9.11882401]
[7.18918224],[1.90804841],[8.99049103]
[7.17652378],[1.87596518],[8.85841869]
[7.17013231],[1.84661916],[8.70202418]
[7.16660181],[1.81807879],[8.53856045]
[7.15928909],[1.78731553],[8.35395085]
[7.15140569],[1.76095711],[8.09616671]
[7.14459838],[1.7351227],[7.81431719]
[7.11431412],[1.7039639],[7.50848221]
[6.96606353],[1.67512745],[7.20892969]
[6.82481386],[1.64478556],[6.93314794]
[6.68225228],[1.61692801],[6.65514093]
[6.53934298],[1.58110726],[6.42258901]
[6.39394915],[1.57128791],[6.21847964]
[6.26401557],[1.56353453],[6.03958268]
[5.61446301],[1.55775633],[5.50149617]
[4.7583046],[1.55296388],[4.23559741]
[0.51752351],[0.33824297],[0.0807887]
[1.55081621],[1.01546889],[1.0503786]
[2.32181626],[1.53147028],[3.10988782]
[2.99508848],[1.66122896],[3.8274139]
[3.11743969],[1.70845556],[4.23668294]
[3.32843782],[1.73283326],[4.59436077]
[3.63791365],[1.80653974],[5.07034158]
[3.83760762],[1.86187807],[5.46431915]
[4.15889427],[1.89043983],[5.81043211]
[4.29580731],[1.90960523],[6.1139604]
[4.42814523],[1.92846333],[6.28412244]
[4.51620814],[1.96452557],[6.51471881]
[4.60239647],[1.99252906],[6.73138331]
[4.65871324],[2.0320927],[6.97351217]
[4.76134421],[2.05080419],[7.27584942]
[5.15068142],[2.08408115],[7.60234145]
[5.34310165],[2.07751136],[7.83617251]
[5.51179573],[2.09430197],[8.14690289]
[6.12821347],[2.07918252],[8.47652506]
[6.41174344],[2.09865069],[8.7583557]
[6.59144145],[2.07869005],[9.02816363]
[6.79472211],[2.10036372],[9.29057686]
[6.9687225],[2.07356898],[9.53793337]
[7.07446288],[2.09618573],[9.77157444]
[7.15390638],[2.06343112],[9.97683158]
[7.19276282],[2.08941933],[10.23087566]
[7.28293878],[2.06460391],[10.37140331]
[7.33424883],[2.09519491],[10.52393533]
[7.4233952],[2.08512944],[10.6853663]
[7.49631755],[2.1017647],[10.8404043]
[7.63478192],[2.08282625],[11.00444607]
[7.73260782],[2.09955246],[11.18510449]
[7.82701858],[2.06545494],[11.25869647]
[7.86766236],[2.05826689],[11.27417203]
[7.86194114],[2.05158711],[11.26883839]
[7.86153106],[2.04406148],[11.14960017]
[7.85453145],[2.03741954],[11.07348527]
[7.85366036],[2.02915805],[10.95511798]
[7.84484286],[2.02036358],[10.85815068]
[7.82358209],[2.00062808],[10.69085925]
[7.7656302],[1.97475871],[10.50927426]
[7.75615934],[1.94805031],[10.32709467]
[7.7534055],[1.91752656],[10.13418033]
[7.74734437],[1.88330122],[9.91174058]
[7.74898839],[1.85323246],[9.66569533]
[7.74689893],[1.82332338],[9.35660985]
[7.74833696],[1.7926901],[9.04124813]
[7.70202012],[1.76400633],[8.68515181]
[7.57198844],[1.7347581],[8.33474844]
[7.42818572],[1.70679612],[7.97837746]
[7.28486108],[1.67192135],[7.67006313]
[7.14611098],[1.64156382],[7.37623646]
[7.00424168],[1.61146845],[7.10832849]
[6.31379035],[1.58068418],[6.46868379]
[5.45458301],[1.57206423],[5.11583782]
[0.85810774],[0.48050756],[0.19443165]
[1.57350698],[1.03705827],[1.14893873]
[2.33519871],[1.54420995],[3.16382047]
[3.01674831],[1.67357198],[3.89172566]
[3.14370373],[1.71541028],[4.36619845]
[3.40257499],[1.76905969],[4.74885995]
[3.69725059],[1.85056185],[5.22963601]
[3.9076926],[1.91726498],[5.75335631]
[4.2899007],[1.95993533],[6.23103146]
[4.43085266],[1.99488392],[6.5969709]
[4.55081636],[2.0195909],[6.91554749]
[4.64622111],[2.06165991],[7.27181155]
[4.73940669],[2.08476914],[7.60334808]
[5.11506189],[2.13142616],[8.00924002]
[5.31993561],[2.14022497],[8.3445824]
[5.48130748],[2.17936288],[8.72581199]
[5.98471432],[2.16358865],[9.09404353]
[6.34402715],[2.18455885],[9.60919052]
[6.61727827],[2.16253062],[10.08025156]
[6.97512244],[2.18762588],[10.58574614]
[7.17814242],[2.16225127],[10.887445]
[7.30177754],[2.18764224],[11.17330042]
[7.47470875],[2.15508518],[11.447195]
[7.62984999],[2.18451624],[11.72620965]
[7.72023773],[2.16479388],[11.97369228]
[7.84754335],[2.17952095],[12.21364056]
[7.88591653],[2.18177176],[12.43798624]
[7.97900798],[2.18858575],[12.61268075]
[8.01439592],[2.19624542],[12.81110503]
[8.1075338],[2.19495723],[12.9260414]
[8.18561299],[2.19258878],[13.12545778]
[8.27264703],[2.19649792],[13.26747174]
[8.31365079],[2.18099568],[13.35159617]
[8.42025527],[2.17522456],[13.42851834]
[8.38737233],[2.16942859],[13.41106116]
[8.41638711],[2.16281141],[13.33829555]
[8.4003178],[2.15696844],[13.22851274]
[8.42364943],[2.15092093],[13.12462506]
[8.4199742],[2.13070141],[12.99073138]
[8.42414669],[2.09722159],[12.83016906]
[8.39883254],[2.07436896],[12.60186903]
[8.37191638],[2.05127203],[12.36965339]
[8.36307977],[2.02884409],[12.12129014]
[8.34833693],[2.00276104],[11.85277408]
[8.35032119],[1.97247026],[11.55438718]
[8.3515861],[1.94263945],[11.25466691]
[8.34976261],[1.9094313],[10.87945836]
[8.34509408],[1.87906886],[10.48446443]
[8.27853974],[1.84800165],[10.11441941]
[8.14089008],[1.81819611],[9.69731733]
[7.99481122],[1.78298044],[9.31806504]
[7.85780061],[1.75140722],[8.95121993]
[7.71802413],[1.72316939],[8.61814868]
[6.95240648],[1.68011515],[7.84225937]
[6.0740345],[1.63288025],[6.38240361]
[1.10865977],[0.59155072],[0.34061471]
[1.59332955],[1.06563608],[1.235413]
[2.34602804],[1.56069025],[3.22571411]
[3.0504368],[1.68898615],[3.98579365]
[3.18323416],[1.73571711],[4.5287852]
[3.49742006],[1.83417689],[5.02811573]
[3.7715208],[1.93024795],[5.56292237]
[4.09375456],[2.00887045],[6.2870867]
[4.45113262],[2.05254759],[6.89222797]
[4.59406323],[2.09036876],[7.4294605]
[4.69713776],[2.10811625],[7.83479876]
[4.98604085],[2.15647929],[8.2740265]
[5.18831634],[2.1731395],[8.65415928]
[5.40426289],[2.22211126],[9.15891892]
[5.62584902],[2.22145772],[9.59054011]
[6.176428],[2.2774527],[10.15539574]
[6.42617167],[2.29092477],[10.70528937]
[6.8452487],[2.32017264],[11.3865123]
[7.11287436],[2.32151763],[11.95984403]
[7.28309776],[2.3218889],[12.49883445]
[7.658303],[2.32357103],[13.00776385]
[7.87595428],[2.33272327],[13.35060541]
[7.96498841],[2.33666927],[13.69230465]
[8.14263914],[2.33899562],[14.0152361]
[8.20320152],[2.34435548],[14.28727323]
[8.36196563],[2.34677636],[14.59561039]
[8.38906559],[2.34600125],[14.74150229]
[8.57651756],[2.35189248],[14.99931919]
[8.64623582],[2.36142927],[15.17935239]
[8.73307653],[2.36778054],[15.40443667]
[8.84773934],[2.36994738],[15.55660447]
[8.85019168],[2.37724864],[15.77080026]
[8.91757402],[2.35688806],[15.83494123]
[8.92877747],[2.35660616],[15.93126333]
[8.99552772],[2.34593912],[15.95893981]
[8.97479857],[2.33418121],[15.92947929]
[9.01753477],[2.31676024],[15.79549487]
[8.98754018],[2.2937749],[15.66869217]
[9.04499973],[2.27980975],[15.48802736]
[9.003169],[2.25820107],[15.28328214]
[9.03007763],[2.20748997],[14.99934219]
[8.99097697],[2.16063359],[14.71723442]
[8.98246662],[2.12025398],[14.44325361]
[8.96577233],[2.0966895],[14.13353836]
[8.95499527],[2.07685702],[13.7857754]
[8.95884389],[2.0571205],[13.39027031]
[8.9572214],[2.03398704],[12.99848414]
[8.9460752],[2.00976865],[12.55039496]
[8.95123231],[1.98256855],[12.13101054]
[8.85495947],[1.95099504],[11.6451082]
[8.70716312],[1.91368525],[11.18813706]
[8.56621326],[1.86941605],[10.71110306]
[8.42896835],[1.83678569],[10.31389465]
[7.60537335],[1.79147223],[9.42869232]
[6.7194124],[1.75164748],[7.89434134]
[1.26097742],[0.72574439],[0.48834915]
[1.54102632],[1.05685694],[1.15158669]
[2.3594764],[1.55486308],[3.17210967]
[3.08317455],[1.68432842],[3.93442874]
[3.22798451],[1.73398478],[4.58574384]
[3.5686175],[1.87569281],[5.1847056]
[3.8884267],[1.97321598],[5.78574989]
[4.24992367],[2.05792115],[6.55706264]
[4.5661688],[2.09212194],[7.24151312]
[4.7154366],[2.13661256],[7.79860375]
[4.8407108],[2.15316961],[8.24417156]
[5.23367111],[2.20422257],[8.80329353]
[5.40680208],[2.21129492],[9.24324017]
[5.54373418],[2.26135787],[9.73323496]
[6.16604168],[2.28633215],[10.33057906]
[6.43000446],[2.31700771],[10.88507866]
[6.77103681],[2.34033862],[11.59880422]
[7.07881199],[2.35053315],[12.29645805]
[7.30063488],[2.35425104],[13.0070584]
[7.65865767],[2.35635621],[13.56410019]
[7.89555726],[2.3629531],[14.26666664]
[8.1005713],[2.37394086],[14.71260248]
[8.22421994],[2.38150651],[15.06089441]
[8.49434364],[2.38101367],[15.41578165]
[8.60928027],[2.3834887],[15.72028133]
[8.71688551],[2.40285268],[16.15449285]
[8.78134338],[2.40392203],[16.43541765]
[8.84151916],[2.43246146],[16.7074251]
[8.93657526],[2.43358352],[16.96680368]
[8.99584274],[2.46264884],[17.1616468]
[9.14591382],[2.45411276],[17.40677858]
[9.2424485],[2.45163548],[17.51765298]
[9.40205714],[2.4283112],[17.69012374]
[9.46739317],[2.42288918],[17.76486949]
[9.50105841],[2.41423996],[17.91202595]
[9.51757448],[2.40540869],[17.90914493]
[9.51863861],[2.39208743],[17.85400294]
[9.52071214],[2.37464333],[17.61646939]
[9.52717102],[2.36364405],[17.4892749]
[9.51315333],[2.34462194],[17.16435808]
[9.50010907],[2.29340974],[16.92593113]
[9.48375192],[2.25009742],[16.54461585]
[9.44665069],[2.20980649],[16.21273403]
[9.42279511],[2.16841095],[15.86092259]
[9.40693757],[2.11981192],[15.49532641]
[9.39982186],[2.06253278],[15.12008944]
[9.40096316],[2.01970031],[14.70424435]
[9.39277525],[1.99094946],[14.26331557]
[9.39440507],[1.95791562],[13.7355865]
[9.36847863],[1.93423155],[13.19060581]
[9.23922116],[1.90117636],[12.61141502]
[9.09958697],[1.86798687],[12.09802604]
[8.96315577],[1.83558541],[11.64350174]
[8.08955171],[1.79500631],[10.71216007]
[7.20344947],[1.7571997],[9.10594556]
[1.38184003],[0.8443527],[0.63165888]
[1.55048038],[1.06177855],[1.19682607]
[2.36077394],[1.57305856],[3.22698857]
[3.1080627],[1.70182554],[4.02647242]
[3.35619476],[1.75273068],[4.76873825]
[3.63576229],[1.91803039],[5.43127105]
[4.00555148],[2.01724495],[6.10664869]
[4.35755477],[2.10495835],[6.91285348]
[4.63826479],[2.14408707],[7.67289712]
[4.96288365],[2.19170424],[8.32512888]
[5.15352038],[2.20328675],[8.91080216]
[5.369285],[2.25532723],[9.5525666]
[5.5301213],[2.2915913],[10.03441821]
[6.03237412],[2.38004145],[10.59226186]
[6.36402551],[2.39806053],[11.33192741]
[6.74657755],[2.43948071],[12.048936]
[7.03033268],[2.4781873],[12.76950107]
[7.18219604],[2.48721483],[13.52447905]
[7.59686652],[2.48704203],[14.28911427]
[7.85779589],[2.486306],[15.00202219]
[8.00377621],[2.48036496],[15.5971342]
[8.39898855],[2.49294537],[16.18870329]
[8.56934553],[2.49614807],[16.69329927]
[8.6879074],[2.5286624],[17.136025]
[8.81539822],[2.5160466],[17.47391692]
[8.892112],[2.5525516],[17.85405719]
[8.98134429],[2.54309155],[18.17352601]
[9.07825703],[2.57818082],[18.52500088]
[9.2468033],[2.56654486],[18.94773587]
[9.3898305],[2.60105593],[19.25254849]
[9.53565532],[2.58099936],[19.61930932]
[9.59401374],[2.59090925],[19.7520298]
[9.64689585],[2.56687127],[19.92694884]
[9.7100453],[2.55440595],[20.01709851]
[9.71866269],[2.54285121],[20.11777115]
[9.75931541],[2.53352663],[20.17620985]
[9.74517471],[2.52207824],[20.14543143]
[9.79042234],[2.50665017],[20.02156818]
[9.77242538],[2.49821104],[19.86428872]
[9.82125942],[2.48100484],[19.60854916]
[9.77505357],[2.44125334],[19.31100286]
[9.82687829],[2.40167324],[18.97738483]
[9.79851496],[2.36345755],[18.60021165]
[9.78621508],[2.31835218],[18.19548844]
[9.7804852],[2.26969323],[17.75849713]
[9.77559813],[2.21131274],[17.26533397]
[9.77931465],[2.1647506],[16.78796414]
[9.76663519],[2.11748289],[16.27085175]
[9.76716963],[2.05990512],[15.71200625]
[9.78119837],[2.01262058],[15.04159747]
[9.72315807],[1.98324548],[14.47728621]
[9.57898767],[1.95496432],[13.88160356]
[9.43332828],[1.92221967],[13.28054259]
[8.54518331],[1.8829974],[12.14392335]
[7.65860966],[1.8444661],[10.47098184]
[1.74585029],[0.94666542],[0.82859763]
[1.60097558],[1.10635981],[1.38580779]
[2.3781175],[1.60547648],[3.35567051]
[3.15112063],[1.72694801],[4.22404887]
[3.48279692],[1.80019612],[5.04607606]
[3.75853346],[1.97186422],[5.81666216]
[4.17829964],[2.06981592],[6.53362143]
[4.46475563],[2.15820989],[7.38177323]
[4.74934033],[2.19765206],[8.2014515]
[5.17317219],[2.24574522],[8.98376884]
[5.35663433],[2.25644599],[9.67390783]
[5.49600852],[2.37065422],[10.30743993]
[6.00183412],[2.43221156],[10.95146117]
[6.32176581],[2.49685276],[11.66102046]
[6.64370011],[2.5553718],[12.53735622]
[7.0026179],[2.59540726],[13.3929434]
[7.20819358],[2.63242038],[14.20981322]
[7.54525734],[2.62761178],[14.91788256]
[7.8492934],[2.60775543],[15.81924427]
[8.03326566],[2.61054776],[16.48851172]
[8.37686606],[2.61556844],[17.17648714]
[8.66316861],[2.62332821],[18.00134119]
[8.81320425],[2.6258873],[18.50821628]
[8.9227676],[2.64895781],[18.88745413]
[9.14764444],[2.63364566],[19.28576896]
[9.33654645],[2.67057477],[19.81183982]
[9.40533974],[2.65627027],[20.29266474]
[9.53793389],[2.69142229],[20.69860205]
[9.61113065],[2.67440001],[21.11763504]
[9.70045516],[2.71155201],[21.38483426]
[9.75621491],[2.68431545],[21.72673034]
[9.84068184],[2.70109182],[21.8255856]
[9.89841855],[2.67852805],[21.94980434]
[10.09494492],[2.66775298],[22.2017819]
[10.08979377],[2.65676809],[22.27226633]
[10.13146277],[2.65010128],[22.43576536]
[10.10335391],[2.63998816],[22.33504056]
[10.14915737],[2.62564979],[22.27870005]
[10.11676377],[2.6188785],[21.97599163]
[10.16161254],[2.60323503],[21.79091723]
[10.11885463],[2.569577],[21.38016437]
[10.15328853],[2.5338581],[21.11854988]
[10.13163142],[2.4936382],[20.60671738]
[10.11118458],[2.45588345],[20.19637805]
[10.11768139],[2.40177925],[19.76449205]
[10.12483557],[2.35180627],[19.30607686]
[10.13347755],[2.29864665],[18.82954538]
[10.13573807],[2.25421555],[18.28408447]
[10.14047415],[2.20692304],[17.70197364]
[10.14956708],[2.15496323],[17.10658755]
[10.12546006],[2.09919423],[16.45882208]
[10.02335816],[2.05606317],[15.76449512]
[9.84761697],[2.02777606],[15.05398787]
[8.96228883],[1.98603461],[13.8139991]
[8.07159149],[1.94604113],[12.00304866]
[1.9559606],[1.06692378],[1.03759152]
[1.63810492],[1.15304113],[1.54395993]
[2.39547713],[1.63836737],[3.48587189]
[3.17123064],[1.74791116],[4.45600249]
[3.59438226],[1.85216425],[5.33041008]
[3.88162533],[2.02400565],[6.20327082]
[4.31978676],[2.12217034],[6.99543691]
[4.57510882],[2.20530191],[7.85599877]
[4.98002002],[2.24587096],[8.72918072]
[5.32470332],[2.29400421],[9.65730783]
[5.507207],[2.39123215],[10.41697806]
[5.9229401],[2.46735519],[11.13526112]
[6.29230675],[2.5296866],[11.97822008]
[6.63281646],[2.58604947],[12.82883538]
[6.98039691],[2.6401177],[13.73077462]
[7.16166955],[2.67971989],[14.70251081]
[7.52691594],[2.72147915],[15.5763843]
[7.85299615],[2.74642066],[16.53761321]
[8.0251189],[2.76184865],[17.40904698]
[8.41535336],[2.76444412],[18.18879005]
[8.6841177],[2.76069437],[19.05387813]
[8.85885997],[2.7633309],[19.83774401]
[9.15239077],[2.76840131],[20.46960768]
[9.37255607],[2.7699545],[21.03454748]
[9.50636452],[2.77550918],[21.57175514]
[9.67575049],[2.78313156],[22.07604285]
[9.6904038],[2.80564263],[22.49321698]
[9.81168103],[2.80943963],[22.88477752]
[9.82245619],[2.82329213],[23.27366756]
[10.03572695],[2.818841],[23.70641995]
[10.09401453],[2.83496469],[23.98141044]
[10.26320977],[2.82745244],[24.38036615]
[10.353264],[2.83984629],[24.54154028]
[10.40753387],[2.82736816],[24.70975654]
[10.4515885],[2.81632997],[24.76324202]
[10.45023684],[2.80673131],[24.82896028]
[10.47455278],[2.79438841],[24.78674184]
[10.47198106],[2.78201697],[24.6819296]
[10.50575524],[2.76778225],[24.45543523]
[10.48891135],[2.74249528],[24.11757245]
[10.50983019],[2.70104456],[23.78790223]
[10.48950395],[2.65973525],[23.4671301]
[10.51762765],[2.6331314],[23.07809501]
[10.4834938],[2.6016765],[22.64569259]
[10.48565537],[2.55405031],[22.19324114]
[10.49047123],[2.51055907],[21.69229017]
[10.49371027],[2.46272653],[21.17635987]
[10.49420788],[2.40544816],[20.63097409]
[10.49664853],[2.35937441],[20.0389169]
[10.49809431],[2.31609894],[19.37215915]
[10.49075264],[2.27394747],[18.62267139]
[10.40873853],[2.2224252],[17.88385649]
[10.20791266],[2.16081277],[17.14836868]
[9.33085174],[2.09350513],[15.71976158]
[8.45449183],[2.049752],[13.65383107]
[2.06973816],[1.15323397],[1.22195082]
[1.58816291],[1.15919745],[1.54425724]
[2.41251465],[1.64187423],[3.47139772]
[3.19215752],[1.74149725],[4.54028277]
[3.72601872],[1.87489161],[5.48300303]
[4.02099325],[2.0497425],[6.38498502]
[4.4399307],[2.13931278],[7.21663783]
[4.7193793],[2.22584542],[8.10755797]
[5.20685557],[2.26079072],[9.04036026]
[5.44789847],[2.31893087],[9.97561492]
[5.87187428],[2.44674115],[10.83498627]
[6.2704959],[2.51678995],[11.63410736]
[6.46398979],[2.57351056],[12.49116187]
[6.92556888],[2.62262016],[13.38633102]
[7.1776257],[2.67182721],[14.37426437]
[7.4534055],[2.70522378],[15.22327289]
[7.83489932],[2.70761781],[16.22123019]
[8.05681477],[2.72853766],[17.12882775]
[8.34573778],[2.74400856],[18.01305418]
[8.69920317],[2.74619161],[19.02432763]
[8.88855104],[2.75845083],[19.87922175]
[9.29564889],[2.76220807],[20.71219072]
[9.52119367],[2.78409536],[21.63775417]
[9.67386973],[2.78477736],[22.22745433]
[9.73766512],[2.80690158],[22.73461665]
[9.97824748],[2.8153634],[23.2599513]
[9.98537362],[2.85270238],[23.68489082]
[10.22881191],[2.85000307],[24.384129]
[10.27159434],[2.89012987],[24.8343645]
[10.39379277],[2.8645751],[25.2995453]
[10.48486943],[2.92342093],[25.65894699]
[10.51773355],[2.89930038],[25.93050156]
[10.58773747],[2.93547979],[26.10980301]
[10.62553475],[2.89038676],[26.20237972]
[10.73438644],[2.88166117],[26.32461145]
[10.70171496],[2.8602912],[26.36270037]
[10.77163372],[2.83220363],[26.41114497]
[10.74332981],[2.8182741],[26.20582675]
[10.81540206],[2.80469386],[26.09496552]
[10.78463845],[2.78906953],[25.69011194]
[10.84064247],[2.7497889],[25.40513096]
[10.81242016],[2.69000167],[24.96718943]
[10.85790439],[2.64061821],[24.62361651]
[10.83110679],[2.60124475],[24.14287149]
[10.8256998],[2.56065822],[23.67304548]
[10.83384826],[2.5221952],[23.1592727]
[10.84232227],[2.48005635],[22.6300849]
[10.84999236],[2.4305336],[22.06611193]
[10.85762221],[2.38426708],[21.47258944]
[10.86182774],[2.34342949],[20.82875329]
[10.8625974],[2.29535719],[20.17351009]
[10.84575644],[2.25254183],[19.41150303]
[10.56841941],[2.19583734],[18.51176758]
[9.66993975],[2.13734718],[16.96413146]
[8.79073226],[2.06008742],[14.91724477]
[2.16329259],[1.23816102],[1.45065679]
[1.5944165],[1.179437],[1.60562885]
[2.41092861],[1.66144245],[3.53793118]
[3.18528998],[1.75358971],[4.70471584]
[3.838791],[1.91725756],[5.75975112]
[4.17015043],[2.09500255],[6.73015189]
[4.53748918],[2.18958919],[7.59931906]
[4.90297826],[2.26803224],[8.53232109]
[5.33274748],[2.30407217],[9.55433619]
[5.58887676],[2.42283547],[10.52527698]
[6.16154527],[2.52617121],[11.53524198]
[6.47870127],[2.59263952],[12.51407553]
[6.84407471],[2.64538713],[13.49713074]
[7.06932717],[2.69021416],[14.5165265]
[7.38270316],[2.73985682],[15.51547556]
[7.75149585],[2.77152212],[16.52880636]
[7.97207491],[2.82440218],[17.54162901]
[8.35131856],[2.86674926],[18.52560992]
[8.64108631],[2.89986091],[19.57576013]
[8.81440319],[2.89822431],[20.54722292]
[9.17642636],[2.91249087],[21.45017175]
[9.51621796],[2.91892469],[22.5210138]
[9.66650738],[2.94526281],[23.40413876]
[9.91679637],[2.94564709],[24.06696302]
[10.05722838],[2.99749032],[24.63330966]
[10.31104655],[3.01242857],[25.47221176]
[10.37505008],[3.08016189],[25.95959111]
[10.45915626],[3.07389993],[26.51790754]
[10.51674006],[3.11487398],[26.99941173]
[10.56402421],[3.1017299],[27.3671586]
[10.70764177],[3.13991693],[27.78772629]
[10.84146906],[3.12461029],[28.14140593]
[11.05978185],[3.14316687],[28.60818004]
[11.16313945],[3.09998954],[28.70070026]
[11.21167276],[3.09136648],[28.94528884]
[11.23322542],[3.07147376],[29.0267116]
[11.24076501],[3.04782914],[29.09906893]
[11.25753521],[3.02354052],[29.04428564]
[11.25971347],[3.00072558],[28.89158131]
[11.28041426],[2.9755438],[28.54041151]
[11.26777163],[2.91877889],[28.17641367]
[11.288858],[2.85288067],[27.7084077]
[11.27623875],[2.81676972],[27.27339188]
[11.29457541],[2.773463],[26.76962089]
[11.26196413],[2.71480359],[26.24704]
[11.26446219],[2.64118371],[25.70648567]
[11.2656682],[2.58898093],[25.10694139]
[11.26429702],[2.54332331],[24.47034449]
[11.26732369],[2.5014111],[23.80259525]
[11.26266703],[2.45698651],[23.07268649]
[11.25678963],[2.41424691],[22.32298695]
[11.25774694],[2.3700371],[21.5294685]
[11.11844306],[2.31798302],[20.63414283]
[10.13787664],[2.26809538],[18.92717115]
[9.20266517],[2.20139251],[16.68682734]
[2.53270263],[1.3154775],[1.81520715]
[1.63028171],[1.25288265],[1.76236529]
[2.42647262],[1.69053847],[3.66272319]
[3.20696218],[1.77277523],[4.95610814]
[3.97272222],[1.97429588],[6.18832109]
[4.31966056],[2.15240043],[7.18833167]
[4.67566468],[2.2563507],[8.11407739]
[5.11733642],[2.3179143],[9.10061739]
[5.54152087],[2.39122394],[10.27769756]
[5.97815644],[2.50987432],[11.30805342]
[6.34657656],[2.60781081],[12.45691745]
[6.82857943],[2.67530522],[13.62636833]
[7.08026672],[2.72510948],[14.73996238]
[7.24391901],[2.76436297],[15.74958308]
[7.73443028],[2.81314028],[16.96205924]
[7.96521709],[2.85748851],[18.04870853]
[8.19008255],[2.93622196],[19.08283664]
[8.66822373],[2.98506656],[20.39196362]
[8.87290198],[3.03774049],[21.46974543]
[9.16618803],[3.04689153],[22.42321177]
[9.49890811],[3.09330163],[23.62302878]
[9.73524568],[3.09865464],[24.6812858]
[10.02967138],[3.18050552],[25.5822088]
[10.30376749],[3.18164859],[26.49687792]
[10.41159033],[3.24028937],[27.12320241]
[10.52389438],[3.25675763],[27.78202192]
[10.61008887],[3.30362304],[28.24523281]
[10.73836158],[3.30440523],[28.72630504]
[10.94118132],[3.33062147],[29.48234313]
[11.12571263],[3.33021112],[30.05138527]
[11.22611247],[3.33551497],[30.55873518]
[11.33005865],[3.33060825],[30.98855022]
[11.37206147],[3.33503803],[31.29887316]
[11.52375234],[3.31480341],[31.52091449]
[11.57775123],[3.30230712],[31.67747969]
[11.66345901],[3.28764114],[31.83074725]
[11.72800161],[3.26806344],[31.85877839]
[11.73743222],[3.24862168],[31.92926588]
[11.71952017],[3.22393386],[31.76211965]
[11.70090636],[3.19481414],[31.51224764]
[11.68996588],[3.14675164],[31.02648191]
[11.71644168],[3.06171807],[30.60307057]
[11.71398979],[3.02504225],[30.06152374]
[11.72727091],[2.97949329],[29.56398871]
[11.72746884],[2.91888851],[28.95696198]
[11.71696581],[2.84580621],[28.37435652]
[11.72158099],[2.7818356],[27.77932864]
[11.72202873],[2.71093512],[27.1201457]
[11.72684259],[2.63286405],[26.40993208]
[11.73005534],[2.59185359],[25.66444354]
[11.72546025],[2.54491957],[24.87494782]
[11.72854784],[2.49767178],[24.06138774]
[11.59903921],[2.45144218],[23.04572408]
[10.71260129],[2.40823979],[21.16583861]
[9.71542417],[2.34922649],[18.75262085]
[3.03807072],[1.40407556],[2.33066458]
[1.66118895],[1.3306981],[1.93273742]
[2.44541809],[1.71453026],[3.77167595]
[3.22667812],[1.80949037],[5.16983265]
[4.05036574],[2.04525869],[6.59765357]
[4.48121746],[2.21795357],[7.64495197]
[4.81786546],[2.31232476],[8.66084132]
[5.35613601],[2.38466905],[9.7956082]
[5.85052714],[2.49108471],[11.06626287]
[6.21784203],[2.59911757],[12.18092248]
[6.67367503],[2.6905526],[13.47999989]
[7.04168986],[2.75875029],[14.78923017]
[7.26835997],[2.8045013],[15.94239322]
[7.680523],[2.84135152],[17.14098638]
[7.95167234],[2.9167012],[18.48314479]
[8.25849255],[2.96342722],[19.56156612]
[8.6163581],[3.04880123],[20.84114106]
[8.89702853],[3.10359514],[22.19025569]
[9.20405499],[3.1871878],[23.37252018]
[9.53998618],[3.20405185],[24.62838476]
[9.70838507],[3.27028804],[25.7988509]
[10.11374814],[3.27782222],[26.87635183]
[10.36493647],[3.34292282],[27.91568184]
[10.51340572],[3.3447166],[28.81415756]
[10.61622939],[3.39517669],[29.52601924]
[10.95654356],[3.40577037],[30.25381346]
[11.135294],[3.45031582],[31.01443334]
[11.27927101],[3.44540424],[31.50734571]
[11.32589165],[3.49460381],[32.19493903]
[11.48680251],[3.49622917],[32.72984269]
[11.56810233],[3.53113969],[33.32896102]
[11.72835057],[3.52126024],[33.81455469]
[11.84980643],[3.53298247],[34.15797732]
[11.99339302],[3.51825953],[34.64526566]
[12.09932504],[3.51139311],[34.89238592]
[12.14881431],[3.49397772],[35.16645842]
[12.27061875],[3.47644776],[35.23242807]
[12.24602343],[3.4627826],[35.27676102]
[12.26875617],[3.44531977],[35.21552456]
[12.20379558],[3.41964519],[35.00434507]
[12.19716797],[3.37387891],[34.56282262]
[12.15651136],[3.29644567],[34.07929794]
[12.20939237],[3.26272899],[33.53324614]
[12.1710129],[3.21700362],[32.95498898]
[12.22013069],[3.15453461],[32.33827378]
[12.18823293],[3.07757527],[31.62352097]
[12.19219381],[3.00801105],[30.93396544]
[12.1957913],[2.9382097],[30.2058384]
[12.20194365],[2.86445129],[29.41340468]
[12.20243695],[2.77294934],[28.54676101]
[12.2005509],[2.68969719],[27.67550063]
[12.20095351],[2.63165521],[26.70349942]
[12.04234821],[2.58378622],[25.66698903]
[11.29400602],[2.54114946],[23.70519507]
[10.31361224],[2.49705692],[21.11484854]
[3.507331],[1.4785942],[2.9466956]
[1.56856586],[1.36905429],[2.05793405]
[2.46143579],[1.71206618],[3.74576461]
[3.24627619],[1.84230019],[5.20835915]
[4.06715617],[2.09616326],[6.77487408]
[4.64433359],[2.25451653],[7.83780059]
[5.0858218],[2.341721],[8.9605618]
[5.6120524],[2.43325081],[10.19300205]
[6.08249274],[2.54887282],[11.51783313]
[6.53553299],[2.64344638],[12.72650961]
[6.9261579],[2.73338323],[14.03297855]
[7.19485744],[2.79820026],[15.38186322]
[7.66534749],[2.85203602],[16.72840016]
[7.92414385],[2.9052649],[18.04489479]
[8.11378245],[2.9960529],[19.32199895]
[8.61857802],[3.04829847],[20.65995328]
[8.8725708],[3.17315558],[21.96204288]
[9.15875632],[3.24377948],[23.26973621]
[9.5375272],[3.31381],[24.65618454]
[9.75051851],[3.31572554],[25.76297052]
[9.96998903],[3.3642623],[26.8070103]
[10.38700159],[3.37078633],[28.07712806]
[10.55318461],[3.41265274],[29.11246025]
[10.89856704],[3.41572128],[30.00814098]
[11.1424689],[3.44457379],[30.9336892]
[11.32284774],[3.46587626],[31.68867628]
[11.41121111],[3.50378218],[32.39092985]
[11.64897734],[3.51699032],[32.9682758]
[11.7447081],[3.55210961],[33.69708624]
[11.98197483],[3.5635143],[34.32795555]
[12.12112788],[3.58575236],[35.01962348]
[12.19129493],[3.57947679],[35.73580099]
[12.33981623],[3.58800323],[36.19871852]
[12.42554969],[3.5773231],[36.62214645]
[12.54519904],[3.56270431],[36.93577173]
[12.66897012],[3.54696869],[37.18525894]
[12.74757181],[3.53051225],[37.33189211]
[12.80633847],[3.51432225],[37.41451249]
[12.76736021],[3.49276189],[37.4766588]
[12.76560352],[3.46738399],[37.35666905]
[12.70508868],[3.41864367],[37.06517189]
[12.6928272],[3.38078506],[36.52602132]
[12.64207807],[3.3601201],[35.98068458]
[12.66564745],[3.32789208],[35.33753847]
[12.6567384],[3.26770646],[34.68388487]
[12.68034516],[3.19403264],[33.95295497]
[12.65234525],[3.11011119],[33.1889222]
[12.65693547],[3.04490795],[32.44839508]
[12.6617877],[2.97358858],[31.67416164]
[12.65554685],[2.88235517],[30.72439016]
[12.65486772],[2.80453255],[29.77547853]
[12.65432166],[2.7266122],[28.74529679]
[12.48395864],[2.64259826],[27.53568956]
[11.73825948],[2.56150818],[25.46521253]
[10.92053823],[2.49245248],[22.84969265]
[4.03622612],[1.53992537],[3.96648215]
[1.5608576],[1.40325457],[2.51437298]
[2.45295248],[1.72758913],[3.80531109]
[3.23645921],[1.89204918],[5.36901828]
[4.05806811],[2.15207862],[7.1051966]
[4.77648291],[2.29456484],[8.25059504]
[5.32707419],[2.38160118],[9.47612738]
[5.83487595],[2.49751114],[10.81872079]
[6.30998777],[2.62171503],[12.21450577]
[6.73106759],[2.70679213],[13.49495048]
[7.07147582],[2.79415835],[14.88448738]
[7.49938833],[2.86363694],[16.32447176]
[7.84559277],[2.94912762],[17.89616194]
[8.08435136],[3.00327874],[19.19545001]
[8.48407108],[3.10813322],[20.70176998]
[8.76512764],[3.18604118],[22.14386]
[9.02071996],[3.31293435],[23.53086076]
[9.48053662],[3.36875722],[25.08254798]
[9.68316582],[3.42320499],[26.44694685]
[10.0115313],[3.42936841],[27.57931812]
[10.2950835],[3.47130316],[28.84871468]
[10.51633513],[3.48015343],[29.97093233]
[10.88615422],[3.51787382],[31.08839117]
[11.21445815],[3.52561525],[32.19486144]
[11.35552258],[3.57508983],[33.2784518]
[11.62245214],[3.59241516],[34.12328818]
[11.80397974],[3.64304662],[34.84868445]
[12.05351487],[3.65274611],[35.58308052]
[12.18651223],[3.70638593],[36.35854185]
[12.36853221],[3.71274285],[37.05952735]
[12.55056344],[3.74877675],[37.84366402]
[12.71023067],[3.73588707],[38.47212441]
[12.80330125],[3.75725958],[39.01904896]
[12.9518718],[3.74397895],[39.50767306]
[13.01753674],[3.74105599],[39.9737021]
[13.21211234],[3.72837383],[40.47183413]
[13.34778565],[3.71728686],[40.81823545]
[13.43600346],[3.70426328],[41.10868594]
[13.4157649],[3.6869112],[41.29668159]
[13.38928276],[3.67125782],[41.38626461]
[13.34148957],[3.6216993],[41.12852948]
[13.31580353],[3.60930418],[40.76696169]
[13.25019177],[3.60053876],[40.09542525]
[13.2150343],[3.58044141],[39.49484114]
[13.14499655],[3.53626412],[38.70953563]
[13.11755822],[3.45451359],[37.98647499]
[13.08611914],[3.35183782],[36.95973069]
[13.08253393],[3.26637212],[36.03395112]
[13.084118],[3.18209292],[35.0696973]
[13.08078456],[3.09524451],[34.08525468]
[13.08199724],[3.00398901],[32.92572006]
[13.08171567],[2.91944047],[31.72262772]
[12.91200506],[2.83013918],[30.46181871]
[12.37200443],[2.75641139],[28.30891336]
[11.42147684],[2.69197271],[25.45687303]
[4.67093723],[1.63629976],[5.35421803]
[2.04750406],[1.46160651],[3.39308097]
[2.46893313],[1.75350851],[3.98173871]
[3.25376853],[1.96313215],[5.64759512]
[4.07690841],[2.21984413],[7.53501752]
[4.795226],[2.34672475],[8.84110581]
[5.60356155],[2.45798169],[10.23682911]
[6.10226425],[2.60577132],[11.66497171]
[6.58680822],[2.70288984],[13.12210985]
[6.92542046],[2.78068051],[14.49246702]
[7.36327721],[2.87211392],[15.998223]
[7.74894796],[2.96197115],[17.5836012]
[8.01217694],[3.06235215],[19.20883672]
[8.48066818],[3.12321233],[20.74389185]
[8.76366769],[3.26991347],[22.40398453]
[8.954704],[3.33468766],[23.8005607]
[9.41833242],[3.42942784],[25.44512464]
[9.70558618],[3.47176469],[26.99467349]
[9.84853881],[3.51929823],[28.32959879]
[10.32501622],[3.54916897],[29.68375878]
[10.51605941],[3.58377794],[31.02467181]
[10.81881558],[3.61457538],[32.2635814]
[11.20997175],[3.64403248],[33.63171706]
[11.45056563],[3.66903238],[34.72639398]
[11.75558778],[3.70385503],[35.94374193]
[12.07957081],[3.73277636],[37.07148912]
[12.22863908],[3.7733914],[37.83648053]
[12.43293754],[3.79556948],[38.59958551]
[12.60282067],[3.83592581],[39.4614678]
[12.85950943],[3.86668598],[40.17417251]
[13.01001051],[3.89976312],[40.95420869]
[13.24707034],[3.91595424],[41.72282183]
[13.38410942],[3.93066351],[42.50051966]
[13.53401895],[3.94954628],[43.24834928]
[13.71832665],[3.93266197],[43.84027497]
[13.84304106],[3.91607878],[44.44857481]
[14.0428207],[3.92186536],[45.06056729]
[14.16096955],[3.9270881],[45.51465761]
[14.18334494],[3.93565215],[45.91567369]
[14.14340706],[3.91532417],[46.07712022]
[14.10851677],[3.8995139],[46.18007716]
[14.05685749],[3.88394516],[45.84162678]
[14.04550772],[3.87183636],[45.36888189]
[13.97579699],[3.82374749],[44.37531535]
[13.95993009],[3.77413131],[43.61500127]
[13.89243741],[3.70189153],[42.7531555]
[13.89370634],[3.61572034],[41.96139654]
[13.84932128],[3.53214115],[41.01542674]
[13.82931979],[3.44767873],[40.05352336]
[13.83631731],[3.3629944],[39.08398302]
[13.82894703],[3.26208402],[38.03108165]
[13.82795437],[3.16068389],[36.86902838]
[13.81573966],[3.05587034],[34.91399792]
[13.28616252],[2.97152733],[32.33317243]
[12.57857225],[2.89574274],[29.05917792]
[5.1862921],[1.77793966],[7.14423476]
[2.61744447],[1.52248515],[4.73124011]
[2.48567815],[1.80855521],[4.48325499]
[3.27241524],[2.03515714],[5.98149361]
[4.09793984],[2.27661526],[7.96779878]
[4.81842752],[2.41009904],[9.51007246]
[5.64621989],[2.56505655],[11.10562123]
[6.36604975],[2.70427013],[12.61262478]
[6.80315794],[2.78277815],[14.12366702]
[7.17029176],[2.85534122],[15.5954349]
[7.62002909],[2.97789655],[17.22409293]
[7.97804312],[3.07233562],[18.96328504]
[8.35270515],[3.20350706],[20.65227085]
[8.72996246],[3.28073975],[22.37854039]
[8.97431178],[3.39485011],[24.09084217]
[9.38586517],[3.4430365],[25.56108537]
[9.64535083],[3.52359005],[27.29562781]
[9.94313489],[3.56308083],[28.78310923]
[10.27556616],[3.62744628],[30.37075453]
[10.51620288],[3.66596882],[31.80725219]
[10.79551601],[3.69939423],[33.13718642]
[11.20350578],[3.72976639],[34.58864364]
[11.40749879],[3.76245995],[35.99402639]
[11.87972517],[3.79063821],[37.2850288]
[12.15453069],[3.82430416],[38.70099583]
[12.40700821],[3.85537008],[39.91876331]
[12.64470569],[3.89382313],[40.9025014]
[12.89008902],[3.93605052],[41.73531688]
[13.02724267],[3.98500346],[42.63937189]
[13.33107858],[4.02479682],[43.52346506]
[13.56870765],[4.05756101],[44.47988732]
[13.81102119],[4.09096459],[45.40298574]
[14.04386387],[4.1185144],[46.35260538]
[14.20472225],[4.15161379],[47.26218215]
[14.36926242],[4.16904647],[48.17569985]
[14.57414551],[4.19006476],[49.03471775]
[14.69957167],[4.20006728],[49.73832131]
[14.90568482],[4.20447404],[50.50497509]
[14.99289157],[4.21582688],[51.16591808]
[14.99375076],[4.19669335],[51.60919011]
[14.95981257],[4.16216313],[51.62724412]
[14.95374613],[4.14770324],[51.70830807]
[14.96624648],[4.13824205],[51.43318003]
[14.96880593],[4.10019433],[51.0211153]
[14.98310898],[4.04549999],[50.28126396]
[14.96869884],[3.97002498],[49.49816407]
[14.98775307],[3.87970109],[48.57907857]
[14.9548054],[3.79856089],[47.55255439]
[14.99351245],[3.72008082],[46.59192879]
[14.9668049],[3.63939153],[45.50621035]
[14.96374148],[3.53918372],[44.29242871]
[14.95727635],[3.43466788],[42.94655784]
[14.93828601],[3.32660874],[41.48194054]
[14.34111498],[3.21362318],[38.80156462]
[14.08114896],[3.11998031],[35.07240128]
[5.80824935],[1.90849027],[9.27475922]
[3.74087208],[1.54056748],[6.39235437]
[2.50342178],[1.77016726],[5.11794043]
[3.29306548],[1.97376883],[5.68427825]
[4.12576447],[2.14003014],[7.7333003]
[4.85743187],[2.36773873],[9.39565772]
[5.67611593],[2.5399912],[11.12063748]
[6.42930946],[2.65595668],[12.68086419]
[7.04419559],[2.78035966],[14.20146807]
[7.44932563],[2.8773418],[15.69820196]
[7.82359503],[3.02950568],[17.46571044]
[8.29899875],[3.12328419],[19.2225448]
[8.63543589],[3.242986],[21.02504209]
[8.91430024],[3.29585147],[22.7174066]
[9.3651221],[3.39202954],[24.74007535]
[9.64623111],[3.43365766],[26.27780761]
[9.82590715],[3.50869361],[27.97076141]
[10.29794313],[3.57402058],[29.57971939]
[10.51203392],[3.65851947],[31.14704461]
[10.7082911],[3.69715067],[32.49052508]
[11.16609519],[3.74076792],[34.08942561]
[11.44750928],[3.77600692],[35.42304425]
[11.78967176],[3.79383108],[36.8895209]
[12.14031647],[3.82381026],[38.26058095]
[12.45801243],[3.87337148],[39.65716233]
[12.8156665],[3.9175852],[40.99572901]
[13.08014824],[3.96332759],[42.07311635]
[13.3650219],[4.0004419],[43.02234261]
[13.57915682],[4.0514081],[44.06019923]
[13.82709927],[4.09774178],[44.98898151]
[14.1368761],[4.13956689],[46.12806781]
[14.44086262],[4.17277527],[47.26973671]
[14.68357196],[4.21065582],[48.44428054]
[14.89458544],[4.22880038],[49.56256434]
[15.06424472],[4.22934421],[50.61498163]
[15.22527708],[4.23469392],[51.81088507]
[15.4352704],[4.24019492],[52.8087856]
[15.64787433],[4.24170836],[53.51603572]
[15.90409721],[4.25192157],[54.52401169]
[16.03653055],[4.23432178],[55.34838619]
[16.02213029],[4.2218923],[55.78683306]
[16.08498848],[4.20963096],[56.06321664]
[16.05760902],[4.20067001],[56.22296253]
[16.1186734],[4.16965204],[56.21724423]
[16.0845759],[4.12628152],[55.69629236]
[16.1333383],[4.06582443],[54.97815103]
[16.08994558],[3.97656852],[54.12096021]
[16.11542079],[3.88199703],[53.1195121]
[16.08500617],[3.80170998],[52.10928165]
[16.11762496],[3.72122884],[51.06138299]
[16.10023764],[3.63794672],[49.92430436]
[16.08450211],[3.54487794],[48.65769358]
[16.06338509],[3.45054082],[47.01378387]
[15.38963177],[3.34357445],[44.06939839]
[15.215582],[3.23141078],[40.89245106]
[7.61955821],[2.11884518],[13.4301343]
[5.42251436],[1.75168016],[8.29816999]
[2.99032753],[1.53344833],[5.42133781]
[3.28313547],[1.24768461],[4.02215532]
[4.11671682],[1.42764125],[5.15722043]
[4.84548621],[1.67477016],[6.72929273]
[5.6713623],[1.83396151],[8.33063375]
[6.42379204],[1.95059154],[9.69944814]
[7.2380325],[2.07723172],[11.09412935]
[7.61050675],[2.19114192],[12.42859319]
[8.00408175],[2.38778562],[14.04681835]
[8.46549885],[2.46772134],[15.57880039]
[8.79564985],[2.56868145],[17.23799322]
[9.1935047],[2.61453648],[18.61918326]
[9.55786155],[2.69580866],[20.54281829]
[9.85102604],[2.7388049],[21.76530132]
[10.13961823],[2.82640156],[23.15724577]
[10.54164222],[2.90293724],[24.55871189]
[10.72784507],[2.98817868],[25.94431199]
[11.10726578],[3.04582925],[27.2019245]
[11.41557314],[3.09404727],[28.69591478]
[11.77958207],[3.13687963],[30.0245403]
[12.09379778],[3.18121113],[31.58864746]
[12.35995806],[3.22005349],[32.93594081]
[12.77288451],[3.25952962],[34.45093541]
[13.1439518],[3.30021683],[35.77390676]
[13.48432157],[3.3507027],[37.12990111]
[13.84274183],[3.39435067],[38.29625084]
[14.13396062],[3.44738448],[39.53680617]
[14.43219778],[3.4928464],[40.68352977]
[14.65871603],[3.55036313],[41.95984551]
[14.99302807],[3.59062121],[43.28782061]
[15.29160134],[3.63964953],[44.59212711]
[15.52367657],[3.68902727],[45.95762521]
[15.7273227],[3.73264616],[47.25681687]
[15.9507992],[3.77319822],[48.49015132]
[16.17476966],[3.82052206],[49.78965411]
[16.50100478],[3.86837109],[51.05767746]
[16.81720704],[3.90818207],[52.25879506]
[17.01880762],[3.93863768],[53.30951908]
[17.09688586],[3.93216105],[54.34174286]
[17.10358782],[3.93025708],[54.98577673]
[17.15528663],[3.92332148],[55.54034966]
[17.16655275],[3.91611843],[55.93230941]
[17.20015271],[3.90681868],[56.01633697]
[17.22575451],[3.87066484],[55.72752814]
[17.22338158],[3.82432034],[54.90792951]
[17.22554033],[3.73125016],[54.06251535]
[17.2080351],[3.68532053],[53.10912536]
[17.2283638],[3.65086781],[52.09676639]
[17.20272983],[3.58418597],[50.98080046]
[17.22952205],[3.5038185],[49.78967119]
[17.13485277],[3.38415534],[48.37924342]
[16.44946736],[3.25375346],[46.29335585]
[16.26407251],[3.13225901],[43.68474805]
