meltWidth,meltDepth,meltArea
[0.],[0.],[0.]
[0.],[0.],[0.]
[0.],[0.],[0.]
[0.],[0.],[0.]
[0.],[0.],[0.]
[0.],[0.],[0.]
[0.],[0.],[0.]
[0.],[0.],[0.]
[0.],[0.],[0.]
[0.],[0.],[0.]
[0.],[0.],[0.]
[0.],[0.],[0.]
[0.],[0.],[0.]
[0.],[0.],[0.]
[0.],[0.],[0.]
[0.],[0.],[0.]
[0.],[0.],[0.]
[0.],[0.],[0.]
[0.],[0.],[0.]
[0.],[0.],[0.]
[0.],[0.],[0.]
[0.],[0.],[0.]
[0.],[0.],[0.]
[0.],[0.],[0.]
[0.],[0.],[0.]
[0.],[0.],[0.]
[0.],[0.],[0.]
[0.],[0.],[0.]
[0.],[0.],[0.]
[0.],[0.],[0.]
[0.],[0.],[0.]
[0.],[0.],[0.]
[0.],[0.],[0.]
[0.],[0.],[0.]
[0.],[0.],[0.]
[0.],[0.],[0.]
[0.],[0.],[0.]
[0.],[0.],[0.]
[0.],[0.],[0.]
[0.],[0.],[0.]
[0.],[0.],[0.]
[0.],[0.],[0.]
[0.],[0.],[0.]
[0.],[0.],[0.]
[0.],[0.],[0.]
[0.],[0.],[0.]
[0.],[0.],[0.]
[0.],[0.],[0.]
[0.],[0.],[0.]
[0.],[0.],[0.]
[0.],[0.],[0.]
[0.],[0.],[0.]
[0.],[0.],[0.]
[0.],[0.],[0.]
[0.],[0.],[0.]
[0.08883115],[0.02837186],[0.0011596]
[1.49743134],[0.09214105],[0.08419642]
[2.02803362],[0.20873965],[0.27083213]
[2.30978907],[0.28391021],[0.43806742]
[2.37743474],[0.32903114],[0.55958786]
[2.37723963],[0.3619955],[0.61100048]
[2.28370469],[0.34808579],[0.57345232]
[2.41424767],[0.34424623],[0.58375361]
[2.2811502],[0.35393564],[0.55478797]
[2.39007974],[0.34368838],[0.54057671]
[2.23636413],[0.35552757],[0.48993174]
[2.31130204],[0.34913264],[0.46761273]
[2.12258697],[0.35296041],[0.42529987]
[2.04960553],[0.34624116],[0.40433172]
[1.93817391],[0.34313102],[0.37590729]
[1.86053692],[0.34935956],[0.36706107]
[1.75328978],[0.33577167],[0.33881995]
[1.7113456],[0.34709488],[0.33377657]
[1.62895896],[0.32505185],[0.30481584]
[1.58751522],[0.33603653],[0.3013641]
[1.54062335],[0.30822332],[0.27528537]
[1.507487],[0.31685795],[0.27037003]
[1.46013451],[0.2943342],[0.24860193]
[1.44024737],[0.29710659],[0.24478891]
[1.40766759],[0.27642312],[0.22707568]
[1.3827422],[0.27589936],[0.22130099]
[1.35674941],[0.26425841],[0.21066204]
[1.33525328],[0.26405304],[0.20652875]
[1.30940646],[0.25239647],[0.1953484]
[1.29556881],[0.25684364],[0.19542074]
[1.29458349],[0.24665089],[0.19666293]
[1.25556321],[0.24301304],[0.1817306]
[1.2319648],[0.23844215],[0.17599352]
[1.21943101],[0.23705107],[0.17283667]
[1.20233404],[0.23203737],[0.16764068]
[1.18162101],[0.22840853],[0.16200317]
[1.15256953],[0.1990481],[0.14612628]
[1.0997233],[0.16645905],[0.1212431]
[0.99409147],[0.13936858],[0.08742258]
[0.86868633],[0.10957184],[0.05407057]
[0.67416795],[0.07445867],[0.02405635]
[0.14888719],[0.01456213],[0.0008437]
[0.],[0.],[0.]
[0.],[0.],[0.]
[0.],[0.],[0.]
[0.],[0.],[0.]
[0.],[0.],[0.]
[0.],[0.],[0.]
[0.],[0.],[0.]
[0.],[0.],[0.]
[0.],[0.],[0.]
[0.],[0.],[0.]
[0.],[0.],[0.]
[5.25570961],[0.12115131],[0.38718212]
[4.41695509],[0.12834915],[0.32443839]
[2.70910843],[0.0575833],[0.09263919]
[1.37163858],[0.24084237],[0.22256936]
[2.40964945],[0.45625094],[0.70803968]
[2.63555491],[0.54336816],[1.01737084]
[2.85412222],[0.60750562],[1.33691303]
[2.84510696],[0.64106614],[1.4485075]
[2.76827996],[0.92522391],[1.96307767]
[2.77247271],[0.98941134],[2.21880039]
[2.68857998],[1.03450385],[2.32199306]
[2.64700241],[1.04071477],[2.35563149]
[2.48725658],[1.05256706],[2.41311251]
[2.42266136],[1.04482167],[2.42986831]
[2.36550108],[1.05814907],[2.39985022]
[2.42494891],[1.04709983],[2.40414945]
[2.51486037],[1.05792963],[2.39085493]
[2.5879274],[1.04933698],[2.40112678]
[2.71074566],[1.05564358],[2.38961555]
[2.80732425],[1.04735295],[2.40674598]
[2.82882415],[1.05011491],[2.35733771]
[2.81881082],[1.0436074],[2.35294805]
[2.81513135],[1.04342578],[2.29630503]
[2.80281043],[1.03563822],[2.29062439]
[2.7874574],[1.03008939],[2.23426789]
[2.77540169],[1.02553286],[2.23819783]
[2.76762854],[1.02035206],[2.18874554]
[2.78097228],[1.01691084],[2.1868194]
[2.78328057],[0.98342096],[2.13835812]
[2.7955979],[1.00614265],[2.13574764]
[2.8079445],[0.94901836],[2.10506798]
[2.86172923],[0.99409052],[2.11829968]
[2.89792688],[0.95064813],[2.11850503]
[2.94773431],[0.96879827],[2.14702876]
[3.03987113],[0.93112742],[2.16374962]
[3.03194552],[0.92838121],[2.14982605]
[3.11356592],[0.92158573],[2.13880564]
[3.11274422],[0.91500006],[2.13237347]
[3.13989812],[0.92532489],[2.1306288]
[3.16821666],[0.910567],[2.1075614]
[3.19084848],[0.89217431],[2.04158725]
[3.22028721],[0.88218421],[1.97376326]
[3.24931112],[0.87572327],[1.9168161]
[3.26891721],[0.86501589],[1.86809662]
[3.23100945],[0.76320305],[1.74361059]
[3.17173329],[0.72978468],[1.38705549]
[3.11719014],[0.71500927],[1.32184847]
[3.06885651],[0.68781238],[1.23593634]
[3.03356376],[0.6794781],[1.17980698]
[2.97252983],[0.68026119],[1.12420812]
[2.90767681],[0.68388655],[1.08484398]
[2.84250172],[0.66332396],[1.02557374]
[2.76974962],[0.61673846],[0.94863023]
[2.66241205],[0.56778032],[0.85710685]
[2.52532454],[0.52381283],[0.76922261]
[6.1591865],[0.88148794],[5.28156549]
[5.19553725],[0.86717233],[3.57174967]
[4.75141696],[0.62489526],[1.69029775]
[3.35019161],[0.31617989],[0.69899077]
[2.63642639],[0.49344551],[0.89106472]
[2.7932106],[0.58653059],[1.25427876]
[2.95031609],[0.6385845],[1.5106002]
[2.86755607],[0.73486646],[1.85951792]
[2.7964235],[0.9936135],[2.2018522]
[2.75884757],[1.08051736],[2.46591305]
[2.67365377],[1.16835178],[2.58734516]
[2.54623428],[1.16276883],[2.7237809]
[2.45719502],[1.19674973],[2.77387666]
[2.60435761],[1.17610689],[2.84378753]
[2.66075663],[1.2025724],[2.86967312]
[2.72562899],[1.18180476],[2.88715209]
[2.83343548],[1.20881682],[2.90994669]
[2.94284851],[1.19455973],[2.94036719]
[3.04595609],[1.21021778],[2.97658543]
[3.10045921],[1.20854488],[2.99954924]
[3.13718864],[1.20751028],[2.97495645]
[3.15296],[1.20975518],[2.97350522]
[3.13178606],[1.20534147],[2.92035147]
[3.12421094],[1.20555961],[2.90008015]
[3.10044533],[1.19462933],[2.84547205]
[3.07887997],[1.19373566],[2.82081125]
[3.07862307],[1.1840323],[2.78348142]
[3.08069433],[1.18120856],[2.75106798]
[3.08375164],[1.17183052],[2.71786344]
[3.08591563],[1.16661097],[2.68628144]
[3.10523129],[1.15424411],[2.67610848]
[3.13851621],[1.1624677],[2.66703376]
[3.17337058],[1.14696634],[2.69312144]
[3.2105713],[1.15851251],[2.70415146]
[3.27963167],[1.11693411],[2.7308145]
[3.2856643],[1.11002781],[2.71458003]
[3.34089626],[1.10147423],[2.70809186]
[3.35316582],[1.09358535],[2.69541086]
[3.36580973],[1.08268743],[2.69130316]
[3.39171746],[1.0682835],[2.65897216]
[3.41681717],[1.02277436],[2.59517036]
[3.44914655],[0.98579256],[2.53126644]
[3.48451731],[0.97509286],[2.46874354]
[3.48866964],[0.95815696],[2.39407774]
[3.46604706],[0.9370038],[2.03984691]
[3.40846805],[0.87495348],[1.9381508]
[3.35132789],[0.85067096],[1.82602983]
[3.28816844],[0.81736579],[1.68956283]
[3.2330526],[0.79101764],[1.59052498]
[3.16724163],[0.77933892],[1.51032191]
[3.11566114],[0.77190867],[1.45756466]
[3.05899292],[0.76894867],[1.40923029]
[2.9859103],[0.75623977],[1.33961114]
[2.90351153],[0.72469282],[1.2513377]
[2.80373849],[0.6916469],[1.16224061]
[9.3913927],[1.38700646],[9.44515059]
[5.13477776],[0.96505052],[5.07121069]
[4.70124772],[0.89028665],[3.34247028]
[4.39607306],[0.53643221],[1.56471841]
[3.20812327],[0.50030784],[1.34231762]
[2.86166826],[0.59664646],[1.366629]
[2.9567976],[0.63664274],[1.52384892]
[2.83534564],[0.80977499],[2.06979544]
[2.73027212],[1.02903772],[2.27791851]
[2.64433646],[1.12760966],[2.57901056]
[2.45892205],[1.22062922],[2.72154266]
[2.56278836],[1.22344516],[2.91551565]
[2.71836894],[1.24499928],[2.99927589]
[2.86913168],[1.23676531],[3.10703522]
[2.97363484],[1.24586411],[3.14984728]
[3.07781835],[1.23876636],[3.20251607]
[3.20189122],[1.2464573],[3.25089254]
[3.28879495],[1.25120482],[3.28801074]
[3.34638291],[1.25391132],[3.29920093]
[3.41740651],[1.25764367],[3.30752894]
[3.45435032],[1.26136369],[3.31561163]
[3.454162],[1.2654363],[3.2892237]
[3.43530574],[1.25751674],[3.25407848]
[3.42807505],[1.25962622],[3.21274524]
[3.40172532],[1.2455807],[3.16798947]
[3.37722588],[1.24798033],[3.12920646]
[3.36976232],[1.234066],[3.09146841]
[3.36586441],[1.23779898],[3.05781802]
[3.36116564],[1.22203566],[3.0179667]
[3.36501434],[1.22662714],[2.98107908]
[3.37147936],[1.21390269],[2.96161335]
[3.40360389],[1.22335246],[2.93294183]
[3.42459105],[1.21500681],[2.95557946]
[3.46965593],[1.21937288],[2.97419837]
[3.51088301],[1.20700616],[2.99162979]
[3.53307981],[1.19677934],[2.98733955]
[3.56082687],[1.18095334],[2.96701083]
[3.58827263],[1.16847955],[2.95023036]
[3.58793379],[1.15305054],[2.94688436]
[3.61035325],[1.13899283],[2.90516045]
[3.63559955],[1.09576223],[2.84630965]
[3.66616121],[1.07425841],[2.76241264]
[3.69956279],[1.06100552],[2.69624684]
[3.73474488],[1.04314881],[2.52431385]
[3.71881998],[1.01793298],[2.37448103]
[3.67808626],[0.95307328],[2.25132966]
[3.62173355],[0.8880445],[2.09423679]
[3.56375395],[0.8492742],[1.95074122]
[3.50457079],[0.81421953],[1.83588399]
[3.43884504],[0.78601049],[1.7216879]
[3.37372785],[0.76983469],[1.63390323]
[3.31175813],[0.7659244],[1.56042877]
[3.24186784],[0.75875913],[1.49140389]
[3.15736231],[0.75103958],[1.43775358]
[3.08422046],[0.73737863],[1.36200511]
[11.04314266],[1.48787919],[10.65008869]
[8.87084204],[1.15093876],[7.12483981]
[5.73363376],[0.96539076],[5.10991939]
[4.13632199],[0.85179339],[3.09543799]
[3.25054691],[0.51444225],[1.52184791]
[2.81849869],[0.56044451],[1.45995094]
[2.75564045],[0.5953054],[1.2789213]
[2.44774491],[0.79422745],[1.8109814]
[2.29665148],[1.01869739],[2.15902987]
[2.48396643],[1.13561821],[2.58412603]
[2.65172177],[1.23007577],[2.78739378]
[2.88153807],[1.238638],[3.03667201]
[3.06463129],[1.2503147],[3.14347902]
[3.23565618],[1.24422479],[3.2581387]
[3.39406209],[1.24911038],[3.32383874]
[3.48005952],[1.25247595],[3.38570144]
[3.56418601],[1.25486293],[3.40818821]
[3.59487522],[1.26453353],[3.4158046]
[3.67296768],[1.26288872],[3.43936667]
[3.69494676],[1.27222748],[3.42621994]
[3.70180903],[1.27003694],[3.42802848]
[3.69401613],[1.27585322],[3.39011134]
[3.6622055],[1.26659111],[3.35041]
[3.66074054],[1.27091176],[3.30357385]
[3.62439797],[1.25187312],[3.25748247]
[3.62342403],[1.25817467],[3.21675542]
[3.60299566],[1.23903153],[3.17953653]
[3.61375056],[1.24479764],[3.07636649]
[3.60673053],[1.22373018],[3.09978592]
[3.6199485],[1.23431344],[2.93394271]
[3.61584132],[1.2048614],[2.96903161]
[3.64847565],[1.22914381],[2.87601689]
[3.65050182],[1.21331418],[2.87503073]
[3.69542493],[1.22171721],[2.88069656]
[3.70644017],[1.16871683],[2.8696023]
[3.73779063],[1.16862493],[2.86829103]
[3.73904603],[1.17233701],[2.84693869]
[3.77408844],[1.17173122],[2.82602737]
[3.75855353],[1.17616315],[2.82162047]
[3.77343495],[1.15855869],[2.77181279]
[3.79301764],[1.12862488],[2.68962809]
[3.81728071],[1.10561363],[2.61522499]
[3.84835519],[1.0845444],[2.55247691]
[3.89023119],[1.02702093],[2.50491866]
[3.94329392],[0.95343464],[2.45620611]
[3.92222131],[0.92127148],[2.39736019]
[3.87784261],[0.88656117],[2.27855812]
[3.81954924],[0.85029766],[2.14794973]
[3.75940085],[0.81803124],[2.03689882]
[3.68879902],[0.79208664],[1.91389038]
[3.61869966],[0.76760378],[1.81316038]
[3.54747518],[0.74890627],[1.7140816]
[3.47107419],[0.73742952],[1.6214863]
[3.40125212],[0.72781251],[1.53993228]
[3.33101172],[0.71627914],[1.46056278]
[10.29999706],[1.5436263],[10.96788016]
[8.44720722],[1.33211397],[7.33141296]
[7.42413263],[1.11580799],[5.59811845]
[5.54241969],[0.93677289],[4.23760139]
[3.5420917],[0.63744843],[2.27415434]
[2.84413309],[0.58229943],[1.59845837]
[2.66539688],[0.65741857],[1.31946474]
[2.37807947],[0.73643262],[1.39256982]
[2.25094808],[1.00955032],[2.33013215]
[2.97407288],[1.13842022],[2.86832512]
[3.14190808],[1.25869788],[3.09364276]
[3.33972586],[1.27209871],[3.34399058]
[3.65202279],[1.28234182],[3.5094199]
[3.77272594],[1.28497667],[3.65054347]
[4.00655111],[1.28820528],[3.73040411]
[3.89452006],[1.30299485],[3.7407061]
[4.05227314],[1.30485369],[3.7575294]
[3.99068888],[1.31827275],[3.7513681]
[4.0561237],[1.31682658],[3.7445832]
[3.93996106],[1.32966513],[3.71082489]
[3.94698033],[1.32579597],[3.69784507]
[3.87404641],[1.33688761],[3.64978668]
[3.85413103],[1.33254602],[3.6200733]
[3.82723385],[1.3369432],[3.56660136]
[3.80546663],[1.32549595],[3.53413707]
[3.79382178],[1.32958156],[3.45871337]
[3.76897484],[1.32000169],[3.45325937]
[3.77522289],[1.32285323],[3.3068348]
[3.76371848],[1.30909949],[3.34276277]
[3.76697883],[1.31518038],[3.18988338]
[3.77196287],[1.30028877],[3.2165894]
[3.79214676],[1.30760483],[3.15280104]
[3.80310462],[1.29720314],[3.15737123]
[3.83973379],[1.30053731],[3.1553882]
[3.84043601],[1.28806484],[3.15122674]
[3.8783215],[1.28656609],[3.15168241]
[3.86825762],[1.28266279],[3.13049995]
[3.90426625],[1.27587217],[3.1025852]
[3.88036497],[1.26802467],[3.0880148]
[3.8952647],[1.25122943],[3.04810297]
[3.91584776],[1.22412229],[2.98029537]
[3.93901494],[1.20075518],[2.90586047]
[3.96676725],[1.17914927],[2.8534232]
[4.00431055],[1.15293635],[2.79673311]
[4.03540203],[1.08774183],[2.74166156]
[3.99826023],[1.02692419],[2.66793764]
[3.95339286],[0.95329098],[2.53100669]
[3.90577352],[0.91656323],[2.40819796]
[3.85764769],[0.88250883],[2.28686347]
[3.80387468],[0.85318854],[2.16267885]
[3.74660396],[0.82158956],[2.05923572]
[3.6910438],[0.789854],[1.95826586]
[3.63135201],[0.76354812],[1.8524038]
[3.56765425],[0.73474396],[1.73207255]
[3.49687122],[0.71019059],[1.60008466]
[10.38733698],[1.57477529],[11.41238893]
[8.44922829],[1.36557474],[7.74386792]
[7.42425542],[1.22623443],[5.91130823]
[6.43813701],[1.0740636],[4.54867722]
[4.13833672],[0.87547039],[3.60917344]
[2.87481892],[0.59785709],[1.92668689]
[2.59967694],[0.70658768],[1.5356047]
[2.38719822],[0.79840754],[1.42363073]
[2.49497972],[0.99841514],[2.39940163]
[3.25697792],[1.14144849],[2.95601719]
[3.56103439],[1.26916153],[3.25343661]
[3.73210046],[1.27374937],[3.45952023]
[4.01911871],[1.29286876],[3.70175074]
[4.10640547],[1.29330768],[3.78665679]
[4.22509762],[1.30919842],[3.8731323]
[4.22945982],[1.31891079],[3.86831489]
[4.27500799],[1.33266105],[3.88567566]
[4.18479822],[1.34571305],[3.86598035]
[4.24226311],[1.35449539],[3.86727174]
[4.06833228],[1.36350146],[3.82204681]
[4.10455861],[1.36340308],[3.81235876]
[3.94944822],[1.37455589],[3.75145344]
[3.9630366],[1.36902908],[3.73437307]
[3.87949989],[1.37468638],[3.62817884]
[3.88022919],[1.36107647],[3.63870685]
[3.83522487],[1.36660659],[3.49902003]
[3.81799237],[1.35437809],[3.50955241]
[3.81159875],[1.3578679],[3.33820349]
[3.79990623],[1.34475259],[3.36625678]
[3.79392156],[1.3529587],[3.25495915]
[3.81712329],[1.34248008],[3.28063275]
[3.82600782],[1.35079294],[3.25155921]
[3.84467321],[1.34446559],[3.2635332]
[3.8941899],[1.3457217],[3.27485345]
[3.89969243],[1.33560946],[3.27477439]
[3.93724459],[1.33417543],[3.26581511]
[3.92430792],[1.3330163],[3.24878685]
[3.96912339],[1.33185728],[3.23066305]
[3.94404081],[1.32771342],[3.21853907]
[3.95812334],[1.32045187],[3.19585609]
[3.97931445],[1.29295598],[3.14816677]
[4.00395282],[1.22662846],[3.0757423]
[4.03399728],[1.2042153],[3.01382252]
[4.07202805],[1.17831148],[2.96426357]
[4.10295724],[1.10883907],[2.9040564]
[4.05726855],[1.05082589],[2.79545064]
[4.00953398],[0.99845961],[2.64996151]
[3.96298258],[0.95634229],[2.52741492]
[3.91347693],[0.91056544],[2.40100777]
[3.86106379],[0.87741722],[2.27914958]
[3.80198459],[0.83732498],[2.16494056]
[3.74344034],[0.79909214],[2.04272424]
[3.68378105],[0.76298867],[1.8938065]
[3.62218192],[0.73095708],[1.76233285]
[3.56249318],[0.70033511],[1.64660159]
[10.55266109],[1.6336206],[11.92120623]
[8.49802038],[1.43374486],[8.23844029]
[7.47442056],[1.2857272],[6.32070239]
[6.50914558],[1.1340197],[4.78766531]
[5.15891446],[1.01651085],[3.8569899]
[3.94786325],[0.88683724],[3.14002332]
[2.58039359],[0.7626516],[1.88738171]
[2.39092957],[0.86563309],[1.64817932]
[2.74967017],[1.01691514],[2.49989435]
[3.40285498],[1.15748656],[3.06398196]
[3.64698526],[1.2828209],[3.41175643]
[3.77942832],[1.28370449],[3.55108384]
[4.04880599],[1.30461875],[3.76087109]
[4.16754238],[1.3069521],[3.83539101]
[4.25629645],[1.32071806],[3.90510573]
[4.28668057],[1.33810471],[3.90678006]
[4.30710792],[1.34876357],[3.91135856]
[4.24222509],[1.36378576],[3.89805307]
[4.24895493],[1.37087141],[3.88210742]
[4.09722269],[1.38114809],[3.83869159]
[4.13518045],[1.38554573],[3.83876697]
[3.98293057],[1.3919549],[3.7625548]
[3.98891016],[1.39366657],[3.75757534]
[3.90577895],[1.39371098],[3.60116069]
[3.90932243],[1.3858195],[3.6417217]
[3.86299579],[1.38631883],[3.45284746]
[3.84111849],[1.37764065],[3.46608733]
[3.83719504],[1.38009734],[3.32336317]
[3.82580118],[1.36836996],[3.34711629]
[3.82599051],[1.37443983],[3.2721997]
[3.84450722],[1.36547121],[3.27920887]
[3.85173858],[1.36913579],[3.2612297]
[3.86238058],[1.36499794],[3.26272575]
[3.90354519],[1.36391629],[3.27203225]
[3.90587224],[1.35529454],[3.27219916]
[3.94537295],[1.35333752],[3.27221392]
[3.93952205],[1.34942748],[3.26437271]
[3.9808502],[1.34426233],[3.24032818]
[3.95910075],[1.33841599],[3.22876108]
[3.97551323],[1.33221737],[3.20788445]
[3.99783109],[1.3043094],[3.16843559]
[4.02530361],[1.25173906],[3.11201392]
[4.05876171],[1.23153716],[3.05597888]
[4.09851903],[1.20232536],[3.00538847]
[4.12142108],[1.11590326],[2.94398377]
[4.0797043],[1.05683647],[2.79412944]
[4.0351554],[0.99514384],[2.64763582]
[3.99187737],[0.93568079],[2.51225044]
[3.94317116],[0.88721204],[2.3851572]
[3.88961024],[0.84645792],[2.26001652]
[3.83240892],[0.81342209],[2.14161814]
[3.7722154],[0.7761863],[2.01769421]
[3.70387355],[0.72232014],[1.85324453]
[3.62507169],[0.67003249],[1.65437655]
[3.54339399],[0.61774678],[1.47008625]
[10.66154654],[1.70032188],[12.3307224]
[8.55650593],[1.48616722],[8.52153838]
[7.53360144],[1.33732741],[6.57069966]
[6.55683328],[1.18955474],[4.94418536]
[5.14229564],[1.03985034],[3.77896465]
[3.97792422],[0.93434878],[3.05448392]
[2.69243936],[0.75215988],[1.95678168]
[2.17007928],[0.8399892],[1.67205964]
[3.15030893],[1.00980797],[2.55405842]
[3.48837073],[1.13603517],[2.99414213]
[3.7175782],[1.24500675],[3.28738835]
[3.84585652],[1.24925161],[3.41840931]
[4.0864789],[1.26560052],[3.62225329]
[4.20195546],[1.26367613],[3.66210697]
[4.28312288],[1.2718935],[3.71597246]
[4.33659609],[1.29130539],[3.70572149]
[4.32868448],[1.29889501],[3.71047728]
[4.25453672],[1.30788404],[3.67862683]
[4.24438189],[1.31881938],[3.66984197]
[4.11530666],[1.32440203],[3.57642158]
[4.14452923],[1.32691583],[3.60090656]
[4.00001444],[1.33172612],[3.41688469]
[4.002147],[1.33352185],[3.47692062]
[3.9227088],[1.33294504],[3.25596993]
[3.92716447],[1.31152048],[3.2791717]
[3.87791899],[1.32450563],[3.16310161]
[3.86345583],[1.29110022],[3.14572809]
[3.85460543],[1.30640613],[3.08761262]
[3.84712172],[1.26015904],[3.06534688]
[3.84410572],[1.28671715],[3.05434833]
[3.87099048],[1.24194221],[3.03912647]
[3.86802578],[1.26085859],[3.03918373]
[3.87801733],[1.23933542],[3.03246043]
[3.91496306],[1.25993079],[3.04278462]
[3.920698],[1.26430037],[3.03533082]
[3.96381088],[1.27147253],[3.03494836]
[3.95841906],[1.27032469],[3.02583106]
[3.99845124],[1.25820234],[3.00260694]
[3.97695332],[1.2557061],[2.98916901]
[3.99380039],[1.24345138],[2.97429831]
[4.01669281],[1.20064922],[2.93882989]
[4.04387581],[1.15977401],[2.89835187]
[4.07695095],[1.13047082],[2.86918666]
[4.11661205],[1.07963626],[2.83902351]
[4.17958562],[1.0395601],[2.82290067]
[4.1366915],[0.99669341],[2.73448735]
[4.09307105],[0.95510662],[2.63220211]
[4.05224826],[0.92165783],[2.52416244]
[4.00800544],[0.88988813],[2.41479291]
[3.95664704],[0.8488278],[2.29664555]
[3.90289179],[0.8152348],[2.2025025]
[3.84579468],[0.7757619],[2.09553113]
[3.78440562],[0.73652699],[1.95772749]
[3.71405038],[0.69057177],[1.80622529]
[3.6370083],[0.64756624],[1.64147673]
[10.9110188],[1.76050149],[12.82531328]
[8.70339871],[1.5250306],[8.87376839]
[7.66631236],[1.37570449],[6.83865778]
[6.71041023],[1.2272199],[5.17807125]
[5.26966853],[1.05931727],[3.97040554]
[3.99835599],[0.89104417],[3.21911363]
[2.70269202],[0.78224666],[2.22867642]
[2.15716735],[0.88027835],[2.23258829]
[3.37958127],[1.05620683],[2.73756951]
[3.55485947],[1.18581041],[3.11875978]
[3.78071993],[1.26785414],[3.41621274]
[3.91267044],[1.28012528],[3.55798162]
[4.13811928],[1.29473974],[3.75236949]
[4.24813639],[1.29544332],[3.78195562]
[4.32765147],[1.3022614],[3.83570801]
[4.40674876],[1.31685016],[3.80743124]
[4.3643404],[1.32391838],[3.81185107]
[4.33583023],[1.33150776],[3.76715061]
[4.2948472],[1.33731722],[3.76429846]
[4.201488],[1.34429177],[3.66559882]
[4.20341999],[1.34401801],[3.67996351]
[4.08401428],[1.35147369],[3.523482]
[4.07938054],[1.34475574],[3.54921465]
[4.00192626],[1.35200044],[3.35511785]
[4.00465151],[1.32061907],[3.37051934]
[3.95373348],[1.34125932],[3.25767463]
[3.94247897],[1.28716169],[3.2282658]
[3.92674542],[1.31669182],[3.17726381]
[3.9177604],[1.26671384],[3.12866009]
[3.90505104],[1.27399946],[3.11413481]
[3.93329631],[1.27376623],[3.0980096]
[3.92315181],[1.28328558],[3.0972171]
[3.92956367],[1.27002153],[3.09364735]
[3.96553115],[1.28739334],[3.09675054]
[3.96670347],[1.29162176],[3.09619736]
[4.01069565],[1.29738265],[3.08944063]
[3.99915795],[1.29536041],[3.08535219]
[4.04775566],[1.28710536],[3.07115274]
[4.02782577],[1.2856536],[3.06375457]
[4.04342027],[1.27054048],[3.04851926]
[4.06463517],[1.21929752],[3.00490093]
[4.09101965],[1.1824018],[2.97042051]
[4.12384296],[1.15543872],[2.9506342]
[4.16102324],[1.1251653],[2.93715982]
[4.22491173],[1.05682527],[2.90909062]
[4.17341124],[1.00041196],[2.80281512]
[4.12278938],[0.96175839],[2.69502002]
[4.07746456],[0.93091375],[2.5917513]
[4.03200335],[0.90645638],[2.49926118]
[3.98173098],[0.88413299],[2.40077785]
[3.92720027],[0.86523793],[2.31580336]
[3.87603131],[0.83553395],[2.2165071]
[3.82094271],[0.79556735],[2.09365344]
[3.76317887],[0.75538815],[1.97698821]
[3.70879947],[0.71080576],[1.85096713]
[10.9161549],[1.81919668],[13.29034508]
[8.69711906],[1.54881272],[9.17246626]
[7.66846391],[1.39780281],[7.11490917]
[6.72672288],[1.27224251],[5.41388091]
[5.28883333],[1.12006517],[4.16710153]
[4.02071096],[0.92353597],[3.43278041]
[2.62733043],[0.80670442],[2.43243213]
[2.1429496],[0.91571213],[2.42086258]
[3.45938105],[1.07654636],[2.82039425]
[3.59979778],[1.20759424],[3.16703951]
[3.83683952],[1.28347358],[3.48181842]
[3.96353108],[1.29730102],[3.6268782]
[4.16541633],[1.30951032],[3.8013253]
[4.28076076],[1.31157404],[3.81848381]
[4.36417734],[1.31811455],[3.87334016]
[4.41497388],[1.32913915],[3.8390284]
[4.35933459],[1.33328712],[3.83815662]
[4.35249555],[1.34159929],[3.78911]
[4.28906748],[1.34644715],[3.78176498]
[4.21029582],[1.35434341],[3.68675115]
[4.1998199],[1.34889199],[3.69144362]
[4.09173605],[1.36161165],[3.54966065]
[4.09121687],[1.34759922],[3.55178233]
[4.00685092],[1.3624084],[3.37732259]
[4.01444411],[1.30631023],[3.37639659]
[3.96152233],[1.33547554],[3.2694137]
[3.95440496],[1.27606077],[3.22662273]
[3.93168886],[1.29586435],[3.18426948]
[3.93884674],[1.28287921],[3.15779753]
[3.91434446],[1.28731142],[3.13666806]
[3.94400321],[1.2875974],[3.12005983]
[3.93223898],[1.29600895],[3.11803844]
[3.94219499],[1.28498085],[3.11773377]
[3.9755154],[1.30012414],[3.12100144]
[3.97320066],[1.30428913],[3.12139729]
[4.01488689],[1.30995359],[3.11464733]
[4.00447486],[1.30799247],[3.11367051]
[4.05430899],[1.29901455],[3.09353033]
[4.03434762],[1.299341],[3.08868318]
[4.04969946],[1.28565121],[3.07610564]
[4.06935957],[1.23544238],[3.04356669]
[4.09553926],[1.19897799],[3.01442077]
[4.12809549],[1.17159886],[2.9969491]
[4.16260022],[1.14200558],[2.98492844]
[4.22495095],[1.07113305],[2.94234887]
[4.21108056],[1.00446268],[2.85374134]
[4.15553974],[0.96820288],[2.75307401]
[4.11069726],[0.93695345],[2.65424205]
[4.06568948],[0.91215017],[2.5692504]
[4.01947762],[0.89209433],[2.49040055]
[3.96485532],[0.87373274],[2.40928546]
[3.91627495],[0.85842874],[2.31675334]
[3.86705778],[0.83972979],[2.21082907]
[3.81222075],[0.80182304],[2.086365]
[3.76061163],[0.75485006],[1.97028502]
[10.92537472],[1.90581661],[13.84220139]
[8.69372565],[1.61447699],[9.46395213]
[7.66512651],[1.46136574],[7.3109896]
[6.72210949],[1.31714139],[5.52457918]
[5.28105946],[1.16333723],[4.18513268]
[4.03144038],[0.94582327],[3.50495612]
[2.63631164],[0.82275408],[2.50797759]
[2.09152304],[0.93427035],[2.47205145]
[3.52633942],[1.09851756],[2.86492156]
[3.65061887],[1.22773758],[3.170027]
[3.90240193],[1.28672292],[3.48705734]
[3.99701382],[1.30406828],[3.63113462]
[4.19100246],[1.31818277],[3.80603893]
[4.32368099],[1.32033531],[3.82365306]
[4.41014072],[1.3072479],[3.87034808]
[4.42599558],[1.32599758],[3.81250683]
[4.36936394],[1.30956209],[3.81542682]
[4.3678281],[1.3368312],[3.75889641]
[4.30294222],[1.31567353],[3.7419127]
[4.23446481],[1.34918045],[3.61669443]
[4.21337245],[1.31702129],[3.64937919]
[4.11506856],[1.3512228],[3.49675872]
[4.11907419],[1.30115545],[3.45459631]
[4.03120546],[1.32135634],[3.331962]
[4.04067224],[1.28471464],[3.30789839]
[3.98088093],[1.28387814],[3.2400581]
[3.97735433],[1.2761788],[3.18771154]
[3.95103958],[1.27478318],[3.16225706]
[3.97280346],[1.28508619],[3.13929472]
[3.93788433],[1.28968801],[3.1248686]
[3.96534743],[1.28904047],[3.10161305]
[3.95406281],[1.29733117],[3.10961559]
[3.96032751],[1.28090792],[3.1027925]
[3.99656925],[1.2995285],[3.11397523]
[3.99060766],[1.30115297],[3.10565516]
[4.03236602],[1.30617838],[3.10238103]
[4.01968376],[1.30379705],[3.09725327]
[4.06929164],[1.29322031],[3.08481078]
[4.04868965],[1.29275278],[3.08132205]
[4.06413699],[1.26534746],[3.07151484]
[4.08147265],[1.2202129],[3.04421293]
[4.10374964],[1.18824953],[3.01861357]
[4.13193501],[1.16632068],[3.00502291]
[4.16177285],[1.13367518],[2.99189738]
[4.22544424],[1.05489674],[2.93628141]
[4.24838431],[0.99788287],[2.87333603]
[4.1895105],[0.96511305],[2.7868131]
[4.14084068],[0.93616869],[2.69697324]
[4.09649363],[0.91369857],[2.62209437]
[4.05145772],[0.89891431],[2.55043322]
[4.00275618],[0.88308858],[2.48252585]
[3.95581044],[0.86820515],[2.40570343]
[3.90785244],[0.85343888],[2.31728706]
[3.8586129],[0.83702268],[2.21271479]
[3.81139514],[0.80683641],[2.09752574]
[10.89196026],[1.95308073],[14.08034839]
[8.67046457],[1.64389046],[9.57325032]
[7.64228846],[1.47793794],[7.38074678]
[6.67749962],[1.33243155],[5.51790565]
[5.22797746],[1.17475232],[3.94687093]
[3.98536311],[0.94727394],[3.31328785]
[2.58556125],[0.78085541],[2.31149764]
[1.84417201],[0.91548036],[2.28556793]
[3.58284341],[1.08873489],[2.71479741]
[3.69978132],[1.20040384],[2.98917458]
[3.97142377],[1.23076867],[3.25865277]
[4.0147025],[1.23917779],[3.39450007]
[4.21695729],[1.23464075],[3.51771816]
[4.36988918],[1.22563607],[3.46975024]
[4.43428081],[1.21925452],[3.5396011]
[4.42344117],[1.22442775],[3.27502181]
[4.36589522],[1.22921919],[3.31988763]
[4.36333869],[1.23497657],[3.22265367]
[4.29857374],[1.23809708],[3.22620396]
[4.24439347],[1.22034705],[3.14106509]
[4.21421694],[1.20853753],[3.12394663]
[4.12386411],[1.21579232],[3.07823247]
[4.13027599],[1.20556722],[3.05554592]
[4.03374251],[1.17556329],[3.0013032]
[4.049305],[1.15638154],[2.97191835]
[3.98636879],[1.15365608],[2.95012535]
[3.99125554],[1.13735292],[2.90807179]
[3.95717948],[1.12853048],[2.90269995]
[3.99135475],[1.13953714],[2.8981282]
[3.9498659],[1.14249935],[2.89300926]
[3.98488088],[1.13422068],[2.88650898]
[3.96491586],[1.139144],[2.88676683]
[3.96756883],[1.11142271],[2.88235134]
[4.00703701],[1.13097209],[2.8998502]
[3.99971478],[1.13505835],[2.91247905]
[4.03686367],[1.14164698],[2.91063305]
[4.02353575],[1.13755274],[2.9113148]
[4.07264309],[1.12678305],[2.90455664]
[4.05026325],[1.1272381],[2.90500989]
[4.0616667],[1.10992767],[2.90343142]
[4.07576616],[1.07948158],[2.88747247]
[4.09822109],[1.06077542],[2.87375529]
[4.12647805],[1.04879218],[2.86310807]
[4.15588716],[1.02578819],[2.85906444]
[4.21934501],[0.98510533],[2.82906092]
[4.28215394],[0.95366096],[2.80870875]
[4.22534578],[0.92932861],[2.75527292]
[4.17241826],[0.91161742],[2.68825712]
[4.12855184],[0.89717506],[2.62548088]
[4.08408976],[0.88511928],[2.56167038]
[4.03671369],[0.87556494],[2.50421621]
[3.99352478],[0.86660751],[2.43998568]
[3.94698698],[0.85685428],[2.36136509]
[3.89847313],[0.84624554],[2.28082073]
[3.85580105],[0.82932672],[2.18641555]
[11.00343509],[1.97807258],[14.3701039]
[8.76488823],[1.67373006],[9.76864846]
[7.7111456],[1.49444737],[7.53148581]
[6.75087331],[1.3475924],[5.60240016]
[5.30475099],[1.18370807],[4.02787485]
[4.04467127],[0.94573503],[3.40316941]
[2.6461576],[0.838151],[2.46403143]
[1.85169609],[0.9752051],[2.49333113]
[3.64529948],[1.13878117],[2.84841256]
[3.77150521],[1.2388544],[3.10585802]
[4.02363903],[1.27225907],[3.3599067]
[4.07223996],[1.27757587],[3.48458701]
[4.26816839],[1.26940626],[3.60685615]
[4.42186253],[1.25920077],[3.53788858]
[4.4704161],[1.25328791],[3.59921606]
[4.46255463],[1.25791518],[3.36203724]
[4.40596452],[1.24453286],[3.38326121]
[4.40360479],[1.25164258],[3.3068493]
[4.33734603],[1.24300257],[3.30012685]
[4.30974369],[1.21778281],[3.21608689]
[4.26554568],[1.20780061],[3.20561159]
[4.19030938],[1.21291533],[3.15394483]
[4.18780539],[1.20210082],[3.13402035]
[4.09725607],[1.175992],[3.07365694]
[4.11744904],[1.15871905],[3.04779574]
[4.05658746],[1.15945685],[3.02699867]
[4.06340045],[1.14678664],[2.98713934]
[4.01475125],[1.13599112],[2.96670637]
[4.06091309],[1.14511129],[2.96904679]
[4.00774767],[1.14527205],[2.9489478]
[4.04753572],[1.12778901],[2.94475366]
[4.02180428],[1.13693376],[2.94377758]
[4.01906824],[1.10982491],[2.93894417]
[4.06845191],[1.13048215],[2.95981376]
[4.04616462],[1.12974802],[2.96600282]
[4.08647746],[1.13515179],[2.96442131]
[4.06050723],[1.1323955],[2.96380077]
[4.1119356],[1.12111307],[2.95836805]
[4.08349498],[1.12566818],[2.95992015]
[4.09557249],[1.11160175],[2.96062033]
[4.10876564],[1.08733882],[2.94868811]
[4.13148099],[1.06939516],[2.93541673]
[4.16072373],[1.06136965],[2.92972383]
[4.18730059],[1.03109738],[2.91053268]
[4.25667107],[0.99333475],[2.88504531]
[4.31490838],[0.96429573],[2.87106388]
[4.26012942],[0.94426072],[2.82333211]
[4.2005832],[0.92742778],[2.75608266]
[4.15798706],[0.91463325],[2.69737078]
[4.11576568],[0.90300927],[2.63764547]
[4.07179671],[0.89347117],[2.58475822]
[4.03185828],[0.88395833],[2.52629494]
[3.98902451],[0.87509428],[2.44955985]
[3.93837067],[0.86794604],[2.36937045]
[3.89168716],[0.86017719],[2.296914]
[11.04770138],[2.00978271],[14.74059889]
[8.78484183],[1.71200162],[10.04478736]
[7.70537689],[1.51984318],[7.74463933]
[6.74420527],[1.3745313],[5.77157105]
[5.29728708],[1.2181426],[4.08067114]
[4.03734083],[0.95965122],[3.45005933]
[2.63686012],[0.89352383],[2.53204703]
[1.80767473],[1.00583498],[2.52298865]
[3.6886448],[1.15577672],[2.84320044]
[3.82754481],[1.24570229],[3.0944297]
[4.04631635],[1.28030324],[3.35276999]
[4.10067135],[1.2829915],[3.47566759]
[4.29512707],[1.27371958],[3.60605832]
[4.453577],[1.26106336],[3.43201743]
[4.48734037],[1.21726819],[3.46536535]
[4.48929697],[1.20871748],[3.33564908]
[4.43136981],[1.20504497],[3.37848112]
[4.43252174],[1.21722556],[3.3337543]
[4.36709257],[1.20886456],[3.33365873]
[4.35631846],[1.18882873],[3.27810624]
[4.31245102],[1.1846462],[3.28880423]
[4.26676751],[1.1933011],[3.24769236]
[4.25307646],[1.18457697],[3.25643717]
[4.1743491],[1.16029767],[3.1952429]
[4.20884745],[1.13936943],[3.1754216]
[4.1365049],[1.12866182],[3.13106514]
[4.15361298],[1.10742371],[3.08288201]
[4.08756567],[1.09749691],[3.03967766]
[4.12505079],[1.09331673],[3.03012606]
[4.06270925],[1.08976453],[2.99127727]
[4.09377283],[1.07717893],[2.98066682]
[4.06621267],[1.09092851],[2.97060646]
[4.0522911],[1.07074383],[2.9596962]
[4.10035332],[1.08922238],[2.97664132]
[4.07067668],[1.08999517],[2.98269368]
[4.11284594],[1.09668372],[2.98024946]
[4.07927352],[1.09537914],[2.98003132]
[4.13069037],[1.08815855],[2.97620949]
[4.10195834],[1.09230369],[2.9747478]
[4.11334508],[1.08758705],[2.98036977]
[4.12627222],[1.07051023],[2.9737169]
[4.14669591],[1.06115555],[2.96975673]
[4.17649935],[1.05769348],[2.96940695]
[4.20410451],[1.02472586],[2.94453603]
[4.27472786],[0.99375381],[2.92959734]
[4.3412922],[0.97093945],[2.92283681]
[4.32543333],[0.95223928],[2.89108553]
[4.27207949],[0.93540098],[2.83450093]
[4.21177944],[0.92558532],[2.77173137]
[4.16884653],[0.91586062],[2.71804773]
[4.12340483],[0.9058993],[2.66352447]
[4.08325273],[0.89670191],[2.60457264]
[4.04133395],[0.88753757],[2.53298816]
[3.99495637],[0.88008575],[2.46136268]
[3.94866053],[0.87315692],[2.39238429]
[11.04904234],[2.04657363],[15.14712683]
[8.7909733],[1.7724008],[10.29729831]
[7.68399554],[1.55564594],[7.86683452]
[6.70075598],[1.40169141],[5.82549279]
[5.24456764],[1.23702306],[3.96306923]
[3.99279118],[0.96025928],[3.24133933]
[2.59126912],[0.90399324],[2.22338077]
[1.53291474],[1.00276142],[2.02446079]
[3.73750119],[1.12578177],[2.51881972]
[3.8901391],[1.19887847],[2.79578088]
[4.07415606],[1.16521371],[3.0075588]
[4.13588793],[1.12367021],[2.94964586]
[4.34071647],[1.07945328],[3.11435143]
[4.4895432],[1.05962776],[3.1131415]
[4.51527584],[1.0608181],[3.19112893]
[4.51582248],[1.0685058],[3.1629466]
[4.45723889],[1.07862775],[3.21626729]
[4.46298605],[1.09199363],[3.20947503]
[4.40332152],[1.0782261],[3.22276326]
[4.4154153],[1.09253988],[3.21214858]
[4.37675279],[1.07507992],[3.24477051]
[4.35358841],[1.09268401],[3.21429529]
[4.35682126],[1.07498145],[3.23856575]
[4.27550052],[1.08272758],[3.1780856]
[4.33166153],[1.05799512],[3.19076576]
[4.23657432],[1.06326239],[3.14072254]
[4.27904536],[1.04090778],[3.11718906]
[4.19722608],[1.05212447],[3.07963745]
[4.23991107],[1.03333765],[3.07092197]
[4.16067719],[1.0431917],[3.03322248]
[4.18481129],[1.02679438],[3.02025712]
[4.14263514],[1.03608941],[3.0004986]
[4.12452071],[1.02746024],[2.9850488]
[4.16239113],[1.03116361],[2.98770622]
[4.12257593],[1.02317998],[2.98506907]
[4.15671346],[1.02188023],[2.96179362]
[4.11098462],[1.02232417],[2.95419128]
[4.15629963],[1.02288794],[2.93738274]
[4.12247899],[1.02878757],[2.93117589]
[4.13085489],[1.02643953],[2.93068306]
[4.14076492],[1.02086645],[2.92195864]
[4.15803246],[1.01213637],[2.91691646]
[4.1859204],[1.00552339],[2.91910185]
[4.21555447],[0.98888883],[2.90613995]
[4.28844152],[0.96940385],[2.90270134]
[4.35632542],[0.9505801],[2.90372988]
[4.38269294],[0.93781105],[2.89762819]
[4.3327363],[0.92895981],[2.85331513]
[4.27833099],[0.924061],[2.79729328]
[4.21698495],[0.91607203],[2.74060073]
[4.17407849],[0.90653454],[2.69133599]
[4.13363917],[0.89788263],[2.6376587]
[4.09198061],[0.88939694],[2.57430503]
[4.04716029],[0.88165424],[2.50841157]
[4.00352741],[0.87399546],[2.44510102]
[11.15140356],[2.0741136],[15.56008653]
[8.87076216],[1.79608505],[10.54097724]
[7.84117576],[1.56217414],[8.06594007]
[6.76614155],[1.40599182],[5.93858477]
[5.32298194],[1.23756935],[4.04121712]
[4.0636431],[0.94667555],[3.31566037]
[2.65098285],[0.95906605],[2.35977678]
[3.19314583],[1.06490958],[2.4151593]
[3.81622261],[1.16715674],[2.72329297]
[3.98101826],[1.23674866],[2.95686021]
[4.15574248],[1.21512715],[3.19919193]
[4.22234956],[1.19088858],[3.16344779]
[4.40841022],[1.1641438],[3.33597427]
[4.57481422],[1.14505963],[3.36361213]
[4.57945273],[1.1426785],[3.4342681]
[4.5951516],[1.14913887],[3.42061395]
[4.53223865],[1.14430566],[3.45556913]
[4.55024377],[1.14760601],[3.45970925]
[4.50282796],[1.1446568],[3.50554723]
[4.53809425],[1.13229565],[3.50583577]
[4.50638359],[1.13100698],[3.55597844]
[4.50370243],[1.13177241],[3.53133351]
[4.49595358],[1.11654436],[3.56748615]
[4.42288022],[1.12285988],[3.4893614]
[4.46949291],[1.10119135],[3.52258352]
[4.37516903],[1.10257135],[3.43840834]
[4.423777],[1.08290393],[3.43180233]
[4.33351556],[1.09141712],[3.36591563]
[4.380874],[1.07296107],[3.35840039]
[4.28474388],[1.08361301],[3.30461466]
[4.3244193],[1.06526768],[3.29304651]
[4.25310195],[1.07468569],[3.25084903]
[4.23654077],[1.06235537],[3.22620114]
[4.2633962],[1.06669562],[3.21823227]
[4.21555977],[1.05883368],[3.20551004]
[4.24965148],[1.05941798],[3.18459487]
[4.1974536],[1.06013865],[3.16891171]
[4.23487669],[1.05919462],[3.15177538]
[4.19607],[1.0661643],[3.13304709]
[4.19640319],[1.06101137],[3.12174575]
[4.20203346],[1.04968113],[3.10506878]
[4.2228957],[1.04042902],[3.08897363]
[4.25925179],[1.03005715],[3.06878302]
[4.28720336],[1.0076131],[3.02499396]
[4.35175452],[0.98563258],[3.00280421]
[4.41105608],[0.9653671],[2.99552562]
[4.4272154],[0.95302294],[2.98078836]
[4.37708554],[0.94432852],[2.93114547]
[4.32190392],[0.93898147],[2.87148988]
[4.25865388],[0.93094544],[2.8050228]
[4.20113212],[0.92271562],[2.7516623]
[4.16044775],[0.91444607],[2.6991542]
[4.12141145],[0.90597826],[2.64339522]
[4.07825388],[0.89836145],[2.58378494]
[4.03710195],[0.89089618],[2.52363432]
[11.10369869],[2.09488125],[15.87721501]
[8.8769735],[1.81961821],[10.73506427]
[7.87242681],[1.58608129],[8.20574802]
[6.72739028],[1.41624308],[6.00941734]
[5.26735682],[1.2506669],[4.08865225]
[4.00735993],[0.95546153],[3.31821689]
[2.60386497],[0.97474076],[2.38423927]
[3.21991448],[1.09102583],[2.56321141]
[3.87109201],[1.19824308],[2.83558972]
[4.0432242],[1.27597093],[3.12515865]
[4.19256896],[1.26141267],[3.36072009]
[4.26960618],[1.23468688],[3.3443556]
[4.4553986],[1.20605154],[3.519978]
[4.62298622],[1.18528807],[3.54625632]
[4.62369439],[1.18080677],[3.61182715]
[4.64300542],[1.19056281],[3.60251038]
[4.58001872],[1.17863629],[3.65024952]
[4.60639037],[1.18346038],[3.67450095]
[4.5611517],[1.18109527],[3.74081626]
[4.59744219],[1.17625391],[3.76422952]
[4.55842946],[1.17223216],[3.81339976]
[4.56318806],[1.1810043],[3.80882105]
[4.5618561],[1.16327055],[3.85317745]
[4.49164766],[1.17693935],[3.7827908]
[4.53777134],[1.14765249],[3.81547294]
[4.4491114],[1.15575264],[3.72058903]
[4.49913615],[1.13356135],[3.72810415]
[4.40524493],[1.13872745],[3.63536215]
[4.45956884],[1.12087843],[3.63756277]
[4.35018391],[1.11991199],[3.54652905]
[4.40526776],[1.10677062],[3.53747923]
[4.30965982],[1.10677469],[3.47162404]
[4.29630124],[1.09587338],[3.44092888]
[4.31854669],[1.10134102],[3.4316774]
[4.26604162],[1.09152508],[3.40554279]
[4.30072615],[1.09131112],[3.38475545]
[4.24462193],[1.09405419],[3.36075277]
[4.29714853],[1.09162354],[3.34191826]
[4.23782356],[1.09971201],[3.31364666]
[4.23808807],[1.09188064],[3.29392427]
[4.25614365],[1.07806547],[3.27377992]
[4.27783695],[1.06821013],[3.25683725]
[4.31048345],[1.05072344],[3.22013593]
[4.33469334],[1.02786086],[3.16777782]
[4.39763874],[1.00789992],[3.1375986]
[4.45522176],[0.98790715],[3.11232032]
[4.49186574],[0.97446087],[3.10419538]
[4.44616865],[0.96444865],[3.05356642]
[4.3932621],[0.95732168],[2.99106227]
[4.33399797],[0.94753771],[2.91835882]
[4.26496724],[0.93726471],[2.84778301]
[4.20698866],[0.92861776],[2.78539954]
[4.16574767],[0.91843512],[2.72342114]
[4.11977214],[0.91084015],[2.65920869]
[4.07721951],[0.90420712],[2.59531608]
[11.17925181],[2.12478683],[16.30980389]
[8.85908683],[1.87090075],[10.99109119]
[7.8849067],[1.65351712],[8.35030476]
[6.71267618],[1.45518513],[6.07035328]
[5.26136792],[1.27089699],[4.09676985]
[4.00129331],[0.96118441],[3.29406487]
[2.59545475],[0.99514675],[2.40089948]
[3.23731029],[1.10840846],[2.53889812]
[3.92242186],[1.2211466],[2.91660196]
[4.08851313],[1.29117621],[3.16118201]
[4.2334847],[1.26143186],[3.39840686]
[4.32181316],[1.23861446],[3.4288773]
[4.5000367],[1.21245729],[3.60527931]
[4.68043167],[1.1964859],[3.64685802]
[4.67803737],[1.19492888],[3.72117477]
[4.70425664],[1.20039225],[3.7243549]
[4.6425259],[1.19290724],[3.78669239]
[4.67458094],[1.19755494],[3.83216244]
[4.62496577],[1.19540911],[3.90127502]
[4.66111917],[1.19770036],[3.93035082]
[4.61694717],[1.18211841],[3.97989771]
[4.62542686],[1.20177789],[3.98815077]
[4.61715141],[1.18455004],[4.03772929]
[4.55899136],[1.19876083],[3.9733792]
[4.59636025],[1.17076703],[4.00888403]
[4.53999034],[1.17925259],[3.92778456]
[4.56225671],[1.15719107],[3.933848]
[4.51360885],[1.16747323],[3.83025133]
[4.52496202],[1.14450353],[3.82707696]
[4.44789994],[1.15247182],[3.73046948]
[4.47011746],[1.13347388],[3.71666696]
[4.37720768],[1.1352432],[3.63619633]
[4.35528921],[1.12228937],[3.58991675]
[4.40183484],[1.11954714],[3.57984882]
[4.31489929],[1.10867892],[3.53910717]
[4.39320692],[1.10464807],[3.52834918]
[4.29033219],[1.1052634],[3.48672273]
[4.38272662],[1.10261611],[3.4814138]
[4.30138949],[1.11003182],[3.4383201]
[4.31353382],[1.10480882],[3.42262147]
[4.32754315],[1.09343109],[3.39803393]
[4.34094545],[1.08338317],[3.37189328]
[4.3696517],[1.06077167],[3.32142904]
[4.38850232],[1.03775363],[3.26446031]
[4.44485152],[1.01774074],[3.23228079]
[4.49763157],[0.9986407],[3.20661076]
[4.53163893],[0.98703774],[3.18811396]
[4.49788467],[0.97845912],[3.13453403]
[4.44900085],[0.9704756],[3.07364682]
[4.39330638],[0.96019012],[3.00032209]
[4.32636693],[0.95003114],[2.92655467]
[4.2538985],[0.94027512],[2.85399054]
[4.20074087],[0.92982274],[2.79046183]
[4.15581725],[0.92092278],[2.73204343]
[4.11351404],[0.91343261],[2.6640657]
[11.27468234],[2.14767813],[16.55976302]
[8.85090157],[1.89228351],[11.07964067]
[7.85065408],[1.67816709],[8.35704406]
[6.61749987],[1.47052407],[6.00452236]
[5.14101576],[1.27380828],[3.87727584]
[3.89715732],[0.94807897],[2.94878138]
[2.51376924],[0.97990001],[2.16692152]
[3.27373716],[1.0913143],[2.25543886]
[3.97778622],[1.12714873],[2.65934942]
[4.13513595],[1.14931417],[2.87259143]
[4.27851164],[1.15898174],[3.16125544]
[4.37915673],[1.1564732],[3.30804127]
[4.54891881],[1.14987324],[3.51453351]
[4.73874261],[1.14399759],[3.58460395]
[4.7305731],[1.14569061],[3.67389435]
[4.7648517],[1.14555738],[3.69674932]
[4.70247713],[1.13842416],[3.78059223]
[4.73100103],[1.1560089],[3.83187915]
[4.67818172],[1.14354745],[3.91625632]
[4.71375112],[1.1659615],[3.95608617]
[4.6688101],[1.15395014],[4.01299011]
[4.6986166],[1.18595604],[4.04135392]
[4.66679867],[1.19999591],[4.09291929]
[4.70635798],[1.20404449],[4.07951492]
[4.67319483],[1.18280077],[4.11076595]
[4.73284126],[1.17417225],[4.07871838]
[4.67587816],[1.15362646],[4.05907912]
[4.72751998],[1.15182799],[3.99596081]
[4.6318577],[1.12956638],[3.94497284]
[4.64739399],[1.13591868],[3.86482655]
[4.5554637],[1.11583713],[3.81629873]
[4.57059286],[1.12266318],[3.75698444]
[4.47299596],[1.11586931],[3.68478363]
[4.57294336],[1.1097017],[3.6960679]
[4.41949059],[1.10073339],[3.61821643]
[4.52259724],[1.09500884],[3.62463935]
[4.38064305],[1.08970127],[3.5483585]
[4.48167094],[1.08462232],[3.55396777]
[4.37059764],[1.08048504],[3.48826157]
[4.37600416],[1.0780893],[3.46908894]
[4.38741354],[1.07228221],[3.44187185]
[4.39821488],[1.0628152],[3.40848836]
[4.42362708],[1.04229094],[3.35574291]
[4.43865451],[1.02209405],[3.30117036]
[4.49050888],[1.00687964],[3.27494215]
[4.53811742],[0.99475645],[3.25716416]
[4.56883466],[0.98691467],[3.24428914]
[4.55008294],[0.98238226],[3.199352]
[4.50803338],[0.97547921],[3.13544673]
[4.46090012],[0.96569289],[3.07115645]
[4.40368604],[0.95586331],[3.004456]
[4.33924984],[0.94640873],[2.93563732]
[4.26062615],[0.93634454],[2.8626145]
[4.20721945],[0.92803445],[2.80205231]
[4.15989272],[0.92114168],[2.73714434]
[11.58161564],[2.16181151],[16.90397157]
[8.92015274],[1.90965265],[11.22011841]
[7.89875598],[1.70067745],[8.42435675]
[6.60850515],[1.48311796],[6.01201245]
[5.13106397],[1.27497368],[3.90369449]
[3.87682483],[0.93644137],[2.99039452]
[2.49046263],[1.03426383],[2.33631925]
[3.34628634],[1.14694832],[2.48807734]
[4.03343714],[1.20990252],[2.94143523]
[4.19925666],[1.20737443],[3.10237739]
[4.3496104],[1.21425526],[3.36988041]
[4.44682346],[1.20935585],[3.50846729]
[4.60951813],[1.20073459],[3.6995296]
[4.8219405],[1.19169231],[3.78742681]
[4.81550922],[1.19305421],[3.89241551]
[4.87869782],[1.19069434],[3.9465832]
[4.78988672],[1.18214014],[4.01695834]
[4.84907945],[1.1951566],[4.09216061]
[4.7585708],[1.18049536],[4.18131943]
[4.84940144],[1.21427586],[4.23778366]
[4.75181937],[1.2264731],[4.28924174]
[4.94146875],[1.25629963],[4.38231334]
[4.81132762],[1.261965],[4.39295977]
[4.92648555],[1.26948909],[4.41978562]
[4.90378391],[1.24926807],[4.43596801]
[4.93627594],[1.24392406],[4.42147387]
[4.91787791],[1.21988153],[4.39146349]
[4.9364907],[1.21561046],[4.33681001]
[4.88947681],[1.19214977],[4.27339485]
[4.84549564],[1.18887908],[4.18078947]
[4.79735319],[1.16555526],[4.12653459]
[4.76015868],[1.1630041],[4.06198854]
[4.71930091],[1.14773189],[3.9823827]
[4.75240154],[1.15095181],[3.98853415]
[4.65160277],[1.13873695],[3.90211083]
[4.69217046],[1.13243791],[3.89255642]
[4.59568591],[1.1269721],[3.80936671]
[4.64032649],[1.12233828],[3.80373923]
[4.56240106],[1.11721407],[3.73005563]
[4.53895788],[1.11203536],[3.70220808]
[4.53552579],[1.09980724],[3.66707799]
[4.53845422],[1.08696145],[3.62185941]
[4.55433504],[1.06270371],[3.55154892]
[4.56278023],[1.04237807],[3.48704528]
[4.57721871],[1.02583105],[3.43758671]
[4.61512084],[1.013281],[3.41732317]
[4.63709319],[1.00568237],[3.39930451]
[4.60028651],[1.0010094],[3.33693995]
[4.56145011],[0.99271334],[3.26639698]
[4.51516058],[0.98467518],[3.18666696]
[4.45881746],[0.97596699],[3.10594752]
[4.38992374],[0.96648261],[3.03312116]
[4.30999816],[0.9575366],[2.959293]
[4.23780543],[0.95105919],[2.89511222]
[4.19343337],[0.94366789],[2.83050128]
[11.71697677],[2.17778461],[17.23925102]
[8.96013143],[1.92927285],[11.41068749]
[7.88624828],[1.72634713],[8.53079525]
[6.51277943],[1.49772253],[6.0321056]
[5.00662229],[1.29792878],[3.93277217]
[3.72563172],[0.94928792],[3.01164816]
[2.32969825],[1.06894825],[2.40310431]
[3.3711344],[1.18495187],[2.58828079]
[4.10839247],[1.25755628],[3.12653881]
[4.26355952],[1.24332916],[3.27049034]
[4.41016603],[1.24765051],[3.53051287]
[4.51064818],[1.24152202],[3.66262984]
[4.66567084],[1.23121159],[3.84450345]
[4.88056837],[1.21972745],[3.96557365]
[4.87284852],[1.22095317],[4.08681846]
[4.95125379],[1.21736097],[4.16614413]
[4.84207707],[1.21097593],[4.24077092]
[4.9265432],[1.25648977],[4.36882984]
[4.80817598],[1.26495802],[4.45113007]
[5.00505077],[1.29533414],[4.55937527]
[4.89901037],[1.30072059],[4.60272575]
[5.08468552],[1.32875591],[4.7231958]
[5.01039657],[1.33184755],[4.73110468]
[5.07598963],[1.33807886],[4.75398192]
[5.07941947],[1.31883864],[4.77301936]
[5.08080609],[1.31327356],[4.77090149]
[5.08580054],[1.29331887],[4.76193911]
[5.07411913],[1.28931568],[4.69065677]
[5.06540161],[1.26737826],[4.621199]
[4.9965675],[1.26791423],[4.52534337]
[4.98450958],[1.24582798],[4.47288357]
[4.8873853],[1.25189167],[4.38588471]
[4.87056431],[1.2374951],[4.31671693]
[4.87102385],[1.2383256],[4.32861808]
[4.79468049],[1.22178507],[4.24851925]
[4.81151759],[1.21384342],[4.24591177]
[4.74167694],[1.2068069],[4.17423261]
[4.76224628],[1.19294688],[4.16632128]
[4.71435119],[1.17265749],[4.09121123]
[4.68435754],[1.16208257],[4.04976617]
[4.67876089],[1.14369209],[3.9988754]
[4.67499325],[1.12647053],[3.91790566]
[4.68411347],[1.08947645],[3.8172747]
[4.68697504],[1.06143007],[3.72086684]
[4.69037308],[1.04380729],[3.64602977]
[4.69221965],[1.03156297],[3.58819988]
[4.6967007],[1.02542913],[3.55059581]
[4.66947867],[1.01963277],[3.49061943]
[4.6296325],[1.00900624],[3.415649]
[4.58894105],[0.99964073],[3.33610516]
[4.53817568],[0.99170701],[3.25514614]
[4.47972677],[0.98327135],[3.16553483]
[4.40795058],[0.97430317],[3.07678716]
[4.32174511],[0.96737703],[3.00109788]
[4.2490404],[0.96043471],[2.93008601]
[11.88277488],[2.2036986],[17.80740985]
[9.14895049],[1.98309543],[11.83682522]
[7.87138006],[1.80364722],[8.73471856]
[6.45489677],[1.54158376],[6.09582442]
[4.94106005],[1.32265576],[3.93578983]
[3.64236793],[0.95284574],[2.97906987]
[2.21852601],[1.09003869],[2.42296229]
[3.38496173],[1.20731997],[2.61131872]
[4.17325762],[1.2662698],[3.232076]
[4.33093385],[1.26034336],[3.39935403]
[4.46751495],[1.26510476],[3.64614203]
[4.56854711],[1.25892099],[3.77162587]
[4.72833756],[1.24729006],[3.9802997]
[4.95268152],[1.23638872],[4.12794325]
[4.94264025],[1.23379659],[4.24616442]
[5.03191421],[1.23455175],[4.36289661]
[4.91645839],[1.25104465],[4.46647869]
[5.01425519],[1.31580852],[4.60633804]
[4.91509918],[1.3212237],[4.68774822]
[5.1442531],[1.34946599],[4.85293057]
[5.09312873],[1.35276664],[4.89572379]
[5.21805303],[1.37863841],[5.01540436]
[5.17391184],[1.38301306],[5.02814839]
[5.2060897],[1.39519752],[5.08282395]
[5.22569163],[1.37754672],[5.1376096]
[5.20756451],[1.37595111],[5.15124584]
[5.22707704],[1.35969538],[5.16834628]
[5.19867506],[1.35922678],[5.13037832]
[5.21646224],[1.33993331],[5.0667636]
[5.13900938],[1.34275012],[4.9769908]
[5.15937955],[1.32253451],[4.9186612]
[5.02290788],[1.32757197],[4.79810546]
[5.04537474],[1.31327707],[4.75267776]
[5.00816755],[1.31356058],[4.71674462]
[4.95529647],[1.29826832],[4.64896955]
[4.9423171],[1.29128164],[4.61113905]
[4.88907084],[1.28448524],[4.54959749]
[4.88262511],[1.27879358],[4.51581878]
[4.85225],[1.2724785],[4.45161099]
[4.81775844],[1.26107736],[4.40865884]
[4.80330052],[1.22135124],[4.34128746]
[4.79412687],[1.21013001],[4.22879595]
[4.79493919],[1.17517591],[4.10830966]
[4.79369785],[1.14048704],[3.98782016]
[4.79362599],[1.10625764],[3.88091029]
[4.79233786],[1.06891119],[3.79740309]
[4.77825203],[1.04264052],[3.73329228]
[4.74282704],[1.03627434],[3.64864751]
[4.70326164],[1.02496772],[3.56466172]
[4.66567729],[1.01388298],[3.48112824]
[4.6197619],[1.00531881],[3.39974176]
[4.5675556],[0.99778845],[3.3107776]
[4.50377592],[0.98940135],[3.20948456]
[4.42648451],[0.98187034],[3.1156053]
[4.3322891],[0.97489046],[3.02856803]
[12.00833233],[2.23260946],[18.17107267]
[9.34012012],[2.01552935],[12.14381595]
[7.85049101],[1.83869893],[8.82377237]
[6.35131442],[1.57483331],[6.06448896]
[4.80579079],[1.33075043],[3.77290903]
[3.49385056],[0.9413342],[2.61756957]
[2.06407684],[1.07634706],[2.22900591]
[3.42285212],[1.12206444],[2.19667862]
[4.24290465],[1.16581103],[3.06114921]
[4.39559537],[1.20767667],[3.33221399]
[4.5222968],[1.21910217],[3.58820244]
[4.63462225],[1.21708531],[3.72981859]
[4.79199547],[1.20885852],[3.97467533]
[5.02091921],[1.19574429],[4.14954987]
[5.01927202],[1.19773062],[4.28546445]
[5.10415083],[1.22660689],[4.45156562]
[5.00373978],[1.27400319],[4.57349155]
[5.14411141],[1.32475326],[4.74040238]
[5.09540473],[1.33886664],[4.85390191]
[5.25743081],[1.36515454],[5.02080697]
[5.23713906],[1.38086556],[5.10384865]
[5.32531828],[1.40780972],[5.25840035]
[5.31074911],[1.41683412],[5.33813467]
[5.32900942],[1.42841936],[5.42446113]
[5.35865715],[1.41540735],[5.49357971]
[5.33521177],[1.41471274],[5.54517237]
[5.36678128],[1.41207589],[5.57624187]
[5.33808851],[1.40617111],[5.55835624]
[5.39654765],[1.39636962],[5.51464418]
[5.30526387],[1.38711481],[5.41653746]
[5.34159125],[1.37665074],[5.3584843]
[5.17852875],[1.36789752],[5.21245995]
[5.23024335],[1.35821822],[5.17399023]
[5.13950538],[1.34930709],[5.09669605]
[5.10328719],[1.33933421],[5.02021968]
[5.0524303],[1.33073748],[4.9585494]
[5.01873473],[1.32249345],[4.9000055]
[4.98511319],[1.31655196],[4.84615258]
[4.96261672],[1.31014058],[4.76628298]
[4.92277516],[1.30455924],[4.71068046]
[4.90374245],[1.28568334],[4.636562]
[4.88969766],[1.27538501],[4.52064114]
[4.88783903],[1.24556721],[4.38110694]
[4.88363752],[1.2122433],[4.22167257]
[4.88072344],[1.17912915],[4.10572583]
[4.87619781],[1.14274993],[4.00591686]
[4.85970935],[1.10837299],[3.91345848]
[4.83165643],[1.07957735],[3.82459557]
[4.79228606],[1.05266967],[3.73092726]
[4.74341886],[1.02144635],[3.61983737]
[4.70000963],[1.01289206],[3.53504068]
[4.65180813],[1.00599987],[3.44009513]
[4.59494263],[0.99912574],[3.33896824]
[4.52533084],[0.99176418],[3.23721305]
[4.43890912],[0.98441232],[3.1341872]
[12.58566658],[2.25532467],[18.69683598]
[9.67606498],[2.04327361],[12.59913374]
[8.02695851],[1.8642312],[9.05860255]
[6.37291482],[1.6027359],[6.12248593]
[4.80149211],[1.34232443],[3.78343002]
[3.47740797],[0.93655013],[2.69353008]
[1.99115888],[1.12786015],[2.31531804]
[3.49482679],[1.15429661],[2.37935517]
[4.28972985],[1.21428858],[3.25532715]
[4.47297909],[1.24562262],[3.52765627]
[4.58843266],[1.250594],[3.75818739]
[4.70734162],[1.24697636],[3.93306328]
[4.86999982],[1.24270674],[4.20162611]
[5.13266459],[1.23104865],[4.43722549]
[5.1506751],[1.23378093],[4.63256266]
[5.23240347],[1.31504989],[4.83262333]
[5.17765887],[1.36554935],[4.99398089]
[5.32502557],[1.41947287],[5.22377155]
[5.32279039],[1.43472015],[5.36855977]
[5.41138806],[1.45938257],[5.53305952]
[5.43573051],[1.47457307],[5.69474335]
[5.46734039],[1.50065747],[5.84259088]
[5.48598352],[1.5097209],[5.96000178]
[5.49083488],[1.51991522],[6.03844718]
[5.57664631],[1.51111965],[6.14576635]
[5.53622477],[1.50964956],[6.16995504]
[5.62253531],[1.49140494],[6.23035131]
[5.57852098],[1.48684602],[6.21504744]
[5.68777851],[1.47510523],[6.20897352]
[5.57803583],[1.46682875],[6.06818589]
[5.63329615],[1.45386746],[6.01779431]
[5.43512832],[1.44863424],[5.83030412]
[5.51225477],[1.43609573],[5.79760007]
[5.37905486],[1.43296199],[5.68725463]
[5.3631371],[1.41889751],[5.59849032]
[5.22797566],[1.41107498],[5.49067004]
[5.24539649],[1.4035659],[5.43665847]
[5.14196054],[1.39631225],[5.35080744]
[5.15052447],[1.38960311],[5.27484904]
[5.07605859],[1.38105595],[5.18891427]
[5.05175064],[1.35940172],[5.09936852]
[5.02950032],[1.34741827],[4.97872744]
[5.01259489],[1.32091256],[4.83828268]
[5.0035767],[1.28911897],[4.66688707]
[4.99172436],[1.25772714],[4.47406622]
[4.95667408],[1.22405171],[4.30892811]
[4.93804996],[1.19323956],[4.20012641]
[4.90930858],[1.16497024],[4.07594802]
[4.87231542],[1.1372445],[3.95397949]
[4.83142694],[1.10392673],[3.82990564]
[4.77298537],[1.07141214],[3.70969269]
[4.7024277],[1.02703412],[3.58519053]
[4.64576722],[1.01968646],[3.46979995]
[4.57062207],[1.01268701],[3.36123524]
[4.48528065],[1.00652958],[3.24954303]
[13.3639175],[2.28075641],[19.35936278]
[10.2215836],[2.07026165],[13.10768985]
[8.19432952],[1.89783721],[9.36096957]
[6.29535221],[1.65017759],[6.21994622]
[4.6726731],[1.36772557],[3.78492168]
[3.33367024],[0.96932339],[2.69499121]
[2.18276773],[1.16329498],[2.34929372]
[3.53638414],[1.17777358],[2.44958838]
[4.36028025],[1.2368502],[3.38390983]
[4.53588709],[1.26141455],[3.66058023]
[4.64844682],[1.27855701],[3.90244919]
[4.80868465],[1.28183839],[4.153263]
[4.96172101],[1.28140293],[4.44232583]
[5.23559575],[1.28727191],[4.82230528]
[5.25653259],[1.35587093],[5.07751905]
[5.39158641],[1.43230918],[5.34421797]
[5.36675072],[1.47906246],[5.52496413]
[5.46770167],[1.52592705],[5.75171913]
[5.47559986],[1.53936237],[5.95684622]
[5.5338978],[1.56105161],[6.15665473]
[5.57892319],[1.57466593],[6.3663364]
[5.61482815],[1.60048],[6.53035803]
[5.69174242],[1.6117467],[6.6977238]
[5.70999521],[1.62420731],[6.8142629]
[5.82572029],[1.61576957],[6.96430135]
[5.80765497],[1.61041613],[7.00759961]
[5.88325336],[1.62599193],[7.08706789]
[5.8476216],[1.62871544],[7.06403569]
[5.91289639],[1.62090972],[7.06104883]
[5.84015204],[1.59821229],[6.89873083]
[5.87110301],[1.57119667],[6.8184651]
[5.71243115],[1.54759836],[6.60634325]
[5.75482027],[1.54397528],[6.55419891]
[5.66824197],[1.52058366],[6.43594296]
[5.62430016],[1.5080279],[6.32820628]
[5.51993289],[1.50039729],[6.18522525]
[5.48235235],[1.48928761],[6.08810579]
[5.40381118],[1.48130152],[5.98149931]
[5.39878636],[1.47339287],[5.89973377]
[5.32114474],[1.46711253],[5.7814994]
[5.28007674],[1.43302714],[5.65270577]
[5.25258948],[1.41969828],[5.51257621]
[5.2253584],[1.39547686],[5.36375251]
[5.21205009],[1.364937],[5.20423778]
[5.19329251],[1.33550773],[5.00954956]
[5.07549112],[1.30662177],[4.78390326]
[5.01908192],[1.27953784],[4.59260018]
[4.97968509],[1.25257069],[4.41568049]
[4.95111608],[1.22624435],[4.26052565]
[4.9176276],[1.19655663],[4.10556531]
[4.86939642],[1.16547374],[3.95883355]
[4.81698671],[1.11398249],[3.81815225]
[4.7508184],[1.04144008],[3.67131044]
[4.66778135],[1.02985366],[3.53461601]
[4.59028672],[1.02321424],[3.41354172]
[15.26224483],[2.31548173],[20.41734234]
[11.01999097],[2.11403341],[13.94563227]
[8.88332031],[1.96235795],[9.95753548]
[6.27841979],[1.74827881],[6.43295573]
[4.60773476],[1.39779871],[3.76951461]
[3.25163916],[0.98971002],[2.65142593]
[2.22187498],[1.18468579],[2.35035325]
[3.5620067],[1.17602438],[2.49295907]
[4.41730978],[1.24247623],[3.46995156]
[4.59874959],[1.26468329],[3.74900054]
[4.72367042],[1.29680422],[4.02873657]
[4.90798752],[1.30378298],[4.34173407]
[5.04004827],[1.30430628],[4.77663864]
[5.34118693],[1.38090528],[5.2037886]
[5.39810335],[1.4489153],[5.52620242]
[5.52832249],[1.52475619],[5.81101165]
[5.5205797],[1.57528461],[6.04984367]
[5.58897934],[1.62454698],[6.29993959]
[5.60570797],[1.63627262],[6.57393163]
[5.66264286],[1.6583039],[6.81879002]
[5.79721312],[1.66446682],[7.14652831]
[5.85982521],[1.69283648],[7.35453889]
[5.94393626],[1.72164257],[7.56747656]
[5.97253339],[1.7438152],[7.70795448]
[6.04802394],[1.78438117],[7.89234091]
[6.04501525],[1.79512142],[7.963964]
[6.08893325],[1.79816384],[8.04843791]
[6.07080501],[1.81030115],[8.03837007]
[6.1000007],[1.80758508],[8.03931822]
[6.06321223],[1.78823153],[7.87774223]
[6.06388791],[1.76414692],[7.74044616]
[5.9344253],[1.74268607],[7.50500746]
[5.95606466],[1.73538353],[7.40640918]
[5.88866006],[1.7058194],[7.25352046]
[5.8300835],[1.70258795],[7.13059331]
[5.75828705],[1.6617353],[6.9720859]
[5.66234957],[1.65526863],[6.82886625]
[5.60736858],[1.61459224],[6.70728879]
[5.58065962],[1.58765606],[6.60863872]
[5.53144276],[1.56424787],[6.4678236]
[5.48702933],[1.5398864],[6.31580579]
[5.46013034],[1.51500042],[6.15809302]
[5.43346672],[1.48584829],[5.99037389]
[5.41979144],[1.4426323],[5.82393941]
[5.40884521],[1.4137959],[5.60623701]
[5.34108896],[1.3853654],[5.31900586]
[5.2434717],[1.35935979],[5.09039928]
[5.11839177],[1.33257398],[4.8547125]
[5.03158323],[1.30600208],[4.63090713]
[4.98733526],[1.27786975],[4.41421386]
[4.94212711],[1.24669829],[4.22447534]
[4.90395776],[1.19875578],[4.06080007]
[4.85984932],[1.13062361],[3.89192516]
[4.78788963],[1.06023211],[3.74229608]
[4.69899366],[1.03827548],[3.58511891]
[18.60474916],[2.34822217],[21.78988871]
[11.86881858],[2.14063934],[14.42331559]
[9.49325924],[1.99410494],[10.20595291]
[6.21463495],[1.79034475],[6.45080966]
[4.45969345],[1.40637403],[3.58183004]
[3.09520291],[0.94915277],[2.13169006]
[2.29425874],[0.9195552],[1.8581149]
[3.58864838],[1.05846235],[2.30496437]
[4.43178684],[1.18594301],[3.37159788]
[4.63552249],[1.22663257],[3.67261622]
[4.77761129],[1.26542492],[4.00579732]
[4.95881082],[1.2964199],[4.35083722]
[5.07607306],[1.32802803],[4.87158484]
[5.41447982],[1.40432785],[5.33235164]
[5.47903515],[1.47737475],[5.68834239]
[5.59554654],[1.54750785],[6.01907318]
[5.59441867],[1.60066185],[6.31191358]
[5.65186019],[1.64378808],[6.61790929]
[5.67833316],[1.65879954],[6.9592517]
[5.76583444],[1.69620369],[7.28053453]
[5.95974176],[1.76201649],[7.69755755]
[6.01853099],[1.7935495],[7.95143008]
[6.08875501],[1.84246737],[8.20907348]
[6.13073725],[1.87194252],[8.37745566]
[6.18416114],[1.90329857],[8.55752824]
[6.19615164],[1.91728661],[8.65433827]
[6.21843523],[1.91765583],[8.74110993]
[6.23394931],[1.92293223],[8.773025]
[6.22911469],[1.91622401],[8.7691483]
[6.26712181],[1.89748011],[8.71435941]
[6.23481432],[1.87432555],[8.5383947]
[6.17071021],[1.85501277],[8.35176992]
[6.13087682],[1.84416717],[8.1928066]
[6.07780196],[1.81574717],[8.04251095]
[5.98845345],[1.80727432],[7.86646812]
[5.94251378],[1.77767958],[7.68000762]
[5.82289892],[1.77375889],[7.5166462]
[5.7499537],[1.74994256],[7.34835928]
[5.699645],[1.73397287],[7.23477589]
[5.66904502],[1.71975863],[7.09450776]
[5.62525901],[1.70393273],[6.94049819]
[5.60063526],[1.68628795],[6.78307584]
[5.57785112],[1.65905242],[6.60926351]
[5.56444699],[1.61099097],[6.42866127]
[5.55718559],[1.53405248],[6.21418099]
[5.51839943],[1.45625632],[5.89839516]
[5.46055789],[1.42323781],[5.61164443]
[5.38146589],[1.39957039],[5.34798524]
[5.27900405],[1.37564013],[5.09439173]
[5.14333753],[1.34965299],[4.81699997]
[5.02657402],[1.3192211],[4.56498813]
[4.98021595],[1.2717962],[4.33777109]
[4.94746672],[1.20623254],[4.1254753]
[4.89098486],[1.13998633],[3.94334249]
[4.83016088],[1.06702862],[3.79158827]
[21.09264249],[2.36971315],[23.04137383]
[13.33851662],[2.15114487],[14.98640207]
[10.50016891],[2.00263893],[10.5544748]
[6.26562359],[1.80235703],[6.45836545]
[4.43675202],[1.39659037],[3.53556918]
[3.09138656],[0.98393407],[2.19093965]
[2.40874706],[0.98220015],[1.98687337]
[3.63192089],[1.1236237],[2.4966478]
[4.44174431],[1.21711423],[3.4853267]
[4.67504523],[1.2510733],[3.78649209]
[4.83299931],[1.32316982],[4.1652334]
[4.99003478],[1.37112614],[4.61507829]
[5.10601836],[1.39886941],[5.13345609]
[5.48997279],[1.47260439],[5.64680337]
[5.55849804],[1.54265506],[6.06555032]
[5.65711588],[1.60871983],[6.40714478]
[5.66408428],[1.65637451],[6.75953356]
[5.71175455],[1.69840821],[7.11428253]
[5.78372626],[1.74170868],[7.5034206]
[5.92215112],[1.81421464],[7.89538279]
[6.08365251],[1.86637639],[8.30828923]
[6.15060621],[1.90113471],[8.60283389]
[6.20505866],[1.93823531],[8.87115714]
[6.25329102],[1.97127904],[9.04874015]
[6.28897572],[1.99886337],[9.2268396]
[6.34090014],[2.01056291],[9.36543715]
[6.33074367],[2.00923407],[9.42531564]
[6.40217367],[2.00927629],[9.48257399]
[6.37651411],[2.00313134],[9.46331446]
[6.4926345],[1.98357445],[9.45796936]
[6.41657525],[1.95885295],[9.27585145]
[6.44305281],[1.94010102],[9.11644025]
[6.32112066],[1.92867718],[8.93685892]
[6.2908285],[1.90324587],[8.79419475]
[6.16507926],[1.89321797],[8.59528663]
[6.11976485],[1.8663701],[8.41094836]
[5.98339248],[1.85852832],[8.21904908]
[5.92190389],[1.83453189],[8.02883566]
[5.81311066],[1.81793929],[7.84716802]
[5.80135358],[1.80582253],[7.67291432]
[5.73472386],[1.79036148],[7.4752086]
[5.70962739],[1.77512562],[7.31205788]
[5.68414499],[1.75645839],[7.14036834]
[5.66595378],[1.73154531],[6.97002836]
[5.66035278],[1.68037685],[6.75214823]
[5.63103935],[1.60807693],[6.42623636]
[5.55676705],[1.53788154],[6.10253362]
[5.49067545],[1.46764651],[5.79895851]
[5.41282528],[1.43264958],[5.52441632]
[5.31743625],[1.40681517],[5.2241278]
[5.18920705],[1.37792436],[4.93312572]
[5.03344053],[1.33012853],[4.63490623]
[4.97293198],[1.26865518],[4.38583768]
[4.92748721],[1.20565606],[4.1447182]
[4.87955368],[1.1373387],[3.95198335]
[22.04530553],[2.38333741],[24.22671005]
[14.85264715],[2.16320024],[15.44794955]
[11.15079214],[2.02014522],[10.83589757]
[6.18243317],[1.82523022],[6.47202941]
[4.30960745],[1.41356506],[3.5017427]
[2.94113892],[1.00253965],[2.15350667]
[2.49849812],[1.01666866],[2.00904345]
[3.65898218],[1.14572005],[2.56203599]
[4.45561274],[1.23005794],[3.54482624]
[4.71440679],[1.27041666],[3.86435072]
[4.87763445],[1.38971294],[4.31104542]
[5.03273353],[1.43737266],[4.8542593]
[5.1389162],[1.46598629],[5.38072535]
[5.54229814],[1.53800451],[5.93347379]
[5.6120244],[1.607811],[6.42240579]
[5.70044546],[1.66771924],[6.82742678]
[5.71169133],[1.71178174],[7.25292388]
[5.76522926],[1.76956442],[7.64687976]
[5.87078632],[1.8552609],[8.09608619]
[6.0364836],[1.92388324],[8.4973247]
[6.16595413],[1.96547763],[8.93212482]
[6.23333336],[2.00021884],[9.24934077]
[6.28016729],[2.03255119],[9.52922998]
[6.33515624],[2.06075906],[9.73965934]
[6.35355561],[2.08258284],[9.9082025]
[6.45203819],[2.09060463],[10.07036516]
[6.43208833],[2.08699067],[10.1322317]
[6.57954208],[2.08482666],[10.21076738]
[6.48636583],[2.07756248],[10.18144088]
[6.70418741],[2.05840217],[10.23153013]
[6.67212146],[2.03468967],[10.05791687]
[6.70471577],[2.01359166],[9.90578752]
[6.6102259],[2.0041686],[9.71117257]
[6.5999621],[1.9808129],[9.58137645]
[6.41076653],[1.96997392],[9.3553917]
[6.39478463],[1.94549821],[9.18084261]
[6.15606603],[1.93578629],[8.96182984]
[6.09230431],[1.91234165],[8.77053809]
[5.93922076],[1.89461935],[8.55576889]
[5.92532741],[1.87792612],[8.3442833]
[5.85004374],[1.85853891],[8.10823132]
[5.82118993],[1.84286941],[7.90953182]
[5.79486708],[1.82479805],[7.70595534]
[5.77598605],[1.80354055],[7.51565579]
[5.77101942],[1.75252941],[7.30996433]
[5.74909746],[1.70563418],[6.96547489]
[5.67704503],[1.6625713],[6.60709491]
[5.58761686],[1.59477169],[6.27870604]
[5.52002268],[1.52318847],[5.98099417]
[5.44146175],[1.45723469],[5.67168503]
[5.33793882],[1.42974436],[5.35645801]
[5.21696373],[1.38211648],[5.03032142]
[5.04905658],[1.32243405],[4.69430934]
[4.97151738],[1.26247983],[4.41934825]
[4.93249771],[1.19748707],[4.13629446]
[23.04933457],[2.40493121],[26.069319]
[15.49516477],[2.1859254],[16.3677738]
[11.91886041],[2.06233839],[11.37339655]
[6.21148689],[1.88844427],[6.59371191]
[4.25672804],[1.43670954],[3.46641083]
[2.87776811],[0.92467471],[2.07901996]
[2.47713272],[1.00772715],[1.97155222]
[3.67686158],[1.14537568],[2.58885149]
[4.43738929],[1.23400108],[3.55396818]
[4.76465131],[1.28025821],[3.92502356]
[4.91425621],[1.43880136],[4.43327171]
[5.06596615],[1.49116173],[5.03883052]
[5.16313151],[1.51989396],[5.58944401]
[5.58975086],[1.59273764],[6.17453823]
[5.66349015],[1.65704068],[6.75811491]
[5.74298549],[1.71314754],[7.25530524]
[5.75660461],[1.79016565],[7.74770312]
[5.83167875],[1.88274862],[8.20236149]
[5.98715449],[1.95885143],[8.66289164]
[6.13684968],[2.01592436],[9.07729176]
[6.24039714],[2.06608889],[9.54338282]
[6.30996774],[2.09456208],[9.86372614]
[6.34667198],[2.11997818],[10.1981001]
[6.44170518],[2.14300041],[10.39052553]
[6.44839783],[2.16482744],[10.60720631]
[6.60912279],[2.16817215],[10.77182586]
[6.53312459],[2.16526425],[10.84468732]
[6.7681082],[2.16096554],[10.98816708]
[6.70813618],[2.15319148],[10.94210422]
[6.84842463],[2.13449251],[11.07129059]
[6.85039668],[2.11060811],[10.94220107]
[6.86816317],[2.08929427],[10.79211226]
[6.8323324],[2.07295727],[10.57030697]
[6.78601087],[2.05212819],[10.39652129]
[6.65960454],[2.0437696],[10.1587757]
[6.61675313],[2.02350728],[9.97468581]
[6.41820371],[2.01449557],[9.74416851]
[6.37699464],[1.99393838],[9.57563544]
[6.14666068],[1.97737776],[9.32731596]
[6.12120035],[1.95896616],[9.09854525]
[5.96892979],[1.94042914],[8.82737691]
[5.93892166],[1.9229054],[8.60670131]
[5.91401337],[1.90262217],[8.36834006]
[5.88811694],[1.88370047],[8.1339688]
[5.8760791],[1.83723055],[7.91042364]
[5.85786055],[1.78733964],[7.58343935]
[5.79584545],[1.75044398],[7.17696098]
[5.71615986],[1.71457301],[6.79180922]
[5.61903128],[1.67583203],[6.45859962]
[5.53870094],[1.59656589],[6.11479012]
[5.45757496],[1.51844534],[5.79868678]
[5.3675677],[1.43433183],[5.46132017]
[5.24342452],[1.37634412],[5.07708436]
[5.09269121],[1.31768154],[4.72313448]
[4.97391437],[1.25437987],[4.37165848]
[23.83449127],[2.43335605],[27.66741628]
[15.93119626],[2.20046108],[17.05758742]
[13.28475725],[2.0834316],[11.65149809]
[6.10435515],[1.89599904],[6.49741074]
[4.1595394],[1.42916863],[3.27906367]
[2.7613669],[0.84894574],[1.86570878]
[2.56739593],[0.89554543],[1.80961639]
[3.70464134],[1.0738001],[2.5044136]
[4.46346017],[1.19098409],[3.48992168]
[4.82027423],[1.28205601],[3.89622901]
[4.95502429],[1.45700342],[4.4901176]
[5.10714076],[1.51235146],[5.14235314]
[5.20340567],[1.54080934],[5.69946534]
[5.6378264],[1.6096433],[6.32772436]
[5.71264626],[1.67246939],[6.99450869]
[5.78435541],[1.7724599],[7.57014502]
[5.82800051],[1.87367038],[8.11920669]
[5.91565889],[1.96030248],[8.60360748]
[6.0881292],[2.03232993],[9.1426433]
[6.2260138],[2.08289184],[9.54326231]
[6.3091179],[2.14276051],[10.09876736]
[6.39564054],[2.18071301],[10.37395048]
[6.41145545],[2.20871554],[10.79426074]
[6.54660993],[2.23379248],[10.95101144]
[6.54000095],[2.25910633],[11.17169249]
[6.78465713],[2.25557826],[11.36336767]
[6.7492165],[2.24347862],[11.41400268]
[6.90851498],[2.23205685],[11.59243363]
[6.88890731],[2.2165385],[11.57770262]
[6.97848356],[2.18683921],[11.69591338]
[7.02879766],[2.1623366],[11.66439231]
[7.04494799],[2.14069342],[11.5154635]
[7.05393295],[2.12240433],[11.3280604]
[6.97654384],[2.09909691],[11.1236624]
[6.89359428],[2.08529029],[10.89986918]
[6.79890836],[2.06555707],[10.68863972]
[6.64908835],[2.05950715],[10.45113749]
[6.5618898],[2.04150687],[10.24425913]
[6.3944513],[2.02776053],[9.97868188]
[6.30599401],[2.01335073],[9.72403219]
[6.17820103],[1.99603139],[9.43508661]
[6.12109956],[1.97936674],[9.20292463]
[6.08275417],[1.96073911],[8.95898994]
[6.04409356],[1.94355895],[8.71361706]
[6.03558338],[1.89875973],[8.46289532]
[6.01284826],[1.8472183],[8.116829]
[5.93702067],[1.80647936],[7.70274029]
[5.83416207],[1.77088289],[7.24406874]
[5.74095392],[1.73557975],[6.87437048]
[5.64234041],[1.69374636],[6.51084574]
[5.54425374],[1.64664592],[6.17531625]
[5.47263192],[1.55996489],[5.83016792]
[5.37760968],[1.45417637],[5.46380272]
[5.26067151],[1.36155679],[5.06592691]
[5.1274335],[1.30169906],[4.66965085]
[24.5713806],[2.4384196],[29.6803734]
[16.77970696],[2.21065263],[18.09420631]
[14.13976496],[2.08766266],[12.28931427]
[6.3256726],[1.89516369],[6.8133526]
[4.18107922],[1.41882407],[3.27230648]
[2.7785497],[0.84169076],[1.95456323]
[2.68426479],[0.94185319],[1.95194223]
[3.74473651],[1.11890774],[2.66328322]
[4.47915039],[1.21346155],[3.57828754]
[4.87544887],[1.34291925],[4.02336054]
[4.99290376],[1.52605203],[4.72109109]
[5.12208478],[1.58085229],[5.3782371]
[5.27879668],[1.60193057],[5.95645248]
[5.69022374],[1.66465265],[6.66581986]
[5.76345272],[1.75548246],[7.42092264]
[5.83362479],[1.86014759],[8.02626646]
[5.91131566],[1.9582579],[8.65836683]
[6.0599844],[2.03702537],[9.11927129]
[6.19011392],[2.10789864],[9.73018449]
[6.31779706],[2.16850514],[10.09657007]
[6.37537099],[2.24957274],[10.74448935]
[6.50928269],[2.2839148],[11.00163924]
[6.50844434],[2.31189948],[11.48998931]
[6.72479253],[2.33676114],[11.63464711]
[6.69937154],[2.36752345],[11.89346949]
[6.9293929],[2.43539581],[12.13846154]
[6.93211828],[2.42612233],[12.23727259]
[7.04311763],[2.3821537],[12.41638928]
[7.08573392],[2.35692591],[12.45165111]
[7.13912203],[2.3296327],[12.54196923]
[7.21684144],[2.27491919],[12.57381443]
[7.21834031],[2.21217397],[12.41100377]
[7.30642791],[2.18344132],[12.27313567]
[7.14594813],[2.16083988],[11.97548708]
[7.07613511],[2.14647712],[11.77668685]
[6.95666838],[2.12354285],[11.50691387]
[6.85488363],[2.11373533],[11.30539847]
[6.74524492],[2.09837837],[11.0728539]
[6.6329355],[2.08366116],[10.82895338]
[6.51433797],[2.06889092],[10.52372206]
[6.41234001],[2.05337121],[10.22906463]
[6.30950294],[2.03919292],[9.9399217]
[6.24285856],[2.02233262],[9.65229834]
[6.19555911],[2.00681592],[9.38887757]
[6.17958668],[1.96649808],[9.11167792]
[6.15545141],[1.91802181],[8.76711426]
[6.09759789],[1.87217969],[8.3391048]
[5.99617683],[1.83247749],[7.80049025]
[5.84888188],[1.79432284],[7.34014108]
[5.74355331],[1.75418085],[6.92916728]
[5.63014459],[1.71662553],[6.56980648]
[5.53987024],[1.67259499],[6.21402333]
[5.4636054],[1.57944559],[5.84214707]
[5.37298941],[1.43179088],[5.46836258]
[5.27942225],[1.34737532],[5.0517847]
[24.67050621],[2.44534339],[31.48771477]
[17.22943352],[2.21843829],[19.35952034]
[14.78555202],[2.09762419],[12.97716285]
[6.23057696],[1.90315447],[7.1245612]
[4.071468],[1.43035223],[3.25118158]
[2.66209237],[0.84537926],[1.94936803]
[2.78245725],[0.96786311],[2.00059816]
[3.78532517],[1.13467091],[2.73584824]
[4.50822929],[1.23082485],[3.64899817]
[4.93891413],[1.41040873],[4.16908877]
[5.04261991],[1.59120662],[4.9852873]
[5.17967874],[1.63618295],[5.6368162]
[5.37815423],[1.65905449],[6.23558643]
[5.73439502],[1.73438663],[7.01690113]
[5.80679609],[1.84450652],[7.89934749]
[5.89606427],[1.94197802],[8.51304052]
[6.02119941],[2.03465372],[9.23648688]
[6.16437381],[2.1063849],[9.66432312]
[6.27045541],[2.18950364],[10.36126997]
[6.38629601],[2.27072524],[10.71505647]
[6.44044862],[2.36565423],[11.43775873]
[6.60997437],[2.41463847],[11.79218259]
[6.59581123],[2.43433191],[12.29915563]
[6.87155217],[2.50025532],[12.41345271]
[6.87662137],[2.51454137],[12.78533808]
[7.03671417],[2.56676238],[12.95512747]
[7.11069816],[2.55652584],[13.0982873]
[7.19407505],[2.55147298],[13.29066669]
[7.27242468],[2.53478165],[13.36205602]
[7.30445066],[2.50454031],[13.42377594]
[7.44455201],[2.45405097],[13.51266479]
[7.4855628],[2.36303781],[13.41544277]
[7.54725272],[2.30137172],[13.29001374]
[7.44345739],[2.23917973],[12.98075653]
[7.36582203],[2.20292501],[12.77222515]
[7.20633486],[2.1832098],[12.45184194]
[7.1125601],[2.17298687],[12.2595005]
[6.93084617],[2.15826668],[11.95483071]
[6.85767265],[2.14130969],[11.7225921]
[6.71081298],[2.12316774],[11.38633411]
[6.62443116],[2.10462184],[11.08584318]
[6.51653832],[2.0900214],[10.76541467]
[6.43392001],[2.07452421],[10.44365712]
[6.36287485],[2.06018583],[10.13702407]
[6.33940405],[2.02643586],[9.85593931]
[6.3134064],[1.98156522],[9.51482197]
[6.26395859],[1.93853713],[9.10024578]
[6.15634874],[1.89593078],[8.45946074]
[6.00667292],[1.85713044],[7.95780385]
[5.84615183],[1.81541248],[7.46741505]
[5.72684289],[1.77648156],[7.0543823]
[5.62457085],[1.73058221],[6.66941552]
[5.53065685],[1.68030604],[6.29941747]
[5.44975279],[1.55623052],[5.92436208]
[5.37046449],[1.40048899],[5.54181521]
[24.82246268],[2.45514247],[33.79729101]
[21.78949952],[2.24001643],[21.24009983]
[15.72014327],[2.12460048],[14.20628062]
[6.3563404],[1.95042058],[7.8625827]
[4.01488909],[1.46365544],[3.28643434]
[2.59869584],[0.84713479],[1.93534408]
[2.76471617],[0.97039317],[1.99901434]
[3.8101191],[1.1364747],[2.76660165]
[4.51486204],[1.23587261],[3.68026737]
[4.99286233],[1.45101537],[4.27171727]
[5.09377995],[1.62466659],[5.16713251]
[5.24618352],[1.67440846],[5.8511797]
[5.46294376],[1.72960785],[6.54215053]
[5.77127777],[1.81807195],[7.38265841]
[5.85736726],[1.93946822],[8.37629527]
[5.95505601],[2.01759541],[8.99785753]
[6.12216403],[2.10382491],[9.78995687]
[6.25150973],[2.17829692],[10.27938509]
[6.33982106],[2.2781865],[10.98395621]
[6.45621555],[2.36434339],[11.38061351]
[6.52928928],[2.47095297],[12.1148438]
[6.77128976],[2.50505665],[12.53687519]
[6.74765976],[2.53688482],[13.02979757]
[6.98731167],[2.57601967],[13.21448325]
[7.01145466],[2.59484071],[13.6164587]
[7.16354957],[2.6453687],[13.73033122]
[7.28865541],[2.64664644],[13.97064571]
[7.3514824],[2.66482946],[14.14786633]
[7.49730327],[2.65864458],[14.30213368]
[7.55194952],[2.64708612],[14.43852809]
[7.6415501],[2.61319999],[14.50933818]
[7.65666015],[2.53675368],[14.53733815]
[7.70901273],[2.46873992],[14.40715204]
[7.69959132],[2.39139001],[14.11964432]
[7.58447727],[2.33397322],[13.80705233]
[7.48007908],[2.26825035],[13.47842278]
[7.36003811],[2.23302577],[13.25444521]
[7.23360448],[2.21269677],[12.95905693]
[7.14171037],[2.19637124],[12.70710174]
[6.9583418],[2.18082691],[12.34162905]
[6.86916927],[2.16516245],[12.03302415]
[6.72200847],[2.1506618],[11.69725877]
[6.63722395],[2.13416785],[11.37588814]
[6.55839504],[2.1146908],[11.06148569]
[6.50989542],[2.08793217],[10.74600588]
[6.47444801],[2.04871337],[10.3923171]
[6.43212503],[2.01289932],[10.00003307]
[6.32995752],[1.97415975],[9.29438631]
[6.14951811],[1.93139912],[8.63930457]
[6.00290887],[1.89146314],[8.08816837]
[5.8398151],[1.85182293],[7.57442041]
[5.72688341],[1.80508093],[7.14172196]
[5.61097233],[1.75469013],[6.72840369]
[5.51610232],[1.68347986],[6.36134819]
[5.45028008],[1.53802409],[5.97080399]
