meltWidth,meltDepth,meltArea
[0.],[0.],[0.]
[0.],[0.],[0.]
[0.],[0.],[0.]
[0.],[0.],[0.]
[0.],[0.],[0.]
[0.],[0.],[0.]
[0.],[0.],[0.]
[0.],[0.],[0.]
[0.],[0.],[0.]
[0.],[0.],[0.]
[0.],[0.],[0.]
[0.],[0.],[0.]
[0.],[0.],[0.]
[0.],[0.],[0.]
[0.],[0.],[0.]
[0.],[0.],[0.]
[0.],[0.],[0.]
[0.],[0.],[0.]
[0.],[0.],[0.]
[0.],[0.],[0.]
[0.],[0.],[0.]
[0.],[0.],[0.]
[0.],[0.],[0.]
[0.],[0.],[0.]
[0.],[0.],[0.]
[0.],[0.],[0.]
[0.],[0.],[0.]
[0.],[0.],[0.]
[0.],[0.],[0.]
[0.],[0.],[0.]
[0.],[0.],[0.]
[0.],[0.],[0.]
[0.],[0.],[0.]
[0.],[0.],[0.]
[0.],[0.],[0.]
[0.],[0.],[0.]
[0.],[0.],[0.]
[0.],[0.],[0.]
[0.],[0.],[0.]
[0.],[0.],[0.]
[0.],[0.],[0.]
[0.],[0.],[0.]
[0.],[0.],[0.]
[0.],[0.],[0.]
[0.],[0.],[0.]
[0.],[0.],[0.]
[0.],[0.],[0.]
[0.],[0.],[0.]
[0.],[0.],[0.]
[0.],[0.],[0.]
[0.],[0.],[0.]
[0.],[0.],[0.]
[0.],[0.],[0.]
[0.],[0.],[0.]
[0.],[0.],[0.]
[0.],[0.],[0.]
[0.],[0.],[0.]
[0.],[0.],[0.]
[0.],[0.],[0.]
[0.],[0.],[0.]
[0.],[0.],[0.]
[0.],[0.],[0.]
[0.],[0.],[0.]
[0.],[0.],[0.]
[0.],[0.],[0.]
[0.],[0.],[0.]
[0.],[0.],[0.]
[0.],[0.],[0.]
[0.],[0.],[0.]
[0.],[0.],[0.]
[0.],[0.],[0.]
[0.],[0.],[0.]
[0.],[0.],[0.]
[0.],[0.],[0.]
[0.],[0.],[0.]
[0.],[0.],[0.]
[0.],[0.],[0.]
[0.],[0.],[0.]
[0.],[0.],[0.]
[0.],[0.],[0.]
[0.],[0.],[0.]
[0.],[0.],[0.]
[0.],[0.],[0.]
[0.],[0.],[0.]
[0.],[0.],[0.]
[0.],[0.],[0.]
[0.],[0.],[0.]
[0.],[0.],[0.]
[0.],[0.],[0.]
[0.],[0.],[0.]
[0.],[0.],[0.]
[0.],[0.],[0.]
[0.],[0.],[0.]
[0.],[0.],[0.]
[0.],[0.],[0.]
[0.],[0.],[0.]
[0.],[0.],[0.]
[0.],[0.],[0.]
[0.],[0.],[0.]
[0.],[0.],[0.]
[0.],[0.],[0.]
[0.],[0.],[0.]
[0.],[0.],[0.]
[0.],[0.],[0.]
[0.],[0.],[0.]
[0.],[0.],[0.]
[0.],[0.],[0.]
[0.],[0.],[0.]
[0.],[0.],[0.]
[0.],[0.],[0.]
[0.084479],[0.06210839],[0.00248277]
[1.01112561],[0.23397434],[0.09988224]
[2.43124306],[0.23838716],[0.28419651]
[2.81028508],[0.17999628],[0.39061386]
[2.93447127],[0.27567058],[0.57310759]
[3.15588767],[0.32900063],[0.75439818]
[3.37708551],[0.39205801],[0.93915101]
[3.64492659],[0.43375671],[1.08923644]
[3.74495538],[0.45878859],[1.22336382]
[3.85016221],[0.46748222],[1.28349858]
[3.98697093],[0.47558967],[1.35175655]
[4.11371188],[0.48935185],[1.36523973]
[4.24668643],[0.50561807],[1.44041022]
[4.2760146],[0.51919183],[1.45906277]
[4.33152692],[0.53568758],[1.53240112]
[4.31413719],[0.54748298],[1.52971396]
[4.3403735],[0.55272795],[1.57948579]
[4.37279755],[0.55310983],[1.56557592]
[4.39079475],[0.5525389],[1.59507363]
[4.48946722],[0.5532854],[1.58124622]
[4.47579538],[0.55011034],[1.59006143]
[4.53062527],[0.55406404],[1.56817342]
[4.45061039],[0.54902199],[1.56790908]
[4.48723257],[0.55540275],[1.54537443]
[4.40574135],[0.54120013],[1.53623168]
[4.44740512],[0.5536087],[1.51369354]
[4.37181358],[0.53721024],[1.50910366]
[4.4102104],[0.54970771],[1.48999171]
[4.3421704],[0.53371385],[1.48840397]
[4.34685434],[0.54492828],[1.43711791]
[4.32090272],[0.53565125],[1.44290141]
[4.31758531],[0.54092414],[1.40696042]
[4.221975],[0.53404741],[1.37844484]
[4.18766071],[0.53314413],[1.35477281]
[4.08514854],[0.53297373],[1.33588263]
[4.06629038],[0.53303288],[1.31901588]
[3.98602987],[0.53184233],[1.29737811]
[3.93688759],[0.52384654],[1.27237472]
[3.90640727],[0.51546152],[1.25041235]
[3.88025946],[0.50754839],[1.22694452]
[3.84547593],[0.50269118],[1.19978679]
[3.78990307],[0.49339935],[1.16319847]
[3.74688793],[0.48349194],[1.12502589]
[3.67087448],[0.47564948],[1.07150321]
[3.51367087],[0.46969987],[1.00594371]
[3.30801707],[0.46546342],[0.92311136]
[3.08049707],[0.44443665],[0.83597232]
[2.84910135],[0.41548728],[0.72991633]
[2.62817416],[0.3865406],[0.62036468]
[2.41042421],[0.35670869],[0.50823111]
[2.21210007],[0.31281857],[0.39121326]
[1.93846382],[0.25532833],[0.28240872]
[1.56689098],[0.1874914],[0.18496025]
[3.23508427],[0.12815378],[0.21429897]
[3.33296768],[0.16469466],[0.30941892]
[2.4902223],[0.13752076],[0.20780968]
[1.4486537],[0.17231272],[0.11767718]
[2.93253529],[0.23031895],[0.39945403]
[3.53085167],[0.28121303],[0.65149381]
[3.43469499],[0.39367594],[0.91159352]
[3.53976613],[0.46513366],[1.17857292]
[3.72893358],[0.52997064],[1.43627863]
[3.94375523],[0.58252304],[1.65430887]
[4.1269138],[0.62238186],[1.87617905]
[4.34134124],[0.64816808],[2.02230847]
[4.51992628],[0.67080325],[2.19675516]
[4.63530052],[0.68301269],[2.30242524]
[4.68766251],[0.70884639],[2.43692263]
[4.71660063],[0.71893675],[2.47116123]
[4.64192295],[0.74227265],[2.56097403]
[4.66579353],[0.75459537],[2.59197168]
[4.63871911],[0.77248422],[2.67610703]
[4.68733718],[0.77290117],[2.6912534]
[4.66563274],[0.78054263],[2.79335381]
[4.75379933],[0.77460768],[2.81914003]
[4.70788052],[0.78141613],[2.93431344]
[4.77701053],[0.77665034],[2.97012201]
[4.67041941],[0.80783658],[3.08282367]
[4.71977795],[0.84028803],[3.08998863]
[4.60879047],[0.85790515],[3.19767821]
[4.66263994],[0.87407573],[3.17118358]
[4.5656059],[0.88790021],[3.26039254]
[4.62482021],[0.89919118],[3.2809966]
[4.53599372],[0.91242588],[3.36856808]
[4.56880003],[0.90078848],[3.37992441]
[4.51996893],[0.88306538],[3.43117002]
[4.53075889],[0.87954905],[3.4406701]
[4.44390906],[0.9015403],[3.38260457]
[4.44942566],[0.8932121],[3.37379174]
[4.35160969],[0.89879911],[3.28636778]
[4.32555414],[0.89732915],[3.16085198]
[4.22525276],[0.89686165],[2.78951201]
[4.15682149],[0.89553352],[2.72732073]
[4.09868383],[0.90108988],[2.67605874]
[4.04092257],[0.91006848],[2.65314424]
[3.97915255],[0.91904874],[2.62910062]
[3.90202501],[0.92732739],[2.60315077]
[3.83502635],[0.93415114],[2.58104746]
[3.72033426],[0.93927317],[2.53836509]
[3.53334165],[0.93619146],[2.46821432]
[3.3306572],[0.92996096],[2.37767555]
[3.15073218],[0.92391029],[2.28311357]
[2.96019743],[0.91686151],[2.15977962]
[2.77688836],[0.91064624],[2.0353036]
[2.60942446],[0.89868001],[1.88673155]
[2.43599517],[0.87457118],[1.69430623]
[2.24899336],[0.79910901],[1.44814548]
[1.88465948],[0.60297061],[1.1226149]
[5.91982706],[0.89369053],[5.65725651]
[4.09059519],[0.89153409],[3.560507]
[3.51032436],[0.81880609],[2.33974012]
[2.9127151],[0.40912477],[0.68446997]
[2.75963745],[0.19560847],[0.43841939]
[3.33521517],[0.31525918],[0.75856139]
[3.51898236],[0.47724926],[1.13533579]
[3.866807],[0.55044162],[1.45728562]
[3.99590408],[0.61997652],[1.76131455]
[4.20911652],[0.66750709],[2.04662075]
[4.37163691],[0.70452695],[2.26448087]
[4.53666705],[0.7366394],[2.42979177]
[4.70185058],[0.7653781],[2.62342857]
[4.80189366],[0.77618514],[2.73736556]
[4.82293246],[0.79775901],[2.85592499]
[4.8400517],[0.80613622],[2.87259586]
[4.76143131],[0.82317708],[2.95275497]
[4.79974777],[0.8325541],[2.98105767]
[4.75988215],[0.84575269],[3.08263146]
[4.82600969],[0.8447431],[3.10665642]
[4.78619972],[0.85128838],[3.22909696]
[4.8771706],[0.84505319],[3.27023342]
[4.80653311],[0.85064449],[3.40479246]
[4.86370664],[0.86757359],[3.46319923]
[4.72796715],[0.90940748],[3.55817835]
[4.77029087],[0.93590944],[3.54731554]
[4.65517416],[0.96747067],[3.64015261]
[4.69918152],[0.99175389],[3.63907509]
[4.60634167],[1.01245032],[3.74335823]
[4.65217437],[1.00819788],[3.7852312]
[4.56182734],[0.97886761],[3.8337869]
[4.59221548],[0.93862902],[3.80274628]
[4.54592757],[0.88403172],[3.78643303]
[4.54397453],[0.85759811],[3.73573659]
[4.46731757],[0.89041281],[3.67783595]
[4.45865843],[0.86425003],[3.51894656]
[4.37557971],[0.86814798],[3.34672081]
[4.36233657],[0.870862],[2.95731417]
[4.27388059],[0.87202759],[2.87637947]
[4.1762313],[0.86864231],[2.78688703]
[4.10444832],[0.86520728],[2.70553244]
[4.04148803],[0.86084667],[2.66137504]
[3.97841442],[0.85722909],[2.61701739]
[3.87932359],[0.85338565],[2.57322347]
[3.74233222],[0.86062494],[2.47971918]
[3.54987374],[0.87079456],[2.34939099]
[3.33333581],[0.86580706],[2.2089037]
[3.17035219],[0.8594224],[2.09450552]
[3.02064023],[0.85199174],[1.97156924]
[2.86448143],[0.84603698],[1.85165726]
[2.72540886],[0.83637444],[1.7162134]
[2.58568352],[0.82366031],[1.5330843]
[2.46126101],[0.79227928],[1.30194084]
[2.31172571],[0.49992656],[0.76859388]
[2.04078052],[0.40174698],[0.52876621]
[10.26580248],[1.5849221],[10.5175764]
[5.21141179],[0.95887106],[5.38748046]
[4.04785182],[0.89383217],[3.80698611]
[3.1746542],[0.81906844],[2.45392186]
[2.12867056],[0.290856],[0.67183884]
[2.94714752],[0.38903011],[0.7654181]
[3.33006738],[0.54492546],[1.21279293]
[3.54705167],[0.63442732],[1.58179283]
[3.89628235],[0.6994806],[1.95365432]
[4.22840381],[0.74116928],[2.33160524]
[4.51242133],[0.78431944],[2.61637334]
[4.67070696],[0.81840315],[2.78559508]
[4.82344286],[0.84407215],[2.9814746]
[4.91295932],[0.85245717],[3.11570503]
[4.90599411],[0.87166625],[3.23324887]
[4.91965821],[0.87744993],[3.24500939]
[4.82703043],[0.89305091],[3.32219108]
[4.86341797],[0.89851554],[3.34760025]
[4.80620226],[0.90900027],[3.45055362]
[4.86847142],[0.90611715],[3.47947124]
[4.82028282],[0.91470459],[3.62189363]
[4.90423531],[0.90779943],[3.68835162]
[4.82386534],[0.95665629],[3.83170029]
[4.85609356],[0.94477212],[3.82972936]
[4.73660717],[0.97973089],[3.93909891]
[4.76293998],[1.00207499],[3.94571779]
[4.65765806],[1.02598531],[4.02049804]
[4.69279193],[1.03927473],[4.06446816]
[4.60607101],[1.00847108],[4.12294019]
[4.63821144],[0.98048476],[4.11418129]
[4.55411258],[0.92357451],[4.07757993]
[4.57257919],[0.91977765],[4.01354764]
[4.53459956],[0.93255032],[3.97192059]
[4.51981647],[0.92224758],[3.85015209]
[4.44341902],[0.91619368],[3.62860284]
[4.42217063],[0.90596968],[3.00351999]
[4.33420508],[0.89639965],[2.82976969]
[4.30353433],[0.88734309],[2.68619603]
[4.20293742],[0.87885352],[2.56768886]
[4.11648711],[0.87143856],[2.48487634]
[4.05134209],[0.86445506],[2.41491215]
[3.990079],[0.85692417],[2.34821229]
[3.9085589],[0.84916293],[2.27134241]
[3.78755342],[0.84175554],[2.18174288]
[3.61710557],[0.83438],[2.05924613]
[3.37100972],[0.8264733],[1.92502647]
[3.2034325],[0.81837846],[1.82381407]
[3.07274639],[0.7898177],[1.70263466]
[2.94330263],[0.75956985],[1.57559819]
[2.81462497],[0.72908091],[1.44581556]
[2.70067131],[0.68595063],[1.30471394]
[2.5780669],[0.62978388],[1.13755389]
[2.42328186],[0.55336655],[0.92843284]
[2.25843182],[0.47564287],[0.73365046]
[2.04414594],[0.37911086],[0.51351344]
[10.6132786],[1.63590352],[11.40601569]
[8.47555158],[1.13176559],[7.52631567]
[5.42466152],[0.97164583],[5.32232401]
[3.91747968],[0.90350206],[3.63194007]
[2.72529294],[0.80948604],[2.20574228]
[2.51074432],[0.47167057],[0.89014646]
[3.16087148],[0.59668008],[1.2687136]
[3.3833697],[0.705977],[1.71713707]
[3.70487257],[0.77422895],[2.14135337]
[4.14864636],[0.81083271],[2.52932284]
[4.45977001],[0.85094541],[2.84749918]
[4.69515086],[0.88837937],[3.06954845]
[4.86039718],[0.91805237],[3.26934091]
[4.94917332],[0.9246034],[3.40760023]
[4.920677],[0.94483854],[3.54036164]
[4.90000514],[0.94384178],[3.54914451]
[4.84183958],[0.95819353],[3.63891306]
[4.85120598],[0.95758197],[3.67412532]
[4.79989872],[0.96950199],[3.78461827]
[4.86640004],[0.96715944],[3.85318518]
[4.81998951],[0.97421103],[4.00320645]
[4.92214487],[0.96760432],[4.05984329]
[4.8086633],[0.97409823],[4.119048]
[4.83736996],[0.99835413],[4.13183842]
[4.72665169],[1.02736334],[4.2195689]
[4.74510545],[1.04401779],[4.23908965]
[4.64885387],[1.02435664],[4.26612448]
[4.66663071],[0.99162071],[4.27552625]
[4.58639557],[0.96184614],[4.21163532]
[4.59596087],[0.94523091],[4.11106708]
[4.52322801],[0.93610241],[3.98704796]
[4.49701294],[0.91937744],[3.6629008]
[4.46500209],[0.91257032],[3.52305569]
[4.43198967],[0.8965935],[3.21871549]
[4.36921621],[0.88756524],[2.80838984]
[4.32754626],[0.87828684],[2.67735253]
[4.26627287],[0.86974942],[2.56695023]
[4.19387105],[0.86320366],[2.46186907]
[4.12726088],[0.85659001],[2.39084946]
[4.05538945],[0.85356639],[2.32736778]
[3.97933462],[0.84854472],[2.25928222]
[3.90556685],[0.84139362],[2.19324691]
[3.74557382],[0.83404298],[2.08206988]
[3.47092309],[0.827376],[1.95542375]
[3.27174876],[0.8203485],[1.8439817]
[3.13517625],[0.79963813],[1.72747964]
[3.00556849],[0.77588812],[1.60888583]
[2.88196899],[0.75053636],[1.48352129]
[2.7705371],[0.71091315],[1.34824913]
[2.63198191],[0.65965933],[1.19785899]
[2.47142422],[0.60456659],[1.04604664]
[2.33646676],[0.54779664],[0.89527048]
[2.18518063],[0.48463362],[0.72310508]
[1.99618318],[0.40099421],[0.51923832]
[1.75890619],[0.30367364],[0.31291652]
[10.68258753],[1.67934638],[12.2742252]
[8.97789159],[1.27233393],[8.82033489]
[7.97275241],[1.10847612],[6.78516198]
[5.94130062],[0.98483416],[5.00797347]
[3.65940347],[0.89580321],[3.15109436]
[2.4203525],[0.78098019],[1.57631898]
[2.85004249],[0.61147885],[1.17143773]
[3.23006848],[0.74354591],[1.65968155]
[3.50966421],[0.82020083],[2.12317533]
[3.83468295],[0.87325763],[2.51032479]
[4.22769506],[0.91218923],[2.89056227]
[4.60783763],[0.9570283],[3.23522306]
[4.83341544],[0.97288126],[3.43457734]
[4.93770048],[0.97679939],[3.59168986]
[4.90829671],[0.9858683],[3.74280687]
[4.89515358],[0.99096577],[3.77479852]
[4.8587965],[0.99926388],[3.84506169]
[4.85918965],[1.00447913],[3.87367344]
[4.83932855],[1.01151369],[4.00971503]
[4.87403036],[1.01463183],[4.11337122]
[4.84150535],[1.02030443],[4.29827111]
[4.90355096],[1.02085352],[4.3899095]
[4.79313245],[1.02617849],[4.43619231]
[4.81285189],[1.04418938],[4.45584418]
[4.70473872],[1.07106843],[4.45973591]
[4.71857114],[1.08278119],[4.40049662]
[4.63684922],[1.04669804],[4.28124847]
[4.63977923],[1.01275965],[4.27408772]
[4.59317679],[0.95569236],[4.10620137]
[4.56541677],[0.94525495],[3.89600989]
[4.54966537],[0.9349303],[3.65815728]
[4.47374026],[0.92458002],[3.45931267]
[4.47988766],[0.91501742],[3.26855864]
[4.42797179],[0.90491835],[2.77048448]
[4.39824357],[0.89583819],[2.70231656]
[4.34111016],[0.88625942],[2.58924469]
[4.29221064],[0.87736863],[2.48783478]
[4.21485776],[0.86876112],[2.38752303]
[4.14988564],[0.86042631],[2.32136596]
[4.06853306],[0.856543],[2.25859888]
[3.98922442],[0.8531516],[2.19616738]
[3.8847493],[0.84989596],[2.11706389]
[3.63611919],[0.84629471],[2.00786052]
[3.33587085],[0.83901215],[1.90243088]
[3.1931056],[0.82101068],[1.78079633]
[3.04344402],[0.79746453],[1.64567021]
[2.93606406],[0.77467867],[1.5283579]
[2.83107368],[0.74215665],[1.40431848]
[2.70164486],[0.70086952],[1.27019222]
[2.53695447],[0.64108231],[1.12016152]
[2.39357338],[0.58421282],[0.98266286]
[2.26941839],[0.53142153],[0.82799854]
[2.12081672],[0.46576496],[0.65931858]
[1.93268403],[0.39123238],[0.46279808]
[1.60097596],[0.30521418],[0.27119644]
[10.76436163],[1.58379316],[12.57457831]
[9.0286682],[1.34538988],[9.32541203]
[8.02807316],[1.19615791],[7.2515024]
[7.03482765],[1.07182863],[5.56281493]
[5.04795859],[0.9521797],[3.96361971]
[3.08503417],[0.85139089],[2.88668452]
[2.82019843],[0.60430685],[1.23974286]
[3.20584689],[0.76757803],[1.66923033]
[3.493417],[0.85649086],[2.16027132]
[3.78156001],[0.90865583],[2.56283521]
[4.1517721],[0.95081323],[2.93507067]
[4.53170497],[0.97180935],[3.30868877]
[4.83641875],[0.9856022],[3.5393343]
[4.94136112],[0.98858671],[3.68749238]
[4.92139364],[0.9981795],[3.82464025]
[4.92472592],[1.0029825],[3.82246162]
[4.8889986],[1.01093453],[3.90613131]
[4.89998157],[1.01570356],[3.93054172]
[4.86808085],[1.02307137],[4.08188028]
[4.91882305],[1.0329824],[4.19318196]
[4.88050063],[1.05116575],[4.39575228]
[4.93345351],[1.10585814],[4.51096515]
[4.83320324],[1.12588798],[4.52875733]
[4.83122669],[1.05860716],[4.4960243]
[4.74269339],[1.08103371],[4.44679543]
[4.74075482],[1.10030798],[4.35755438]
[4.66459925],[1.11793859],[4.29547956]
[4.66085732],[1.08442191],[4.28105041]
[4.62339654],[0.93742172],[4.09142232]
[4.58214764],[0.92797281],[3.88165233]
[4.57922705],[0.91817092],[3.6788659]
[4.50479016],[0.90814077],[3.50601528]
[4.50799022],[0.89801401],[3.24511602]
[4.45947168],[0.88883092],[2.73316431]
[4.4259369],[0.87979937],[2.66305917]
[4.37173627],[0.87091313],[2.55566365]
[4.31881708],[0.86267264],[2.45870311]
[4.247584],[0.85478638],[2.36503581]
[4.18316012],[0.8468696],[2.30102594]
[4.08659135],[0.84325385],[2.2335632]
[3.99414179],[0.83998768],[2.16456137]
[3.84145897],[0.83682504],[2.0663482]
[3.41977696],[0.83184265],[1.93286051]
[3.24282481],[0.8141622],[1.79841196]
[3.08084796],[0.79398771],[1.66534266]
[2.95459091],[0.76857282],[1.53017108]
[2.84049821],[0.7332619],[1.39949334]
[2.71288706],[0.69655944],[1.27100158]
[2.55391004],[0.65338747],[1.14127422]
[2.40330428],[0.59355008],[1.0061472]
[2.30167898],[0.53113629],[0.87138983]
[2.16644296],[0.48418737],[0.7115129]
[2.01719668],[0.4120932],[0.53884239]
[1.79866586],[0.33612246],[0.34000706]
[1.2966865],[0.24923337],[0.17324445]
[10.85301295],[1.56155857],[12.82108676]
[9.12135295],[1.36205894],[9.50480424]
[8.12156001],[1.24313269],[7.4179094]
[7.13924683],[1.14634474],[5.6834912]
[5.74493301],[0.99724261],[4.14620879]
[3.4804329],[0.86404424],[3.17276852]
[2.89593033],[0.66486628],[1.53346786]
[3.27189324],[0.8207701],[1.82750318]
[3.55111265],[0.87750838],[2.31695579]
[3.84975948],[0.9216561],[2.70431362]
[4.250751],[0.95750665],[3.09233782]
[4.64144506],[0.97519944],[3.4149433]
[4.86984685],[0.98797289],[3.60819896]
[4.97745742],[0.99166401],[3.77123285]
[4.95734833],[1.00140676],[3.92666489]
[4.96552056],[1.00638392],[3.91077315]
[4.93056315],[1.01443967],[4.00598753]
[4.96297406],[1.01978876],[4.04353249]
[4.91360109],[1.02958688],[4.2107136]
[4.97659264],[1.03938156],[4.32698242]
[4.92948839],[1.08873007],[4.50449436]
[5.01813072],[1.14761978],[4.65117018]
[4.87895002],[1.19296375],[4.68756332]
[4.88521142],[1.21740442],[4.76690352]
[4.78793234],[1.22994087],[4.75575187]
[4.79121245],[1.18251814],[4.75919299]
[4.70814605],[1.13067172],[4.65371659]
[4.71093567],[1.15006519],[4.57513777]
[4.64811812],[1.1661215],[4.4930146]
[4.63042421],[1.14640289],[4.39725184]
[4.60621932],[0.97449874],[4.19434368]
[4.53291591],[0.92942371],[3.90986399]
[4.5338853],[0.91931183],[3.70003105]
[4.4885917],[0.91590306],[3.5039404]
[4.45360583],[0.90257033],[3.25356074]
[4.40476489],[0.8910946],[2.66412619]
[4.35109415],[0.87959718],[2.56457292]
[4.28608413],[0.86782113],[2.46062472]
[4.21834525],[0.85952752],[2.39000616]
[4.11439884],[0.85555926],[2.31483396]
[4.01027199],[0.85192893],[2.23109162]
[3.8615104],[0.84837499],[2.12252823]
[3.42273307],[0.83897275],[1.97405333]
[3.23802737],[0.82070714],[1.82730233]
[3.06840224],[0.80263087],[1.69105047]
[2.94327213],[0.76938629],[1.5441948]
[2.81509066],[0.73169702],[1.40058502]
[2.6689868],[0.69169232],[1.25838499]
[2.48789883],[0.64393047],[1.12016132]
[2.36316231],[0.57743161],[0.97949138]
[2.25379431],[0.52041607],[0.83984585]
[2.10941265],[0.46567657],[0.66652016]
[1.95439097],[0.39495493],[0.49152138]
[1.6657601],[0.31976937],[0.29934951]
[1.1783708],[0.23398387],[0.14301592]
[10.93283883],[1.53100864],[12.74990347]
[9.19774006],[1.3638775],[9.37879612]
[8.21622072],[1.26818549],[7.42173165]
[7.25237686],[1.1824447],[5.71432419]
[5.86582915],[1.02668364],[4.27051428]
[4.1166033],[0.8974273],[3.57401804]
[3.00160814],[0.73972584],[1.9272124]
[3.34422789],[0.83711308],[1.99680293]
[3.61793817],[0.90000949],[2.47800988]
[3.93078473],[0.93177612],[2.84455182]
[4.35350395],[0.96331496],[3.26176191]
[4.71603394],[0.98109231],[3.50804545]
[4.89260246],[0.9920535],[3.67962712]
[4.99875487],[0.9963016],[3.84303729]
[4.98119433],[1.0051531],[3.99150294]
[4.99101272],[1.01044663],[3.97627672]
[4.95388853],[1.01797484],[4.06241549]
[4.98492449],[1.02420655],[4.10525514]
[4.93347297],[1.03577921],[4.2555265]
[4.9978198],[1.04661304],[4.3789756]
[4.94489534],[1.11343799],[4.54502836]
[5.06042528],[1.17564534],[4.70682008]
[4.89170857],[1.21655762],[4.765645]
[4.94356547],[1.24104083],[4.9011836]
[4.80838207],[1.268489],[4.92990173]
[4.81467697],[1.28192617],[5.01349212]
[4.72964617],[1.30545517],[4.95893017]
[4.73462726],[1.24236929],[4.96428385]
[4.66665035],[1.17826922],[4.87600494]
[4.64701208],[1.19206994],[4.69103829]
[4.6270253],[1.20721697],[4.63640596]
[4.54513096],[1.18938872],[4.39225392]
[4.54437493],[0.97857471],[4.19973435]
[4.50216191],[0.94258202],[3.96342898]
[4.46558793],[0.93117893],[3.67812155]
[4.42269783],[0.91878764],[3.43277281]
[4.37131406],[0.90656099],[3.14155529]
[4.29228468],[0.889103],[2.55866976]
[4.17591864],[0.87592132],[2.45033186]
[4.02107656],[0.86889153],[2.32162593]
[3.77217381],[0.86400152],[2.18886232]
[3.4203486],[0.84510829],[2.03684169]
[3.24391311],[0.82615913],[1.88142459]
[3.06107708],[0.80674961],[1.73313184]
[2.93522689],[0.78009566],[1.58963236]
[2.7974512],[0.73775283],[1.43038535]
[2.6418499],[0.69622543],[1.27900518]
[2.44928535],[0.65231295],[1.13052774]
[2.3482563],[0.6014512],[1.00490461]
[2.2435701],[0.53760684],[0.86797868]
[2.11959473],[0.48291981],[0.71580329]
[1.96021195],[0.41013548],[0.51933481]
[1.6598728],[0.32077845],[0.31658722]
[1.17414154],[0.22529391],[0.14209637]
[0.59677862],[0.11773097],[0.03405494]
[10.99822813],[1.54751043],[13.05708296]
[9.22949052],[1.3885072],[9.58683287]
[8.25369884],[1.29320329],[7.61712726]
[7.33899094],[1.20816175],[5.90712721]
[6.01481974],[1.06156487],[4.47484811]
[4.86581318],[0.94705024],[3.91565022]
[3.10844777],[0.80250858],[2.33523544]
[3.39283247],[0.85566771],[2.1390742]
[3.67591138],[0.91255099],[2.61509793]
[4.01229901],[0.94228664],[2.97376682]
[4.43363479],[0.97452413],[3.38747646]
[4.78117698],[0.99231563],[3.60868064]
[4.9408176],[1.00258777],[3.7858671]
[5.04126422],[1.00714347],[3.97909709]
[5.02254103],[1.0163596],[4.15675178]
[5.05284777],[1.02155449],[4.15649558]
[4.98934524],[1.02914346],[4.25981608]
[5.03903728],[1.03936879],[4.34508561]
[4.98091131],[1.0546299],[4.50265351]
[5.05480408],[1.12518364],[4.66537913]
[4.98498439],[1.19667653],[4.82322186]
[5.13690861],[1.24674087],[5.01299344]
[4.95002438],[1.28191046],[5.05255436]
[5.04387534],[1.30408519],[5.24843886]
[4.85294926],[1.32551081],[5.31060061]
[4.91324608],[1.33892755],[5.46384924]
[4.77194359],[1.35886697],[5.42321602]
[4.7805327],[1.36868663],[5.44554976]
[4.7075896],[1.38296767],[5.33908141]
[4.69314409],[1.32607125],[5.22378613]
[4.64942749],[1.28754528],[5.11803543]
[4.58987424],[1.24380556],[4.85491878]
[4.56649878],[1.25173515],[4.77195648]
[4.52717113],[1.20603809],[4.53688568]
[4.48962605],[1.00464707],[4.29713598]
[4.45063924],[0.95070442],[3.99755255]
[4.39862684],[0.92963149],[3.70623511]
[4.31191622],[0.9120621],[3.39962989]
[4.18895656],[0.89890469],[3.01979052]
[4.02933276],[0.88965161],[2.42754009]
[3.78532599],[0.8800797],[2.27760413]
[3.4210698],[0.86083477],[2.10167087]
[3.24764902],[0.84151036],[1.94207396]
[3.07720935],[0.81882409],[1.7912051]
[2.94248549],[0.79270074],[1.6398716]
[2.79922776],[0.75490199],[1.47489023]
[2.6380162],[0.71745763],[1.32438156]
[2.44693833],[0.67672158],[1.17707067]
[2.35386073],[0.62466528],[1.05337862]
[2.25934782],[0.56095994],[0.92156187]
[2.14076953],[0.49887644],[0.76040633]
[1.98735746],[0.42769008],[0.56117083]
[1.71368913],[0.33151888],[0.346502]
[1.23209491],[0.23714936],[0.16487731]
[0.63096431],[0.12680291],[0.03881585]
[11.00706017],[1.56890009],[13.46507687]
[9.22259446],[1.43068907],[9.92875034]
[8.22868802],[1.33540915],[7.89143484]
[7.2823541],[1.24801274],[6.1171184]
[5.90748291],[1.10789731],[4.70002324]
[4.77972768],[0.97009314],[4.12472828]
[3.33125256],[0.83459365],[3.27266042]
[3.46096813],[0.87936236],[2.3673004]
[3.7278397],[0.9214816],[2.73390875]
[4.12954607],[0.95142294],[3.10623506]
[4.65219583],[0.98478215],[3.51059193]
[4.83394432],[1.0018249],[3.69312335]
[4.99302414],[1.01097165],[3.8827935]
[5.07362833],[1.01544861],[4.07030355]
[5.05428044],[1.02406814],[4.25542118]
[5.10288898],[1.02902437],[4.29534189]
[5.02784572],[1.03668271],[4.38342608]
[5.08376452],[1.05012738],[4.47866359]
[5.02028251],[1.07726473],[4.62637712]
[5.14793103],[1.17221304],[4.84554379]
[5.03891058],[1.22760801],[4.95517529]
[5.20009454],[1.29101723],[5.16281611]
[5.04233483],[1.31591757],[5.20993252]
[5.11368605],[1.35079206],[5.41633685]
[4.92732849],[1.36199397],[5.48682895]
[5.01083923],[1.38373168],[5.68042043]
[4.81408218],[1.39595943],[5.70771077]
[4.8921359],[1.41217665],[5.77022718]
[4.75072396],[1.42003759],[5.67011252]
[4.73675575],[1.43321086],[5.58108389]
[4.68401562],[1.44076723],[5.45117942]
[4.63345408],[1.4022508],[5.28052165]
[4.59368586],[1.35033401],[5.18637718]
[4.56674885],[1.26481953],[4.98739788]
[4.51129786],[1.27375605],[4.87133103]
[4.47480588],[1.21263671],[4.58251349]
[4.41615152],[1.04900318],[4.31692801]
[4.30774379],[0.98905549],[3.97145399]
[4.18579184],[0.95991279],[3.63198731]
[4.0004831],[0.90765408],[3.22865719]
[3.73867303],[0.89082668],[2.64895019]
[3.40210732],[0.87199649],[2.17319451]
[3.23781303],[0.85175283],[2.00609175]
[3.08289158],[0.8296824],[1.8386653]
[2.95267719],[0.80742514],[1.68459517]
[2.79872744],[0.76979138],[1.51454651]
[2.63401457],[0.73264429],[1.3584711]
[2.44882904],[0.69122639],[1.20177774]
[2.35030012],[0.63938814],[1.07624739]
[2.25861968],[0.57253074],[0.94085505]
[2.14937883],[0.50890915],[0.78285493]
[1.9955963],[0.43559404],[0.57697116]
[1.71102172],[0.3462032],[0.36703277]
[1.23894327],[0.24118312],[0.17432361]
[0.65614612],[0.13030949],[0.04146775]
[11.00643986],[1.64645999],[13.89422817]
[9.21687778],[1.47981675],[10.13549047]
[8.22421831],[1.39327491],[8.02760626]
[7.25906293],[1.29002667],[6.15081895]
[5.87204488],[1.12563434],[4.87313328]
[4.67351917],[0.97922191],[4.25707465]
[3.48753676],[0.84824325],[3.72162116]
[3.65784968],[0.88853608],[2.8098519]
[3.85823871],[0.92894282],[2.8661328]
[4.36478942],[0.95974636],[3.31181573]
[4.70075309],[0.99116066],[3.58248002]
[4.90342833],[1.00839579],[3.79290365]
[5.04138848],[1.01706191],[3.98380648]
[5.10522732],[1.02152986],[4.15309924]
[5.08525091],[1.03021183],[4.33689398]
[5.1567667],[1.03502506],[4.39717318]
[5.07703466],[1.04827158],[4.47749533]
[5.13697349],[1.06079364],[4.61398938]
[5.06623624],[1.12670353],[4.76396051]
[5.23363558],[1.21561098],[5.02572945]
[5.13784645],[1.25398767],[5.11840266]
[5.25907574],[1.31653268],[5.31131662]
[5.12522493],[1.33182762],[5.34924149]
[5.17599176],[1.37629174],[5.54738603]
[5.01875717],[1.37914772],[5.61026468]
[5.0799509],[1.41128264],[5.79352308]
[4.88546549],[1.41527654],[5.84156389]
[4.98515078],[1.44003087],[6.00419285]
[4.79159528],[1.44230514],[5.96034232]
[4.85542197],[1.46114958],[5.91742969]
[4.72790354],[1.46527446],[5.78075092]
[4.67825992],[1.48020007],[5.60336623]
[4.63508822],[1.48316469],[5.48115297]
[4.61240054],[1.4557907],[5.34052652]
[4.53493966],[1.41139462],[5.21603427]
[4.50678668],[1.31431048],[5.01458007]
[4.43276468],[1.27865031],[4.83874417]
[4.3219447],[1.19867403],[4.53471352]
[4.20337772],[1.07696834],[4.27752407]
[4.0094714],[0.94679654],[3.86605979]
[3.74645245],[0.90812941],[3.30124732]
[3.40658144],[0.88926623],[2.62274045]
[3.25252245],[0.86720712],[2.20808732]
[3.11483461],[0.84567636],[1.97464662]
[2.99486668],[0.82421143],[1.82163191]
[2.85329103],[0.79039463],[1.66037679]
[2.68229833],[0.75427144],[1.42717884]
[2.48852928],[0.71497104],[1.25783431]
[2.3694542],[0.66184097],[1.12335324]
[2.27887042],[0.58944074],[0.98235135]
[2.17439374],[0.52471753],[0.82553832]
[2.02783883],[0.45127372],[0.62228295]
[1.78949431],[0.36088773],[0.40738478]
[1.32057442],[0.2677012],[0.21178293]
[0.80110225],[0.14979979],[0.05840282]
[11.02539988],[1.67658811],[14.04168062]
[9.21116396],[1.49721546],[10.18199155]
[8.2220668],[1.41984017],[8.07612657]
[7.2225779],[1.30115773],[6.1820497]
[5.83515816],[1.12985009],[5.06972942]
[4.63466391],[0.98562893],[4.50584626]
[3.76057201],[0.85956137],[3.99440583]
[4.00486272],[0.90164751],[3.45639086]
[4.42304939],[0.94213138],[3.18049931]
[4.60757785],[0.96777327],[3.47956769]
[4.732649],[0.99803788],[3.65988864]
[4.95979587],[1.01521058],[3.89885176]
[5.07236752],[1.02354232],[4.07199754]
[5.13059626],[1.02831768],[4.23431395]
[5.10594701],[1.03624066],[4.40973105]
[5.17243847],[1.04648162],[4.46675465]
[5.087304],[1.06173348],[4.58609174]
[5.16598014],[1.12592943],[4.78742161]
[5.08108843],[1.18929884],[4.9350413]
[5.26001755],[1.25857674],[5.19713175]
[5.17664081],[1.28775969],[5.27635128]
[5.27658288],[1.35331624],[5.45788125]
[5.15756388],[1.36347897],[5.49160031]
[5.20104887],[1.40578543],[5.69291419]
[5.0567853],[1.40386605],[5.75239456]
[5.10935108],[1.43594611],[5.93123311]
[4.92963318],[1.43636351],[5.97268241]
[5.02356198],[1.46624809],[6.13188841]
[4.80416128],[1.46255124],[6.1390994]
[4.90232449],[1.48843963],[6.1899484]
[4.74154142],[1.48483358],[6.09832598]
[4.73740034],[1.50508351],[5.94513926]
[4.64598907],[1.50656761],[5.79967023]
[4.62361581],[1.51887657],[5.62876278]
[4.54726804],[1.51683762],[5.46519256]
[4.50955113],[1.4944097],[5.27647008]
[4.37709202],[1.44035887],[5.09940963]
[4.19527116],[1.36293589],[4.87288039]
[3.93283711],[1.23213805],[4.64017302]
[3.58292607],[1.14017596],[4.25010318]
[3.39516317],[0.91338401],[3.82905485]
[3.27664079],[0.88908747],[3.27101211]
[3.15115583],[0.86505489],[2.64313501]
[3.04259385],[0.8422991],[2.34487411]
[2.91406397],[0.82007826],[2.04746795]
[2.75397484],[0.78206104],[1.72111767]
[2.56979778],[0.74465834],[1.47526593]
[2.37542073],[0.70385781],[1.28992677]
[2.28249184],[0.6461205],[1.11421968]
[2.18582284],[0.56701851],[0.88719359]
[2.06137593],[0.49373978],[0.70426993]
[1.84269107],[0.41088266],[0.48974593]
[1.44369387],[0.30936616],[0.28629788]
[1.00305462],[0.18526326],[0.10184562]
[0.03432819],[0.00618873],[4.04479906e-05]
[11.118537],[1.70782057],[14.37252665]
[9.29189272],[1.53008792],[10.38122262]
[8.29802526],[1.44630221],[8.24317178]
[7.34006655],[1.3144465],[6.34133138]
[5.95394797],[1.14665585],[5.25469694]
[4.73456721],[1.00740107],[4.72267296]
[4.00817964],[0.87297074],[4.21066574]
[4.2388818],[0.91370505],[3.73800423]
[4.4793553],[0.95719423],[3.37677431]
[4.64398023],[0.98341563],[3.55745966]
[4.80203581],[1.00732582],[3.75889118]
[5.01644469],[1.02427893],[4.00789527]
[5.1104845],[1.03250154],[4.17443048]
[5.17249125],[1.03951309],[4.45244284]
[5.14695344],[1.05673599],[4.71402626]
[5.22004834],[1.11691949],[4.94060745]
[5.12863097],[1.18679945],[5.06230559]
[5.25049905],[1.23749054],[5.33398328]
[5.15109309],[1.28821043],[5.43694661]
[5.31640103],[1.3526642],[5.68851472]
[5.24332376],[1.36610461],[5.7431731]
[5.3204866],[1.42474371],[5.93449805]
[5.22055436],[1.42521035],[5.97509051]
[5.24991192],[1.46686964],[6.15321182]
[5.1244874],[1.45813149],[6.22708276]
[5.16138041],[1.48892974],[6.37414727]
[5.01271438],[1.48234235],[6.37214677]
[5.09257356],[1.50815938],[6.47351911]
[4.91153781],[1.49879382],[6.44303648]
[4.98965645],[1.52339039],[6.48922287]
[4.7796998],[1.51809109],[6.44380647]
[4.86369497],[1.53836416],[6.38416699]
[4.72389512],[1.53774065],[6.26306246]
[4.76993722],[1.55174796],[6.1355314]
[4.58602716],[1.54878957],[5.93003254]
[4.57363801],[1.55334743],[5.71292475]
[4.37467296],[1.53124455],[5.42323938]
[4.19098095],[1.49809468],[5.17086049]
[3.95314122],[1.45073861],[4.99815563]
[3.62853521],[1.37757454],[4.73494116]
[3.39996743],[1.26560508],[4.46208767]
[3.28997574],[1.13600287],[4.15170025]
[3.16835359],[0.91847053],[3.79108539]
[3.06387689],[0.87676414],[3.40965082]
[2.94268611],[0.85609684],[2.98353457]
[2.79747977],[0.82163816],[2.37000204]
[2.62936675],[0.78517431],[2.01640136]
[2.42704686],[0.74574353],[1.6625643]
[2.29223028],[0.68873001],[1.38415341]
[2.19121269],[0.61223767],[1.15321258]
[2.06197976],[0.52608882],[0.93873635]
[1.80889111],[0.44302459],[0.58313984]
[1.44824311],[0.33892671],[0.31951525]
[1.00373387],[0.2085245],[0.11550003]
[0.],[0.],[0.]
[11.12401086],[1.77748077],[14.6980946]
[9.32547823],[1.56157217],[10.57915896]
[8.29271521],[1.46469024],[8.37191973]
[7.30638549],[1.33305928],[6.45413625]
[5.91988481],[1.16891631],[5.33891535]
[4.70412644],[1.03500546],[4.80063257]
[4.01481941],[0.88167734],[4.28191379]
[4.28407817],[0.92127305],[3.79170211]
[4.53878144],[0.96690247],[3.49435749]
[4.68464445],[0.99158081],[3.632051]
[4.87572711],[1.01407814],[3.85382595]
[5.06978017],[1.02992538],[4.09931809]
[5.15330575],[1.04081806],[4.27708933]
[5.23407752],[1.05242584],[4.57954661]
[5.2173945],[1.12582367],[4.90956042]
[5.29683164],[1.18987879],[5.21939482]
[5.20660708],[1.255111],[5.34556638]
[5.35765011],[1.31661824],[5.64968053]
[5.2664418],[1.36482062],[5.76370383]
[5.39156588],[1.40879112],[6.01730641]
[5.32492691],[1.42230391],[6.09647678]
[5.38832219],[1.47246378],[6.28148958]
[5.30191337],[1.46759552],[6.34057008]
[5.31562952],[1.49998236],[6.47306704]
[5.19715383],[1.48788804],[6.50808548]
[5.22493497],[1.51404989],[6.56921925]
[5.08925667],[1.50609933],[6.553849]
[5.15537441],[1.53209596],[6.63710508]
[4.99678305],[1.52092081],[6.59599068]
[5.059522],[1.54417524],[6.62976218]
[4.88630737],[1.53640706],[6.59794554]
[4.94360264],[1.55602351],[6.57958108]
[4.8377047],[1.55534748],[6.57264521]
[4.87085792],[1.56905462],[6.49216112]
[4.69294415],[1.56634152],[6.31546592]
[4.72894634],[1.57113333],[6.10803405]
[4.41067281],[1.55487914],[5.81389205]
[4.24999916],[1.54622277],[5.56011945]
[4.05309169],[1.52530228],[5.31912392]
[3.7841563],[1.49208854],[4.99455451]
[3.43988412],[1.45235981],[4.79528097]
[3.32732829],[1.40441625],[4.59886841]
[3.19615916],[1.32962891],[4.35569765]
[3.0957085],[1.23921199],[4.10565936]
[2.98100077],[1.119465],[3.82519672]
[2.85102821],[0.92750857],[3.48882048]
[2.69838319],[0.81541992],[3.03998319]
[2.50781437],[0.78113838],[2.42846376]
[2.3311726],[0.72000856],[1.88045577]
[2.21340061],[0.65410826],[1.58226206]
[2.09256795],[0.57642387],[1.2699476]
[1.86264308],[0.5075367],[0.92817174]
[1.50997632],[0.41086292],[0.58165088]
[1.05593449],[0.27841991],[0.24886413]
[0.10760091],[0.02873953],[0.00118748]
[11.13359648],[1.84195856],[15.01764928]
[9.35976866],[1.61547845],[10.6905685]
[8.30569034],[1.4783438],[8.40370275]
[7.27107992],[1.3476684],[6.46653848]
[5.8841907],[1.1782765],[5.34752092]
[4.67590808],[1.0378212],[4.82191314]
[4.02135142],[0.88950694],[4.28254618]
[4.29977191],[0.93001793],[3.80877859]
[4.55957936],[0.97991118],[3.53124729]
[4.69979957],[1.00194875],[3.70270974]
[4.90693128],[1.02280669],[3.93855022]
[5.098717],[1.03839901],[4.18789773]
[5.17459034],[1.05511927],[4.38193368]
[5.2482419],[1.11485266],[4.76331535]
[5.23205513],[1.21443943],[5.18451353]
[5.32565058],[1.28835037],[5.57577256]
[5.2249844],[1.35864373],[5.72617304]
[5.38461678],[1.4062638],[6.06983916]
[5.2890368],[1.44893711],[6.2323646]
[5.41659906],[1.4829794],[6.50439749]
[5.36298378],[1.49240456],[6.6084248]
[5.43958528],[1.53237458],[6.77443968]
[5.34174753],[1.52658356],[6.82930836]
[5.36976849],[1.5540088],[6.92457971]
[5.23859053],[1.54131729],[6.87993754]
[5.27811009],[1.56200119],[6.92889877]
[5.13791444],[1.55043897],[6.86551962]
[5.20329336],[1.57112887],[6.90321242]
[5.04418894],[1.5559581],[6.83052196]
[5.09536505],[1.57527058],[6.82200863]
[4.92246245],[1.56316996],[6.76572081]
[4.97324259],[1.58005647],[6.72032327]
[4.86850728],[1.57593948],[6.71027843]
[4.89905637],[1.58244233],[6.68110057]
[4.77290673],[1.56921411],[6.54459793]
[4.64205141],[1.570921],[6.24652265]
[4.47803141],[1.57031618],[6.0204818]
[4.17626701],[1.54595733],[5.75812455]
[3.94022961],[1.53348453],[5.49887939]
[3.78119757],[1.52408299],[5.22744293]
[3.62353988],[1.50347588],[4.99497834]
[3.45480611],[1.46834769],[4.75241615]
[3.22352894],[1.4215441],[4.48009026]
[3.11013629],[1.37461624],[4.28080559]
[3.04632936],[1.32214995],[4.07973758]
[3.00116939],[1.25504963],[3.84891532]
[2.97179861],[1.17412557],[3.59900324]
[2.92966043],[1.05552609],[3.29741702]
[2.88112124],[0.76525741],[2.84958256]
[2.77745871],[0.73947149],[2.35218508]
[2.85180777],[0.71175386],[1.98270741]
[1.96430775],[0.60017364],[1.57539316]
[1.82910208],[0.45079819],[1.03128225]
[1.58553215],[0.34912081],[0.37305847]
[1.0059563],[0.30470905],[0.19827335]
[11.19592394],[1.8691706],[15.24724376]
[9.46741314],[1.64644466],[10.80100229]
[8.39403595],[1.48352476],[8.43995814]
[7.34751631],[1.35042908],[6.4891033]
[5.95860934],[1.17731938],[5.36385918]
[4.73900922],[1.0287162],[4.85644756]
[4.02249485],[0.89793573],[4.32125921]
[4.3225026],[0.94066271],[3.86981049]
[4.58848136],[0.98899007],[3.5961769]
[4.72145083],[1.01118165],[3.76868666]
[4.94879015],[1.03932721],[4.03161628]
[5.13372434],[1.06444737],[4.32193264]
[5.20524616],[1.1593123],[4.66557787]
[5.28639475],[1.24519219],[5.30165823]
[5.27273645],[1.33416619],[5.78388736]
[5.3957832],[1.39118948],[6.22299673]
[5.27075162],[1.44537694],[6.40765919]
[5.45926906],[1.48325218],[6.70935303]
[5.37073286],[1.51892317],[6.88967053]
[5.48070595],[1.55027775],[7.086973]
[5.42947336],[1.56292064],[7.22267251]
[5.50350723],[1.58693074],[7.34282307]
[5.42644197],[1.58201209],[7.33984519]
[5.43768448],[1.60390191],[7.33382948]
[5.32810962],[1.59067067],[7.27195597]
[5.3511218],[1.60806232],[7.28960299]
[5.22808278],[1.5966261],[7.22417028]
[5.28647004],[1.6140698],[7.24407886]
[5.13545118],[1.60206115],[7.17841067]
[5.18098526],[1.61638031],[7.16492445]
[5.01880927],[1.60680561],[7.11950936]
[5.05818001],[1.61846647],[7.05934878]
[4.95879364],[1.60904386],[7.03382732]
[4.97739491],[1.61205621],[6.97931456]
[4.90860233],[1.60579353],[6.86207177]
[4.7936854],[1.60678167],[6.5642102]
[4.72173527],[1.60285609],[6.29668603]
[4.44804381],[1.59017667],[6.02830029]
[4.23825505],[1.56140794],[5.77175748]
[3.99365773],[1.53696572],[5.46222461]
[3.86643319],[1.52599006],[5.24419825]
[3.7508001],[1.49606307],[5.02480354]
[3.61351131],[1.45442972],[4.77269658]
[3.47821508],[1.41251482],[4.54003938]
[3.31595134],[1.36391419],[4.31450568]
[3.22082365],[1.30688437],[4.12284348]
[3.16877014],[1.24651156],[3.90534247]
[3.20902229],[1.17578086],[3.70077177]
[3.31753415],[0.98449028],[3.47062107]
[3.41503608],[0.8330419],[3.19289514]
[3.46810691],[0.79993552],[2.87037784]
[3.47352257],[0.75535023],[2.56955363]
[3.54810831],[0.78755326],[2.20121794]
[3.67335717],[0.49345197],[1.41938586]
[3.76401755],[0.4045421],[1.03540745]
[11.24652527],[1.92331978],[15.55382032]
[9.51268632],[1.6661166],[11.00431416]
[8.44545847],[1.49477097],[8.60313515]
[7.35589151],[1.36349015],[6.5780065]
[5.96585218],[1.19011695],[5.40016051]
[4.74571223],[1.04647479],[4.8843297]
[4.01433312],[0.90381215],[4.34834896]
[4.33984482],[0.94991928],[3.91180471]
[4.61717882],[0.9994411],[3.64284556]
[4.74022869],[1.0229156],[3.82543332]
[4.98264025],[1.06334044],[4.11732726]
[5.16298035],[1.14870434],[4.46939823]
[5.23190036],[1.25498105],[4.95005485]
[5.31811484],[1.32637359],[5.66323923]
[5.30791738],[1.4029983],[6.16924575]
[5.45615161],[1.45038034],[6.63284732]
[5.34692825],[1.49693157],[6.84052898]
[5.52437456],[1.53071091],[7.10192615]
[5.43856275],[1.56373229],[7.28201887]
[5.55527568],[1.58982321],[7.45804939]
[5.50921429],[1.61098328],[7.59212405]
[5.5564766],[1.62094288],[7.63334268]
[5.50114335],[1.62896225],[7.62393788]
[5.49498922],[1.63529225],[7.59839387]
[5.41337264],[1.63505762],[7.53702056]
[5.41336036],[1.63748252],[7.53863729]
[5.32911544],[1.63807372],[7.48868609]
[5.35571905],[1.64136564],[7.49707735]
[5.25824064],[1.64098147],[7.44270068]
[5.26300057],[1.64293875],[7.41168518]
[5.16315743],[1.64281262],[7.37893078]
[5.15690304],[1.64405574],[7.30373961]
[5.09193238],[1.64083725],[7.28429658]
[5.08823077],[1.6466876],[7.22339989]
[5.00547412],[1.63741789],[7.10257941]
[4.92490534],[1.63635208],[6.83127732]
[4.86072807],[1.63104837],[6.57671114]
[4.69574587],[1.62555717],[6.27101588]
[4.50383993],[1.60397436],[6.02306169]
[4.28154615],[1.57153808],[5.71919139]
[4.06045628],[1.54351576],[5.45053579]
[3.92145045],[1.5210532],[5.21401431]
[3.79845628],[1.48247145],[4.96002588]
[3.67888103],[1.44238155],[4.72369398]
[3.56363665],[1.39599601],[4.48842257]
[3.42557489],[1.34121889],[4.26404398]
[3.34983358],[1.28685024],[4.0915762]
[3.34830275],[1.22709243],[3.87357527]
[3.39209829],[1.09804499],[3.63356316]
[3.47428791],[0.93167518],[3.37171456]
[3.52916065],[0.80038159],[3.08001384]
[3.55285088],[0.76964871],[2.77991704]
[3.66992427],[0.79207925],[2.40992107]
[3.79644482],[0.60869464],[1.63691412]
[3.87916539],[0.53548652],[1.30479437]
[11.34777683],[1.9719443],[15.90630816]
[9.5385854],[1.70870231],[11.17654577]
[8.5100584],[1.51593122],[8.68644991]
[7.33432081],[1.38184517],[6.59034068]
[5.92511759],[1.19885648],[5.36961679]
[4.70800275],[1.04625619],[4.83530702]
[4.0205108],[0.91277191],[4.31313222]
[4.3653234],[0.96494069],[3.91584004]
[4.65343698],[1.01341638],[3.70158701]
[4.7623155],[1.03723415],[3.89321319]
[5.02373769],[1.12528872],[4.22356709]
[5.19528139],[1.24315842],[4.68538987]
[5.26236026],[1.33732424],[5.25812307]
[5.36105554],[1.39963738],[5.99137293]
[5.3498814],[1.46558474],[6.50552802]
[5.52627949],[1.50214077],[6.98207845]
[5.43199221],[1.54618089],[7.22859059]
[5.59626773],[1.5724016],[7.44122383]
[5.51612551],[1.60830141],[7.62520756]
[5.63269882],[1.62940124],[7.76626344]
[5.58673617],[1.64683324],[7.86552664]
[5.60996066],[1.65401984],[7.87627248]
[5.56389717],[1.66143289],[7.85618279]
[5.54627657],[1.66394314],[7.81265508]
[5.48119806],[1.66630291],[7.76658962]
[5.46553859],[1.66812368],[7.75123941]
[5.40230647],[1.66882303],[7.70648748]
[5.41079277],[1.66914155],[7.70390408]
[5.34357655],[1.66992345],[7.64945051]
[5.32680058],[1.67106585],[7.62561186]
[5.26500295],[1.67154906],[7.59208108]
[5.23082289],[1.67205954],[7.51771292]
[5.19070357],[1.66807547],[7.49113764]
[5.17292307],[1.67182461],[7.4296026]
[5.07257797],[1.66292098],[7.33275698]
[5.04174344],[1.66035375],[7.12711826]
[4.97626707],[1.65464129],[6.85225761]
[4.85803587],[1.64848679],[6.54956787]
[4.71860403],[1.64045853],[6.28742739]
[4.52930383],[1.61395169],[6.00446309]
[4.32363263],[1.58472698],[5.7407549]
[4.14640116],[1.54188184],[5.47134331]
[3.97958246],[1.51060986],[5.18135242]
[3.86987811],[1.47340226],[4.9430881]
[3.77893017],[1.43185037],[4.71056666]
[3.67732679],[1.37498516],[4.46505188]
[3.65086668],[1.32308082],[4.283235]
[3.63443688],[1.27027232],[4.08784591]
[3.56246237],[1.17793159],[3.82645307]
[3.48081497],[1.02481204],[3.49248049]
[3.52997714],[0.8852262],[3.21716813]
[3.55239397],[0.76218319],[2.91218309]
[3.55736945],[0.74148366],[2.51691672]
[3.71109074],[0.6983447],[1.7325162]
[3.88883302],[0.62824365],[1.47848562]
[11.43155696],[1.98594867],[16.10264891]
[9.55584444],[1.72198022],[11.24604498]
[8.55469487],[1.52424665],[8.71647707]
[7.3091347],[1.39213138],[6.6071041]
[5.88551815],[1.20647693],[5.40775349]
[4.66666977],[1.04704389],[4.8490741]
[4.03300474],[0.92947929],[4.29915741]
[4.39096835],[0.98245667],[3.92590023]
[4.67737577],[1.02963364],[3.76019551]
[4.77701669],[1.05767732],[3.98078282]
[5.05939647],[1.21775567],[4.39483965]
[5.21397229],[1.3261086],[4.93790932]
[5.28960907],[1.40801463],[5.58121553]
[5.37221285],[1.46656191],[6.27512269]
[5.36034644],[1.52005505],[6.80954352]
[5.55671577],[1.55489844],[7.30242454]
[5.46930824],[1.59406755],[7.57899312]
[5.66559455],[1.61754293],[7.77360229]
[5.58666141],[1.64745739],[7.94598655]
[5.66493348],[1.66472999],[8.04433168]
[5.6222096],[1.67904174],[8.10536604]
[5.63403028],[1.68483467],[8.09644752]
[5.59986091],[1.69021814],[8.07697947]
[5.57535413],[1.69147759],[8.02316075]
[5.52543388],[1.69303923],[7.98240049]
[5.5008494],[1.69433251],[7.95828262]
[5.45800116],[1.69688216],[7.92609485]
[5.44784],[1.6980929],[7.90396932]
[5.40302541],[1.69815836],[7.86157473]
[5.36808876],[1.69775617],[7.81509224]
[5.33410706],[1.6976179],[7.78208843]
[5.28063564],[1.69716416],[7.6869644]
[5.2357211],[1.68762409],[7.64652673]
[5.13893724],[1.68459444],[7.53576886]
[5.14719818],[1.67522848],[7.3608878]
[5.13283699],[1.67069047],[7.17482197]
[5.1073054],[1.6638646],[6.94298705]
[4.99591051],[1.65676701],[6.6491275]
[4.88782309],[1.64962279],[6.36670979]
[4.7491773],[1.6336859],[6.09145022]
[4.55917067],[1.60927689],[5.84719308]
[4.4071986],[1.57670295],[5.6027176]
[4.24610998],[1.52782352],[5.32488367]
[4.09622864],[1.48361876],[5.04176228]
[4.01974906],[1.444093],[4.81244548]
[3.95910281],[1.39534899],[4.58347813]
[3.92810964],[1.33870621],[4.36672045]
[3.9497294],[1.26835667],[4.15182329]
[3.95383029],[1.11005594],[3.84354951]
[3.76666764],[0.98040834],[3.45614733]
[3.56300916],[0.87681202],[3.04438176]
[3.5895962],[0.7460416],[2.48369934]
[3.58007388],[0.70605352],[1.76249964]
[3.71429645],[0.6712863],[1.61933757]
[3.81999705],[0.64409038],[1.48815676]
[11.61611968],[2.01291338],[16.40529446]
[9.64056125],[1.74156355],[11.38416771]
[8.65685192],[1.53424433],[8.82410695]
[7.38040335],[1.40209754],[6.6939205]
[5.94733682],[1.21589011],[5.45913035]
[4.70642794],[1.04682494],[4.88413906]
[4.04151745],[0.94725158],[4.34079382]
[4.42514011],[0.99784699],[3.99246852]
[4.70417071],[1.05246859],[3.85277122]
[4.80333178],[1.0800694],[4.08364294]
[5.10099156],[1.33252262],[4.66995191]
[5.26337085],[1.42046989],[5.3357105]
[5.32780224],[1.4894839],[6.04552791]
[5.40480711],[1.53884381],[6.68753536]
[5.39011673],[1.57982111],[7.28559954]
[5.62162101],[1.61210916],[7.83555317]
[5.62179782],[1.64535486],[8.15685231]
[5.75581579],[1.66980849],[8.3234073]
[5.6961364],[1.69273267],[8.39834323]
[5.72840213],[1.70576395],[8.38692201]
[5.68289991],[1.71635176],[8.42739312]
[5.67940424],[1.72042403],[8.37644627]
[5.64943026],[1.72430111],[8.35333894]
[5.62151443],[1.72480985],[8.30353838]
[5.578707],[1.72521506],[8.26291791]
[5.54557175],[1.72563456],[8.23175586]
[5.5122499],[1.72649053],[8.19281554]
[5.49270436],[1.7271075],[8.16503546]
[5.46427338],[1.72792512],[8.1269299]
[5.42361316],[1.72796824],[8.08163963]
[5.40295577],[1.72714404],[8.05009165]
[5.34406909],[1.72545066],[7.95295189]
[5.32231606],[1.71623724],[7.91285867]
[5.27756809],[1.71182502],[7.8292]
[5.27037499],[1.70251425],[7.67509775]
[5.266782],[1.69665035],[7.49282435]
[5.25349218],[1.68801273],[7.2647521]
[5.19326837],[1.67945515],[7.02153194]
[5.08535338],[1.67072292],[6.75391136]
[4.9813532],[1.66103519],[6.44538283]
[4.79430438],[1.64044821],[6.17221368]
[4.66972328],[1.6146939],[5.94837681]
[4.55116641],[1.57800256],[5.70622944]
[4.46359687],[1.53516417],[5.46513625]
[4.43091863],[1.47807997],[5.24690355]
[4.40590388],[1.43168128],[5.03769848]
[4.39530919],[1.38672513],[4.83133391]
[4.35981539],[1.33839793],[4.56606512]
[4.42069913],[1.28284912],[4.27229429]
[4.46026351],[1.1869975],[3.97794459]
[4.50739354],[1.06982495],[3.6545125]
[4.48990521],[0.96719117],[3.29777034]
[4.43401022],[0.817759],[2.71190981]
[4.38368126],[0.6909134],[2.2561819]
[4.33165399],[0.66281802],[2.03491847]
[11.73089562],[2.04951898],[16.78952709]
[9.69164819],[1.77081167],[11.63943375]
[8.66911017],[1.55154041],[9.01076949]
[7.36133142],[1.42284357],[6.84202029]
[5.89769421],[1.24405125],[5.54021625]
[4.65966412],[1.0748796],[4.90871943]
[4.03831268],[0.96290809],[4.36050358]
[4.45044311],[1.00775776],[4.02905505]
[4.72778854],[1.06766042],[3.91928932]
[4.85068273],[1.13021992],[4.19730991]
[5.14406545],[1.40701339],[4.88156804]
[5.30457363],[1.47803499],[5.60397623]
[5.35938536],[1.54067005],[6.36541219]
[5.42881622],[1.58486987],[6.96833071]
[5.41345614],[1.62476274],[7.57620413]
[5.7168191],[1.65355542],[8.18832374]
[5.73474212],[1.68641098],[8.50471177]
[5.82236618],[1.70929245],[8.63461081]
[5.76862774],[1.72959161],[8.66072875]
[5.77085668],[1.73445675],[8.63013893]
[5.7313923],[1.74277466],[8.67445685]
[5.72901468],[1.74623994],[8.61427149]
[5.74691623],[1.74961012],[8.62920295]
[5.74921679],[1.74899302],[8.58082562]
[5.68720046],[1.74889937],[8.54055047]
[5.61517573],[1.74887632],[8.49435199]
[5.59257736],[1.74907365],[8.45356289]
[5.55239446],[1.74917334],[8.4146658]
[5.53548085],[1.74935087],[8.37044416]
[5.48072112],[1.749662],[8.31780383]
[5.46979015],[1.74973247],[8.27405007]
[5.39959296],[1.74627185],[8.17797448]
[5.38789221],[1.73762751],[8.13438681]
[5.3737193],[1.73233697],[8.03247897]
[5.35444251],[1.72220591],[7.89201194]
[5.3531374],[1.71396605],[7.71973411]
[5.33094547],[1.70503045],[7.48482569]
[5.32875784],[1.69592677],[7.28434312]
[5.23306378],[1.68687511],[7.04671231]
[5.15548786],[1.67702816],[6.76335036]
[5.00288955],[1.66490725],[6.46147547]
[4.86508989],[1.64273571],[6.20596287]
[4.75201017],[1.61275736],[5.97857785]
[4.67942491],[1.58005067],[5.7595393]
[4.63233083],[1.53583765],[5.5458873]
[4.61003731],[1.49825032],[5.32971421]
[4.60450633],[1.45803377],[5.13744873]
[4.57666888],[1.41744099],[4.87677386]
[4.56570998],[1.37157174],[4.56260318]
[4.58344312],[1.30737257],[4.27530671]
[4.60987226],[1.21409799],[3.95152811]
[4.58944581],[1.03748862],[3.57244206]
[4.53282819],[0.84218986],[2.98059052]
[4.47764501],[0.75460518],[2.58720881]
[4.42299446],[0.71324303],[2.35563385]
[11.84618071],[2.07873195],[17.18120289]
[9.73711181],[1.81978425],[11.84627156]
[8.64979625],[1.59963914],[9.09403826]
[7.29764642],[1.44938102],[6.89370121]
[5.80614408],[1.27595935],[5.53679451]
[4.57232672],[1.08349436],[4.87800148]
[4.04842006],[0.97871283],[4.34696348]
[4.49095792],[1.01890742],[4.05037043]
[4.75588474],[1.08558705],[3.99104398]
[4.90401846],[1.22323587],[4.36067979]
[5.20672325],[1.46843196],[5.12138504]
[5.34700295],[1.52978506],[5.85688371]
[5.3915165],[1.58212437],[6.64563804]
[5.45552176],[1.6242617],[7.22407515]
[5.49812672],[1.66194839],[7.8584146]
[5.81170093],[1.69069625],[8.48816876]
[5.81083921],[1.72308068],[8.77815238]
[5.88260766],[1.74399722],[8.88984509]
[5.82710551],[1.76037537],[8.8737293]
[5.81394644],[1.76886924],[8.85598333]
[5.78808012],[1.77473568],[8.89869432]
[5.88091372],[1.77269579],[8.87841091]
[5.92078201],[1.77782683],[8.93386921]
[5.93568264],[1.7735646],[8.87829655]
[5.87940833],[1.76989354],[8.85888146]
[5.83040773],[1.76705277],[8.7953186]
[5.77134472],[1.76688798],[8.73888872]
[5.72528614],[1.7667075],[8.68907122]
[5.67847701],[1.7665058],[8.62373066]
[5.61160697],[1.76644427],[8.5566985]
[5.58625483],[1.76634542],[8.49238563]
[5.48472682],[1.76170838],[8.38898159]
[5.462677],[1.75502095],[8.32601653]
[5.45535995],[1.74729649],[8.20414453]
[5.42865191],[1.73762486],[8.07341983]
[5.43004539],[1.72926061],[7.91804741]
[5.39975624],[1.72030905],[7.71330486]
[5.40613801],[1.71115672],[7.49819712]
[5.34839742],[1.70168388],[7.30713145]
[5.28760887],[1.69161186],[7.04561016]
[5.15523042],[1.68078014],[6.76396838]
[5.04682219],[1.66441276],[6.47851276]
[4.95937201],[1.63733054],[6.2175035]
[4.87933588],[1.60966955],[6.00729733]
[4.80981253],[1.57657757],[5.79610145]
[4.74885872],[1.54626011],[5.58217788]
[4.74719608],[1.50942829],[5.39033695]
[4.74331154],[1.47241123],[5.15912417]
[4.71633383],[1.43364317],[4.85548663]
[4.70790923],[1.37854779],[4.56365875]
[4.73840359],[1.30933222],[4.27134589]
[4.7105829],[1.17872941],[3.90501096]
[4.63794824],[0.97857519],[3.44931238]
[4.568483],[0.84648953],[2.97882604]
[4.49628958],[0.7861655],[2.69546093]
[12.05745899],[2.08894951],[17.46158077]
[9.81306766],[1.84469396],[11.97136277]
[8.64522232],[1.6225547],[9.11515927]
[7.23550815],[1.46166356],[6.94074224]
[5.71459043],[1.28846088],[5.5452448]
[4.48404842],[1.09140844],[4.88920655]
[4.04646955],[0.99344842],[4.32484398]
[4.51331023],[1.03052611],[4.06207508]
[4.75797364],[1.13883819],[4.05324275]
[4.92807461],[1.30684182],[4.51355219]
[5.23762706],[1.52356081],[5.32344329]
[5.36376932],[1.57831431],[6.10620051]
[5.3984239],[1.6244779],[6.87217379]
[5.48797129],[1.66097763],[7.44099459]
[5.57257214],[1.70224921],[8.13276943]
[5.85399899],[1.72786371],[8.75260084]
[5.86145678],[1.75536103],[8.9901908]
[5.91199123],[1.78028769],[9.05767195]
[5.88048539],[1.80180857],[9.06957008]
[5.84292555],[1.81326091],[9.08433963]
[5.90059408],[1.81841279],[9.16381383]
[6.02292959],[1.81118139],[9.18227747]
[6.03592774],[1.8077021],[9.23695664]
[6.05342971],[1.80338819],[9.16143766]
[6.00741967],[1.79823084],[9.1621972]
[5.98053833],[1.79499132],[9.09674963]
[5.92878446],[1.79151078],[9.03021173]
[5.89907003],[1.7886267],[8.97213491]
[5.854738],[1.78098203],[8.88202703]
[5.79317779],[1.77342394],[8.7951836]
[5.6295689],[1.76678164],[8.62524077]
[5.55838267],[1.76021657],[8.47782166]
[5.56462037],[1.7535916],[8.39333395]
[5.54882698],[1.74596321],[8.24738632]
[5.51656415],[1.73950117],[8.10519715]
[5.51213821],[1.73061072],[7.92040477]
[5.47730608],[1.72162593],[7.68527286]
[5.48260455],[1.71210897],[7.48870544]
[5.43524834],[1.70217459],[7.31395985]
[5.40748264],[1.69105559],[7.06758883]
[5.29400808],[1.68048422],[6.82569703]
[5.21574908],[1.66523501],[6.59873592]
[5.14996479],[1.64461391],[6.36981683]
[5.09242478],[1.61930235],[6.14148459]
[5.02766157],[1.58691909],[5.91531023]
[4.94256844],[1.55436801],[5.69075287]
[4.89472647],[1.51968844],[5.45599127]
[4.8932813],[1.48519203],[5.18866975]
[4.88922606],[1.44534707],[4.89444588]
[4.8784217],[1.3798116],[4.57914816]
[4.8735402],[1.26595084],[4.25358265]
[4.85603322],[1.12027052],[3.90586412]
[4.77170476],[0.97897975],[3.49653015]
[4.7022053],[0.89248766],[3.19171123]
[4.6209224],[0.84189594],[2.92761533]
[12.45025987],[2.10109192],[17.86152227]
[9.91530586],[1.86132402],[12.09087441]
[8.6899756],[1.64214048],[9.15721818]
[7.25162164],[1.47043189],[6.97434437]
[5.7382277],[1.294563],[5.55233322]
[4.49894543],[1.09228561],[4.89682449]
[4.04488062],[1.00628247],[4.34289324]
[4.53453191],[1.03760831],[4.0971317]
[4.76578988],[1.20744957],[4.14206406]
[4.96955767],[1.38510292],[4.68506462]
[5.25813901],[1.56654156],[5.53943985]
[5.37584788],[1.61625497],[6.43490569]
[5.40714986],[1.66325298],[7.17730886]
[5.55840527],[1.70111281],[7.77549257]
[5.64280395],[1.73350467],[8.40784112]
[5.88136052],[1.75617173],[8.96237487]
[5.90396093],[1.78091244],[9.14898043]
[5.96266063],[1.8115557],[9.20490426]
[5.92946881],[1.83029482],[9.23156168]
[5.9049863],[1.83985399],[9.2710635]
[5.96997519],[1.84408523],[9.37253423]
[6.07908826],[1.84405385],[9.42078237]
[6.08048623],[1.83778633],[9.46005783]
[6.09466331],[1.82363159],[9.39281264]
[6.05162612],[1.81778745],[9.39408842]
[6.03220489],[1.81462105],[9.30907198]
[5.9816552],[1.81135102],[9.26561663]
[5.95504363],[1.80581852],[9.18380947]
[5.91537828],[1.79649895],[9.09387427]
[5.80078437],[1.79107233],[8.98322614]
[5.72755715],[1.7814824],[8.8095522]
[5.66131808],[1.77653407],[8.6787223]
[5.65429738],[1.76847493],[8.58343208]
[5.65441552],[1.76288516],[8.46017217]
[5.61797402],[1.75351325],[8.31860259]
[5.62368902],[1.74543858],[8.14737184]
[5.58643948],[1.73647446],[7.92048509]
[5.60318559],[1.72751996],[7.7317925]
[5.55514026],[1.71964985],[7.56023047]
[5.5538492],[1.70996392],[7.366096]
[5.48567898],[1.69970087],[7.18344334]
[5.42464783],[1.68483647],[6.98656072]
[5.37623056],[1.66649656],[6.78400848]
[5.3340501],[1.64905647],[6.57059326]
[5.28663486],[1.62109055],[6.33441053]
[5.21397642],[1.58958739],[6.06247399]
[5.14535342],[1.5577693],[5.79851681]
[5.0903912],[1.52558869],[5.51013472]
[5.09235446],[1.48496677],[5.21996781]
[5.0961218],[1.42396981],[4.9314324]
[5.10248652],[1.33386397],[4.64038564]
[5.03118329],[1.24673273],[4.30320138]
[4.94128605],[1.12637187],[3.96293041]
[4.87120429],[1.04359605],[3.67484391]
[4.79469864],[0.9588479],[3.41831311]
[12.56327274],[2.11325833],[18.14548421]
[9.93282377],[1.87922926],[12.23545624]
[8.67337061],[1.66606099],[9.24008345]
[7.19022666],[1.48496549],[7.00676751]
[5.65080978],[1.3134814],[5.53162368]
[4.41606882],[1.10808919],[4.86961308]
[4.03243734],[1.01371014],[4.30886932]
[4.54765994],[1.04276196],[4.08206226]
[4.76899849],[1.23945262],[4.18267883]
[5.00776165],[1.42406105],[4.7931499]
[5.27346396],[1.5954273],[5.65543934]
[5.38373834],[1.64269615],[6.58935688]
[5.41181253],[1.68648116],[7.31942414]
[5.62464308],[1.7222647],[7.94770373]
[5.70149896],[1.75159137],[8.56124575]
[5.90552637],[1.77401351],[9.07521073]
[5.93087963],[1.80459449],[9.24964122]
[5.99993745],[1.83560399],[9.30952802]
[5.96236498],[1.85262508],[9.36095058]
[5.94591955],[1.86086837],[9.42916158]
[6.02775464],[1.86445901],[9.54595117]
[6.12605859],[1.86920798],[9.6063597]
[6.12092729],[1.8636226],[9.6360304]
[6.13279382],[1.84747524],[9.58965957]
[6.09362608],[1.84066245],[9.59817696]
[6.08373468],[1.83017079],[9.49812636]
[6.0341301],[1.8246917],[9.44975731]
[6.00907081],[1.8166503],[9.34910767]
[5.92759244],[1.80811359],[9.24103773]
[5.75967585],[1.80345673],[9.09422096]
[5.78088577],[1.79381678],[8.93869507]
[5.71934076],[1.78961914],[8.821881]
[5.70943106],[1.78088508],[8.72507803]
[5.72143795],[1.77395423],[8.60601798]
[5.68245634],[1.76444072],[8.46282241]
[5.6923604],[1.75591697],[8.30164465]
[5.64885644],[1.7478654],[8.08655328]
[5.66469567],[1.73967068],[7.89887631]
[5.61055667],[1.73053905],[7.71685405]
[5.61036355],[1.71974341],[7.52465883]
[5.54621852],[1.71093225],[7.34465868]
[5.51979919],[1.69723182],[7.18707061]
[5.49376181],[1.67903052],[7.01411789]
[5.4648977],[1.66173363],[6.81511344]
[5.42863913],[1.63700806],[6.58137605]
[5.38129572],[1.61413027],[6.33476754]
[5.33140208],[1.59443233],[6.04816774]
[5.27360919],[1.55749002],[5.73053101]
[5.24079196],[1.50922615],[5.41322388]
[5.22129446],[1.46150002],[5.11058302]
[5.2178665],[1.39657499],[4.83636418]
[5.16332874],[1.31755673],[4.52868036]
[5.06577509],[1.19263596],[4.20186085]
[4.9727171],[1.12619339],[3.92075886]
[4.90022445],[1.05055268],[3.69065927]
[12.63001573],[2.12993919],[18.34062878]
[9.93149059],[1.91643675],[12.37951613]
[8.60577634],[1.72251573],[9.23562487]
[7.08158021],[1.51148231],[6.95063161]
[5.51601796],[1.33460463],[5.44022185]
[4.27785828],[1.10126289],[4.76013102]
[4.03313825],[1.02164317],[4.23727852]
[4.56675803],[1.05183929],[4.04768107]
[4.77804015],[1.27515562],[4.24304915]
[5.05032358],[1.46044777],[4.91523904]
[5.292758],[1.61574076],[5.77410335]
[5.3942362],[1.66385273],[6.7217959]
[5.41929082],[1.70901433],[7.43639504]
[5.6884793],[1.74086142],[8.09464315]
[5.75695275],[1.76822885],[8.69161798]
[5.92950609],[1.79336583],[9.1744047]
[5.95508312],[1.82313186],[9.34598697]
[6.02867924],[1.85325816],[9.41220372]
[5.98881208],[1.86886834],[9.4811095]
[5.98904853],[1.87563107],[9.57339243]
[6.08076164],[1.88032243],[9.69254209]
[6.16577705],[1.88658544],[9.78178188]
[6.15506958],[1.88240717],[9.84506597]
[6.16538786],[1.88610733],[9.81986075]
[6.12930685],[1.87735614],[9.83142242]
[6.12382628],[1.85387276],[9.74218034]
[6.07664897],[1.84884814],[9.7026351]
[6.05721138],[1.83706935],[9.58098076]
[5.9450974],[1.82842681],[9.47261705]
[5.8187038],[1.81847279],[9.2970441]
[5.84466061],[1.80704105],[9.13135335]
[5.78131668],[1.79949872],[8.99766592]
[5.77039034],[1.79059523],[8.89442493]
[5.77635274],[1.7837153],[8.77190873]
[5.73405991],[1.7743348],[8.62230305]
[5.74459157],[1.76540481],[8.45159555]
[5.6957238],[1.75721338],[8.23011737]
[5.71007214],[1.74888295],[8.04773899]
[5.65412812],[1.74011172],[7.86982576]
[5.65560465],[1.73137391],[7.6821834]
[5.59187911],[1.72084246],[7.50039343]
[5.56518255],[1.7024251],[7.33848022]
[5.53865218],[1.68611492],[7.16644575]
[5.51574424],[1.67072668],[6.97167416]
[5.49667172],[1.65240917],[6.73968247]
[5.47674589],[1.63656589],[6.51603929]
[5.45671782],[1.62025206],[6.25755413]
[5.44654893],[1.58376208],[5.95940989]
[5.39329368],[1.53893381],[5.60014006]
[5.34768271],[1.49419646],[5.28485095]
[5.31362741],[1.43609656],[5.00731988]
[5.25699499],[1.36715731],[4.71157736]
[5.16978469],[1.26697614],[4.41294386]
[5.06808847],[1.18021113],[4.12333649]
[4.97722579],[1.11758168],[3.87900172]
[12.69740221],[2.14328214],[18.45692893]
[10.02933725],[1.93553986],[12.47163803]
[8.53191506],[1.74404352],[9.16695613]
[6.95816898],[1.52115241],[6.86720527]
[5.37783106],[1.34685772],[5.35519878]
[4.14291918],[1.09007165],[4.6872678]
[4.03951607],[1.0331955],[4.16672825]
[4.58104425],[1.06287964],[4.0321924]
[4.77614995],[1.31259331],[4.321001]
[5.07551369],[1.49338753],[5.0339227]
[5.30023539],[1.64172255],[5.88819012]
[5.39158394],[1.69244165],[6.84562041]
[5.42804313],[1.73406103],[7.54845034]
[5.72381476],[1.76368048],[8.22245123]
[5.79530649],[1.79545664],[8.82785659]
[5.92965399],[1.81767723],[9.26743219]
[5.98494458],[1.84719221],[9.43737517]
[6.06360242],[1.87820801],[9.54735277]
[6.02623469],[1.89148227],[9.64795702]
[6.04830218],[1.90052368],[9.80228883]
[6.12699427],[1.91657257],[10.01738978]
[6.20341203],[1.93204828],[10.1362257]
[6.19869282],[1.94507269],[10.19407191]
[6.22965384],[1.95405286],[10.16998954]
[6.19007742],[1.94285248],[10.13827853]
[6.21654413],[1.91527734],[10.04168083]
[6.03024131],[1.89515215],[9.91527602]
[5.92213298],[1.87303658],[9.70141445]
[5.9532712],[1.85036124],[9.55165108]
[5.87679294],[1.83006024],[9.36869093]
[5.90381635],[1.81491049],[9.24793791]
[5.83295585],[1.80247919],[9.06155759]
[5.8213492],[1.79154351],[8.93375194]
[5.82663774],[1.78049608],[8.78646036]
[5.78128501],[1.77360571],[8.58781891]
[5.79126274],[1.76330815],[8.39029368]
[5.73798182],[1.75411965],[8.17299587]
[5.75260509],[1.74428616],[8.00179524]
[5.695046],[1.73391883],[7.82327688]
[5.69778195],[1.72317304],[7.64750455]
[5.63472952],[1.71118097],[7.46482005]
[5.60777927],[1.69251079],[7.29485321]
[5.58114759],[1.67105426],[7.10251603]
[5.55366018],[1.65806114],[6.8893861]
[5.53468817],[1.64479503],[6.63452634]
[5.51387031],[1.62525698],[6.36415103]
[5.51622373],[1.59546034],[6.08672577]
[5.51875549],[1.55377418],[5.73133317]
[5.49227959],[1.50833749],[5.39459217]
[5.44439653],[1.46207599],[5.09562899]
[5.41739826],[1.41081404],[4.86436729]
[5.3504612],[1.32276697],[4.61924899]
[5.25239662],[1.22376248],[4.36654418]
[5.16135976],[1.15290181],[4.139391]
[5.05193503],[1.10607122],[3.90710279]
[13.07118647],[2.15485835],[18.74812984]
[10.26171229],[1.9427416],[12.65462593]
[8.59489712],[1.76492785],[9.22850221]
[6.98525898],[1.53095986],[6.85655708]
[5.37123294],[1.35434984],[5.31590669]
[4.13622278],[1.07526689],[4.64567145]
[4.03646902],[1.04227542],[4.15356685]
[4.58859317],[1.07684106],[4.05524512]
[4.77822008],[1.370301],[4.45004352]
[5.09034179],[1.54188491],[5.21193572]
[5.30720662],[1.69051006],[6.09710169]
[5.39592735],[1.73564334],[7.16612807]
[5.44332432],[1.77330156],[7.79741771]
[5.77082256],[1.80514606],[8.50091419]
[5.84202876],[1.8361834],[9.15808677]
[5.95305257],[1.85284052],[9.47343913]
[6.05622429],[1.87603791],[9.65137566]
[6.14190779],[1.91238635],[9.78505809]
[6.11618962],[1.95728829],[9.97967035]
[6.14746129],[1.96832579],[10.24738754]
[6.20320913],[1.99432818],[10.45131691]
[6.27217604],[2.01394803],[10.58756775]
[6.26000187],[2.02447079],[10.60925834]
[6.33637509],[2.02730117],[10.6061159]
[6.27405129],[2.01636562],[10.53568992]
[6.31615559],[1.98720627],[10.4481861]
[6.07860299],[1.96624701],[10.27953186]
[6.02888164],[1.9406131],[10.08788322]
[6.02794995],[1.91838103],[9.90562944]
[5.9724526],[1.89584283],[9.69212915]
[5.97631593],[1.87371308],[9.57229997]
[5.90985363],[1.85138561],[9.35505424]
[5.87976568],[1.83059538],[9.20848989]
[5.89487951],[1.80968721],[9.05035015]
[5.83656516],[1.78833243],[8.82530874]
[5.85097316],[1.77456733],[8.62224631]
[5.79250402],[1.76337866],[8.39979171]
[5.80866124],[1.75352521],[8.2318524]
[5.7493163],[1.74322612],[8.02905578]
[5.7672068],[1.73255847],[7.8453183]
[5.69346088],[1.72019853],[7.65155777]
[5.66746657],[1.7020861],[7.47133869]
[5.6409941],[1.67974135],[7.26404415]
[5.60828706],[1.66667559],[7.0192771]
[5.60328466],[1.65098263],[6.75509202]
[5.58384341],[1.63001507],[6.47767821]
[5.6201027],[1.59601248],[6.20664759]
[5.6329764],[1.55685615],[5.87136381]
[5.61031648],[1.51428027],[5.52864674]
[5.57786559],[1.4679162],[5.21481649]
[5.51818848],[1.41738282],[4.96832316]
[5.40744462],[1.34301991],[4.72536813]
[5.30279199],[1.26689539],[4.49443224]
[5.21064678],[1.19914778],[4.28779692]
[5.11454711],[1.14210848],[4.09210825]
[13.40144936],[2.17087685],[19.1456116]
[10.39489425],[1.95534388],[12.9607323]
[8.60055082],[1.79412144],[9.38659606]
[6.93300565],[1.55941381],[6.88783137]
[5.28095144],[1.37272861],[5.29412699]
[4.04481937],[1.0929557],[4.58330233]
[4.02290402],[1.04740952],[4.09642315]
[4.59029914],[1.08738572],[4.04356321]
[4.78404595],[1.41662757],[4.55203498]
[5.10895778],[1.57674298],[5.35132402]
[5.31376902],[1.72396542],[6.26058439]
[5.41042914],[1.76599581],[7.37299352]
[5.47107676],[1.80939429],[7.97131207]
[5.8295278],[1.84379538],[8.72009813]
[5.88812226],[1.86746505],[9.34206033]
[5.97064458],[1.88222342],[9.64137625]
[6.1096285],[1.91966672],[9.85056121]
[6.20955153],[1.99855135],[10.1070358]
[6.18532439],[2.04229485],[10.45228647]
[6.21494089],[2.04876863],[10.725466]
[6.26209438],[2.08244527],[10.91071431]
[6.36126717],[2.09831431],[11.06713759]
[6.34511827],[2.10507793],[11.07409378]
[6.43593134],[2.10732589],[11.09124816]
[6.3522157],[2.09898066],[10.99902933]
[6.33713016],[2.0696775],[10.9072768]
[6.16661454],[2.04851941],[10.72271671]
[6.17727067],[2.02181046],[10.54793394]
[6.11089489],[2.00007942],[10.32779646]
[6.11115304],[1.97414262],[10.10656545]
[6.05781011],[1.95185478],[9.96252201]
[6.04703338],[1.92839235],[9.72571361]
[5.95270653],[1.90692755],[9.54526286]
[6.03916153],[1.88471574],[9.40506824]
[5.9040801],[1.86308893],[9.13588305]
[6.00138346],[1.84028791],[8.96241136]
[5.85017984],[1.81777052],[8.70738634]
[5.96692191],[1.79631749],[8.57099091]
[5.81110095],[1.76880494],[8.30822798]
[5.90377071],[1.74284287],[8.14100118]
[5.7787549],[1.72836978],[7.8962918]
[5.75284103],[1.70863315],[7.70155303]
[5.7140652],[1.68797616],[7.46132718]
[5.68802541],[1.671509],[7.19676663]
[5.67890535],[1.65263274],[6.87923262]
[5.65916883],[1.62623369],[6.56101221]
[5.68689256],[1.58696989],[6.2510018]
[5.70530648],[1.54519616],[5.89027365]
[5.68749421],[1.49939423],[5.55277286]
[5.65003626],[1.45454056],[5.26845315]
[5.59287614],[1.40937771],[5.03122475]
[5.47602587],[1.34956646],[4.80789963]
[5.37126779],[1.2812114],[4.59346227]
[5.27473996],[1.22293197],[4.39998733]
[5.18784338],[1.16924786],[4.2180334]
[13.90378169],[2.19109411],[19.57843566]
[10.48989833],[1.98159654],[13.19754273]
[8.59807712],[1.84465303],[9.46293055]
[6.79378971],[1.62041684],[6.83846417]
[5.18438049],[1.38730104],[5.20805173]
[3.90985758],[1.07678106],[4.47863452]
[4.02787409],[1.05547821],[4.03238552]
[4.60496745],[1.11766093],[4.03944543]
[4.80024569],[1.46105131],[4.66902709]
[5.14950201],[1.61017283],[5.50460892]
[5.33192508],[1.75032248],[6.41834892]
[5.43946252],[1.78948664],[7.53710429]
[5.56662776],[1.84361041],[8.1319925]
[5.88410529],[1.87397209],[8.91400487]
[5.93194182],[1.89492713],[9.5069839]
[6.00745526],[1.92207213],[9.80915376]
[6.16187017],[2.00430876],[10.13300973]
[6.27170703],[2.07963594],[10.56080433]
[6.24330866],[2.12227549],[10.90512291]
[6.27970835],[2.13053455],[11.19766171]
[6.31221624],[2.15815951],[11.35434856]
[6.44322102],[2.17211528],[11.49856443]
[6.41500088],[2.17591439],[11.50525941]
[6.53538675],[2.18240966],[11.60435794]
[6.39397993],[2.17392364],[11.42015921]
[6.38760955],[2.14374954],[11.39502065]
[6.30659841],[2.12000766],[11.16329075]
[6.34652409],[2.08992103],[11.03428391]
[6.22304026],[2.06757188],[10.73470367]
[6.27431457],[2.04111406],[10.55629717]
[6.15424628],[2.01868735],[10.33521455]
[6.18919616],[1.99293447],[10.10630151]
[6.10098774],[1.96959773],[9.88998158]
[6.17507662],[1.94624473],[9.76176277]
[6.06970856],[1.92367647],[9.47438868]
[6.130335],[1.90031673],[9.30787267]
[6.01185511],[1.87702164],[9.04151783]
[6.08734179],[1.85106759],[8.90727222]
[5.9729073],[1.82146683],[8.6326452]
[6.02386396],[1.79293009],[8.45810435]
[5.92702808],[1.76317676],[8.2011884]
[5.89418207],[1.7343092],[7.99035572]
[5.85571496],[1.69449509],[7.72793073]
[5.82188452],[1.67251904],[7.42653151]
[5.7982802],[1.65319689],[7.08424051]
[5.76865922],[1.6211844],[6.69662254]
[5.74110613],[1.58267928],[6.31858691]
[5.75675733],[1.5387156],[5.93897834]
[5.74552596],[1.49027465],[5.61366019]
[5.70850803],[1.44342003],[5.3274981]
[5.65297782],[1.38954486],[5.10244357]
[5.53693714],[1.33624653],[4.8752733]
[5.43420028],[1.28164205],[4.66983326]
[5.33406612],[1.2362688],[4.48249787]
[5.247194],[1.19117467],[4.30631084]
[15.64716187],[2.20787874],[20.07785228]
[10.90789077],[1.996835],[13.31917761]
[8.63729603],[1.86686289],[9.45366059]
[6.6797914],[1.64626925],[6.76074804]
[5.09389371],[1.38381514],[5.12205611]
[3.77492034],[1.05342954],[4.40553902]
[4.06733951],[1.06638283],[3.98149907]
[4.61399431],[1.18075925],[4.05765837]
[4.82729504],[1.50616077],[4.78792453]
[5.17233401],[1.65109773],[5.66879125]
[5.33710759],[1.77727956],[6.5899073]
[5.46278557],[1.82463407],[7.69637416]
[5.66696406],[1.87845638],[8.30685349]
[5.90911654],[1.90435646],[9.07617698]
[5.94261655],[1.92215908],[9.64435292]
[6.05135357],[2.00945806],[10.04977669]
[6.21527627],[2.09065901],[10.53024827]
[6.32490158],[2.16121934],[11.01217313]
[6.28886475],[2.19810717],[11.3275212]
[6.33286798],[2.20381551],[11.61336797]
[6.36225606],[2.22062637],[11.73988743]
[6.53913334],[2.23113595],[11.92370189]
[6.35627902],[2.23689838],[11.85154234]
[6.48119745],[2.24222083],[11.93511165]
[6.41763948],[2.23701681],[11.73830683]
[6.49599452],[2.20449288],[11.72040934]
[6.47136639],[2.17839327],[11.51020726]
[6.48617034],[2.14687223],[11.38170639]
[6.40373763],[2.12412792],[11.04840224]
[6.41013421],[2.09621332],[10.8395655]
[6.34239029],[2.07154473],[10.61484733]
[6.3056687],[2.04519582],[10.29284655]
[6.25625824],[2.02090288],[10.06905482]
[6.28728957],[1.99549019],[9.90447084]
[6.20622485],[1.96533061],[9.61080149]
[6.23831105],[1.93347556],[9.44592425]
[6.14656469],[1.90157715],[9.16630573]
[6.18875831],[1.87052155],[9.01143787]
[6.1018924],[1.83754178],[8.74425442]
[6.12576029],[1.80652924],[8.54842202]
[6.04965911],[1.77181193],[8.24800462]
[6.01214617],[1.7386918],[7.99704129]
[5.97427126],[1.68759925],[7.7096079]
[5.93640508],[1.6425916],[7.39723322]
[5.90709118],[1.61164963],[7.00634294]
[5.87540224],[1.57237969],[6.55856779]
[5.84539187],[1.52665493],[6.09232417]
[5.81401837],[1.47556277],[5.70404908]
[5.80263284],[1.40645425],[5.4302319]
[5.76587734],[1.34206332],[5.19945851]
[5.71141842],[1.30238586],[5.01273285]
[5.60708022],[1.26617794],[4.82770403]
[5.49647898],[1.22635447],[4.63242942]
[5.39616125],[1.19289419],[4.45359391]
[5.30312934],[1.15885785],[4.29064061]
[17.23129229],[2.22143989],[21.06326243]
[11.51096521],[2.00461675],[13.57483709]
[8.95665459],[1.88756515],[9.61978289]
[6.73819606],[1.6727394],[6.7756779]
[5.09615097],[1.38238495],[5.08946753]
[3.76970724],[1.02816476],[4.40155828]
[4.07094696],[1.07717946],[3.99933986]
[4.62678491],[1.26305746],[4.16436687]
[4.88059976],[1.55388029],[4.99704524]
[5.20582715],[1.70179064],[5.91985234]
[5.35335278],[1.80374961],[6.82872112]
[5.52408357],[1.85757202],[7.96747593]
[5.74590432],[1.90444809],[8.60906017]
[5.94684077],[1.93382823],[9.32329748]
[5.99051076],[2.00752021],[9.91598505]
[6.11124475],[2.09680208],[10.41032299]
[6.28407883],[2.17610658],[11.01556197]
[6.39041504],[2.23974811],[11.50360603]
[6.34777325],[2.27169191],[11.80161119]
[6.40299505],[2.28614602],[12.06798836]
[6.42818769],[2.31734621],[12.22818417]
[6.59890702],[2.32868785],[12.52159121]
[6.41409597],[2.33386538],[12.41009379]
[6.60217616],[2.33959347],[12.55021853]
[6.55757241],[2.3348827],[12.35933843]
[6.6212524],[2.31474688],[12.36177407]
[6.61576418],[2.28510056],[12.16538564]
[6.6158026],[2.23866576],[12.02887412]
[6.57753778],[2.20034548],[11.69369136]
[6.52992793],[2.17096329],[11.4356482]
[6.53149634],[2.13694664],[11.22296365]
[6.42478501],[2.10980071],[10.82042208]
[6.4098042],[2.0856884],[10.59679526]
[6.40082864],[2.05687391],[10.35031868]
[6.34414782],[2.02800488],[10.0696334]
[6.35174602],[1.9956691],[9.85586192]
[6.28307048],[1.9619641],[9.58727437]
[6.29800146],[1.92743584],[9.38629619]
[6.2361333],[1.8933564],[9.11101211]
[6.23625765],[1.86027555],[8.89740464]
[6.17717868],[1.82522158],[8.60408]
[6.13382535],[1.79192784],[8.33365888]
[6.09687779],[1.74211686],[8.03169466]
[6.05833516],[1.65248828],[7.69353073]
[6.02459583],[1.61003947],[7.28346754]
[5.98857149],[1.5684168],[6.80777278]
[5.95904617],[1.52042598],[6.33255453]
[5.9264652],[1.46589763],[5.93619784]
[5.88803561],[1.39232086],[5.61129053]
[5.85831377],[1.3409171],[5.3705729]
[5.80853615],[1.3049841],[5.17093317]
[5.69698361],[1.27056363],[4.96082504]
[5.57355056],[1.23303353],[4.74273409]
[5.45890969],[1.20144002],[4.55289178]
[5.34453994],[1.16930155],[4.37513864]
[19.45437084],[2.23855435],[22.47177854]
[12.67370017],[2.01951607],[14.01614313]
[9.51926115],[1.90930148],[9.91997548]
[6.75887151],[1.71200592],[6.87034142]
[5.0556232],[1.39976671],[5.10032128]
[3.71599946],[1.04857645],[4.38164015]
[4.04919734],[1.08480323],[3.97189759]
[4.6323901],[1.30558566],[4.21753853]
[4.92111856],[1.58152858],[5.11861908]
[5.22411007],[1.72850726],[6.05910198]
[5.36287854],[1.82975802],[6.96869764]
[5.58986971],[1.88425227],[8.1033585]
[5.80397394],[1.94162799],[8.78582721]
[5.97458077],[1.99097516],[9.52446222]
[6.03948184],[2.09216862],[10.20991415]
[6.16273455],[2.17558905],[10.79423617]
[6.33154746],[2.24855883],[11.43728661]
[6.44244394],[2.30755139],[11.93428652]
[6.39759694],[2.37392971],[12.27423623]
[6.4763209],[2.40437724],[12.58128473]
[6.48896867],[2.41988469],[12.76303873]
[6.6115368],[2.42822015],[13.11256639]
[6.55276319],[2.43251237],[13.08862656]
[6.6887093],[2.43660645],[13.2276006]
[6.66886434],[2.43343343],[13.05731363]
[6.70962678],[2.42305967],[13.05550359]
[6.72431922],[2.39065556],[12.86869174]
[6.70445607],[2.33950165],[12.73299933]
[6.69341911],[2.30688988],[12.41786845]
[6.61183014],[2.26858714],[12.0974305]
[6.64360948],[2.23254687],[11.8796508]
[6.50852241],[2.19919562],[11.43254015]
[6.50689378],[2.16630741],[11.18996199]
[6.47388245],[2.13087385],[10.89932402]
[6.42597167],[2.09484428],[10.59268745]
[6.42448059],[2.05631402],[10.35891673]
[6.36906616],[2.02252795],[10.07647812]
[6.36994936],[1.99036862],[9.86248773]
[6.32299886],[1.9546155],[9.57662168]
[6.3111965],[1.92022771],[9.32502415]
[6.26451589],[1.88654478],[9.01143268]
[6.22028266],[1.85393865],[8.71232218]
[6.18372703],[1.80423095],[8.38836974]
[6.14388851],[1.70824072],[8.02399089]
[6.10814362],[1.63271889],[7.59870209]
[6.07111145],[1.56107165],[7.09888044]
[6.03858861],[1.50911242],[6.64594633]
[6.00537529],[1.44703406],[6.25331491]
[5.96784743],[1.37961278],[5.91165518]
[5.92315935],[1.33452558],[5.61683692]
[5.87367789],[1.2995214],[5.37038522]
[5.7726581],[1.26567615],[5.11766416]
[5.65805703],[1.23097854],[4.88243604]
[5.53301136],[1.20136326],[4.67101401]
[5.42218384],[1.1708008],[4.48924881]
