meltWidth,meltDepth,meltArea
[0.],[0.],[0.]
[0.],[0.],[0.]
[0.],[0.],[0.]
[0.],[0.],[0.]
[0.],[0.],[0.]
[0.],[0.],[0.]
[0.],[0.],[0.]
[0.],[0.],[0.]
[0.],[0.],[0.]
[0.],[0.],[0.]
[0.],[0.],[0.]
[0.],[0.],[0.]
[0.],[0.],[0.]
[0.],[0.],[0.]
[0.],[0.],[0.]
[0.],[0.],[0.]
[0.],[0.],[0.]
[0.],[0.],[0.]
[0.],[0.],[0.]
[0.],[0.],[0.]
[0.],[0.],[0.]
[0.],[0.],[0.]
[0.],[0.],[0.]
[0.],[0.],[0.]
[0.],[0.],[0.]
[0.],[0.],[0.]
[0.],[0.],[0.]
[0.],[0.],[0.]
[0.],[0.],[0.]
[0.],[0.],[0.]
[0.],[0.],[0.]
[0.],[0.],[0.]
[0.],[0.],[0.]
[0.],[0.],[0.]
[0.],[0.],[0.]
[0.],[0.],[0.]
[0.],[0.],[0.]
[0.],[0.],[0.]
[0.],[0.],[0.]
[0.],[0.],[0.]
[0.],[0.],[0.]
[0.],[0.],[0.]
[0.],[0.],[0.]
[0.],[0.],[0.]
[0.],[0.],[0.]
[0.],[0.],[0.]
[0.],[0.],[0.]
[0.],[0.],[0.]
[0.],[0.],[0.]
[0.],[0.],[0.]
[0.],[0.],[0.]
[0.],[0.],[0.]
[0.],[0.],[0.]
[0.],[0.],[0.]
[0.],[0.],[0.]
[0.],[0.],[0.]
[0.],[0.],[0.]
[0.],[0.],[0.]
[1.03278997],[0.18786664],[0.15940859]
[1.20858578],[0.34737382],[0.31593886]
[1.26479651],[0.34939778],[0.3364538]
[1.31124696],[0.37823258],[0.38612724]
[1.34727766],[0.40775008],[0.39526115]
[1.37690923],[0.42658415],[0.42670661]
[1.5690037],[0.44666109],[0.47053062]
[1.51353447],[0.46755566],[0.48877796]
[1.82325834],[0.49253698],[0.59704814]
[1.76678503],[0.51926473],[0.60913578]
[1.98191788],[0.54636731],[0.75104099]
[1.95596746],[0.56708746],[0.75607805]
[2.04135049],[0.59839593],[0.83510291]
[2.08341476],[0.60995582],[0.88927028]
[2.08304317],[0.62615611],[0.87827754]
[2.12776987],[0.63551175],[0.93786448]
[2.14496384],[0.63422655],[0.91210159]
[2.25178004],[0.63400915],[0.96674867]
[2.25068632],[0.63460058],[0.93582191]
[2.29391907],[0.63537723],[0.98333486]
[2.26890767],[0.63354462],[0.94173501]
[2.30296579],[0.63099147],[0.97786048]
[2.26437941],[0.62990808],[0.92410136]
[2.30073413],[0.62747602],[0.97344931]
[2.25971969],[0.6257542],[0.91284888]
[2.30495399],[0.62434758],[0.9696893]
[2.25966077],[0.62370723],[0.91658112]
[2.31443928],[0.63233388],[0.95902607]
[2.28586696],[0.62476434],[0.95615865]
[2.31262738],[0.62467235],[0.95519723]
[2.28153765],[0.62389594],[0.95324018]
[2.27725263],[0.6230953],[0.94729747]
[2.27633944],[0.62330965],[0.94685056]
[2.27407047],[0.62185513],[0.94912831]
[2.27111385],[0.62126318],[0.94045097]
[2.26513118],[0.61938334],[0.93155816]
[2.26012179],[0.61396035],[0.92145792]
[2.25123522],[0.60715712],[0.9122024]
[2.22809996],[0.60045158],[0.89261074]
[2.21340325],[0.59212711],[0.87941577]
[2.20029608],[0.58270614],[0.86815321]
[2.19097675],[0.57678385],[0.84917972]
[2.18718835],[0.57161481],[0.84505049]
[2.18407487],[0.5622863],[0.83853599]
[2.18132498],[0.55343341],[0.83070481]
[2.1760066],[0.54893789],[0.82329137]
[2.17241632],[0.5498137],[0.82341252]
[2.18089928],[0.54151862],[0.82001629]
[2.18457219],[0.53158224],[0.80596775]
[2.17683318],[0.51877187],[0.77361397]
[0.],[0.],[0.]
[0.],[0.],[0.]
[0.],[0.],[0.]
[0.],[0.],[0.]
[0.],[0.],[0.]
[1.14290648],[0.33897819],[0.23548009]
[1.31940351],[0.44068698],[0.42158058]
[1.47105843],[0.52340701],[0.49698151]
[1.54820263],[0.59357487],[0.60078646]
[1.93961955],[0.63124579],[0.77061161]
[1.96908258],[0.65167528],[0.81128939]
[2.13545473],[0.67227123],[0.95503622]
[2.16006294],[0.69129682],[0.9955138]
[2.18991335],[0.70657515],[1.0192683]
[2.25219423],[0.72955571],[1.11929231]
[2.24490091],[0.74146632],[1.09820287]
[2.31292433],[0.75314224],[1.19311084]
[2.29312386],[0.76324711],[1.15422927]
[2.42428111],[0.77283984],[1.25531213]
[2.42907637],[0.78112172],[1.22402003]
[2.60559634],[0.78789013],[1.332465]
[2.68387092],[0.7925413],[1.34419941]
[2.77112145],[0.79388307],[1.40984082]
[2.77625831],[0.79526533],[1.39831878]
[2.83871812],[0.7964651],[1.46047417]
[2.81848006],[0.79625171],[1.43043584]
[2.85428323],[0.79305602],[1.46618633]
[2.81736601],[0.79073506],[1.41564061]
[2.85160521],[0.78864944],[1.46122533]
[2.80869446],[0.78718503],[1.39979566]
[2.85506455],[0.78454333],[1.45723008]
[2.80293965],[0.7862022],[1.39981993]
[2.86140549],[0.78681697],[1.45697586]
[2.83454321],[0.78698195],[1.45077118]
[2.85470709],[0.78771887],[1.45835967]
[2.82828348],[0.78919214],[1.44506669]
[2.81292812],[0.79005072],[1.43884772]
[2.80834663],[0.78994041],[1.43979351]
[2.80170651],[0.7909142],[1.44527175]
[2.79690114],[0.79134137],[1.44016913]
[2.7920003],[0.7858803],[1.43220861]
[2.78401541],[0.77862639],[1.41568977]
[2.75498488],[0.77225147],[1.38537244]
[2.70876431],[0.76602736],[1.34443286]
[2.65844689],[0.7591896],[1.30757793]
[2.59414056],[0.7542864],[1.27762427]
[2.53602911],[0.749422],[1.24894353]
[2.47141559],[0.74051944],[1.22310395]
[2.44495025],[0.73039392],[1.20361638]
[2.43004669],[0.72017871],[1.18605536]
[2.41463653],[0.7140516],[1.16717964]
[2.39764977],[0.71300376],[1.15076436]
[2.37663992],[0.71151798],[1.13716287]
[2.34808888],[0.70931862],[1.10891515]
[2.33113531],[0.70685394],[1.09315292]
[2.02793117],[0.48247044],[0.69764001]
[0.],[0.],[0.]
[0.],[0.],[0.]
[0.],[0.],[0.]
[0.],[0.],[0.]
[1.07477019],[0.32928962],[0.17489719]
[1.38300534],[0.497079],[0.45040503]
[1.65893725],[0.59369848],[0.58718828]
[1.82664409],[0.65962079],[0.76217501]
[2.16048422],[0.72899853],[1.01226814]
[2.22140448],[0.75442484],[1.0839113]
[2.2878496],[0.77406759],[1.17538118]
[2.332379],[0.78945725],[1.24663009]
[2.34163292],[0.79896833],[1.25778632]
[2.38437147],[0.81229452],[1.32121488]
[2.40118233],[0.82325133],[1.31784903]
[2.46665189],[0.83220004],[1.37675524]
[2.49225849],[0.82795947],[1.38841896]
[2.66000166],[0.82101818],[1.44241243]
[2.76357184],[0.81588438],[1.48354988]
[2.86269783],[0.81666756],[1.54538412]
[2.93063112],[0.81762773],[1.59383274]
[2.96854879],[0.81847101],[1.6228805]
[3.00312003],[0.81976025],[1.6520542]
[3.0081687],[0.8206268],[1.66764933]
[3.060617],[0.8187977],[1.67937013]
[3.02497475],[0.81575165],[1.67337657]
[3.08381289],[0.81415199],[1.67936876]
[3.03348142],[0.81195196],[1.66993785]
[3.08520793],[0.81044892],[1.66487014]
[3.04677587],[0.81090712],[1.67222552]
[3.08490316],[0.81348345],[1.66754245]
[3.07356875],[0.81812792],[1.6938141]
[3.09372833],[0.81711327],[1.69378792]
[3.06595716],[0.81903634],[1.69456079]
[3.07284842],[0.82109939],[1.68595601]
[3.0341114],[0.82295452],[1.68206163]
[3.02588125],[0.82463295],[1.68199119]
[3.01321411],[0.82683794],[1.68441859]
[3.0017647],[0.82835827],[1.67693882]
[2.99543391],[0.82885878],[1.67197967]
[2.98504073],[0.82864025],[1.66098767]
[2.96360179],[0.82879676],[1.64037433]
[2.9274739],[0.82894809],[1.60798616]
[2.88465704],[0.82396453],[1.57300809]
[2.83643298],[0.82028078],[1.5373052]
[2.78835569],[0.81643782],[1.49945549]
[2.73349626],[0.80592859],[1.4545973]
[2.67821084],[0.79603761],[1.417656]
[2.62112851],[0.78547725],[1.382056]
[2.55916701],[0.77488619],[1.34495509]
[2.50708532],[0.76423774],[1.31402296]
[2.48849458],[0.76300777],[1.29709386]
[2.47179225],[0.75920869],[1.2705143]
[2.46122705],[0.7561547],[1.25159826]
[2.81343523],[0.84568241],[1.37046098]
[0.],[0.],[0.]
[0.],[0.],[0.]
[0.],[0.],[0.]
[0.],[0.],[0.]
[1.05981187],[0.3913976],[0.20561215]
[1.57661884],[0.55934682],[0.52732778]
[2.02545052],[0.664778],[0.8155847]
[2.21708268],[0.73597455],[1.05519369]
[2.26973459],[0.78420254],[1.14508064]
[2.37010307],[0.80233364],[1.27979409]
[2.37492624],[0.81954025],[1.29946964]
[2.43879338],[0.83036188],[1.38438339]
[2.43901957],[0.82671928],[1.37195687]
[2.50374046],[0.82247336],[1.42857667]
[2.52691711],[0.81927872],[1.44034642]
[2.69476473],[0.81443824],[1.49678135]
[2.80194447],[0.81146654],[1.53697779]
[2.89767759],[0.80812668],[1.59186112]
[2.96989222],[0.80606043],[1.63491153]
[3.01969703],[0.80928122],[1.68208792]
[3.07487409],[0.8115749],[1.73589051]
[3.08960173],[0.81445412],[1.74866075]
[3.16190551],[0.81782657],[1.7912956]
[3.12210618],[0.82024622],[1.78287553]
[3.20162868],[0.81889822],[1.81809737]
[3.1434705],[0.81612564],[1.79263707]
[3.23017612],[0.81458454],[1.82197271]
[3.15632084],[0.81343694],[1.79025893]
[3.23714866],[0.81236884],[1.81648962]
[3.16534833],[0.81309566],[1.79183876]
[3.23071063],[0.8150047],[1.81889547]
[3.20024734],[0.81509912],[1.83803292]
[3.22309089],[0.8170081],[1.82723893]
[3.19348581],[0.81918356],[1.84773597]
[3.20046097],[0.82151164],[1.818045]
[3.15397632],[0.82365203],[1.81300236]
[3.14579727],[0.82573143],[1.81518953]
[3.13127621],[0.82802007],[1.81483637]
[3.12456463],[0.83010686],[1.8150303]
[3.121235],[0.8312514],[1.81499827]
[3.11487266],[0.832692],[1.81321966]
[3.09921516],[0.834223],[1.79988336]
[3.07404916],[0.83522601],[1.7745378]
[3.03836044],[0.83614234],[1.74996037]
[2.99636997],[0.83828352],[1.71582829]
[2.9804115],[0.83927185],[1.6958602]
[2.95512717],[0.83351585],[1.66331047]
[2.92998127],[0.82792891],[1.63284403]
[2.9041499],[0.82198659],[1.60243366]
[2.88233435],[0.81486574],[1.57465255]
[2.86050997],[0.8075899],[1.54924256]
[2.82082553],[0.80134474],[1.51745199]
[2.81072182],[0.79652843],[1.49541939]
[2.78587268],[0.79348118],[1.47067599]
[2.79573769],[1.24214087],[1.64931935]
[0.83832155],[0.50422222],[0.20444473]
[0.],[0.],[0.]
[0.],[0.],[0.]
[0.21950099],[0.06043691],[0.00619502]
[1.53405764],[0.49157335],[0.387377]
[2.06104125],[0.669891],[0.85294291]
[2.18872281],[0.76025627],[1.04698391]
[2.34069546],[0.81646173],[1.26666114]
[2.3517567],[0.84610509],[1.30066727]
[2.44905413],[0.8481537],[1.41113738]
[2.45384362],[0.85066721],[1.41566304]
[2.56885851],[0.85002174],[1.50263381]
[2.65509344],[0.84602488],[1.51129456]
[2.77037121],[0.84273677],[1.59241102]
[2.86779007],[0.84084366],[1.62196296]
[2.95707164],[0.83914391],[1.68933402]
[3.01573636],[0.83857369],[1.72757386]
[3.06380349],[0.84122424],[1.77137952]
[3.12436828],[0.84402155],[1.82836081]
[3.13845538],[0.84911144],[1.85256639]
[3.1768445],[0.85235497],[1.89063294]
[3.17430105],[0.85586582],[1.8882845]
[3.25856967],[0.85855436],[1.92491105]
[3.19005713],[0.85935789],[1.91554914]
[3.28065986],[0.85825969],[1.9472766]
[3.21193389],[0.85617535],[1.92486756]
[3.31039143],[0.85437511],[1.95060294]
[3.22576496],[0.85316954],[1.92162377]
[3.32562256],[0.8519342],[1.95306789]
[3.23979479],[0.85189379],[1.93238016]
[3.31750343],[0.85242514],[1.96604677]
[3.273067],[0.84990921],[1.98241957]
[3.31211651],[0.85339524],[1.98872828]
[3.26777356],[0.85438167],[2.00147588]
[3.29241434],[0.85612543],[1.98556103]
[3.24638988],[0.85710152],[1.97917619]
[3.23987508],[0.85733706],[1.9812488]
[3.22612862],[0.85904842],[1.97828793]
[3.22292542],[0.86007978],[1.9848958]
[3.22004213],[0.85888413],[1.9834509]
[3.21456196],[0.85844186],[1.98174215]
[3.20240645],[0.85805093],[1.9690102]
[3.18400775],[0.85861333],[1.95044637]
[3.15256436],[0.85969798],[1.93137673]
[3.12736645],[0.86214575],[1.90965774]
[3.1134583],[0.86144701],[1.89390317]
[3.09635706],[0.85655394],[1.86474391]
[3.08058632],[0.85147766],[1.83687177]
[3.06292639],[0.84616179],[1.80627031]
[3.04591354],[0.84290575],[1.777946]
[3.02864655],[0.83945932],[1.75295199]
[2.99679202],[0.83351733],[1.71571751]
[2.98712029],[0.82918883],[1.69436045]
[2.96984845],[0.82479805],[1.66852773]
[2.83137788],[1.2917692],[1.8675054]
[0.94384701],[0.71777889],[0.35325582]
[0.],[0.],[0.]
[0.],[0.],[0.]
[0.],[0.],[0.]
[1.77229737],[0.53478584],[0.55291627]
[2.17206593],[0.73452913],[0.99404515]
[2.25816005],[0.79421032],[1.13859204]
[2.41062096],[0.84027384],[1.34576258]
[2.42682533],[0.8693713],[1.39610257]
[2.65978557],[0.87081297],[1.52763469]
[2.80006953],[0.87206923],[1.56855984]
[2.90443957],[0.87057654],[1.66066042]
[2.95599262],[0.8659605],[1.6851822]
[3.01237855],[0.86326355],[1.75851166]
[3.06025024],[0.86547715],[1.78855309]
[3.11150928],[0.86889684],[1.85908256]
[3.12983318],[0.87193485],[1.86360377]
[3.18108813],[0.87417172],[1.94647174]
[3.17971744],[0.87522269],[1.91374152]
[3.217172],[0.87862273],[1.97779587]
[3.2188861],[0.88155717],[1.94579982]
[3.24058683],[0.88426733],[2.00707622]
[3.3379329],[0.88531788],[1.99159046]
[3.26929843],[0.88625221],[2.03886943]
[3.39288484],[0.88550731],[2.03544322]
[3.30365101],[0.88335086],[2.05400969]
[3.45380105],[0.88117071],[2.05580978]
[3.33056266],[0.87997126],[2.05431415]
[3.47169098],[0.87927499],[2.07017428]
[3.34259159],[0.87873197],[2.06491164]
[3.47327674],[0.88053822],[2.09644978]
[3.40963159],[0.87745655],[2.11120757]
[3.48571711],[0.88182731],[2.14167373]
[3.39791168],[0.88285033],[2.1314242]
[3.46100081],[0.88467632],[2.14678099]
[3.36446512],[0.8856693],[2.12396384]
[3.34433052],[0.88577802],[2.12854607]
[3.32226831],[0.88756942],[2.13609053]
[3.31465941],[0.88855391],[2.14216548]
[3.31347149],[0.88724054],[2.14656244]
[3.30802014],[0.88598144],[2.14518238]
[3.29889457],[0.88516208],[2.13515184]
[3.28272483],[0.88365375],[2.11522658]
[3.25436013],[0.88282589],[2.0967348]
[3.22075699],[0.8838458],[2.07444144]
[3.21024481],[0.87948039],[2.05468035]
[3.19856347],[0.8733896],[2.02739916]
[3.1866126],[0.86814813],[2.00223006]
[3.17263258],[0.86452532],[1.97709799]
[3.16137321],[0.86029933],[1.95592917]
[3.14894123],[0.85626636],[1.93601717]
[3.12819431],[0.85094529],[1.906944]
[3.11822571],[0.84617509],[1.88806922]
[3.10353421],[0.84172844],[1.86095615]
[3.18043674],[1.19378649],[1.88555796]
[0.94376521],[0.78098208],[0.37864769]
[0.],[0.],[0.]
[0.],[0.],[0.]
[0.72349842],[0.02053663],[0.00594896]
[1.91145109],[0.56373147],[0.6301532]
[2.25044499],[0.74829756],[1.05395632]
[2.32614253],[0.80338396],[1.20648774]
[2.49824404],[0.84515323],[1.41075121]
[2.66314169],[0.87117141],[1.48945812]
[2.86723572],[0.87537227],[1.64149551]
[2.97501783],[0.88239401],[1.70070366]
[3.05802031],[0.88365245],[1.80557893]
[3.09649648],[0.88252669],[1.84049193]
[3.14302445],[0.88474618],[1.92294957]
[3.16186375],[0.88588549],[1.92717437]
[3.21913922],[0.88768948],[2.02053205]
[3.21667503],[0.89042402],[1.98215104]
[3.26028958],[0.89284606],[2.05614078]
[3.27039269],[0.89446602],[2.00185108]
[3.30070963],[0.89808887],[2.0787222]
[3.32488319],[0.90124923],[2.04630627]
[3.31116125],[0.90428764],[2.11149935]
[3.37457141],[0.90559751],[2.08218075]
[3.31152082],[0.90688933],[2.13696156]
[3.41548088],[0.90647918],[2.12482869]
[3.31460329],[0.90452801],[2.14819148]
[3.47051112],[0.90217273],[2.14260862]
[3.3438326],[0.90090516],[2.15241593]
[3.49363449],[0.90091167],[2.16062085]
[3.42825959],[0.90178464],[2.18084676]
[3.55800455],[0.903442],[2.21133388]
[3.55494702],[0.89989486],[2.24661942]
[3.62088973],[0.90429698],[2.28150198]
[3.588557],[0.90511181],[2.28427709]
[3.61924352],[0.90689603],[2.29519683]
[3.56667006],[0.90777445],[2.27004261]
[3.54497993],[0.90779856],[2.27316344]
[3.52270475],[0.90956526],[2.2751489]
[3.50860297],[0.91008898],[2.27725481]
[3.50204565],[0.90801669],[2.27870719]
[3.48901614],[0.90659236],[2.27670857]
[3.46325724],[0.90554122],[2.26956685]
[3.42788003],[0.90371254],[2.25634296]
[3.33954221],[0.90297916],[2.23177822]
[3.29780855],[0.90294614],[2.20833106]
[3.27201506],[0.89716417],[2.1791378]
[3.26300256],[0.89091181],[2.15254636]
[3.25418192],[0.88608169],[2.12837333]
[3.2440055],[0.88234247],[2.10632934]
[3.23358011],[0.8766746],[2.08090439]
[3.22277936],[0.8707794],[2.05796031]
[3.20578024],[0.8668298],[2.02952542]
[3.19438608],[0.86105554],[2.00700305]
[3.1809026],[0.85560597],[1.98080301]
[3.50870423],[1.12345041],[2.10545931]
[1.0336301],[0.65758273],[0.31268612]
[0.],[0.],[0.]
[0.],[0.],[0.]
[1.0835744],[0.0792985],[0.06788641]
[2.06352385],[0.58352925],[0.70570464]
[2.33089642],[0.73496838],[1.10148737]
[2.39441921],[0.79036795],[1.25204117]
[2.6623243],[0.8342363],[1.4747094]
[2.8223382],[0.86065636],[1.57490772]
[2.97859909],[0.87044726],[1.73248232]
[3.07055114],[0.87962981],[1.79793699]
[3.13477662],[0.8809392],[1.9023643]
[3.16421717],[0.88173431],[1.93567602]
[3.20684888],[0.88424026],[2.022882]
[3.21347501],[0.88594937],[2.00559054]
[3.26394475],[0.88778231],[2.07959167]
[3.26557271],[0.8910717],[2.03575525]
[3.30120374],[0.89369078],[2.10021489]
[3.38689213],[0.89557517],[2.07655461]
[3.41124608],[0.8989405],[2.13551398]
[3.47408413],[0.90224216],[2.1262054]
[3.47243325],[0.90520717],[2.17371685]
[3.49571694],[0.90620685],[2.15571056]
[3.47823111],[0.90746338],[2.21063673]
[3.49522267],[0.91218298],[2.19691424]
[3.47878084],[0.90549897],[2.23418679]
[3.50242927],[0.90826152],[2.20246286]
[3.46359958],[0.90200884],[2.22308379]
[3.49663948],[0.90342232],[2.20834019]
[3.44898803],[0.90426729],[2.23126687]
[3.57348023],[0.90678718],[2.25479748]
[3.55116902],[0.90343269],[2.29049965]
[3.63728723],[0.90880534],[2.32860121]
[3.61601984],[0.90982795],[2.34095854]
[3.66660638],[0.91144479],[2.36321347]
[3.65524402],[0.91241493],[2.35635492]
[3.65558361],[0.91289435],[2.3732423]
[3.63234734],[0.91402052],[2.36967221]
[3.61501224],[0.91444524],[2.37115734]
[3.60533679],[0.91277196],[2.37215294]
[3.59004256],[0.91149766],[2.3668433]
[3.56337486],[0.91054272],[2.35376783]
[3.53046079],[0.90947848],[2.3343478]
[3.44949753],[0.908585],[2.30598987]
[3.32370442],[0.90768611],[2.26821414]
[3.30003869],[0.90355715],[2.24518871]
[3.29228084],[0.89936666],[2.22557757]
[3.28570028],[0.89662864],[2.20841302]
[3.27717613],[0.89419541],[2.19106081]
[3.26802257],[0.89089304],[2.16931643]
[3.25896119],[0.88620212],[2.14805137]
[3.24641078],[0.88127998],[2.12229465]
[3.23628124],[0.87692985],[2.10041453]
[3.22466932],[0.8742711],[2.07651991]
[3.45256652],[1.09863403],[2.0125674]
[0.87660266],[0.38749924],[0.15146035]
[0.],[0.],[0.]
[0.],[0.],[0.]
[1.41051253],[0.20238804],[0.18143522]
[2.15330955],[0.64261886],[0.83582497]
[2.39537379],[0.75478271],[1.20607625]
[2.47934662],[0.81321815],[1.35813836]
[2.75561748],[0.85773139],[1.58081697]
[2.91456865],[0.88042788],[1.69164579]
[3.05173645],[0.89021031],[1.84409953]
[3.14362161],[0.89834465],[1.90919521]
[3.19102441],[0.90023242],[2.00773025]
[3.21139522],[0.89959388],[2.02556381]
[3.25160834],[0.90129356],[2.1066457]
[3.25477838],[0.90206144],[2.06765455]
[3.30406853],[0.90323629],[2.14547955]
[3.37251783],[0.90623598],[2.11087456]
[3.38945778],[0.90828643],[2.16651542]
[3.47062194],[0.91032126],[2.15096371]
[3.49450276],[0.91355303],[2.21057692]
[3.55290793],[0.91682594],[2.22034132]
[3.54373978],[0.91981067],[2.27926]
[3.56577553],[0.93035223],[2.27788641]
[3.53639687],[0.92161407],[2.32845015]
[3.55397225],[0.93958199],[2.31872414]
[3.52357981],[0.92013929],[2.34523207]
[3.55156455],[0.93559746],[2.3192466]
[3.50645451],[0.91615141],[2.32904656]
[3.53807041],[0.929917],[2.31769398]
[3.49483359],[0.91903825],[2.33412649]
[3.59030071],[0.9303266],[2.35023772]
[3.57003207],[0.92147353],[2.38550164]
[3.65300935],[0.93208649],[2.4240503]
[3.63442367],[0.92738176],[2.43746925]
[3.68159829],[0.92964604],[2.45831042]
[3.67209475],[0.93046446],[2.45017971]
[3.65736626],[0.93028624],[2.45760359]
[3.63460444],[0.93132941],[2.45331491]
[3.61795478],[0.93172863],[2.45463677]
[3.60920597],[0.93018347],[2.45577517]
[3.59438466],[0.92859533],[2.45035845]
[3.5662506],[0.9274933],[2.43016396]
[3.53200868],[0.92653836],[2.40210635]
[3.44272167],[0.92543269],[2.35777064]
[3.31822624],[0.92321807],[2.31769646]
[3.30794288],[0.91863492],[2.29809847]
[3.30062088],[0.91530351],[2.28060842]
[3.29426777],[0.91238164],[2.26215712]
[3.28723819],[0.9096358],[2.24356408]
[3.27875361],[0.90620649],[2.22235895]
[3.26932575],[0.90168389],[2.20181838]
[3.25717772],[0.89826111],[2.1770946]
[3.2466844],[0.89553878],[2.15649418]
[3.23566865],[0.89245933],[2.1312899]
[3.53799648],[1.16429859],[2.10232388]
[1.0585144],[0.39244767],[0.1804298]
[0.],[0.],[0.]
[0.],[0.],[0.]
[1.52552871],[0.26088939],[0.23833434]
[2.19272258],[0.65751516],[0.89804214]
[2.4238497],[0.76812598],[1.25286271]
[2.53900374],[0.82639456],[1.41523346]
[2.80392056],[0.87149958],[1.63964793]
[2.96764733],[0.89324575],[1.75824239]
[3.0961804],[0.90355436],[1.90894857]
[3.18860899],[0.90926922],[1.97386754]
[3.22672928],[0.90986113],[2.06993882]
[3.24035305],[0.90896924],[2.075989]
[3.27707392],[0.91028463],[2.1504669]
[3.30643382],[0.91075354],[2.11131502]
[3.32817212],[0.91142572],[2.1860932]
[3.41046395],[0.91320062],[2.15624579]
[3.42013775],[0.91477212],[2.20791923]
[3.49960934],[0.91685234],[2.2144706]
[3.52484061],[0.92038923],[2.30466695]
[3.57503261],[0.94272392],[2.32609952]
[3.56865775],[0.93445055],[2.3852749]
[3.58521554],[0.96226814],[2.38325175]
[3.56179216],[0.95241083],[2.43804628]
[3.57357846],[0.97372282],[2.42640839]
[3.54926691],[0.958189],[2.45635743]
[3.57137859],[0.96692878],[2.4263157]
[3.53200433],[0.94714222],[2.43856781]
[3.56154206],[0.96262867],[2.42644791]
[3.5229268],[0.9469903],[2.4429634]
[3.58241618],[0.96272764],[2.4479849]
[3.55857525],[0.95470611],[2.47355765]
[3.65107068],[0.96282935],[2.517782]
[3.63063579],[0.95603137],[2.52203664]
[3.68125607],[0.95517914],[2.54799861]
[3.6711138],[0.95550024],[2.53635091]
[3.67227743],[0.95606311],[2.55221466]
[3.67190752],[0.95680525],[2.5585307]
[3.65669336],[0.95744243],[2.55639899]
[3.64565416],[0.95839021],[2.55445325]
[3.63236554],[0.95550812],[2.5469654]
[3.60669053],[0.94777613],[2.52359131]
[3.58029392],[0.94185803],[2.49282133]
[3.50179723],[0.94039747],[2.44097298]
[3.37465722],[0.93673483],[2.3711744]
[3.31416413],[0.93275931],[2.33493693]
[3.30733887],[0.92931402],[2.32053056]
[3.30090429],[0.92628521],[2.30569891]
[3.29350252],[0.92345631],[2.28825542]
[3.28562206],[0.91997209],[2.26566296]
[3.27766407],[0.91540299],[2.24445978]
[3.26520155],[0.91180025],[2.22013094]
[3.25420303],[0.90927567],[2.20156256]
[3.24307665],[0.90645842],[2.17979802]
[3.47586179],[1.19083921],[2.11456522]
[1.12074277],[0.35778425],[0.18048161]
[0.],[0.],[0.]
[0.],[0.],[0.]
[1.60701131],[0.32072881],[0.2968183]
[2.23123031],[0.67210191],[0.94959896]
[2.44589426],[0.77889706],[1.28103461]
[2.59531463],[0.83497061],[1.45364863]
[2.84068536],[0.87907442],[1.67286107]
[3.00297244],[0.89864493],[1.79252756]
[3.12267391],[0.90840868],[1.93988689]
[3.21373097],[0.91432842],[2.00250002]
[3.24268914],[0.91438341],[2.10145394]
[3.2541791],[0.91367926],[2.10206594]
[3.29289144],[0.91492071],[2.18076818]
[3.3389696],[0.91548378],[2.14200923]
[3.36236014],[0.91590844],[2.21232914]
[3.44028188],[0.91737632],[2.18874344]
[3.44774979],[0.9182434],[2.26852514]
[3.52475264],[0.93209507],[2.28372888]
[3.55236006],[0.93344092],[2.36834804]
[3.59667891],[0.95587149],[2.38160758]
[3.59260074],[0.95175477],[2.43940995]
[3.60553004],[0.98359062],[2.44169471]
[3.58683053],[0.97591251],[2.49640715]
[3.59528688],[0.99564556],[2.4805389]
[3.57607171],[0.98275328],[2.50918481]
[3.59261973],[0.98996035],[2.47810954]
[3.55837713],[0.9711747],[2.49352083]
[3.58483351],[0.98493543],[2.47880471]
[3.55103981],[0.97003535],[2.4967483]
[3.57814414],[0.98491817],[2.48962592]
[3.57120276],[0.97665996],[2.51695299]
[3.64699187],[0.98426341],[2.55583408]
[3.62586393],[0.97738047],[2.5560752]
[3.68094773],[0.9759387],[2.5855737]
[3.6700364],[0.97597751],[2.57239888]
[3.67138461],[0.97672022],[2.58956602]
[3.68229606],[0.97687912],[2.60331281]
[3.69006688],[0.97694741],[2.61575082]
[3.68244186],[0.9770091],[2.6143404]
[3.67073632],[0.97007117],[2.60397748]
[3.64755369],[0.96190877],[2.57895587]
[3.62435547],[0.95548517],[2.54791229]
[3.55547917],[0.94970296],[2.49468368]
[3.44234625],[0.94507304],[2.42186287]
[3.32578707],[0.94277748],[2.36811673]
[3.31548279],[0.93969132],[2.34084579]
[3.30833282],[0.93664828],[2.32693991]
[3.30017478],[0.93376811],[2.31231535]
[3.29213036],[0.93055261],[2.29210297]
[3.28358775],[0.92607779],[2.27087201]
[3.27275257],[0.92236359],[2.24444263]
[3.26210524],[0.91926119],[2.22499643]
[3.25047517],[0.91626727],[2.20238869]
[3.5327974],[1.18218125],[2.19610743]
[1.21630907],[0.39393975],[0.21246086]
[0.],[0.],[0.]
[0.],[0.],[0.]
[1.62338698],[0.33448832],[0.31091922]
[2.25961682],[0.66518482],[0.96068412]
[2.45954048],[0.76853559],[1.27802532]
[2.60759317],[0.82633265],[1.45541105]
[2.84938814],[0.87123081],[1.67120618]
[3.01505523],[0.88978048],[1.79433803]
[3.1370967],[0.89994376],[1.94489519]
[3.226241],[0.90643516],[2.00562781]
[3.25852896],[0.90654799],[2.11880032]
[3.27836032],[0.90529369],[2.10991548]
[3.30954164],[0.90692563],[2.19295279]
[3.37098219],[0.90846913],[2.152465]
[3.39714118],[0.91059564],[2.23333891]
[3.4654018],[0.9125075],[2.21864373]
[3.47890419],[0.916289],[2.30474913]
[3.55074935],[0.9354339],[2.31746459]
[3.58290455],[0.94270282],[2.40835817]
[3.62112426],[0.96342396],[2.41755799]
[3.62137379],[0.97262153],[2.4894817]
[3.62978735],[0.99930552],[2.48680066]
[3.61654287],[0.99663904],[2.54291995]
[3.61960747],[1.01313779],[2.52317556]
[3.6058137],[1.0064322],[2.55536949]
[3.6169579],[1.01064444],[2.52633892]
[3.59096862],[0.99975353],[2.55022434]
[3.61225427],[1.0111125],[2.53631679]
[3.5848028],[0.99936801],[2.55579047]
[3.60738334],[1.0117018],[2.54879339]
[3.60537944],[1.00615433],[2.57249733]
[3.65148261],[1.01240768],[2.60293165]
[3.63066113],[1.00865855],[2.60084004]
[3.68757644],[1.00744432],[2.63676195]
[3.67803745],[1.0075886],[2.6238493]
[3.67965319],[1.00773406],[2.640687]
[3.69037134],[1.00803491],[2.65431637]
[3.70489083],[1.00818597],[2.6707205]
[3.71748988],[1.00832634],[2.68378988]
[3.70715388],[1.00202244],[2.67464902]
[3.68612798],[0.98723817],[2.64734641]
[3.66743504],[0.97407498],[2.61242241]
[3.60771452],[0.96729124],[2.55719064]
[3.50683291],[0.95833763],[2.4831041]
[3.39829333],[0.95149605],[2.42352104]
[3.33864604],[0.94861902],[2.38189007]
[3.31694537],[0.94590169],[2.35511511]
[3.30857672],[0.94343956],[2.33685597]
[3.30057204],[0.94061632],[2.32010267]
[3.29195618],[0.93652952],[2.30221589]
[3.28030447],[0.93276738],[2.27641845]
[3.27018275],[0.92962581],[2.25604838]
[3.26116904],[0.92657243],[2.23231112]
[3.59728775],[1.13312757],[2.16251374]
[1.19098479],[0.2847819],[0.15781244]
[0.],[0.],[0.]
[0.],[0.],[0.]
[1.67395528],[0.36958191],[0.34605662]
[2.27995014],[0.68088541],[1.02386194]
[2.45366017],[0.78114201],[1.31933322]
[2.565975],[0.842736],[1.49438855]
[2.83094475],[0.8864898],[1.69947749]
[3.0280283],[0.90208626],[1.82859997]
[3.15645373],[0.91159784],[1.98001574]
[3.2460873],[0.91849157],[2.03471778]
[3.28041575],[0.91761689],[2.15664745]
[3.32520644],[0.91738442],[2.15372301]
[3.33783047],[0.917694],[2.22141146]
[3.41691495],[0.9199859],[2.20444131]
[3.44309569],[0.92335895],[2.28596238]
[3.50917857],[0.9255747],[2.28308498]
[3.53047183],[0.93392512],[2.37925199]
[3.59601017],[0.9491668],[2.39504007]
[3.63400471],[0.96871509],[2.49191022]
[3.66410959],[0.98754838],[2.50045336]
[3.66525164],[0.99857875],[2.56370292]
[3.66938074],[1.02057355],[2.55927592]
[3.6611016],[1.02103788],[2.61637515]
[3.65926046],[1.03453972],[2.59803978]
[3.64948825],[1.03163768],[2.63041]
[3.65766151],[1.03718946],[2.60804902]
[3.63480331],[1.02816855],[2.62607144]
[3.65394977],[1.03783102],[2.61735097]
[3.62974772],[1.02799335],[2.63119269]
[3.64627544],[1.04007221],[2.6255185]
[3.65216063],[1.03579841],[2.65229615]
[3.6742891],[1.040807],[2.66828713]
[3.65862712],[1.03734865],[2.66721933]
[3.71011908],[1.03610374],[2.69911077]
[3.7041046],[1.03616473],[2.68540999]
[3.70238289],[1.03622821],[2.70156191]
[3.71242022],[1.03643649],[2.71583154]
[3.72644515],[1.03650408],[2.73210118]
[3.72669463],[1.03656383],[2.73612501]
[3.7158045],[1.03040923],[2.72628056]
[3.69302338],[1.01606303],[2.69882847]
[3.67469433],[1.00325195],[2.66505304]
[3.60836965],[0.99122119],[2.60029093]
[3.49798236],[0.97461481],[2.51952315]
[3.41683292],[0.96636824],[2.46763283]
[3.3876358],[0.96345547],[2.4314308]
[3.35541358],[0.96095185],[2.39563558]
[3.3198431],[0.9581553],[2.36454124]
[3.31132917],[0.95489687],[2.33986286]
[3.30128855],[0.94995221],[2.32315807]
[3.28878955],[0.94535723],[2.29915319]
[3.27747941],[0.94218029],[2.27977152]
[3.26796689],[0.93902889],[2.25493331]
[3.61257042],[1.1982057],[2.31887351]
[1.17299507],[0.32546799],[0.17315461]
[0.],[0.],[0.]
[0.],[0.],[0.]
[1.68097358],[0.37163851],[0.34488439]
[2.29044451],[0.68946466],[1.05471707]
[2.45871523],[0.78787487],[1.34288582]
[2.56047962],[0.85047405],[1.5188564]
[2.83553061],[0.89676193],[1.7284261]
[3.04251549],[0.91106767],[1.85566651]
[3.17489765],[0.91950704],[2.01460382]
[3.26470955],[0.92680079],[2.06937372]
[3.29935111],[0.92602145],[2.19357286]
[3.35870982],[0.92659577],[2.18804647]
[3.37267083],[0.92722228],[2.26899438]
[3.44903558],[0.9296401],[2.25689041]
[3.47469969],[0.9332467],[2.35685468]
[3.53328574],[0.94119348],[2.35953183]
[3.56059226],[0.96788187],[2.46992949]
[3.61861649],[0.97956182],[2.48318569]
[3.66234638],[1.0060562],[2.58010358]
[3.68601157],[1.02356648],[2.58446568]
[3.68902668],[1.03431862],[2.65124906]
[3.68850602],[1.05296692],[2.64876201]
[3.68544422],[1.05465956],[2.70572854]
[3.678592],[1.06697268],[2.68723067]
[3.67420184],[1.06949218],[2.72601227]
[3.67828868],[1.08074801],[2.71243146]
[3.6623618],[1.07166966],[2.74255151]
[3.68588172],[1.08273528],[2.74095814]
[3.65797063],[1.07160806],[2.74788438]
[3.67685794],[1.0835025],[2.7446286]
[3.68074529],[1.07779799],[2.76181414]
[3.68093521],[1.08406668],[2.77302252]
[3.67522241],[1.07907266],[2.77099552]
[3.71019652],[1.07781146],[2.79613314]
[3.70463652],[1.07778407],[2.78118695]
[3.70254215],[1.07775873],[2.79540692]
[3.71297079],[1.07786238],[2.80806692]
[3.72781908],[1.07784229],[2.82275744]
[3.74795422],[1.07781964],[2.83980428]
[3.74850536],[1.07322118],[2.83895563]
[3.72817532],[1.05975071],[2.80712094]
[3.7117013],[1.04773026],[2.76324281]
[3.65653494],[1.03543761],[2.70037974]
[3.55768443],[1.01955545],[2.62264315]
[3.45830109],[1.00152537],[2.55172771]
[3.42283452],[0.98347009],[2.50546502]
[3.39079583],[0.97369293],[2.46649754]
[3.35133567],[0.97092418],[2.42673873]
[3.32209397],[0.96795146],[2.39259453]
[3.3102427],[0.96328087],[2.36152433]
[3.29756975],[0.95848948],[2.32739431]
[3.28609301],[0.95477691],[2.31251825]
[3.27578719],[0.95056036],[2.29058455]
[3.58259491],[1.23851502],[2.40274608]
[1.07111918],[0.34666542],[0.16549218]
[0.],[0.],[0.]
[0.],[0.],[0.]
[1.65831539],[0.3560375],[0.32011692]
[2.29751195],[0.68548549],[1.06260151]
[2.46455323],[0.78218479],[1.34908865]
[2.55635965],[0.8455613],[1.52162961]
[2.8417392],[0.89568807],[1.73650817]
[3.05551675],[0.91288774],[1.86282307]
[3.19377704],[0.92199703],[2.03160075]
[3.29256195],[0.93026179],[2.08564784]
[3.31839784],[0.93064622],[2.21380995]
[3.39184522],[0.93188509],[2.21753215]
[3.40826987],[0.93240805],[2.30749677]
[3.48157941],[0.93459921],[2.31450706]
[3.50773368],[0.94062406],[2.41620657]
[3.5606259],[0.95178311],[2.41692223]
[3.59278436],[0.99364061],[2.53155995]
[3.64450479],[1.00051335],[2.54149735]
[3.69416466],[1.0318352],[2.64329758]
[3.71088096],[1.04571957],[2.64771706]
[3.71848613],[1.06023957],[2.71797578]
[3.7244523],[1.07454578],[2.71993674]
[3.71584691],[1.08054767],[2.77229929]
[3.727542],[1.09441629],[2.77480683]
[3.70434635],[1.09924838],[2.80373044]
[3.74425167],[1.11085422],[2.8218119]
[3.71421593],[1.10285533],[2.83722392]
[3.76264046],[1.11153935],[2.85848706]
[3.7313131],[1.10239385],[2.85327686]
[3.76047422],[1.11211031],[2.86489882]
[3.76491873],[1.10854905],[2.87052563]
[3.76716909],[1.11242889],[2.89283733]
[3.76023254],[1.10958891],[2.88110168]
[3.78052709],[1.10830105],[2.90987494]
[3.7708706],[1.10821255],[2.88694875]
[3.762279],[1.10812669],[2.89726108]
[3.76575498],[1.10890994],[2.90902818]
[3.77570404],[1.10883215],[2.92129092]
[3.79197056],[1.10875693],[2.93508071]
[3.80324102],[1.10414165],[2.94115817]
[3.79732394],[1.09100385],[2.92213429]
[3.78511916],[1.07926194],[2.88281885]
[3.7299155],[1.0668743],[2.80327888]
[3.65180012],[1.04936391],[2.72399361]
[3.56704945],[1.03190617],[2.65068734]
[3.47442237],[1.01427596],[2.58252238]
[3.43511754],[0.99466788],[2.53266785]
[3.39420726],[0.98222611],[2.48553862]
[3.36329735],[0.97989793],[2.445202]
[3.32950398],[0.97520986],[2.40681247]
[3.30835336],[0.97042032],[2.36799603]
[3.29622877],[0.96644746],[2.33803541]
[3.28647713],[0.9624943],[2.31563601]
[3.56257628],[1.20909479],[2.31332792]
[0.94061805],[0.31799322],[0.13352082]
[0.],[0.],[0.]
[0.],[0.],[0.]
[1.75352596],[0.36970161],[0.3522395]
[2.31336508],[0.69953609],[1.11743266]
[2.46473133],[0.79388306],[1.39254971]
[2.52502966],[0.8587072],[1.55974632]
[2.85158949],[0.91531986],[1.77988099]
[3.08996807],[0.92980595],[1.90846243]
[3.22890146],[0.93910406],[2.08353966]
[3.33728104],[0.94700939],[2.13368046]
[3.3591795],[0.9475753],[2.25213673]
[3.43824671],[0.94853753],[2.28233915]
[3.45583258],[0.94908783],[2.38446711]
[3.52904784],[0.95000314],[2.40260307]
[3.55494106],[0.9653068],[2.50267556]
[3.60809691],[0.97245546],[2.50572714]
[3.64503567],[1.01807814],[2.60993928]
[3.69175354],[1.02398264],[2.62787962]
[3.74339032],[1.05743676],[2.72948795]
[3.7893192],[1.06831808],[2.76314586]
[3.78760352],[1.0882718],[2.82291745]
[3.80526162],[1.10389204],[2.85624312]
[3.8028672],[1.1151767],[2.91280758]
[3.80992317],[1.13469343],[2.94228021]
[3.80930139],[1.13700249],[2.98096524]
[3.82489142],[1.15474939],[3.00871194]
[3.82935715],[1.13526897],[3.01528002]
[3.84934252],[1.14646943],[3.02517873]
[3.85735708],[1.12665325],[3.0126014]
[3.8529204],[1.13796521],[3.00695871]
[3.86358679],[1.13191122],[3.00344818]
[3.84634741],[1.13798325],[3.01837798]
[3.85192161],[1.13293694],[3.00746964]
[3.85704955],[1.13140498],[3.03609303]
[3.86001779],[1.13113975],[3.017901]
[3.84502849],[1.13087809],[3.02497043]
[3.84546035],[1.13066431],[3.0327422]
[3.84950112],[1.13041035],[3.04229666]
[3.85872035],[1.13016083],[3.05214672]
[3.86573431],[1.12568952],[3.05142936]
[3.85891553],[1.11188264],[3.02995993]
[3.85074984],[1.09996276],[2.99508499]
[3.80747218],[1.08673338],[2.9188412]
[3.71365277],[1.06791936],[2.81112986]
[3.62534276],[1.05311158],[2.72764052]
[3.53717461],[1.03920077],[2.66319332]
[3.49053155],[1.02263637],[2.61542402]
[3.44838993],[1.00470713],[2.56620267]
[3.41641908],[0.99529034],[2.51358296]
[3.38179962],[0.9907415],[2.46639728]
[3.3396568],[0.98601155],[2.41366042]
[3.30997648],[0.98194496],[2.37024975]
[3.29886648],[0.97780405],[2.33764855]
[3.65561806],[1.23468108],[2.40370796]
[0.92261532],[0.34636015],[0.14165486]
[0.],[0.],[0.]
[0.],[0.],[0.]
[1.78025327],[0.37221665],[0.35868539]
[2.33259365],[0.70727408],[1.14654263]
[2.48183012],[0.80192166],[1.42182588]
[2.54130296],[0.8678674],[1.58959194]
[2.9127879],[0.92655325],[1.8425653]
[3.13339711],[0.93910878],[1.96902497]
[3.26274239],[0.94888636],[2.1471897]
[3.36901992],[0.95633386],[2.18475083]
[3.39515022],[0.957068],[2.32285259]
[3.4713434],[0.95810789],[2.36686411]
[3.49191916],[0.95843935],[2.47434592]
[3.55670193],[0.96026626],[2.49292518]
[3.58683438],[1.00351019],[2.59320624]
[3.63680056],[1.01069733],[2.60321916]
[3.67755565],[1.06031211],[2.72232647]
[3.75679401],[1.08025352],[2.79889794]
[3.82236376],[1.11658696],[2.93497223]
[3.86228924],[1.13436643],[3.00426425]
[3.89541193],[1.1510231],[3.0830648]
[3.89805246],[1.17147768],[3.12630432]
[3.92629306],[1.17577917],[3.18714111]
[3.91846482],[1.20330323],[3.23074287]
[3.94530062],[1.19342499],[3.27373382]
[3.94104753],[1.21408396],[3.29858294]
[3.96512466],[1.19333006],[3.30858022]
[3.95373737],[1.20632108],[3.30638464]
[3.98056943],[1.18473606],[3.2991633]
[3.95995965],[1.19775204],[3.28334942]
[3.98376939],[1.18513262],[3.27457078]
[3.95362655],[1.18974202],[3.27400484]
[3.964663],[1.17800323],[3.24839605]
[3.93825096],[1.17227676],[3.24297731]
[3.94216183],[1.16813668],[3.21303455]
[3.9159007],[1.16403667],[3.20211178]
[3.90791417],[1.15971934],[3.19344931]
[3.90169405],[1.15609531],[3.18895307]
[3.89995469],[1.15553719],[3.18681398]
[3.89967865],[1.15151588],[3.17719124]
[3.89799381],[1.13816012],[3.15496398]
[3.89936063],[1.12656995],[3.12509148]
[3.87109403],[1.11452756],[3.0632851]
[3.8085841],[1.09761349],[2.97515847]
[3.73365472],[1.0836453],[2.88600407]
[3.63682202],[1.06944266],[2.79334354]
[3.54816901],[1.05423336],[2.71151879]
[3.48840355],[1.03922107],[2.66107948]
[3.45603497],[1.02445168],[2.61761882]
[3.42170597],[1.00935212],[2.56980639]
[3.37948732],[0.99784936],[2.51365134]
[3.34311321],[0.9935771],[2.45745226]
[3.31330526],[0.98933554],[2.40668387]
[3.62276182],[1.26835621],[2.46360557]
[0.80329435],[0.3435965],[0.12659911]
[0.],[0.],[0.]
[0.],[0.],[0.]
[1.77913752],[0.3762556],[0.3679356]
[2.35200905],[0.71418901],[1.17362172]
[2.49929565],[0.80854637],[1.44707181]
[2.63872],[0.87619355],[1.62660814]
[2.96961453],[0.9334206],[1.89369436]
[3.171666],[0.94585831],[2.01651557]
[3.2935446],[0.95649835],[2.19334599]
[3.40168394],[0.963643],[2.23304898]
[3.42979567],[0.96412957],[2.37676118]
[3.50664752],[0.96549372],[2.43170525]
[3.52816536],[0.97158535],[2.54526522]
[3.58995603],[0.98443975],[2.56934834]
[3.62511779],[1.0464569],[2.70355651]
[3.68734706],[1.06967731],[2.76874432]
[3.76725034],[1.12230194],[2.9371388]
[3.87295243],[1.14066494],[3.06069293]
[3.96241812],[1.1723842],[3.1984612]
[3.97443386],[1.19094998],[3.26307651]
[4.01613072],[1.20173637],[3.3410832]
[3.99934934],[1.22862035],[3.38451245]
[4.03778574],[1.22530275],[3.44302179]
[4.01339102],[1.25127083],[3.47637068]
[4.04915458],[1.24441342],[3.52594513]
[4.02662603],[1.26319134],[3.53711948]
[4.06235445],[1.24436812],[3.55630822]
[4.03521357],[1.25540833],[3.55019438]
[4.08837246],[1.23549868],[3.54692396]
[4.08002504],[1.24617785],[3.52870297]
[4.13667605],[1.23406223],[3.53136522]
[4.03725798],[1.23739481],[3.51079927]
[4.09028656],[1.22639774],[3.4985016]
[4.02228378],[1.22064415],[3.47587885]
[4.03371664],[1.21629612],[3.45112417]
[4.0041969],[1.21179389],[3.43503278]
[3.99514045],[1.20698983],[3.42386763]
[3.98661928],[1.20280152],[3.41413853]
[3.9793116],[1.19841897],[3.39868255]
[3.9743601],[1.19041086],[3.37048218]
[3.96419566],[1.17349513],[3.3260344]
[3.9582023],[1.15791874],[3.27805528]
[3.94288848],[1.14146538],[3.21068147]
[3.89338847],[1.11895172],[3.11346743]
[3.83075843],[1.10021711],[3.01687835]
[3.75909182],[1.08545501],[2.92560418]
[3.66769322],[1.07018885],[2.82884601]
[3.53854026],[1.05511912],[2.7256611]
[3.49644339],[1.04029404],[2.67603138]
[3.46223938],[1.02502783],[2.63211143]
[3.41965454],[1.0086731],[2.58084141]
[3.38300386],[1.00204241],[2.52094524]
[3.35286216],[0.99759365],[2.46752651]
[3.63681683],[1.30660055],[2.61385366]
[0.82876234],[0.34866093],[0.13393961]
[0.],[0.],[0.]
[0.],[0.],[0.]
[1.74004274],[0.35994309],[0.34198285]
[2.35762263],[0.71189037],[1.17883288]
[2.52070737],[0.81108748],[1.46866823]
[2.70416327],[0.88241059],[1.65868142]
[3.01079772],[0.93812601],[1.93784283]
[3.19852914],[0.95038009],[2.05478379]
[3.31422019],[0.96271704],[2.24076679]
[3.43668052],[0.96884841],[2.27491274]
[3.47001382],[0.97365514],[2.44232084]
[3.55277013],[0.98055134],[2.53562115]
[3.56974736],[1.02920469],[2.68218317]
[3.65219299],[1.05179224],[2.76269927]
[3.72587855],[1.10885782],[2.9182113]
[3.85625739],[1.13126453],[3.05484651]
[3.94216947],[1.17941771],[3.22042546]
[3.98002211],[1.20067301],[3.32406035]
[4.06500123],[1.22504233],[3.45425588]
[4.07920887],[1.2499603],[3.51458718]
[4.15556059],[1.25537796],[3.60422062]
[4.18256295],[1.28242377],[3.66643046]
[4.2341962],[1.27786702],[3.74295341]
[4.24409769],[1.3035721],[3.80247601]
[4.28216435],[1.2978026],[3.86766023]
[4.31264009],[1.31665629],[3.9176023]
[4.33613552],[1.29776673],[3.94618252]
[4.35675726],[1.30818876],[3.96694808]
[4.37676702],[1.2873018],[3.96063515]
[4.39742486],[1.29754318],[3.9533756]
[4.41353346],[1.2853137],[3.94475105]
[4.36659446],[1.2887023],[3.91555748]
[4.37182639],[1.27668616],[3.8953175]
[4.30898174],[1.27010078],[3.8436359]
[4.31583632],[1.26512618],[3.82095577]
[4.25194986],[1.26036413],[3.76361363]
[4.20363136],[1.2553198],[3.72793061]
[4.17464151],[1.25065563],[3.69900852]
[4.14497144],[1.24615227],[3.66775587]
[4.12308394],[1.23865264],[3.62728351]
[4.08234377],[1.22226582],[3.56716334]
[4.05600427],[1.20680197],[3.51126253]
[4.04546489],[1.19080443],[3.445954]
[3.98193391],[1.1709912],[3.34545277]
[3.94050766],[1.14924663],[3.24599662]
[3.89120113],[1.12614366],[3.1430628]
[3.82595401],[1.10132576],[3.03556021]
[3.71580827],[1.07720199],[2.90483612]
[3.57471579],[1.05954915],[2.77475163]
[3.50945076],[1.04401419],[2.69977936]
[3.46722418],[1.02759859],[2.65289196]
[3.430855],[1.01292686],[2.59830162]
[3.40051835],[1.00863616],[2.54309229]
[3.63315512],[1.29228182],[2.62625967]
[0.73810026],[0.31240411],[0.10842247]
[0.],[0.],[0.]
[0.],[0.],[0.]
[1.77042499],[0.36776007],[0.37135157]
[2.3723819],[0.72664977],[1.22330475]
[2.52179004],[0.82081096],[1.50014584]
[2.71042582],[0.89454593],[1.68457012]
[3.02467206],[0.94689823],[1.97261541]
[3.21392576],[0.96031499],[2.0906788]
[3.32356154],[0.9765055],[2.28435067]
[3.46892588],[0.98789908],[2.36670979]
[3.49882402],[0.99481341],[2.58012355]
[3.59570313],[1.01691055],[2.70698825]
[3.64488285],[1.08607881],[2.86208521]
[3.76388831],[1.10858789],[2.97820143]
[3.86284414],[1.16279863],[3.15258323]
[3.93562077],[1.18698869],[3.27885523]
[4.01785051],[1.2277376],[3.4401694]
[4.03142248],[1.25592442],[3.53543911]
[4.16778841],[1.27184413],[3.67754926]
[4.27945577],[1.29843163],[3.80830937]
[4.33071587],[1.30241738],[3.90698711]
[4.36201498],[1.32913797],[3.99146515]
[4.38874894],[1.3264773],[4.07381039]
[4.40837018],[1.3524546],[4.16031106]
[4.42467172],[1.34885946],[4.22378508]
[4.45722664],[1.36516619],[4.29255007]
[4.46584496],[1.34815314],[4.31008678]
[4.48902151],[1.3576143],[4.34438474]
[4.49537604],[1.33829944],[4.33404093]
[4.52274867],[1.34697638],[4.32980687]
[4.53688258],[1.3345044],[4.31355835]
[4.51522521],[1.33643184],[4.29234809]
[4.50448692],[1.32474656],[4.2609632]
[4.47392647],[1.31791359],[4.22133929]
[4.46354646],[1.312527],[4.18936339]
[4.43115876],[1.30715586],[4.13311813]
[4.38718751],[1.30139999],[4.09001218]
[4.36141199],[1.29606314],[4.05187707]
[4.33441647],[1.29122327],[4.01361891]
[4.31196686],[1.28349078],[3.96658353]
[4.28287082],[1.26655033],[3.89914131]
[4.25948581],[1.25126988],[3.82156819]
[4.24425336],[1.23579708],[3.72093897]
[4.12354507],[1.21757205],[3.57499151]
[4.0126668],[1.19842724],[3.4566904]
[3.95947666],[1.17590659],[3.35061836]
[3.91151544],[1.15181357],[3.24248558]
[3.8350034],[1.12788654],[3.11861868]
[3.74121812],[1.10418685],[2.99957395]
[3.63926046],[1.0798268],[2.8835994]
[3.52200426],[1.05347224],[2.76571771]
[3.47238115],[1.02470411],[2.67311575]
[3.44049588],[1.02146239],[2.610651]
[3.72748511],[1.31323946],[2.69959819]
[0.78928488],[0.3336276],[0.12338896]
[0.],[0.],[0.]
[0.],[0.],[0.]
[1.75736971],[0.36557007],[0.36893298]
[2.37648965],[0.72837404],[1.22759684]
[2.54112012],[0.82309561],[1.5135824]
[2.76322255],[0.8972923],[1.71037585]
[3.05105977],[0.95173494],[2.00989364]
[3.23121928],[0.96763598],[2.1415364]
[3.33281927],[0.98630214],[2.33743477]
[3.49022136],[0.99858291],[2.45459092]
[3.54837636],[1.03852775],[2.70055893]
[3.65531306],[1.06500578],[2.84277661]
[3.71729111],[1.13162303],[3.00866404]
[3.85330574],[1.15247541],[3.15013903]
[3.94440873],[1.20380603],[3.32417022]
[3.98937695],[1.22941037],[3.44066493]
[4.06727226],[1.26064558],[3.59680488]
[4.10087248],[1.2931255],[3.69725927]
[4.31428316],[1.30813421],[3.90335716]
[4.41079469],[1.33970673],[4.04950529]
[4.4393292],[1.34167219],[4.14410993]
[4.46999654],[1.36829987],[4.25818426]
[4.48528086],[1.36770238],[4.3497477]
[4.5067371],[1.39282891],[4.43255924]
[4.51281218],[1.39203613],[4.51958687]
[4.54383167],[1.4067731],[4.58391584]
[4.54544038],[1.3905475],[4.61719291]
[4.56958204],[1.39566983],[4.63527043]
[4.56958098],[1.37511692],[4.63773991]
[4.59485707],[1.38246214],[4.62185754]
[4.60582035],[1.37081084],[4.60952173]
[4.59600436],[1.37211912],[4.58028214]
[4.57893963],[1.36119737],[4.55319673]
[4.56138801],[1.35455103],[4.50329494]
[4.54373148],[1.34925128],[4.47473088]
[4.52415227],[1.34396567],[4.41430653]
[4.48338605],[1.33830573],[4.36939158]
[4.46139451],[1.33304593],[4.33080483]
[4.43848767],[1.32779119],[4.29113092]
[4.41745219],[1.3190316],[4.24117452]
[4.39275721],[1.30116309],[4.16866503]
[4.37075391],[1.28539141],[4.07698847]
[4.35728513],[1.26992235],[3.96103206]
[4.26663283],[1.25220004],[3.8057341]
[4.14485723],[1.23490371],[3.64706557]
[4.02298926],[1.216609],[3.52570165]
[3.96530001],[1.19421078],[3.41708583]
[3.90792276],[1.17157788],[3.30021512]
[3.83671581],[1.14983672],[3.18241096]
[3.75474232],[1.12915324],[3.07301574]
[3.64264217],[1.10501166],[2.95841551]
[3.5336741],[1.06888853],[2.84551416]
[3.48195872],[1.03159443],[2.75555258]
[3.75434434],[1.35408451],[2.78736014]
[0.73013361],[0.350279],[0.12074619]
[0.],[0.],[0.]
[0.],[0.],[0.]
[1.74347678],[0.36359592],[0.36658055]
[2.38667011],[0.7300576],[1.23228078]
[2.56216713],[0.82532488],[1.52563744]
[2.81567324],[0.90222521],[1.74342235]
[3.08265021],[0.958815],[2.05632955]
[3.2496815],[0.97547479],[2.19575238]
[3.36797017],[0.9948113],[2.39307528]
[3.54583615],[1.00735268],[2.53621302]
[3.6176835],[1.07168546],[2.79852388]
[3.73646818],[1.0988732],[2.96358306]
[3.82956912],[1.16501983],[3.15300798]
[3.9258141],[1.18431088],[3.29052918]
[4.00990951],[1.23340961],[3.46177374]
[4.03668666],[1.26103676],[3.57430048]
[4.12705857],[1.2909609],[3.73104343]
[4.26692684],[1.32637275],[3.90122952]
[4.42865842],[1.3404023],[4.11390476]
[4.51142926],[1.37200943],[4.27934953]
[4.52769628],[1.37382321],[4.37757518]
[4.55665416],[1.40030685],[4.48155763]
[4.56335253],[1.40203309],[4.59401606]
[4.58636688],[1.42699777],[4.68467681]
[4.58743243],[1.4273848],[4.78451191]
[4.61653235],[1.44225567],[4.83968721]
[4.61365331],[1.42763285],[4.88543437]
[4.63640511],[1.43105125],[4.89028808]
[4.63199082],[1.41087776],[4.89708341]
[4.67363431],[1.41406525],[4.86327112]
[4.67532939],[1.40006575],[4.84150207]
[4.6939143],[1.39970832],[4.81643109]
[4.64222018],[1.38928899],[4.77791564]
[4.64361213],[1.38266489],[4.7333938]
[4.60965422],[1.37732658],[4.70138853]
[4.59883901],[1.37200229],[4.64378493]
[4.56097895],[1.36630446],[4.59792608]
[4.54172011],[1.36307372],[4.55907886]
[4.5236157],[1.35571571],[4.51757586]
[4.50866461],[1.3465694],[4.46592367]
[4.48837444],[1.3278275],[4.39108285]
[4.46786539],[1.31176928],[4.29740594]
[4.4461483],[1.29671436],[4.15993587]
[4.37821918],[1.2809641],[4.00106677]
[4.28895303],[1.26507229],[3.85618214]
[4.16984116],[1.24875401],[3.7027552]
[4.04359905],[1.23369528],[3.58421064]
[3.9739425],[1.21348525],[3.47595551]
[3.92699336],[1.19341633],[3.37025074]
[3.87316083],[1.17132927],[3.25817076]
[3.80575088],[1.14753951],[3.15378126]
[3.7257392],[1.10781573],[3.03916566]
[3.6249903],[1.06563161],[2.92187461]
[3.84077456],[1.39193174],[2.90030487]
[0.73623651],[0.39736795],[0.13913834]
[0.],[0.],[0.]
[0.],[0.],[0.]
[1.68410584],[0.33639335],[0.32687893]
[2.3873682],[0.72461309],[1.21653786]
[2.58260317],[0.82859174],[1.54822517]
[2.85194144],[0.90813707],[1.77601895]
[3.11654386],[0.96493983],[2.10705614]
[3.27851956],[0.9832529],[2.24915553]
[3.41965675],[1.00264603],[2.45824264]
[3.60245777],[1.01569126],[2.62012951]
[3.68740104],[1.10223906],[2.89733483]
[3.83203312],[1.13066938],[3.09909093]
[3.92468816],[1.19599552],[3.29927218]
[3.98456921],[1.21675103],[3.42569842]
[4.06342594],[1.26363872],[3.59874303]
[4.09061752],[1.29734528],[3.70792084]
[4.26856399],[1.32509189],[3.91900272]
[4.40409174],[1.36025769],[4.11928766]
[4.51702228],[1.37326391],[4.34275351]
[4.59155592],[1.40386515],[4.50196751]
[4.60103201],[1.40690563],[4.61807092]
[4.63020458],[1.43187474],[4.72695848]
[4.63116516],[1.43489592],[4.86100556]
[4.65427484],[1.45913401],[4.95108814]
[4.65076722],[1.46203449],[5.06001968]
[4.69604484],[1.47812436],[5.1177411]
[4.67254858],[1.46488332],[5.16444095]
[4.74538849],[1.46724638],[5.18343986]
[4.70479401],[1.44769474],[5.19924098]
[4.79030224],[1.44850174],[5.17705203]
[4.78223806],[1.43480769],[5.14035613]
[4.82569693],[1.43206761],[5.09464334]
[4.75633821],[1.419183],[5.03596692]
[4.77388397],[1.41182411],[4.99337293]
[4.71005879],[1.40847961],[4.94892757]
[4.72305061],[1.40530348],[4.90356963]
[4.65515939],[1.4051114],[4.85181017]
[4.6355138],[1.40396077],[4.81943735]
[4.61573543],[1.39643823],[4.78704632]
[4.59670055],[1.38293105],[4.74824975]
[4.57961889],[1.36438866],[4.68925042]
[4.56571226],[1.34965805],[4.61449757]
[4.55065989],[1.33453123],[4.49664041]
[4.50283732],[1.31899792],[4.32390382]
[4.44419245],[1.3029807],[4.15832062]
[4.37720491],[1.28691814],[4.00640243]
[4.29089621],[1.27125106],[3.8594599]
[4.15106017],[1.25346209],[3.6930075]
[4.02792433],[1.23539659],[3.57036753]
[3.97825146],[1.21356927],[3.45686339]
[3.93332049],[1.18776462],[3.34867867]
[3.88132591],[1.14934216],[3.24141706]
[3.81920739],[1.10866371],[3.13488917]
[3.87474785],[1.36643701],[2.8890884]
[0.7086535],[0.38438862],[0.12962494]
[0.],[0.],[0.]
[0.],[0.],[0.]
[1.72395495],[0.34688274],[0.3641664]
[2.40287577],[0.74083056],[1.26386041]
[2.59296904],[0.8417931],[1.59226424]
[2.87567444],[0.92334643],[1.8215468]
[3.15407678],[0.97843972],[2.16873204]
[3.31902579],[0.99662947],[2.31496485]
[3.48856556],[1.01624027],[2.54353764]
[3.69100351],[1.03291875],[2.74185944]
[3.80290617],[1.13493436],[3.0392184]
[3.91881861],[1.16445508],[3.25193951]
[4.00621766],[1.22898751],[3.4562398]
[4.04039943],[1.25581705],[3.57975843]
[4.12469104],[1.30251313],[3.75349855]
[4.24335038],[1.33794668],[3.91997876]
[4.40862299],[1.36412088],[4.16645113]
[4.51906258],[1.39972372],[4.38566515]
[4.59681318],[1.41018618],[4.59849911]
[4.66063749],[1.4378556],[4.7412762]
[4.66433802],[1.44115353],[4.88945799]
[4.71390183],[1.46356492],[4.99991361]
[4.68926925],[1.46784063],[5.12900362]
[4.76436654],[1.49208852],[5.23581]
[4.72324514],[1.49733615],[5.34877394]
[4.81571141],[1.51355921],[5.43942711]
[4.77026376],[1.50168563],[5.49816392]
[4.90968283],[1.50246605],[5.54320047]
[4.81020996],[1.48623104],[5.54805475]
[4.99742355],[1.48511335],[5.57247317]
[4.97163436],[1.47286436],[5.52733808]
[5.07197294],[1.47023257],[5.51062744]
[4.93636372],[1.46588762],[5.42108927]
[4.98553141],[1.46251757],[5.36956866]
[4.83752003],[1.45886591],[5.31099291]
[4.9138033],[1.45415637],[5.27108712]
[4.81137614],[1.45242422],[5.21117658]
[4.80039611],[1.45015905],[5.18089325]
[4.78822314],[1.4420862],[5.14382767]
[4.77577065],[1.42412172],[5.098876]
[4.76123884],[1.41088431],[5.04076358]
[4.74698913],[1.39116492],[4.96740997]
[4.73078738],[1.37166681],[4.85741969]
[4.6728363],[1.35483192],[4.67858927]
[4.59274157],[1.33749834],[4.49041175]
[4.52682331],[1.32121837],[4.31127101]
[4.4749407],[1.30570961],[4.15818292]
[4.39391389],[1.28823213],[3.99411068]
[4.29513914],[1.27139458],[3.83040526]
[4.1712966],[1.25222331],[3.67207227]
[4.02817275],[1.2234447],[3.53082583]
[3.99299364],[1.18643296],[3.41999987]
[3.95275796],[1.14695116],[3.32261499]
[4.02744394],[1.40681902],[3.03453109]
[0.76619546],[0.46414953],[0.16955333]
[0.],[0.],[0.]
[0.],[0.],[0.]
[1.70719326],[0.34628675],[0.36874914]
[2.42783388],[0.74608709],[1.28209143]
[2.66873384],[0.8508743],[1.63782855]
[2.936659],[0.93383356],[1.87669243]
[3.20074405],[0.98727844],[2.23836813]
[3.36736862],[1.00642937],[2.39077112]
[3.54797763],[1.02586398],[2.64338177]
[3.78626266],[1.07848994],[2.91357871]
[3.90459182],[1.17877564],[3.21671772]
[3.9822338],[1.21015126],[3.4207543]
[4.06479132],[1.27435083],[3.63329339]
[4.08603467],[1.3065594],[3.75495283]
[4.23230992],[1.34473599],[3.9608706]
[4.39128744],[1.38246589],[4.19236901]
[4.50869993],[1.40709357],[4.45305382]
[4.60268527],[1.44253039],[4.67147835]
[4.66004384],[1.45037009],[4.88592196]
[4.75112173],[1.47529044],[5.05593528]
[4.73698622],[1.47926697],[5.2084408]
[4.82841271],[1.50171546],[5.33836523]
[4.78603281],[1.50996177],[5.5070438]
[4.92690992],[1.53381845],[5.64435924]
[4.82404606],[1.5481384],[5.80292313]
[5.02461372],[1.55663446],[5.92016254]
[4.87508227],[1.55758708],[6.02464876]
[5.1154919],[1.55352239],[6.10531019]
[5.02459656],[1.54803491],[6.1293113]
[5.20375733],[1.54353412],[6.17582056]
[5.22244851],[1.53212367],[6.16189298]
[5.2967426],[1.53364107],[6.14322862]
[5.27022759],[1.52893906],[6.05792911]
[5.26502772],[1.52442893],[6.00482635]
[5.19880495],[1.51987238],[5.91705924]
[5.20945318],[1.51532077],[5.86914774]
[5.14092776],[1.51160228],[5.77933449]
[5.10049381],[1.5097354],[5.73095912]
[5.07659759],[1.49974948],[5.67827147]
[5.05267857],[1.48105976],[5.61941876]
[5.02977829],[1.46418849],[5.54401625]
[5.00432434],[1.44650421],[5.45586191]
[4.96434218],[1.42597144],[5.32876172]
[4.86606744],[1.40489806],[5.11063542]
[4.78271686],[1.38292877],[4.90718808]
[4.67591616],[1.36071857],[4.70834737]
[4.59582339],[1.34465933],[4.52269381]
[4.54370151],[1.32775184],[4.34866429]
[4.47641992],[1.31056216],[4.18161198]
[4.39684157],[1.29243891],[4.00687867]
[4.28373425],[1.26636028],[3.8228428]
[4.14443922],[1.2322037],[3.65211041]
[4.04236905],[1.19485983],[3.52175306]
[4.0779143],[1.46402766],[3.20169149]
[0.74075224],[0.48447022],[0.17263159]
[0.],[0.],[0.]
[0.],[0.],[0.]
[1.67462835],[0.34258407],[0.36386172]
[2.4496394],[0.74861791],[1.29411468]
[2.73370924],[0.86009698],[1.68006711]
[3.00604134],[0.94310512],[1.93947111]
[3.24037713],[0.99593313],[2.29543671]
[3.41504843],[1.01552838],[2.46619595]
[3.60908484],[1.03786854],[2.73235622]
[3.8658412],[1.11307132],[3.05731924]
[3.98339461],[1.2154561],[3.36193155]
[4.03558159],[1.25314217],[3.5701306]
[4.1161118],[1.31766152],[3.79191253]
[4.1791799],[1.35022846],[3.93978122]
[4.37444615],[1.38551808],[4.21514532]
[4.50434289],[1.42462232],[4.47712321]
[4.59083712],[1.44926392],[4.73006446]
[4.67157698],[1.48512515],[4.93884035]
[4.7196523],[1.4974706],[5.20391852]
[4.90147145],[1.52407486],[5.40968902]
[4.85124525],[1.53231774],[5.64646746]
[5.07776131],[1.55516387],[5.82277765]
[4.99956019],[1.56469512],[6.05459247]
[5.186941],[1.58495633],[6.25112241]
[5.13732072],[1.60568533],[6.48889474]
[5.27157555],[1.61229338],[6.62418988]
[5.25470722],[1.61156536],[6.80621244]
[5.3633229],[1.60751483],[6.84496599]
[5.39245825],[1.60179058],[6.95554978]
[5.46770041],[1.59705876],[6.94886804]
[5.55686888],[1.58602997],[7.0036496]
[5.59184142],[1.58679754],[6.9524093]
[5.69989111],[1.58191088],[6.91167657]
[5.59372881],[1.57716548],[6.77765589]
[5.5866687],[1.57425383],[6.69935994]
[5.53076172],[1.56902368],[6.58900013]
[5.51454182],[1.56430881],[6.4937918]
[5.44547194],[1.55948988],[6.38876104]
[5.40700572],[1.54779352],[6.29435266]
[5.37048472],[1.52881241],[6.20245507]
[5.3347527],[1.50763466],[6.09243622]
[5.30060082],[1.48894342],[5.97933733]
[5.25209658],[1.466523],[5.83495231]
[5.15882556],[1.44466734],[5.60015701]
[5.0675226],[1.42355374],[5.35643015]
[4.90381381],[1.3991572],[5.09357982]
[4.77113883],[1.38087497],[4.87543919]
[4.68432539],[1.3625651],[4.67226183]
[4.6062645],[1.34456145],[4.47833829]
[4.55117975],[1.32623947],[4.31698683]
[4.47730658],[1.29780838],[4.12922475]
[4.39026569],[1.26767075],[3.94332679]
[4.27949803],[1.23098732],[3.75221371]
[4.19085304],[1.52645942],[3.40199333]
[0.78780187],[0.52131679],[0.19247985]
[0.],[0.],[0.]
[0.],[0.],[0.]
[1.58065382],[0.30880467],[0.32011337]
[2.45119056],[0.74337973],[1.27947255]
[2.77675903],[0.86594419],[1.71329171]
[3.04820872],[0.94896484],[1.98611297]
[3.26275964],[1.00154146],[2.34109147]
[3.44670311],[1.02381223],[2.53337734]
[3.68035066],[1.05546933],[2.8334583]
[3.9148521],[1.14527386],[3.17939546]
[4.03303395],[1.25147107],[3.49673752]
[4.07238087],[1.29785046],[3.71734095]
[4.17049714],[1.36284464],[3.96716403]
[4.3293499],[1.39902925],[4.20799587]
[4.47625215],[1.43661783],[4.53617579]
[4.59298311],[1.47937169],[4.81543676]
[4.6706513],[1.50704872],[5.11114381]
[4.7614321],[1.54152421],[5.33512758]
[4.83312542],[1.54989457],[5.68215991]
[5.17653462],[1.5726946],[5.96274905]
[5.20525839],[1.57835503],[6.27362004]
[5.31804305],[1.60015452],[6.47307291]
[5.32005045],[1.62188474],[6.77445133]
[5.41297649],[1.63857704],[6.97656331]
[5.45770803],[1.65607981],[7.29658121]
[5.52069712],[1.68487569],[7.47947534]
[5.59495244],[1.71377644],[7.73650065]
[5.64921109],[1.73873634],[7.80476141]
[5.78391562],[1.70872124],[7.98901296]
[5.84584065],[1.68083084],[7.95146567]
[5.95592367],[1.64709918],[8.06528222]
[5.99589428],[1.63875759],[8.02770696]
[6.06273823],[1.6336937],[7.98073052]
[6.09221578],[1.62877291],[7.8604362]
[6.03542625],[1.62382158],[7.76708774]
[5.99299841],[1.61855765],[7.61404897]
[5.93928928],[1.61375369],[7.50864236]
[5.87952162],[1.60854074],[7.34661481]
[5.81552],[1.59528224],[7.19957153]
[5.75985009],[1.57608712],[7.04402353]
[5.69438944],[1.55649206],[6.87484035]
[5.6256086],[1.53624493],[6.71121302]
[5.5712931],[1.51191945],[6.52160652]
[5.46596858],[1.48932748],[6.21330015]
[5.36667444],[1.46679461],[5.90030699]
[5.23794144],[1.44255804],[5.60940549]
[5.05475275],[1.41870537],[5.33109532]
[4.89857499],[1.39858925],[5.06367091]
[4.77964563],[1.37876606],[4.84239869]
[4.68297826],[1.35976081],[4.64292918]
[4.61807851],[1.3303567],[4.44761796]
[4.56086328],[1.3018655],[4.28009112]
[4.49184154],[1.26826414],[4.08810301]
[4.24014121],[1.50433624],[3.4260002]
[0.92842326],[0.51261622],[0.2149302]
[0.],[0.],[0.]
[0.],[0.],[0.]
[1.59007624],[0.31105389],[0.33164396]
[2.44508648],[0.75753744],[1.31612234]
[2.77897054],[0.88360218],[1.74565553]
[3.08159846],[0.96669525],[2.04910111]
[3.28359209],[1.01797887],[2.41024656]
[3.49624276],[1.03984173],[2.65043758]
[3.78380309],[1.1177555],[3.04984278]
[3.97307093],[1.20323199],[3.4001856]
[4.08859043],[1.30923934],[3.73080543]
[4.13690163],[1.36038753],[3.95662864]
[4.3450744],[1.42335976],[4.32780798]
[4.48677887],[1.46171393],[4.64211686]
[4.59099994],[1.49948964],[4.96923415]
[4.69038963],[1.5394676],[5.21878516]
[4.7464978],[1.55855384],[5.58536863]
[4.96347446],[1.58872956],[5.85402773]
[5.09206175],[1.59638267],[6.30125716]
[5.34281526],[1.61683539],[6.63792965]
[5.46075227],[1.63343085],[7.03428461]
[5.53349937],[1.65157272],[7.23765221]
[5.6136171],[1.68741331],[7.62139245]
[5.68961287],[1.74197287],[7.89015254]
[5.83306308],[1.78509634],[8.31287439]
[5.90556476],[1.82607866],[8.5176371]
[5.99484176],[1.84961869],[8.82646839]
[6.04158172],[1.86779342],[8.91413476]
[6.10105437],[1.85311479],[9.10934811]
[6.20732085],[1.82838584],[9.14015649]
[6.267921],[1.80303128],[9.21383572]
[6.39289522],[1.77642003],[9.25407794]
[6.45072028],[1.74686716],[9.18672235]
[6.60293558],[1.7195223],[9.13402814]
[6.5265187],[1.69211396],[8.96017065]
[6.52863138],[1.66483718],[8.84808701]
[6.4054022],[1.6588258],[8.65526708]
[6.41240972],[1.65312008],[8.51590022]
[6.30432491],[1.63922678],[8.31368282]
[6.2545407],[1.61980943],[8.13511004]
[6.20178881],[1.6006742],[7.92415189]
[6.15151186],[1.5813738],[7.70741658]
[6.07369134],[1.55680371],[7.46687111]
[5.90704065],[1.53203419],[7.11768972]
[5.71796232],[1.50987115],[6.66584215]
[5.56469295],[1.48345467],[6.17871876]
[5.37077211],[1.45859909],[5.8451399]
[5.16053253],[1.43102272],[5.52731556]
[5.05099845],[1.41126412],[5.26506737]
[4.91765133],[1.39005501],[5.01210949]
[4.78149788],[1.35945018],[4.77799116]
[4.68557261],[1.33115308],[4.57622118]
[4.63884479],[1.30115608],[4.3969786]
[4.38762097],[1.58048328],[3.63327942]
[1.19223306],[0.57328578],[0.30032528]
[0.],[0.],[0.]
[0.],[0.],[0.]
[1.56003777],[0.30628919],[0.33236917]
[2.44566133],[0.76760984],[1.33601386]
[2.8917301],[0.90142366],[1.83454531]
[3.15034942],[0.98567438],[2.14652189]
[3.32865153],[1.03548214],[2.54201779]
[3.62207017],[1.07784759],[2.86983289]
[3.89629306],[1.19372408],[3.32490597]
[4.04007041],[1.27972349],[3.66113194]
[4.15906986],[1.37430789],[3.98790428]
[4.32371247],[1.42912668],[4.31487565]
[4.4896838],[1.49189062],[4.78183609]
[4.6047118],[1.52732185],[5.06688195]
[4.68210845],[1.55400666],[5.46748497]
[4.76614525],[1.59174016],[5.72682124]
[4.84364132],[1.60952496],[6.20406875]
[5.18174072],[1.63378155],[6.57473433]
[5.30090697],[1.66124599],[7.04321255]
[5.48258563],[1.74024508],[7.44782542]
[5.75353771],[1.76602486],[7.927639]
[5.85161032],[1.79830345],[8.23743291]
[5.95841894],[1.83023912],[8.66102942]
[6.02422036],[1.87031907],[8.94841841]
[6.1027096],[1.9135853],[9.36452047]
[6.19275111],[1.94065731],[9.62710989]
[6.23801684],[1.96609002],[9.91483529]
[6.38105452],[1.97759706],[10.10943513]
[6.40458915],[1.97038424],[10.31012773]
[6.62121176],[1.94759362],[10.49482405]
[6.68722278],[1.92929375],[10.57053666]
[6.78832067],[1.90562842],[10.62246324]
[6.84096329],[1.88383328],[10.59154354]
[6.90444353],[1.85995269],[10.51747006]
[6.96887879],[1.83936527],[10.39940064]
[6.90572836],[1.81639814],[10.23753072]
[6.87690141],[1.79025494],[10.060286]
[6.82457651],[1.76544109],[9.89749376]
[6.78368576],[1.74030044],[9.68676281]
[6.73023985],[1.71354513],[9.48686343]
[6.68624902],[1.68067375],[9.24862773]
[6.64338589],[1.63018217],[8.98482534]
[6.59842008],[1.60949809],[8.70130879]
[6.45604597],[1.58710372],[8.30988959]
[6.2670916],[1.56477086],[7.81047652]
[6.07956205],[1.53787283],[7.14431606]
[5.78379729],[1.51314005],[6.58088347]
[5.44072343],[1.48328886],[6.09863406]
[5.24499941],[1.45475535],[5.79078655]
[5.1423222],[1.42364164],[5.52081397]
[5.02305774],[1.39537443],[5.25590025]
[4.88574333],[1.36611129],[5.00141338]
[4.77182695],[1.33728084],[4.7722761]
[4.42590997],[1.66069522],[3.85230986]
[1.31343665],[0.61894137],[0.358355]
[0.],[0.],[0.]
[0.],[0.],[0.]
[1.60084817],[0.31556483],[0.36018693]
[2.45744867],[0.77990019],[1.36642635]
[2.99584658],[0.92270824],[1.93343907]
[3.21060916],[1.00400071],[2.23462924]
[3.37358581],[1.0519179],[2.67764798]
[3.73267037],[1.14593698],[3.11632088]
[3.9902497],[1.26310754],[3.57786434]
[4.09805659],[1.34637308],[3.89655466]
[4.31867437],[1.43646015],[4.29583446]
[4.48528077],[1.50111013],[4.72111258]
[4.60391238],[1.54852162],[5.20895561]
[4.7007407],[1.58330625],[5.48737403]
[4.75972845],[1.6054266],[5.98961396]
[4.91678059],[1.64038527],[6.36192342]
[5.06376589],[1.68017412],[6.8881569]
[5.33359971],[1.76923293],[7.35477025]
[5.4607951],[1.82249404],[7.83117229]
[5.68867948],[1.8765786],[8.30227399]
[6.02544208],[1.90547186],[8.87584591]
[6.13826929],[1.93065286],[9.28651472]
[6.18480556],[1.95929824],[9.72199981]
[6.32498924],[1.99504979],[10.08255173]
[6.35985325],[2.03093719],[10.48601373]
[6.5714964],[2.05110645],[10.89322469]
[6.61921118],[2.07208793],[11.21797127]
[6.75211893],[2.07532371],[11.4783738]
[6.79690822],[2.07385994],[11.72997329]
[6.88071476],[2.05490729],[11.89485583]
[6.98688184],[2.0404016],[12.03691135]
[7.02309318],[2.02087622],[12.0593239]
[7.20664117],[2.00261857],[12.109049]
[7.27255692],[1.98354457],[12.07524963]
[7.39391359],[1.96717923],[12.04564916]
[7.35158693],[1.95019908],[11.83953259]
[7.35586436],[1.93172329],[11.70842049]
[7.25481659],[1.91392363],[11.45675156]
[7.27332375],[1.8946903],[11.30203987]
[7.16206441],[1.87484577],[11.02683077]
[7.11970348],[1.8513447],[10.77287796]
[7.08161119],[1.8026727],[10.49454023]
[7.03384945],[1.74799155],[10.18441434]
[6.9182195],[1.68511456],[9.7552998]
[6.76399341],[1.60889932],[9.16631611]
[6.61090609],[1.58064799],[8.48189873]
[6.44908058],[1.55314965],[7.65262674]
[6.00500983],[1.52543733],[6.86818077]
[5.50005159],[1.49446027],[6.36445971]
[5.32023853],[1.46102702],[5.99992449]
[5.21303338],[1.4300253],[5.70413748]
[5.11460478],[1.39784234],[5.42835402]
[5.00480896],[1.36780895],[5.18064819]
[4.56038655],[1.75892859],[4.14111299]
[1.48307139],[0.69246659],[0.45324147]
[0.],[0.],[0.]
[0.],[0.],[0.]
[1.63942086],[0.30584768],[0.34812481]
[2.46393608],[0.7814043],[1.3710068]
[3.06265126],[0.93975339],[2.00723167]
[3.25454168],[1.01432851],[2.29993299]
[3.42150591],[1.09741549],[2.80495389]
[3.81830013],[1.20701731],[3.33722635]
[4.0594333],[1.31560745],[3.80197302]
[4.16240303],[1.39814399],[4.11519957]
[4.46258168],[1.4853375],[4.63493318]
[4.60559813],[1.54534721],[5.0592551]
[4.69222842],[1.58970688],[5.59974237]
[4.7780625],[1.62409627],[5.97432526]
[4.83222437],[1.65601855],[6.57614437]
[5.14554834],[1.73964319],[7.04461437]
[5.27143102],[1.80613095],[7.59081109]
[5.4403064],[1.87833135],[8.0821638]
[5.65350863],[1.93741184],[8.62309822]
[5.9789805],[1.98276031],[9.16871007]
[6.19448096],[2.01068514],[9.77647611]
[6.47464595],[2.03087075],[10.30991774]
[6.50762006],[2.05508794],[10.7615233]
[6.7071803],[2.08472112],[11.25762035]
[6.75373833],[2.11468102],[11.65820156]
[6.85811415],[2.13198066],[12.0959789]
[7.01185223],[2.15086019],[12.47718057]
[7.07008533],[2.15427085],[12.75298733]
[7.23847907],[2.15333395],[13.07172795]
[7.33295934],[2.13914617],[13.32107901]
[7.48205767],[2.12767765],[13.62996488]
[7.53605578],[2.11058031],[13.70001915]
[7.61345334],[2.09472013],[13.75894965]
[7.69121142],[2.07892646],[13.69225294]
[7.74643391],[2.06386632],[13.62244166]
[7.74100261],[2.04944417],[13.47295049]
[7.68463148],[2.03405801],[13.27570822]
[7.65138828],[2.01947227],[13.08253508]
[7.63353159],[2.00433496],[12.88440958]
[7.59614044],[1.98732994],[12.64544766]
[7.55516202],[1.96784696],[12.37268503]
[7.52399021],[1.9308514],[12.09862944]
[7.4936941],[1.89488846],[11.80934041]
[7.4058365],[1.83768672],[11.4094297]
[7.24576747],[1.7654554],[10.83852177]
[7.08304416],[1.69137424],[10.05338228]
[6.93500372],[1.60535623],[9.1925933]
[6.74695348],[1.56714418],[8.16922914]
[6.23857835],[1.53600881],[7.21585745]
[5.56884054],[1.50237774],[6.62698302]
[5.38706277],[1.4705275],[6.21305154]
[5.27928184],[1.43977026],[5.90314854]
[5.20361655],[1.405831],[5.6258168]
[4.63467394],[1.74213402],[4.2070621]
[1.59085102],[0.71453187],[0.51051669]
[0.],[0.],[0.]
[0.],[0.],[0.]
[1.71797423],[0.34731728],[0.3992263]
[2.49440926],[0.80513835],[1.43996274]
[3.12396434],[0.96737784],[2.1050993]
[3.30532515],[1.03454069],[2.39774124]
[3.57776393],[1.16407801],[3.03481196]
[3.89935104],[1.27580453],[3.5828711]
[4.12026811],[1.37708152],[4.05493799]
[4.3664554],[1.45663168],[4.46564102]
[4.58304643],[1.53717878],[5.07193837]
[4.70245358],[1.59367651],[5.41887392]
[4.76955323],[1.63353901],[6.07293463]
[4.89546933],[1.68307832],[6.58288941]
[5.01839151],[1.76366049],[7.21184295]
[5.30442499],[1.83536659],[7.74104193]
[5.4177264],[1.91287036],[8.29128254]
[5.58780414],[1.97007028],[8.81672048]
[5.95242125],[2.02745856],[9.42246287]
[6.17939641],[2.06076898],[9.98141469]
[6.42248603],[2.08915845],[10.64975448]
[6.78282538],[2.10799602],[11.36316629]
[6.87306932],[2.13656392],[11.94988164]
[6.94172187],[2.16350786],[12.45357453]
[7.00643039],[2.19062777],[12.91996856]
[7.16275454],[2.20976408],[13.37584618]
[7.45951829],[2.2343896],[13.90606808]
[7.54316621],[2.25395567],[14.28886604]
[7.63969937],[2.25138388],[14.69219687]
[7.68049156],[2.2445756],[14.95801948]
[7.76708771],[2.22527512],[15.23500972]
[7.90249003],[2.21974809],[15.40802604]
[8.02095909],[2.18165623],[15.42976442]
[8.21865578],[2.16019128],[15.54571501]
[8.30257225],[2.14708804],[15.42531062]
[8.33436422],[2.13487579],[15.37501996]
[8.26848917],[2.12194737],[15.11507895]
[8.22695079],[2.10935185],[14.93758581]
[8.1366219],[2.09574402],[14.62789395]
[8.10642736],[2.08055943],[14.41743212]
[8.01276396],[2.06350655],[14.04685542]
[7.93352434],[2.03304878],[13.73404037]
[7.87185036],[2.00537776],[13.41893223]
[7.78654889],[1.95574856],[13.01567859]
[7.68527782],[1.89683522],[12.49393638]
[7.54486004],[1.8269186],[11.8191879]
[7.39345399],[1.74947066],[10.86147089]
[7.23538301],[1.66701934],[9.78098439]
[7.00231459],[1.57539783],[8.65517107]
[6.33359378],[1.53959389],[7.52582151]
[5.60096361],[1.50738393],[6.82687796]
[5.44676699],[1.47642134],[6.41684687]
[5.34163155],[1.44271343],[6.07626872]
[4.80952655],[1.81589839],[4.49493889]
[1.76236189],[0.79054375],[0.63881777]
[0.],[0.],[0.]
[0.],[0.],[0.]
[1.75853076],[0.37429353],[0.4195407]
[2.5203979],[0.81398938],[1.46654922]
[3.16809235],[0.98256962],[2.1735369]
[3.36397448],[1.04697651],[2.47192071]
[3.6716068],[1.22061543],[3.26587966]
[3.95154053],[1.34061792],[3.8024556]
[4.17183026],[1.43481362],[4.35459704]
[4.47358618],[1.52611747],[4.85042656]
[4.65575805],[1.59574223],[5.45429143]
[4.76718447],[1.64059988],[5.87137835]
[4.82472871],[1.69326121],[6.63343551]
[5.08796291],[1.7887935],[7.22030552]
[5.20567117],[1.86573086],[7.86745207]
[5.40407299],[1.93332194],[8.44268525]
[5.55672402],[2.00558267],[9.01448626]
[5.82737489],[2.05570616],[9.57167159]
[6.13774079],[2.10540306],[10.21870536]
[6.4209137],[2.1330892],[10.86753544]
[6.76026863],[2.17705176],[11.63934425]
[6.97019971],[2.19202513],[12.43368842]
[7.11987517],[2.22953206],[13.1078839]
[7.2060958],[2.24983941],[13.65863896]
[7.44316992],[2.28675083],[14.2804572]
[7.61403211],[2.30630654],[14.82552931]
[7.76425293],[2.33658359],[15.36421507]
[7.90612866],[2.34870636],[15.7940808]
[7.93707077],[2.37436804],[16.19134654]
[8.20914717],[2.41306775],[16.64725531]
[8.31473904],[2.4421458],[16.97776507]
[8.42115249],[2.43971754],[17.36174352]
[8.48862887],[2.40291578],[17.46665264]
[8.53947936],[2.37070457],[17.52975095]
[8.58991536],[2.31672317],[17.43963391]
[8.60863459],[2.27376304],[17.25247598]
[8.65884553],[2.22952021],[17.0705634]
[8.54343394],[2.21148902],[16.78736462]
[8.49767412],[2.19610771],[16.51863306]
[8.45334253],[2.18059772],[16.24553428]
[8.4164459],[2.16376948],[15.92938448]
[8.37197211],[2.14763125],[15.596457]
[8.33904145],[2.11437681],[15.26474593]
[8.26829131],[2.05047117],[14.85659136]
[8.17994753],[2.00130701],[14.33640685]
[8.09516163],[1.94266454],[13.67178836]
[7.95197672],[1.87606137],[12.82583508]
[7.75876944],[1.79895602],[11.6356008]
[7.48487995],[1.72693873],[10.43093835]
[7.07652043],[1.64410975],[9.19770857]
[6.36014556],[1.55828173],[7.92456512]
[5.60663168],[1.52658862],[7.07746021]
[5.48771903],[1.49490067],[6.6516189]
[4.94795038],[1.89398003],[4.86882338]
[1.80284442],[0.8520706],[0.70397864]
[0.02163973],[0.00997287],[0.]
[0.],[0.],[0.]
[1.82194111],[0.39836702],[0.45403524]
[2.54729291],[0.8227779],[1.49019811]
[3.20705315],[0.99458585],[2.23053981]
[3.4177884],[1.06147065],[2.53691362]
[3.74418753],[1.25426085],[3.41312393]
[3.9922261],[1.37911937],[3.94123525]
[4.26346725],[1.47878745],[4.57561683]
[4.54507948],[1.56731702],[5.10089284]
[4.70254926],[1.63047379],[5.69031853]
[4.8066848],[1.67694495],[6.17957185]
[4.88000081],[1.77329909],[7.03059949]
[5.18820584],[1.86375612],[7.66884498]
[5.30018979],[1.94016573],[8.32358473]
[5.46176836],[2.00368676],[8.92971117]
[5.66605153],[2.07000502],[9.54222221]
[5.9873118],[2.11592651],[10.13364577]
[6.22930954],[2.16007914],[10.80742586]
[6.62353195],[2.2062293],[11.57054271]
[6.89573918],[2.25783808],[12.38565336]
[7.06715485],[2.28200732],[13.26619944]
[7.3537467],[2.32044131],[14.11832732]
[7.47880985],[2.34480288],[14.82127581]
[7.68286633],[2.38686868],[15.52313442]
[7.82176961],[2.40812355],[16.09083747]
[7.95952206],[2.47672313],[16.72112304]
[8.31048409],[2.53147138],[17.33688108]
[8.3961741],[2.56791766],[17.74612082]
[8.50237085],[2.58327001],[18.2747168]
[8.58051378],[2.605398],[18.624059]
[8.62486258],[2.61066864],[18.95720918]
[8.68514927],[2.57597959],[19.17465523]
[8.78832893],[2.54514781],[19.24476532]
[9.05815148],[2.5067567],[19.43016639]
[9.15767849],[2.47455331],[19.30713724]
[9.21873583],[2.43701863],[19.28450295]
[9.1649668],[2.4105184],[19.02719176]
[9.10357635],[2.38565964],[18.81271963]
[9.01282431],[2.36075856],[18.42322075]
[8.96952582],[2.3403163],[18.16206345]
[8.87459001],[2.31373773],[17.72871698]
[8.80053352],[2.28336833],[17.34487161]
[8.73942071],[2.25099214],[16.90201574]
[8.63685324],[2.2206885],[16.31476496]
[8.54649921],[2.14355093],[15.67178827]
[8.29328656],[1.98748847],[14.82599269]
[8.12047809],[1.92503673],[13.74092315]
[7.88945714],[1.86032561],[12.44000547]
[7.62405168],[1.788679],[10.95550641]
[7.04445406],[1.71319659],[9.49439289]
[6.39883934],[1.62748042],[8.26337611]
[5.71247816],[1.53370787],[7.31139788]
[9.129297],[2.01142396],[6.42358492]
[1.85690062],[0.88909844],[0.75511976]
[0.08617876],[0.039811],[0.00062434]
[0.],[0.],[0.]
[1.8146606],[0.40366497],[0.44941331]
[2.55736749],[0.8190487],[1.48679198]
[3.23582835],[0.99296654],[2.25762891]
[3.49303609],[1.063995],[2.58428044]
[3.79929009],[1.27690815],[3.5190106]
[4.02046395],[1.40967211],[4.05542688]
[4.33624345],[1.51089854],[4.76629258]
[4.59913916],[1.59124851],[5.29433511]
[4.74204178],[1.6546669],[5.90872522]
[4.87721379],[1.70379027],[6.47809531]
[4.94717143],[1.82269548],[7.34496439]
[5.27057634],[1.91089964],[8.02782726]
[5.37539276],[1.98778173],[8.67707093]
[5.53194067],[2.04707905],[9.31722735]
[5.81796581],[2.10890685],[9.94224852]
[6.09641497],[2.15180144],[10.5570498]
[6.33287513],[2.21405658],[11.28420199]
[6.75846611],[2.26974508],[12.12015355]
[6.98789528],[2.31793383],[13.00248176]
[7.24499218],[2.34099204],[13.89043823]
[7.54714022],[2.38145276],[14.92392543]
[7.65913367],[2.40371953],[15.66662702]
[7.82210468],[2.46466426],[16.37258295]
[8.0341379],[2.52642529],[17.00568337]
[8.26231576],[2.58822663],[17.67134946]
[8.51833211],[2.63466702],[18.37316048]
[8.60921653],[2.68245279],[18.8283424]
[8.65098252],[2.69125067],[19.30708474]
[8.70991109],[2.71746805],[19.71176592]
[8.78852428],[2.7357216],[20.04498108]
[9.07096727],[2.70813459],[20.52187452]
[9.16972577],[2.6816649],[20.67474132]
[9.27523462],[2.65148009],[20.831518]
[9.35265499],[2.62428943],[20.81640599]
[9.38549389],[2.58935396],[20.7279285]
[9.38611825],[2.5603637],[20.53030379]
[9.31210139],[2.53410444],[20.29952884]
[9.32105821],[2.51195472],[19.99315207]
[9.24838704],[2.48917008],[19.66569638]
[9.24701884],[2.47036668],[19.34443029]
[9.17367949],[2.45360558],[18.98230404]
[9.11102025],[2.43438209],[18.56668371]
[8.95938061],[2.41706205],[18.0400944]
[8.87663086],[2.39066628],[17.39845603]
[8.70147563],[2.23465614],[16.5539848]
[8.43089221],[2.00963736],[15.41698995]
[8.14420659],[1.95669395],[14.11061792]
[7.96243476],[1.89593052],[12.68801456]
[7.44811545],[1.82390882],[10.90887826]
[6.82730642],[1.75791833],[9.43297972]
[6.14826744],[1.67919338],[8.19987094]
