meltWidth,meltDepth,meltArea
[0.],[0.],[0.]
[0.],[0.],[0.]
[0.],[0.],[0.]
[0.],[0.],[0.]
[0.],[0.],[0.]
[0.],[0.],[0.]
[0.],[0.],[0.]
[0.],[0.],[0.]
[0.],[0.],[0.]
[0.],[0.],[0.]
[0.],[0.],[0.]
[0.],[0.],[0.]
[0.],[0.],[0.]
[0.],[0.],[0.]
[0.],[0.],[0.]
[0.],[0.],[0.]
[0.],[0.],[0.]
[0.],[0.],[0.]
[0.],[0.],[0.]
[0.],[0.],[0.]
[0.],[0.],[0.]
[0.],[0.],[0.]
[0.],[0.],[0.]
[0.],[0.],[0.]
[0.],[0.],[0.]
[0.],[0.],[0.]
[0.],[0.],[0.]
[0.],[0.],[0.]
[0.],[0.],[0.]
[0.],[0.],[0.]
[0.],[0.],[0.]
[0.],[0.],[0.]
[0.],[0.],[0.]
[0.],[0.],[0.]
[0.],[0.],[0.]
[0.],[0.],[0.]
[0.],[0.],[0.]
[0.],[0.],[0.]
[0.],[0.],[0.]
[0.],[0.],[0.]
[0.],[0.],[0.]
[0.],[0.],[0.]
[0.],[0.],[0.]
[0.],[0.],[0.]
[0.],[0.],[0.]
[0.],[0.],[0.]
[0.],[0.],[0.]
[0.],[0.],[0.]
[0.],[0.],[0.]
[0.],[0.],[0.]
[0.],[0.],[0.]
[0.],[0.],[0.]
[0.],[0.],[0.]
[0.],[0.],[0.]
[0.],[0.],[0.]
[0.],[0.],[0.]
[0.13260486],[0.01402505],[0.00073816]
[0.48073974],[0.05463358],[0.01241021]
[0.97254158],[0.09846118],[0.04641492]
[1.27009555],[0.15064947],[0.09384366]
[1.61773984],[0.2074374],[0.20741645]
[1.76043768],[0.28799877],[0.29234248]
[1.94496242],[0.29899498],[0.36000575]
[2.15897176],[0.31489215],[0.39001287]
[2.26342964],[0.33110035],[0.44235301]
[2.30023099],[0.34974396],[0.46135359]
[2.34463221],[0.36814596],[0.52018787]
[2.38306803],[0.38928474],[0.56124939]
[2.42881996],[0.40811874],[0.61186704]
[2.49118645],[0.42705523],[0.68110173]
[2.51897053],[0.44734825],[0.71786181]
[2.56322514],[0.46103092],[0.76162276]
[2.6108432],[0.47476464],[0.78735211]
[2.60971298],[0.48421687],[0.80541862]
[2.62447799],[0.49599455],[0.80344663]
[2.56438312],[0.50786664],[0.78443963]
[2.5192125],[0.51243772],[0.77013949]
[2.46338006],[0.50272911],[0.72067727]
[2.36538239],[0.50542073],[0.6885616]
[2.23307887],[0.49089295],[0.600555]
[2.0892047],[0.46757617],[0.53113733]
[1.86446563],[0.43635621],[0.42926145]
[1.59768477],[0.41004966],[0.35803854]
[1.43878738],[0.37316368],[0.26943984]
[1.21213236],[0.33648427],[0.21365202]
[1.05019323],[0.29687339],[0.15390172]
[0.88241291],[0.24477092],[0.10625188]
[0.57324434],[0.18703738],[0.05241997]
[0.29661923],[0.10129536],[0.01436451]
[0.],[0.],[0.]
[0.],[0.],[0.]
[0.],[0.],[0.]
[0.],[0.],[0.]
[0.],[0.],[0.]
[0.],[0.],[0.]
[0.],[0.],[0.]
[0.],[0.],[0.]
[0.],[0.],[0.]
[0.],[0.],[0.]
[0.],[0.],[0.]
[0.],[0.],[0.]
[0.],[0.],[0.]
[0.],[0.],[0.]
[0.],[0.],[0.]
[0.],[0.],[0.]
[0.],[0.],[0.]
[0.],[0.],[0.]
[0.],[0.],[0.]
[3.13165743],[0.08759678],[0.165777]
[0.],[0.],[0.]
[0.],[0.],[0.]
[0.30822221],[0.16692378],[0.02524329]
[1.6943796],[0.24371293],[0.26689039]
[1.87592363],[0.31886216],[0.45458103]
[2.05103415],[0.51302939],[0.6907719]
[2.34138927],[0.60012643],[0.99381455]
[2.52714655],[0.67309869],[1.15116817]
[2.65915566],[0.70471881],[1.31930399]
[2.72698568],[0.73410122],[1.3870928]
[2.81512471],[0.76361027],[1.50636572]
[2.82454029],[0.78595316],[1.5874069]
[2.86775413],[0.88867195],[1.70011444]
[2.88056675],[0.99121172],[1.83774384]
[2.86321265],[1.07978692],[1.86270304]
[2.95210703],[1.12547997],[2.05469822]
[2.87398377],[1.15469756],[1.95974434]
[3.0023783],[1.16349941],[2.2283596]
[2.74029132],[1.1978365],[2.04904176]
[3.03680736],[1.20106951],[2.34711346]
[2.76273461],[1.2278],[2.17044202]
[3.03852228],[1.20588004],[2.44736019]
[2.73604701],[1.22548238],[2.26278567]
[2.99215521],[1.19740287],[2.4898305]
[2.63338955],[1.22008378],[2.32285655]
[2.8553772],[1.19071669],[2.50872006]
[2.37776481],[1.21154701],[2.32003668]
[2.63149544],[1.18347326],[2.47466399]
[2.37771853],[1.19245102],[2.26961435]
[2.43141082],[1.16231116],[2.31512658]
[2.5779813],[1.1657953],[2.15443924]
[2.51069531],[1.14777789],[2.02942432]
[2.61358492],[1.14114479],[1.97788453]
[2.63165749],[1.11314749],[1.87252375]
[2.64335288],[1.08834804],[1.79171007]
[2.64598528],[1.00848147],[1.68521175]
[2.60881717],[0.94046576],[1.57287878]
[2.60056821],[0.87959505],[1.47769918]
[2.58984463],[0.8329314],[1.38334614]
[2.57403756],[0.78835578],[1.06408137]
[2.56306514],[0.72781974],[0.98541552]
[2.53987536],[0.67624963],[0.91985093]
[2.50320773],[0.6375879],[0.85483821]
[2.45200796],[0.60512955],[0.79163485]
[2.40673932],[0.57480321],[0.75084125]
[2.35868381],[0.54324322],[0.70066557]
[2.30716471],[0.51744428],[0.64561832]
[2.26108272],[0.49368921],[0.60698882]
[2.22829206],[0.48019318],[0.58695395]
[2.20662437],[0.47340815],[0.57244553]
[2.17389003],[0.46944535],[0.55340016]
[2.14141893],[0.46699518],[0.53733319]
[2.0778003],[0.46189668],[0.5210393]
[1.97761766],[0.45682988],[0.49902279]
[3.68347295],[0.81774927],[1.79196179]
[0.79127183],[0.00559781],[0.00050564]
[0.],[0.],[0.]
[0.33925882],[0.2276294],[0.03812235]
[1.80286415],[0.24344271],[0.31175732]
[1.99510603],[0.40510675],[0.60432415]
[2.17827024],[0.59824464],[0.85047394]
[2.45088352],[0.6798959],[1.16267433]
[2.63879167],[0.75251736],[1.34734051]
[2.83101518],[0.78083292],[1.55660626]
[2.89040823],[0.81793942],[1.64044881]
[2.97457931],[0.85912585],[1.78871697]
[2.9766314],[0.89370396],[1.91217524]
[3.01951616],[0.95741018],[1.99123782]
[3.03871885],[0.9895077],[2.09922513]
[2.93018825],[1.01910236],[1.96030295]
[3.10759627],[1.04537153],[2.2820146]
[2.9265291],[1.07340448],[2.07181024]
[3.13176361],[1.1084443],[2.42992799]
[2.80927192],[1.12610417],[2.12173169]
[3.14092056],[1.15255079],[2.52867556]
[2.78739256],[1.17161703],[2.24560129]
[3.11141551],[1.18666523],[2.60104117]
[2.68824142],[1.19225121],[2.28961862]
[3.03329457],[1.20128378],[2.58017429]
[2.5789525],[1.21965006],[2.35141094]
[2.81456418],[1.21184239],[2.54091299]
[2.32365155],[1.23079357],[2.35912127]
[2.49914884],[1.21425346],[2.47885633]
[2.48078999],[1.233242],[2.35681455]
[2.5578909],[1.20107883],[2.35657809]
[2.72481269],[1.2193324],[2.3296378]
[2.77101556],[1.18875973],[2.23997228]
[2.90785296],[1.1938133],[2.30148957]
[3.03635],[1.16771982],[2.24972027]
[3.01779504],[1.15103356],[2.21348689]
[3.05068019],[1.1008009],[2.11778165]
[2.99458963],[1.05036547],[2.00566282]
[2.98633141],[0.99551015],[1.9066515]
[2.97079923],[0.94643002],[1.78386799]
[2.94781483],[0.89687558],[1.58665134]
[2.93535015],[0.83656355],[1.45752722]
[2.91378444],[0.78365239],[1.35543203]
[2.86387962],[0.74402705],[1.26213807]
[2.79244165],[0.70997477],[1.16703476]
[2.72295254],[0.67812349],[1.09834758]
[2.65689486],[0.65115858],[1.03675523]
[2.58732889],[0.62679124],[0.97310596]
[2.5199191],[0.60908297],[0.92541929]
[2.45017966],[0.59338911],[0.88740359]
[2.39516625],[0.59366443],[0.86371784]
[2.33352802],[0.59529469],[0.83581608]
[2.3037968],[0.59421438],[0.82492893]
[2.26145723],[0.58460392],[0.79760219]
[2.19461652],[0.56507495],[0.74589895]
[3.98677985],[1.09698993],[2.76443222]
[2.32005154],[0.26832517],[0.38633019]
[0.],[0.],[0.]
[0.33201154],[0.23987296],[0.03934949]
[1.86574173],[0.24253431],[0.36293095]
[2.04189674],[0.4817225],[0.70983658]
[2.20113651],[0.67050314],[0.97198692]
[2.40080101],[0.75192494],[1.25258989]
[2.64420444],[0.82308614],[1.46162664]
[2.84915345],[0.85350216],[1.69080369]
[2.93716661],[0.90718484],[1.82844562]
[3.04973378],[0.95832682],[2.02779471]
[3.04432477],[0.98181749],[2.15009547]
[3.01657211],[1.00835068],[2.12011828]
[3.11060521],[1.03967883],[2.35728394]
[2.85454256],[1.06338826],[2.08749138]
[3.1534375],[1.10734017],[2.53933327]
[2.84024451],[1.13181312],[2.23784174]
[3.15976947],[1.16044637],[2.70596314]
[2.74337881],[1.18185591],[2.34440237]
[3.1097371],[1.21532424],[2.74403163]
[2.69398708],[1.23576951],[2.46373072]
[3.03422025],[1.24427997],[2.7735971]
[2.57085696],[1.25085634],[2.50794008]
[2.82684065],[1.24863395],[2.67923615]
[2.35366521],[1.25848267],[2.50006609]
[2.43433104],[1.24784349],[2.59607921]
[2.61184115],[1.25926656],[2.51792083]
[2.73980119],[1.24087375],[2.55218718]
[2.89033149],[1.25323852],[2.51659279]
[3.0105542],[1.22071515],[2.50499638]
[3.11375151],[1.24135732],[2.54226258]
[3.20012603],[1.215667],[2.50448272]
[3.23819462],[1.22571319],[2.55896484]
[3.28609717],[1.17295603],[2.48043598]
[3.23681439],[1.12706351],[2.38542672]
[3.26953615],[1.0892012],[2.30154073]
[3.21773614],[1.04433132],[2.1762135]
[3.20790699],[1.01014213],[2.07526865]
[3.19525947],[0.9659384],[1.94319307]
[3.17455126],[0.92470796],[1.79731662]
[3.16374241],[0.87372797],[1.68416428]
[3.14658549],[0.82592744],[1.58027661]
[3.09977782],[0.78729837],[1.4733226]
[3.02397406],[0.75475019],[1.37071352]
[2.94600617],[0.72251919],[1.29127722]
[2.86942848],[0.69628542],[1.21871544]
[2.79254569],[0.67679296],[1.14885861]
[2.71912259],[0.65558945],[1.08884857]
[2.64146539],[0.63311958],[1.03536253]
[2.57094045],[0.61874696],[0.99044493]
[2.50630365],[0.61568556],[0.95557022]
[2.44181866],[0.60515246],[0.92248478]
[2.38018121],[0.59690345],[0.89083983]
[2.34234558],[0.5850547],[0.85705891]
[4.26805964],[1.08375524],[2.90225257]
[2.48604415],[0.81876381],[0.90198676]
[0.37421083],[0.07986679],[0.01314022]
[0.26580038],[0.23083647],[0.03032673]
[1.90129282],[0.24181946],[0.39551215]
[2.09528804],[0.50420928],[0.77591965]
[2.251186],[0.69897591],[1.07390641]
[2.40050999],[0.78915055],[1.36017302]
[2.65516063],[0.86580628],[1.5748194]
[2.87502969],[0.90366266],[1.82574246]
[2.98012009],[0.96223959],[1.99483496]
[3.06883717],[1.01378772],[2.13455508]
[3.11141375],[1.0372343],[2.37156383]
[2.97054558],[1.05525325],[2.19136654]
[3.14912287],[1.10060224],[2.59314031]
[2.75689624],[1.13710088],[2.27467186]
[3.13852764],[1.17905346],[2.75706896]
[2.7349819],[1.20610741],[2.43197134]
[3.07060517],[1.23071559],[2.79478124]
[2.67167101],[1.25660371],[2.55920786]
[2.94517364],[1.27257816],[2.77268471]
[2.50032678],[1.28740068],[2.61097853]
[2.55550054],[1.2764783],[2.68491607]
[2.52057789],[1.28794292],[2.59576427]
[2.57223636],[1.2763672],[2.58964027]
[2.70784617],[1.2884275],[2.53057004]
[2.818053],[1.26844697],[2.53684252]
[2.97615366],[1.28253294],[2.56214713]
[3.15477967],[1.24983086],[2.60240367]
[3.25435448],[1.27059331],[2.66305373]
[3.37681355],[1.2257046],[2.66456573]
[3.42071576],[1.25263607],[2.71030308]
[3.40743724],[1.21918473],[2.60065033]
[3.42695832],[1.21233615],[2.59678798]
[3.45338013],[1.12903509],[2.51838009]
[3.42826873],[1.1221363],[2.42699907]
[3.45084956],[1.10600463],[2.36245352]
[3.4184606],[1.04905522],[2.24209766]
[3.39943576],[0.98156033],[2.13727826]
[3.38426428],[0.95708778],[2.04219985]
[3.36437329],[0.92942564],[1.92001948]
[3.35419002],[0.88845113],[1.82279981]
[3.3384661],[0.84785833],[1.72705954]
[3.29379245],[0.80604296],[1.62017638]
[3.2200267],[0.76127147],[1.50712413]
[3.14264615],[0.72536448],[1.42106248]
[3.0630247],[0.69637438],[1.34533069]
[2.98586827],[0.67368276],[1.27412611]
[2.91497611],[0.65205052],[1.19985967]
[2.83319679],[0.63361418],[1.12815364]
[2.75977145],[0.61818897],[1.07115114]
[2.68566803],[0.60155007],[1.00934003]
[2.61633525],[0.59058679],[0.96626002]
[2.55411769],[0.58344179],[0.93296997]
[2.49460461],[0.57641934],[0.90083372]
[4.57439409],[1.07987788],[3.00553467]
[2.86029659],[0.85226411],[1.21391416]
[1.33425457],[0.37777273],[0.26926997]
[0.20736808],[0.20865878],[0.0213648]
[1.92841823],[0.28430968],[0.4282515]
[2.13422181],[0.51808458],[0.80642722]
[2.30376979],[0.71847571],[1.15481888]
[2.43758309],[0.83364907],[1.47488377]
[2.64521808],[0.90934122],[1.759127]
[2.88647726],[0.95143172],[2.07574987]
[3.02170217],[1.00489127],[2.36385744]
[3.07525305],[1.05308536],[2.45791052]
[3.123514],[1.15994943],[2.74334413]
[2.92841986],[1.20421179],[2.52905029]
[3.14893209],[1.24944625],[2.97533344]
[2.73743597],[1.28993173],[2.64943029]
[3.11687042],[1.30645461],[3.09197271]
[2.71146324],[1.33188846],[2.87013574]
[3.03828352],[1.34414288],[3.17842663]
[2.65868319],[1.36318494],[3.00891797]
[2.7683216],[1.36995521],[3.12073934]
[2.86078078],[1.38271934],[3.05708319]
[3.01058519],[1.36322789],[3.11121425]
[3.12725204],[1.37602766],[3.0668842]
[3.2772329],[1.35270435],[3.07242009]
[3.34977389],[1.36558944],[3.03864779]
[3.45254346],[1.33351062],[3.07180848]
[3.51785771],[1.35035831],[3.08863614]
[3.52890756],[1.31075997],[3.04879717]
[3.5491794],[1.33311885],[3.02736]
[3.54960504],[1.28585989],[2.94446092]
[3.56870169],[1.30814332],[2.93491814]
[3.56618344],[1.27312157],[2.84666602]
[3.59480378],[1.26317706],[2.8215356]
[3.60028564],[1.19633305],[2.7499331]
[3.58061295],[1.18654614],[2.63592835]
[3.58326603],[1.16917255],[2.56200607]
[3.5566014],[1.08732686],[2.43194213]
[3.52358759],[1.02335354],[2.3374832]
[3.49410338],[0.99744581],[2.24061562]
[3.4635603],[0.97524616],[2.12549447]
[3.44036847],[0.93044912],[2.01336947]
[3.4129092],[0.87878253],[1.8966384]
[3.36701417],[0.83212693],[1.7779653]
[3.30634902],[0.79805375],[1.66510933]
[3.24177961],[0.75956497],[1.55514583]
[3.17867073],[0.72761647],[1.46334618]
[3.11395148],[0.70092252],[1.37773019]
[3.05462397],[0.68041585],[1.30074519]
[2.98740962],[0.65904572],[1.2255667]
[2.92419366],[0.63342723],[1.15095166]
[2.8623875],[0.60902009],[1.07696083]
[2.80196917],[0.59721334],[1.02714323]
[2.69718604],[0.58885066],[0.96966055]
[2.54752818],[0.58225033],[0.91385759]
[4.86820273],[1.11975403],[3.23059275]
[3.10836894],[0.88847091],[1.39595748]
[1.7469727],[0.57698349],[0.52693426]
[0.22200903],[0.21860897],[0.02397326]
[1.95873436],[0.35183332],[0.48033994]
[2.17649243],[0.54178902],[0.88261511]
[2.33737651],[0.74356857],[1.24595694]
[2.46764078],[0.86800791],[1.57737572]
[2.71219802],[0.93322156],[2.0347511]
[2.94220694],[0.97538151],[2.340812]
[3.07471797],[1.05064007],[2.62785319]
[3.10010945],[1.11978406],[2.73537127]
[3.14499929],[1.2212746],[3.01769838]
[2.95635701],[1.2668919],[2.87572086]
[3.164598],[1.30401282],[3.32745651]
[2.72723375],[1.33549051],[3.08266656]
[3.10897215],[1.35218953],[3.52770687]
[3.02654135],[1.37530621],[3.34116016]
[3.23629631],[1.38330712],[3.68882184]
[3.27439298],[1.41275233],[3.50515289]
[3.3776531],[1.41795171],[3.64833373]
[3.48747592],[1.43122822],[3.58420383]
[3.50702993],[1.41585231],[3.6063045]
[3.47709938],[1.42555447],[3.47250687]
[3.46670131],[1.40146083],[3.41352666]
[3.46645277],[1.41452295],[3.32803955]
[3.48774914],[1.38058409],[3.26872405]
[3.51042983],[1.39867532],[3.22433257]
[3.54322114],[1.35416691],[3.15915881]
[3.56248044],[1.38030948],[3.14006372]
[3.58711955],[1.32173704],[3.04476807]
[3.61472491],[1.34092749],[3.03731016]
[3.64997363],[1.2940063],[2.96955976]
[3.68484162],[1.28940684],[2.92446376]
[3.70540085],[1.21657308],[2.85445126]
[3.71812077],[1.20307622],[2.74741047]
[3.70840991],[1.15336763],[2.6679172]
[3.71492087],[1.07956597],[2.56536807]
[3.68167167],[1.04806934],[2.47112026]
[3.66780111],[1.02201671],[2.39324118]
[3.64126444],[0.99280715],[2.29050621]
[3.61982686],[0.94982615],[2.19232192]
[3.59479904],[0.89561476],[2.0795295]
[3.55968289],[0.84620589],[1.97606879]
[3.50388609],[0.811248],[1.85863779]
[3.43957233],[0.77959373],[1.74367627]
[3.3796619],[0.75379698],[1.64058469]
[3.31124954],[0.73339015],[1.54466375]
[3.25057589],[0.71542342],[1.44881322]
[3.18326116],[0.69248896],[1.36623024]
[3.11675814],[0.66586135],[1.28936687]
[3.05792231],[0.64092563],[1.21635978]
[2.99645241],[0.61801359],[1.15501383]
[2.94067398],[0.60541811],[1.10407809]
[2.89815576],[0.58379202],[1.05154779]
[5.21730491],[1.18879678],[3.46090889]
[3.31164382],[0.89951386],[1.53586137]
[2.14726234],[0.62670388],[0.69105403]
[0.88108654],[0.21086538],[0.08989389]
[1.98113982],[0.39125566],[0.51018472]
[2.22056488],[0.5991308],[0.96785568]
[2.36797462],[0.76499365],[1.33791136]
[2.48387541],[0.89335254],[1.65826549]
[2.78145735],[0.96581091],[2.32178899]
[2.97149499],[1.00925578],[2.56615367]
[3.0890536],[1.12162969],[2.88962196]
[3.09705899],[1.19610204],[3.05171505]
[3.14926387],[1.27825243],[3.31813453]
[2.93749572],[1.31975536],[3.17945086]
[3.15052653],[1.34824906],[3.62421885]
[3.11844895],[1.38094006],[3.39283906]
[3.34490754],[1.39052657],[3.90066917]
[3.4212711],[1.41907683],[3.71672983]
[3.50251768],[1.42481748],[4.01410699]
[3.59292535],[1.45310092],[3.83259712]
[3.54402743],[1.45308379],[3.8717535]
[3.53768449],[1.464221],[3.72846069]
[3.49887372],[1.44706052],[3.6747537]
[3.47372239],[1.45775759],[3.5477607]
[3.47961374],[1.43236493],[3.4993009]
[3.47687428],[1.44450285],[3.41531971]
[3.49984502],[1.41063076],[3.34709129]
[3.51673063],[1.42706167],[3.29936534]
[3.5502204],[1.37677499],[3.22131838]
[3.56406055],[1.38979809],[3.1959988]
[3.59079389],[1.32555187],[3.0896454]
[3.61484451],[1.33895726],[3.0735607]
[3.65428035],[1.2706576],[2.98467446]
[3.68597825],[1.2497894],[2.92842]
[3.71641874],[1.20000067],[2.85066297]
[3.73827551],[1.13089435],[2.73714685]
[3.74857746],[1.09821125],[2.66354716]
[3.77098794],[1.06956571],[2.56833361]
[3.75843781],[1.04260169],[2.50034975]
[3.75837722],[1.0136486],[2.43631532]
[3.74257075],[0.98142473],[2.35412555]
[3.73223421],[0.94820959],[2.28105424]
[3.72016139],[0.9146773],[2.2041911]
[3.70680024],[0.87497605],[2.13694551]
[3.65636309],[0.83155186],[2.04156976]
[3.58705324],[0.79219093],[1.9323475]
[3.52614094],[0.77011915],[1.83400729]
[3.47445475],[0.75197435],[1.73454779]
[3.41673853],[0.73847025],[1.64776408]
[3.33764651],[0.72020612],[1.53772783]
[3.2659532],[0.69630113],[1.44224186]
[3.20032241],[0.67270082],[1.35270469]
[3.13709629],[0.64836334],[1.27335644]
[3.08237726],[0.63159726],[1.22101097]
[3.03826172],[0.61863609],[1.17669319]
[5.50287806],[1.23282357],[3.63617338]
[3.5932358],[0.89397013],[1.54143211]
[2.41483525],[0.66252036],[0.80397697]
[1.22671038],[0.32539396],[0.23410089]
[2.00519607],[0.43254616],[0.55331499]
[2.25965742],[0.64109657],[1.0392628]
[2.38747628],[0.79011205],[1.4196584]
[2.49412526],[0.91293497],[1.72746356]
[2.86240883],[1.03510693],[2.51973082]
[3.0233814],[1.07886092],[2.81249001]
[3.11352151],[1.18691097],[3.11577603]
[3.09022505],[1.25808179],[3.25691715]
[3.13641209],[1.31596296],[3.51068249]
[3.09301797],[1.35436936],[3.40578246]
[3.33976043],[1.37663231],[3.87681602]
[3.44535086],[1.41038744],[3.70210982]
[3.53484591],[1.41428199],[4.06294815]
[3.60727645],[1.44458943],[3.89533962]
[3.58006049],[1.44440277],[3.95128479]
[3.57782025],[1.46489364],[3.79255383]
[3.53612535],[1.45603369],[3.75744783]
[3.52208031],[1.46527237],[3.63159427]
[3.49593184],[1.44650211],[3.56129065]
[3.48556705],[1.45260652],[3.46901926]
[3.5024906],[1.42825501],[3.41141636]
[3.50702805],[1.43001423],[3.34333954]
[3.53529382],[1.39328768],[3.26704841]
[3.55628287],[1.39773161],[3.23837574]
[3.58911096],[1.34710339],[3.14979397]
[3.60721482],[1.35004948],[3.11642438]
[3.63208687],[1.25304341],[2.98570473]
[3.66020885],[1.25337473],[2.94757369]
[3.69669178],[1.18318977],[2.84503915]
[3.73086675],[1.160996],[2.7755795]
[3.75688745],[1.10779453],[2.71499218]
[3.78065846],[1.07094334],[2.61498075]
[3.78479419],[1.03985207],[2.55638275]
[3.80834786],[1.00519103],[2.4720019]
[3.78740235],[0.97234594],[2.4041545]
[3.79249671],[0.94776886],[2.3572529]
[3.80003286],[0.92546505],[2.31179658]
[3.78541312],[0.90485001],[2.27069734]
[3.76868537],[0.88178584],[2.2263334]
[3.75428408],[0.85927671],[2.18886663]
[3.72335577],[0.842852],[2.13854529]
[3.66011915],[0.80992831],[2.04458659]
[3.60112284],[0.78060649],[1.95910057]
[3.55717901],[0.7608757],[1.88048874]
[3.50807297],[0.75028558],[1.79577284]
[3.44229305],[0.73692997],[1.69841914]
[3.37035129],[0.71672236],[1.60592901]
[3.2972972],[0.6928954],[1.48873634]
[3.23411852],[0.66872902],[1.38146432]
[3.18211399],[0.64726006],[1.3117626]
[3.14160338],[0.63336494],[1.26649898]
[5.82892869],[1.26850133],[4.00827702]
[3.94030376],[0.87226468],[1.56556296]
[2.7278745],[0.58061336],[0.88651469]
[1.54051542],[0.42685413],[0.3840472]
[2.04522326],[0.49885656],[0.62575048]
[2.29807481],[0.68651004],[1.1242556]
[2.40478768],[0.83211429],[1.51181619]
[2.50666862],[0.9420752],[1.79742839]
[2.90643337],[1.11784977],[2.73931383]
[3.05626152],[1.18031002],[3.12363006]
[3.13792832],[1.27330621],[3.50563788]
[3.14360589],[1.34664328],[3.68016719]
[3.32358796],[1.38355567],[3.93466311]
[3.4185157],[1.42166735],[3.83409376]
[3.55737995],[1.43494859],[4.27112778]
[3.6218242],[1.46522054],[4.03497754]
[3.63448573],[1.46361153],[4.28656669]
[3.63710886],[1.48403643],[4.03175687]
[3.61099714],[1.48377514],[4.07416699]
[3.61336258],[1.49888079],[3.91751074]
[3.5803111],[1.49472284],[3.89336416]
[3.58544265],[1.49533822],[3.76928625]
[3.57165023],[1.48336619],[3.72053589]
[3.56962806],[1.48034636],[3.62167687]
[3.58255309],[1.45864319],[3.56829566]
[3.60136665],[1.45192242],[3.49014078]
[3.62037292],[1.42028738],[3.41658176]
[3.64704847],[1.41289816],[3.37273686]
[3.67117406],[1.36418255],[3.27642432]
[3.69692213],[1.35599933],[3.22360527]
[3.7074209],[1.26904719],[3.1028782]
[3.73958361],[1.24864303],[3.05085801]
[3.7682507],[1.18959115],[2.95334687]
[3.79947893],[1.16032831],[2.87109724]
[3.79981512],[1.11029434],[2.79810234]
[3.82455932],[1.07684871],[2.70665488]
[3.81329941],[1.04761546],[2.64430796]
[3.84114933],[1.01658832],[2.56414632]
[3.81784166],[0.98543895],[2.50063144]
[3.82482764],[0.95995782],[2.45903667]
[3.82617972],[0.93471464],[2.41571586]
[3.81495333],[0.91170199],[2.37852034]
[3.79912318],[0.88990095],[2.33203456]
[3.78438115],[0.87360343],[2.30094659]
[3.75479697],[0.85812168],[2.25663255]
[3.69540995],[0.8429176],[2.18267687]
[3.65279708],[0.8344337],[2.11675391]
[3.61148095],[0.80605261],[2.03126501]
[3.56284359],[0.78064307],[1.94871008]
[3.49681824],[0.76392997],[1.86595724]
[3.42313449],[0.75222982],[1.77033934]
[3.34189361],[0.72897993],[1.66406639]
[3.26523273],[0.70452981],[1.5525069]
[3.20840822],[0.68236595],[1.44430645]
[3.16644076],[0.66391942],[1.37754524]
[6.12940597],[1.31602908],[4.64614485]
[4.42581893],[0.94010873],[1.94376925]
[3.11723549],[0.55829984],[0.95139721]
[1.94619781],[0.47709609],[0.51027104]
[2.09564162],[0.55527734],[0.71622107]
[2.32720341],[0.72875184],[1.20591804]
[2.42434855],[0.87148769],[1.59172631]
[2.5194761],[0.96524223],[1.84873327]
[2.93794604],[1.15998406],[2.8862602]
[3.0851523],[1.23866546],[3.3172003]
[3.16070072],[1.31823623],[3.70818848]
[3.19359402],[1.3851932],[3.83964191]
[3.3510974],[1.41488084],[4.06110338]
[3.45675151],[1.44865555],[3.96635416]
[3.6055342],[1.46195091],[4.3880191]
[3.66219066],[1.48530968],[4.14529904]
[3.66281667],[1.4892093],[4.38733344]
[3.65554948],[1.5055552],[4.12405131]
[3.63460195],[1.51123823],[4.17484842]
[3.64180659],[1.51822824],[4.0153766]
[3.61130287],[1.52136903],[3.99497997]
[3.61533198],[1.51292658],[3.85601659]
[3.60203696],[1.50977638],[3.81139872]
[3.60321355],[1.49131896],[3.70429278]
[3.62406156],[1.48095778],[3.65584537]
[3.63653297],[1.4569446],[3.56110949]
[3.66097452],[1.43765624],[3.49359445]
[3.68653398],[1.41313331],[3.43118058]
[3.70114821],[1.3788278],[3.33419878]
[3.72832941],[1.35486153],[3.27128552]
[3.7353754],[1.26670948],[3.15293609]
[3.76417184],[1.23631082],[3.08501937]
[3.78805487],[1.18522217],[2.98891044]
[3.82161764],[1.15674449],[2.91938354]
[3.81928237],[1.11289941],[2.85197729]
[3.84483208],[1.08208827],[2.76261911]
[3.83159339],[1.05279758],[2.70114643]
[3.85949117],[1.02214523],[2.62373411]
[3.83597192],[0.99509625],[2.57261176]
[3.84229588],[0.9728909],[2.53645057]
[3.85160286],[0.95054278],[2.50039266]
[3.85647224],[0.92553082],[2.46645093]
[3.84107745],[0.90537907],[2.42756831]
[3.82585643],[0.88799406],[2.39923002]
[3.80721714],[0.87194797],[2.36764762]
[3.74731297],[0.86013898],[2.30375453]
[3.70113193],[0.85207731],[2.23961532]
[3.66269769],[0.84466711],[2.17457903]
[3.61946125],[0.82491357],[2.09936432]
[3.55937131],[0.79613021],[2.00794843]
[3.48925794],[0.77696644],[1.92780286]
[3.41562589],[0.76055556],[1.835138]
[3.31634597],[0.73647149],[1.70716444]
[3.26178533],[0.71466108],[1.6158898]
[3.21799991],[0.69467883],[1.52617643]
[6.43453358],[1.42614571],[5.28602384]
[4.74054628],[0.97324836],[2.39668301]
[3.48826111],[0.45614117],[1.10865747]
[2.3949146],[0.42093383],[0.68978568]
[2.12862911],[0.59504037],[0.88014648]
[2.34284951],[0.75763324],[1.26038926]
[2.44188498],[0.89525939],[1.65445009]
[2.56563227],[0.98213945],[1.91972313]
[2.96761318],[1.19255183],[3.01402452]
[3.1111177],[1.27123382],[3.46699447]
[3.1821662],[1.35076153],[3.81257466]
[3.24802827],[1.40923482],[3.94412702]
[3.39530617],[1.4389557],[4.15841672]
[3.50209235],[1.46766278],[4.07700258]
[3.64831447],[1.48508421],[4.47243935]
[3.70190061],[1.50339415],[4.26302133]
[3.69843147],[1.50867203],[4.41518829]
[3.68855758],[1.51845532],[4.18855401]
[3.66454518],[1.5267689],[4.21438624]
[3.67157027],[1.52970441],[4.05808053]
[3.64413792],[1.53312524],[4.03451853]
[3.65848252],[1.51861141],[3.90086357]
[3.64274557],[1.51441367],[3.84537169]
[3.64483566],[1.48627848],[3.73640409]
[3.67455457],[1.47593529],[3.68303393]
[3.67757145],[1.4492863],[3.59451078]
[3.7100171],[1.42846048],[3.52114238]
[3.72496322],[1.40045839],[3.43959817]
[3.74498284],[1.36003953],[3.34050186]
[3.76559741],[1.3118932],[3.27515142]
[3.76921201],[1.24092008],[3.14555875]
[3.79421805],[1.21071747],[3.07092825]
[3.80662037],[1.16809544],[2.97976652]
[3.845783],[1.14140167],[2.92480622]
[3.84026125],[1.1022204],[2.85417115]
[3.86770358],[1.07283073],[2.77213906]
[3.85199279],[1.04389129],[2.71715727]
[3.88115191],[1.01847535],[2.66271935]
[3.85644431],[0.99394353],[2.62027891]
[3.86198705],[0.97412002],[2.59030759]
[3.86993395],[0.95568389],[2.55884772]
[3.88006422],[0.935697],[2.52945952]
[3.87647916],[0.91703757],[2.49424279]
[3.85927449],[0.90195059],[2.46760641]
[3.85180284],[0.88983253],[2.4524052]
[3.79421911],[0.87787796],[2.39918335]
[3.7460554],[0.86960599],[2.34188188]
[3.70945515],[0.86217888],[2.28299409]
[3.67005142],[0.85560099],[2.22450645]
[3.61707568],[0.8468632],[2.15257941]
[3.55613936],[0.82060493],[2.07812626]
[3.48984434],[0.79658108],[1.99667138]
[3.39608923],[0.77317843],[1.89103093]
[3.30997295],[0.75303387],[1.78278522]
[3.26543582],[0.73365292],[1.70526016]
[6.61999122],[1.51806871],[5.83412989]
[4.8377606],[1.02718566],[2.78051106]
[3.54279685],[0.64007143],[1.42223083]
[2.43557007],[0.42823197],[0.7414148]
[2.15562847],[0.62565745],[0.99767997]
[2.35928127],[0.79004493],[1.31335554]
[2.45848458],[0.91575775],[1.71306484]
[2.61812383],[0.99613419],[1.99954008]
[3.00093598],[1.22420149],[3.10630139]
[3.13387447],[1.2845401],[3.5422356]
[3.19531867],[1.3580702],[3.86976736]
[3.29074822],[1.41240421],[3.95386848]
[3.43484514],[1.4403773],[4.14894177]
[3.54538088],[1.46498562],[4.09614268]
[3.68577377],[1.48551593],[4.3988262]
[3.73611244],[1.49906167],[4.18837563]
[3.72484043],[1.50780738],[4.23800289]
[3.71168955],[1.51266107],[4.08658914]
[3.68685444],[1.52272241],[4.07487803]
[3.69304715],[1.51550583],[3.92633455]
[3.66759074],[1.51010704],[3.87208952]
[3.68015496],[1.47839642],[3.75882012]
[3.67519494],[1.47173372],[3.7033304]
[3.66982193],[1.44040323],[3.60807422]
[3.71473117],[1.42355514],[3.52780142]
[3.70634362],[1.39329679],[3.43523582]
[3.75054158],[1.35414544],[3.34095136]
[3.74760092],[1.2984889],[3.26228525]
[3.78453993],[1.23384902],[3.13857941]
[3.78877288],[1.20234907],[3.0593349]
[3.80311145],[1.15621948],[2.95500184]
[3.81473256],[1.1330026],[2.89558435]
[3.82198629],[1.10269966],[2.81851198]
[3.86085034],[1.07908113],[2.7785017]
[3.85359914],[1.04493487],[2.74026062]
[3.8790125],[1.01893708],[2.68990315]
[3.86200915],[0.99745941],[2.66094828]
[3.88618426],[0.97870436],[2.617109]
[3.86145421],[0.96150016],[2.58689682]
[3.86626548],[0.94679998],[2.56450388]
[3.87173964],[0.93284191],[2.53935482]
[3.88182406],[0.91795687],[2.51933281]
[3.89321843],[0.90812734],[2.49959947]
[3.88825192],[0.89905748],[2.48358343]
[3.87485073],[0.89070435],[2.47260963]
[3.82829676],[0.88364242],[2.43860612]
[3.77871091],[0.87693212],[2.38962061]
[3.74628407],[0.87115696],[2.33571393]
[3.70970093],[0.8673194],[2.28411538]
[3.66334973],[0.86117157],[2.22676033]
[3.60750642],[0.85477733],[2.16953426]
[3.54623409],[0.84829578],[2.10005666]
[3.46467157],[0.81758701],[1.99144215]
[3.3663746],[0.78608113],[1.88657523]
[3.30123792],[0.76438101],[1.8209406]
[6.68719511],[1.6015283],[6.21190018]
[4.91331728],[1.04829638],[2.90060712]
[3.57383693],[0.69241867],[1.51095438]
[2.46697962],[0.41826468],[0.74804022]
[2.17517643],[0.65248125],[0.93498639]
[2.37571074],[0.82487472],[1.36039496]
[2.47196048],[0.94333749],[1.77321147]
[2.65584504],[1.01733187],[2.12178082]
[3.03514976],[1.28535023],[3.27253754]
[3.15088947],[1.335662],[3.69791993]
[3.24920538],[1.39901439],[4.01142339]
[3.36411311],[1.45104305],[4.07107668]
[3.50802162],[1.47042839],[4.27913528]
[3.61756859],[1.49312984],[4.24401132]
[3.75182925],[1.51288785],[4.49908836]
[3.79473703],[1.52303635],[4.30627412]
[3.76744947],[1.53043327],[4.3271024]
[3.75734581],[1.5333352],[4.17918346]
[3.73240876],[1.54130681],[4.15761697]
[3.73792233],[1.53081644],[4.01259217]
[3.7008581],[1.52267351],[3.94299319]
[3.70694351],[1.48992682],[3.82288377]
[3.71004618],[1.48107893],[3.76921204]
[3.70382524],[1.44741159],[3.6814911]
[3.76174078],[1.42801176],[3.59961025]
[3.75336553],[1.39131598],[3.50690734]
[3.79380487],[1.34881284],[3.40209841]
[3.77985531],[1.28766946],[3.30268529]
[3.81965129],[1.23159731],[3.16174231]
[3.80088883],[1.19629983],[3.08215601]
[3.83098249],[1.156941],[2.97627803]
[3.8218162],[1.13319508],[2.91694734]
[3.82559335],[1.0978808],[2.83447394]
[3.85779442],[1.07676331],[2.80066327]
[3.84916322],[1.04543773],[2.76529162]
[3.87482394],[1.02098065],[2.72035589]
[3.86043225],[1.00147473],[2.69340281]
[3.88836894],[0.98515381],[2.6540994]
[3.86309396],[0.96828911],[2.62312587]
[3.86907818],[0.95437258],[2.60232305]
[3.87577681],[0.94102215],[2.57887116]
[3.88619305],[0.92827089],[2.56032551]
[3.89753776],[0.91807858],[2.54238252]
[3.88035866],[0.90905221],[2.52836683]
[3.87072738],[0.90123768],[2.52162744]
[3.82124392],[0.89476082],[2.4845661]
[3.78528967],[0.88965295],[2.43766979]
[3.75295627],[0.88492797],[2.3844327]
[3.71892903],[0.88340082],[2.33562347]
[3.67549855],[0.87799196],[2.27987401]
[3.61998753],[0.87493546],[2.22823804]
[3.55866819],[0.87206369],[2.16434681]
[3.47729301],[0.8691918],[2.0784434]
[3.37244996],[0.85866647],[1.98834121]
[3.29618999],[0.8187989],[1.89390472]
[6.66317476],[1.63332581],[6.46476694]
[4.86596589],[1.08295971],[2.96113739]
[3.47630143],[0.73398865],[1.54469273]
[2.35545866],[0.42505588],[0.66860626]
[2.17655962],[0.66218979],[0.86370535]
[2.37183189],[0.82974857],[1.36641728]
[2.47423248],[0.95253705],[1.79159438]
[2.74965375],[1.02735544],[2.18775992]
[3.05762648],[1.29563302],[3.31739998]
[3.14721826],[1.33749648],[3.72080025]
[3.27493061],[1.40193702],[4.04966147]
[3.3829535],[1.45486063],[4.10839653]
[3.52772241],[1.47572034],[4.31223369]
[3.63313475],[1.49935707],[4.29396794]
[3.76887818],[1.52294087],[4.47224206]
[3.80447283],[1.53162693],[4.33505847]
[3.77601967],[1.54022772],[4.34129565]
[3.76547816],[1.53958435],[4.20018196]
[3.74039927],[1.54575615],[4.16983249]
[3.73660727],[1.53055089],[4.02070999]
[3.69712029],[1.5195138],[3.94196725]
[3.70165684],[1.48520671],[3.83488539]
[3.71545388],[1.47581673],[3.77510533]
[3.71298821],[1.44054264],[3.68526512]
[3.76990223],[1.42001065],[3.59917068]
[3.76700261],[1.36676373],[3.49209806]
[3.8052183],[1.31635344],[3.37453093]
[3.78725325],[1.25839284],[3.2522441]
[3.82799959],[1.215853],[3.13415729]
[3.79793193],[1.18008974],[3.04331365]
[3.84096354],[1.14366573],[2.95096617]
[3.82061321],[1.11571765],[2.89604812]
[3.82808604],[1.0821553],[2.83250856]
[3.85665249],[1.06326621],[2.80958]
[3.84793329],[1.03754619],[2.78236625]
[3.87397724],[1.01971605],[2.74434246]
[3.85919018],[1.00336731],[2.72149681]
[3.88723796],[0.98749558],[2.68088395]
[3.86224925],[0.97073056],[2.64987507]
[3.86823442],[0.95793827],[2.63244322]
[3.87496205],[0.94774285],[2.61352505]
[3.88533346],[0.93773435],[2.60099003]
[3.89672097],[0.92750834],[2.58577722]
[3.90113151],[0.91911359],[2.57183278]
[3.8904438],[0.9122303],[2.56594285]
[3.84881438],[0.90651957],[2.54275553]
[3.80696582],[0.90166825],[2.50066049]
[3.77622563],[0.89792927],[2.4502981]
[3.74401469],[0.89684238],[2.40261414]
[3.70471302],[0.89280286],[2.351301]
[3.65471762],[0.8901602],[2.30199713]
[3.6028196],[0.88861207],[2.24746396]
[3.53172544],[0.88577614],[2.16623195]
[3.44495505],[0.88222835],[2.08428089]
[3.33626517],[0.87393343],[1.99434144]
[6.62791075],[1.6854549],[6.59957811]
[4.79462105],[1.1022866],[2.89180754]
[3.38861105],[0.72320996],[1.49027569]
[2.19134265],[0.45419443],[0.58160489]
[2.1774803],[0.6767201],[0.83471443]
[2.36953578],[0.83733838],[1.38017297]
[2.49774398],[0.96131457],[1.82436103]
[2.81702446],[1.02491667],[2.22688634]
[3.06423703],[1.28413607],[3.29910693]
[3.0882924],[1.31827345],[3.64149525]
[3.29678703],[1.38754417],[3.98027151]
[3.39594981],[1.43789378],[3.96201002]
[3.5414447],[1.45749917],[4.15512264]
[3.64333696],[1.48069206],[4.13578059]
[3.77829911],[1.50636386],[4.27122685]
[3.80290246],[1.51525016],[4.17328468]
[3.77710275],[1.52345747],[4.16294013]
[3.76233061],[1.51200282],[4.02994367]
[3.73760888],[1.51252907],[3.97765443]
[3.72451445],[1.48503405],[3.84795396]
[3.69988266],[1.46947022],[3.76290234]
[3.69036914],[1.42946561],[3.64658189]
[3.71953363],[1.41436949],[3.54573675]
[3.72033073],[1.3593198],[3.43973908]
[3.77722104],[1.30560913],[3.33275182]
[3.77388864],[1.24202268],[3.2111474]
[3.81192601],[1.21036071],[3.08911697]
[3.79613529],[1.16904611],[2.9930378]
[3.83491177],[1.12938287],[2.90413344]
[3.80580922],[1.10027962],[2.85129186]
[3.84853737],[1.06919541],[2.80566198]
[3.82218686],[1.04910524],[2.78227968]
[3.83935126],[1.02873172],[2.74430511]
[3.85303988],[1.01906728],[2.73507699]
[3.85223844],[0.99989163],[2.71864177]
[3.87007049],[0.98545446],[2.68183137]
[3.85437113],[0.9727177],[2.66635447]
[3.88134592],[0.96143611],[2.63723666]
[3.8566435],[0.95462161],[2.62009484]
[3.86274402],[0.94815739],[2.61126223]
[3.86958552],[0.94123634],[2.60172239]
[3.87996678],[0.93335713],[2.59557951]
[3.89128662],[0.92446947],[2.58443061]
[3.89736204],[0.91828416],[2.57424594]
[3.91197217],[0.91289424],[2.57199298]
[3.87726755],[0.90812269],[2.56126853]
[3.82984327],[0.90632529],[2.5273068]
[3.799711],[0.90579631],[2.48367042]
[3.76909968],[0.90618273],[2.44650182]
[3.73216841],[0.90245209],[2.40089645]
[3.6863573],[0.89948649],[2.35471649]
[3.63805084],[0.89899442],[2.3027259]
[3.57615228],[0.89537797],[2.22682077]
[3.5031026],[0.89204091],[2.15425663]
[3.41582794],[0.88886095],[2.06791262]
[6.63716021],[1.70641548],[6.58043981]
[4.83277895],[1.09728526],[2.82850336]
[3.42601878],[0.70934711],[1.31972399]
[1.41913958],[0.3237301],[0.25941294]
[2.19817991],[0.69294813],[0.8563658]
[2.37131401],[0.83955443],[1.39696577]
[2.51447315],[0.97901196],[1.85970259]
[2.86493266],[1.04168652],[2.32996608]
[3.08535284],[1.31853339],[3.42987136]
[3.09152746],[1.34844569],[3.72266454]
[3.3505048],[1.4104886],[4.06237542]
[3.43693106],[1.46335716],[4.03848911]
[3.58378848],[1.47598015],[4.22479772]
[3.68371584],[1.49935504],[4.21435115]
[3.80946926],[1.52322784],[4.33445776]
[3.82536382],[1.52708335],[4.22919899]
[3.80215337],[1.53397281],[4.21711627]
[3.7901905],[1.51872711],[4.08705866]
[3.75466266],[1.51662734],[4.01814046]
[3.73820419],[1.48979431],[3.89383894]
[3.72450476],[1.4737817],[3.80646296]
[3.71920348],[1.43670628],[3.69738218]
[3.74583622],[1.42306557],[3.61288301]
[3.75234431],[1.35929219],[3.50113771]
[3.8096742],[1.30468826],[3.38205901]
[3.81397815],[1.24144051],[3.2463884]
[3.84593882],[1.21255047],[3.11970165]
[3.81684492],[1.1610543],[3.00555422]
[3.86194341],[1.12824432],[2.9380771]
[3.82155312],[1.09603399],[2.88584791]
[3.86675684],[1.07151504],[2.84954685]
[3.83125339],[1.05244666],[2.8160443]
[3.84473599],[1.03125402],[2.7712841]
[3.85210295],[1.02134863],[2.76203969]
[3.86031546],[1.0027866],[2.75066998]
[3.87136841],[0.99028365],[2.72054106]
[3.86137016],[0.97910179],[2.7098183]
[3.88633758],[0.97085604],[2.68298821]
[3.8609451],[0.96472599],[2.66664508]
[3.86626531],[0.95946915],[2.65914506]
[3.87241578],[0.95360884],[2.64943041]
[3.88172665],[0.94501316],[2.6415093]
[3.8932799],[0.93611353],[2.62949228]
[3.89611],[0.9299644],[2.61671222]
[3.8982081],[0.92478286],[2.61202325]
[3.86219829],[0.92126247],[2.59633531]
[3.83023493],[0.91961898],[2.56238813]
[3.80098929],[0.91934553],[2.51976927]
[3.77062924],[0.91931036],[2.48176569]
[3.73446676],[0.91656025],[2.43770009]
[3.68803834],[0.91580868],[2.39470739]
[3.6390843],[0.91436296],[2.34300297]
[3.57535803],[0.91066298],[2.2710269]
[3.49817677],[0.90749747],[2.1985178]
[3.41579552],[0.90471089],[2.12695965]
[6.60030894],[1.73320895],[6.63349616]
[4.75808253],[1.12960375],[2.7813274]
[3.31640575],[0.70731586],[1.23587227]
[1.04934923],[0.29551155],[0.17525922]
[2.22013543],[0.70842475],[0.88734431]
[2.37285281],[0.83363581],[1.41147489]
[2.53197724],[0.99301241],[1.88532663]
[2.89122939],[1.05795928],[2.35472941]
[3.10079423],[1.31837858],[3.45143618]
[3.09792138],[1.34795096],[3.73364926]
[3.36561253],[1.41381579],[4.07984612]
[3.44999329],[1.4673436],[4.06214893]
[3.59669521],[1.48230346],[4.24762308]
[3.6957603],[1.50794428],[4.25478533]
[3.81640453],[1.53404691],[4.37007104]
[3.82377611],[1.53205881],[4.25941344]
[3.79711614],[1.53834796],[4.23899905]
[3.78981544],[1.51991854],[4.12959757]
[3.75574753],[1.52147825],[4.07436527]
[3.74237583],[1.50385747],[3.9781286]
[3.74589011],[1.49066451],[3.90552045]
[3.75351681],[1.45454515],[3.81822543]
[3.78914108],[1.43810496],[3.73167813]
[3.81605965],[1.37135131],[3.64891871]
[3.88285956],[1.31909937],[3.54375554]
[3.89249506],[1.25641116],[3.39456381]
[3.91097322],[1.21980801],[3.24859876]
[3.88343557],[1.16657205],[3.128274]
[3.91347012],[1.13446428],[3.05301284]
[3.87204448],[1.09476925],[2.98345219]
[3.90896089],[1.07427065],[2.93905219]
[3.86603842],[1.05533659],[2.89542615]
[3.87273433],[1.03514024],[2.84101282]
[3.87798524],[1.02492225],[2.82520829]
[3.88045285],[1.00785339],[2.80803866]
[3.87407026],[0.99729595],[2.77224867]
[3.87261918],[0.98676986],[2.76062905]
[3.87925465],[0.98038612],[2.7311163]
[3.86114837],[0.97414176],[2.717661]
[3.86292786],[0.96816334],[2.71040119]
[3.86952021],[0.96243337],[2.70123089]
[3.87924136],[0.95468458],[2.69445601]
[3.89160627],[0.94621501],[2.68065864]
[3.89526192],[0.94095467],[2.66149875]
[3.9114699],[0.93596178],[2.65727669]
[3.8952924],[0.93322496],[2.65156774]
[3.85500836],[0.93211594],[2.62216667]
[3.82838593],[0.93175846],[2.58091616]
[3.80122497],[0.93163794],[2.54631874]
[3.76925785],[0.92953759],[2.50567633]
[3.72742827],[0.928587],[2.46383544]
[3.68478261],[0.9261183],[2.41312282]
[3.63016625],[0.92231742],[2.34621659]
[3.56260691],[0.9193766],[2.27709337]
[3.48511383],[0.91726012],[2.20560894]
[6.57430149],[1.77768774],[6.72952174]
[4.72155172],[1.15206848],[2.71159721]
[3.25019958],[0.67921121],[1.11095934]
[0.73902459],[0.22628933],[0.10047828]
[2.22622673],[0.71143992],[0.87975216]
[2.37848355],[0.82990376],[1.41184707]
[2.54995603],[0.99567419],[1.89074212]
[2.90519558],[1.06749219],[2.35648306]
[3.09965173],[1.31952498],[3.47952641]
[3.12310715],[1.34881832],[3.73191817]
[3.38524807],[1.41836366],[4.09290599]
[3.46930687],[1.47169945],[4.07976978]
[3.61603101],[1.48904175],[4.2420868]
[3.71464955],[1.51495791],[4.26641131]
[3.83115291],[1.54150789],[4.37723952]
[3.83903306],[1.54342953],[4.2879491]
[3.81795016],[1.54915549],[4.2944669]
[3.80186218],[1.53496401],[4.20396959]
[3.78475888],[1.53534762],[4.16795386]
[3.77148944],[1.51517322],[4.08216435]
[3.79618461],[1.49910965],[4.00870807]
[3.81471699],[1.46181538],[3.92200508]
[3.86645559],[1.44463978],[3.87128941]
[3.91422752],[1.36950188],[3.81380733]
[3.9714739],[1.32126665],[3.70355759]
[3.9851387],[1.26256058],[3.55727608]
[3.99988173],[1.22333458],[3.41210242]
[3.97548459],[1.17384774],[3.29866625]
[4.00177924],[1.14278477],[3.22825476]
[3.96344435],[1.10935029],[3.16480456]
[3.98720237],[1.09090467],[3.10879515]
[3.94484769],[1.07211524],[3.06021695]
[3.94401116],[1.05094653],[3.00150973]
[3.94802131],[1.03880523],[2.97210574]
[3.94423823],[1.02112014],[2.95617257]
[3.93675619],[1.00890365],[2.90720599]
[3.9309134],[0.9990716],[2.89370867]
[3.9218247],[0.99174931],[2.84523765]
[3.90637195],[0.98391538],[2.82002074]
[3.89774737],[0.97715168],[2.80009237]
[3.89286832],[0.97032119],[2.77826473]
[3.89981451],[0.9618672],[2.76249438]
[3.91049636],[0.95279274],[2.74216195]
[3.91247854],[0.94822201],[2.71830706]
[3.92580199],[0.94465308],[2.70885595]
[3.93758723],[0.94376504],[2.70428154]
[3.89382532],[0.94355012],[2.68572634]
[3.85822607],[0.94344121],[2.64870831]
[3.83466414],[0.94440796],[2.61424453]
[3.8076976],[0.94233122],[2.57446549]
[3.77111696],[0.94133312],[2.53522483]
[3.73392305],[0.93829774],[2.48713562]
[3.68653682],[0.93484836],[2.42774521]
[3.62788114],[0.93260354],[2.35827262]
[3.56222599],[0.93042405],[2.28951355]
[6.55018193],[1.79395026],[6.68057479]
[4.63100674],[1.1444377],[2.58100895]
[3.14093578],[0.64382338],[0.96896189]
[0.44920219],[0.1927093],[0.04922351]
[2.2339914],[0.72896043],[0.88625923]
[2.38528051],[0.83106534],[1.41512362]
[2.5775102],[0.98002546],[1.87181884]
[2.88110171],[1.05829249],[2.28513282]
[3.0677427],[1.3008403],[3.40439297]
[3.13636431],[1.33187993],[3.57140012]
[3.40108176],[1.40543645],[3.99032502]
[3.48523016],[1.45608239],[3.91668489]
[3.63622471],[1.48183579],[4.09480716]
[3.73385094],[1.51107844],[4.15650589]
[3.85257872],[1.54073259],[4.27192691]
[3.86418453],[1.52763379],[4.20825909]
[3.84764973],[1.53138165],[4.2177973]
[3.83400744],[1.51527434],[4.14078732]
[3.83045574],[1.51085694],[4.08632436]
[3.81472126],[1.47744079],[3.97709261]
[3.84717541],[1.45606257],[3.90637214]
[3.87872338],[1.38986441],[3.82600563]
[3.93591215],[1.35221861],[3.76966077]
[3.97672008],[1.29098827],[3.70287094]
[4.02936727],[1.25056458],[3.61454988]
[4.04405663],[1.19938309],[3.51063627]
[4.0555046],[1.16968602],[3.41546693]
[4.03339275],[1.13460688],[3.34725922]
[4.05676217],[1.11134488],[3.29414996]
[4.0180929],[1.08847607],[3.23507204]
[4.04263642],[1.07053961],[3.18022801]
[3.99922636],[1.05630038],[3.13344371]
[3.99441476],[1.0399341],[3.08411017]
[4.00212846],[1.0298284],[3.06314965]
[3.99259964],[1.01553941],[3.05066779]
[3.99087011],[1.00827816],[3.01013293]
[3.97953202],[1.00086962],[2.99830701]
[3.97486157],[0.99382207],[2.95714086]
[3.95991812],[0.98664776],[2.93436954]
[3.95277722],[0.98061016],[2.91596943]
[3.94585462],[0.97447347],[2.89356308]
[3.94350473],[0.96615584],[2.87511641]
[3.95156718],[0.95984105],[2.85276153]
[3.9505666],[0.95640256],[2.82366877]
[3.95378621],[0.95522216],[2.79601454]
[3.98437493],[0.95449763],[2.78876558]
[3.939625],[0.95407901],[2.76558706]
[3.89031584],[0.9542952],[2.71861441]
[3.86565024],[0.95402986],[2.67985947]
[3.83830039],[0.95142706],[2.63607444]
[3.80174988],[0.95044727],[2.59094002]
[3.76779746],[0.94712381],[2.54144283]
[3.72613479],[0.94381183],[2.48412259]
[3.67305944],[0.94120525],[2.41986754]
[3.61047617],[0.93902874],[2.34981557]
[6.4923834],[1.79233094],[6.51190957]
[4.6169887],[1.12945493],[2.35576578]
[1.89144011],[0.54376439],[0.43106823]
[0.23197872],[0.18176411],[0.02066557]
[2.24602333],[0.73519239],[0.90314277]
[2.39332527],[0.83563684],[1.42430685]
[2.61227939],[0.99069602],[1.89843478]
[2.89271543],[1.10049677],[2.35794655]
[3.07297834],[1.33326655],[3.50634623]
[3.18429122],[1.35886738],[3.64916335]
[3.44974406],[1.43022941],[4.07196975]
[3.54024873],[1.48252564],[4.01549952]
[3.6887559],[1.5098582],[4.20840075]
[3.78221016],[1.53994081],[4.27346654]
[3.90912936],[1.56401584],[4.40628799]
[3.93139437],[1.54995447],[4.35220979]
[3.91130599],[1.55140421],[4.36145329]
[3.89523085],[1.53398286],[4.27462036]
[3.89351766],[1.5257954],[4.22009659]
[3.87732695],[1.49323079],[4.10729903]
[3.93032323],[1.47181141],[4.07622505]
[3.95852745],[1.41637581],[4.00777845]
[4.01342184],[1.37625187],[3.95472484]
[4.04166939],[1.31513722],[3.89304761]
[4.09399596],[1.27649189],[3.80484112]
[4.09787216],[1.22469658],[3.68838368]
[4.11757957],[1.18804645],[3.57381102]
[4.07436645],[1.15431702],[3.49186263]
[4.11077283],[1.13078938],[3.43756752]
[4.05477879],[1.11135544],[3.37390197]
[4.07578982],[1.09081892],[3.31409486]
[4.03774477],[1.07681224],[3.26867759]
[4.02561086],[1.06218021],[3.21214611]
[4.03856216],[1.04974028],[3.19268218]
[4.02717178],[1.0333728],[3.17195633]
[4.03115638],[1.02429327],[3.13527486]
[4.01724783],[1.01691167],[3.11869113]
[4.01490541],[1.01018185],[3.08004996]
[3.99929301],[1.00318993],[3.05646403]
[3.98895335],[0.99709868],[3.0353988]
[3.98225678],[0.99087572],[3.01179499]
[3.98765257],[0.98233771],[2.99233523]
[3.99664258],[0.97508788],[2.96544012]
[3.99652946],[0.9712457],[2.93494673]
[3.99935825],[0.97001052],[2.90644162]
[3.99887975],[0.96957542],[2.87985839]
[3.94707326],[0.96980303],[2.84270488]
[3.90987964],[0.9700614],[2.79495331]
[3.88518172],[0.96875147],[2.74726046]
[3.8576775],[0.96584335],[2.69605542]
[3.82139346],[0.96288672],[2.64551617]
[3.77978307],[0.95957847],[2.58631662]
[3.73305698],[0.95535807],[2.52176436]
[3.67520059],[0.95212898],[2.45468745]
[3.61491568],[0.94909034],[2.38131782]
[6.44964609],[1.80336128],[6.55908772]
[4.50424766],[1.1551315],[2.28793671]
[1.40836983],[0.53274702],[0.34402957]
[0.21598973],[0.16716205],[0.01765719]
[2.25486663],[0.73710842],[0.91719307]
[2.40080227],[0.83660946],[1.43410553]
[2.64432825],[0.99636291],[1.9177985]
[2.90551352],[1.11051115],[2.37266406]
[3.07932585],[1.33224969],[3.50775088]
[3.20920996],[1.36216047],[3.68370327]
[3.4773645],[1.44236963],[4.13793577]
[3.56717478],[1.50277242],[4.09524812]
[3.71620787],[1.53309946],[4.30604122]
[3.81232206],[1.56051275],[4.38477411]
[3.95453526],[1.58090159],[4.53840595]
[3.97483961],[1.56642492],[4.47722599]
[3.95470401],[1.56739478],[4.48672214]
[3.93750829],[1.54958742],[4.39757995]
[3.94204059],[1.54082138],[4.34642177]
[3.9368962],[1.51071008],[4.2612153]
[3.99722936],[1.49024826],[4.25122469]
[4.02065151],[1.4432898],[4.20190406]
[4.07254071],[1.41010864],[4.14678298]
[4.08829416],[1.3364133],[4.06148576]
[4.14607387],[1.30098893],[3.98016897]
[4.19521031],[1.24459086],[3.86522401]
[4.1636146],[1.21557828],[3.74734444]
[4.12559912],[1.17628945],[3.65079544]
[4.15486011],[1.15403905],[3.59501706]
[4.0942798],[1.13201602],[3.52293028]
[4.12023233],[1.11305525],[3.46665947]
[4.07552316],[1.09741283],[3.4124561]
[4.06232243],[1.08288003],[3.35432403]
[4.07549497],[1.06714597],[3.3309002]
[4.06067048],[1.05344852],[3.3070873]
[4.0677521],[1.0425572],[3.27299996]
[4.05116433],[1.03469722],[3.25229035]
[4.0519714],[1.02723916],[3.21596242]
[4.03674512],[1.01980789],[3.19121627]
[4.02693977],[1.01355108],[3.16846151]
[4.01998719],[1.00722131],[3.14307793]
[4.02076578],[0.9986627],[3.1205671]
[4.02966689],[0.99026283],[3.08699484]
[4.02912448],[0.98568666],[3.0468605]
[4.03164922],[0.98422838],[3.01432757]
[4.04683262],[0.98379191],[2.99010535]
[3.99326235],[0.98380275],[2.94718124]
[3.94596828],[0.98390712],[2.89275082]
[3.92182517],[0.98324214],[2.84674023]
[3.89590082],[0.98072217],[2.79251359]
[3.85995618],[0.97565455],[2.72964955]
[3.82226406],[0.96983732],[2.66327681]
[3.77979224],[0.96476343],[2.5919135]
[3.72445749],[0.96052393],[2.52322525]
[3.66287399],[0.95595602],[2.4449323]
[6.40289936],[1.84056265],[6.61393309]
[4.40097547],[1.18240229],[2.18565357]
[1.18986268],[0.50860462],[0.29243951]
[0.13717507],[0.11031384],[0.00730275]
[2.25657738],[0.73008028],[0.90149528]
[2.4009325],[0.82312502],[1.42384941]
[2.66845801],[0.99470755],[1.91939707]
[2.90620179],[1.1175229],[2.37182711]
[3.07518503],[1.32750182],[3.51142699]
[3.23881925],[1.37549672],[3.72603774]
[3.50396394],[1.45707345],[4.16870187]
[3.60398216],[1.5197622],[4.16398902]
[3.76442939],[1.54998055],[4.38894042]
[3.85157049],[1.57273741],[4.47517042]
[4.00312375],[1.58974194],[4.62664995]
[4.02765615],[1.57431896],[4.5710728]
[4.00377547],[1.57424796],[4.57216339]
[3.98720977],[1.55800167],[4.48670825]
[4.00204779],[1.54581489],[4.45312918]
[4.00313784],[1.51552823],[4.38403505]
[4.06085851],[1.4901533],[4.34987567]
[4.07943567],[1.44402073],[4.30939236]
[4.12459297],[1.41643303],[4.24954813]
[4.13553723],[1.35366068],[4.19247628]
[4.18966639],[1.31925065],[4.11845364]
[4.36840077],[1.26451467],[4.07392673]
[4.29655406],[1.23733934],[3.91877925]
[4.33682743],[1.19692485],[3.84753644]
[4.22459253],[1.17594597],[3.73852798]
[4.27491379],[1.15161409],[3.69210661]
[4.16438674],[1.13640337],[3.59721624]
[4.20213508],[1.11560297],[3.55621494]
[4.10460382],[1.10349976],[3.47739042]
[4.15851926],[1.08441677],[3.45927259]
[4.09390942],[1.07186716],[3.42335303]
[4.11022732],[1.05963287],[3.39217332]
[4.08283289],[1.05074298],[3.36581649]
[4.08433255],[1.04228824],[3.32963436]
[4.06975044],[1.03350815],[3.30404554]
[4.05830899],[1.02686829],[3.28099827]
[4.050995],[1.02054234],[3.25501124]
[4.05160822],[1.01238867],[3.23197312]
[4.06100781],[1.00327421],[3.194258]
[4.0602577],[0.99862951],[3.15076325]
[4.06256152],[0.99767774],[3.11080073]
[4.08532579],[0.99825384],[3.08784118]
[4.03318423],[0.99808561],[3.04567922]
[3.98193939],[0.99795857],[2.98698405]
[3.95654995],[0.99604495],[2.93365214]
[3.93316849],[0.99363844],[2.88156952]
[3.90029795],[0.98839623],[2.81978884]
[3.86487358],[0.98254626],[2.74986154]
[3.82497972],[0.97619623],[2.66788056]
[3.77262574],[0.97010272],[2.59559741]
[3.7169829],[0.96471275],[2.5151458]
[6.37443257],[1.86457245],[6.55358768]
[4.23881075],[1.17299531],[2.04874199]
[1.03417394],[0.4786792],[0.2405145]
[0.04886842],[0.03851807],[0.00084283]
[2.25982496],[0.73429224],[0.90341285]
[2.37183019],[0.75615479],[1.37470866]
[2.69827266],[0.98593601],[1.91482499]
[2.86905751],[1.13060337],[2.33612366]
[3.00196101],[1.32396655],[3.44602476]
[3.26841337],[1.37798372],[3.67057257]
[3.54798287],[1.45719056],[4.02843308]
[3.64115204],[1.51631204],[4.10328741]
[3.80983362],[1.54483502],[4.31149475]
[3.89547765],[1.55633297],[4.39929661]
[4.04726038],[1.56676296],[4.54094506]
[4.07297655],[1.55115085],[4.49354749]
[4.04770607],[1.54801941],[4.45973924]
[4.03756235],[1.51669743],[4.35564478]
[4.06804248],[1.49941265],[4.34248551]
[4.06398561],[1.46065094],[4.24885449]
[4.11762229],[1.41716954],[4.20126885]
[4.13256786],[1.37514756],[4.17661291]
[4.17571683],[1.3607472],[4.16805233]
[4.28159889],[1.30898996],[4.1506813]
[4.36261264],[1.27550665],[4.13034285]
[4.50800335],[1.23044378],[4.13717488]
[4.4985701],[1.21259482],[4.0302774]
[4.49000822],[1.18115917],[3.97293902]
[4.44954969],[1.16531839],[3.87168066]
[4.43933568],[1.14831024],[3.82456467]
[4.37054626],[1.1286787],[3.71685559]
[4.38320495],[1.11931182],[3.68946988]
[4.32047321],[1.1012968],[3.6078192]
[4.35427408],[1.09890915],[3.59859663]
[4.26970121],[1.08245322],[3.54420258]
[4.30352672],[1.0790364],[3.52284527]
[4.20012076],[1.06359256],[3.46700356]
[4.24066687],[1.05674347],[3.4428069]
[4.12312268],[1.05371044],[3.38835949]
[4.10061402],[1.0507727],[3.36395593]
[4.08565239],[1.0477809],[3.337025]
[4.07786921],[1.0395957],[3.30802166]
[4.08712876],[1.01649884],[3.27644666]
[4.08620364],[1.01037803],[3.23433804]
[4.0887547],[1.00964935],[3.19461021]
[4.18273609],[1.00936471],[3.1896506]
[4.07429262],[1.00909156],[3.13191652]
[4.02305394],[1.00888254],[3.07595454]
[3.99733067],[1.00646534],[3.02243144]
[3.9711625],[1.00311579],[2.96094033]
[3.94079394],[0.99846579],[2.9008135]
[3.90812215],[0.99279335],[2.82860764]
[3.87132684],[0.98617949],[2.73897044]
[3.82224434],[0.97965315],[2.6632203]
[3.76884459],[0.97322435],[2.58353824]
[6.04663973],[1.86609718],[6.30403915]
[3.19649447],[1.15046625],[1.65876318]
[0.60774453],[0.32195745],[0.08761366]
[0.02374531],[0.01818663],[0.00016863]
[2.26870156],[0.73664943],[0.92005604]
[2.38658064],[0.77882904],[1.39993896]
[2.74443863],[1.00503035],[1.97096595]
[2.89238563],[1.18654943],[2.457226]
[3.03814522],[1.37562095],[3.65265988]
[3.33316681],[1.42490761],[3.82495125]
[3.63480873],[1.49238144],[4.21300724]
[3.72168788],[1.54763135],[4.28316672]
[3.88280753],[1.57112739],[4.49415807]
[3.96438114],[1.57886557],[4.56047489]
[4.10565132],[1.58332018],[4.67734229]
[4.139896],[1.56829678],[4.62460469]
[4.11343955],[1.56152082],[4.59232811]
[4.11235133],[1.53206321],[4.53891248]
[4.13670234],[1.51498675],[4.52164491]
[4.12928442],[1.48303412],[4.44093912]
[4.17896005],[1.44859672],[4.39825483]
[4.19179538],[1.40828608],[4.37862811]
[4.23163077],[1.41304128],[4.38382812]
[4.46348969],[1.34268497],[4.44597357]
[4.55563137],[1.32681948],[4.42588353]
[4.6160625],[1.26960114],[4.40095765]
[4.66334644],[1.25157946],[4.31026561]
[4.61085099],[1.23175944],[4.22930786]
[4.61125195],[1.20145103],[4.12908814]
[4.56775721],[1.19625241],[4.07258953]
[4.54491709],[1.16885228],[3.96603846]
[4.52770576],[1.16436724],[3.93506893]
[4.49461725],[1.14580923],[3.84703427]
[4.5071852],[1.14200726],[3.83566014]
[4.46303631],[1.12599504],[3.77688408]
[4.46843408],[1.12127352],[3.75339806]
[4.4115188],[1.10614907],[3.69365909]
[4.41685174],[1.09896392],[3.66572497]
[4.35539097],[1.09531179],[3.59935625]
[4.30850407],[1.09234362],[3.56005212]
[4.27716595],[1.08921615],[3.51987999]
[4.27322326],[1.08146652],[3.48709641]
[4.27304847],[1.05467757],[3.44063894]
[4.2675459],[1.03547912],[3.39144462]
[4.26498293],[1.02628602],[3.34810145]
[4.22240488],[1.02588609],[3.2943295]
[4.0829964],[1.02551208],[3.22061855]
[4.0446013],[1.02473775],[3.1637545]
[4.02611992],[1.02247078],[3.11346293]
[4.00279466],[1.01834933],[3.05245451]
[3.970269],[1.01376032],[2.98262197]
[3.93694706],[1.00860525],[2.90278217]
[3.90070257],[1.0019409],[2.80767211]
[3.85562301],[0.9953389],[2.72891999]
[3.80516617],[0.9889513],[2.64843612]
[6.02862394],[1.86210239],[6.32631608]
[2.89396462],[1.16145838],[1.61211888]
[0.50873829],[0.30083234],[0.06774815]
[0.03327379],[0.0250006],[0.0003481]
[2.28338102],[0.75464575],[0.95075112]
[2.40569551],[0.80667153],[1.43945367]
[2.78382813],[1.02635172],[2.02304318]
[2.92366394],[1.21241295],[2.53412339]
[3.08343744],[1.39275103],[3.74798977]
[3.37725259],[1.45054283],[3.96917833]
[3.68076107],[1.51621989],[4.35864775]
[3.76759174],[1.56801827],[4.41193959]
[3.92548101],[1.591989],[4.63236802]
[4.00724298],[1.59565777],[4.68576577]
[4.14653106],[1.60175277],[4.82159936]
[4.18597634],[1.58656026],[4.76435746]
[4.16997152],[1.57897901],[4.78726073]
[4.1625441],[1.54890316],[4.72622529]
[4.19157019],[1.5393635],[4.72326717]
[4.17969543],[1.51383683],[4.66334066]
[4.22836278],[1.4876939],[4.62454682]
[4.31728953],[1.47520648],[4.634986]
[4.40946293],[1.48815671],[4.68509529]
[4.59493356],[1.42095129],[4.77395087]
[4.69260838],[1.4096587],[4.78398029]
[4.71301364],[1.34102347],[4.74372151]
[4.77840399],[1.33058677],[4.65281782]
[4.71062792],[1.28966748],[4.56529152]
[4.74063505],[1.27423318],[4.45823074]
[4.67114365],[1.25265598],[4.38125182]
[4.67730484],[1.22951059],[4.2767977]
[4.63268081],[1.21921471],[4.22675815]
[4.616685],[1.20076192],[4.14596377]
[4.61699305],[1.19415396],[4.10998179]
[4.59303602],[1.17870283],[4.05716001]
[4.58525221],[1.17151957],[4.01423763]
[4.55181764],[1.1606571],[3.95684643]
[4.54104184],[1.15623958],[3.92217356]
[4.50699438],[1.15188112],[3.85661498]
[4.46274671],[1.1477521],[3.81331685]
[4.43748342],[1.14391177],[3.76987742]
[4.42343336],[1.1340412],[3.72416021]
[4.4199604],[1.10254766],[3.66934568]
[4.4097343],[1.08258728],[3.60771814]
[4.40465187],[1.06315678],[3.53729774]
[4.38552204],[1.0423396],[3.47794978]
[4.19202471],[1.03870729],[3.35426502]
[4.07425693],[1.03735486],[3.2778417]
[4.05858833],[1.03494477],[3.22520591]
[4.03993741],[1.02998173],[3.1617607]
[4.01291528],[1.02531629],[3.09814199]
[3.98156078],[1.02053902],[3.0075146]
[3.94446123],[1.01401001],[2.90974418]
[3.90359027],[1.00745082],[2.81657586]
[3.85794991],[1.0012066],[2.7383685]
[6.08592673],[1.87540346],[6.42348791]
[2.76358648],[1.17360844],[1.57022485]
[0.42283066],[0.25920364],[0.04749205]
[0.04277467],[0.03438405],[0.00064707]
[2.2978664],[0.7633705],[0.96518285]
[2.41852124],[0.81755963],[1.45695486]
[2.82861835],[1.03747733],[2.05553281]
[2.94254956],[1.23129009],[2.58261845]
[3.11584532],[1.4048341],[3.80947833]
[3.42740075],[1.47090121],[4.05584366]
[3.72976577],[1.53087154],[4.44460517]
[3.81469414],[1.58050762],[4.51554279]
[3.96859259],[1.6038431],[4.73640934]
[4.04749995],[1.60584271],[4.77535438]
[4.18691445],[1.61135863],[4.91164052]
[4.24547463],[1.59649813],[4.88249714]
[4.22736713],[1.58688115],[4.91962895]
[4.21398788],[1.55777043],[4.8715169]
[4.24225713],[1.55481198],[4.8785411]
[4.2261718],[1.5274529],[4.8191913]
[4.27365727],[1.52852977],[4.78412559]
[4.48528584],[1.51677448],[4.88532654]
[4.58276681],[1.53832147],[4.95647853]
[4.70019446],[1.47309424],[5.05954001]
[4.79684186],[1.46324275],[5.07065346]
[4.78998267],[1.39674606],[5.05045198]
[4.86885776],[1.38425606],[4.96983201]
[4.79479724],[1.34117068],[4.87595064]
[4.83725864],[1.32840093],[4.76257337]
[4.75654334],[1.30297264],[4.68605308]
[4.78117696],[1.28357238],[4.56966925]
[4.72295984],[1.26824445],[4.51880794]
[4.71590627],[1.24979479],[4.42492007]
[4.7061041],[1.24137972],[4.38572209]
[4.69522394],[1.22627486],[4.3235372]
[4.67938017],[1.21814118],[4.28010985]
[4.66194964],[1.20356982],[4.22116217]
[4.64180918],[1.19639749],[4.17306091]
[4.62581738],[1.19129482],[4.1077745]
[4.58318752],[1.1864501],[4.05713448]
[4.56105821],[1.18228772],[4.00713877]
[4.54808097],[1.17613704],[3.95534379]
[4.54321337],[1.14635982],[3.89077652]
[4.53261276],[1.12514864],[3.82381458]
[4.5249297],[1.10580903],[3.74475467]
[4.52030347],[1.08498946],[3.67136753]
[4.40173334],[1.06669684],[3.5428294]
[4.19865947],[1.05063912],[3.40834365]
[4.0876988],[1.04713215],[3.33613632]
[4.07331054],[1.04220533],[3.27177012]
[4.05312504],[1.0375541],[3.21280128]
[4.03056321],[1.03266623],[3.13277009]
[4.00192792],[1.02689655],[3.03798557]
[3.96300675],[1.02068898],[2.93476]
[3.92609249],[1.01449292],[2.84567856]
[6.24667202],[1.88052593],[6.45789065]
[2.66572793],[1.15838248],[1.50328195]
[0.31086557],[0.19325367],[0.024602]
[0.01552675],[0.01238021],[6.50797083e-05]
[2.3054],[0.76409339],[0.97263828]
[2.37874842],[0.74339809],[1.37951105]
[2.84315794],[1.03394194],[2.04536354]
[2.87774495],[1.22911461],[2.51292193]
[3.12160166],[1.40091145],[3.74103635]
[3.46476895],[1.4706476],[3.94841458]
[3.76557466],[1.52353433],[4.30379239]
[3.84987011],[1.57255241],[4.43061633]
[4.0058471],[1.58466689],[4.62677653]
[4.0819325],[1.58466487],[4.67932622]
[4.23517104],[1.58748707],[4.817679]
[4.29122068],[1.56606907],[4.79369933]
[4.27518441],[1.55336683],[4.83430993]
[4.25585293],[1.52583783],[4.79410902]
[4.29056843],[1.50972596],[4.76217127]
[4.29213837],[1.4767349],[4.70049926]
[4.38421797],[1.50576117],[4.76265497]
[4.62195501],[1.50305063],[4.95976024]
[4.71961615],[1.5295203],[5.06596359]
[4.78836474],[1.47181367],[5.14744852]
[4.88510635],[1.45673845],[5.20010496]
[4.88980163],[1.40953981],[5.23992196]
[5.00873222],[1.39687412],[5.19857524]
[4.93480031],[1.36543877],[5.11140721]
[4.98480952],[1.34688147],[4.99840533]
[4.87647685],[1.32928275],[4.91121404]
[4.90526574],[1.30673401],[4.79389536]
[4.8163277],[1.29730544],[4.73560143]
[4.83394435],[1.28296516],[4.66000743]
[4.78433101],[1.27342791],[4.61389278]
[4.79245766],[1.25936468],[4.56059567]
[4.75692949],[1.25033463],[4.50643697]
[4.7483754],[1.23667704],[4.44670803]
[4.72278758],[1.22693064],[4.40127215]
[4.71732788],[1.21917975],[4.33087501]
[4.67702128],[1.2146988],[4.27856112]
[4.65730973],[1.2143855],[4.23177102]
[4.64064296],[1.21153857],[4.18551089]
[4.63465957],[1.18759566],[4.13476483]
[4.62394965],[1.16867461],[4.07199888]
[4.61922291],[1.15137634],[3.97815979]
[4.61824555],[1.13396268],[3.90005223]
[4.55449672],[1.1180661],[3.78495407]
[4.44208897],[1.10230073],[3.63872936]
[4.29987826],[1.0827366],[3.51991556]
[4.15232984],[1.06058937],[3.39926126]
[4.09774125],[1.04839364],[3.32567068]
[4.07953302],[1.04320817],[3.24674029]
[4.0589803],[1.03740144],[3.16319967]
[4.02999825],[1.03202391],[3.06172178]
[3.9928042],[1.02589069],[2.94873566]
[5.89835914],[1.87590993],[6.20812977]
[2.37666951],[1.12869904],[1.305614]
[0.],[0.],[0.]
[0.03151693],[0.0255422],[0.00033662]
[2.31152145],[0.76716128],[0.98011316]
[2.3929625],[0.75544515],[1.40018711]
[2.85720831],[1.05051426],[2.06791908]
[2.89683374],[1.25465357],[2.59032927]
[3.17488148],[1.43062199],[3.83228755]
[3.50444844],[1.4939406],[4.03955489]
[3.79829557],[1.54115228],[4.39319312]
[3.88537],[1.58759892],[4.51398771]
[4.0349053],[1.59794434],[4.70610886]
[4.10594137],[1.59739329],[4.74969217]
[4.26018597],[1.59779807],[4.89990858]
[4.31949222],[1.57717808],[4.89611842]
[4.29982213],[1.5699723],[4.94310103]
[4.28046318],[1.54446646],[4.91948911]
[4.30943072],[1.55284717],[4.90130845]
[4.40061763],[1.52380314],[4.88812363]
[4.50131196],[1.55795926],[4.98659877]
[4.69128903],[1.55356367],[5.20208209]
[4.78844563],[1.57764938],[5.32027356]
[4.82099286],[1.52647625],[5.41103175]
[4.94685939],[1.50905353],[5.47367007]
[4.96600594],[1.464894],[5.52180014]
[5.10593584],[1.44617898],[5.47957013]
[5.05770494],[1.41236307],[5.41839148]
[5.10602891],[1.39449546],[5.29108418]
[5.00481121],[1.36942363],[5.21016883]
[5.02609463],[1.35345446],[5.08879747]
[4.92490648],[1.33826669],[5.02022944]
[4.9682565],[1.32603077],[4.95183587]
[4.88818366],[1.31647667],[4.89950559]
[4.92177733],[1.30539846],[4.8598494]
[4.84295091],[1.29735887],[4.80920382]
[4.86384827],[1.28721651],[4.77285562]
[4.79618939],[1.27951542],[4.72808447]
[4.81902503],[1.27153315],[4.6812434]
[4.75870948],[1.26481329],[4.63087121]
[4.74249076],[1.2629249],[4.59124373]
[4.73290717],[1.25923337],[4.54760171]
[4.7297124],[1.24280027],[4.49592242]
[4.72634959],[1.22195497],[4.43062792]
[4.72220301],[1.20468861],[4.32883392]
[4.71795516],[1.18723585],[4.1929714]
[4.6697492],[1.17144117],[4.06041109]
[4.59634813],[1.15563386],[3.89959167]
[4.52577957],[1.13511035],[3.77524274]
[4.4381103],[1.11342532],[3.63936569]
[4.32993359],[1.08119182],[3.50801823]
[4.19360747],[1.0570261],[3.37588131]
[4.12535489],[1.05184133],[3.28187779]
[4.08154425],[1.04657718],[3.18423104]
[4.05515934],[1.04106677],[3.07441076]
[5.55389429],[1.86889871],[6.10616926]
[2.15322443],[1.11889666],[1.18752504]
[0.],[0.],[0.]
[0.0241525],[0.0199557],[0.00019047]
[2.31794049],[0.77307505],[0.99006189]
[2.40860047],[0.77477979],[1.42196911]
[2.86531938],[1.06512816],[2.08457958]
[2.91205851],[1.262489],[2.62388982]
[3.16115322],[1.43561616],[3.85753444]
[3.51667543],[1.50455098],[4.09997872]
[3.80984519],[1.55228537],[4.46349015]
[3.89387676],[1.59986416],[4.58360584]
[4.04768749],[1.61025598],[4.78126194]
[4.11175303],[1.60976246],[4.81548162]
[4.27226122],[1.60997282],[4.98344412]
[4.33255594],[1.59625234],[5.0058268]
[4.31447029],[1.59029338],[5.06511647]
[4.29209244],[1.56747265],[5.05827831]
[4.32477375],[1.60631777],[5.0527128]
[4.47376493],[1.57755023],[5.09550291]
[4.57698236],[1.60902501],[5.20603509]
[4.73602799],[1.60306483],[5.43618231]
[4.83123285],[1.62339183],[5.55250357]
[4.85236104],[1.57361072],[5.65564026]
[5.00851401],[1.55296356],[5.70432489]
[5.06046813],[1.51318338],[5.7836129]
[5.18313365],[1.4925138],[5.74947812]
[5.13374084],[1.46320559],[5.70112684]
[5.19405687],[1.44359377],[5.5865896]
[5.09670731],[1.41800134],[5.51698133]
[5.12216364],[1.4045916],[5.39889542]
[5.03148511],[1.38236138],[5.34954492]
[5.07111132],[1.36762519],[5.28225184]
[5.00692368],[1.35817051],[5.2447659]
[5.05056744],[1.34738531],[5.20914009]
[4.9572872],[1.34012742],[5.14811004]
[5.00711811],[1.33053039],[5.11169173]
[4.91248288],[1.32267174],[5.05760963]
[4.95806826],[1.31463457],[5.01575923]
[4.86968783],[1.30873435],[4.95193717]
[4.84697192],[1.30570551],[4.90536421]
[4.83143688],[1.30188539],[4.855431]
[4.81825459],[1.28686436],[4.79734506]
[4.81248943],[1.2673186],[4.7327094]
[4.80382606],[1.24976932],[4.63306815]
[4.79402045],[1.23274586],[4.48652279]
[4.72844781],[1.21750676],[4.32453543]
[4.67603562],[1.20258623],[4.16547156]
[4.61647355],[1.18418577],[4.00823784]
[4.55186291],[1.16416105],[3.85232469]
[4.47653624],[1.1276107],[3.70453371]
[4.3689212],[1.08070813],[3.55987795]
[4.22256209],[1.06257487],[3.40919506]
[4.15907226],[1.05871266],[3.30200072]
[4.09636244],[1.05491238],[3.19069418]
[5.36409474],[1.87521769],[6.04150036]
[1.97226836],[1.11409657],[1.08320163]
[0.],[0.],[0.]
[0.],[0.],[0.]
[2.31522531],[0.76584058],[0.96771549]
[2.40912975],[0.76487188],[1.40451264]
[2.86804248],[1.05948629],[2.06758749]
[2.90725927],[1.26066943],[2.61728154]
[3.14431795],[1.43303548],[3.84821452]
[3.5329815],[1.5086295],[4.12219469]
[3.83185552],[1.55676175],[4.4955398]
[3.91360216],[1.60302471],[4.61715729]
[4.06546124],[1.61534615],[4.8182263]
[4.12630562],[1.61479471],[4.84914738]
[4.28658886],[1.61682663],[5.03097434]
[4.34334625],[1.60665639],[5.06812559]
[4.3326686],[1.6003484],[5.14256655]
[4.30778761],[1.59706168],[5.14862619]
[4.34832122],[1.63423274],[5.16444868]
[4.54222016],[1.60832321],[5.24980664]
[4.65101532],[1.64072956],[5.39457968]
[4.77837159],[1.63054558],[5.59523016]
[4.87274289],[1.64717373],[5.73799751]
[4.89177247],[1.61069776],[5.86341977]
[5.07623415],[1.59034599],[5.94799743]
[5.15140336],[1.55841796],[6.06563635]
[5.26481465],[1.53579451],[6.07420517]
[5.22349022],[1.51009539],[6.05268938]
[5.29916698],[1.4897078],[5.96939632]
[5.21999853],[1.46551068],[5.89802159]
[5.25390665],[1.44983176],[5.78849891]
[5.18010209],[1.4263569],[5.72694895]
[5.20053959],[1.40976262],[5.65588173]
[5.15763496],[1.3991958],[5.60974702]
[5.18243148],[1.38789113],[5.57475686]
[5.11444101],[1.37907999],[5.49953507]
[5.14387518],[1.36837871],[5.46835769]
[5.07732399],[1.36046298],[5.40082139]
[5.10037233],[1.35240738],[5.36187379]
[5.03281702],[1.34757702],[5.28247179]
[5.00113477],[1.34076995],[5.22616952]
[4.97620587],[1.33436977],[5.16160798]
[4.94678855],[1.32487377],[5.08929838]
[4.93558217],[1.30540654],[5.02254755]
[4.92210278],[1.28610797],[4.91702531]
[4.90214904],[1.26851428],[4.7390936]
[4.82738123],[1.25439116],[4.56914381]
[4.74251298],[1.24071508],[4.37598431]
[4.68773657],[1.22337522],[4.20877758]
[4.638158],[1.20241755],[4.04650182]
[4.5806353],[1.16043369],[3.87527293]
[4.50076031],[1.11476786],[3.71753513]
[4.38767637],[1.0703903],[3.5555856]
[4.2452882],[1.06652034],[3.39872691]
[4.18217854],[1.06271634],[3.28458634]
[5.0470844],[1.87038938],[5.82867098]
[1.76957961],[1.08203064],[0.93722387]
[0.],[0.],[0.]
[0.],[0.],[0.]
[2.28989201],[0.71389723],[0.9220199]
[2.36026069],[0.7250367],[1.29927678]
[2.8449915],[1.05466765],[2.01819165]
[2.81279617],[1.25044638],[2.48239874]
[3.13961917],[1.4222533],[3.75425759]
[3.54137309],[1.49644846],[3.99781637]
[3.84396578],[1.5401399],[4.34279868]
[3.92547552],[1.58254277],[4.48239816]
[4.0800459],[1.58768437],[4.67418774]
[4.14689645],[1.5878199],[4.72083928]
[4.30384695],[1.59242045],[4.88271012]
[4.35785557],[1.57320808],[4.92523624]
[4.34912554],[1.58253653],[5.01608109]
[4.3360728],[1.56922843],[4.99254706]
[4.39068466],[1.58961833],[5.04186291]
[4.61599519],[1.58272136],[5.23973565]
[4.7370748],[1.62677301],[5.46694195]
[4.83758354],[1.6295633],[5.73752774]
[4.93445995],[1.6470704],[5.88900957]
[4.98347103],[1.62466035],[6.05234939]
[5.22501087],[1.59570002],[6.18204322]
[5.26749758],[1.57392883],[6.31191329]
[5.37177054],[1.54429228],[6.34477053]
[5.32574482],[1.52528669],[6.32888836]
[5.40421557],[1.50007032],[6.25166288]
[5.32816218],[1.48286519],[6.17644649]
[5.36352853],[1.46390242],[6.07659094]
[5.29294592],[1.44518417],[6.01824646]
[5.3029302],[1.4334617],[5.95436132]
[5.27238655],[1.42441025],[5.90900583]
[5.28607615],[1.41399592],[5.8756082]
[5.23522702],[1.40497531],[5.79583375]
[5.25074956],[1.39562334],[5.76656678]
[5.19966898],[1.38757159],[5.69268452]
[5.21230106],[1.37886734],[5.65754242]
[5.15943121],[1.37116412],[5.57579615]
[5.13052827],[1.36505884],[5.51588303]
[5.1072168],[1.3603507],[5.44919765]
[5.08289914],[1.35301867],[5.372373]
[5.0635964],[1.33416096],[5.30340163]
[5.04604011],[1.31544593],[5.19649412]
[5.02673202],[1.29846258],[5.01902057]
[4.95301519],[1.28414281],[4.79776155]
[4.84380676],[1.27020838],[4.59059135]
[4.75650292],[1.25379625],[4.38089534]
[4.70249263],[1.23287378],[4.20755579]
[4.6552048],[1.18512894],[4.04712299]
[4.59146396],[1.14034559],[3.86817681]
[4.50540221],[1.08979916],[3.6877671]
[4.40032393],[1.07230391],[3.53113988]
[4.2593575],[1.06844926],[3.36815901]
[3.67366899],[1.84765228],[5.00250325]
[1.01248894],[1.03815512],[0.59334061]
[0.],[0.],[0.]
[0.],[0.],[0.]
[2.29885363],[0.71965773],[0.93041388]
[2.37900291],[0.73114038],[1.31903465]
[2.85405548],[1.07610852],[2.03936079]
[2.83815744],[1.2785544],[2.60559413]
[3.19999293],[1.45509123],[3.86116506]
[3.57808728],[1.52074156],[4.09148512]
[3.87697836],[1.56310792],[4.46054542]
[3.96288117],[1.60284253],[4.58965584]
[4.1108315],[1.60667676],[4.79186013]
[4.19062384],[1.60613299],[4.84629115]
[4.3375097],[1.61723795],[5.0488735]
[4.3984908],[1.59638791],[5.09744651]
[4.38091206],[1.6388664],[5.21814196]
[4.45625176],[1.6368209],[5.28335224]
[4.53182776],[1.66882496],[5.38500159]
[4.71323474],[1.65770198],[5.61915972]
[4.83177658],[1.69174061],[5.86760788]
[4.88637563],[1.69392289],[6.15556151]
[5.02596537],[1.70570588],[6.31339153]
[5.1121273],[1.67862127],[6.49974519]
[5.31942589],[1.6537303],[6.62749955]
[5.34736736],[1.6295638],[6.76644989]
[5.43658927],[1.5971585],[6.80029959]
[5.39498917],[1.58109168],[6.78235472]
[5.46798101],[1.54983835],[6.68314076]
[5.42292137],[1.53591111],[6.60475908]
[5.43796785],[1.5111923],[6.46938388]
[5.38055027],[1.49714592],[6.4017836]
[5.38297874],[1.47841603],[6.31179601]
[5.36148838],[1.4650078],[6.26552531]
[5.36467127],[1.45315718],[6.22376596]
[5.32704618],[1.4440224],[6.14407974]
[5.33163132],[1.43473242],[6.11234689]
[5.29430393],[1.42563948],[6.03643395]
[5.29751961],[1.41619234],[5.99592126]
[5.25912934],[1.40780948],[5.91240842]
[5.22930037],[1.40022763],[5.8464205]
[5.21139075],[1.3946595],[5.77593028]
[5.19169072],[1.38661906],[5.69702972]
[5.17635196],[1.3671345],[5.61810399]
[5.16142198],[1.34816938],[5.51118042]
[5.14294309],[1.33038822],[5.34341177]
[5.08411313],[1.31675576],[5.09449293]
[5.00032738],[1.30292781],[4.84752889]
[4.88925272],[1.28480097],[4.60561879]
[4.78259473],[1.25789788],[4.38329303]
[4.72178491],[1.21116532],[4.21307878]
[4.6725677],[1.16597403],[4.03566046]
[4.60803579],[1.11555217],[3.82906629]
[4.53236255],[1.08054241],[3.67857567]
[4.43282122],[1.07672491],[3.51859761]
[3.74026273],[1.8375929],[4.84687187]
[0.71854367],[1.03419077],[0.51969413]
[0.],[0.],[0.]
[0.],[0.],[0.]
[2.30832421],[0.72604658],[0.94186321]
[2.41575589],[0.74002467],[1.34123594]
[2.86386276],[1.09571457],[2.06354485]
[2.86655545],[1.29767155],[2.67854552]
[3.22119425],[1.47316219],[3.92972464]
[3.61317055],[1.54035371],[4.20175975]
[3.91058372],[1.58464152],[4.60287122]
[3.99752225],[1.6216583],[4.72302627]
[4.14585299],[1.62478367],[4.92205665]
[4.23242762],[1.62810559],[4.98891745]
[4.37495687],[1.65431582],[5.24008901]
[4.44535797],[1.66779327],[5.3719898]
[4.40840323],[1.71412771],[5.49582588]
[4.56785114],[1.72636793],[5.68606037]
[4.65250558],[1.75189337],[5.8315828]
[4.78756954],[1.73721277],[6.08595035]
[4.90216967],[1.76001044],[6.33930849]
[4.93650898],[1.75611327],[6.60391099]
[5.13072708],[1.76499515],[6.81206379]
[5.23074686],[1.73237269],[6.99449228]
[5.40901179],[1.71363529],[7.17751699]
[5.41795224],[1.68368233],[7.30993378]
[5.501177],[1.66351692],[7.37158703]
[5.47721938],[1.66622753],[7.40126541]
[5.54605639],[1.64041516],[7.30882243]
[5.53309047],[1.61164217],[7.2375598]
[5.5339696],[1.57919341],[7.04528045]
[5.49898824],[1.55128745],[6.96495883]
[5.47856528],[1.52883896],[6.81081423]
[5.47060242],[1.51866838],[6.77789761]
[5.45355166],[1.50439274],[6.70352573]
[5.42831025],[1.496297],[6.61690128]
[5.41016121],[1.48905628],[6.55289259]
[5.38005209],[1.48168647],[6.46001801]
[5.37277093],[1.47433709],[6.40639042]
[5.33928879],[1.46782046],[6.30697712]
[5.31379538],[1.45880688],[6.22961895]
[5.29751057],[1.43228379],[6.14763038]
[5.28081244],[1.42516126],[6.06498612]
[5.26474048],[1.40641822],[5.98597631]
[5.24947313],[1.38705176],[5.87707559]
[5.23442092],[1.36828232],[5.72728038]
[5.18073074],[1.35424784],[5.48620933]
[5.11431803],[1.34085296],[5.22064888]
[5.03431206],[1.32401086],[4.95293755]
[4.90910467],[1.29250206],[4.6744836]
[4.80227376],[1.24804163],[4.45018661]
[4.73017515],[1.20357881],[4.23539419]
[4.67788709],[1.15135819],[3.99420677]
[4.61827768],[1.09364641],[3.83864265]
[4.54207968],[1.0863439],[3.67642982]
[3.75241625],[1.84762476],[4.80863484]
[0.62768435],[1.02552405],[0.46171514]
[0.],[0.],[0.]
[0.],[0.],[0.]
[2.31522964],[0.72756663],[0.9421609]
[2.45198573],[0.74286497],[1.34820316]
[2.88269941],[1.10608793],[2.07962933]
[2.88654789],[1.31208657],[2.72402105]
[3.22371472],[1.48518665],[3.9652043]
[3.64807397],[1.55274399],[4.27361203]
[3.94453779],[1.59548449],[4.6854724]
[4.033063],[1.62967708],[4.79453654]
[4.18451609],[1.63567224],[5.02943464]
[4.26840294],[1.64465615],[5.10441917]
[4.40349594],[1.69113846],[5.38048879]
[4.4995037],[1.70790255],[5.55546385]
[4.45487012],[1.76097159],[5.70417307]
[4.66750471],[1.77464872],[5.99027338]
[4.75108587],[1.80012409],[6.16860055]
[4.84971248],[1.78342121],[6.42784789]
[4.96099833],[1.80633406],[6.66803766]
[5.01190533],[1.80027036],[6.96586379]
[5.24896269],[1.8118907],[7.20445402]
[5.32399199],[1.77895949],[7.44618501]
[5.47410828],[1.79573876],[7.67757295]
[5.4803097],[1.80953084],[7.86042215]
[5.56733505],[1.80573604],[7.94969907]
[5.57134101],[1.8082723],[8.011543]
[5.63348966],[1.78664726],[7.96800141]
[5.64192858],[1.75841798],[7.90979898]
[5.63244229],[1.72392522],[7.70532694]
[5.6045985],[1.69207241],[7.59519257]
[5.5737211],[1.65218393],[7.389917]
[5.57221802],[1.63168998],[7.34531754]
[5.54313247],[1.59989018],[7.23311516]
[5.52728358],[1.58106093],[7.13935045]
[5.50231102],[1.55272197],[7.05694019]
[5.48652718],[1.54110671],[6.96825868]
[5.46368753],[1.51922785],[6.89269641]
[5.44653319],[1.50120052],[6.78781407]
[5.40686007],[1.49462527],[6.66440391]
[5.3880004],[1.47102773],[6.56788671]
[5.36948594],[1.46455592],[6.4653819]
[5.34896521],[1.44767676],[6.37217956]
[5.33118887],[1.43055085],[6.25437464]
[5.31256152],[1.4131307],[6.09829336]
[5.26631153],[1.39745807],[5.85626525]
[5.21304349],[1.38304715],[5.60109575]
[5.15667698],[1.36592804],[5.32152219]
[5.06774581],[1.33017673],[5.03383784]
[4.95491125],[1.28651479],[4.75562495]
[4.82192001],[1.24184762],[4.45816486]
[4.74082339],[1.19059272],[4.1889319]
[4.69400634],[1.1327075],[3.98540752]
[4.6356105],[1.09334947],[3.82244312]
