meltWidth,meltDepth,meltArea
[0.5715106],[0.05777414],[0.01585774]
[1.2509014],[0.28945686],[0.27328219]
[1.42378378],[0.38338906],[0.34733635]
[1.43124826],[0.40588105],[0.39482516]
[1.53599377],[0.42381996],[0.41248435]
[1.51580796],[0.43413586],[0.44868963]
[1.66934657],[0.44048952],[0.47818115]
[1.64831255],[0.43581112],[0.50174184]
[1.81391441],[0.42632062],[0.51767957]
[1.74571156],[0.41589091],[0.51285982]
[1.87362761],[0.40246504],[0.51648049]
[1.83472291],[0.40220827],[0.51205116]
[1.91863814],[0.37770383],[0.50520208]
[1.86115094],[0.38212962],[0.492531]
[1.96086908],[0.35655177],[0.49841078]
[1.91589004],[0.36882211],[0.49949563]
[2.01302159],[0.35454185],[0.51592268]
[1.99632974],[0.36986616],[0.53477035]
[2.0672877],[0.355794],[0.54476174]
[2.03083539],[0.36985016],[0.5504521]
[2.09904443],[0.3567881],[0.55816687]
[2.05462897],[0.37166587],[0.56436532]
[2.10494142],[0.35807861],[0.56344255]
[2.05917876],[0.37196056],[0.56310488]
[2.11758524],[0.35896254],[0.56224949]
[2.0641383],[0.37190354],[0.56260723]
[2.12413695],[0.35887903],[0.55911906]
[2.06985252],[0.36987129],[0.55855729]
[2.12238943],[0.35799428],[0.5567359]
[2.09801447],[0.36774476],[0.55972518]
[2.11328221],[0.36233111],[0.56852459]
[2.10619415],[0.36293199],[0.55886443]
[2.09744821],[0.3632107],[0.55804701]
[2.0990543],[0.3624082],[0.55694932]
[2.10113582],[0.36366474],[0.55862055]
[2.10227534],[0.36406928],[0.56054533]
[2.10425296],[0.36354374],[0.55991245]
[2.10568318],[0.36475887],[0.56136988]
[2.10867133],[0.36456181],[0.56254723]
[2.10732068],[0.36247085],[0.56068622]
[2.10517843],[0.3593073],[0.55907225]
[2.10405191],[0.36148309],[0.56263445]
[2.10265192],[0.36267887],[0.5660127]
[2.10012644],[0.36323936],[0.56649211]
[2.09638718],[0.3648949],[0.56866467]
[2.09927198],[0.36608194],[0.57273478]
[2.10308803],[0.36960126],[0.57909087]
[2.11182708],[0.37779201],[0.58538031]
[2.12303061],[0.38549845],[0.59584962]
[2.13259515],[0.39336353],[0.60600696]
[2.14689323],[0.39867595],[0.61275873]
[2.15674233],[0.39884816],[0.61686402]
[1.88354272],[0.3972952],[0.56022308]
[0.],[0.],[0.]
[0.],[0.],[0.]
[0.93250718],[0.17111479],[0.07856291]
[1.37960953],[0.40523733],[0.39880216]
[1.5976957],[0.47377898],[0.53955878]
[1.75312704],[0.52848048],[0.63613802]
[1.92920027],[0.53900962],[0.73204849]
[2.00726111],[0.5853711],[0.82769063]
[2.09325294],[0.60351265],[0.8990717]
[2.13476365],[0.61895821],[0.94672625]
[2.1865561],[0.61410856],[0.97103892]
[2.18431103],[0.62645073],[0.98188593]
[2.21012961],[0.62222495],[0.99540578]
[2.21224064],[0.63310992],[1.01297737]
[2.25094064],[0.61960253],[1.03622988]
[2.26574881],[0.64401049],[1.07877831]
[2.29871033],[0.63372803],[1.10783267]
[2.31357425],[0.66025339],[1.14185954]
[2.33881446],[0.65230311],[1.15525533]
[2.3507443],[0.6792691],[1.18685166]
[2.37442811],[0.66513413],[1.19268304]
[2.37262363],[0.68714182],[1.21295998]
[2.38988393],[0.67104257],[1.21048705]
[2.38952512],[0.69961676],[1.23521326]
[2.39666937],[0.678576],[1.22603867]
[2.38798641],[0.707218],[1.24646306]
[2.40569834],[0.68449667],[1.23855696]
[2.39314112],[0.71320268],[1.25738472]
[2.41317361],[0.68790217],[1.24525413]
[2.39863771],[0.71861041],[1.2633501]
[2.41771798],[0.69196719],[1.25125187]
[2.42124633],[0.71784692],[1.26961649]
[2.41803376],[0.7094209],[1.26807602]
[2.42545861],[0.71023034],[1.26595809]
[2.41523861],[0.71147015],[1.26464384]
[2.41664122],[0.70990111],[1.26375158]
[2.41711701],[0.71401707],[1.2675775]
[2.41506502],[0.7152479],[1.26932073]
[2.41771841],[0.71370725],[1.26857439]
[2.4170526],[0.71674043],[1.26970656]
[2.41559563],[0.71389143],[1.26502033]
[2.41078293],[0.70801293],[1.25547637]
[2.40594654],[0.70103563],[1.24144525]
[2.40013284],[0.69220088],[1.22721964]
[2.39260232],[0.68360506],[1.21478495]
[2.38812536],[0.674172],[1.20043185]
[2.3817963],[0.66968817],[1.19082929]
[2.3761135],[0.66415803],[1.18162854]
[2.36851592],[0.65834395],[1.16937004]
[2.36506889],[0.65148999],[1.15502682]
[2.36551519],[0.64988707],[1.14967634]
[2.36751271],[0.64935852],[1.14960967]
[2.37412158],[0.64647224],[1.14596898]
[2.37890001],[0.64578016],[1.1440586]
[2.14053354],[0.64297719],[1.07730524]
[0.],[0.],[0.]
[0.],[0.],[0.]
[1.05408731],[0.20477729],[0.11567162]
[1.44716139],[0.45173273],[0.45705982]
[1.71361656],[0.49985515],[0.58042899]
[1.90727303],[0.55322581],[0.72535131]
[2.08030229],[0.56918284],[0.84153649]
[2.12909912],[0.63642703],[0.93612092]
[2.23220436],[0.64821189],[1.00920256]
[2.27962764],[0.66496463],[1.06018647]
[2.33222085],[0.66961443],[1.11094717]
[2.3341777],[0.68475061],[1.14678268]
[2.38517037],[0.68224801],[1.18476931]
[2.37530786],[0.70680873],[1.22313096]
[2.42378933],[0.70259402],[1.24972149]
[2.40348584],[0.73742366],[1.27965266]
[2.44641995],[0.73909456],[1.31106668]
[2.44425043],[0.76531495],[1.34798884]
[2.49792449],[0.77153711],[1.39127847]
[2.4810066],[0.7897842],[1.40587209]
[2.52512354],[0.79099947],[1.42753242]
[2.51635054],[0.79814186],[1.43269898]
[2.55232029],[0.79980814],[1.45238936]
[2.52184949],[0.80558532],[1.45040028]
[2.56039208],[0.80998498],[1.47324936]
[2.53313441],[0.81361314],[1.46872854]
[2.57759413],[0.81828465],[1.49342204]
[2.55811156],[0.81882312],[1.48483413]
[2.58758488],[0.82354637],[1.507589]
[2.5556385],[0.82404047],[1.49391843]
[2.58142364],[0.83034422],[1.5145109]
[2.56441702],[0.82334888],[1.50008774]
[2.55426886],[0.82663985],[1.50295053]
[2.56251729],[0.82635296],[1.50157527]
[2.5507565],[0.82615087],[1.49762765]
[2.55179837],[0.82625134],[1.49742154]
[2.55107422],[0.82557849],[1.49686254]
[2.54712234],[0.82536643],[1.49631477]
[2.54958137],[0.82542343],[1.49613185]
[2.54701043],[0.82404512],[1.49115637]
[2.54474393],[0.82034353],[1.4847356]
[2.53930217],[0.81471871],[1.47199977]
[2.53715413],[0.80736313],[1.45602181]
[2.53341632],[0.79824259],[1.44016813]
[2.52619732],[0.78984315],[1.42496975]
[2.52352057],[0.78156511],[1.4089634]
[2.51782915],[0.77214947],[1.39261558]
[2.50983957],[0.76343245],[1.37492628]
[2.50016977],[0.75452516],[1.35578062]
[2.49578464],[0.74672844],[1.33915872]
[2.49917394],[0.73879581],[1.33105368]
[2.50194043],[0.73194386],[1.32453576]
[2.51025185],[0.72736583],[1.3195469]
[2.51378917],[0.72289033],[1.31619013]
[2.24127689],[0.71925481],[1.23223607]
[0.],[0.],[0.]
[0.],[0.],[0.]
[0.96170327],[0.21958783],[0.10423433]
[1.48368847],[0.44667069],[0.45833827]
[1.81400936],[0.50858384],[0.61882364]
[2.03876922],[0.58091276],[0.81915971]
[2.18229267],[0.62557191],[0.95664918]
[2.26148535],[0.68097988],[1.07361157]
[2.36591554],[0.68716286],[1.16042274]
[2.39782734],[0.72028556],[1.22877231]
[2.44319545],[0.72755287],[1.28387094]
[2.43583942],[0.75673348],[1.32992901]
[2.48635517],[0.76560221],[1.37497156]
[2.48000952],[0.78546109],[1.40915903]
[2.5341257],[0.79637135],[1.45895733]
[2.52269118],[0.81299098],[1.47804933]
[2.55688149],[0.82799218],[1.5148484]
[2.55149371],[0.83876386],[1.52879706]
[2.59775706],[0.8539231],[1.57007044]
[2.68197444],[0.85647915],[1.58836704]
[2.71431378],[0.86233462],[1.61504374]
[2.8525675],[0.86108484],[1.639197]
[2.85325549],[0.86770398],[1.65017317]
[2.89583998],[0.86689679],[1.65941893]
[2.88184464],[0.87341299],[1.6697508]
[2.92255768],[0.87138348],[1.67379706]
[2.90401541],[0.87679239],[1.68500708]
[2.92797446],[0.87478276],[1.69028436]
[2.91023632],[0.88010195],[1.69959601]
[2.93282654],[0.87804664],[1.70002779]
[2.91330542],[0.88127028],[1.70789941]
[2.944014],[0.87617944],[1.7059337]
[2.92980299],[0.87720949],[1.709605]
[2.94148237],[0.87711146],[1.70503442]
[2.92025336],[0.87701418],[1.69308407]
[2.89048206],[0.87707731],[1.68916108]
[2.88434031],[0.87738222],[1.68866845]
[2.8731848],[0.87758294],[1.68842241]
[2.86917682],[0.8777368],[1.68653937]
[2.86397868],[0.87747441],[1.68285475]
[2.85681567],[0.87524752],[1.67834055]
[2.851425],[0.87115553],[1.66837533]
[2.84050554],[0.86790853],[1.65415221]
[2.83214039],[0.86529897],[1.64204572]
[2.81608107],[0.8600978],[1.62423167]
[2.80293676],[0.85324718],[1.60429311]
[2.78502965],[0.84441609],[1.58325541]
[2.76494651],[0.8363374],[1.56514848]
[2.74827784],[0.82815662],[1.5475272]
[2.73490004],[0.82190855],[1.53471499]
[2.73337691],[0.81438756],[1.52401686]
[2.71811884],[0.80793856],[1.51046583]
[2.71293092],[0.80210944],[1.49893466]
[2.71771303],[0.79454563],[1.48745449]
[2.41697365],[0.79010934],[1.37966161]
[0.],[0.],[0.]
[0.],[0.],[0.]
[0.90469081],[0.25175103],[0.11262487]
[1.6836704],[0.48735907],[0.53297092]
[2.04515033],[0.57455494],[0.80740713]
[2.17401586],[0.63588921],[0.97122186]
[2.31715486],[0.68658854],[1.13416029]
[2.38054027],[0.75597343],[1.26883703]
[2.47295878],[0.7758065],[1.37505134]
[2.48950855],[0.79972123],[1.43620241]
[2.53587784],[0.82175422],[1.50231562]
[2.52641372],[0.83311318],[1.52614406]
[2.57089141],[0.8509218],[1.56912192]
[2.55628253],[0.85794848],[1.58431178]
[2.60227387],[0.87555394],[1.63291239]
[2.65677265],[0.88007457],[1.65149876]
[2.6934215],[0.88813564],[1.69008292]
[2.84683158],[0.88957525],[1.72634173]
[2.93336839],[0.89729577],[1.76169014]
[3.01809742],[0.89735708],[1.78622905]
[3.12229692],[0.90403558],[1.8215141]
[3.19082836],[0.90328767],[1.83449801]
[3.23865351],[0.90973561],[1.8551013]
[3.21511117],[0.91034851],[1.86105185]
[3.24172158],[0.91562768],[1.87892415]
[3.22076408],[0.91437204],[1.88134732]
[3.25238531],[0.91995412],[1.90009827]
[3.22584532],[0.91857108],[1.90269139]
[3.25379567],[0.92419553],[1.91907579]
[3.23268956],[0.9227934],[1.91802859]
[3.26013209],[0.92632625],[1.93203326]
[3.24139165],[0.92121141],[1.92616579]
[3.28596955],[0.92263343],[1.93681831]
[3.24707461],[0.92267883],[1.92552269]
[3.27824377],[0.92272495],[1.92121678]
[3.22471557],[0.92282334],[1.91200052]
[3.21455573],[0.92276105],[1.90932554]
[3.20124437],[0.92271606],[1.90741547]
[3.18734981],[0.92272578],[1.90200725]
[3.1808476],[0.92145058],[1.89627742]
[3.16943625],[0.91886211],[1.88876255]
[3.15373986],[0.91371587],[1.87427354]
[3.13838823],[0.90891071],[1.85464922]
[3.12152389],[0.90491183],[1.83683157]
[3.09905022],[0.90123205],[1.81746212]
[3.08091112],[0.89753127],[1.79738415]
[3.05401447],[0.89367053],[1.77797718]
[3.02292839],[0.88962744],[1.75987645]
[2.99137087],[0.88551482],[1.73882236]
[2.96546445],[0.88381869],[1.72153745]
[2.94291146],[0.87934794],[1.70443322]
[2.91461906],[0.87448551],[1.68585884]
[2.89264071],[0.86944828],[1.66750166]
[2.87351982],[0.86265621],[1.64900205]
[2.5510324],[0.85676564],[1.52123226]
[0.],[0.],[0.]
[0.],[0.],[0.]
[0.93697717],[0.24674208],[0.11422941]
[1.97166495],[0.53155415],[0.6940387]
[2.18160229],[0.65551417],[0.9750077]
[2.30131027],[0.71883739],[1.1568368]
[2.43272178],[0.78170651],[1.33584337]
[2.46220441],[0.82866151],[1.44262065]
[2.54791202],[0.85615194],[1.54697657]
[2.54464175],[0.86882887],[1.58159771]
[2.59833992],[0.89343046],[1.64891158]
[2.65952226],[0.89685568],[1.67807387]
[2.67322018],[0.90552925],[1.71856215]
[2.79783242],[0.90651884],[1.75603585]
[2.89959429],[0.91308939],[1.80685343]
[3.00845441],[0.91585774],[1.84935536]
[3.11597151],[0.92169469],[1.89395347]
[3.19144285],[0.92213331],[1.9210108]
[3.35345827],[0.92790502],[1.97394268]
[3.36829836],[0.92742827],[1.99814191]
[3.46374656],[0.93617115],[2.0502379]
[3.48779086],[0.93557084],[2.06334629]
[3.53454131],[0.94379792],[2.09474115]
[3.51410837],[0.94081862],[2.10147949]
[3.5345238],[0.94781084],[2.13041431]
[3.51766052],[0.94440948],[2.1322099]
[3.54536297],[0.95176287],[2.15929092]
[3.52212107],[0.94836141],[2.1591895]
[3.5432039],[0.95578386],[2.18148041]
[3.5269146],[0.95218331],[2.18267446]
[3.54730198],[0.95836822],[2.19711021]
[3.54042389],[0.9515317],[2.20127258]
[3.56826533],[0.9535402],[2.21159859]
[3.54765007],[0.95328113],[2.20231991]
[3.56282761],[0.95284685],[2.19692471]
[3.53534301],[0.95250225],[2.17826914]
[3.51618999],[0.95199375],[2.17348393]
[3.50376545],[0.95151474],[2.16919182]
[3.49014112],[0.95077548],[2.16068091]
[3.48375168],[0.9482494],[2.15276285]
[3.47193306],[0.94518051],[2.1423744]
[3.45493381],[0.93969909],[2.12905877]
[3.44150661],[0.93434875],[2.1062333]
[3.42768921],[0.93036839],[2.08226567]
[3.40871389],[0.9266498],[2.05818425]
[3.38783629],[0.92291016],[2.02817442]
[3.3620616],[0.91865941],[1.99735553]
[3.31948327],[0.91406226],[1.9651563]
[3.27064665],[0.90976525],[1.9321409]
[3.22895761],[0.90744937],[1.90332238]
[3.18961493],[0.90494341],[1.8772801]
[3.14288886],[0.90267857],[1.85106626]
[3.10697697],[0.90065845],[1.83163831]
[3.0806661],[0.89833789],[1.81477731]
[2.72603337],[0.89621768],[1.6690039]
[0.],[0.],[0.]
[0.],[0.],[0.]
[1.28787416],[0.32216427],[0.26242964]
[2.14293339],[0.58244347],[0.87302836]
[2.30723063],[0.72721736],[1.14905177]
[2.39477147],[0.78104891],[1.30931772]
[2.50082208],[0.83406219],[1.45956869]
[2.51181876],[0.87687489],[1.54698191]
[2.59141773],[0.89328573],[1.6434322]
[2.73563799],[0.9036462],[1.70446114]
[2.79609089],[0.91570048],[1.76080629]
[2.91653942],[0.91944073],[1.81958559]
[3.02876089],[0.92573379],[1.87958421]
[3.12100721],[0.92949986],[1.93395934]
[3.25429588],[0.93591928],[1.99418425]
[3.33617808],[0.9379153],[2.03191542]
[3.46528003],[0.94314868],[2.09305978]
[3.50195421],[0.9407008],[2.12227598]
[3.59126448],[0.94703675],[2.18060796]
[3.65225622],[0.94526984],[2.21653334]
[3.70224769],[0.95427914],[2.26337351]
[3.76121181],[0.95276496],[2.29349252]
[3.76362289],[0.96032731],[2.31426084]
[3.78961066],[0.95689082],[2.33791415]
[3.76415499],[0.96436065],[2.35813687]
[3.78928045],[0.96072202],[2.39021732]
[3.77328986],[0.96856589],[2.388881]
[3.7960528],[0.96454596],[2.44216717]
[3.76991754],[0.97273577],[2.41077936]
[3.79625759],[0.96843432],[2.48195679]
[3.77420673],[0.97593983],[2.43203004]
[3.80771845],[0.96845297],[2.49959412]
[3.80098357],[0.97118101],[2.49614172]
[3.81576842],[0.97096978],[2.50976093]
[3.80072104],[0.97075986],[2.49385788]
[3.80283195],[0.97067584],[2.47469737]
[3.76858278],[0.97036472],[2.46738731]
[3.75591536],[0.97029201],[2.46177991]
[3.74081585],[0.969327],[2.45189903]
[3.73260957],[0.96697424],[2.44381259]
[3.72426301],[0.96383054],[2.43244664]
[3.70624186],[0.95828811],[2.415789]
[3.68939621],[0.95267218],[2.37775968]
[3.67559896],[0.94842452],[2.33434853]
[3.65610738],[0.94441776],[2.29209263]
[3.63531554],[0.94041722],[2.25242615]
[3.61609526],[0.93615349],[2.22182949]
[3.584462],[0.9321662],[2.18693479]
[3.54176756],[0.9293421],[2.16441851]
[3.50760303],[0.92783308],[2.12117425]
[3.47717493],[0.92573988],[2.09052914]
[3.44175162],[0.92395705],[2.06078176]
[3.40324057],[0.92235855],[2.0278859]
[3.37325407],[0.92024369],[1.99847411]
[2.99092082],[0.91756588],[1.82479939]
[0.],[0.],[0.]
[0.],[0.],[0.]
[1.50693464],[0.41242285],[0.41047619]
[2.2224863],[0.65599591],[1.00202108]
[2.38708331],[0.77015013],[1.26352046]
[2.44508876],[0.81687207],[1.40313674]
[2.54142995],[0.85469863],[1.53104846]
[2.55293461],[0.89245022],[1.61515731]
[2.71188146],[0.9047868],[1.71638835]
[2.92051645],[0.91617139],[1.80196608]
[3.09055283],[0.9300266],[1.88691632]
[3.19289664],[0.93493014],[1.97044985]
[3.34480094],[0.94137966],[2.04960258]
[3.41345895],[0.94375182],[2.0977932]
[3.54424474],[0.95035707],[2.17865917]
[3.61425582],[0.95194119],[2.22117901]
[3.6840423],[0.95806573],[2.28485547]
[3.77775727],[0.95690192],[2.3695576]
[3.81561753],[0.96190443],[2.38578679]
[3.91621527],[0.96345211],[2.50378195]
[3.91869217],[0.97026106],[2.46454414]
[4.00100374],[0.97088658],[2.59806508]
[3.96950897],[0.97673239],[2.55615055]
[4.03194445],[0.97536028],[2.68753249]
[3.97093593],[0.9808822],[2.64277278]
[4.0271704],[0.97914555],[2.74083921]
[3.97625488],[0.98529365],[2.70344656]
[4.03440082],[0.98368013],[2.79928894]
[3.97126699],[0.98961482],[2.78158746]
[4.03084316],[0.98788078],[2.84975764]
[3.97670623],[0.99339346],[2.84473477]
[4.03978048],[0.9887137],[2.88882793]
[4.00243667],[0.99064757],[2.90216572]
[4.04674462],[0.99034386],[2.91337126]
[4.00359431],[0.99023174],[2.90322912]
[4.03205261],[0.9898761],[2.89003701]
[3.98397553],[0.98962705],[2.87967537]
[3.97198082],[0.98927429],[2.87412405]
[3.95669367],[0.98889019],[2.86531339]
[3.94794073],[0.99059824],[2.85971666]
[3.94215123],[0.99284656],[2.85099608]
[3.92577065],[0.98652044],[2.83455733]
[3.90663434],[0.97206346],[2.79774052]
[3.89465947],[0.96575632],[2.7550119]
[3.87485637],[0.96163263],[2.69997617]
[3.85216548],[0.9575678],[2.63860903]
[3.83388354],[0.95330555],[2.58218549]
[3.81006423],[0.94920418],[2.52805683]
[3.77004921],[0.94703529],[2.48413074]
[3.73659431],[0.94519646],[2.43068597]
[3.70790056],[0.94288604],[2.3858658]
[3.67386405],[0.9409499],[2.35188645]
[3.63661077],[0.93941326],[2.3136431]
[3.60978734],[0.93725139],[2.28115376]
[3.22747164],[0.93542208],[2.09030858]
[0.],[0.],[0.]
[0.],[0.],[0.]
[1.57602657],[0.46513056],[0.54703712]
[2.29312828],[0.70034004],[1.11745404]
[2.42048736],[0.79292016],[1.35458536]
[2.48549991],[0.8360626],[1.48267678]
[2.55792084],[0.87361779],[1.59975034]
[2.68470245],[0.90848158],[1.70336655]
[2.87054763],[0.92143982],[1.81067765]
[3.08666771],[0.93691149],[1.92569603]
[3.27458578],[0.9495564],[2.01808949]
[3.38322951],[0.95163867],[2.11625342]
[3.52009224],[0.95871853],[2.20922586]
[3.63207548],[0.9617008],[2.27680884]
[3.71282954],[0.96722857],[2.34648741]
[3.8463837],[0.97361904],[2.43159275]
[3.88432599],[0.97956654],[2.46221567]
[4.00827753],[0.9841542],[2.59748644]
[4.01020011],[0.99055987],[2.56986847]
[4.15450207],[0.99219806],[2.75124664]
[4.12667326],[1.00027082],[2.74417371]
[4.2182792],[0.99935819],[2.88903335]
[4.18028091],[1.00655003],[2.89759032]
[4.25265785],[1.00360247],[2.9941577]
[4.18789277],[1.01018228],[2.99631046]
[4.25231677],[1.00787358],[3.05885156]
[4.19844157],[1.01393162],[3.05608566]
[4.26343513],[1.01995332],[3.11994413]
[4.19306536],[1.0289169],[3.11169099]
[4.26097915],[1.03731172],[3.17018488]
[4.19885372],[1.0488524],[3.15436978]
[4.26966369],[1.0568939],[3.21602855]
[4.23441878],[1.06136613],[3.21618588]
[4.27450127],[1.06233888],[3.24808944]
[4.24046554],[1.06464289],[3.23219089]
[4.26583481],[1.06627216],[3.233576]
[4.22913841],[1.06854008],[3.21984254]
[4.21279229],[1.07188578],[3.21869552]
[4.19664946],[1.07332751],[3.21155769]
[4.18725064],[1.07504286],[3.20898324]
[4.18401805],[1.07497763],[3.20216094]
[4.17002544],[1.06952372],[3.18554506]
[4.1479981],[1.05860286],[3.15099325]
[4.1375548],[1.04523003],[3.11699176]
[4.11981976],[1.03164434],[3.07330176]
[4.0968535],[1.01525406],[3.01562137]
[4.08046509],[1.00067229],[2.9646631]
[4.068722],[0.9866083],[2.91218018]
[4.03327463],[0.97296082],[2.85673192]
[3.99494615],[0.97001375],[2.80065454]
[3.96771856],[0.96745512],[2.74995807]
[3.93363307],[0.96533967],[2.69803811]
[3.89537339],[0.96350459],[2.64058949]
[3.86531254],[0.96110583],[2.59204981]
[3.48545513],[0.95910638],[2.38682506]
[0.],[0.],[0.]
[0.],[0.],[0.]
[1.60736173],[0.50693377],[0.62418915]
[2.33760112],[0.71653054],[1.18128875]
[2.45017231],[0.80889811],[1.41089062]
[2.51429841],[0.85204648],[1.54377267]
[2.58664691],[0.89038379],[1.66899793]
[2.82553171],[0.92484765],[1.79826894]
[3.03463147],[0.94102089],[1.91696566]
[3.23673249],[0.9524712],[2.04393396]
[3.43416473],[0.96377513],[2.15950305]
[3.54955218],[0.96778461],[2.26926367]
[3.6639277],[0.97411345],[2.36750344]
[3.79202948],[0.97967635],[2.46651443]
[3.84836024],[0.98622597],[2.50698752]
[3.999598],[0.99156743],[2.65264331]
[4.00785132],[0.99812808],[2.63597675]
[4.14468635],[1.00322926],[2.84304768]
[4.13240184],[1.01246883],[2.85948258]
[4.2694348],[1.01463876],[3.01806915]
[4.25511232],[1.02168682],[3.07334867]
[4.33534733],[1.03644838],[3.18844582]
[4.31057113],[1.05665897],[3.21037179]
[4.37195209],[1.07065107],[3.29179611]
[4.32215573],[1.08302226],[3.2871926]
[4.37276194],[1.09054149],[3.35015673]
[4.33278691],[1.10119295],[3.34417833]
[4.38520415],[1.11113404],[3.40868533]
[4.33653452],[1.12020267],[3.39224909]
[4.3869365],[1.12847438],[3.45373612]
[4.34643621],[1.13923602],[3.43869213]
[4.40068496],[1.14841325],[3.49403383]
[4.388142],[1.15113017],[3.4989571]
[4.41139395],[1.15268698],[3.53393403]
[4.40161742],[1.15452168],[3.52246057]
[4.41003912],[1.15593261],[3.52975985]
[4.39574234],[1.15772794],[3.51488775]
[4.37268648],[1.15990313],[3.51315372]
[4.35960364],[1.16080126],[3.50837244]
[4.3521727],[1.16187306],[3.50363577]
[4.3483235],[1.15926987],[3.49455951]
[4.33802691],[1.15441635],[3.47649651]
[4.31774032],[1.1446237],[3.4415517]
[4.30749475],[1.13109275],[3.40889623]
[4.29329266],[1.11742773],[3.36684751]
[4.27190909],[1.10212555],[3.3150476]
[4.25571412],[1.08811019],[3.27077501]
[4.2442271],[1.07421276],[3.22799904]
[4.21643429],[1.06026941],[3.17877868]
[4.17640592],[1.04471897],[3.11870571]
[4.14635726],[1.03080174],[3.06562011]
[4.10981184],[1.01747821],[3.01165747]
[4.06871918],[1.00126964],[2.95250235]
[4.03450393],[0.98681638],[2.89750277]
[3.65059624],[0.97928332],[2.67399497]
[0.],[0.],[0.]
[0.],[0.],[0.]
[1.64138825],[0.56199168],[0.70793322]
[2.37368663],[0.72977063],[1.23393268]
[2.4853192],[0.82374366],[1.46682575]
[2.54423934],[0.86552982],[1.60281006]
[2.70742566],[0.90432333],[1.74009828]
[2.96591274],[0.93940764],[1.88908022]
[3.20019733],[0.95235488],[2.01797564]
[3.39341565],[0.96584809],[2.15903324]
[3.57862988],[0.97566624],[2.29676643]
[3.71359667],[0.98140843],[2.4241077]
[3.80806407],[0.98796403],[2.52164025]
[3.95186933],[0.99267607],[2.67007544]
[3.99874322],[0.99885996],[2.6790595]
[4.13625622],[1.0032407],[2.88409928]
[4.13080058],[1.01218872],[2.91822982]
[4.25934569],[1.01620016],[3.06324131]
[4.26257161],[1.02535896],[3.12262917]
[4.3817867],[1.05385682],[3.25941668]
[4.38290234],[1.08292598],[3.31018916]
[4.43785345],[1.10094998],[3.40524009]
[4.41306143],[1.11991176],[3.43265517]
[4.45598594],[1.13331769],[3.49839562]
[4.41508759],[1.14568375],[3.50703701]
[4.44895653],[1.15348981],[3.55251238]
[4.41599338],[1.16419446],[3.5609109]
[4.45259679],[1.17341615],[3.60891221]
[4.40827594],[1.18217615],[3.60441131]
[4.44333178],[1.18994483],[3.64784514]
[4.40678967],[1.20041937],[3.64771889]
[4.44816382],[1.21004358],[3.69504363]
[4.43717206],[1.21400515],[3.70816039]
[4.4493015],[1.21407715],[3.7418594]
[4.44065279],[1.2151893],[3.44064188]
[4.44265335],[1.21591125],[3.73438243]
[4.43139108],[1.21698596],[3.71547911]
[4.40556352],[1.21859483],[3.71142012]
[4.39151054],[1.2188806],[3.70437393]
[4.3834031],[1.21946928],[3.69647839]
[4.37856343],[1.2154799],[3.68534191]
[4.36896613],[1.20983441],[3.66301735]
[4.34903577],[1.20083891],[3.62286316]
[4.33994029],[1.18747066],[3.58175909]
[4.32655275],[1.17412132],[3.53357263]
[4.30531635],[1.15915137],[3.47831426]
[4.28990248],[1.14526203],[3.43160847]
[4.27958797],[1.13124031],[3.389957]
[4.25670931],[1.11674423],[3.34105049]
[4.21769938],[1.10036192],[3.2806894]
[4.1870373],[1.08541159],[3.22872811]
[4.14982306],[1.07093804],[3.17391344]
[4.10845399],[1.0544858],[3.11493459]
[4.07362655],[1.04038315],[3.06508318]
[3.68618546],[1.02610931],[2.84199627]
[0.],[0.],[0.]
[0.],[0.],[0.]
[1.67206029],[0.6075756],[0.77625449]
[2.4009025],[0.74315795],[1.27700512]
[2.52198948],[0.83818858],[1.52049981]
[2.60558767],[0.87707672],[1.65687526]
[2.86377397],[0.91781214],[1.82169734]
[3.101956],[0.9518754],[1.98087263]
[3.36507805],[0.9644461],[2.12472335]
[3.54354424],[0.97800707],[2.28108784]
[3.72076394],[0.98733926],[2.42635306]
[3.87156229],[0.99174672],[2.60965942]
[3.93464139],[0.99851496],[2.69253311]
[4.10866761],[1.00226078],[2.88894432]
[4.09860231],[1.00939778],[2.95022227]
[4.22747489],[1.01415745],[3.08586234]
[4.22081619],[1.02674399],[3.13484102]
[4.32874245],[1.04945448],[3.2555849]
[4.33006969],[1.07954868],[3.30857057]
[4.42917187],[1.10722854],[3.43409942]
[4.42554548],[1.13374523],[3.4897693]
[4.47023336],[1.15130357],[3.56955458]
[4.45029103],[1.16787912],[3.60557222]
[4.48744491],[1.18041364],[3.65892793]
[4.45225963],[1.19240434],[3.67329128]
[4.47907258],[1.20042295],[3.71428428]
[4.45049328],[1.21039931],[3.71986896]
[4.48105883],[1.21913152],[3.761098]
[4.44317516],[1.22691587],[3.75864177]
[4.47217444],[1.23401433],[3.79675812]
[4.44135397],[1.24605132],[3.80451229]
[4.47700695],[1.25398607],[3.85045235]
[4.46979215],[1.258675],[3.86379575]
[4.47790748],[1.25809834],[3.89704353]
[4.47295946],[1.25896754],[3.88521572]
[4.47175001],[1.25952003],[3.89189137]
[4.46433612],[1.26034728],[3.87040146]
[4.43626169],[1.26202669],[3.86590514]
[4.42306774],[1.26205421],[3.85893508]
[4.41519064],[1.26108632],[3.84866973]
[4.41031101],[1.2555676],[3.83493309]
[4.40098514],[1.24926147],[3.81237162]
[4.38066106],[1.24034341],[3.77061818]
[4.37140323],[1.2271971],[3.7301084]
[4.35927727],[1.21359376],[3.6841014]
[4.33859908],[1.19849425],[3.62751825]
[4.32408243],[1.18440017],[3.57309946]
[4.31369942],[1.17091017],[3.52604806]
[4.29505014],[1.157119],[3.47553977]
[4.25759675],[1.14180773],[3.41263843]
[4.2264976],[1.12770758],[3.35925215]
[4.18939074],[1.11283111],[3.30261899]
[4.14801609],[1.0958902],[3.24238611]
[4.11299048],[1.07998715],[3.1904036]
[3.72202494],[1.06430776],[2.96255294]
[0.],[0.],[0.]
[0.],[0.],[0.]
[1.68832804],[0.6255894],[0.823025]
[2.42842204],[0.75995091],[1.33116209]
[2.54451935],[0.8561186],[1.57235891]
[2.72756593],[0.89086587],[1.72951441]
[3.01108351],[0.93583021],[1.91281068]
[3.24720308],[0.96592397],[2.08721378]
[3.50206193],[0.97945621],[2.25079982]
[3.70214621],[0.99189456],[2.43043876]
[3.86317653],[1.00157617],[2.5763803]
[4.0142651],[1.00490972],[2.80877771]
[4.05923054],[1.0115624],[2.91626583]
[4.17606379],[1.01455535],[3.07562133]
[4.15635325],[1.02947887],[3.13126419]
[4.27917496],[1.05013558],[3.2598506]
[4.27828365],[1.07825363],[3.30818368]
[4.38061167],[1.10150771],[3.42597864]
[4.38640457],[1.12954071],[3.48936417]
[4.48019491],[1.15562075],[3.6060237]
[4.47743663],[1.17988227],[3.66273738]
[4.51563866],[1.19601316],[3.73620029]
[4.49730689],[1.21131404],[3.77112989]
[4.53069833],[1.22286429],[3.82333703]
[4.49831801],[1.23427432],[3.82910362]
[4.52126772],[1.24127441],[3.87082097]
[4.49560073],[1.25016613],[3.87333176]
[4.5228777],[1.25775936],[3.91616766]
[4.48862708],[1.26478801],[3.91070408]
[4.51386412],[1.27110684],[3.94895848]
[4.48631579],[1.28284503],[3.95837426]
[4.51968737],[1.29001624],[4.00504599]
[4.51914404],[1.2941473],[4.0170302]
[4.52059453],[1.29436493],[4.05144378]
[4.52132782],[1.29504573],[4.03729912]
[4.51476454],[1.29470874],[4.04623662]
[4.51479678],[1.29484479],[4.02278426]
[4.4839408],[1.29531923],[4.01356833]
[4.47142478],[1.29405874],[4.00242911]
[4.46420547],[1.29077797],[3.98833498]
[4.45965483],[1.28458526],[3.97167518]
[4.45178233],[1.27861337],[3.94686369]
[4.43412957],[1.26996516],[3.90410197]
[4.42472884],[1.25852666],[3.86271348]
[4.41205758],[1.24518935],[3.81592086]
[4.3933845],[1.23061429],[3.76176194]
[4.3790898],[1.2169134],[3.70773114]
[4.36591393],[1.20431927],[3.6591751]
[4.35072705],[1.1908762],[3.60557382]
[4.31604333],[1.17603868],[3.53800126]
[4.28514785],[1.16221082],[3.48108727]
[4.24864785],[1.1478286],[3.42397529]
[4.20719922],[1.1310104],[3.36259178]
[4.17244719],[1.11555476],[3.30836187]
[3.78170258],[1.10041277],[3.07770011]
[0.],[0.],[0.]
[0.],[0.],[0.]
[1.69002716],[0.63415707],[0.83345643]
[2.44955498],[0.7690032],[1.35985488]
[2.57327681],[0.8656419],[1.60667737]
[2.82379082],[0.90201249],[1.79084054]
[3.12798101],[0.94896864],[1.99879195]
[3.34476021],[0.97538778],[2.17303644]
[3.60021187],[0.98955813],[2.36405971]
[3.800933],[1.00022327],[2.56263833]
[3.94998805],[1.01065547],[2.7559207]
[4.10097284],[1.02075165],[3.04341079]
[4.10015235],[1.04626895],[3.13919574]
[4.21263927],[1.06870994],[3.26915689]
[4.2015323],[1.08923449],[3.3192767]
[4.31472395],[1.10802228],[3.44499624]
[4.32114234],[1.13384446],[3.49875047]
[4.41488933],[1.15199283],[3.60485412]
[4.4281428],[1.1737845],[3.67497207]
[4.51040796],[1.195153],[3.77712448]
[4.51354214],[1.21499235],[3.82562018]
[4.54451469],[1.23037633],[3.8930613]
[4.53149924],[1.24322394],[3.91487328]
[4.55928961],[1.25450259],[3.96609314]
[4.5325783],[1.26591412],[3.97074892]
[4.55024849],[1.27319054],[4.00981194]
[4.52972337],[1.28168597],[4.01373608]
[4.55140426],[1.28888354],[4.05173259]
[4.522731],[1.29596504],[4.04929108]
[4.54259604],[1.30214276],[4.08442651]
[4.51996346],[1.31321781],[4.09654222]
[4.54719551],[1.32077476],[4.14406154]
[4.55005807],[1.32568864],[4.16305376]
[4.54757841],[1.32552795],[4.19286265]
[4.55276514],[1.32578883],[4.20429241]
[4.54258085],[1.32574288],[4.19224879]
[4.54684663],[1.32596541],[4.16925814]
[4.51460751],[1.32590268],[4.1593139]
[4.50244575],[1.32412132],[4.14708256]
[4.49507395],[1.31960484],[4.13184795]
[4.49007694],[1.31433396],[4.11496621]
[4.48274543],[1.30878989],[4.08990602]
[4.46550752],[1.30051654],[4.04824522]
[4.45674817],[1.29107931],[4.00690662]
[4.44498217],[1.27936283],[3.96246261]
[4.42525252],[1.26577881],[3.90535913]
[4.41205043],[1.25340113],[3.85427594]
[4.40044028],[1.24130423],[3.80573537]
[4.38519766],[1.22906952],[3.75206657]
[4.35377789],[1.21561697],[3.684209]
[4.32399664],[1.20195204],[3.62175163]
[4.28765685],[1.18865551],[3.56007005]
[4.24615377],[1.17331414],[3.49413764]
[4.21105019],[1.15857841],[3.43859992]
[3.81720842],[1.14421768],[3.20402401]
[0.],[0.],[0.]
[0.],[0.],[0.]
[1.69622645],[0.64109567],[0.84861738]
[2.46436336],[0.77845008],[1.390009]
[2.60050816],[0.8716912],[1.63996842]
[2.9051376],[0.91089321],[1.85404294]
[3.23590281],[0.95827237],[2.08577145]
[3.44426464],[0.98003733],[2.25848953]
[3.69063596],[0.99559315],[2.46554882]
[3.88701657],[1.00471896],[2.70460774]
[4.03731371],[1.03254844],[2.92887054]
[4.13818328],[1.05471609],[3.17405476]
[4.14396356],[1.07719342],[3.27102456]
[4.24741025],[1.09518256],[3.38360047]
[4.24676993],[1.1134062],[3.42954951]
[4.34979343],[1.13279955],[3.54220374]
[4.36245626],[1.15806304],[3.60570699]
[4.44783717],[1.17564606],[3.70174806]
[4.46848701],[1.19685556],[3.77657679]
[4.54134677],[1.21713883],[3.87350914]
[4.54971646],[1.23721726],[3.92608388]
[4.57444814],[1.25192354],[3.98845804]
[4.56612518],[1.26472774],[4.01387341]
[4.5886293],[1.27623856],[4.06218991]
[4.56648054],[1.28790326],[4.06951615]
[4.57939643],[1.29559006],[4.10634073]
[4.56206699],[1.30373328],[4.11259138]
[4.58071533],[1.31107654],[4.1487664]
[4.55501625],[1.31862974],[4.15001335]
[4.57137299],[1.32524646],[4.18542071]
[4.55210182],[1.33837459],[4.20435313]
[4.57674075],[1.34652938],[4.25119158]
[4.58318071],[1.35242238],[4.31605092]
[4.57632944],[1.35194245],[4.30273879]
[4.58574852],[1.35200554],[4.35724237]
[4.57111733],[1.35147629],[4.31102344]
[4.57973952],[1.35088172],[4.28753461]
[4.5463247],[1.35024143],[4.27753409]
[4.53384987],[1.34840589],[4.25634032]
[4.52606168],[1.34315464],[4.24992769]
[4.52042144],[1.33770326],[4.22477237]
[4.51261424],[1.33161872],[4.1932418]
[4.49638933],[1.3237822],[4.15337362]
[4.48771006],[1.31532838],[4.11260101]
[4.47674144],[1.30318424],[4.06637565]
[4.45752246],[1.28977111],[4.00983135]
[4.44495708],[1.27776481],[3.95889595]
[4.43512536],[1.26594817],[3.9100542]
[4.4198861],[1.25392682],[3.85343181]
[4.39118684],[1.24004591],[3.78611827]
[4.36272695],[1.22715784],[3.72305172]
[4.32671001],[1.21442745],[3.66024604]
[4.2852095],[1.19931173],[3.59365471]
[4.24969379],[1.18628263],[3.53485065]
[3.85234876],[1.17252397],[3.29442188]
[0.],[0.],[0.]
[0.],[0.],[0.]
[1.70316589],[0.65004152],[0.88458756]
[2.47926642],[0.79115546],[1.43710638]
[2.66479895],[0.88297809],[1.69308401]
[2.98062772],[0.92701442],[1.9292287]
[3.34274752],[0.97226548],[2.17374709]
[3.54353588],[0.98850606],[2.36645539]
[3.76812524],[1.00501249],[2.57445256]
[3.9787846],[1.01312493],[2.85799554]
[4.08430371],[1.06223501],[3.06187078]
[4.18895821],[1.08320469],[3.28068553]
[4.19440603],[1.10567774],[3.38080568]
[4.29874214],[1.12377452],[3.49549592]
[4.30386224],[1.1439901],[3.55002409]
[4.39947691],[1.16195491],[3.65106619]
[4.41499332],[1.18585996],[3.72213032]
[4.49552304],[1.2030611],[3.82055464]
[4.52191202],[1.22338809],[3.89899984]
[4.58657346],[1.24379548],[3.99716307]
[4.59826015],[1.26395449],[4.04506562]
[4.61802013],[1.27780195],[4.10513589]
[4.61474057],[1.29082629],[4.13088484]
[4.63173957],[1.30276006],[4.17875257]
[4.61444876],[1.31453462],[4.18560325]
[4.62155254],[1.32302653],[4.22416487]
[4.60822243],[1.33105243],[4.22993045]
[4.62336156],[1.33834763],[4.26914276]
[4.60163846],[1.34563986],[4.26743631]
[4.61564895],[1.3540999],[4.32147732]
[4.5987882],[1.36713784],[4.35676528]
[4.62215373],[1.37603383],[4.41201757]
[4.63628917],[1.38219269],[4.49898647]
[4.62150563],[1.38026788],[4.49393489]
[4.64058004],[1.38012575],[4.5386521]
[4.61673414],[1.37854299],[4.50709411]
[4.63520801],[1.37762089],[4.48781682]
[4.59736547],[1.3768085],[4.47483047]
[4.58458186],[1.37404163],[4.45342929]
[4.57732851],[1.37032495],[4.44373128]
[4.56968536],[1.36477838],[4.4158821]
[4.56096446],[1.35778052],[4.37134758]
[4.54376162],[1.34920749],[4.31443602]
[4.53431772],[1.3409731],[4.25610517]
[4.52378401],[1.32961627],[4.19427354]
[4.50686261],[1.31663859],[4.14022398]
[4.49321853],[1.30493774],[4.08989849]
[4.48177808],[1.29347634],[4.04140783]
[4.46663547],[1.28115369],[3.98307132]
[4.44342134],[1.26758062],[3.91581376]
[4.41864496],[1.25575092],[3.85374295]
[4.38323847],[1.24350334],[3.79063345]
[4.3425765],[1.22947469],[3.72344092]
[4.3077094],[1.21635817],[3.66154604]
[3.91176687],[1.20334409],[3.41726174]
[0.],[0.],[0.]
[0.],[0.],[0.]
[1.71237685],[0.6547342],[0.89613855]
[2.49121205],[0.79787741],[1.46069725]
[2.72785082],[0.89033763],[1.73150503]
[3.04658415],[0.93851433],[1.98461532]
[3.42738613],[0.98160979],[2.24853434]
[3.60760532],[0.9950151],[2.4818161]
[3.83938586],[1.0121146],[2.71104705]
[4.02583142],[1.03807042],[3.00469269]
[4.12738418],[1.10096171],[3.21737242]
[4.2242526],[1.11886146],[3.40439791]
[4.24069156],[1.14222878],[3.51215536]
[4.33553741],[1.16261337],[3.62547706]
[4.34775284],[1.18312569],[3.69647067]
[4.4329217],[1.20021343],[3.79240896]
[4.45602992],[1.22271072],[3.87221203]
[4.53141808],[1.23957473],[3.97729813]
[4.56653973],[1.25966457],[4.04904954]
[4.62290599],[1.27829507],[4.14336318]
[4.64113165],[1.29677216],[4.19110329]
[4.65406929],[1.3089203],[4.24917269]
[4.65982547],[1.32215169],[4.30769946]
[4.6690612],[1.33399718],[4.35925248]
[4.65949062],[1.34548625],[4.3768896]
[4.65893383],[1.3536851],[4.41767154]
[4.6529074],[1.36119424],[4.43520605]
[4.66064849],[1.36872914],[4.4752191]
[4.64601329],[1.37694793],[4.47963741]
[4.65188144],[1.38520357],[4.52940472]
[4.64191112],[1.39527281],[4.5643515]
[4.66911122],[1.4035689],[4.62506426]
[4.68224422],[1.40771643],[4.69248579]
[4.68032036],[1.405751],[4.71064398]
[4.69901738],[1.40510632],[4.74090481]
[4.68367994],[1.40379826],[4.73247262]
[4.70176947],[1.40256954],[4.71461688]
[4.66190018],[1.40157336],[4.69600402]
[4.64205289],[1.39781111],[4.66931875]
[4.61866569],[1.39401393],[4.64570658]
[4.6070791],[1.38979553],[4.61473243]
[4.60107935],[1.38409346],[4.57544167]
[4.58442362],[1.37706766],[4.5242111]
[4.5745923],[1.36912853],[4.47275585]
[4.56316005],[1.35981939],[4.41515335]
[4.5434336],[1.34683547],[4.34056351]
[4.52875616],[1.33485977],[4.27823907]
[4.51633064],[1.3240694],[4.19911289]
[4.50040609],[1.31239356],[4.13668498]
[4.47833678],[1.2994679],[4.06962117]
[4.4550879],[1.28769424],[4.00297755]
[4.42030053],[1.27611001],[3.93621017]
[4.37975089],[1.26286218],[3.86802928]
[4.34480419],[1.25069487],[3.80396051]
[3.94727313],[1.23877562],[3.5564852]
[0.],[0.],[0.]
[0.],[0.],[0.]
[1.72024648],[0.65875247],[0.9062249]
[2.50232772],[0.80425528],[1.4832191]
[2.78637846],[0.89572102],[1.76473202]
[3.09657825],[0.94722468],[2.03372122]
[3.47797926],[0.98787623],[2.3106467]
[3.6695601],[0.9991938],[2.59329377]
[3.89111914],[1.01825235],[2.83658924]
[4.07530589],[1.06341595],[3.10644363]
[4.1713298],[1.12260321],[3.31598015]
[4.26256503],[1.14151835],[3.48911712]
[4.29062688],[1.16688581],[3.61148503]
[4.37273303],[1.18703103],[3.71405648]
[4.391624],[1.20708918],[3.79424378]
[4.46983558],[1.22389501],[3.89665686]
[4.50187107],[1.2476436],[3.97915855]
[4.56993319],[1.2642039],[4.07971918]
[4.61457705],[1.28371916],[4.15747055]
[4.6614178],[1.30227487],[4.24868775]
[4.68750543],[1.32169322],[4.30053636]
[4.69245679],[1.33336624],[4.40383367]
[4.70242328],[1.34637016],[4.45868687]
[4.71693646],[1.35961765],[4.51977729]
[4.70196066],[1.37268039],[4.53501987]
[4.7149116],[1.38506148],[4.59920072]
[4.70137682],[1.39727118],[4.61662683]
[4.72530989],[1.40893003],[4.68791008]
[4.70677725],[1.41977646],[4.70369866]
[4.72527837],[1.43089149],[4.78976679]
[4.71670096],[1.44536101],[4.84047517]
[4.73959371],[1.45481866],[4.91828237]
[4.76016974],[1.46008905],[4.9916966]
[4.75555726],[1.45501915],[5.01407575]
[4.78849118],[1.45115074],[5.04168231]
[4.77806112],[1.44586217],[5.04633407]
[4.8063678],[1.44021322],[4.99887991]
[4.78586811],[1.43527249],[4.9601012]
[4.76290453],[1.42612442],[4.91256597]
[4.72772626],[1.4196447],[4.8600782]
[4.69873555],[1.4126475],[4.80360991]
[4.67628304],[1.40701304],[4.75101744]
[4.64580377],[1.39985616],[4.69067332]
[4.61850165],[1.39189019],[4.63080083]
[4.60598952],[1.38292643],[4.57662661]
[4.58711211],[1.3695569],[4.50699631]
[4.5717416],[1.35762435],[4.44870327]
[4.55806672],[1.34643709],[4.35956797]
[4.54189649],[1.33451628],[4.26212903]
[4.51931522],[1.32177295],[4.18553546]
[4.49539496],[1.31014665],[4.11664784]
[4.45791151],[1.2987328],[4.04607689]
[4.41650303],[1.28572881],[3.97263406]
[4.38182232],[1.27376667],[3.90663197]
[3.98277992],[1.26200453],[3.6561533]
[0.],[0.],[0.]
[0.],[0.],[0.]
[1.73045861],[0.65707256],[0.91417101]
[2.51615589],[0.81088647],[1.50623241]
[2.84036598],[0.90447125],[1.80294244]
[3.14265782],[0.95562305],[2.0843292]
[3.52894618],[0.99416075],[2.38287654]
[3.72459996],[1.00457295],[2.70758552]
[3.94372181],[1.02891245],[2.95377982]
[4.12934819],[1.08787729],[3.20609354]
[4.21947121],[1.1437998],[3.41284682]
[4.30583354],[1.16400362],[3.57647815]
[4.34438704],[1.19027485],[3.71316803]
[4.41229299],[1.20984067],[3.81088512]
[4.44455472],[1.22930304],[3.90020003]
[4.50915731],[1.24730528],[3.9971629]
[4.54920262],[1.27058116],[4.08627738]
[4.61053592],[1.28668632],[4.18567046]
[4.66576587],[1.30864899],[4.27822042]
[4.71012084],[1.33647027],[4.38466772]
[4.73368731],[1.3635135],[4.49913248]
[4.76258286],[1.378318],[4.65508514]
[4.77396866],[1.39573991],[4.72343983]
[4.77847826],[1.41224072],[4.79882633]
[4.78974896],[1.4301868],[4.84879265]
[4.79065095],[1.4445774],[4.91669921]
[4.81422284],[1.45649002],[4.97070306]
[4.81355039],[1.46770171],[5.03707498]
[4.83660925],[1.4791314],[5.08513958]
[4.82868382],[1.48871999],[5.17771154]
[4.85897923],[1.50107618],[5.23917041]
[4.86219714],[1.5099806],[5.36551386]
[4.88970913],[1.51586534],[5.43219648]
[4.87737031],[1.50868236],[5.53341963]
[4.90236465],[1.50190438],[5.53338925]
[4.89031085],[1.49450245],[5.56992165]
[4.93335197],[1.4887265],[5.51079864]
[4.91949598],[1.48276482],[5.45794958]
[4.89213396],[1.47318472],[5.39219792]
[4.86750379],[1.4635175],[5.32077595]
[4.84174169],[1.45137991],[5.20756813]
[4.81067041],[1.44008148],[5.06014987]
[4.77390178],[1.42622762],[4.93689665]
[4.73747371],[1.41418745],[4.83651847]
[4.70653996],[1.40322225],[4.7555909]
[4.67612813],[1.3876419],[4.67777385]
[4.64411537],[1.37522307],[4.6094523]
[4.61325296],[1.36331008],[4.52476156]
[4.58657955],[1.35142792],[4.42376346]
[4.56389285],[1.33938572],[4.30954625]
[4.54182939],[1.32900414],[4.23541562]
[4.50634513],[1.31790048],[4.15778899]
[4.45828041],[1.30523433],[4.08014794]
[4.41852192],[1.29357782],[4.00825908]
[4.01828749],[1.28210869],[3.75296124]
[0.],[0.],[0.]
[0.],[0.],[0.]
[1.72764641],[0.66290075],[0.93555994]
[2.52626272],[0.8219043],[1.54129907]
[2.87658208],[0.92087399],[1.85381884]
[3.19762345],[0.96770521],[2.15444766]
[3.57541818],[1.00587121],[2.50817256]
[3.78245806],[1.01592378],[2.84273144]
[3.99350341],[1.06403663],[3.08854458]
[4.18394345],[1.11750203],[3.32576382]
[4.27307636],[1.17086608],[3.52622042]
[4.35696588],[1.19385638],[3.68335308]
[4.39766485],[1.21931136],[3.83376313]
[4.46520473],[1.23786576],[3.93860175]
[4.50074226],[1.25835199],[4.02729424]
[4.5650071],[1.27584349],[4.13291999]
[4.61877843],[1.30816333],[4.24579148]
[4.67463472],[1.33546002],[4.37289289]
[4.74448616],[1.36837896],[4.52008792]
[4.79414046],[1.39856042],[4.73127049]
[4.83890659],[1.42522485],[4.88398792]
[4.85151643],[1.43987141],[5.01307225]
[4.90559272],[1.45805846],[5.11462485]
[4.88616277],[1.47698782],[5.22148746]
[4.9214751],[1.49403819],[5.26823005]
[4.89413815],[1.50676681],[5.38949781]
[4.93322435],[1.5171202],[5.40990139]
[4.93691302],[1.52667713],[5.56079275]
[4.98193016],[1.53731337],[5.59249736]
[4.99687532],[1.54678851],[5.75313507]
[5.05622964],[1.55896245],[5.8377939]
[5.09769091],[1.56796527],[5.98305891]
[5.23000534],[1.57477069],[6.09350618]
[5.21205111],[1.56920216],[6.14650627]
[5.3473973],[1.56294103],[6.20352737]
[5.35996427],[1.55387501],[6.19372473]
[5.42035692],[1.54461866],[6.18405007]
[5.4560131],[1.53479759],[6.11479625]
[5.43506581],[1.52466339],[6.03732583]
[5.3357284],[1.51443934],[5.91694691]
[5.14999521],[1.50258836],[5.76453366]
[5.02746693],[1.49119584],[5.62036695]
[4.91507785],[1.47844792],[5.46657339]
[4.87428956],[1.46419822],[5.32553153]
[4.84539478],[1.44651412],[5.1681334]
[4.81138682],[1.42414459],[4.99967564]
[4.77192893],[1.40477011],[4.87171876]
[4.73307331],[1.38706919],[4.7591381]
[4.69606714],[1.37416904],[4.65405926]
[4.65776282],[1.36070508],[4.53668638]
[4.61230069],[1.34902904],[4.40869495]
[4.57631254],[1.33897105],[4.31421727]
[4.52966554],[1.32758101],[4.22871017]
[4.48769116],[1.31769645],[4.14911132]
[4.08430524],[1.30717065],[3.88903276]
[0.],[0.],[0.]
[0.],[0.],[0.]
[1.75167305],[0.66312187],[0.95548623]
[2.54676863],[0.83107424],[1.56897361]
[2.93750866],[0.93189509],[1.90672799]
[3.24919531],[0.97527799],[2.22862768]
[3.62842663],[1.01430071],[2.69460174]
[3.84081104],[1.0517707],[2.99543576]
[4.05152633],[1.10342328],[3.24432765]
[4.23882581],[1.15477442],[3.46755176]
[4.32912571],[1.20615887],[3.67573356]
[4.40339901],[1.23021542],[3.83984609]
[4.45740014],[1.25379941],[4.00009199]
[4.51211433],[1.27980234],[4.11584425]
[4.56887267],[1.31327279],[4.2459952]
[4.61788407],[1.34062829],[4.38429243]
[4.68017525],[1.37477057],[4.53895447]
[4.76975182],[1.40353779],[4.77914827]
[4.87451837],[1.43631119],[4.99272987]
[4.88827159],[1.46326745],[5.14808536]
[4.97273603],[1.48595761],[5.29896554]
[5.02998798],[1.50053744],[5.52753921]
[5.1539628],[1.5189481],[5.68382352]
[5.2119191],[1.53659998],[5.81651418]
[5.25597534],[1.55182983],[5.89861166]
[5.32664298],[1.56172061],[6.03503961]
[5.38669605],[1.57116554],[6.16614251]
[5.45102952],[1.58047404],[6.28361691]
[5.48612537],[1.59078925],[6.40920339]
[5.52724966],[1.59973431],[6.53405491]
[5.54818314],[1.61144974],[6.69603598]
[5.60264864],[1.61996792],[6.8315283]
[5.6098801],[1.62783277],[6.9631168]
[5.6463905],[1.6259909],[7.04975431]
[5.63664377],[1.61789122],[7.11596831]
[5.68866147],[1.60830616],[7.12257435]
[5.67461113],[1.59948],[7.09783177]
[5.79732177],[1.58905591],[7.0353029]
[5.81418252],[1.57700211],[6.91594438]
[5.70073852],[1.5625867],[6.76994925]
[5.62673497],[1.54999158],[6.6011704]
[5.56436929],[1.53841145],[6.38279845]
[5.47554937],[1.52528015],[6.16209745]
[5.35555222],[1.5129453],[5.94750802]
[5.16775154],[1.49772177],[5.74917357]
[5.05245966],[1.47754689],[5.58061083]
[4.94103276],[1.45654856],[5.42391391]
[4.87230128],[1.43440868],[5.26963613]
[4.83158657],[1.41259573],[5.08899096]
[4.78647195],[1.38948939],[4.84680404]
[4.73587697],[1.37331398],[4.70655091]
[4.66334994],[1.36017927],[4.55743359]
[4.58177259],[1.3487296],[4.40535458]
[4.54129365],[1.33861722],[4.32541684]
[4.13252975],[1.33062963],[4.06183937]
[0.],[0.],[0.]
[0.],[0.],[0.]
[1.77146253],[0.66670649],[0.97487789]
[2.56249038],[0.84381195],[1.59325697]
[2.98174075],[0.93773481],[1.94233232]
[3.28319624],[0.98085309],[2.30871921]
[3.66723699],[1.02165441],[2.81030223]
[3.87960214],[1.0795078],[3.09583318]
[4.09175986],[1.13079366],[3.34655679]
[4.27185029],[1.18076685],[3.56810011]
[4.37534831],[1.23480761],[3.80573251]
[4.4432851],[1.26961078],[3.98382619]
[4.51096858],[1.30685042],[4.19169343]
[4.5550172],[1.33730793],[4.3388675]
[4.62841593],[1.3700845],[4.5135825]
[4.70345312],[1.39944495],[4.71413704]
[4.82228391],[1.43532298],[4.95615624]
[4.87028545],[1.46296812],[5.16350967]
[4.97954867],[1.49387658],[5.37963872]
[5.06363544],[1.51884388],[5.61358792]
[5.23443956],[1.54349602],[5.84833877]
[5.39804558],[1.55994597],[6.10007205]
[5.54760139],[1.57559927],[6.36340386]
[5.61461193],[1.59053651],[6.57004905]
[5.63753977],[1.60426027],[6.74109321]
[5.66452842],[1.61329618],[6.86644035]
[5.68380307],[1.62257253],[7.05413507]
[5.72005148],[1.64280827],[7.168047]
[5.72012239],[1.65963243],[7.35469673]
[5.79619857],[1.69440713],[7.49547547]
[5.7930837],[1.71142854],[7.67435496]
[5.97335275],[1.74076156],[7.87838784]
[6.01024329],[1.75687891],[7.98364052]
[6.10438273],[1.7636],[8.14774432]
[6.13250558],[1.74892993],[8.17162713]
[6.18802668],[1.73149691],[8.25339871]
[6.22481663],[1.70811221],[8.19784539]
[6.25048131],[1.68572048],[8.20704993]
[6.28628549],[1.66155015],[8.05836546]
[6.26005519],[1.63669105],[7.87431204]
[6.1866934],[1.60186838],[7.64930378]
[6.0603922],[1.58285326],[7.33735617]
[5.86469395],[1.5698907],[7.04242541]
[5.70042185],[1.55805885],[6.79706415]
[5.62275653],[1.54387718],[6.57259515]
[5.55171673],[1.52651971],[6.31261025]
[5.45825642],[1.50933552],[6.07488971]
[5.32452754],[1.49112696],[5.83287171]
[5.12507322],[1.47062974],[5.6219033]
[4.97001044],[1.44848612],[5.40980079]
[4.86776784],[1.4278898],[5.17824931]
[4.82134271],[1.40768026],[4.94539471]
[4.73381543],[1.38773749],[4.78176712]
[4.65110327],[1.37362885],[4.62051596]
[4.19810506],[1.3602345],[4.26690237]
[0.],[0.],[0.]
[0.],[0.],[0.]
[1.78834095],[0.66866349],[0.98635221]
[2.57662196],[0.84810738],[1.60666117]
[3.01535018],[0.93906196],[1.95907686]
[3.30540113],[0.98325262],[2.34321779]
[3.69129689],[1.02853654],[2.85039348]
[3.90051057],[1.08847093],[3.13126655]
[4.11860227],[1.14742592],[3.40725092]
[4.29055216],[1.20615721],[3.64949675]
[4.40975747],[1.26651383],[3.91767841]
[4.46836564],[1.30652315],[4.11019105]
[4.54990698],[1.34408869],[4.35762034]
[4.59541624],[1.37712919],[4.53051934]
[4.71153286],[1.41429187],[4.75194015]
[4.79192286],[1.44397619],[4.99943086]
[4.91382366],[1.47928461],[5.25545824]
[4.92559599],[1.50781667],[5.44929652]
[5.11828984],[1.54253518],[5.74175903]
[5.23523874],[1.57060557],[6.02197102]
[5.48489397],[1.58879915],[6.34825012]
[5.6146707],[1.60139328],[6.60306247]
[5.70774607],[1.6169106],[7.00379269]
[5.77055745],[1.6317957],[7.2354831]
[5.78416334],[1.64869413],[7.45203183]
[5.84863375],[1.70700958],[7.60573417]
[5.86793093],[1.72732185],[7.82388631]
[5.99969997],[1.76452881],[8.03174577]
[6.01861205],[1.78596907],[8.21456379]
[6.12831671],[1.81229941],[8.45812371]
[6.16299869],[1.82811814],[8.61478077]
[6.23577885],[1.84648311],[8.88447935]
[6.27739088],[1.86072155],[9.00492947]
[6.30493813],[1.86754231],[9.1657245]
[6.33830761],[1.86722131],[9.20476663]
[6.35016228],[1.84937085],[9.25930924]
[6.38752396],[1.83186728],[9.21278044]
[6.3845303],[1.81011071],[9.15314936]
[6.44811536],[1.78641083],[9.0385699]
[6.40028852],[1.76432527],[8.85536034]
[6.36785257],[1.72599033],[8.63786035]
[6.29717908],[1.68587106],[8.35231364]
[6.20339186],[1.63434892],[8.01465908]
[6.07938254],[1.60432882],[7.68224888]
[5.8920727],[1.58617382],[7.36929257]
[5.71792415],[1.57138858],[7.09174556]
[5.63743605],[1.55572559],[6.87510579]
[5.58132931],[1.53936266],[6.64389577]
[5.50062463],[1.5224835],[6.38466756]
[5.37934908],[1.50359339],[6.07463732]
[5.18966573],[1.4849332],[5.74083569]
[5.03076513],[1.46456188],[5.51450857]
[4.84685456],[1.44297645],[5.25965495]
[4.78986279],[1.42502993],[5.01039007]
[4.3394303],[1.40983897],[4.66251045]
[0.],[0.],[0.]
[0.],[0.],[0.]
[1.78388743],[0.67529009],[0.99975876]
[2.57550188],[0.86221511],[1.62185606]
[3.00960939],[0.94606948],[1.97356107]
[3.3103267],[0.99047697],[2.37675702]
[3.69728266],[1.03896087],[2.89276137]
[3.92069622],[1.10859679],[3.1832034]
[4.14244619],[1.176203],[3.49911012]
[4.31466911],[1.23460185],[3.75553839]
[4.44050875],[1.29480965],[4.03340774]
[4.5077616],[1.33776287],[4.24924676]
[4.62705316],[1.38039496],[4.53548266]
[4.68525032],[1.4140526],[4.74149307]
[4.82975974],[1.4501615],[5.01862117]
[4.85898835],[1.4794699],[5.24374836]
[4.98219262],[1.51547872],[5.5243388]
[5.03268986],[1.54579224],[5.78726773]
[5.26915048],[1.58070579],[6.1262449]
[5.48129442],[1.60224523],[6.40831615]
[5.65577624],[1.61844371],[6.76990473]
[5.73901395],[1.63104084],[7.04194159]
[5.85515966],[1.64648516],[7.49623125]
[6.0263323],[1.68258421],[7.76829062]
[6.07619767],[1.72671974],[8.04998126]
[6.15912489],[1.7841863],[8.3437976]
[6.21651775],[1.8044755],[8.55623741]
[6.23757934],[1.83677467],[8.80269417]
[6.31204059],[1.85982348],[9.02465902]
[6.30665754],[1.88122784],[9.21762082]
[6.37812391],[1.89759293],[9.41702314]
[6.38241143],[1.91355161],[9.62178063]
[6.42054306],[1.92821603],[9.75008274]
[6.42184026],[1.93845183],[9.8773177]
[6.52322494],[1.94811331],[9.94019807]
[6.53177029],[1.93658328],[9.99564691]
[6.70495115],[1.92478844],[10.08678746]
[6.72874135],[1.91064423],[10.04728782]
[6.82040838],[1.89408624],[10.07903371]
[6.80233391],[1.87671093],[9.92877722]
[6.75023744],[1.84369215],[9.7136577]
[6.60062439],[1.8076304],[9.35254806]
[6.40047838],[1.76351397],[8.98042204]
[6.3521024],[1.72083724],[8.70606766]
[6.28429173],[1.67661824],[8.41070717]
[6.19483983],[1.63660608],[8.10539968]
[6.08501936],[1.59541698],[7.79026527]
[5.93483702],[1.57811447],[7.43883355]
[5.77345063],[1.56153303],[7.11001924]
[5.67496556],[1.54346432],[6.81620427]
[5.6060485],[1.52635119],[6.5249742]
[5.52405556],[1.50888821],[6.08401147]
[5.2387617],[1.4911699],[5.71511867]
[4.96218496],[1.47381686],[5.49249131]
[4.47103922],[1.45600757],[5.06019742]
[0.],[0.],[0.]
[0.],[0.],[0.]
[1.79372123],[0.6731296],[0.99578505]
[2.58584818],[0.8649269],[1.63154202]
[3.03547376],[0.95027196],[1.99658905]
[3.32799422],[0.99673859],[2.44706851]
[3.71925488],[1.07252988],[2.98271273]
[3.93809899],[1.14728723],[3.29455583]
[4.17230103],[1.21376653],[3.64478423]
[4.33010319],[1.26950055],[3.89922323]
[4.49873045],[1.33373127],[4.21128327]
[4.56853116],[1.37989881],[4.4671704]
[4.71834146],[1.42132717],[4.7934674]
[4.77548172],[1.4532101],[5.04643962]
[4.9347509],[1.48923657],[5.36490156]
[4.91634603],[1.51816646],[5.53707043]
[5.07922136],[1.55422158],[5.89386516]
[5.17216767],[1.58511839],[6.18297791]
[5.49927609],[1.61185607],[6.58855071]
[5.64670789],[1.63148434],[6.83312366]
[5.78955082],[1.64860099],[7.26357735]
[5.95153405],[1.66218589],[7.61462014]
[6.18360585],[1.69602458],[8.07366851]
[6.2707377],[1.75807648],[8.49984695]
[6.36926378],[1.79829582],[8.8479226]
[6.34709573],[1.84780603],[9.06648615]
[6.44216626],[1.86970349],[9.34280226]
[6.38935616],[1.8968681],[9.50209177]
[6.48887198],[1.92300755],[9.79972589]
[6.43153978],[1.9455774],[9.93328547]
[6.54132371],[1.96405519],[10.20484188]
[6.61037986],[1.98074064],[10.39798519]
[6.76326054],[1.99697889],[10.65415772]
[6.80005189],[2.00834401],[10.81989181]
[6.8858834],[2.02475654],[11.01806128]
[6.93142323],[2.01467829],[11.11392333]
[6.99047212],[2.00470606],[11.2313654]
[7.03338814],[1.9927632],[11.23465475]
[7.06050425],[1.97832036],[11.20505065]
[7.08048136],[1.9589424],[11.09664262]
[7.06105178],[1.93043787],[10.90958803]
[7.02524874],[1.89853917],[10.62986109]
[6.93773449],[1.86206396],[10.25792105]
[6.82699023],[1.82520263],[9.87145326]
[6.66503131],[1.78573042],[9.44648797]
[6.44299125],[1.74025412],[9.04432027]
[6.38445954],[1.69580042],[8.74585985]
[6.32182586],[1.6420182],[8.45875975]
[6.24081342],[1.59446565],[8.13844482]
[6.13329756],[1.57725867],[7.76500938]
[5.99461034],[1.56095645],[7.35671709]
[5.82770089],[1.54451768],[6.92105997]
[5.72197288],[1.52869949],[6.3710877]
[5.5226994],[1.51358693],[5.99355649]
[4.75935776],[1.49794001],[5.5270806]
[0.],[0.],[0.]
[0.],[0.],[0.]
[1.80480659],[0.66952809],[0.99120774]
[2.59888961],[0.86870387],[1.64319334]
[3.06463689],[0.95429159],[2.01992278]
[3.34754125],[1.00277976],[2.51543678]
[3.75014839],[1.09766919],[3.06877467]
[3.95642769],[1.17323046],[3.38624543]
[4.22131202],[1.24004272],[3.77162207]
[4.3771009],[1.30098215],[4.03272742]
[4.57755158],[1.36639929],[4.36899043]
[4.62883001],[1.41307179],[4.64961017]
[4.81820426],[1.45569733],[5.0584674]
[4.83485925],[1.48822213],[5.3114822]
[5.01200176],[1.5241522],[5.64166373]
[4.95535097],[1.55472956],[5.90372707]
[5.19361701],[1.5909098],[6.27592279]
[5.3487],[1.61535457],[6.56481141]
[5.66493546],[1.64911073],[7.00946243]
[5.77241015],[1.66138012],[7.26231694]
[5.991102],[1.70177379],[7.79971265]
[6.22609551],[1.76048536],[8.240848]
[6.43697647],[1.80042392],[8.79816228]
[6.42064294],[1.85530315],[9.25687536]
[6.53839834],[1.89432599],[9.66204339]
[6.47141726],[1.9330485],[9.84626057]
[6.6343307],[1.95657992],[10.23591879]
[6.65329439],[1.98242818],[10.41405467]
[6.83242097],[2.00683526],[10.87061541]
[6.85949399],[2.02590645],[11.04710843]
[6.98944151],[2.042646],[11.449027]
[7.02849856],[2.05671611],[11.66937509]
[7.08899968],[2.07214882],[11.90543738]
[7.12024488],[2.08538708],[12.06305634]
[7.13374312],[2.09799875],[12.17625923]
[7.1793566],[2.09159053],[12.26837257]
[7.18826287],[2.08317491],[12.32615774]
[7.37848717],[2.07247113],[12.42690548]
[7.42137145],[2.05953788],[12.40264328]
[7.49415209],[2.0414719],[12.41181871]
[7.44715034],[2.01912845],[12.24018634]
[7.41830894],[1.99185416],[11.91484154]
[7.20174936],[1.959597],[11.45056934]
[7.13224196],[1.92849174],[11.10549843]
[7.07104973],[1.89631463],[10.75407588]
[6.98794112],[1.86004092],[10.35399547]
[6.87990462],[1.81860534],[9.95905105]
[6.73091904],[1.76407666],[9.54212356]
[6.5107836],[1.70637846],[9.08924596]
[6.41278264],[1.6491932],[8.72148394]
[6.3534564],[1.59659822],[8.35079106]
[6.27389162],[1.58245722],[7.93720568]
[6.16419883],[1.56725948],[7.30733162]
[5.9391758],[1.55267473],[6.75027552]
[5.20904606],[1.53760327],[6.05065524]
[0.],[0.],[0.]
[0.],[0.],[0.]
[1.82691107],[0.66757461],[0.99156425]
[2.61909596],[0.87704071],[1.66230277]
[3.09153825],[0.9605169],[2.04675889]
[3.3691657],[1.00864139],[2.5746769]
[3.78124555],[1.11551663],[3.14046263]
[4.00174132],[1.194046],[3.47237318]
[4.28525321],[1.26539888],[3.8873939]
[4.4313652],[1.32897538],[4.15822919]
[4.65605041],[1.39530262],[4.53271847]
[4.70863274],[1.44510608],[4.88644693]
[4.91710567],[1.48816434],[5.34290885]
[4.89155568],[1.52059548],[5.5666825]
[5.08186699],[1.55817081],[5.95077824]
[5.03387709],[1.58842763],[6.25050092]
[5.31403014],[1.6210656],[6.67315301]
[5.51154803],[1.64558184],[6.9875348]
[5.78416526],[1.68668601],[7.47607344]
[5.89913572],[1.74516302],[7.85463736]
[6.266217],[1.81237117],[8.51393049]
[6.36529364],[1.86342809],[9.04273096]
[6.58575139],[1.89621335],[9.7150346]
[6.62098387],[1.93800756],[10.07164312]
[6.88547589],[1.97394866],[10.69761525]
[6.90562972],[2.00758768],[10.97785361]
[7.0786679],[2.03016611],[11.4487152]
[7.04529699],[2.05346736],[11.62232127]
[7.25021298],[2.07651277],[12.08612728]
[7.17948113],[2.0924389],[12.21337714]
[7.38744833],[2.10774641],[12.60144454]
[7.4072441],[2.1196488],[12.79431365]
[7.42352415],[2.13799286],[13.00238649]
[7.63062175],[2.14968867],[13.31967599]
[7.67619232],[2.15983375],[13.46967808]
[7.79355479],[2.15504471],[13.70091889]
[7.80554681],[2.14766192],[13.7683042]
[7.80884495],[2.13881256],[13.83598295]
[7.83677371],[2.12632768],[13.8119806]
[7.8311866],[2.10606724],[13.72934373]
[7.8447684],[2.08525253],[13.55672866]
[7.79939412],[2.06126199],[13.28259555]
[7.75325123],[2.03407524],[12.90003645]
[7.63348478],[2.00667194],[12.46937673]
[7.49290535],[1.97749573],[12.00682267]
[7.27451785],[1.94604698],[11.46558815]
[7.1680356],[1.90873423],[11.06439183]
[7.10861387],[1.86325401],[10.70446097]
[7.02905623],[1.80671502],[10.32232417]
[6.92543004],[1.74016557],[9.88825474]
[6.787535],[1.68703525],[9.41320756]
[6.58005342],[1.63092613],[8.84544256]
[6.45882322],[1.59849068],[8.25181059]
[6.38034593],[1.58448865],[7.68526253]
[5.6938818],[1.56998642],[6.80521812]
[0.],[0.],[0.]
[0.],[0.],[0.]
[1.81413744],[0.67223684],[1.00004165]
[2.61473883],[0.89733637],[1.68421635]
[3.10203248],[0.97218503],[2.07416363]
[3.38386595],[1.01970819],[2.62453474]
[3.81003631],[1.13988653],[3.21391676]
[4.05628878],[1.22070446],[3.57217816]
[4.33154466],[1.29445259],[4.00077222]
[4.4709491],[1.35978202],[4.28589163]
[4.72279661],[1.42866662],[4.68664386]
[4.7823161],[1.47994191],[5.12343998]
[4.99784833],[1.52630316],[5.59327083]
[4.93386628],[1.5631035],[5.88925524]
[5.13943972],[1.59997702],[6.33664487]
[5.15365952],[1.62711672],[6.66223367]
[5.52960436],[1.67124717],[7.18394095]
[5.64141497],[1.70450741],[7.51888985]
[5.88603139],[1.7728042],[8.17567455]
[6.17164934],[1.85370001],[8.66987146]
[6.49061124],[1.91213015],[9.32662108]
[6.47918722],[1.95148229],[9.91926717]
[6.85957147],[1.9782092],[10.59348888]
[6.982607],[2.01418178],[11.10213898]
[7.21281152],[2.04586148],[11.78976311]
[7.24617768],[2.07567571],[12.02673413]
[7.42739387],[2.09620149],[12.47479929]
[7.41919551],[2.11796111],[12.65850731]
[7.55157969],[2.13911755],[13.12577088]
[7.73738611],[2.15331948],[13.4477696]
[7.9044387],[2.16762471],[13.85828527]
[8.03713736],[2.17817451],[14.23330062]
[8.08801666],[2.19507043],[14.49449832]
[8.11038422],[2.21113643],[14.7195426]
[8.1267268],[2.2206605],[14.8634827]
[8.14400011],[2.21224572],[15.01192274]
[8.16779501],[2.20476112],[15.07857303]
[8.12926632],[2.19764434],[15.07759635]
[8.34105242],[2.18526661],[15.2276239]
[8.35472224],[2.16808912],[15.14905169]
[8.4328247],[2.14937961],[15.10646777]
[8.40626321],[2.12691061],[14.82250922]
[8.20756822],[2.10064437],[14.35003379]
[7.93577415],[2.07589199],[13.78361903]
[7.85920438],[2.05153454],[13.37086759]
[7.77345622],[2.02482907],[12.92265847]
[7.68008883],[1.99173005],[12.47525592]
[7.55660301],[1.95365704],[12.003956]
[7.37896422],[1.90509315],[11.4911268]
[7.17874819],[1.84828728],[10.98157464]
[7.12479902],[1.79002168],[10.56517632]
[7.05272819],[1.7285171],[10.07226061]
[6.95989094],[1.67999058],[9.48513687]
[6.83112837],[1.62988718],[8.74938083]
[6.15424644],[1.60577076],[7.83680068]
[0.01306863],[0.13991616],[0.]
[0.],[0.],[0.]
[1.84759164],[0.67226401],[1.01086456]
[2.64237365],[0.90794347],[1.71413479]
[3.18260328],[0.98011284],[2.13759286]
[3.42455777],[1.03630749],[2.73656598]
[3.86809824],[1.17911227],[3.36312291]
[4.12347473],[1.26372576],[3.74888838]
[4.40187149],[1.33947647],[4.20330002]
[4.53570525],[1.40570462],[4.5278597]
[4.8322485],[1.47355881],[5.0823712]
[4.87529066],[1.52526641],[5.48725842]
[5.10014121],[1.57378518],[5.96742685]
[5.00327925],[1.6062953],[6.36787208]
[5.3080803],[1.64697993],[6.8928702]
[5.41156459],[1.6652658],[7.21155949]
[5.73192956],[1.72242489],[7.79057351]
[5.78182984],[1.81550406],[8.27608366]
[6.18948861],[1.87668961],[8.96099461]
[6.37447797],[1.94199561],[9.49755816]
[6.68168721],[1.99295519],[10.27688562]
[6.83338287],[2.02717503],[10.75522894]
[7.18430029],[2.05117919],[11.61034766]
[7.18899245],[2.08144422],[12.09553468]
[7.46899792],[2.11032389],[12.75519071]
[7.7299023],[2.13606826],[13.158607]
[7.95479335],[2.15561456],[13.68439696]
[8.00890842],[2.17525494],[14.01244943]
[8.18331243],[2.19767922],[14.56680392]
[8.17698809],[2.21887902],[14.8462163]
[8.33712903],[2.23821063],[15.32961273]
[8.36137439],[2.25522068],[15.58756393]
[8.49706407],[2.28571331],[15.87356155]
[8.54132886],[2.30148005],[16.06847608]
[8.67025319],[2.30952462],[16.36647019]
[8.70988905],[2.29839311],[16.52376617]
[8.77477584],[2.28631081],[16.73647745]
[8.7957474],[2.27419066],[16.76345642]
[8.82460568],[2.25566293],[16.82107205]
[8.84657723],[2.23600034],[16.74093194]
[8.81907669],[2.21274897],[16.62714522]
[8.79380108],[2.18390625],[16.36605155]
[8.73800807],[2.15944531],[16.03146453]
[8.60703503],[2.13749322],[15.54323193]
[8.43128138],[2.11442589],[14.96883779]
[8.23696821],[2.0887522],[14.35697324]
[7.98087897],[2.05865156],[13.76445055]
[7.88223095],[2.02592852],[13.3074967]
[7.80849758],[1.98396957],[12.86669499]
[7.72019701],[1.93402189],[12.37812589]
[7.6059804],[1.88366111],[11.89039502]
[7.44190165],[1.82902471],[11.31474296]
[7.2264409],[1.77182786],[10.58254498]
[7.15405687],[1.72110786],[9.93074024]
[6.64880492],[1.67533195],[9.0093616]
[0.23019014],[0.84866694],[0.13949599]
[0.],[0.],[0.]
[1.88613201],[0.67806994],[1.0370222]
[2.6745611],[0.9275626],[1.75962164]
[3.30105545],[0.996812],[2.23597767]
[3.48365861],[1.06927405],[2.8608914]
[3.95856537],[1.21697987],[3.5270476]
[4.22150694],[1.30518145],[3.94454438]
[4.51658309],[1.38119773],[4.4417633]
[4.6518007],[1.44667568],[4.8448499]
[4.98574653],[1.51286676],[5.43821669]
[4.96657176],[1.56427963],[5.79514208]
[5.19750742],[1.60974016],[6.39970066]
[5.16172902],[1.63969653],[6.79775571]
[5.5552905],[1.68527672],[7.3968497]
[5.61785524],[1.75488251],[7.73154872]
[5.87952437],[1.82523848],[8.48226306]
[6.06520789],[1.90918286],[8.98132131]
[6.50096681],[1.96562467],[9.73922087]
[6.51097767],[2.02087777],[10.35727859]
[6.99984457],[2.06751223],[11.14771751]
[7.13428201],[2.09999789],[11.6907829]
[7.37699334],[2.12329312],[12.61704662]
[7.44499863],[2.14985326],[13.08366955]
[7.76562739],[2.18343253],[13.90442079]
[8.08113749],[2.20330333],[14.48059418]
[8.29026183],[2.22449377],[15.09857748]
[8.27195659],[2.24900953],[15.3477795]
[8.42104724],[2.28098504],[15.92617433]
[8.45281697],[2.30514697],[16.1639943]
[8.72400828],[2.33023312],[16.80091682]
[8.86419222],[2.35097657],[17.1472437]
[8.96045703],[2.38122875],[17.60396026]
[9.00647948],[2.39658545],[17.81604648]
[9.01931491],[2.40351335],[18.05073477]
[9.05322608],[2.39039903],[18.18267027]
[9.04971958],[2.38142407],[18.29120207]
[9.11418317],[2.37378016],[18.32338926]
[9.2021517],[2.36439499],[18.34864771]
[9.40841652],[2.34581063],[18.47184794]
[9.47442226],[2.32314913],[18.37742981]
[9.5086385],[2.29247015],[18.30339528]
[9.48545545],[2.24971345],[17.91889004]
[9.32377459],[2.21180787],[17.35826619]
[8.88412422],[2.17712502],[16.60245466]
[8.72095631],[2.1533066],[16.02639688]
[8.60219702],[2.12772246],[15.50885421]
[8.46181941],[2.09850316],[14.96061947]
[8.27620066],[2.06122324],[14.36341629]
[8.05104677],[2.0193874],[13.73851591]
[7.90509878],[1.98098761],[13.22068031]
[7.83873713],[1.93774708],[12.70847418]
[7.76149599],[1.89174891],[12.07182396]
[7.65462562],[1.84122008],[11.3435808]
[7.05233856],[1.79346],[10.13134863]
[0.34656185],[0.91368938],[0.25094972]
[0.],[0.],[0.]
[1.92434756],[0.68708375],[1.07088517]
[2.69908785],[0.94704898],[1.83266686]
[3.42745905],[1.01371806],[2.3480444]
[3.56992041],[1.10591417],[2.99289946]
[4.09511644],[1.25595639],[3.71885539]
[4.31008196],[1.34551247],[4.14668738]
[4.63392186],[1.42062639],[4.71081005]
[4.78027018],[1.48444076],[5.19321313]
[5.10904082],[1.54866935],[5.76131325]
[5.04540426],[1.60022427],[6.15663304]
[5.35268566],[1.64361943],[6.83869611]
[5.38025494],[1.66937137],[7.2331693]
[5.77340343],[1.74269164],[7.90875043]
[5.76089872],[1.83766796],[8.36331225]
[6.05466716],[1.9058741],[9.08794264]
[6.33267417],[1.9767765],[9.65097749]
[6.69157479],[2.03275097],[10.55261615]
[6.78169981],[2.08122188],[11.06677037]
[7.2707],[2.12604024],[11.96816802]
[7.30772602],[2.15349317],[12.59299802]
[7.57498158],[2.1792647],[13.5270802]
[7.79795938],[2.21151382],[14.20222811]
[8.16054556],[2.24241374],[15.15098797]
[8.30914974],[2.27892967],[15.6718138]
[8.58244692],[2.31639955],[16.41147646]
[8.73707898],[2.347846],[16.73629737]
[8.91431685],[2.38556236],[17.5273857]
[8.9860258],[2.41311944],[17.85326966]
[9.08651263],[2.43949292],[18.55140197]
[9.1659984],[2.45950935],[18.88768945]
[9.18913487],[2.51764296],[19.26646667]
[9.22533665],[2.54643232],[19.50572299]
[9.23842814],[2.56301832],[19.67991077]
[9.48646209],[2.54135798],[19.95033261]
[9.56389525],[2.53491927],[20.07991081]
[9.65122046],[2.5227045],[20.30485474]
[9.71110163],[2.50947497],[20.3737589]
[9.75064265],[2.49135124],[20.4146747]
[9.80214491],[2.47766362],[20.30736969]
[9.85785188],[2.45993954],[20.1553353]
[9.93878476],[2.42518061],[19.91166289]
[9.89860297],[2.387642],[19.46390263]
[9.66182588],[2.34561782],[18.82551455]
[9.48104642],[2.28872492],[17.9902857]
[9.24092446],[2.23670179],[17.20505754]
[8.90707687],[2.18522697],[16.52940903]
[8.71381287],[2.1342135],[15.96382033]
[8.60238798],[2.08719628],[15.39238224]
[8.46532553],[2.0530348],[14.79484359]
[8.30135951],[2.0141838],[14.11995732]
[8.0754775],[1.97282557],[13.33488134]
[7.91852012],[1.92797158],[12.58376921]
[7.37684279],[1.88230723],[11.42262407]
[0.47208852],[0.98448944],[0.38003026]
[0.],[0.],[0.]
[1.92210293],[0.7011396],[1.10263602]
[2.6938503],[0.96551778],[1.89808763]
[3.5142413],[1.02906572],[2.45299492]
[3.63570351],[1.14370203],[3.1236687]
[4.19234413],[1.29816073],[3.90097129]
[4.37953167],[1.38843102],[4.37361558]
[4.7343696],[1.46121275],[5.04433986]
[4.87122797],[1.52370227],[5.49601432]
[5.19282812],[1.5838175],[6.04749849]
[5.16598287],[1.6340855],[6.51857617]
[5.54587726],[1.68258596],[7.28135767]
[5.58432021],[1.74564001],[7.69632473]
[5.90780207],[1.83161306],[8.5396084]
[5.89981916],[1.91636032],[8.95537419]
[6.40454276],[1.9787584],[9.7486678]
[6.47470188],[2.0429884],[10.39630651]
[6.86980282],[2.09712441],[11.31651385]
[7.07700307],[2.14326715],[11.81030466]
[7.41790452],[2.1872853],[12.86369412]
[7.5806582],[2.22676436],[13.50512176]
[7.97728012],[2.27911744],[14.53855571]
[8.11802333],[2.31394531],[15.32157881]
[8.37837239],[2.353115],[16.34506387]
[8.62929578],[2.3879145],[16.96738995]
[8.98311884],[2.42325952],[17.99260496]
[9.09837279],[2.45425668],[18.35336914]
[9.18610611],[2.52363383],[19.12630905]
[9.22698774],[2.5692251],[19.40720675]
[9.27867571],[2.6121047],[20.04701157]
[9.49360772],[2.64656861],[20.45951184]
[9.60214535],[2.68799239],[20.88378375]
[9.73617929],[2.70916874],[21.32203728]
[9.79645893],[2.72535474],[21.572163]
[9.85116126],[2.69888237],[21.84430441]
[9.90326431],[2.67770745],[21.98310879]
[9.91192887],[2.65595602],[22.07227381]
[10.06841098],[2.6370882],[22.16703196]
[10.1855006],[2.61958074],[22.23974996]
[10.44152482],[2.6042246],[22.48229509]
[10.56368712],[2.58418145],[22.3818146]
[10.60202012],[2.5510785],[22.24505884]
[10.64541289],[2.51826314],[21.84891478]
[10.57578146],[2.48234466],[21.20827449]
[10.2171816],[2.44264951],[20.17768014]
[9.72983233],[2.40584293],[19.30947235]
[9.5577515],[2.36756616],[18.57030638]
[9.38361379],[2.32004888],[17.78596387]
[9.16133691],[2.25565993],[17.0250457]
[8.82367177],[2.17997283],[16.29458552]
[8.63218609],[2.08350881],[15.62347332]
[8.52162251],[2.04481998],[14.93017669]
[8.39620199],[2.006243],[14.11881472]
[7.86146528],[1.96735457],[12.78002816]
[0.58940209],[1.04612111],[0.49222542]
[0.],[0.],[0.]
[1.96224648],[0.71019755],[1.13875916]
[2.72041398],[0.98688831],[1.97964824]
[3.61501572],[1.04527726],[2.60064541]
[3.76653183],[1.19725102],[3.33297955]
[4.30398867],[1.34752789],[4.13215618]
[4.47488496],[1.43447324],[4.70380822]
[4.89882646],[1.50481779],[5.47976361]
[4.96410398],[1.56156083],[5.82748168]
[5.30474154],[1.63185268],[6.48654794]
[5.34757923],[1.66657095],[6.96050755]
[5.76943113],[1.71931449],[7.79505811]
[5.73481775],[1.83040687],[8.34451537]
[6.030505],[1.91312903],[9.21154423]
[6.24933243],[1.9854673],[9.65459697]
[6.65221273],[2.04558491],[10.58115857]
[6.63421898],[2.10497422],[11.15798753]
[7.22156427],[2.15677152],[12.16061611]
[7.2624889],[2.20088139],[12.7518948]
[7.57927317],[2.25237058],[13.81927834]
[7.85601972],[2.31879421],[14.52671899]
[8.21445874],[2.37158329],[15.76832816]
[8.35745933],[2.40773645],[16.46185108]
[8.67674843],[2.45004393],[17.6860704]
[9.03731405],[2.51360591],[18.50236443]
[9.23106323],[2.58161609],[19.53113974]
[9.36997212],[2.63345314],[19.87111208]
[9.44861449],[2.68966936],[20.62144204]
[9.71314579],[2.72314149],[21.11023727]
[9.79386777],[2.75760887],[21.80158479]
[9.91395624],[2.78663545],[22.42472551]
[9.98657235],[2.81511416],[22.91330393]
[10.01333974],[2.83106446],[23.29068446]
[10.11936389],[2.83697018],[23.5678678]
[10.21429599],[2.81961479],[23.73826993]
[10.43440448],[2.81280868],[24.14553049]
[10.5893449],[2.79290437],[24.37910625]
[10.68950641],[2.76840043],[24.60416335]
[10.87087051],[2.74928694],[24.62190065]
[11.00719499],[2.72965412],[24.59663969]
[11.23242989],[2.70446079],[24.62242344]
[11.37314413],[2.66930579],[24.46873782]
[11.3373127],[2.63244175],[24.2989276]
[11.34079808],[2.59605584],[23.57882176]
[11.28412014],[2.55998775],[22.7393163]
[10.939705],[2.52597678],[21.8365531]
[10.42132303],[2.49103539],[20.76921812]
[9.9614044],[2.4553488],[19.74746848]
[9.6303988],[2.41168696],[19.01930422]
[9.4759133],[2.35959265],[18.2625044]
[9.28292943],[2.24400455],[17.38773005]
[9.06061609],[2.11802359],[16.47427571]
[8.75011068],[2.06783123],[15.51035093]
[8.17059133],[2.03214491],[14.16970693]
[0.78004981],[1.12311743],[0.6862494]
[0.],[0.],[0.]
[2.00838823],[0.71952936],[1.18077805]
[2.74791064],[1.00155933],[2.05329544]
[3.71203019],[1.05785238],[2.77945799]
[3.92572239],[1.24025647],[3.53772641]
[4.40242212],[1.38904108],[4.44129597]
[4.60119435],[1.4750007],[5.05184974]
[5.04502018],[1.5472514],[5.85540674]
[5.05120042],[1.59624645],[6.15572338]
[5.45017811],[1.67606483],[6.93937773]
[5.58978534],[1.70287458],[7.42689593]
[5.9310331],[1.81231],[8.36797366]
[5.86462167],[1.92073642],[8.96566707]
[6.34383128],[1.9974917],[9.88389008]
[6.47148426],[2.05923086],[10.4851441]
[6.81063903],[2.11604682],[11.45553507]
[7.01321317],[2.16989772],[12.0061464]
[7.43697181],[2.22029244],[13.12821952]
[7.50722684],[2.26905987],[13.7173969]
[7.97847466],[2.34679116],[14.87544256]
[8.1363067],[2.41860595],[15.7421829]
[8.42836221],[2.47816051],[17.00898681]
[8.54475481],[2.5414372],[17.7580137]
[9.03253301],[2.60872821],[19.19450648]
[9.24122709],[2.66435421],[19.89624109]
[9.49222037],[2.71850654],[20.93963849]
[9.82596349],[2.76023018],[21.64083674]
[9.95982516],[2.8051807],[22.46542087]
[10.01374276],[2.84028114],[22.94145578]
[10.10358054],[2.88072024],[23.69985756]
[10.21381008],[2.91287217],[24.18651386]
[10.38794774],[2.9348771],[24.81835542]
[10.55545084],[2.95325649],[25.33714176]
[10.71455611],[2.97038802],[25.98389761]
[10.85750905],[2.98072156],[26.32829009]
[10.98201347],[2.96680219],[26.57182703]
[11.15871119],[2.94375206],[26.78543366]
[11.38043624],[2.91612883],[27.04946201]
[11.47707689],[2.89344316],[27.22387414]
[11.6596863],[2.87196898],[27.2574849]
[11.80563014],[2.8423605],[27.21572605]
[12.00019762],[2.80680356],[27.18469971]
[12.08701995],[2.76364085],[26.89704168]
[12.03076107],[2.71969918],[26.54697034]
[12.04755161],[2.67411183],[25.52679389]
[11.95698317],[2.63368579],[24.51809705]
[11.60411809],[2.60005712],[23.43263832]
[11.07731932],[2.56707369],[22.28390607]
[10.54459999],[2.52836354],[21.29465587]
[10.14377972],[2.48563485],[20.18340369]
[9.7719844],[2.40135623],[19.30632956]
[9.47485668],[2.28841795],[18.40369875]
[9.34329414],[2.1709426],[17.46960361]
[8.76761155],[2.09953786],[15.83540261]
[1.26233628],[1.21298734],[1.03329988]
[0.],[0.],[0.]
[2.0470535],[0.74675176],[1.2269742]
[2.7848863],[1.01620612],[2.13121391]
[3.78590453],[1.07029621],[3.00079514]
[4.04735378],[1.28942917],[3.74151849]
[4.47664464],[1.43196447],[4.7434124]
[4.74860578],[1.51442784],[5.38819365]
[5.15352703],[1.58677557],[6.16962764]
[5.12349053],[1.63549192],[6.53304206]
[5.68536214],[1.7095473],[7.39847222]
[5.75828094],[1.75687368],[7.88994496]
[6.05404909],[1.89388762],[8.99007772]
[6.15245226],[1.99299923],[9.54196623]
[6.64372481],[2.06844834],[10.64335597]
[6.65066114],[2.1257706],[11.28220191]
[7.15247856],[2.18092734],[12.30209932]
[7.26514883],[2.22956672],[12.93038257]
[7.58569412],[2.30426457],[14.10384028]
[7.81697863],[2.37528057],[14.78724944]
[8.21772879],[2.45760163],[16.06042101]
[8.38061234],[2.5786694],[17.01766358]
[8.79011709],[2.65041102],[18.41245962]
[8.98381822],[2.69755959],[19.34084458]
[9.24068836],[2.74838671],[20.6183237]
[9.5406593],[2.79130583],[21.49078762]
[9.89277385],[2.83938688],[22.7258368]
[10.06299293],[2.88314261],[23.40653655]
[10.28726629],[2.93516972],[24.28741529]
[10.45376769],[2.97450395],[24.72120196]
[10.64853028],[3.02029709],[25.72929763]
[10.83160007],[3.05660226],[26.51297479]
[10.9344533],[3.09467068],[27.32034072]
[11.13286759],[3.11574385],[27.87655158]
[11.29406218],[3.14180057],[28.32661747]
[11.48090185],[3.15556336],[28.90145285]
[11.6478534],[3.12964076],[29.28123023]
[11.77503955],[3.11531275],[29.54428256]
[11.9532357],[3.10360715],[29.84187387]
[12.16236504],[3.05675751],[30.07917611]
[12.26299472],[3.0207438],[30.2077953]
[12.45774104],[2.9901818],[30.24866707]
[12.61660542],[2.95238575],[30.24363448]
[12.72897234],[2.90337623],[30.06954091]
[12.75579854],[2.85689265],[29.58426694]
[12.71711022],[2.80931844],[28.92451334]
[12.73782177],[2.76772743],[27.85620046]
[12.6383115],[2.72659419],[26.61088179]
[12.2569082],[2.68445921],[25.22215822]
[11.72310868],[2.64225221],[23.88034431]
[11.16860477],[2.60587014],[22.77666794]
[10.69507013],[2.53900335],[21.69432351]
[10.2667359],[2.45163145],[20.55819031]
[9.92069902],[2.36057664],[19.28346437]
[9.17422035],[2.23164107],[17.55287386]
[2.48655379],[1.35339398],[2.05987835]
[0.],[0.],[0.]
[2.04846484],[0.56243976],[0.9565095]
[2.78661351],[0.70811718],[1.62246216]
[3.7995433],[0.89067541],[2.51236163]
[4.13294796],[1.12273644],[3.18127947]
[4.52821778],[1.24508934],[4.1824137]
[4.84947391],[1.33597323],[4.81664387]
[5.23590195],[1.3806488],[5.50130572]
[5.21154359],[1.46056606],[5.95505885]
[5.83873251],[1.5474713],[6.80261287]
[5.86082078],[1.69402376],[7.418476]
[6.12927939],[1.81601908],[8.47360275]
[6.4087014],[1.88823653],[9.10641224]
[6.80119611],[1.95665233],[10.285757]
[6.87730028],[2.00049289],[10.88014944]
[7.38625127],[2.07605908],[11.94408989]
[7.52517054],[2.14773891],[12.65593908]
[7.86521935],[2.23281374],[13.73305708]
[8.05963538],[2.31008214],[14.60304119]
[8.37506754],[2.43627528],[15.94996787]
[8.55558751],[2.53330999],[16.94663902]
[8.97898738],[2.5897622],[18.38523077]
[9.22574576],[2.62623701],[19.2649642]
[9.38092715],[2.69528478],[20.46551028]
[9.85798201],[2.74421514],[21.60189301]
[10.11110013],[2.79999403],[22.79745691]
[10.40202191],[2.84982117],[23.49217733]
[10.77887375],[2.90727981],[24.74282615]
[11.00556758],[2.95452848],[25.45545606]
[11.17646516],[3.00895385],[26.41817439]
[11.38810008],[3.06268599],[27.17753256]
[11.59362624],[3.11750757],[27.91752869]
[11.72089971],[3.14094716],[28.81520364]
[11.89943062],[3.16692929],[29.40176238]
[12.07698872],[3.18612761],[29.9893586]
[12.23605449],[3.20140445],[30.53108995]
[12.42238045],[3.21801562],[30.92700947]
[12.56510983],[3.232116],[31.29947963]
[12.73806771],[3.20012142],[31.66110707]
[12.93340385],[3.17232104],[31.95194045]
[13.04849442],[3.14433538],[32.00774112]
[13.2517446],[3.11205071],[32.15275984]
[13.38581765],[3.07625698],[32.07786421]
[13.4250659],[3.0179045],[31.71488656]
[13.42779106],[2.91172257],[31.08114666]
[13.40366652],[2.83164894],[30.1435137]
[13.40728938],[2.77131494],[28.73866067]
[13.30760923],[2.72581509],[27.29318137]
[12.92405481],[2.68039104],[25.57470638]
[12.37743865],[2.63979581],[24.1476533]
[11.80508485],[2.59505132],[22.76751555]
[11.31063484],[2.51107312],[21.64511532]
[10.87373614],[2.434085],[20.37585669]
[9.97343659],[2.35246175],[18.60981914]
