meltWidth,meltDepth,meltArea
[0.50355539],[0.04814297],[0.01135196]
[0.84862206],[0.04045172],[0.01581831]
[1.51383704],[0.16705371],[0.13344901]
[1.58831147],[0.21022095],[0.18975851]
[1.60574739],[0.18878645],[0.1734338]
[1.5191483],[0.23715098],[0.19140886]
[1.41724527],[0.20949094],[0.16628749]
[1.37474742],[0.20404373],[0.15807385]
[1.30782047],[0.21099559],[0.1557231]
[1.2977702],[0.20702798],[0.15324101]
[1.28536881],[0.22429197],[0.16282205]
[1.28101134],[0.21116643],[0.15624093]
[1.30248044],[0.2554917],[0.18574422]
[1.25964024],[0.20585488],[0.15415986]
[1.27068638],[0.24424979],[0.17644459]
[1.23592543],[0.1980402],[0.14921888]
[1.2242854],[0.21793287],[0.15456486]
[1.15121082],[0.1617998],[0.11575215]
[1.14803762],[0.19249307],[0.12666365]
[1.07440114],[0.14117047],[0.09192167]
[1.06293483],[0.15987481],[0.09543909]
[0.9773775],[0.10574781],[0.060472]
[0.9823433],[0.13778466],[0.07105695]
[0.90155006],[0.09055928],[0.04144271]
[0.87313259],[0.11097025],[0.04719021]
[0.70091846],[0.05617947],[0.01866048]
[0.7395785],[0.0923772],[0.03307226]
[0.44729382],[0.03016998],[0.00609231]
[0.59275619],[0.06731145],[0.01907326]
[0.30103737],[0.02277899],[0.00298645]
[0.54245566],[0.03477498],[0.00862836]
[0.29242734],[0.02780416],[0.00363182]
[0.21682967],[0.0205936],[0.00191126]
[0.18177709],[0.01828107],[0.00139347]
[0.01828843],[0.00165077],[6.95317794e-08]
[0.],[0.],[0.]
[0.],[0.],[0.]
[0.],[0.],[0.]
[0.],[0.],[0.]
[0.],[0.],[0.]
[0.],[0.],[0.]
[0.],[0.],[0.]
[0.],[0.],[0.]
[0.],[0.],[0.]
[0.],[0.],[0.]
[0.],[0.],[0.]
[0.],[0.],[0.]
[0.],[0.],[0.]
[0.],[0.],[0.]
[0.],[0.],[0.]
[0.],[0.],[0.]
[0.],[0.],[0.]
[0.],[0.],[0.]
[0.],[0.],[0.]
[0.],[0.],[0.]
[0.40943363],[0.14725226],[0.02971691]
[1.80288352],[0.22286705],[0.30932877]
[1.90376657],[0.43329961],[0.59080435]
[2.05003849],[0.56258399],[0.80751691]
[2.14308463],[0.96769812],[1.35026102]
[2.27100009],[1.06416922],[1.51093559]
[2.27967344],[1.09589724],[1.59424003]
[2.35484231],[1.12032724],[1.68551779]
[2.27445001],[1.12563012],[1.66062376]
[2.3323008],[1.12341382],[1.71336988]
[2.2699823],[1.11651789],[1.67544629]
[2.33207185],[1.1168716],[1.74325051]
[2.26885112],[1.11168626],[1.71529092]
[2.32327861],[1.11379404],[1.80062054]
[2.26449192],[1.10830254],[1.78291547]
[2.31825254],[1.11276387],[1.85772608]
[2.25261743],[1.10503676],[1.82859809]
[2.27242432],[1.10855274],[1.81433704]
[2.21957196],[1.10179423],[1.79312082]
[2.23141505],[1.10158007],[1.77150505]
[2.18902323],[1.09840877],[1.75188304]
[2.19431984],[1.10352046],[1.74388356]
[2.13973985],[1.1011011],[1.73046328]
[2.12884798],[1.10968677],[1.73154965]
[2.07914298],[1.10791434],[1.71974703]
[2.05763439],[1.11184052],[1.70352286]
[2.01065736],[1.11135845],[1.70689207]
[1.98842823],[1.11176853],[1.68213471]
[1.95238286],[1.11277917],[1.69689334]
[1.92758491],[1.11086563],[1.66921612]
[1.91489047],[1.11894447],[1.69187075]
[1.88826393],[1.11096256],[1.68744258]
[1.85577329],[1.10983182],[1.67533743]
[1.83633515],[1.10686094],[1.65760251]
[1.80842012],[1.10463169],[1.6444047]
[1.77749529],[1.10575484],[1.63874685]
[1.74764529],[1.10254986],[1.63430733]
[1.71508163],[1.1008273],[1.62309067]
[1.67451451],[1.10127342],[1.61481178]
[1.66995394],[1.09873006],[1.58739285]
[1.66761321],[1.08849076],[1.55027615]
[1.65143786],[1.08336819],[1.50347666]
[1.62085904],[1.07966918],[1.46319401]
[1.59702527],[1.07242892],[1.43070579]
[1.61916741],[1.06960135],[1.41640451]
[1.65520448],[1.0766802],[1.42764366]
[1.70799507],[1.07739235],[1.46062824]
[1.7392071],[1.08360992],[1.49379081]
[1.73135601],[1.08239351],[1.48376126]
[1.72732213],[1.08310641],[1.47505255]
[1.70833543],[1.07368403],[1.4567411]
[1.6591157],[1.05895458],[1.39516619]
[1.60526076],[1.03504379],[1.33429939]
[0.98163497],[0.22736255],[0.14385173]
[0.],[0.],[0.]
[0.4874755],[0.18171334],[0.04359655]
[1.90683167],[0.28292828],[0.40234212]
[2.06007474],[0.53972809],[0.78635033]
[2.19529579],[0.65245635],[1.00149482]
[2.27007573],[1.02473232],[1.45927996]
[2.49606246],[1.137939],[1.74364456]
[2.59094018],[1.16499567],[1.89603193]
[2.68675336],[1.18841987],[2.0730482]
[2.66767071],[1.19912057],[2.11394631]
[2.74265403],[1.20545237],[2.2176073]
[2.72517786],[1.21291999],[2.22054007]
[2.79327169],[1.21746941],[2.31523978]
[2.78735546],[1.21550833],[2.32037651]
[2.85687331],[1.21349813],[2.37536242]
[2.84980737],[1.21492483],[2.36562591]
[2.88875384],[1.21203237],[2.39606427]
[2.9120885],[1.20797347],[2.3948333]
[2.94525814],[1.21021561],[2.42305393]
[2.87270211],[1.20930646],[2.38535727]
[2.87788893],[1.20626936],[2.40292723]
[2.80488647],[1.20686122],[2.33797674]
[2.82169752],[1.21731663],[2.37058917]
[2.73212731],[1.22164563],[2.31731851]
[2.75540336],[1.22392988],[2.35564123]
[2.64056265],[1.22725359],[2.28537159]
[2.65222555],[1.22984014],[2.31666734]
[2.43976347],[1.2268063],[2.2062084]
[2.47641009],[1.22371341],[2.23148541]
[2.3100588],[1.22091265],[2.15134316]
[2.31330298],[1.21692421],[2.1655873]
[2.29728491],[1.2217787],[2.16259113]
[2.29533445],[1.211258],[2.16775591]
[2.27589851],[1.20806454],[2.15996702]
[2.2656382],[1.20355257],[2.14510493]
[2.25634729],[1.20021299],[2.14230305]
[2.24648034],[1.19749518],[2.14410829]
[2.23149788],[1.19260902],[2.14172311]
[2.21956785],[1.18916595],[2.14176791]
[2.199231],[1.18498017],[2.12824688]
[2.17103284],[1.17654208],[2.09549914]
[2.1438612],[1.15875308],[2.05055096]
[2.12161659],[1.14538972],[1.99526354]
[2.0997688],[1.13364221],[1.94781947]
[2.07790438],[1.1202395],[1.90566951]
[2.05431482],[1.10832923],[1.868043]
[2.01607944],[1.09637314],[1.84034492]
[1.97701215],[1.08995724],[1.83479181]
[2.00005777],[1.09121358],[1.82518163]
[2.0677034],[1.09439386],[1.826603]
[2.16031873],[1.10120505],[1.8636277]
[2.22057714],[1.10246153],[1.90099506]
[2.26831835],[1.10088329],[1.91792655]
[2.29271068],[1.09929788],[1.92272438]
[2.06353551],[0.9701222],[1.56920234]
[0.],[0.],[0.]
[0.50398682],[0.20766784],[0.05160026]
[1.96185573],[0.37560844],[0.51615196]
[2.11416996],[0.61514832],[0.89826444]
[2.24244464],[0.72364252],[1.14113166]
[2.32555647],[1.08187819],[1.61427829]
[2.61638063],[1.18704763],[2.00993448]
[2.73098337],[1.22089286],[2.24932405]
[2.80430155],[1.24950745],[2.3960095]
[2.80964778],[1.2676343],[2.46436261]
[2.86573891],[1.27370322],[2.51415175]
[2.88189014],[1.27867776],[2.54523332]
[2.92777825],[1.28260952],[2.58999517]
[2.94760749],[1.28369014],[2.62068697]
[3.0110566],[1.28619814],[2.66793084]
[3.06761963],[1.28922692],[2.69995207]
[3.13410803],[1.28555735],[2.73272331]
[3.21172856],[1.28531741],[2.775345]
[3.29050799],[1.28870896],[2.80659638]
[3.30952967],[1.28678672],[2.80604373]
[3.37035313],[1.28260658],[2.84928214]
[3.35424844],[1.28568059],[2.82613714]
[3.39909791],[1.29039273],[2.87638563]
[3.3375722],[1.29291201],[2.85581809]
[3.33520555],[1.29389225],[2.88040446]
[3.24939517],[1.2963243],[2.84375603]
[3.21501179],[1.29699134],[2.85643942]
[3.12360454],[1.29335943],[2.80212497]
[2.97013714],[1.29036032],[2.753592]
[2.75878366],[1.28778985],[2.64713241]
[2.72797142],[1.28418042],[2.64868516]
[2.53444773],[1.28896541],[2.59538928]
[2.46102428],[1.27871251],[2.5613909]
[2.35271758],[1.27563301],[2.53646705]
[2.34323354],[1.27130821],[2.50595666]
[2.3340916],[1.26819032],[2.49603175]
[2.32542981],[1.2657491],[2.49144132]
[2.3141479],[1.26170565],[2.48127968]
[2.30606003],[1.2587431],[2.50033583]
[2.29377752],[1.25563711],[2.50290562]
[2.27387795],[1.24899601],[2.49058358]
[2.25681701],[1.23594296],[2.46032747]
[2.23870487],[1.22306814],[2.3975728]
[2.21034052],[1.20941975],[2.32872146]
[2.17930926],[1.19403537],[2.2523844]
[2.15105546],[1.18084587],[2.20500695]
[2.16244093],[1.16789619],[2.15169663]
[2.14894103],[1.15440959],[2.09184718]
[2.16274661],[1.1386025],[2.06137088]
[2.19847169],[1.13079334],[2.05248145]
[2.22944906],[1.12294927],[2.06396777]
[2.31132002],[1.11745893],[2.10954321]
[2.40672747],[1.11174548],[2.15610002]
[2.46881772],[1.10279365],[2.17195806]
[2.93050023],[1.04601108],[2.29951308]
[0.79014873],[0.28592723],[0.11091474]
[0.47812432],[0.22322574],[0.05264588]
[1.77590106],[0.39053452],[0.45419785]
[1.87912221],[0.64855915],[0.82020603]
[1.96777655],[0.82081938],[1.02572093]
[2.08028533],[1.10777575],[1.58369384]
[2.36677358],[1.22810189],[2.05079797]
[2.5411592],[1.26644733],[2.32618949]
[2.57785863],[1.29488578],[2.39813148]
[2.61761773],[1.31022939],[2.48363205]
[2.62694404],[1.31639788],[2.50785224]
[2.65499852],[1.32126996],[2.54031992]
[2.70605772],[1.32359932],[2.58036279]
[2.75824869],[1.32011972],[2.64581735]
[2.78150753],[1.31699108],[2.76355144]
[2.82058889],[1.31205045],[2.80289282]
[2.8728632],[1.30434179],[2.80157237]
[2.83706812],[1.3041851],[2.75999223]
[2.81914348],[1.30621172],[2.73287826]
[2.78060051],[1.30663137],[2.69048538]
[2.72172451],[1.30497244],[2.66289848]
[2.58130625],[1.30918359],[2.59573992]
[2.45538798],[1.3109019],[2.56259862]
[2.16971592],[1.31243935],[2.44720397]
[2.14313211],[1.31370816],[2.43358647]
[2.22165282],[1.31400379],[2.42354876]
[2.18608521],[1.31334296],[2.43222309]
[2.24426083],[1.30972161],[2.40561197]
[2.25205014],[1.30491212],[2.43123603]
[2.33596768],[1.30029503],[2.42368292]
[2.29444338],[1.29709029],[2.42863059]
[2.45763256],[1.29613347],[2.51911335]
[2.41340207],[1.28917308],[2.47090881]
[2.49166077],[1.28550448],[2.51749896]
[2.45953313],[1.28143509],[2.46323352]
[2.46443734],[1.27771714],[2.45771287]
[2.47857138],[1.27350079],[2.45602512]
[2.48068843],[1.26933957],[2.44485967]
[2.50385279],[1.26568066],[2.44998671]
[2.52851829],[1.26106432],[2.45454336]
[2.53879592],[1.25410446],[2.45397041]
[2.54359709],[1.24798951],[2.43476869]
[2.55887685],[1.23878754],[2.39835911]
[2.55261041],[1.22583962],[2.35741381]
[2.53763634],[1.20832154],[2.30913235]
[2.54745726],[1.1905431],[2.26880889]
[2.5616054],[1.17562663],[2.21932846]
[2.55903277],[1.16131587],[2.16365639]
[2.54646679],[1.14536142],[2.09440017]
[2.51717397],[1.12897829],[2.0112095]
[2.5037708],[1.11274171],[1.95514939]
[2.49928743],[1.10456975],[1.91919013]
[2.52711103],[1.09414406],[1.91541843]
[2.56579527],[1.05148067],[1.91703915]
[3.04432342],[1.0284152],[2.62568217]
[1.51275998],[0.79635861],[0.56848027]
[0.52689186],[0.26217164],[0.07757956]
[1.72060391],[0.4481839],[0.51875344]
[1.85398519],[0.67425029],[0.87232464]
[1.9290304],[0.92349553],[1.10014818]
[2.09466874],[1.18041568],[1.87153873]
[2.35655567],[1.29879543],[2.26987032]
[2.54853595],[1.33090754],[2.52909797]
[2.56815875],[1.35668892],[2.60589567]
[2.6339503],[1.3767681],[2.78782085]
[2.69663566],[1.38756924],[2.93404101]
[2.73990614],[1.3942799],[3.05039512]
[2.76359543],[1.39320857],[3.09821771]
[2.79241665],[1.3856315],[3.12293827]
[2.77379185],[1.38006291],[3.12609987]
[2.73321648],[1.37495081],[3.08804332]
[2.70440354],[1.37520802],[3.08461916]
[2.66565766],[1.37673563],[3.05145389]
[2.63480653],[1.37837633],[3.04186289]
[2.65687103],[1.38318804],[3.03995679]
[2.63681265],[1.3886553],[3.0293122]
[2.66068826],[1.39299055],[3.02466479]
[2.67141401],[1.39646759],[3.02506525]
[2.72588643],[1.39916986],[3.04019383]
[2.73612233],[1.40023047],[3.02597032]
[2.77654568],[1.40104163],[3.02345715]
[2.7771712],[1.39821598],[3.00323299]
[2.79229717],[1.39251859],[2.99017789]
[2.785267],[1.38813875],[2.96831882]
[2.81339404],[1.38301375],[2.962182]
[2.78947035],[1.37950074],[2.93180473]
[2.83676704],[1.37998315],[2.99253597]
[2.82046477],[1.37057344],[2.92555851]
[2.8409646],[1.36659683],[2.96277769]
[2.81591762],[1.36246686],[2.88906359]
[2.80312228],[1.35844965],[2.86752274]
[2.80104204],[1.35393524],[2.85144348]
[2.79948724],[1.34974346],[2.8353159]
[2.80322106],[1.3462749],[2.82587529]
[2.81376133],[1.34061601],[2.81400482]
[2.80495329],[1.3347299],[2.79174056]
[2.79530088],[1.32999736],[2.76256604]
[2.78909387],[1.32181404],[2.73475649]
[2.80022574],[1.31336288],[2.72161544]
[2.81131675],[1.30538178],[2.69663375]
[2.80858488],[1.29476826],[2.65962324]
[2.81105294],[1.2775152],[2.61747476]
[2.80761032],[1.25717045],[2.56403778]
[2.80186945],[1.23710033],[2.50633017]
[2.8069771],[1.21881015],[2.44362605]
[2.7708364],[1.19846703],[2.36994702]
[2.74593195],[1.17741078],[2.29571114]
[2.75610311],[1.15924504],[2.246521]
[2.75485502],[1.13867949],[2.18657193]
[3.44207755],[1.15088017],[3.00151887]
[1.38479515],[0.84256359],[0.61601753]
[0.49007227],[0.3272977],[0.09756928]
[1.72378742],[0.46530588],[0.54808346]
[1.83530105],[0.71362901],[0.89584067]
[1.87941715],[0.93777586],[1.44076285]
[2.03195026],[1.23347102],[1.97151851]
[2.29028519],[1.3469718],[2.37454096]
[2.45666103],[1.38336055],[2.78819475]
[2.46743379],[1.40527957],[2.92554538]
[2.61349987],[1.42048898],[3.07915943]
[2.68134326],[1.42870368],[3.16362943]
[2.77679463],[1.43557478],[3.23595454]
[2.77614051],[1.43396775],[3.22143236]
[2.83011799],[1.43043919],[3.23742867]
[2.81621247],[1.42802167],[3.21369686]
[2.8518528],[1.42688523],[3.21945481]
[2.82736608],[1.42474904],[3.19836679]
[2.85519802],[1.42511197],[3.18616696]
[2.84217359],[1.4271704],[3.18126779]
[2.86026688],[1.4328881],[3.18274754]
[2.85378556],[1.43581294],[3.18493725]
[2.87368335],[1.4391052],[3.19019615]
[2.87875834],[1.44218152],[3.19473437]
[2.90225086],[1.44482057],[3.20565676]
[2.91144966],[1.44481226],[3.21056361]
[2.92514822],[1.44535155],[3.21990778]
[2.93216084],[1.44642153],[3.21612823]
[2.92601242],[1.44285379],[3.19841078]
[2.92297125],[1.44026163],[3.16617666]
[2.93401145],[1.43632195],[3.14424418]
[2.91051981],[1.43174989],[3.09602193]
[2.95085348],[1.42977216],[3.16171407]
[2.92414568],[1.42323124],[3.08082426]
[2.94073603],[1.41919876],[3.11807901]
[2.91259376],[1.41473075],[3.03795234]
[2.89678044],[1.41087227],[3.01551408]
[2.89425307],[1.40553843],[2.99601269]
[2.88875348],[1.40076335],[2.97729614]
[2.88951595],[1.39690374],[2.9654736]
[2.88627525],[1.39192891],[2.95272439]
[2.86855213],[1.38723472],[2.92776324]
[2.85116114],[1.38202985],[2.90041302]
[2.83592692],[1.37115127],[2.87280424]
[2.82355513],[1.36022663],[2.84627562]
[2.82502842],[1.34800659],[2.81038459]
[2.81823623],[1.33510841],[2.76830639]
[2.81597989],[1.32238585],[2.72930446]
[2.81022493],[1.30894218],[2.69049484]
[2.8041248],[1.29136419],[2.64315324]
[2.80141496],[1.27032283],[2.58498453]
[2.79832302],[1.25071091],[2.5276086]
[2.77163944],[1.23249097],[2.45924332]
[2.73308073],[1.21379249],[2.38457201]
[2.71109334],[1.19162984],[2.31663286]
[3.6279721],[1.22405911],[3.27035353]
[1.45716581],[0.84970356],[0.67594912]
[0.47492901],[0.31868061],[0.07968053]
[1.73123526],[0.43533857],[0.53323466]
[1.89677146],[0.73150056],[0.93481996]
[1.91574814],[0.95313222],[1.46857112]
[2.06422748],[1.26670402],[2.05178883]
[2.29026374],[1.3662186],[2.45326304]
[2.47730378],[1.39467611],[2.8666572]
[2.61388226],[1.41445657],[3.00611976]
[2.77865036],[1.42742362],[3.17340252]
[2.84693024],[1.43510283],[3.24523224]
[2.91648847],[1.44059276],[3.28802485]
[2.92231295],[1.43974535],[3.29163939]
[2.93048769],[1.43502709],[3.27638831]
[2.95082931],[1.43075139],[3.28269109]
[2.95482169],[1.4295353],[3.25351987]
[2.95763874],[1.42758597],[3.25849461]
[2.94991665],[1.42889962],[3.2148875]
[2.96668646],[1.43376735],[3.24640994]
[2.95131063],[1.44029612],[3.2059882]
[2.97380446],[1.44329918],[3.24864171]
[2.96355905],[1.44742503],[3.20927705]
[3.00826252],[1.45111319],[3.27155786]
[2.98708604],[1.45441415],[3.23254139]
[3.03200054],[1.45528363],[3.30065067]
[3.0025794],[1.45660803],[3.24905135]
[3.04486129],[1.45802764],[3.30538056]
[2.99356188],[1.4563784],[3.23142817]
[3.03885391],[1.45508631],[3.29272195]
[3.00384224],[1.45245499],[3.21942017]
[3.03139205],[1.44871109],[3.25181644]
[3.05937258],[1.44777559],[3.2859242]
[3.03311194],[1.44170101],[3.22409749]
[3.05398066],[1.43786185],[3.24459434]
[3.02321805],[1.43381627],[3.15989054]
[3.00898265],[1.43031428],[3.14377804]
[3.00615045],[1.42695767],[3.13218703]
[2.99439379],[1.42298714],[3.11076789]
[2.99720604],[1.4212701],[3.10629303]
[2.99567572],[1.4181326],[3.09437776]
[2.9817612],[1.41332084],[3.07250451]
[2.96529032],[1.40698314],[3.04912626]
[2.95272073],[1.39797864],[3.02733886]
[2.93478527],[1.38819684],[3.00424862]
[2.90383862],[1.37555406],[2.95696495]
[2.87698033],[1.36292955],[2.90101707]
[2.85869312],[1.35107085],[2.84782095]
[2.84281242],[1.33842114],[2.79228206]
[2.83253436],[1.32369364],[2.74302773]
[2.81948046],[1.30987585],[2.68395243]
[2.81122563],[1.29566073],[2.63846914]
[2.80239024],[1.27677949],[2.5823761]
[2.77887288],[1.25838165],[2.52084876]
[2.7373362],[1.23879031],[2.44497026]
[3.73742309],[1.2901658],[3.43182072]
[1.42385798],[0.82035359],[0.68560439]
[0.44159667],[0.32914328],[0.07364998]
[1.50462391],[0.4608069],[0.44288772]
[1.71092917],[0.7448104],[0.85003644]
[1.7620709],[1.01169584],[1.51510527]
[1.88112523],[1.27201431],[1.99255068]
[2.11088063],[1.36552535],[2.30510769]
[2.57443454],[1.39170479],[2.74948024]
[2.71030205],[1.41182845],[2.89833112]
[2.84847892],[1.42528401],[3.06714416]
[2.91800022],[1.43386598],[3.13427388]
[2.96835054],[1.43444602],[3.17864912]
[2.98603458],[1.43166047],[3.1751947]
[2.97993674],[1.42658963],[3.14725178]
[3.0015973],[1.42257437],[3.13258908]
[2.99269408],[1.42262159],[3.10596041]
[2.99643368],[1.41972624],[3.072683]
[2.97964045],[1.42280542],[3.0556495]
[2.99776713],[1.42923987],[3.04098753]
[2.97466236],[1.43428203],[3.0414491]
[3.00055032],[1.43665635],[3.03675869]
[2.97440944],[1.43964628],[3.03049818]
[3.04319795],[1.44245313],[3.05238202]
[3.00743361],[1.44455446],[3.05201353]
[3.06201833],[1.44503018],[3.07056604]
[3.02925888],[1.44553416],[3.06200152]
[3.08236787],[1.44622145],[3.07243483]
[3.02310805],[1.4446773],[3.04273465]
[3.08132161],[1.44300393],[3.05264415]
[3.04339575],[1.43733658],[3.02884452]
[3.08131502],[1.4335772],[3.01777286]
[3.12239017],[1.43300053],[3.11817282]
[3.08635523],[1.42491202],[3.01416169]
[3.11631942],[1.42029719],[3.08992726]
[3.07583613],[1.41585427],[2.98888357]
[3.05913616],[1.41127316],[2.97251012]
[3.05731332],[1.40526468],[2.95812365]
[3.04532002],[1.40143276],[2.94096794]
[3.05039668],[1.39869374],[2.94026982]
[3.05026748],[1.39453715],[2.93537977]
[3.03928143],[1.39302947],[2.92458059]
[3.02580505],[1.39095832],[2.91617347]
[3.02424468],[1.38511405],[2.90544708]
[3.00811591],[1.37303623],[2.88420526]
[2.9791117],[1.35888953],[2.84455793]
[2.95791813],[1.34602466],[2.80798963]
[2.92976806],[1.33379598],[2.75937825]
[2.89754063],[1.32131766],[2.70466687]
[2.86463613],[1.30665916],[2.6489804]
[2.82484016],[1.29369879],[2.58354308]
[2.80753054],[1.27884133],[2.53040273]
[2.79523726],[1.25844355],[2.47476376]
[2.76996081],[1.24254976],[2.41982399]
[2.75749174],[1.22436908],[2.35661333]
[3.86781716],[1.32684093],[3.55361914]
[1.66807395],[0.83725586],[0.81277962]
[0.44854658],[0.32829358],[0.08514436]
[1.54343039],[0.48902973],[0.48322171]
[1.75081337],[0.77513778],[0.90385122]
[1.79962104],[1.1090475],[1.76302326]
[2.1796835],[1.30891338],[2.24088851]
[2.29091493],[1.3945302],[2.48601816]
[2.68781522],[1.41968527],[2.91692151]
[2.79396953],[1.43897935],[3.02524044]
[2.93021929],[1.45339285],[3.1958495]
[3.01344561],[1.46440263],[3.26384829]
[3.04566415],[1.46255718],[3.28654105]
[3.06671832],[1.45785768],[3.27068154]
[3.04794372],[1.45080668],[3.23020627]
[3.07419037],[1.44576312],[3.20468804]
[3.06133088],[1.44558379],[3.18198487]
[3.07770168],[1.44649052],[3.15716813]
[3.04263744],[1.45310651],[3.13612543]
[3.07753367],[1.45854153],[3.13475775]
[3.02673447],[1.46247782],[3.11475279]
[3.07754956],[1.46492432],[3.12155691]
[3.04211721],[1.46790509],[3.10875549]
[3.12527642],[1.47095784],[3.13752747]
[3.07404025],[1.47327281],[3.1342479]
[3.14113662],[1.47371019],[3.15689144]
[3.09717295],[1.47425128],[3.14591214]
[3.16196968],[1.47492269],[3.1606904]
[3.09314895],[1.47369142],[3.13088554]
[3.16042573],[1.46992076],[3.14784379]
[3.11579455],[1.46397979],[3.12674939]
[3.15580349],[1.45923567],[3.10423356]
[3.18939455],[1.45911842],[3.22922109]
[3.15942365],[1.4508432],[3.10750518]
[3.18083646],[1.44688994],[3.19905038]
[3.14368411],[1.44201096],[3.08080597]
[3.12303784],[1.43721039],[3.06223364]
[3.11896808],[1.43228181],[3.04992673]
[3.10330552],[1.42838787],[3.02787186]
[3.11062479],[1.42548913],[3.03419262]
[3.11185412],[1.42361755],[3.03680882]
[3.10123353],[1.42198687],[3.02875882]
[3.0903823],[1.41993295],[3.02675859]
[3.0892596],[1.41359192],[3.01132835]
[3.07888496],[1.40253317],[2.99600585]
[3.05989522],[1.38849006],[2.96832933]
[3.04979666],[1.37554922],[2.94317745]
[3.03147015],[1.36248829],[2.90909802]
[3.00921147],[1.34935961],[2.86170776]
[2.98526199],[1.33555784],[2.81605999]
[2.95561763],[1.32278555],[2.75597949]
[2.93414129],[1.30963752],[2.70279173]
[2.91768742],[1.29027046],[2.64089032]
[2.86212704],[1.27388077],[2.54956565]
[2.82082447],[1.25622656],[2.47460587]
[3.98887767],[1.37493142],[3.80280658]
[1.87623861],[0.86315786],[0.94468702]
[0.48298498],[0.33111235],[0.13141071]
[1.5839058],[0.51418853],[0.52302896]
[1.79825984],[0.80355097],[0.95920584]
[1.84176648],[1.16843774],[1.90818194]
[2.28058969],[1.32807667],[2.36806065]
[2.35288495],[1.40831815],[2.59827826]
[2.66531281],[1.43205167],[2.93598701]
[2.8193841],[1.45044243],[3.08438524]
[2.94907635],[1.46383277],[3.23757149]
[3.06066101],[1.47421504],[3.313073]
[3.09224843],[1.4738621],[3.33528236]
[3.11396443],[1.46880408],[3.31126574]
[3.08153877],[1.46197313],[3.2655618]
[3.11410817],[1.45756091],[3.2420506]
[3.08462427],[1.45755674],[3.2118918]
[3.10342692],[1.45888297],[3.18713108]
[3.04847329],[1.46482546],[3.15223168]
[3.08971053],[1.47041107],[3.15708496]
[3.02856147],[1.47453426],[3.13005831]
[3.08927344],[1.47714953],[3.14300472]
[3.04762071],[1.48031413],[3.12466827]
[3.14457369],[1.48354812],[3.16204529]
[3.08606556],[1.48574183],[3.1568907]
[3.16841717],[1.48643076],[3.19322228]
[3.12090003],[1.48735501],[3.18345492]
[3.20037223],[1.48836178],[3.21388901]
[3.12321646],[1.48501894],[3.16960383]
[3.20322617],[1.48039737],[3.20286856]
[3.15291806],[1.47460971],[3.17954532]
[3.19671593],[1.47080538],[3.16529202]
[3.22357475],[1.47196543],[3.29380687]
[3.19838117],[1.46282283],[3.16606401]
[3.21373183],[1.45887145],[3.25937773]
[3.17980487],[1.45442889],[3.13657229]
[3.15678796],[1.45046594],[3.11674437]
[3.15186239],[1.44640153],[3.10438329]
[3.1343885],[1.44296201],[3.08055191]
[3.13975446],[1.44022915],[3.08972425]
[3.13937307],[1.4389502],[3.08514213]
[3.12807356],[1.43856415],[3.07993524]
[3.11357709],[1.43615719],[3.0755672]
[3.10342464],[1.432073],[3.05444196]
[3.08642908],[1.42183738],[3.03013236]
[3.06354745],[1.40766684],[2.99896921]
[3.05303431],[1.39457596],[2.97509653]
[3.04081975],[1.38134953],[2.94785594]
[3.02706143],[1.36805769],[2.91729306]
[3.00587828],[1.35272508],[2.87325237]
[2.97937106],[1.33859957],[2.81426228]
[2.95175829],[1.32508273],[2.75958308]
[2.92522405],[1.30813334],[2.69773729]
[2.88702826],[1.28838657],[2.60861827]
[2.86083757],[1.27339485],[2.53833894]
[4.13525701],[1.42672853],[4.00671539]
[2.11336191],[0.88291569],[1.07166849]
[0.81330726],[0.36573109],[0.21145849]
[1.62825934],[0.54318921],[0.56665614]
[1.85303316],[0.83159995],[1.01622407]
[1.8897006],[1.19162755],[2.02527137]
[2.2623879],[1.33087344],[2.41363963]
[2.36753955],[1.41087252],[2.66738995]
[2.65387341],[1.43168692],[2.95361673]
[2.84830005],[1.45178659],[3.1249006]
[2.98368964],[1.46515158],[3.28367235]
[3.10052936],[1.47593206],[3.35486604]
[3.12255498],[1.47366135],[3.35864542]
[3.14889782],[1.47238572],[3.33352419]
[3.10506897],[1.46591664],[3.28037368]
[3.14447515],[1.46239623],[3.26534124]
[3.09607798],[1.46387428],[3.21482712]
[3.11618073],[1.46569699],[3.19192051]
[3.0487846],[1.47180058],[3.14729483]
[3.0958181],[1.47753453],[3.15534736]
[3.02585203],[1.48146939],[3.12153835]
[3.13570745],[1.48415922],[3.17991285]
[3.11412883],[1.48742654],[3.18823011]
[3.21269097],[1.49076361],[3.23270672]
[3.14781871],[1.49275546],[3.21842106]
[3.23006347],[1.49238187],[3.24817645]
[3.17185672],[1.49305279],[3.22272058]
[3.25319201],[1.49407039],[3.25060411]
[3.1694814],[1.49025085],[3.20941183]
[3.2490591],[1.48555298],[3.24309925]
[3.19211829],[1.48000753],[3.21178356]
[3.24158513],[1.47611346],[3.20395514]
[3.25971532],[1.47888699],[3.33273972]
[3.2405319],[1.46811744],[3.20483393]
[3.2483302],[1.46414352],[3.2968238]
[3.2185093],[1.45967831],[3.17094464]
[3.19277381],[1.45569954],[3.15013101]
[3.18792916],[1.45019169],[3.12993671]
[3.1695725],[1.44724943],[3.10651861]
[3.17379911],[1.4446179],[3.11813367]
[3.17207362],[1.44676716],[3.12388326]
[3.16071244],[1.44642322],[3.12286673]
[3.1457533],[1.44511407],[3.11794121]
[3.13384171],[1.4432826],[3.09234678]
[3.10930121],[1.43390587],[3.05493534]
[3.08147429],[1.42143013],[3.02004599]
[3.07180628],[1.4088744],[2.99937715]
[3.05821348],[1.3960869],[2.9724417]
[3.04287866],[1.38248705],[2.94221239]
[3.02474533],[1.36697764],[2.90903069]
[3.01361359],[1.35173249],[2.85749042]
[2.98994376],[1.33763709],[2.80564139]
[2.95740122],[1.3216458],[2.74436714]
[2.92259317],[1.30124399],[2.66765922]
[2.90825133],[1.28914722],[2.6099517]
[4.27309285],[1.46090244],[4.25616667]
[2.21843068],[0.90173093],[1.17183021]
[1.0468161],[0.47693907],[0.28796674]
[1.43601546],[0.54798149],[0.4682885]
[1.67069351],[0.78431739],[0.89341242]
[1.86630737],[1.16431303],[1.92207461]
[2.28086039],[1.30898693],[2.28860013]
[2.39284277],[1.38965191],[2.52571278]
[2.66981389],[1.4113395],[2.80121923]
[2.87642323],[1.4307696],[2.95498893]
[3.01627491],[1.44483787],[3.12578646]
[3.14031911],[1.45535566],[3.17859336]
[3.15433738],[1.44890357],[3.19334539]
[3.18922488],[1.44470686],[3.15965431]
[3.13035252],[1.4378628],[3.10883535]
[3.17799624],[1.43589645],[3.09259176]
[3.11905395],[1.44006385],[3.05077085]
[3.14238305],[1.44159989],[3.02301939]
[3.06582027],[1.44738523],[2.99361084]
[3.14887648],[1.45355688],[3.01970236]
[3.12609924],[1.45701958],[3.048984]
[3.23460076],[1.45876794],[3.09872515]
[3.20628405],[1.46097522],[3.09946449]
[3.29771541],[1.46175358],[3.12443895]
[3.23232135],[1.45969569],[3.11150908]
[3.30872816],[1.45659013],[3.13006676]
[3.25035278],[1.45360499],[3.10699493]
[3.32725453],[1.44851814],[3.1126515]
[3.24876247],[1.44270482],[3.07734533]
[3.31720315],[1.43549425],[3.07590321]
[3.25416416],[1.42453145],[3.0375843]
[3.30744478],[1.41950974],[3.01821554]
[3.30255456],[1.4252071],[3.11688404]
[3.29655305],[1.40629241],[2.9834362]
[3.29042514],[1.39705432],[3.04224896]
[3.27123928],[1.39161343],[2.93024815]
[3.2423561],[1.38556081],[2.90183981]
[3.23490621],[1.37832953],[2.88092267]
[3.21651831],[1.37433616],[2.85509263]
[3.21776323],[1.37175557],[2.86246242]
[3.21566508],[1.37663373],[2.87276145]
[3.20384283],[1.37978553],[2.88151099]
[3.18817494],[1.38290167],[2.89466135]
[3.17514244],[1.3849479],[2.88129813]
[3.15123845],[1.37658082],[2.85632997]
[3.11035903],[1.36738627],[2.81150715]
[3.09881325],[1.35789571],[2.79000859]
[3.08635095],[1.34297987],[2.75178158]
[3.07082201],[1.33347316],[2.72303754]
[3.05257272],[1.32450962],[2.70073797]
[3.04018371],[1.31120943],[2.66571515]
[3.02712835],[1.29449276],[2.62451173]
[3.00407139],[1.27599132],[2.57002966]
[2.97723513],[1.25714996],[2.50525233]
[2.96802558],[1.22133685],[2.36932005]
[4.30161971],[1.47704116],[4.29330267]
[2.27635644],[0.8951786],[1.18662252]
[1.15363244],[0.41976005],[0.29247888]
[1.43327812],[0.55247343],[0.48524426]
[1.68931147],[0.79647017],[0.92295332]
[1.93913699],[1.18144311],[1.98629248]
[2.33595461],[1.32034637],[2.3635349]
[2.43956946],[1.39900021],[2.59752301]
[2.72028516],[1.4221895],[2.87656422]
[2.93344751],[1.44196927],[3.03382837]
[3.06766223],[1.45663433],[3.1949941]
[3.2034592],[1.46656419],[3.24571252]
[3.19875551],[1.46442723],[3.24727893]
[3.25734304],[1.46047605],[3.2245091]
[3.18761325],[1.45733189],[3.16695048]
[3.24513034],[1.45829401],[3.15771262]
[3.1789582],[1.46206216],[3.11257894]
[3.22061546],[1.46400451],[3.0888891]
[3.18098085],[1.46957681],[3.11009507]
[3.29555979],[1.47508665],[3.16893519]
[3.25689145],[1.47832998],[3.18740166]
[3.35565979],[1.48000017],[3.23954976]
[3.31921604],[1.48080545],[3.23467341]
[3.40675244],[1.48090594],[3.26441637]
[3.3367165],[1.47655636],[3.24641412]
[3.41655776],[1.47289434],[3.26960836]
[3.35202695],[1.46697131],[3.24084893]
[3.43681287],[1.46134135],[3.24795505]
[3.34964976],[1.45552008],[3.20676649]
[3.4210126],[1.44845838],[3.20561979]
[3.3490756],[1.43738028],[3.16477721]
[3.4131516],[1.42850198],[3.12902721]
[3.37232605],[1.43512744],[3.18578083]
[3.39510825],[1.41498078],[3.06129206]
[3.35635253],[1.40888586],[3.11616419]
[3.35646271],[1.40329276],[3.00704982]
[3.3227773],[1.39712701],[2.97414716]
[3.31276252],[1.39036194],[2.95286179]
[3.29472021],[1.38624568],[2.92926484]
[3.29079118],[1.38700482],[2.93896948]
[3.28703107],[1.39177703],[2.95177798]
[3.27461412],[1.39500684],[2.96054646]
[3.25756279],[1.39820292],[2.97067405]
[3.24333271],[1.40015792],[2.95389878]
[3.22285913],[1.38987369],[2.91687311]
[3.18398033],[1.38151246],[2.8737843]
[3.16260676],[1.37192156],[2.84233557]
[3.14245954],[1.36048145],[2.80691208]
[3.12580681],[1.3509141],[2.77885963]
[3.10665406],[1.34191317],[2.75740672]
[3.09398617],[1.33086754],[2.72581479]
[3.08186861],[1.31421811],[2.69228324]
[3.06432376],[1.2983038],[2.64968496]
[3.04438013],[1.28063374],[2.59271223]
[3.03711872],[1.26193789],[2.54169161]
[4.23479847],[1.49075074],[4.330216]
[2.29075948],[0.92146312],[1.20971922]
[1.2199277],[0.42828781],[0.31648232]
[1.4285652],[0.5652483],[0.5069176]
[1.70015896],[0.80656697],[0.94939234]
[1.96572047],[1.17765739],[1.99814521]
[2.35253455],[1.31922828],[2.3971258]
[2.46316298],[1.40007718],[2.64115068]
[2.71423554],[1.427189],[2.90418127]
[2.94997329],[1.44799459],[3.0657238]
[3.08459249],[1.46410827],[3.21684798]
[3.23083025],[1.4707102],[3.26366949]
[3.21754445],[1.4693567],[3.26107544]
[3.28768859],[1.46906286],[3.24305539]
[3.20780293],[1.4673277],[3.17797697]
[3.27398757],[1.46850489],[3.17193615]
[3.19443136],[1.47234631],[3.11713916]
[3.28628826],[1.47474056],[3.15972599]
[3.25856542],[1.48060769],[3.20810381]
[3.35976996],[1.48604176],[3.27295158]
[3.32013524],[1.48899936],[3.28616002]
[3.41230589],[1.49006817],[3.34668896]
[3.37465157],[1.48874623],[3.33774829]
[3.46564091],[1.48599038],[3.37346713]
[3.38819168],[1.48095399],[3.35017721]
[3.47558532],[1.47787949],[3.38401049]
[3.4015725],[1.47252842],[3.34689562]
[3.49440044],[1.46734334],[3.36345881]
[3.39852655],[1.45917948],[3.3089328]
[3.47992737],[1.45316167],[3.30843607]
[3.39557505],[1.44220313],[3.25621443]
[3.47231754],[1.43634325],[3.24367112]
[3.42312022],[1.44119001],[3.24418805]
[3.45897218],[1.42047331],[3.1608258]
[3.39578288],[1.41320671],[3.1618162]
[3.40859769],[1.40648191],[3.05936143]
[3.36671206],[1.3998854],[3.00700434]
[3.35505987],[1.39302433],[2.98489001]
[3.33629694],[1.38885044],[2.96405187]
[3.33036225],[1.39302101],[2.97755603]
[3.32513252],[1.39790711],[2.99143145]
[3.31394062],[1.39725685],[2.98804734]
[3.29526489],[1.4005064],[2.99513189]
[3.27972495],[1.40225552],[2.9773999]
[3.25854164],[1.3969392],[2.95082679]
[3.21909931],[1.38865377],[2.90567691]
[3.19656861],[1.37992368],[2.87375861]
[3.17038285],[1.36891551],[2.83021285]
[3.14911037],[1.35915358],[2.79489684]
[3.12953945],[1.34984589],[2.77271612]
[3.11708853],[1.34005344],[2.74191629]
[3.10539892],[1.32380795],[2.70794799]
[3.0855996],[1.30780465],[2.66886362]
[3.07296757],[1.28919721],[2.61087969]
[3.05943652],[1.27169638],[2.56924152]
[4.07107706],[1.51405387],[4.28058906]
[2.24074714],[0.94196637],[1.17597637]
[1.21745715],[0.39695679],[0.24782627]
[1.1704577],[0.4981061],[0.36292382]
[1.40423549],[0.74494864],[0.78019611]
[1.99782343],[1.13120013],[1.81103083]
[2.36980109],[1.29476687],[2.24377418]
[2.49062867],[1.37745262],[2.50942471]
[2.70818864],[1.40714441],[2.74037117]
[2.96130986],[1.42662229],[2.87901673]
[3.10274076],[1.44117726],[3.00868142]
[3.26074505],[1.44486975],[3.04672081]
[3.24331578],[1.43487262],[3.04620704]
[3.32942991],[1.42720677],[3.01080688]
[3.24144392],[1.42306716],[2.95754395]
[3.32273005],[1.42151046],[2.94458922]
[3.27058011],[1.41726256],[2.94490853]
[3.36961821],[1.41477571],[2.985736]
[3.32961453],[1.41261648],[3.00854407]
[3.42081256],[1.41025437],[3.05523087]
[3.38027825],[1.40611957],[3.06442527]
[3.48075509],[1.40431624],[3.11106527]
[3.42847139],[1.39991447],[3.10116403]
[3.5324942],[1.3953356],[3.12573066]
[3.44734067],[1.38802062],[3.11022135]
[3.54035154],[1.37960431],[3.12131614]
[3.46436168],[1.37177259],[3.08121337]
[3.55864115],[1.3641285],[3.07912016]
[3.46139739],[1.35665075],[3.03660601]
[3.54440895],[1.34939967],[3.00452504]
[3.45795025],[1.30507792],[2.95470146]
[3.53452655],[1.28499488],[2.89355549]
[3.49476071],[1.32562535],[2.90562767]
[3.52478173],[1.23500539],[2.78665614]
[3.46717896],[1.21559376],[2.74286427]
[3.47842298],[1.19929487],[2.67498806]
[3.42052022],[1.1821434],[2.60432106]
[3.40186229],[1.16272075],[2.55890027]
[3.38666458],[1.14286583],[2.52800801]
[3.37885556],[1.15770554],[2.53548154]
[3.37134757],[1.17080448],[2.55312106]
[3.35849108],[1.18400089],[2.56831194]
[3.33870789],[1.19965553],[2.58606539]
[3.32226223],[1.21291495],[2.57095302]
[3.3012585],[1.21501811],[2.54456676]
[3.26443603],[1.19819201],[2.49780234]
[3.24042506],[1.18030398],[2.44784958]
[3.21414599],[1.15853015],[2.39599965]
[3.18557934],[1.14147792],[2.34678243]
[3.15897455],[1.12553871],[2.31757613]
[3.14718451],[1.10015129],[2.25682928]
[3.13534176],[1.08102234],[2.22640242]
[3.1165239],[1.0666649],[2.19577613]
[3.10700279],[1.05752693],[2.15926713]
[3.09603786],[1.04726237],[2.12450252]
[3.57481242],[1.51719392],[4.05841749]
[2.07299585],[0.94482264],[1.03164041]
[0.28993998],[0.14543591],[0.02131723]
[1.18608263],[0.50532121],[0.37318215]
[1.43539048],[0.76659702],[0.82715315]
[2.10934652],[1.14456655],[1.87455425]
[2.41001609],[1.30293249],[2.30190873]
[2.52966925],[1.38821892],[2.56781267]
[2.73589154],[1.41982624],[2.78725738]
[3.00240594],[1.43844856],[2.92165949]
[3.15240049],[1.44799345],[3.04860996]
[3.32627126],[1.45363071],[3.08773606]
[3.29485363],[1.45309468],[3.09008022]
[3.4190892],[1.44929445],[3.08052605]
[3.32656758],[1.44644235],[3.03539821]
[3.43648473],[1.44534809],[3.08297858]
[3.38718691],[1.43887186],[3.09880406]
[3.4808858],[1.43748255],[3.1538161]
[3.42215176],[1.43461968],[3.16615635]
[3.53476952],[1.43041444],[3.21890891]
[3.47999303],[1.42487425],[3.21770542]
[3.59397808],[1.42178291],[3.26394749]
[3.54740773],[1.4128095],[3.23357837]
[3.63926859],[1.40769697],[3.25727997]
[3.56587054],[1.40022004],[3.23394301]
[3.64396081],[1.39581969],[3.25687704]
[3.57972032],[1.38797498],[3.21262209]
[3.69298128],[1.3803071],[3.2210241]
[3.57830077],[1.37287794],[3.16715936]
[3.69762419],[1.3660828],[3.14929964]
[3.58505298],[1.32792026],[3.08910576]
[3.718809],[1.30814492],[3.0560651]
[3.68976672],[1.34598881],[3.05526359]
[3.72639145],[1.2591798],[2.95636203]
[3.67143949],[1.24018804],[2.88713518]
[3.67693954],[1.21324558],[2.81345045]
[3.61449409],[1.19832296],[2.72958738]
[3.57515114],[1.18048224],[2.68571156]
[3.53128984],[1.17754951],[2.66982533]
[3.50369277],[1.18695391],[2.67021379]
[3.4868512],[1.19329704],[2.67812556]
[3.45598061],[1.20512997],[2.68469607]
[3.40800903],[1.22033786],[2.68630132]
[3.39179941],[1.2329592],[2.66651335]
[3.37114481],[1.23968171],[2.63805698]
[3.33900185],[1.2232801],[2.59082559]
[3.31167713],[1.20570929],[2.53806219]
[3.28681962],[1.17421714],[2.46854684]
[3.25827353],[1.15842907],[2.42090995]
[3.22538709],[1.14346971],[2.38264421]
[3.20474988],[1.12753078],[2.33390502]
[3.19148106],[1.10855745],[2.30558326]
[3.17114363],[1.09446964],[2.28106338]
[3.16361202],[1.08504128],[2.24377328]
[3.15615251],[1.07397515],[2.21433585]
[3.59831441],[1.53573478],[4.17870257]
[1.99504789],[0.9783197],[1.06503959]
[0.39537131],[0.18099024],[0.03458919]
[1.20927111],[0.51531191],[0.39827791]
[1.48054345],[0.78965472],[0.87269613]
[2.13771371],[1.14116501],[1.91258274]
[2.42502208],[1.30224561],[2.34249505]
[2.54763912],[1.39063226],[2.59063968]
[2.72575888],[1.42545787],[2.79422238]
[3.02632805],[1.44360399],[2.94446148]
[3.18667205],[1.45342346],[3.08962085]
[3.3675742],[1.4603282],[3.13307808]
[3.33181148],[1.46190473],[3.13500277]
[3.47104107],[1.46255294],[3.14467933]
[3.3966742],[1.45975029],[3.16058608]
[3.49116371],[1.45876005],[3.22800832]
[3.43939815],[1.45177793],[3.25423591]
[3.53613701],[1.45105005],[3.31838089]
[3.47161156],[1.44849242],[3.32991597]
[3.59704436],[1.44095566],[3.36915424]
[3.54792079],[1.43563781],[3.35975457]
[3.70426135],[1.43274527],[3.42320262]
[3.62470221],[1.42704046],[3.38183717]
[3.78171486],[1.42040856],[3.44177808]
[3.68222034],[1.41155984],[3.38857441]
[3.80394553],[1.40676703],[3.44396351]
[3.72485167],[1.39911972],[3.38125139]
[3.83237966],[1.39302176],[3.41985574]
[3.75028543],[1.38809569],[3.37550802]
[3.8438695],[1.38383356],[3.38989311]
[3.79982964],[1.35174015],[3.35287959]
[3.8740589],[1.33157376],[3.31450886]
[3.88559091],[1.34537432],[3.28042389]
[3.89339955],[1.26251831],[3.16577281]
[3.86812235],[1.24379358],[3.06883997]
[3.83491517],[1.22844193],[2.9871797]
[3.78922196],[1.2127667],[2.8819906]
[3.73344507],[1.1939848],[2.82888559]
[3.69479549],[1.19796631],[2.81222067]
[3.67165731],[1.20790262],[2.80560296]
[3.65782383],[1.21404044],[2.8109818]
[3.63838456],[1.22115975],[2.8108322]
[3.58583118],[1.23044107],[2.79451633]
[3.52844486],[1.2408151],[2.75291521]
[3.45260098],[1.23799769],[2.69318956]
[3.38577036],[1.22205162],[2.64280313]
[3.35643619],[1.203086],[2.57903867]
[3.32826759],[1.18167181],[2.52149469]
[3.29656742],[1.16541367],[2.46568715]
[3.26239774],[1.15071737],[2.42836777]
[3.2373072],[1.13533528],[2.37503289]
[3.21873757],[1.11598803],[2.33803997]
[3.19912455],[1.10256643],[2.31866802]
[3.19576879],[1.09593711],[2.28978383]
[3.18619588],[1.08428958],[2.26488122]
[3.6418058],[1.60484081],[4.21285446]
[1.87254787],[0.99323538],[1.02413135]
[0.46962619],[0.20365983],[0.05208683]
[1.24692186],[0.54089448],[0.4367184]
[1.51924048],[0.81080447],[0.90883653]
[2.15227103],[1.14045012],[1.93618632]
[2.44254892],[1.29902562],[2.37604456]
[2.56837792],[1.39293025],[2.62603828]
[2.73911819],[1.43026536],[2.82705632]
[3.05606057],[1.44689288],[2.98373059]
[3.22392578],[1.45727474],[3.13312]
[3.41214076],[1.46396187],[3.18079288]
[3.37892905],[1.4652924],[3.20240913]
[3.52057447],[1.46682535],[3.26403838]
[3.44661452],[1.46736317],[3.3060141]
[3.54055972],[1.46819149],[3.3820615]
[3.49076249],[1.45880979],[3.39127759]
[3.59259744],[1.46001973],[3.45083994]
[3.53647957],[1.45947377],[3.45049083]
[3.75455487],[1.45730875],[3.56203311]
[3.71340243],[1.45465701],[3.56092558]
[3.87271323],[1.45417554],[3.67559272]
[3.85467016],[1.45134984],[3.66269589]
[3.94966277],[1.4473201],[3.74287758]
[3.92087928],[1.44175894],[3.72980269]
[3.98391706],[1.43898155],[3.79281688]
[3.96487285],[1.43295042],[3.75443274]
[4.01925174],[1.42696674],[3.77972912]
[4.0002943],[1.42178747],[3.75393949]
[4.03409431],[1.41315722],[3.74284831]
[4.02238439],[1.391548],[3.70717952]
[4.0463179],[1.3720737],[3.66660224]
[4.07082007],[1.39052398],[3.65687306]
[4.05906649],[1.31377054],[3.53403308]
[4.06079636],[1.29012551],[3.4239994]
[4.01897833],[1.26940776],[3.32710152]
[4.00381814],[1.24904848],[3.21051714]
[3.95563246],[1.2239198],[3.13497059]
[3.9200822],[1.229936],[3.0947753]
[3.89197463],[1.22409061],[3.03499026]
[3.86716961],[1.22315788],[3.00759886]
[3.84308648],[1.22914238],[2.98262606]
[3.77944536],[1.2392593],[2.93406305]
[3.70492684],[1.24523776],[2.85695882]
[3.64452957],[1.24603218],[2.79814325]
[3.54831518],[1.2333311],[2.72386688]
[3.40182234],[1.2134389],[2.63910241]
[3.37540499],[1.18965841],[2.58091324]
[3.34517633],[1.17149187],[2.52381093]
[3.30875236],[1.15501547],[2.48065118]
[3.28041508],[1.13886867],[2.41914618]
[3.25212353],[1.11977895],[2.37351353]
[3.22881672],[1.11016111],[2.36609015]
[3.22363377],[1.10325732],[2.35213704]
[3.21447919],[1.09976312],[2.33534415]
[3.67321299],[1.65047118],[4.31347129]
[1.83039121],[1.01377282],[1.03530617]
[0.4712899],[0.22583938],[0.04477848]
[0.9359361],[0.37206015],[0.17161349]
[1.19272313],[0.72914136],[0.68805882]
[2.15366422],[1.0815835],[1.72731366]
[2.46273035],[1.23921218],[2.199142]
[2.59432878],[1.32972734],[2.42379258]
[2.75710968],[1.36719468],[2.62289918]
[3.0884898],[1.38134008],[2.7756289]
[3.26251551],[1.39238201],[2.92158725]
[3.46455641],[1.39839009],[2.98983488]
[3.43702497],[1.39634183],[3.06494784]
[3.56829022],[1.39151352],[3.12782814]
[3.5049426],[1.38956828],[3.16560424]
[3.61051026],[1.39583418],[3.24259646]
[3.57256738],[1.39381461],[3.28260486]
[3.76324709],[1.39619218],[3.40566729]
[3.80402118],[1.3941098],[3.46069292]
[3.98029061],[1.38968198],[3.59871908]
[3.99593493],[1.36802442],[3.61344958]
[4.06765992],[1.35265355],[3.67940864]
[4.07678727],[1.32846032],[3.67666054]
[4.1126879],[1.30717748],[3.66470348]
[4.11105667],[1.28599053],[3.67493108]
[4.13120182],[1.27547507],[3.6697201]
[4.13433264],[1.2593816],[3.65651474]
[4.1529809],[1.24593014],[3.62575275]
[4.15871626],[1.2342122],[3.63523131]
[4.16565943],[1.23369705],[3.59037344]
[4.18136817],[1.2108661],[3.58686337]
[4.19339736],[1.20676198],[3.53591987]
[4.2852643],[1.18085765],[3.5114385]
[4.23085043],[1.15559205],[3.43498872]
[4.3378873],[1.12325189],[3.36978945]
[4.20501857],[1.10439166],[3.2733685]
[4.22238606],[1.08860448],[3.19829114]
[4.14147754],[1.07569915],[3.13230323]
[4.09900796],[1.07701013],[3.08875161]
[4.06582296],[1.07801671],[3.04352532]
[4.04192919],[1.07435803],[3.00138325]
[4.018153],[1.07008557],[2.95194186]
[3.97376835],[1.06551867],[2.87303693]
[3.92940571],[1.05853885],[2.77107197]
[3.87776142],[1.05278133],[2.66247531]
[3.80437072],[1.04333448],[2.54352302]
[3.66562667],[1.02900241],[2.41075941]
[3.45746712],[1.01514396],[2.31020266]
[3.39386918],[1.00340525],[2.26139806]
[3.36052737],[0.99188041],[2.21637201]
[3.33449996],[0.98211042],[2.16831505]
[3.3086826],[0.97485444],[2.12567415]
[3.28069749],[0.9791484],[2.10351782]
[3.26407904],[0.98313459],[2.08555832]
[3.25263765],[0.98489226],[2.07992058]
[3.52580413],[1.68585386],[4.35004508]
[1.73481521],[1.00418989],[0.96705668]
[0.],[0.],[0.]
[1.03971593],[0.43770515],[0.2573568]
[1.24406952],[0.75397596],[0.73873993]
[2.19006878],[1.0973234],[1.80054683]
[2.49310812],[1.26289681],[2.28039531]
[2.62562827],[1.35965117],[2.53457433]
[2.80891101],[1.39918601],[2.7415339]
[3.13792339],[1.41490149],[2.90685492]
[3.32645078],[1.42782416],[3.09355796]
[3.51111556],[1.43361715],[3.20231109]
[3.492296],[1.43981275],[3.30667252]
[3.61810473],[1.44218116],[3.38873345]
[3.57151127],[1.44723448],[3.46255]
[3.70619037],[1.45407878],[3.58379458]
[3.76000873],[1.45163911],[3.66618382]
[3.95867907],[1.45377401],[3.83718829]
[4.00574576],[1.45246159],[3.89293665]
[4.10290063],[1.44891016],[3.99879105]
[4.13803129],[1.44509191],[4.01766969]
[4.17104403],[1.44414703],[4.08482156]
[4.18948136],[1.43979319],[4.0882448]
[4.20902274],[1.42196983],[4.10766589]
[4.23976502],[1.39669094],[4.11799368]
[4.25242041],[1.38517121],[4.10314596]
[4.29006061],[1.36634365],[4.11238594]
[4.33511582],[1.35013337],[4.05813295]
[4.38672922],[1.33779742],[4.10103099]
[4.41213507],[1.33240662],[4.00356205]
[4.45642683],[1.30856946],[4.0204862]
[4.47198715],[1.30496305],[3.96174845]
[4.56356911],[1.27243968],[3.98045495]
[4.5361223],[1.25218169],[3.88208551]
[4.60696843],[1.21478814],[3.81949245]
[4.53635456],[1.1977894],[3.71748463]
[4.54581469],[1.1845028],[3.65325781]
[4.45873561],[1.1737317],[3.57188825]
[4.39471918],[1.17708667],[3.52114787]
[4.34028566],[1.17600424],[3.4666168]
[4.28274881],[1.17076401],[3.41618089]
[4.23340057],[1.16515147],[3.36065959]
[4.16954888],[1.16098046],[3.27658266]
[4.09431488],[1.15308066],[3.15395183]
[4.02777641],[1.14140448],[3.03960467]
[3.97850035],[1.12710054],[2.90548412]
[3.91248815],[1.10260505],[2.75302524]
[3.80805006],[1.07896791],[2.61394697]
[3.64931977],[1.06459642],[2.48619057]
[3.42503074],[1.05061825],[2.39653877]
[3.3958215],[1.04118609],[2.34818177]
[3.37524087],[1.03290967],[2.30652383]
[3.35287193],[1.03586324],[2.2875307]
[3.34353388],[1.04082666],[2.27139552]
[3.32842921],[1.03404332],[2.23367984]
[3.62098663],[1.71629867],[4.54455562]
[1.83918691],[1.02194634],[1.06097663]
[0.04790254],[0.06577879],[0.00146608]
[1.10028619],[0.47876046],[0.31753139]
[1.33666867],[0.79275987],[0.81337614]
[2.17994742],[1.09590555],[1.82872143]
[2.49856236],[1.27275885],[2.32292149]
[2.63694753],[1.37424193],[2.59063392]
[2.81232856],[1.41663373],[2.80106296]
[3.14567408],[1.43194729],[2.97852059]
[3.35104177],[1.4494859],[3.20270804]
[3.53892846],[1.46061047],[3.36546089]
[3.52371874],[1.4706282],[3.51453711]
[3.66582957],[1.47842398],[3.63803911]
[3.65583517],[1.48512141],[3.73234948]
[3.86094758],[1.49199235],[3.90715895]
[3.91623793],[1.49287412],[3.98864666]
[4.06136731],[1.49603643],[4.14444808]
[4.10938053],[1.49517446],[4.19333643]
[4.18231945],[1.49207946],[4.28544428]
[4.21936223],[1.48900957],[4.31501378]
[4.2655602],[1.49370204],[4.38868676]
[4.33696298],[1.496699],[4.41946297]
[4.38999767],[1.49204472],[4.45429497]
[4.44289396],[1.48685776],[4.48113726]
[4.46878281],[1.48545559],[4.51823921]
[4.51196647],[1.44468472],[4.48992793]
[4.55397512],[1.42632376],[4.46356102]
[4.59160115],[1.41156558],[4.5182581]
[4.61818619],[1.42413569],[4.45389472]
[4.64468823],[1.39735564],[4.48275654]
[4.65306451],[1.39898977],[4.40611568]
[4.70864741],[1.36569664],[4.41550404]
[4.68936157],[1.3472113],[4.30796767]
[4.73409643],[1.3088252],[4.22470461]
[4.69661133],[1.28439683],[4.11055565]
[4.69312872],[1.26349341],[4.0244509]
[4.63516628],[1.24468434],[3.93894373]
[4.58525295],[1.24020355],[3.88772742]
[4.54241576],[1.23945459],[3.82743703]
[4.49758988],[1.23492609],[3.7713741]
[4.45760039],[1.22954684],[3.70449023]
[4.35491711],[1.22564873],[3.6020409]
[4.23748421],[1.21983815],[3.47560361]
[4.16680918],[1.20909731],[3.35868433]
[4.08153169],[1.19801763],[3.22427144]
[4.01136989],[1.17045427],[3.07177751]
[3.93925184],[1.14356909],[2.92178554]
[3.83971087],[1.12295126],[2.7748412]
[3.67727067],[1.10517618],[2.64236897]
[3.48121905],[1.08935737],[2.53559855]
[3.43366572],[1.06881306],[2.4700154]
[3.40872106],[1.07250821],[2.44998173]
[3.38166049],[1.07378203],[2.41805096]
[3.36276173],[1.07439675],[2.39513747]
[3.76100638],[1.78671563],[4.78651779]
[1.89798433],[1.02992083],[1.1198986]
[0.29661145],[0.18624885],[0.0329841]
[1.20209074],[0.53532979],[0.42031509]
[1.43291533],[0.82868549],[0.88806196]
[2.17803111],[1.09069937],[1.85096661]
[2.50822154],[1.28222021],[2.36486949]
[2.65107777],[1.38599611],[2.65103957]
[2.82460252],[1.42965908],[2.85982802]
[3.16075783],[1.44968272],[3.05525257]
[3.38176222],[1.47436177],[3.33874866]
[3.57399547],[1.48880382],[3.55326931]
[3.5950561],[1.50019133],[3.73758271]
[3.75579688],[1.51033218],[3.88284206]
[3.77550787],[1.51825014],[3.98514095]
[3.99602021],[1.52769465],[4.18654095]
[4.04984944],[1.52967559],[4.26829582]
[4.16178574],[1.5318934],[4.41594547]
[4.21136402],[1.53150526],[4.47230652]
[4.27084984],[1.5312866],[4.55577038]
[4.38374505],[1.53520497],[4.6151533]
[4.46431576],[1.54146669],[4.69693177]
[4.55493461],[1.54538468],[4.75135205]
[4.6037856],[1.53278253],[4.77437961]
[4.63977699],[1.52801345],[4.8119255]
[4.66604352],[1.52693594],[4.85755211]
[4.69832632],[1.5217858],[4.88096762]
[4.73529834],[1.51601223],[4.89497184]
[4.76186157],[1.50351365],[4.92414521]
[4.79102678],[1.49074461],[4.88919686]
[4.80308458],[1.47229379],[4.91570103]
[4.81122018],[1.47298029],[4.83337011]
[4.84526952],[1.44232983],[4.84669523]
[4.8425638],[1.4202535],[4.72999385]
[4.86555472],[1.38025055],[4.62409165]
[4.880423],[1.35807986],[4.51531146]
[4.83790071],[1.33695334],[4.40808023]
[4.79279724],[1.3209253],[4.32011788]
[4.73768371],[1.31151261],[4.27444403]
[4.70262196],[1.30995839],[4.21450244]
[4.66989077],[1.30445328],[4.16896844]
[4.64426546],[1.30384799],[4.11966134]
[4.57359905],[1.30548987],[4.03855123]
[4.49682536],[1.3029663],[3.91610472]
[4.41546003],[1.29539773],[3.77976901]
[4.30192948],[1.29053629],[3.63013097]
[4.22116474],[1.25810439],[3.46714901]
[4.11804609],[1.22738785],[3.30253133]
[4.01870079],[1.1863876],[3.11533627]
[3.91675537],[1.16368664],[2.96458388]
[3.79232952],[1.1443084],[2.81944701]
[3.6331301],[1.1340418],[2.71598048]
[3.48349179],[1.13392452],[2.6636709]
[3.44683844],[1.13057725],[2.61944794]
[3.42068878],[1.12491036],[2.58441021]
[3.8675175],[1.82697536],[5.03967065]
[1.92222279],[1.04093717],[1.18819412]
[0.43666502],[0.27154766],[0.05298868]
[0.88604105],[0.36975608],[0.16136203]
[1.13391336],[0.73274839],[0.67051135]
[2.16773696],[1.01917628],[1.62837907]
[2.51753301],[1.22148779],[2.17918878]
[2.66648974],[1.32911728],[2.46372843]
[2.8476844],[1.37694725],[2.68921377]
[3.20172936],[1.39957841],[2.90311407]
[3.42388521],[1.42423439],[3.22063609]
[3.65859663],[1.43532824],[3.46717363]
[3.69243603],[1.43964889],[3.65862131]
[3.90108469],[1.44617429],[3.82767818]
[3.94558959],[1.45661333],[3.92741865]
[4.10513585],[1.4648179],[4.0898723]
[4.16251604],[1.46312601],[4.17700381]
[4.24685353],[1.46499531],[4.29750198]
[4.29734971],[1.46649513],[4.3659774]
[4.42891747],[1.4569144],[4.44611766]
[4.57981852],[1.41794128],[4.48972072]
[4.65274354],[1.42560189],[4.54074475]
[4.71992113],[1.41783232],[4.62375971]
[4.76827203],[1.44649278],[4.62308305]
[4.79427499],[1.43127055],[4.70004485]
[4.82108559],[1.45249972],[4.70295323]
[4.84257053],[1.43313114],[4.75783887]
[4.87729874],[1.451967],[4.74124971]
[4.89550434],[1.43153362],[4.81154518]
[4.9338394],[1.44845141],[4.78660529]
[4.92823215],[1.43018593],[4.8334219]
[4.98120533],[1.43747143],[4.80547344]
[5.00481431],[1.41229547],[4.82855262]
[5.0420096],[1.39828281],[4.79177547]
[5.04795296],[1.3688363],[4.71250432]
[5.10594677],[1.35424189],[4.65380161]
[5.0648979],[1.34038681],[4.56649295]
[5.04614717],[1.33031618],[4.48766116]
[4.97635645],[1.32136504],[4.43084314]
[4.93893204],[1.31184699],[4.36389551]
[4.90428959],[1.30231569],[4.30203831]
[4.86699216],[1.28172205],[4.22431637]
[4.79211732],[1.25570362],[4.12164493]
[4.71156961],[1.2271516],[3.98711577]
[4.65490892],[1.19960237],[3.84800124]
[4.57973313],[1.16465113],[3.66054882]
[4.5068247],[1.13854003],[3.48232806]
[4.40067844],[1.11267155],[3.32048833]
[4.22185127],[1.09373564],[3.15166741]
[4.08403916],[1.0750396],[2.99194896]
[4.01118908],[1.05810775],[2.84963535]
[3.91814005],[1.05364712],[2.73084396]
[3.7938093],[1.05424497],[2.63046496]
[3.63655373],[1.05077228],[2.52636332]
[3.53991272],[1.04435403],[2.47208958]
[3.75794283],[1.84636353],[5.08037353]
[1.88652034],[1.037127],[1.17639347]
[0.11485304],[0.11836123],[0.00469712]
[1.06402292],[0.45225125],[0.29277251]
[1.26509353],[0.79287249],[0.78272388]
[2.22260934],[1.05290237],[1.74909537]
[2.56469192],[1.2713823],[2.32512644]
[2.7064813],[1.37826863],[2.62976743]
[2.91721678],[1.42551692],[2.86788174]
[3.31380695],[1.44797304],[3.14329191]
[3.51832002],[1.47078395],[3.4867568]
[3.7667579],[1.48493006],[3.74969841]
[3.80229723],[1.49116999],[3.93025191]
[4.04358251],[1.49749179],[4.13491256]
[4.09414277],[1.50650545],[4.23603615]
[4.20993453],[1.51184555],[4.38902943]
[4.2664269],[1.51607419],[4.49381513]
[4.32615747],[1.51113432],[4.57527406]
[4.4646645],[1.51024018],[4.67123188]
[4.63477168],[1.510724],[4.80276158]
[4.74473577],[1.51239794],[4.89753507]
[4.80894456],[1.51033719],[4.97921112]
[4.85922807],[1.50824181],[5.04843532]
[4.90260916],[1.51158033],[5.06485195]
[4.9222082],[1.50102295],[5.14569275]
[4.95979448],[1.52127663],[5.17798483]
[4.96926957],[1.51393804],[5.27966574]
[5.04751622],[1.53151103],[5.2846559]
[5.0548828],[1.51652489],[5.39377019]
[5.14675985],[1.53407062],[5.38752736]
[5.13773185],[1.52038387],[5.47031962]
[5.22638545],[1.5284322],[5.45250891]
[5.25617917],[1.50698298],[5.48630819]
[5.37257306],[1.49506369],[5.49896514]
[5.39001861],[1.46604123],[5.42608004]
[5.46929291],[1.45146758],[5.42124877]
[5.48142256],[1.43612808],[5.31863785]
[5.44629344],[1.42848466],[5.23502309]
[5.35731332],[1.42098127],[5.1345088]
[5.27561942],[1.41176237],[5.03534803]
[5.21902231],[1.4027997],[4.95064026]
[5.15860511],[1.37762363],[4.84873303]
[5.05868504],[1.3424229],[4.68633852]
[4.97322718],[1.30989587],[4.51072135]
[4.8919677],[1.28150216],[4.36034782]
[4.80272737],[1.25107222],[4.18047224]
[4.73276539],[1.2262571],[3.97985147]
[4.67204101],[1.19702263],[3.78449106]
[4.54884404],[1.17556285],[3.59244274]
[4.34464295],[1.15673571],[3.40940388]
[4.18602635],[1.13893252],[3.24195196]
[4.12108989],[1.13087014],[3.12458505]
[4.05250976],[1.12984641],[3.02343849]
[3.96615782],[1.12540396],[2.9099741]
[3.86290149],[1.11631383],[2.80760773]
[3.92214069],[1.88556638],[5.38198464]
[1.9204896],[1.071521],[1.31932592]
[0.24713248],[0.25178904],[0.0354294]
[1.18200889],[0.52304385],[0.41244978]
[1.39761939],[0.83777752],[0.87867833]
[2.23131926],[1.08588833],[1.83185845]
[2.58726713],[1.30875215],[2.44865065]
[2.73464758],[1.41639451],[2.77057738]
[2.99607363],[1.46196089],[3.03467082]
[3.39666553],[1.48503311],[3.38369988]
[3.58747575],[1.51065596],[3.74366604]
[3.87835393],[1.52840127],[4.05974795]
[3.98673489],[1.53661796],[4.2557193]
[4.17330991],[1.54358646],[4.45790507]
[4.22493906],[1.54896705],[4.55279424]
[4.31451394],[1.56239358],[4.70718449]
[4.36476417],[1.57107481],[4.82956549]
[4.46203377],[1.57452943],[4.96440526]
[4.66604248],[1.57593272],[5.12644107]
[4.81735662],[1.58463018],[5.29137725]
[4.90297353],[1.60796089],[5.40078972]
[4.96708334],[1.63158096],[5.5023335]
[5.00831231],[1.6537458],[5.60745984]
[5.11297154],[1.6580293],[5.71697436]
[5.11984256],[1.66477834],[5.82577422]
[5.21606232],[1.67448491],[5.93257681]
[5.21177523],[1.67740861],[6.03532509]
[5.35694105],[1.66969656],[6.09700188]
[5.34273171],[1.66832925],[6.19148092]
[5.51531029],[1.66809136],[6.25915508]
[5.50231866],[1.65525018],[6.33460926]
[5.60944425],[1.64456579],[6.38136918]
[5.66877304],[1.63174615],[6.46691552]
[5.72746987],[1.61600619],[6.46644069]
[5.80831217],[1.58896632],[6.44834314]
[5.841025],[1.56923521],[6.40295329]
[5.94628827],[1.54956763],[6.30958818]
[5.91288231],[1.53931985],[6.18183745]
[5.87184883],[1.53168988],[6.07385089]
[5.75378434],[1.51482351],[5.90037552]
[5.67743439],[1.50423675],[5.77718377]
[5.60561007],[1.47935565],[5.63786041]
[5.48017487],[1.45499486],[5.45778102]
[5.3193724],[1.42279756],[5.22285029]
[5.15379052],[1.38881375],[5.00007125]
[5.05731471],[1.35435397],[4.78929301]
[4.97571761],[1.32695129],[4.54139842]
[4.89611274],[1.29380893],[4.3178245]
[4.78730134],[1.25504989],[4.08976932]
[4.63489512],[1.23211525],[3.87461226]
[4.4723136],[1.2163038],[3.69066529]
[4.293962],[1.20412104],[3.53920269]
[4.1906268],[1.19864992],[3.41385338]
[4.13056925],[1.19208889],[3.29174961]
[4.06372723],[1.18017611],[3.17830179]
[4.04419785],[1.94813354],[5.69177693]
[1.93605586],[1.12186109],[1.41610116]
[0.35760617],[0.35645121],[0.08266412]
[1.27770569],[0.57337281],[0.50528709]
[1.52866102],[0.87055383],[0.97294012]
[2.24783209],[1.12122557],[1.9366452]
[2.61395078],[1.33641942],[2.57561306]
[2.75979688],[1.44529408],[2.90561535]
[3.08974096],[1.48734254],[3.21772693]
[3.46571135],[1.51352534],[3.60770012]
[3.64046066],[1.53910675],[3.98247853]
[3.98715892],[1.55245398],[4.32321984]
[4.11707487],[1.56255336],[4.52852869]
[4.27333274],[1.57841966],[4.7465324]
[4.33127375],[1.60157877],[4.91149949]
[4.41220097],[1.61984597],[5.08100443]
[4.50222765],[1.6456702],[5.26128043]
[4.70391262],[1.66348279],[5.50440109]
[4.88131776],[1.67635909],[5.71629944]
[5.01541633],[1.69761445],[5.91891651]
[5.08485536],[1.72167493],[6.06593166]
[5.21542532],[1.74517219],[6.20312179]
[5.25361017],[1.76467694],[6.33433203]
[5.4469135],[1.76921977],[6.460275]
[5.44548254],[1.77603608],[6.58387966]
[5.59748855],[1.78541272],[6.73447735]
[5.59678279],[1.79053459],[6.87040461]
[5.71413133],[1.7925795],[7.03130412]
[5.75407384],[1.79880686],[7.162977]
[5.86782404],[1.80364009],[7.27490901]
[5.92389956],[1.79988402],[7.37734143]
[5.99775139],[1.7880696],[7.445589]
[6.12093225],[1.77157834],[7.55484031]
[6.16080429],[1.74058708],[7.58019023]
[6.28911802],[1.70946282],[7.63265938]
[6.31933487],[1.68460865],[7.60380445]
[6.39244371],[1.65724952],[7.49246664]
[6.45385046],[1.64558192],[7.34721903]
[6.41300889],[1.63115731],[7.20743949]
[6.3352112],[1.62175535],[7.02807573]
[6.23346981],[1.60969682],[6.87273395]
[6.1596744],[1.58473252],[6.71512625]
[6.00454301],[1.56042622],[6.48111302]
[5.83285803],[1.52894247],[6.15273374]
[5.6646785],[1.49709557],[5.85136863]
[5.47352913],[1.45821264],[5.5597021]
[5.30030893],[1.42217646],[5.19974221]
[5.15067236],[1.38431739],[4.90804862]
[5.06199174],[1.34189657],[4.64621869]
[4.86278957],[1.31559003],[4.3938827]
[4.72002298],[1.29947867],[4.17027543]
[4.57677759],[1.28141308],[3.98186622]
[4.38550496],[1.2736376],[3.80876809]
[4.24963719],[1.26345354],[3.65589978]
[4.20260006],[1.2464863],[3.53105114]
[4.17681593],[1.98142323],[5.95511495]
[1.99653155],[1.16865519],[1.53001617]
[0.40151087],[0.44703969],[0.08339708]
[1.04848867],[0.43895785],[0.28737838]
[1.25233636],[0.82246892],[0.79995953]
[2.26855254],[1.08618814],[1.78119117]
[2.64035148],[1.3089602],[2.45417573]
[2.78168457],[1.41962829],[2.77869818]
[3.17571234],[1.45887849],[3.13113204]
[3.53287051],[1.48567914],[3.557272]
[3.69615642],[1.50267618],[3.94317436]
[4.10358907],[1.52453427],[4.34601351]
[4.25122081],[1.54373025],[4.58902923]
[4.37377461],[1.55960034],[4.80662506]
[4.43433337],[1.58827672],[4.98922907]
[4.51602398],[1.62028642],[5.1797457]
[4.7144159],[1.65404906],[5.42525268]
[4.89453184],[1.67004823],[5.68251282]
[5.0254824],[1.68129484],[5.90678023]
[5.14475301],[1.69717008],[6.09337016]
[5.25666622],[1.7170227],[6.29969643]
[5.47016451],[1.73754863],[6.43880128]
[5.5520949],[1.75168369],[6.60409403]
[5.72208282],[1.74598174],[6.76166005]
[5.7842694],[1.74351817],[6.96344853]
[5.90254114],[1.74937043],[7.14390543]
[5.97409449],[1.74600999],[7.35321107]
[6.0648301],[1.74095407],[7.49324872]
[6.17532345],[1.74149119],[7.73999169]
[6.29205284],[1.7423953],[7.82718191]
[6.37925433],[1.73504052],[8.05461214]
[6.44736044],[1.73863642],[8.08585364]
[6.53052108],[1.726834],[8.24367973]
[6.61600106],[1.7093318],[8.21640125]
[6.67919917],[1.69082761],[8.27721145]
[6.7914989],[1.67331571],[8.30803961]
[6.81775454],[1.65964248],[8.27030422]
[6.98567371],[1.64808222],[8.218673]
[6.99175683],[1.6326359],[8.05185254]
[6.96265317],[1.61852048],[7.84866336]
[6.82203935],[1.59989106],[7.59614265]
[6.72552529],[1.57622662],[7.40331601]
[6.59782815],[1.55274263],[7.17114361]
[6.38425078],[1.52262378],[6.83777663]
[6.19372393],[1.49213752],[6.40171111]
[6.0136001],[1.45455218],[5.99705517]
[5.82532569],[1.41947749],[5.58366115]
[5.64574441],[1.37922511],[5.17503333]
[5.46719429],[1.33502195],[4.82203572]
[5.13519901],[1.29797065],[4.4986982]
[4.93132557],[1.27045663],[4.25205365]
[4.79075773],[1.2437175],[4.0599336]
[4.65289216],[1.216586],[3.86823121]
[4.50896502],[1.18693674],[3.69450982]
[4.35522021],[1.1620525],[3.53688315]
[4.1845986],[1.99725108],[6.01152832]
[2.04615178],[1.18837015],[1.57624637]
[0.20318496],[0.36009131],[0.03636586]
[1.18179377],[0.51434646],[0.42185387]
[1.40413739],[0.8921271],[0.94020307]
[2.37325428],[1.14053159],[2.00402134]
[2.7050261],[1.36268598],[2.65268468]
[2.87092543],[1.4643264],[2.97751039]
[3.33399532],[1.50938594],[3.45756587]
[3.64030503],[1.53667751],[3.92521005]
[3.84274633],[1.56836212],[4.32816394]
[4.24311105],[1.59197094],[4.76189742]
[4.37702415],[1.61664022],[5.02200207]
[4.45948338],[1.65550174],[5.2439046]
[4.54356369],[1.70497542],[5.47855973]
[4.72852502],[1.74149799],[5.75711283]
[4.89223063],[1.77514004],[6.05930309]
[5.03321489],[1.79043384],[6.31328136]
[5.13094479],[1.79995029],[6.57485617]
[5.30563999],[1.81140569],[6.7672645]
[5.48592791],[1.83092696],[7.056292]
[5.70831146],[1.84982273],[7.3091557]
[5.81460899],[1.8642485],[7.52386704]
[5.97934155],[1.86821142],[7.69745358]
[6.09514016],[1.87433481],[7.95148412]
[6.21197304],[1.88354325],[8.17206469]
[6.32567773],[1.88600884],[8.49789882]
[6.4175117],[1.88599863],[8.6853716]
[6.49438856],[1.88999606],[9.02390769]
[6.62461565],[1.89269125],[9.15776651]
[6.6687132],[1.86334079],[9.36915796]
[6.83596395],[1.85471923],[9.46509516]
[6.88077362],[1.85503816],[9.63007838]
[7.06359492],[1.80799461],[9.74097125]
[7.1272237],[1.7906682],[9.77792868]
[7.23184113],[1.77474915],[9.84908421]
[7.2740271],[1.76314433],[9.79306954]
[7.34831707],[1.75153712],[9.73609253]
[7.45316839],[1.73657596],[9.60208151]
[7.4584629],[1.72323198],[9.3897694]
[7.41378879],[1.70630998],[9.14707591]
[7.29528213],[1.68046548],[8.88298331]
[7.18028458],[1.6560423],[8.61556462]
[6.99242024],[1.62571701],[8.24711383]
[6.74887545],[1.59380432],[7.73988541]
[6.55754029],[1.55690814],[7.23508439]
[6.37264552],[1.52193958],[6.74394376]
[6.19788111],[1.4830374],[6.2277771]
[6.01820244],[1.43350279],[5.69064107]
[5.77357472],[1.39343437],[5.22084753]
[5.19707965],[1.35849797],[4.8302597]
[5.00748746],[1.32580518],[4.57734027]
[4.8507953],[1.29165893],[4.36266362]
[4.74991723],[1.26249829],[4.16313579]
[4.6388363],[1.2320948],[3.97219989]
[4.37023384],[2.02447823],[6.3666338]
[2.15204832],[1.24662175],[1.74620826]
[0.34805452],[0.55530671],[0.11238401]
[1.283147],[0.57053757],[0.51939988]
[1.53962224],[0.9496343],[1.10944161]
[2.43463494],[1.19754129],[2.20459794]
[2.7542794],[1.4081735],[2.84998965]
[3.07352755],[1.50710046],[3.24187417]
[3.44627745],[1.55225321],[3.79694598]
[3.72359473],[1.59005733],[4.2967243]
[4.04639475],[1.63363967],[4.77765236]
[4.35600208],[1.68358968],[5.21240746]
[4.48931807],[1.72999721],[5.49253167]
[4.5739638],[1.77891447],[5.77643105]
[4.77060147],[1.81558123],[6.12158535]
[4.93226329],[1.8592564],[6.41584712]
[5.05607891],[1.88461139],[6.74936837]
[5.17061754],[1.90086807],[6.99187101]
[5.28469728],[1.91047184],[7.28089475]
[5.59717472],[1.92089277],[7.5883457]
[5.7560079],[1.93718317],[7.97578672]
[5.97317792],[1.9541788],[8.24269105]
[6.1423245],[1.96704194],[8.55638296]
[6.34536684],[1.97266013],[8.79957877]
[6.47497724],[1.98063801],[9.19128756]
[6.59131861],[1.99094001],[9.43920203]
[6.64592342],[1.99425054],[9.82833325]
[6.79977821],[1.98575118],[10.05814876]
[6.82748732],[1.98858308],[10.43224479]
[7.04383402],[1.9901701],[10.73200856]
[7.07116003],[1.98394581],[10.99253531]
[7.25923078],[1.9792584],[11.19025799]
[7.30957068],[1.96789142],[11.35992346]
[7.38490735],[1.94221201],[11.44667842]
[7.47890205],[1.92447169],[11.51189682]
[7.54225923],[1.91745178],[11.54838545]
[7.68856289],[1.90796511],[11.54942245]
[7.7578206],[1.89267057],[11.47218071]
[7.92374504],[1.88151833],[11.44185775]
[7.97978069],[1.85970655],[11.192284]
[7.98199558],[1.82758198],[10.97149784]
[7.8981699],[1.79560435],[10.65274057]
[7.81566739],[1.76000472],[10.34157947]
[7.56936374],[1.73030145],[9.93434385]
[7.35395949],[1.69977937],[9.46397358]
[7.13901814],[1.66368812],[8.89100302]
[6.98414147],[1.63033172],[8.31020466]
[6.77771997],[1.59315585],[7.65453215]
[6.59655375],[1.5447831],[7.03886609]
[6.40019245],[1.50331671],[6.32547897]
[6.06779555],[1.46407218],[5.69496649]
[5.36182358],[1.4285325],[5.21796713]
[5.04382069],[1.3835481],[4.8864017]
[4.90437247],[1.35055462],[4.63949911]
[4.82486216],[1.30606739],[4.4335484]
[4.9565851],[2.06628388],[6.84266763]
[2.21538248],[1.28570822],[1.83417767]
[0.55743877],[0.66377219],[0.22375778]
[1.39274114],[0.62451098],[0.61555781]
[1.69532907],[1.01459689],[1.33896201]
[2.49394258],[1.25032808],[2.40695699]
[2.82203999],[1.45450642],[3.06010675]
[3.2327196],[1.54670022],[3.52126094]
[3.5430953],[1.59848499],[4.14668005]
[3.90986253],[1.64759448],[4.72000181]
[4.21231264],[1.72726329],[5.22730991]
[4.4565219],[1.80509967],[5.65370514]
[4.5980846],[1.86695346],[5.99601837]
[4.79638927],[1.90788946],[6.39432814]
[4.95531352],[1.95449425],[6.77772475]
[5.09544346],[1.98105843],[7.07763506]
[5.18798595],[2.01067709],[7.43253495]
[5.33131713],[2.02845149],[7.6897276]
[5.49659787],[2.04354082],[8.10472599]
[5.82852521],[2.04731707],[8.50947685]
[6.05534508],[2.04616917],[8.99703825]
[6.3065445],[2.06106601],[9.38142655]
[6.50838595],[2.06374995],[9.83616617]
[6.68058441],[2.06826145],[10.09268317]
[6.77824336],[2.05837525],[10.45893037]
[7.00291516],[2.0835455],[10.83031718]
[7.02757402],[2.11816199],[11.25439821]
[7.24335864],[2.1447764],[11.67228041]
[7.27494533],[2.16246818],[12.08378433]
[7.4035445],[2.17487743],[12.39898114]
[7.44285709],[2.18880727],[12.72251676]
[7.56251379],[2.19989028],[12.92933286]
[7.69160273],[2.19350961],[13.19506034]
[7.74230378],[2.16287883],[13.25999972]
[7.94008942],[2.13835045],[13.45859144]
[8.00451565],[2.10179401],[13.5006849]
[8.1082044],[2.07141079],[13.55013564]
[8.15202444],[2.04140359],[13.47407548]
[8.21088134],[2.00811946],[13.3886814]
[8.30926678],[1.97107009],[13.21688914]
[8.35115104],[1.94789301],[12.93960907]
[8.33734961],[1.91983291],[12.62111446]
[8.21938544],[1.88843766],[12.23108202]
[8.07319332],[1.85012767],[11.80072402]
[7.90749091],[1.8099933],[11.29866798]
[7.63177715],[1.77567342],[10.61258988]
[7.43266829],[1.74136282],[9.94108017]
[7.27489167],[1.70622979],[9.27540414]
[7.13823204],[1.65651097],[8.61709884]
[6.97030037],[1.60596536],[7.756473]
[6.75595673],[1.56271871],[6.87906211]
[6.32079628],[1.52190158],[6.10937643]
[5.49053911],[1.47810895],[5.53643466]
[5.1050036],[1.43845488],[5.2091651]
[4.97613904],[1.38833211],[4.93138841]
[5.67262695],[2.10457126],[7.40901351]
[2.37864148],[1.3548312],[2.00637581]
[0.65648174],[0.74965048],[0.24218182]
[1.23282529],[0.5439865],[0.4767307]
[1.45222163],[1.02197735],[1.29790877]
[2.54725966],[1.23857671],[2.3065021]
[2.90169713],[1.44747352],[2.99725536]
[3.36250862],[1.53591942],[3.52785393]
[3.62768059],[1.599348],[4.17045997]
[4.05823332],[1.65538478],[4.78277132]
[4.33295913],[1.74461949],[5.28343627]
[4.53456903],[1.79132248],[5.68183167]
[4.78367277],[1.84145714],[6.13829992]
[4.96302096],[1.87775099],[6.51036309]
[5.0828543],[1.92136874],[6.95020107]
[5.20304869],[1.95084834],[7.17566585]
[5.28189475],[1.97568764],[7.57724499]
[5.52268233],[1.98902379],[7.89932273]
[5.75775671],[1.99697287],[8.41573349]
[6.02389275],[2.00199875],[8.8336341]
[6.36745596],[2.01437465],[9.48111866]
[6.59470027],[2.02009227],[9.90999829]
[6.74986473],[2.03328612],[10.41773495]
[7.03066107],[2.07037463],[10.81714185]
[7.16155818],[2.11454251],[11.29746618]
[7.36686996],[2.15316046],[11.77919892]
[7.41284591],[2.1902618],[12.2052436]
[7.51132871],[2.21778512],[12.59441439]
[7.6095295],[2.24096452],[13.08037682]
[7.69945896],[2.25651257],[13.42077862]
[7.86081979],[2.26840879],[13.90264252]
[7.99806053],[2.27760601],[14.17496328]
[8.12984413],[2.27238535],[14.54380602]
[8.18716164],[2.25053561],[14.66108815]
[8.25313909],[2.23071505],[14.80623593]
[8.3064672],[2.20051526],[14.88524421]
[8.36768282],[2.17573094],[14.89094038]
[8.52603947],[2.14892288],[14.94301586]
[8.60822926],[2.11870065],[14.83280345]
[8.77750404],[2.08330375],[14.77528737]
[8.84574795],[2.05043087],[14.4956775]
[8.8705711],[2.0100091],[14.19748834]
[8.80008297],[1.94136227],[13.76343165]
[8.62325452],[1.86641655],[13.27216375]
[8.327897],[1.80318566],[12.7404334]
[8.11229805],[1.7675291],[12.08220066]
[7.94706146],[1.73199194],[11.240923]
[7.760325],[1.69987767],[10.43148738]
[7.54150682],[1.65353173],[9.62510025]
[7.35746983],[1.61423433],[8.81123203]
[7.18918281],[1.57385696],[7.95377828]
[7.03881902],[1.53341904],[6.97119205]
[6.39221167],[1.4873798],[6.03651499]
[5.62902278],[1.44358231],[5.44035415]
[5.18553834],[1.39026044],[5.09732745]
[6.11521628],[2.12567342],[7.70973977]
[2.80695442],[1.38936597],[2.26062312]
[0.64359884],[0.78429089],[0.27383431]
[1.36042426],[0.6039791],[0.59068166]
[1.66591091],[1.10534828],[1.62141089]
[2.65620586],[1.31101543],[2.60504064]
[3.13061269],[1.5048336],[3.32448903]
[3.51004333],[1.58181959],[3.89589584]
[3.75869502],[1.66967494],[4.59351598]
[4.20098817],[1.75107327],[5.23931409]
[4.44327862],[1.83423802],[5.75802951]
[4.64221246],[1.88409821],[6.20532657]
[4.93740232],[1.93736711],[6.76472035]
[5.10192507],[1.98943165],[7.13689736]
[5.17828929],[2.03163887],[7.58977291]
[5.32098394],[2.06050741],[7.87246322]
[5.40530738],[2.08738972],[8.33391918]
[5.76821654],[2.10093863],[8.78938498]
[5.95892469],[2.10357415],[9.28121436]
[6.26496817],[2.10765619],[9.83097736]
[6.6018113],[2.14609831],[10.60831161]
[6.91885343],[2.1880578],[11.22646073]
[7.07903297],[2.22809688],[11.80347592]
[7.35318708],[2.26157844],[12.30032966]
[7.45377841],[2.29591787],[12.75503291]
[7.61472594],[2.32535868],[13.20385541]
[7.74448391],[2.35467188],[13.68302264]
[7.89961259],[2.37715941],[14.06469156]
[8.04037709],[2.3979529],[14.67876969]
[8.13611222],[2.41047026],[15.08267963]
[8.21629251],[2.42088185],[15.62855606]
[8.29705101],[2.43232914],[16.000465]
[8.34969208],[2.42798984],[16.36453959]
[8.47848393],[2.40988621],[16.62438998]
[8.55401607],[2.39412202],[16.7958166]
[8.76049375],[2.371967],[17.05079481]
[8.83667217],[2.35558163],[17.06562749]
[8.93050535],[2.33121863],[17.08088291]
[8.98535926],[2.30519406],[17.01189685]
[9.03495974],[2.27477707],[16.83614479]
[9.0868575],[2.24759561],[16.67361957]
[9.12267195],[2.20674767],[16.30902329]
[9.16521775],[2.14648686],[15.9361499]
[9.0067081],[2.06660309],[15.33950425]
[8.87512587],[1.97736311],[14.81816565]
[8.66483176],[1.89781919],[14.14931223]
[8.34372749],[1.8275348],[13.30904093]
[8.149401],[1.80035871],[12.42613398]
[8.02884843],[1.75556798],[11.50257748]
[7.86082826],[1.71642739],[10.53935223]
[7.65286023],[1.67528073],[9.59243105]
[7.45739369],[1.63354487],[8.56422188]
[7.13642518],[1.58572646],[7.44298673]
[6.4877919],[1.53496053],[6.43836156]
[5.77725639],[1.48095005],[5.8119648]
[6.81666808],[2.15705695],[8.57306394]
[4.16936251],[1.44122808],[2.58309384]
[0.92035548],[0.86265152],[0.48129011]
[1.472588],[0.66284325],[0.69515365]
[1.90790335],[1.18100772],[1.88362089]
[2.77865075],[1.37853573],[2.89528546]
[3.29137496],[1.55916032],[3.66688074]
[3.63281244],[1.63096908],[4.32954842]
[3.93529866],[1.7763275],[5.09777401]
[4.3226743],[1.8539981],[5.73752899]
[4.54435275],[1.92972533],[6.30592494]
[4.85986834],[1.98545175],[6.86532196]
[5.08517594],[2.04349852],[7.44908045]
[5.23028195],[2.07320361],[7.8471185]
[5.29010859],[2.11501073],[8.35781906]
[5.534106],[2.13635811],[8.68667687]
[5.67644454],[2.16720133],[9.18210392]
[5.96101193],[2.19407558],[9.73111283]
[6.24015896],[2.26768635],[10.44054145]
[6.57934379],[2.31686595],[11.10235006]
[6.82359856],[2.35696787],[11.89226299]
[7.28759615],[2.38878601],[12.64380284]
[7.43826924],[2.41835481],[13.27425473]
[7.59562525],[2.44376872],[13.73864967]
[7.82989137],[2.47071722],[14.27980983]
[8.06722236],[2.49556904],[14.77817451]
[8.20292217],[2.51986471],[15.35956733]
[8.27960212],[2.53888542],[15.79430265]
[8.34622987],[2.57091361],[16.42332202]
[8.44627588],[2.58699574],[16.91537539]
[8.47836741],[2.59573209],[17.45420376]
[8.75712568],[2.60579735],[18.06930442]
[8.85347752],[2.57640454],[18.47245109]
[8.97655044],[2.55494359],[18.83997114]
[9.03817849],[2.52635168],[19.0303761]
[9.09818458],[2.51012391],[19.19502606]
[9.14808316],[2.4968684],[19.26422736]
[9.17291265],[2.47919162],[19.21863292]
[9.37524134],[2.46379791],[19.32648759]
[9.46691154],[2.4394619],[19.18836635]
[9.63872004],[2.40472431],[18.98692406]
[9.71809888],[2.36736182],[18.66515461]
[9.77832972],[2.32276109],[18.31911397]
[9.70840321],[2.27283936],[17.77747099]
[9.37759836],[2.19284287],[17.15043761]
[9.05518864],[2.1028148],[16.39929443]
[8.92451889],[1.99757078],[15.57432579]
[8.72722483],[1.92258096],[14.66635546]
[8.3928373],[1.85849601],[13.67217156]
[8.19519998],[1.82217457],[12.60973054]
[8.07493455],[1.78153108],[11.47866299]
[7.94900719],[1.73852598],[10.31690149]
[7.75805902],[1.69049263],[9.14580907]
[7.2176555],[1.64075254],[7.91324909]
[6.52386876],[1.58497738],[6.83987371]
[7.6068884],[2.20215304],[9.49361458]
[5.23152426],[1.51452222],[3.13358038]
[1.02086651],[0.90813179],[0.58352365]
[1.59166028],[0.71678436],[0.80115361]
[2.09820928],[1.25203232],[2.17369683]
[2.90574626],[1.44155311],[3.25240823]
[3.43722693],[1.6078901],[4.08834926]
[3.79769974],[1.68694614],[4.82578657]
[4.11672794],[1.86243423],[5.62218602]
[4.4227003],[1.93438524],[6.25117931]
[4.71310758],[2.01173961],[6.91922194]
[5.03130878],[2.06308702],[7.52724666]
[5.20729605],[2.11659718],[8.07561528]
[5.36217993],[2.14625947],[8.57750012]
[5.43266193],[2.22419262],[9.11736874]
[5.80626051],[2.27553887],[9.62235684]
[5.9128403],[2.36426936],[10.19171945]
[6.20043183],[2.45404453],[10.90547985]
[6.56119008],[2.53136477],[11.74797618]
[6.83778756],[2.5670158],[12.42733699]
[7.15826237],[2.59293098],[13.2445206]
[7.51405874],[2.61535878],[14.06456599]
[7.76732043],[2.63348883],[14.79034171]
[8.01456684],[2.65119869],[15.37768215]
[8.22310825],[2.66241435],[16.01014465]
[8.35888139],[2.68010841],[16.53474947]
[8.44810711],[2.70348538],[17.10605588]
[8.68727337],[2.72618293],[17.64944221]
[8.75209036],[2.75696829],[18.24269552]
[8.96251133],[2.77006059],[18.94695236]
[9.02364858],[2.77576655],[19.49949597]
[9.13385061],[2.78980926],[20.08079654]
[9.19673527],[2.75148848],[20.56389746]
[9.23351942],[2.7319237],[20.92450923]
[9.34412579],[2.69855947],[21.34109291]
[9.45002075],[2.68541586],[21.57477905]
[9.66769569],[2.66663983],[21.84562052]
[9.73726493],[2.6298107],[21.8093018]
[9.83021664],[2.61033248],[21.81565394]
[9.8992841],[2.58011283],[21.67671821]
[9.94790652],[2.55985901],[21.43165009]
[10.15025441],[2.53299794],[21.27954045]
[10.39476403],[2.49781562],[20.85283787]
[10.48876706],[2.45446096],[20.39786199]
[10.08238843],[2.3910072],[19.58679541]
[9.77256399],[2.3203856],[18.89381538]
[9.46577905],[2.23190044],[18.04042788]
[9.08198539],[2.13987953],[16.98448192]
[8.94846623],[2.05011399],[15.95699503]
[8.76560678],[1.96119975],[14.92349892]
[8.54757262],[1.8887316],[13.85623908]
[8.28008013],[1.84651236],[12.46828059]
[8.11325845],[1.79417265],[10.94443544]
[7.86837983],[1.74142172],[9.64302802]
[7.30332],[1.68484311],[8.26736548]
[8.31012093],[2.2395601],[10.86654196]
[6.41459989],[1.57519034],[3.90692842]
[1.29447798],[0.96330656],[0.68638743]
[1.42914842],[0.53063578],[0.53677117]
[2.23305714],[1.07429683],[1.93423406]
[3.07490428],[1.27437372],[2.95752305]
[3.54721224],[1.4382514],[3.78717996]
[3.95210476],[1.68617135],[4.65027796]
[4.23426813],[1.85152178],[5.46554169]
[4.50451188],[1.93289519],[6.07107944]
[4.88046596],[1.9922761],[6.79305233]
[5.15349878],[2.04967783],[7.39758079]
[5.30481551],[2.10454103],[8.01855697]
[5.56962143],[2.12216403],[8.57187311]
[5.69493275],[2.17492752],[9.16452609]
[5.97679059],[2.22660965],[9.76282946]
[6.17384534],[2.32844138],[10.48431977]
[6.50174733],[2.40598117],[11.25061646]
[6.76084688],[2.4670172],[12.09011138]
[7.1527321],[2.50062039],[12.84503581]
[7.45794524],[2.52470299],[13.71616092]
[7.71221366],[2.54473874],[14.54800973]
[8.14210527],[2.57374702],[15.44325206]
[8.32453942],[2.59707632],[16.17095486]
[8.43462663],[2.62814488],[16.85411538]
[8.73908917],[2.65828124],[17.50570941]
[8.92913243],[2.68980237],[18.11419501]
[9.0931606],[2.71733131],[18.83980871]
[9.17115594],[2.75530163],[19.47240147]
[9.22671015],[2.77478441],[20.09845042]
[9.29283896],[2.78413494],[20.73428629]
[9.33992211],[2.79814735],[21.33586366]
[9.65112085],[2.81103537],[22.07083299]
[9.75233321],[2.81761567],[22.51667103]
[9.85413737],[2.78133391],[22.89200599]
[9.92826159],[2.75134816],[23.18764977]
[9.97480612],[2.72130392],[23.33314851]
[10.0294268],[2.69312826],[23.45985804]
[10.09412502],[2.66664391],[23.50992661]
[10.42739751],[2.63668342],[23.72868604]
[10.60186081],[2.60236211],[23.622996]
[10.69758625],[2.56833385],[23.41101734]
[10.91615688],[2.53350823],[23.12261914]
[11.15786098],[2.49345054],[22.72373407]
[11.19577197],[2.45689943],[22.16022026]
[10.65377799],[2.41798153],[21.29777149]
[10.26789851],[2.34637281],[20.22455247]
[9.83422745],[2.25356663],[18.96624278]
[9.55082079],[2.1673312],[17.80083005]
[9.08169961],[2.09073304],[16.56180574]
[8.97067062],[1.94466394],[15.36565067]
[8.84944654],[1.82427062],[14.14682624]
[8.68105437],[1.77719363],[12.61661112]
[8.25448032],[1.72671403],[10.95780489]
[7.95896732],[1.67290917],[9.56795179]
