meltWidth,meltDepth,meltArea
[1.56294824],[0.2378695],[0.26528153]
[1.86202892],[0.34897101],[0.48495623]
[1.91383129],[0.35994766],[0.51884176]
[1.94612443],[0.37253243],[0.54354602]
[2.02425015],[0.42819337],[0.61942506]
[2.1030799],[0.48583579],[0.71070076]
[2.17863063],[0.52792973],[0.77518583]
[2.22772519],[0.54886939],[0.81815205]
[2.27285514],[0.56934462],[0.85601266]
[2.29687504],[0.57587923],[0.8814086]
[2.30197252],[0.59298764],[0.90596737]
[2.32374977],[0.5961502],[0.91148486]
[2.32024477],[0.61050686],[0.91748959]
[2.37198258],[0.6170622],[0.93234423]
[2.37790623],[0.62517327],[0.94122705]
[2.43191629],[0.62196272],[0.94975574]
[2.41844734],[0.6238565],[0.94509572]
[2.50142638],[0.61957773],[0.95416049]
[2.45690116],[0.61731093],[0.94371452]
[2.53841991],[0.61649782],[0.95116817]
[2.46677134],[0.61045167],[0.93498197]
[2.55334929],[0.61399329],[0.95166295]
[2.4919084],[0.60535762],[0.93465656]
[2.56892813],[0.60928729],[0.94679768]
[2.50454922],[0.60063214],[0.93100957]
[2.57982471],[0.6083133],[0.95430057]
[2.52642599],[0.59783622],[0.93968016]
[2.59774076],[0.60663957],[0.95851654]
[2.54395471],[0.59610026],[0.94993544]
[2.62874255],[0.60491379],[0.97042895]
[2.60041072],[0.60003558],[0.98990988]
[2.65275502],[0.60053502],[0.98580307]
[2.62841923],[0.6011657],[0.98438422]
[2.62536626],[0.60098191],[0.98266076]
[2.6318408],[0.60083744],[0.98196149]
[2.62581732],[0.59996423],[0.9793319]
[2.62695128],[0.59824625],[0.97156547]
[2.62834529],[0.59741869],[0.96742594]
[2.62923457],[0.5967679],[0.96678719]
[2.64205933],[0.59602221],[0.9653174]
[2.66756251],[0.59516198],[0.97712067]
[2.69396219],[0.5950364],[0.99121892]
[2.70843635],[0.59521229],[1.00715204]
[2.75343215],[0.59062474],[1.02137819]
[2.79038581],[0.58308294],[1.02596909]
[2.80665202],[0.57581901],[1.02368902]
[2.8290839],[0.56849314],[1.01960221]
[2.8314534],[0.56161803],[1.01226201]
[2.85692835],[0.5509895],[1.00227531]
[2.87101226],[0.53909085],[0.98936293]
[2.88901352],[0.52796271],[0.97167124]
[2.89345621],[0.51073064],[0.94764202]
[2.46564145],[0.48720722],[0.82380511]
[0.],[0.],[0.]
[0.],[0.],[0.]
[1.56944992],[0.21107146],[0.21546483]
[1.89037779],[0.39836798],[0.53802343]
[1.98906991],[0.50114322],[0.7131335]
[2.05585872],[0.59931241],[0.89664091]
[2.18840496],[0.74223407],[1.26665172]
[2.25169945],[0.9222025],[1.59387814]
[2.35285114],[0.96308276],[1.86789915]
[2.35267574],[0.96425095],[1.91521006]
[2.40033402],[0.96278986],[1.94505568]
[2.3783816],[0.9519863],[1.92380206]
[2.42851547],[0.94357051],[1.92068128]
[2.408286],[0.93743339],[1.91184393]
[2.45543946],[0.92398593],[1.7327568]
[2.45290325],[0.91338451],[1.65278806]
[2.46950299],[0.89806161],[1.64512206]
[2.49653214],[0.87444289],[1.65276222]
[2.49107313],[0.86442111],[1.6400389]
[2.52790942],[0.87788063],[1.67885365]
[2.50655065],[0.8971775],[1.67633843]
[2.55942172],[0.90597946],[1.7190375]
[2.52706737],[0.90963013],[1.69982025]
[2.5732062],[0.91152177],[1.73660911]
[2.53455717],[0.91102348],[1.70949223]
[2.59618662],[0.89831551],[1.73623065]
[2.55073227],[0.8869069],[1.70213994]
[2.61928063],[0.88091804],[1.7391102]
[2.57151553],[0.86546102],[1.70043981]
[2.65459334],[0.87388916],[1.73768515]
[2.58628869],[0.86658164],[1.70314708]
[2.72503018],[0.87240506],[1.75621938]
[2.6174313],[0.8699963],[1.72674385]
[2.76222637],[0.87207386],[1.7681002]
[2.63475583],[0.87223596],[1.71663925]
[2.63574545],[0.87028179],[1.71374934]
[2.63641239],[0.86935107],[1.7110469]
[2.63456056],[0.8655047],[1.70970927]
[2.65007497],[0.86056816],[1.69112486]
[2.66003266],[0.85706504],[1.67522421]
[2.67016716],[0.85310305],[1.66400269]
[2.67728698],[0.84913076],[1.64905833]
[2.69891191],[0.84322032],[1.63315386]
[2.73228818],[0.83824229],[1.63052656]
[2.7580603],[0.83439169],[1.63287229]
[2.82030583],[0.83201479],[1.64362916]
[2.85537652],[0.82891623],[1.64488249]
[2.89567119],[0.82463519],[1.64838625]
[2.93705206],[0.81636591],[1.65141335]
[2.94145695],[0.80406817],[1.63565017]
[2.95735066],[0.79069246],[1.62383067]
[2.94916866],[0.77743917],[1.6130268]
[2.96736857],[0.76459652],[1.60906658]
[2.97136301],[0.75466314],[1.59491655]
[2.4254482],[0.74796396],[1.4012665]
[0.],[0.],[0.]
[0.],[0.],[0.]
[1.59388344],[0.25311825],[0.31572139]
[1.98103325],[0.50980702],[0.67803329]
[2.17402023],[0.65870257],[0.98407123]
[2.23184542],[0.75321485],[1.15569132]
[2.37866638],[0.85448794],[1.45815256]
[2.40209982],[0.92830744],[1.65488859]
[2.51449938],[1.0033782],[1.87730794]
[2.46958736],[1.00651379],[1.97532317]
[2.53691166],[0.98861509],[1.92308899]
[2.49766411],[0.96930785],[1.85851833]
[2.5731802],[0.94589014],[1.80674675]
[2.53598599],[0.93075452],[1.79154601]
[2.60152883],[0.92170238],[1.81321796]
[2.67534325],[0.93039846],[1.82873171]
[2.61337834],[0.92497162],[1.80099079]
[2.84390364],[0.93049416],[1.86960672]
[2.65055403],[0.92579751],[1.79565981]
[2.92681312],[0.93461119],[1.91363661]
[2.77128385],[0.92831873],[1.8431123]
[2.9955295],[0.93587026],[1.9674638]
[2.8934878],[0.93027304],[1.89732319]
[3.02834753],[0.93860732],[2.00749281]
[2.92388434],[0.93200201],[1.93209104]
[3.04056468],[0.93772623],[2.03305873]
[2.95786794],[0.93092049],[1.95875694]
[3.0499975],[0.93766855],[2.05305482]
[2.99204491],[0.92902126],[1.98329539]
[3.07569218],[0.93619875],[2.07453142]
[3.03900038],[0.92846117],[2.0181684]
[3.15440671],[0.93357271],[2.12576334]
[3.08196021],[0.93140431],[2.06902701]
[3.19626361],[0.93247535],[2.16268324]
[3.11591775],[0.93202501],[2.0935612]
[3.11683459],[0.92973435],[2.08710793]
[3.12653107],[0.92844828],[2.08112919]
[3.11595799],[0.92460039],[2.06268591]
[3.14401123],[0.91964241],[2.05651005]
[3.16072789],[0.91645701],[2.04813781]
[3.17646912],[0.91254784],[2.04107282]
[3.18795281],[0.90891335],[2.03484968]
[3.20912569],[0.9048416],[2.02197843]
[3.22672882],[0.90034402],[2.01467717]
[3.24344383],[0.89543517],[2.00882352]
[3.30659318],[0.88831192],[2.01867637]
[3.34234679],[0.88092383],[2.01562725]
[3.36822247],[0.87395899],[2.01006621]
[3.38698552],[0.86871544],[2.00410997]
[3.39787124],[0.86527065],[1.98372968]
[3.39670749],[0.86108916],[1.95863172]
[3.37167967],[0.85332303],[1.92279441]
[3.35737819],[0.84610488],[1.88780773]
[3.33676066],[0.83818992],[1.85574947]
[2.64489321],[0.82995145],[1.5810006]
[1.64278342],[0.81767941],[0.63243523]
[0.],[0.],[0.]
[1.62915089],[0.3864751],[0.48131674]
[2.12333303],[0.64564841],[0.91954862]
[2.32957323],[0.75905708],[1.21306585]
[2.3769003],[0.84009611],[1.40746197]
[2.52222986],[0.92210724],[1.69904254]
[2.51596595],[0.98731658],[1.87524948]
[2.62760156],[1.09183748],[2.1532072]
[2.56624975],[1.10570611],[2.25328388]
[2.64095919],[1.09399],[2.21642609]
[2.59674632],[1.0708952],[2.14365259]
[2.66147249],[1.04848609],[2.08853092]
[2.89717309],[1.03062467],[2.11809431]
[2.82216226],[0.99351032],[2.03086037]
[3.09826093],[0.96514987],[2.14333336]
[3.10198966],[0.96097442],[2.08222227]
[3.19386408],[0.96520463],[2.1955206]
[3.22738258],[0.96208293],[2.15612318]
[3.24631811],[0.96855925],[2.24796307]
[3.30359571],[0.96534132],[2.23464775]
[3.29018914],[0.97083639],[2.31859236]
[3.37612224],[0.96732274],[2.30559797]
[3.32536173],[0.9788899],[2.38307082]
[3.40499272],[0.99023805],[2.36391661]
[3.33757154],[0.99360683],[2.43772616]
[3.45500921],[0.9956346],[2.40927202]
[3.34568816],[0.99956076],[2.47160577]
[3.49685212],[0.99953345],[2.44967606]
[3.36567844],[1.00135671],[2.50059589]
[3.53039024],[1.00574425],[2.492992]
[3.45220189],[1.00599122],[2.5737633]
[3.48271128],[1.01301494],[2.54253967]
[3.49208324],[1.01232418],[2.62075416]
[3.49662532],[1.01405448],[2.57520613]
[3.50909149],[1.00565837],[2.57382944]
[3.52287134],[0.99565291],[2.56065919]
[3.51476188],[0.98341922],[2.52732856]
[3.54493993],[0.96556746],[2.49457921]
[3.55777827],[0.95480366],[2.46787128]
[3.56661393],[0.94703546],[2.44212236]
[3.55659655],[0.94159347],[2.41265203]
[3.58382588],[0.93539154],[2.38671687]
[3.59539592],[0.93079983],[2.36783737]
[3.58475768],[0.92602685],[2.34000422]
[3.62254545],[0.92037072],[2.33168752]
[3.66135379],[0.9140703],[2.34553257]
[3.6731131],[0.90785805],[2.33760651]
[3.67675601],[0.90290297],[2.31470309]
[3.6858721],[0.89696165],[2.29829127]
[3.69331324],[0.89177446],[2.28241689]
[3.68292485],[0.88700514],[2.24680178]
[3.67535444],[0.88383405],[2.21434952]
[3.61958758],[0.88104362],[2.17456028]
[2.8668717],[0.87475491],[1.78634404]
[2.23741405],[0.89203253],[1.10085197]
[0.],[0.],[0.]
[1.63822719],[0.45354102],[0.57938937]
[2.20608749],[0.71832009],[1.07515195]
[2.42287951],[0.82021034],[1.42045794]
[2.45734385],[0.88994087],[1.60178099]
[2.56956649],[0.95548272],[1.8203296]
[2.56722175],[1.06318489],[2.08874686]
[2.66682167],[1.17494055],[2.41083914]
[2.7611675],[1.18730305],[2.58943138]
[2.82011509],[1.17723083],[2.55281054]
[2.99506801],[1.15850535],[2.59597902]
[2.99436747],[1.13691417],[2.42562904]
[3.17924181],[1.11611375],[2.53608952]
[3.16286568],[1.07950124],[2.34457646]
[3.29258672],[1.04827679],[2.51352907]
[3.35373854],[1.04513223],[2.41840275]
[3.35506504],[1.04415698],[2.57247199]
[3.44355762],[1.04457865],[2.50472811]
[3.40626761],[1.05033045],[2.62688442]
[3.50852858],[1.06313472],[2.60291236]
[3.47386063],[1.07216908],[2.7164648]
[3.58672559],[1.08308502],[2.70258]
[3.5132912],[1.09313134],[2.8205133]
[3.60678806],[1.09949009],[2.78003015]
[3.52522479],[1.09879851],[2.89473896]
[3.65294683],[1.10013549],[2.83418313]
[3.53437624],[1.10326456],[2.92803824]
[3.68579337],[1.10220259],[2.89101009]
[3.55666276],[1.10276935],[2.95862908]
[3.71531878],[1.10583494],[2.94170291]
[3.63902897],[1.10539946],[3.0187491]
[3.69233877],[1.11154472],[3.0174956]
[3.68377449],[1.10986272],[3.0604622]
[3.70948903],[1.11021156],[3.04563782]
[3.70742085],[1.10382476],[3.0323736]
[3.7100368],[1.0951509],[3.01813743]
[3.70203311],[1.08339154],[2.98402643]
[3.71436718],[1.06647083],[2.94509257]
[3.71801634],[1.05127798],[2.90395695]
[3.71648387],[1.0366177],[2.86024311]
[3.69755056],[1.01980033],[2.81382786]
[3.71234826],[1.00043474],[2.75398156]
[3.71125189],[0.98362652],[2.70848761]
[3.69145643],[0.97232038],[2.65826911]
[3.70543833],[0.96035539],[2.6261422]
[3.71410984],[0.94885934],[2.58790828]
[3.72739882],[0.93689405],[2.55034676]
[3.75099718],[0.93114592],[2.5243044]
[3.79743751],[0.92646082],[2.53296242]
[3.81123184],[0.92424008],[2.50801387]
[3.80446454],[0.92007815],[2.46212782]
[3.80923246],[0.91430483],[2.44560848]
[3.70559334],[0.90917889],[2.40552338]
[2.95201396],[0.90506908],[1.9237273]
[2.60074501],[0.94685826],[1.46036802]
[0.2595239],[0.08876151],[0.00973609]
[1.67081032],[0.56026881],[0.71821788]
[2.32698765],[0.76469456],[1.27973673]
[2.49892008],[0.85125989],[1.56733803]
[2.51415413],[0.92510997],[1.73705907]
[2.62132918],[0.97911433],[1.93944774]
[2.62485913],[1.16089709],[2.34178654]
[2.93196969],[1.25936571],[2.79268093]
[3.09896835],[1.27095278],[3.08625304]
[3.16595348],[1.26473194],[3.20484114]
[3.27083848],[1.2536814],[3.2071496]
[3.33993487],[1.2371415],[3.11547346]
[3.36368409],[1.22369052],[3.15250295]
[3.48736834],[1.19995362],[3.09153876]
[3.50278703],[1.17895144],[3.16227957]
[3.6098437],[1.15605022],[3.0936747]
[3.62527165],[1.15611751],[3.16659596]
[3.70649394],[1.15720897],[3.09949071]
[3.70400607],[1.16199705],[3.1700941]
[3.77214931],[1.1720016],[3.18483645]
[3.76559358],[1.17828775],[3.23696339]
[3.84543378],[1.18633639],[3.26823033]
[3.79455803],[1.1919278],[3.2896525]
[3.86691304],[1.19231147],[3.33046423]
[3.80248948],[1.19138224],[3.32280683]
[3.90773331],[1.19194302],[3.36421909]
[3.81324412],[1.19294242],[3.33707241]
[3.93678099],[1.19091241],[3.38411356]
[3.83402872],[1.19049376],[3.35753523]
[3.96790536],[1.1921941],[3.40648782]
[3.93823745],[1.19191296],[3.41798328]
[3.95485091],[1.19609161],[3.42747458]
[3.97920989],[1.19575304],[3.45581465]
[3.97297419],[1.19564568],[3.43919188]
[3.99773037],[1.19038695],[3.41639901]
[3.98272503],[1.18135038],[3.39189193]
[3.97673135],[1.16918263],[3.35690856]
[3.99226345],[1.15397099],[3.32614012]
[3.9969715],[1.13980656],[3.29406545]
[3.99669084],[1.12636736],[3.2607141]
[3.97727849],[1.11179945],[3.22299298]
[3.99009592],[1.09519365],[3.18830586]
[3.99186767],[1.08077052],[3.15123387]
[3.9716463],[1.06791132],[3.10305452]
[3.98641919],[1.05054012],[3.06555136]
[3.99133471],[1.03262184],[3.02159176]
[3.99433133],[1.00983952],[2.97503995]
[3.97122239],[0.98270018],[2.90279241]
[4.00073489],[0.96358623],[2.85263913]
[4.02169154],[0.94715616],[2.82664842]
[4.01722758],[0.94310918],[2.77185153]
[4.00264375],[0.94018201],[2.72677787]
[3.85437536],[0.9377959],[2.65356885]
[3.0828035],[0.93432176],[2.10921422]
[2.85612591],[1.05602479],[1.89365814]
[0.72671433],[0.24729368],[0.08475778]
[1.69235314],[0.61971299],[0.81229108]
[2.42187166],[0.80024621],[1.44580844]
[2.56424757],[0.89192027],[1.70398408]
[2.55789774],[0.95544015],[1.82975403]
[2.67062837],[1.01135456],[2.05814658]
[2.82054415],[1.22312579],[2.63079236]
[3.22062835],[1.31204248],[3.13047453]
[3.37048865],[1.32557663],[3.46800696]
[3.50842717],[1.32522553],[3.63098195]
[3.50188238],[1.31410826],[3.64113263]
[3.64134279],[1.30124736],[3.57268101]
[3.64348927],[1.2912124],[3.53235025]
[3.75981604],[1.27755075],[3.51984582]
[3.78422708],[1.26716045],[3.54584918]
[3.86871752],[1.25435019],[3.5497038]
[3.91153264],[1.2404281],[3.56362596]
[3.97131645],[1.24215708],[3.56403668]
[3.99374174],[1.2453925],[3.58751567]
[4.03965012],[1.25531755],[3.59588145]
[4.05173083],[1.26145379],[3.62603178]
[4.11499712],[1.26952406],[3.65700073]
[4.07601003],[1.27156471],[3.65950581]
[4.12684999],[1.27174596],[3.68868244]
[4.0788732],[1.27080669],[3.67365333]
[4.17250569],[1.27041368],[3.71096388]
[4.09091118],[1.27059876],[3.67986167]
[4.19328031],[1.26770495],[3.722179]
[4.10552365],[1.26679276],[3.68956165]
[4.21321188],[1.26834884],[3.73882262]
[4.20060676],[1.26813207],[3.74545981]
[4.19322095],[1.27331196],[3.76462418]
[4.24674329],[1.27262346],[3.7930455]
[4.21909776],[1.27268197],[3.78253158]
[4.27223037],[1.26790499],[3.76457447]
[4.24614188],[1.25714979],[3.73179741]
[4.23726921],[1.24453101],[3.69137595]
[4.2538667],[1.22835801],[3.65292902]
[4.2547948],[1.21327119],[3.60851666]
[4.25911855],[1.19886951],[3.57020979]
[4.2399297],[1.18441833],[3.52525689]
[4.25728041],[1.16902304],[3.49011389]
[4.26372109],[1.15524688],[3.45349794]
[4.240624],[1.14220222],[3.40566953]
[4.25794989],[1.12509514],[3.37450302]
[4.25846882],[1.10816579],[3.33883831]
[4.25963468],[1.08864639],[3.30653887]
[4.23637691],[1.06413478],[3.23928439]
[4.24753609],[1.03655998],[3.20691492]
[4.24652055],[1.0110751],[3.1487524]
[4.2399542],[0.9836553],[3.07958745]
[4.24735929],[0.96484819],[3.04010988]
[4.1045239],[0.95828246],[2.96480625]
[3.31708606],[0.95476645],[2.37365948]
[2.88340631],[1.15857716],[2.14921635]
[0.94582879],[0.40797643],[0.20538187]
[1.64605056],[0.6300656],[0.79829995]
[2.44295984],[0.82999023],[1.51448384]
[2.59069355],[0.9289093],[1.79367368]
[2.58005752],[0.99376024],[1.93304947]
[2.69173783],[1.05811132],[2.25448133]
[3.00103282],[1.27090696],[2.91631581]
[3.38618263],[1.35705525],[3.36710397]
[3.53707477],[1.36901046],[3.6345428]
[3.69959316],[1.37976256],[3.84746665]
[3.71978836],[1.37594756],[3.84565904]
[3.82583965],[1.37028831],[3.78071835]
[3.86872335],[1.36411292],[3.75806648]
[3.94273697],[1.35166095],[3.76267157]
[4.00253902],[1.3393657],[3.80190295]
[4.07080554],[1.32744963],[3.79909222]
[4.14222388],[1.31411316],[3.84297748]
[4.17330391],[1.31224432],[3.82152701]
[4.21390652],[1.31545442],[3.87374931]
[4.22848353],[1.32305624],[3.8645412]
[4.24880507],[1.3291119],[3.91046378]
[4.26268523],[1.33635553],[3.91582021]
[4.26163142],[1.33755066],[3.95106881]
[4.26442273],[1.33720758],[3.94647932]
[4.25855715],[1.33640466],[3.96655819]
[4.29751131],[1.33547318],[3.97000166]
[4.26517949],[1.33420815],[3.97836537]
[4.31384782],[1.33133162],[3.98737261]
[4.2705726],[1.32956828],[3.98906796]
[4.33082754],[1.32760697],[4.00634404]
[4.34611027],[1.32566424],[4.03812887]
[4.31587589],[1.32726761],[4.03073529]
[4.37923717],[1.32613463],[4.0812618]
[4.34255214],[1.32525917],[4.05681509]
[4.41338125],[1.32011774],[4.06608749]
[4.39588985],[1.31282313],[4.0350936]
[4.39456555],[1.30616892],[4.00786472]
[4.42016249],[1.29681089],[3.98119675]
[4.43743925],[1.2843014],[3.94481599]
[4.45351085],[1.27150659],[3.9051826]
[4.44463711],[1.25715124],[3.85313255]
[4.46356987],[1.24119333],[3.80926186]
[4.47701797],[1.22637006],[3.76239036]
[4.46306263],[1.21181266],[3.70546325]
[4.48573224],[1.19456927],[3.66802854]
[4.48595593],[1.17715047],[3.63095004]
[4.48866857],[1.15824796],[3.58608236]
[4.4709954],[1.13399913],[3.51948994]
[4.47941787],[1.1073679],[3.48895574]
[4.48143503],[1.08237862],[3.43493123]
[4.46344035],[1.05687708],[3.35662311]
[4.46072945],[1.0284048],[3.31595387]
[4.32270612],[1.00091077],[3.25877873]
[3.53666413],[0.97879943],[2.65714767]
[2.96741725],[1.29761536],[2.41755675]
[1.03439416],[0.58011989],[0.31067014]
[1.62039874],[0.66426317],[0.83288668]
[2.44392702],[0.86010464],[1.57137444]
[2.57652311],[0.95290776],[1.84328791]
[2.58405783],[1.01540843],[1.99336253]
[2.66860523],[1.0832808],[2.30993292]
[3.11214335],[1.29125224],[3.02472493]
[3.42330488],[1.38226891],[3.45813238]
[3.60465665],[1.39663189],[3.69374339]
[3.74254342],[1.4000305],[3.81247471]
[3.80106412],[1.38801719],[3.82197504]
[3.86285727],[1.37377818],[3.81016809]
[3.93819598],[1.36085358],[3.87306389]
[4.00490532],[1.34177199],[3.85365358]
[4.08992226],[1.34458252],[3.95291334]
[4.12056743],[1.35257657],[3.92603821]
[4.20039908],[1.35443025],[4.01528589]
[4.19712138],[1.35602448],[3.98447838]
[4.27556949],[1.35870743],[4.06904523]
[4.2853635],[1.3633034],[4.04913074]
[4.31933487],[1.36751132],[4.11787953]
[4.32987025],[1.37286108],[4.10067264]
[4.33277485],[1.37327386],[4.16466896]
[4.33751394],[1.37169193],[4.15318561]
[4.33329676],[1.3696914],[4.19854972]
[4.36217901],[1.36778334],[4.18482286]
[4.34794365],[1.36557924],[4.22484462]
[4.37834725],[1.36340164],[4.20766493]
[4.36113382],[1.36646579],[4.24584915]
[4.40384023],[1.3692844],[4.24685355]
[4.43086101],[1.37377582],[4.30243416]
[4.41759617],[1.37991431],[4.32555414]
[4.48730892],[1.38406127],[4.37135481]
[4.44836237],[1.38564213],[4.36174693]
[4.53883668],[1.372464],[4.38005611]
[4.51283324],[1.3542075],[4.33033178]
[4.48788133],[1.33516211],[4.28311095]
[4.51252815],[1.32275237],[4.21779624]
[4.53204947],[1.3119325],[4.16168068]
[4.55057325],[1.30162368],[4.10460667]
[4.5502004],[1.29137453],[4.04241201]
[4.57094329],[1.28079225],[3.99841064]
[4.58723443],[1.27194368],[3.96440943]
[4.58300037],[1.26365478],[3.91923704]
[4.60994071],[1.2513073],[3.88489414]
[4.62032349],[1.23711536],[3.84081284]
[4.63402784],[1.21901097],[3.78553125]
[4.62064445],[1.19346066],[3.71161138]
[4.63353417],[1.16638992],[3.67458964]
[4.63785724],[1.14123764],[3.61543052]
[4.62178099],[1.11537659],[3.5274433]
[4.62901194],[1.0871253],[3.46653302]
[4.52724121],[1.05998774],[3.3823639]
[3.74493033],[1.0323718],[2.82251416]
[3.18353932],[1.38662848],[2.67335567]
[1.20853584],[0.69628761],[0.42957119]
[1.63763976],[0.69122147],[0.89146724]
[2.45484458],[0.87852847],[1.62069492]
[2.58826795],[0.96998335],[1.90324198]
[2.59127573],[1.03295941],[2.2998487]
[2.7256187],[1.13630352],[2.53890677]
[3.16818756],[1.32125857],[3.19351585]
[3.46989387],[1.40811347],[3.59064887]
[3.65545873],[1.42243388],[3.8306691]
[3.7941114],[1.42410692],[3.98513322]
[3.85401684],[1.41363409],[3.95832638]
[3.92250621],[1.40038645],[3.95079953]
[4.01513953],[1.38883096],[4.02860028]
[4.06699411],[1.37955433],[4.00619237]
[4.12912039],[1.38550647],[4.09331217]
[4.15801485],[1.38740243],[4.07057911]
[4.24183557],[1.38483085],[4.15447026]
[4.24905358],[1.38611074],[4.13243012]
[4.31590857],[1.3869046],[4.22414982]
[4.3378024],[1.39388439],[4.21678668]
[4.35796972],[1.3985511],[4.28559641]
[4.37890734],[1.40229465],[4.28192206]
[4.37009819],[1.40332923],[4.34492275]
[4.38632053],[1.40537214],[4.3426742]
[4.37598635],[1.40478019],[4.39091975]
[4.41198914],[1.4071305],[4.38697216]
[4.42173175],[1.40823987],[4.44618099]
[4.43148693],[1.40814373],[4.42234612]
[4.4560982],[1.41141382],[4.49273528]
[4.45716389],[1.41400877],[4.47558232]
[4.55108908],[1.41860897],[4.57304993]
[4.53412299],[1.42392201],[4.58204423]
[4.60224574],[1.42750384],[4.64357761]
[4.59016546],[1.42888848],[4.63265463]
[4.64775803],[1.41755997],[4.64867377]
[4.64125103],[1.4013964],[4.60368457]
[4.61883187],[1.38230123],[4.55483502]
[4.63691394],[1.35987926],[4.48342041]
[4.64791301],[1.33928736],[4.41004503]
[4.63958191],[1.32897762],[4.32175161]
[4.60274818],[1.31864154],[4.23292136]
[4.62499587],[1.30852045],[4.1722251]
[4.64145008],[1.29975147],[4.11855482]
[4.63763864],[1.2913474],[4.05958099]
[4.66762558],[1.28062503],[4.02779321]
[4.68217997],[1.26634628],[3.98661876]
[4.69440084],[1.25144016],[3.95168902]
[4.68500908],[1.23137778],[3.88146935]
[4.69868402],[1.20635832],[3.84879369]
[4.7041961],[1.18143006],[3.78867935]
[4.69053715],[1.15673134],[3.70225472]
[4.69995575],[1.13086858],[3.65128436]
[4.59530685],[1.10613565],[3.55548429]
[3.81774218],[1.08078548],[2.96645065]
[3.44246408],[1.44988559],[2.97763333]
[1.3902815],[0.75193106],[0.55856059]
[1.65455784],[0.70982486],[0.96090248]
[2.46570637],[0.89302188],[1.65428679]
[2.59863037],[0.98186698],[1.93873094]
[2.60546226],[1.04730656],[2.39135493]
[2.85895337],[1.1494663],[2.64336574]
[3.21560305],[1.3355789],[3.2662896]
[3.51838262],[1.42613284],[3.67291549]
[3.70922299],[1.4359353],[3.89268587]
[3.8438784],[1.43667549],[4.01553021]
[3.92551918],[1.42623324],[4.0457145]
[4.00363454],[1.41335995],[4.05742274]
[4.06949789],[1.39988071],[4.12282269]
[4.1159454],[1.41544669],[4.10524767]
[4.16661587],[1.41993634],[4.18402976]
[4.18944494],[1.42202988],[4.18919909]
[4.28250946],[1.41992813],[4.28830238]
[4.30126963],[1.42132528],[4.28014312]
[4.36136382],[1.41903885],[4.36515587]
[4.39079367],[1.42604286],[4.36235723]
[4.4354237],[1.42983745],[4.44886693]
[4.4276173],[1.43353463],[4.44310178]
[4.4710906],[1.43427902],[4.55046035]
[4.44886693],[1.43655512],[4.53552878]
[4.49162064],[1.4354246],[4.61530011]
[4.50669066],[1.43813995],[4.60483948]
[4.52667443],[1.43842832],[4.67417814]
[4.55133748],[1.44055912],[4.65464625]
[4.55491416],[1.44406388],[4.71581444]
[4.60413808],[1.44762686],[4.7192579]
[4.64778534],[1.45153885],[4.79282862]
[4.64911949],[1.45656479],[4.80534702]
[4.69145306],[1.46024569],[4.85706532]
[4.69268],[1.46035603],[4.85371072]
[4.73064452],[1.45079348],[4.8735073]
[4.73864305],[1.4350196],[4.8280692]
[4.71742929],[1.41703488],[4.77416129]
[4.73594632],[1.39673859],[4.69967078]
[4.74787555],[1.37718587],[4.6292578]
[4.75103192],[1.35649499],[4.54911041]
[4.72756427],[1.34208486],[4.44943843]
[4.7175985],[1.33159928],[4.35086811]
[4.70220906],[1.32291803],[4.27397269]
[4.68936773],[1.3149575],[4.20347646]
[4.71962418],[1.30508673],[4.15108594]
[4.73268054],[1.29348754],[4.11787162]
[4.74508572],[1.28074513],[4.09105236]
[4.73824009],[1.26166274],[4.02514497]
[4.75371449],[1.23869242],[3.99830941]
[4.76084572],[1.21758646],[3.9444628]
[4.75028342],[1.19307432],[3.85862613]
[4.76303287],[1.16603772],[3.81146066]
[4.65373914],[1.14153952],[3.72020685]
[3.87671505],[1.11620382],[3.10336332]
[3.57727749],[1.49677911],[3.17066288]
[1.52082904],[0.78258023],[0.6601555]
[1.66894044],[0.72340302],[1.03881977]
[2.47658318],[0.90950439],[1.68667029]
[2.60844942],[0.99083191],[1.97165754]
[2.65151374],[1.05946047],[2.46417763]
[2.97781269],[1.18251578],[2.74728205]
[3.2594898],[1.3484186],[3.33649305]
[3.56711834],[1.43819016],[3.74591319]
[3.76281856],[1.44405856],[3.96702376]
[3.92931887],[1.44276919],[4.0766296]
[4.00270851],[1.43065818],[4.14257309]
[4.0647563],[1.41635279],[4.14352396]
[4.10952232],[1.43021596],[4.20233608]
[4.15542309],[1.44398775],[4.20021983]
[4.21000179],[1.44680659],[4.29720468]
[4.23898565],[1.44885538],[4.32368698]
[4.35856602],[1.44714829],[4.45098389]
[4.35449597],[1.44787672],[4.44567935]
[4.4775727],[1.44482138],[4.57580323]
[4.49366983],[1.4504498],[4.57130385]
[4.53399059],[1.45320651],[4.66140193]
[4.55267757],[1.45727085],[4.6583718]
[4.56101336],[1.4576854],[4.74623971]
[4.58371579],[1.46033842],[4.75080289]
[4.57703553],[1.46001298],[4.81388592]
[4.62908324],[1.46382041],[4.82249202]
[4.60557861],[1.46532984],[4.86969721]
[4.67237],[1.46737845],[4.8700362]
[4.63135835],[1.4711776],[4.91643552]
[4.71439301],[1.47359291],[4.92691545]
[4.72303966],[1.4779593],[5.00200043]
[4.73542329],[1.4825813],[5.00952807]
[4.76188173],[1.48640651],[5.07505005]
[4.77084209],[1.48544082],[5.06952544]
[4.80182925],[1.47767587],[5.10054381]
[4.81498147],[1.46265142],[5.05802677]
[4.79469652],[1.44656798],[5.0024971]
[4.81532498],[1.427849],[4.92771799]
[4.82798306],[1.41009995],[4.84496903]
[4.83738314],[1.39151242],[4.76340032]
[4.82128359],[1.37186133],[4.67468764]
[4.8301176],[1.35074191],[4.59040293]
[4.8304463],[1.34222623],[4.51002198]
[4.80780995],[1.33432368],[4.4118631]
[4.81073306],[1.32443592],[4.33760037]
[4.79442885],[1.31384764],[4.2843597]
[4.80871916],[1.30219067],[4.24425134]
[4.80215215],[1.28673307],[4.16733762]
[4.81729339],[1.2651268],[4.14076984]
[4.82297104],[1.24506925],[4.08979969]
[4.81270248],[1.22430853],[4.00753333]
[4.82665831],[1.20041135],[3.96523941]
[4.71113833],[1.17542037],[3.87017675]
[3.93510217],[1.14957919],[3.23813237]
[3.57119233],[1.53688848],[3.35653345]
[1.50834977],[0.85645641],[0.67725285]
[1.64389839],[0.72326763],[1.05096076]
[2.46667095],[0.9238297],[1.69605073]
[2.58723679],[1.00208056],[1.9865066]
[2.7478647],[1.07249845],[2.56381293]
[3.04794647],[1.21447986],[2.85651917]
[3.29142375],[1.36123205],[3.41824118]
[3.5973274],[1.4507639],[3.8139364]
[3.86498177],[1.45650019],[4.08753897]
[3.99155347],[1.45186328],[4.18225747]
[4.06166536],[1.43740913],[4.24830885]
[4.096361],[1.45058559],[4.23186492]
[4.14769238],[1.46398008],[4.31074545]
[4.17042586],[1.47604204],[4.33429126]
[4.26516964],[1.47860965],[4.47856491]
[4.28996716],[1.48102441],[4.52764329]
[4.48934602],[1.47867376],[4.70779107]
[4.49529956],[1.48048002],[4.69441089]
[4.57964],[1.47692797],[4.81296474]
[4.60318278],[1.48080231],[4.80554072]
[4.61994904],[1.48242598],[4.88428878]
[4.64587371],[1.48736859],[4.88612675]
[4.63863989],[1.48772964],[4.97680515]
[4.66947653],[1.49220401],[4.97439476]
[4.64664532],[1.49195719],[5.0606442]
[4.70597051],[1.49616133],[5.05485499]
[4.66593122],[1.49674245],[5.12686751]
[4.73989049],[1.49919407],[5.1047473]
[4.68526298],[1.50336183],[5.17068751]
[4.77072159],[1.50682576],[5.17761109]
[4.76176269],[1.51569355],[5.27866908]
[4.7807006],[1.52228423],[5.31487525]
[4.80547223],[1.52680818],[5.41326888]
[4.81097143],[1.52639547],[5.44578259]
[4.84546302],[1.51858191],[5.51093685]
[4.85152977],[1.50455399],[5.48639293]
[4.84947724],[1.48840478],[5.43190811]
[4.88465417],[1.46731734],[5.34277677]
[4.9079644],[1.44976534],[5.22301428]
[4.92765085],[1.43296026],[5.09617707]
[4.91286455],[1.4154252],[4.9676137]
[4.91643289],[1.39539002],[4.86142497]
[4.91586532],[1.3748545],[4.77256292]
[4.90540531],[1.36016628],[4.68352862]
[4.9201457],[1.35011538],[4.6010779]
[4.91590358],[1.3394704],[4.51793845]
[4.91267892],[1.3281813],[4.43418237]
[4.88582651],[1.31354855],[4.33575246]
[4.88263404],[1.29292506],[4.27816002]
[4.87272132],[1.27295304],[4.20355928]
[4.85613179],[1.2533634],[4.11556229]
[4.87273982],[1.23131768],[4.08427151]
[4.78919722],[1.21123184],[4.00565989]
[4.01585067],[1.18955929],[3.40075078]
[3.56865476],[1.56276421],[3.44163411]
[1.46902285],[0.8932327],[0.72809414]
[1.6558677],[0.7291096],[1.06534732]
[2.4764347],[0.93739699],[1.72422886]
[2.59745064],[1.01461426],[2.30002106]
[2.82269089],[1.10793473],[2.70392377]
[3.11693375],[1.25590619],[3.02102599]
[3.32174481],[1.40445798],[3.55795419]
[3.71089121],[1.46524701],[3.95259137]
[3.93675131],[1.46803096],[4.2191835]
[4.04900261],[1.46258601],[4.30989068]
[4.10216746],[1.47746484],[4.38088272]
[4.13589131],[1.4863077],[4.40461675]
[4.19252576],[1.50092547],[4.52488847]
[4.20579396],[1.50850743],[4.56410574]
[4.39579615],[1.51046654],[4.76016912]
[4.4443525],[1.5132603],[4.8033381]
[4.5697464],[1.51064606],[4.94826908]
[4.59986521],[1.51314787],[4.94829846]
[4.63602253],[1.50984549],[5.06496455]
[4.66788106],[1.51384198],[5.05405017]
[4.65771729],[1.51518052],[5.15974377]
[4.70315213],[1.52212293],[5.17296108]
[4.67474585],[1.52567328],[5.29920285]
[4.72416861],[1.53449979],[5.32133302]
[4.68291084],[1.53824471],[5.43617505]
[4.76785254],[1.54700322],[5.50079362]
[4.71269676],[1.55244207],[5.63592454]
[4.83474204],[1.55487168],[5.67363731]
[4.76443459],[1.56754562],[5.82378878]
[4.90307175],[1.56565804],[5.89391948]
[4.87471578],[1.57928294],[6.0307621]
[4.90065311],[1.58175969],[6.09540517]
[4.93744319],[1.58624588],[6.18953466]
[4.98938612],[1.58899305],[6.27130247]
[5.01663778],[1.60044016],[6.31707519]
[5.04548868],[1.60264635],[6.3343779]
[5.01964478],[1.57126638],[6.25574273]
[5.04756878],[1.53292657],[6.14878088]
[5.06057453],[1.51509704],[6.0262465]
[5.07009792],[1.49455809],[5.85638766]
[5.04993598],[1.47306805],[5.64695395]
[5.05693002],[1.44929535],[5.45238853]
[5.04913198],[1.42613425],[5.26413037]
[5.02073891],[1.40287935],[5.11285324]
[5.0292114],[1.37935],[4.96858027]
[5.01963383],[1.36769813],[4.83402862]
[5.01279432],[1.35634506],[4.73417867]
[4.99358396],[1.34317067],[4.62106752]
[5.00243728],[1.32314241],[4.56084463]
[4.9999147],[1.3042801],[4.47614707]
[4.97746224],[1.28404135],[4.35559914]
[4.97525097],[1.26251084],[4.28821225]
[4.86116751],[1.24285088],[4.19243886]
[4.07222247],[1.22360543],[3.5594062]
[3.53853806],[1.58514858],[3.59697405]
[1.41721034],[0.97413253],[0.74730088]
[1.6749015],[0.73850628],[1.07987501]
[2.49368275],[0.94957306],[1.75602069]
[2.61768388],[1.02677137],[2.3676752]
[2.89773413],[1.1381009],[2.79098078]
[3.18194791],[1.30163964],[3.13399908]
[3.36625008],[1.44522938],[3.63761304]
[3.79831564],[1.47021151],[4.05188933]
[3.99298927],[1.48647701],[4.31714973]
[4.09606139],[1.49288183],[4.45997569]
[4.13504789],[1.50745583],[4.56865367]
[4.16984321],[1.51524496],[4.59501206]
[4.27640084],[1.52948579],[4.74304126]
[4.30323517],[1.53608402],[4.79332113]
[4.50040723],[1.54474889],[5.00868015]
[4.56283183],[1.54845972],[5.08114116]
[4.63007496],[1.55025021],[5.28673495]
[4.67060193],[1.55705135],[5.34579528]
[4.68439188],[1.55808187],[5.51808917]
[4.74000569],[1.5652991],[5.58619155]
[4.71972132],[1.58749183],[5.77704429]
[4.79740553],[1.58946107],[5.8610775]
[4.75773726],[1.6263377],[6.05449227]
[4.84599056],[1.63351104],[6.14577179]
[4.79546335],[1.6640394],[6.30203953]
[4.92459547],[1.65800591],[6.41119742]
[4.84849031],[1.67529949],[6.50824452]
[5.036089],[1.66927629],[6.61231021]
[4.93096792],[1.68456252],[6.68466499]
[5.20282884],[1.67848257],[6.83826476]
[5.23930819],[1.69519737],[6.95412692]
[5.36344254],[1.6947947],[7.12810756]
[5.42369681],[1.70898161],[7.22756332]
[5.49741597],[1.71626246],[7.37219315]
[5.5497559],[1.72550123],[7.43994001]
[5.57495557],[1.73128645],[7.48467436]
[5.56556927],[1.70116094],[7.45038544]
[5.59148908],[1.66636251],[7.32632317]
[5.60714673],[1.62835653],[7.17986507]
[5.62035863],[1.59157288],[7.00656369]
[5.60528306],[1.55645832],[6.76165722]
[5.53689526],[1.51745078],[6.45938705]
[5.36836154],[1.49586942],[6.15259005]
[5.17051677],[1.47358541],[5.88230429]
[5.16431895],[1.44852431],[5.65865165]
[5.15892735],[1.42257056],[5.45481476]
[5.15720621],[1.4040218],[5.27423261]
[5.13568436],[1.38469588],[5.09305988]
[5.14218058],[1.35910184],[4.95981303]
[5.13087811],[1.33491361],[4.81516004]
[5.10033782],[1.31293603],[4.63630799]
[5.08947417],[1.28956563],[4.51366862]
[4.97071751],[1.26993235],[4.38761113]
[4.17089083],[1.2504252],[3.71756748]
[3.647976],[1.6207718],[3.81669618]
[1.43088258],[1.07807881],[0.88275725]
[1.66682265],[0.73801145],[1.06641875]
[2.49387148],[0.96332574],[1.77558263]
[2.60787084],[1.0439638],[2.41390539]
[2.95415329],[1.16615274],[2.87684306]
[3.21597594],[1.35276019],[3.25123612]
[3.49430782],[1.48417591],[3.76095303]
[3.84474484],[1.50358332],[4.14148998]
[4.03362765],[1.52088928],[4.4283054]
[4.11994111],[1.52723123],[4.63858453]
[4.18491822],[1.54449936],[4.78786606]
[4.19448019],[1.56328106],[4.85395443]
[4.43210796],[1.58622213],[5.10283844]
[4.47517068],[1.5971415],[5.22396901]
[4.61033007],[1.60853241],[5.53554125]
[4.68695079],[1.61196301],[5.72005067]
[4.73836051],[1.63355518],[6.04337041]
[4.7917162],[1.6384986],[6.15721583]
[4.79113306],[1.66988445],[6.36027644]
[4.87359187],[1.67429842],[6.45087266]
[4.85618217],[1.7015395],[6.62352496]
[4.96583284],[1.70509981],[6.74919531]
[4.95715714],[1.73388243],[6.92074811]
[5.16078396],[1.7403491],[7.11096981]
[5.18202764],[1.76485971],[7.27839136]
[5.3843693],[1.76237789],[7.46761875]
[5.35755995],[1.77813759],[7.58481385]
[5.55229683],[1.7756228],[7.75297465]
[5.50792117],[1.78826635],[7.86888795]
[5.67561685],[1.78472041],[8.02048622]
[5.74973689],[1.79874364],[8.20681431]
[5.80319653],[1.79954097],[8.30832052]
[5.99295894],[1.80897419],[8.54263564]
[6.03393624],[1.81592408],[8.62980932]
[6.16681256],[1.82513739],[8.8203391]
[6.16090356],[1.82887378],[8.83075664]
[6.17528815],[1.80267669],[8.84203974]
[6.17709066],[1.77055542],[8.71630926]
[6.1803799],[1.73899045],[8.55333987]
[6.19190913],[1.70534302],[8.36552117]
[6.17757427],[1.66944595],[8.12943951]
[6.20323773],[1.6314097],[7.82144833]
[6.00188394],[1.59579825],[7.44710949]
[5.80102016],[1.5614015],[7.08526169]
[5.71996351],[1.52315753],[6.74870222]
[5.59573416],[1.49814545],[6.40845614]
[5.4577861],[1.47220177],[6.08722198]
[5.26050606],[1.44747274],[5.80470679]
[5.23739201],[1.42332666],[5.59973946]
[5.23360149],[1.3996474],[5.39803932]
[5.21141811],[1.37510234],[5.14849546]
[5.21954332],[1.34762072],[4.96862495]
[5.13581845],[1.32168175],[4.78041464]
[4.35453695],[1.29427691],[4.06833037]
[3.95557903],[1.66604005],[4.12384325]
[1.67165948],[1.17970793],[1.17046841]
[1.68511918],[0.74704941],[1.11919673]
[2.5136308],[0.9768661],[1.82114657]
[2.65132935],[1.07851787],[2.55274443]
[3.01775301],[1.23543968],[3.0351861]
[3.29480471],[1.41376859],[3.44116159]
[3.60592761],[1.52690854],[3.92388816]
[3.90882629],[1.54993193],[4.30378405]
[4.07526183],[1.57590272],[4.70598956]
[4.16376003],[1.59057468],[5.00042498]
[4.36155258],[1.61283598],[5.27046593]
[4.45372474],[1.6297754],[5.4339606]
[4.60690168],[1.65111902],[5.78138464]
[4.70105094],[1.66408497],[5.98871002]
[4.75217819],[1.67660656],[6.35835354]
[4.82957411],[1.69793824],[6.57318152]
[4.89057916],[1.73668344],[6.83740093]
[5.11745753],[1.74152557],[7.05608409]
[5.21630419],[1.76829012],[7.28337913]
[5.39278585],[1.77584909],[7.52733516]
[5.4267422],[1.80134418],[7.76445622]
[5.54529577],[1.81029828],[7.95265343]
[5.60124676],[1.83487801],[8.24155607]
[5.70869774],[1.84662197],[8.41910883]
[5.8312466],[1.86606352],[8.73698018]
[5.95768097],[1.86827509],[8.86409297]
[6.01158123],[1.8838871],[9.10086072]
[6.19760659],[1.88495414],[9.24770541]
[6.15192735],[1.89718458],[9.39989226]
[6.35138502],[1.89759462],[9.55961772]
[6.33022703],[1.91022355],[9.71466382]
[6.43609631],[1.91227756],[9.86145338]
[6.49538282],[1.9188229],[10.03693673]
[6.6379581],[1.92612069],[10.20122888]
[6.71029376],[1.93462255],[10.31159386]
[6.82834507],[1.93095604],[10.45489593]
[6.76260299],[1.91727445],[10.42218176]
[6.8331143],[1.89129587],[10.4065921]
[6.7877181],[1.86234503],[10.20420992]
[6.78722265],[1.83097943],[9.96629902]
[6.76385054],[1.79756458],[9.68290933]
[6.77315017],[1.76019672],[9.3685356]
[6.76150998],[1.72425013],[9.00558872]
[6.57319819],[1.69216023],[8.60896039]
[6.48913395],[1.65339013],[8.27191023]
[6.35162684],[1.59749474],[7.89445176]
[6.11780624],[1.56516897],[7.46665231]
[5.90918793],[1.52312919],[7.05131046]
[5.84565775],[1.48577869],[6.69882397]
[5.74464559],[1.46319059],[6.35860831]
[5.60965028],[1.43996655],[6.03103142]
[5.44526121],[1.41410171],[5.73269068]
[5.22973933],[1.38962122],[5.41391628]
[4.46170672],[1.36468065],[4.59625253]
[4.18666032],[1.71118487],[4.53968469]
[1.88981175],[1.27195973],[1.46889194]
[1.70139205],[0.76168774],[1.23791542]
[2.53722054],[0.98897751],[1.87040595]
[2.76261263],[1.10448856],[2.65600529]
[3.0824056],[1.30816129],[3.16474873]
[3.40141422],[1.48379646],[3.68158786]
[3.71482557],[1.58650098],[4.19016187]
[3.99933296],[1.61427982],[4.63493299]
[4.22818993],[1.63677988],[5.18116972]
[4.4325183],[1.650379],[5.57356134]
[4.60826603],[1.67072529],[5.99834756]
[4.72105027],[1.69034556],[6.24900631]
[4.75764814],[1.71314871],[6.61121527]
[4.85648595],[1.72927672],[6.84641238]
[4.88883297],[1.7836336],[7.13663401]
[5.20708521],[1.82000114],[7.44468853]
[5.38388273],[1.85484962],[7.86048574]
[5.57087507],[1.86388049],[8.26454013]
[5.7615311],[1.8883224],[8.682724]
[5.93509818],[1.89986173],[8.90959092]
[6.07653222],[1.92238567],[9.30708499]
[6.21735022],[1.93251105],[9.52620835]
[6.20353134],[1.95378165],[9.82564542]
[6.34295482],[1.96608374],[10.05567454]
[6.32764954],[1.98066792],[10.30814906]
[6.56227213],[1.98624462],[10.5796789]
[6.49847973],[1.9977744],[10.72934147]
[6.81726728],[2.00247367],[11.02087364]
[6.73746503],[2.01009314],[11.13445864]
[7.01549937],[2.01473145],[11.41065839]
[6.97920285],[2.02409072],[11.52341636]
[7.05269685],[2.02793986],[11.69249353]
[7.11762226],[2.03334426],[11.8504726]
[7.17468426],[2.04179614],[11.99250317]
[7.32447663],[2.04981213],[12.15909329]
[7.36216093],[2.04156431],[12.20886081]
[7.38942993],[2.02483779],[12.25366445]
[7.36667631],[2.00547139],[12.18321671]
[7.40838794],[1.97956377],[12.10254338]
[7.37018352],[1.95257447],[11.84570155]
[7.34906663],[1.92358569],[11.56811165]
[7.36469771],[1.89187748],[11.25035843]
[7.36438571],[1.86147614],[10.8895993]
[7.30850592],[1.83022288],[10.41315606]
[7.22229126],[1.79576337],[9.99628609]
[7.08709045],[1.7672477],[9.56461333]
[6.87186058],[1.73334122],[9.11893242]
[6.68365349],[1.69029907],[8.67532463]
[6.60959526],[1.62832237],[8.2792314]
[6.47365574],[1.55036251],[7.79545532]
[6.21213828],[1.50233828],[7.25799772]
[6.04179695],[1.47642067],[6.85463635]
[5.85697361],[1.45265802],[6.39569118]
[5.02374867],[1.42834674],[5.38655329]
[4.35431933],[1.80914556],[4.93467871]
[2.05965623],[1.3311372],[1.68433849]
[1.72199603],[0.78697203],[1.4140037]
[2.57368664],[1.01039415],[1.94945236]
[2.90298006],[1.1901186],[2.87939723]
[3.19935612],[1.40420806],[3.45599926]
[3.59852988],[1.55986533],[4.06751988]
[3.86172331],[1.64247399],[4.58556325]
[4.15603404],[1.67062632],[5.16384276]
[4.45939366],[1.68978579],[5.72459645]
[4.68589278],[1.70529698],[6.29092692]
[4.76437218],[1.7282946],[6.76176412]
[4.8837729],[1.7454278],[7.03936894]
[4.90743515],[1.79647195],[7.33136794]
[5.24316453],[1.84521714],[7.72707641]
[5.36402439],[1.90257876],[8.15565559]
[5.55972283],[1.93824738],[8.54894432]
[5.84108639],[1.96784484],[9.09699301]
[6.16758508],[1.97924433],[9.66888853]
[6.24165846],[1.99918929],[10.15771751]
[6.48171312],[2.0127707],[10.51513706]
[6.58632596],[2.03104423],[10.83419146]
[6.8496514],[2.04342967],[11.23470614]
[6.83031398],[2.06068682],[11.49805366]
[7.00127225],[2.07401792],[11.83842915]
[6.95684882],[2.08440315],[12.06638773]
[7.16425516],[2.09284003],[12.39125248]
[7.10275201],[2.10189107],[12.56378352]
[7.32821718],[2.1098251],[12.84127289]
[7.28983288],[2.11576599],[12.97744352]
[7.50879752],[2.12368998],[13.22595342]
[7.58876759],[2.12973402],[13.46697555]
[7.64824568],[2.13545824],[13.61044552]
[7.76138778],[2.13971652],[13.87044423]
[7.80374604],[2.14791337],[13.99219379]
[7.91580636],[2.1544882],[14.18117106]
[7.99146838],[2.14679647],[14.22197065]
[7.969824],[2.12797375],[14.25037464]
[8.00991647],[2.10280987],[14.2425565]
[7.99208743],[2.07952457],[14.11613782]
[8.00158491],[2.05495563],[13.91495341]
[7.9689044],[2.02722265],[13.58393699]
[7.9907938],[1.99646553],[13.27075814]
[7.99642026],[1.96775678],[12.90343734]
[7.98594654],[1.93987949],[12.45285129]
[7.93390084],[1.90980045],[11.96133592]
[7.78631287],[1.88092688],[11.43615649]
[7.57008238],[1.84793969],[10.91221425]
[7.41142124],[1.81708469],[10.41190455]
[7.3334897],[1.7713748],[9.96682072]
[7.19948689],[1.71250907],[9.45256859]
[6.96662888],[1.6448663],[8.8565785]
[6.81111818],[1.55546556],[8.33012756]
[6.59994568],[1.50925067],[7.81987186]
[5.74989459],[1.48580535],[6.57193038]
[4.55374246],[1.87031082],[5.28457404]
[2.19408318],[1.3826342],[1.91292377]
[1.72379331],[0.93442096],[1.69222596]
[2.57763371],[1.0409267],[2.13135347]
[3.07979552],[1.28966522],[3.19998657]
[3.35168188],[1.48727612],[3.81434034]
[3.75321649],[1.62452004],[4.489483]
[4.04170922],[1.69518874],[5.05453054]
[4.39467887],[1.7258841],[5.67252054]
[4.61490956],[1.74507171],[6.34834244]
[4.81881342],[1.76073147],[6.96494064]
[4.89518588],[1.80811216],[7.43233692]
[5.20779098],[1.85195821],[7.90204603]
[5.33629411],[1.91577139],[8.35307571]
[5.53640327],[1.96419155],[8.77714758]
[5.71063017],[2.01358987],[9.25075701]
[6.01878221],[2.04934217],[9.81298247]
[6.21755058],[2.07468915],[10.46196858]
[6.55351098],[2.08865807],[11.03852634]
[6.79764277],[2.10357246],[11.6725122]
[7.00665618],[2.11918499],[12.20438273]
[7.10016605],[2.13252412],[12.58458894]
[7.2695856],[2.14691524],[12.92817134]
[7.39481369],[2.16072035],[13.32271649]
[7.49655199],[2.17514598],[13.62717513]
[7.543767],[2.18396965],[14.00091313]
[7.70998063],[2.19570404],[14.33746713]
[7.65835161],[2.20001319],[14.56233633]
[7.87742754],[2.20951372],[14.89314739]
[7.76889321],[2.21838293],[15.02379315]
[8.05509562],[2.22845583],[15.36950118]
[8.01186412],[2.23401121],[15.51893968]
[8.16680499],[2.24873129],[15.76414885]
[8.22895397],[2.25145789],[15.96548238]
[8.38027516],[2.264364],[16.22763602]
[8.47735309],[2.26864832],[16.38482998]
[8.59398321],[2.27609452],[16.53338582]
[8.57808012],[2.26465995],[16.52682146]
[8.63146618],[2.22421273],[16.56035617]
[8.62116623],[2.21435695],[16.41087306]
[8.64928584],[2.16990758],[16.23950436]
[8.60736668],[2.12303637],[15.87009699]
[8.63164674],[2.09529108],[15.54558709]
[8.63044406],[2.06906566],[15.15987902]
[8.61179951],[2.04222086],[14.69030774]
[8.62699127],[2.0136686],[14.1573612]
[8.50547038],[1.98718421],[13.52154407]
[8.27515307],[1.958859],[12.93609628]
[8.10290687],[1.92488524],[12.37245783]
[8.01872172],[1.88784075],[11.84735767]
[7.88188066],[1.84294495],[11.30199064]
[7.64435194],[1.79255714],[10.68011153]
[7.50225693],[1.73170445],[10.08747519]
[7.28980574],[1.66324569],[9.48219941]
[6.44404889],[1.5743877],[8.20089554]
[4.8142828],[1.93689512],[5.69292044]
[2.48424769],[1.42599845],[2.20693688]
[1.73683848],[1.02221327],[1.92317627]
[2.58892832],[1.09806761],[2.37916591]
[3.21880862],[1.38418843],[3.51912167]
[3.48733373],[1.56168549],[4.19343147]
[3.85663383],[1.68020657],[4.89386714]
[4.16733932],[1.74611555],[5.53653545]
[4.5439072],[1.77559136],[6.23891541]
[4.70143328],[1.79942796],[6.96140506]
[4.96154629],[1.85636526],[7.62258209]
[5.17854069],[1.91943655],[8.34900471]
[5.43350779],[1.96453106],[8.8708114]
[5.49742761],[2.02036579],[9.29991055]
[5.73716101],[2.06695869],[9.84608875]
[6.04839771],[2.10970831],[10.57609334]
[6.2765744],[2.14698709],[11.13878087]
[6.51625668],[2.17158071],[11.80317808]
[6.89901228],[2.1880012],[12.59896953]
[7.02411524],[2.20219211],[13.20471294]
[7.29106087],[2.21937246],[13.86576527]
[7.54051936],[2.23556018],[14.47864589]
[7.71309248],[2.25396583],[14.87813136]
[7.73745219],[2.2708506],[15.22913533]
[7.94338072],[2.29231492],[15.6512474]
[8.08477332],[2.3106854],[15.98738197]
[8.36420135],[2.33121084],[16.55598159]
[8.36610677],[2.34926853],[16.80189966]
[8.56309512],[2.35904239],[17.3562135]
[8.48451188],[2.37714552],[17.45436218]
[8.6835465],[2.38644597],[17.92601463]
[8.67636012],[2.39528723],[18.01504043]
[8.74125637],[2.40113535],[18.26423065]
[8.9420774],[2.41291903],[18.52213277]
[9.00997332],[2.41916381],[18.7080824]
[9.17750948],[2.43530236],[19.01469405]
[9.23033539],[2.44157517],[19.13691492]
[9.28202074],[2.4553887],[19.21971106]
[9.32808343],[2.45877069],[19.18547424]
[9.34596555],[2.44463549],[19.14135606]
[9.33388653],[2.40155724],[18.91287431]
[9.29078264],[2.34077077],[18.58088479]
[9.27407671],[2.26575207],[18.11196017]
[9.2302662],[2.19721213],[17.67152438]
[9.18710555],[2.12855207],[17.17026108]
[9.16829662],[2.10207634],[16.63095664]
[9.16338385],[2.07666169],[16.02344325]
[8.99628121],[2.05190727],[15.27902946]
[8.83336165],[2.02205365],[14.60204802]
[8.69357807],[1.98788251],[13.95644739]
[8.45051151],[1.946191],[13.26213831]
[8.24787653],[1.90071956],[12.62856002]
[8.15751568],[1.85120233],[12.05345898]
[7.88485411],[1.79997804],[11.35251067]
[6.94837668],[1.7397655],[9.87661278]
[4.94659831],[1.9889668],[6.14165796]
[2.62210732],[1.44450067],[2.48129885]
[1.74845458],[1.09546473],[2.10923059]
[2.5986739],[1.15668077],[2.50504517]
[3.35069894],[1.42818426],[3.70245341]
[3.61194849],[1.6062553],[4.41592533]
[3.96743629],[1.71679996],[5.17970755]
[4.32707719],[1.78196412],[5.91260184]
[4.65604321],[1.84105369],[6.75654857]
[4.81214152],[1.88909279],[7.49507876]
[5.19754273],[1.96475301],[8.31217663]
[5.36099376],[2.02372684],[9.10799047]
[5.57739285],[2.06808621],[9.68373808]
[5.7489992],[2.11921823],[10.24430516]
[6.06832874],[2.16795254],[10.98051998]
[6.21538035],[2.20841889],[11.62740681]
[6.56576181],[2.23971912],[12.41971528]
[6.83020221],[2.28014059],[13.19370053]
[7.07760336],[2.31824157],[13.96070555]
[7.41525513],[2.33772969],[14.79697668]
[7.6416049],[2.36057988],[15.55948891]
[7.83221562],[2.38193241],[16.20902932]
[8.17069092],[2.40524305],[16.83096992]
[8.27226739],[2.42524847],[17.23396736]
[8.48438546],[2.45266209],[17.82902104]
[8.51665266],[2.48901771],[18.15226787]
[8.72680034],[2.52621082],[18.77208279]
[8.87869283],[2.55237572],[19.0743569]
[9.07910137],[2.56739109],[19.67106884]
[9.11400532],[2.58615787],[19.89140724]
[9.33450201],[2.60304605],[20.41391798]
[9.35705671],[2.611513],[20.68771528]
[9.43414249],[2.62871218],[20.96780753]
[9.50155815],[2.63190415],[21.27080106]
[9.55384821],[2.64532331],[21.46403131]
[9.60287165],[2.6495259],[21.6977004]
[9.70752824],[2.65462301],[21.82467882]
[9.77163413],[2.63672659],[21.81585056]
[9.97287853],[2.63604512],[21.89199616]
[10.02719757],[2.62102736],[21.77812235]
[10.04451507],[2.58628936],[21.67644876]
[9.96853563],[2.53977191],[21.31511565]
[9.955449],[2.48176066],[20.93124194]
[9.88650897],[2.42326022],[20.3158786]
[9.8059029],[2.35843371],[19.73368759]
[9.74851356],[2.28001926],[19.12185052]
[9.68700354],[2.21073199],[18.50438372]
[9.61014656],[2.14167404],[17.79537696]
[9.4495342],[2.10876952],[17.04580576]
[9.14443697],[2.07861957],[16.18736289]
[8.97563516],[2.04396914],[15.40564179]
[8.84736484],[2.00658544],[14.72724266]
[8.65960899],[1.96396832],[13.98629719]
[8.20682761],[1.91927487],[13.14737878]
[7.40824047],[1.87115631],[11.60681443]
[5.11258779],[2.03767404],[6.56582038]
[2.72505289],[1.46218307],[2.67811439]
[1.76392419],[1.13583888],[2.30089519]
[2.60764426],[1.21403932],[2.61243838]
[3.4496261],[1.46623024],[3.87265764]
[3.74812353],[1.63952269],[4.63287003]
[4.08256484],[1.74520179],[5.4366188]
[4.45367795],[1.82879948],[6.29627226]
[4.78751468],[1.89190201],[7.20038035]
[4.92724091],[1.97263385],[7.9667361]
[5.38537303],[2.04474885],[8.9327865]
[5.48946385],[2.10910253],[9.73431944]
[5.73011747],[2.15558421],[10.35757555]
[6.01495983],[2.19800546],[11.19748392]
[6.28830534],[2.23954686],[11.89877809]
[6.52049844],[2.29641117],[12.65546838]
[6.84786237],[2.35709619],[13.61923172]
[7.05521962],[2.42125968],[14.39481423]
[7.35343495],[2.48478541],[15.29992378]
[7.64247155],[2.51649868],[16.24025905]
[7.89456994],[2.55241635],[17.09567737]
[8.23446644],[2.58446372],[17.87843268]
[8.52617138],[2.61739619],[18.75517251]
[8.57720526],[2.64374296],[19.13026748]
[8.78031326],[2.67427017],[19.77960421]
[9.03882334],[2.70166253],[20.22027289]
[9.34788821],[2.73049198],[20.9019259]
[9.3283177],[2.74823315],[21.26122543]
[9.64530848],[2.76416396],[21.993627]
[9.46446997],[2.78047113],[22.23033488]
[9.77992488],[2.79385429],[22.92904391]
[9.71053131],[2.80099813],[23.12803642]
[9.99181999],[2.80949709],[23.54040329]
[10.09602302],[2.81580033],[23.81154438]
[10.22192391],[2.82264907],[24.19493427]
[10.32433233],[2.82957751],[24.42542457]
[10.36232317],[2.83229041],[24.66070876]
[10.38488864],[2.83026097],[24.64480797]
[10.4117928],[2.82141623],[24.65603424]
[10.49880728],[2.80015979],[24.50264264]
[10.48554752],[2.76470381],[24.3774465]
[10.47686099],[2.71801001],[24.05168483]
[10.40978273],[2.65894324],[23.68639667]
[10.41567235],[2.60599297],[23.14429787]
[10.32476517],[2.55404446],[22.4792433]
[10.29760019],[2.49271001],[21.78694235]
[10.26369336],[2.43021474],[20.97815971]
[10.23577076],[2.36128806],[20.18463643]
[10.02261256],[2.28055957],[19.17494031]
[9.75349268],[2.19915849],[18.17212675]
[9.6245881],[2.13665065],[17.40816024]
[9.39781288],[2.07566578],[16.54967665]
[9.09036642],[2.03679771],[15.58596851]
[8.80129653],[1.99569043],[14.73841392]
[8.0357557],[1.94656589],[13.14559881]
[5.38715268],[2.07834103],[7.03588083]
[2.84252646],[1.48820382],[2.90161337]
[1.75351436],[1.18992082],[2.50624078]
[2.60116884],[1.26205008],[2.68777058]
[3.43080769],[1.5033198],[3.98803223]
[3.85439912],[1.66822027],[4.84070332]
[4.15381444],[1.77136363],[5.67996929]
[4.56982857],[1.87199722],[6.67525059]
[4.89179931],[1.97150204],[7.60760376]
[5.1426575],[2.04923034],[8.41413637]
[5.50942287],[2.11893009],[9.45879981]
[5.66785452],[2.17232284],[10.30049065]
[5.97010608],[2.22105368],[11.1485129]
[6.17604142],[2.27294206],[11.9742547]
[6.4921846],[2.33914497],[12.83341553]
[6.79918132],[2.40605094],[13.73387133]
[7.0004681],[2.50288453],[14.66858509]
[7.38811423],[2.58370052],[15.66983608]
[7.63485459],[2.63833776],[16.65361054]
[7.81955687],[2.663678],[17.51663299]
[8.24803597],[2.69217592],[18.50921065]
[8.47773185],[2.71786083],[19.3443973]
[8.77750406],[2.74496964],[20.28862082]
[9.05080307],[2.76750619],[20.91766262]
[9.29425417],[2.79349528],[21.55373413]
[9.34342133],[2.81692291],[22.13962064]
[9.64256076],[2.84169061],[22.83293994]
[9.53914555],[2.85728991],[23.19313164]
[10.12781923],[2.87815772],[24.07683185]
[10.01015287],[2.90285168],[24.30024589]
[10.40779788],[2.91812723],[25.23787559]
[10.3562127],[2.93333883],[25.47291646]
[10.43051776],[2.94546837],[25.98626653]
[10.53160496],[2.95495292],[26.33292431]
[10.58851775],[2.96685188],[26.65992552]
[10.79679472],[2.97202296],[26.94442387]
[10.86206353],[2.98250239],[27.04983694]
[10.99792303],[2.9901052],[27.10312552]
[11.10612642],[2.98333498],[27.06868437]
[11.15695975],[2.96447762],[27.04078111]
[11.21120266],[2.93004669],[26.82069649]
[11.13237714],[2.8885238],[26.64892441]
[11.1420337],[2.82101216],[26.17186257]
[11.08519224],[2.7633554],[25.71029304]
[11.04944809],[2.70467715],[24.93061676]
[10.99080715],[2.63763953],[24.12721705]
[10.95058333],[2.57443556],[23.36238758]
[10.90899038],[2.51168939],[22.50413604]
[10.79051678],[2.4452463],[21.53456512]
[10.48515716],[2.3652013],[20.48105579]
[10.1769893],[2.29398443],[19.47828466]
[9.86972213],[2.19843758],[18.39096823]
[9.75689465],[2.0966719],[17.45659013]
[9.41996065],[2.06121933],[16.54596382]
[8.68782987],[2.01953862],[14.78471587]
[5.82166369],[2.10844579],[7.64764984]
[3.02094663],[1.50645159],[3.12601159]
[1.76384785],[1.23901186],[2.7486747]
[2.60862863],[1.32960619],[2.84089945]
[3.44630249],[1.54826664],[4.15466504]
[3.98844392],[1.70313837],[5.11278702]
[4.30350169],[1.81451461],[6.0311947]
[4.71942619],[1.92623204],[7.1279934]
[5.053085],[2.04911789],[8.07938548]
[5.35507938],[2.1258287],[8.94575738]
[5.70533737],[2.19688723],[10.05476449]
[5.92322306],[2.24340321],[11.02556203]
[6.21558958],[2.3167161],[12.00945078]
[6.41499856],[2.38105876],[12.85986062]
[6.79858342],[2.4718693],[14.01480634]
[7.00734282],[2.55901776],[14.88810861]
[7.27824895],[2.64040539],[15.91639001]
[7.64194119],[2.70407523],[17.02510336]
[7.85227555],[2.74973816],[17.96257277]
[8.17770255],[2.77127202],[18.85323386]
[8.51347757],[2.79618898],[19.96613734]
[8.76396705],[2.81876322],[20.85996306]
[9.23260253],[2.84265338],[21.93184603]
[9.35297156],[2.86246143],[22.79844308]
[9.57218158],[2.88591316],[23.51756583]
[9.61009427],[2.91552816],[24.01570605]
[10.12868044],[2.94813262],[24.90205869]
[10.12560868],[2.97202819],[25.28682337]
[10.53772682],[2.99924351],[26.33383607]
[10.3345077],[3.02311314],[26.54686796]
[10.7115047],[3.05456496],[27.52330471]
[10.72082139],[3.07502182],[27.74812902]
[10.86088172],[3.08657932],[28.17378031]
[11.08406209],[3.0922534],[28.72080545]
[11.20323245],[3.10410482],[29.02919217]
[11.34396632],[3.10893096],[29.51878273]
[11.4331802],[3.11924702],[29.66358682]
[11.45743294],[3.12677145],[29.81909202]
[11.59541238],[3.12345104],[29.79590919]
[11.67977768],[3.12096177],[29.74414639]
[11.74711992],[3.10428091],[29.52670704]
[11.74659713],[3.06295104],[29.2346054]
[11.72447557],[2.99171859],[28.83659493]
[11.72717186],[2.91968471],[28.37155391]
[11.6605116],[2.85115826],[27.70342088]
[11.67846499],[2.78304487],[26.93691879]
[11.61137662],[2.71821751],[26.07850598]
[11.56809165],[2.65026319],[25.15633962]
[11.50983266],[2.58151238],[24.10747331]
[11.40879948],[2.50886573],[22.96284603]
[11.10005711],[2.44677082],[21.78113807]
[10.72854745],[2.36529269],[20.63798902]
[10.35389569],[2.22982467],[19.52226333]
[10.07523165],[2.11520235],[18.34705203]
[9.270329],[2.07577807],[16.4371151]
[6.2608966],[2.1343538],[8.44150133]
[3.34189009],[1.5410591],[3.80205221]
[1.77639739],[1.29828897],[3.10875734]
[2.61634775],[1.37838505],[2.98615308]
[3.4625406],[1.58587507],[4.2987796]
[4.11216169],[1.73122189],[5.38517215]
[4.54221973],[1.86773158],[6.48336711]
[4.86487362],[2.0203999],[7.63315925]
[5.2797685],[2.12063637],[8.5963073]
[5.57653537],[2.20264159],[9.57021668]
[5.94069165],[2.26620418],[10.68311471]
[6.12085862],[2.31400478],[11.75846545]
[6.4435998],[2.40779241],[12.93259519]
[6.73743262],[2.49090609],[13.9088303]
[6.9959701],[2.58889574],[15.10297955]
[7.3311758],[2.66312975],[16.10090717]
[7.61345321],[2.73734945],[17.21987298]
[7.8213064],[2.79711889],[18.22691681]
[8.22466514],[2.83870036],[19.3028075]
[8.47274215],[2.85988246],[20.28773677]
[8.72318016],[2.88411691],[21.46585265]
[9.16752769],[2.91079017],[22.58443681]
[9.51233318],[2.94211862],[23.75864193]
[9.64839844],[2.96908996],[24.57486347]
[10.09397218],[3.00141432],[25.55566712]
[10.13306641],[3.0317768],[26.06030528]
[10.51963597],[3.06409737],[27.13781543]
[10.4060325],[3.09099824],[27.41795329]
[10.93053207],[3.12410985],[28.50301912]
[10.85621005],[3.15211706],[28.72839622]
[11.31269572],[3.18975497],[29.74641024]
[11.28411839],[3.21212829],[30.26125683]
[11.43234442],[3.22590377],[30.75855191]
[11.53889947],[3.23773497],[31.34512049]
[11.67501515],[3.25061285],[31.73396971]
[11.82504815],[3.2587533],[32.13065539]
[11.92598889],[3.27172333],[32.35105297]
[12.02517149],[3.28201051],[32.45978315]
[12.10202713],[3.28840245],[32.53419697]
[12.23202878],[3.29538646],[32.53778705]
[12.3004476],[3.28626421],[32.49352692]
[12.35109596],[3.24198899],[32.26841107]
[12.31489489],[3.17105507],[31.94524013]
[12.32564179],[3.0962666],[31.4367761]
[12.26068974],[3.02545755],[30.69438791]
[12.27710981],[2.9481782],[29.83569056]
[12.23282753],[2.86931414],[28.91155598]
[12.19287549],[2.79546837],[27.98540684]
[12.13700119],[2.72646901],[26.97932792]
[12.10535444],[2.65102427],[25.8284856]
[11.9437491],[2.58322666],[24.59261194]
[11.59016792],[2.51462634],[23.19101925]
[11.23879526],[2.39480146],[21.91561398]
[10.90043551],[2.27251976],[20.62647882]
[10.11736308],[2.14972248],[18.56815679]
[6.70880549],[2.17773196],[9.36266806]
[3.68731213],[1.57836025],[4.4280143]
[2.04298341],[1.34697303],[3.49540302]
[2.62436025],[1.42392707],[3.15923184]
[3.47769194],[1.62152488],[4.44462454]
[4.16365989],[1.75761167],[5.6866663]
[4.78851271],[1.93278094],[6.97573476]
[5.06924641],[2.07665354],[8.09587575]
[5.5073174],[2.18509578],[9.14613617]
[5.80056347],[2.26809162],[10.22501124]
[6.17187924],[2.31742328],[11.38498786]
[6.34541083],[2.41966672],[12.55825815]
[6.72169383],[2.53182387],[13.93040919]
[6.98695775],[2.60814344],[15.02193834]
[7.2162018],[2.69217593],[16.25051552]
[7.62261072],[2.75701043],[17.40935345]
[7.82255045],[2.82290521],[18.43396027]
[8.14684276],[2.87619709],[19.46112024]
[8.51627766],[2.92605526],[20.78016118]
[8.72344564],[2.96249716],[21.78084954]
[9.16415168],[2.9950159],[23.06398016]
[9.39293127],[3.02540502],[24.25033116]
[9.85752794],[3.06167607],[25.55738671]
[10.08347021],[3.0884243],[26.41222953]
[10.43960025],[3.12358617],[27.68372253]
[10.4056399],[3.1480731],[28.14566753]
[10.89954918],[3.18656613],[29.25219289]
[10.8901693],[3.22243765],[29.60273097]
[11.46680244],[3.26575748],[30.83332502]
[11.24571766],[3.30030289],[31.1501087]
[11.77490144],[3.34044919],[32.32082783]
[11.79893714],[3.35824302],[32.77165581]
[11.93541402],[3.37454016],[33.43871818]
[12.09641068],[3.39264625],[33.97643249]
[12.16893708],[3.41091244],[34.42245476]
[12.34592952],[3.42295685],[34.89663889]
[12.40917416],[3.43884804],[35.23072925]
[12.52459448],[3.45237899],[35.42020619]
[12.62826052],[3.46123417],[35.54006423]
[12.73863859],[3.46757693],[35.62737878]
[12.89141685],[3.45698101],[35.66809822]
[12.93517411],[3.4123676],[35.56259007]
[12.97430572],[3.36205529],[35.43887424]
[12.90968857],[3.29267748],[35.13945951]
[12.92676599],[3.2148826],[34.5829553]
[12.87310555],[3.1356786],[33.65840568]
[12.89948656],[3.05561138],[32.66131636]
[12.8392383],[2.97943528],[31.63139643]
[12.7806513],[2.90256119],[30.50850427]
[12.74769945],[2.82050979],[29.34339921]
[12.71532734],[2.74199149],[27.7377696]
[12.44190046],[2.66587712],[26.22102258]
[11.99144684],[2.56949576],[24.69695239]
[11.61650111],[2.45122068],[23.18780061]
[10.83581993],[2.32527312],[20.87811576]
[7.32939873],[2.22237859],[10.63976204]
[4.23320183],[1.63357929],[5.2895636]
[2.46848762],[1.3999268],[4.05688455]
[2.6187831],[1.45968013],[3.63643153]
[3.45977],[1.65423153],[4.55136513]
[4.15852022],[1.7822604],[5.95327157]
[4.98496706],[1.99913489],[7.48472327]
[5.2980984],[2.13000844],[8.57490502]
[5.67296542],[2.24221814],[9.66769004]
[5.9717256],[2.31570223],[10.81110302]
[6.3599806],[2.38155533],[12.0813657]
[6.57732277],[2.52348062],[13.36702297]
[6.90735396],[2.62644533],[14.82978859]
[7.27782718],[2.6954507],[16.09219608]
[7.54801395],[2.77143427],[17.37284857]
[7.80306891],[2.83020131],[18.49977938]
[8.11800833],[2.89066355],[19.6322393]
[8.44722283],[2.96015836],[20.80008556]
[8.69211451],[3.02437528],[22.13130728]
[9.10384346],[3.07600855],[23.29371638]
[9.44415279],[3.11618715],[24.70031463]
[9.58046046],[3.14666981],[25.82613925]
[10.2288514],[3.18797449],[27.41650772]
[10.29815449],[3.22790638],[28.35020457]
[10.75714527],[3.26870123],[29.65489654]
[10.8964464],[3.30221543],[30.32330965]
[11.41965505],[3.35084732],[31.49398475]
[11.1877232],[3.37723321],[31.99020638]
[11.84186501],[3.42630826],[33.30304233]
[11.69172436],[3.45165317],[33.55078085]
[12.22521059],[3.48518745],[34.79325488]
[12.3095504],[3.51045634],[35.22498196]
[12.41953526],[3.53958071],[36.02630076]
[12.57159266],[3.56539072],[36.74894458]
[12.67787662],[3.58498743],[37.40075304]
[12.79956757],[3.60007777],[38.04825961]
[12.93407835],[3.61897926],[38.47988313]
[13.00796032],[3.63763677],[38.7522886]
[13.2054689],[3.64944021],[39.03374103]
[13.34151218],[3.65470654],[39.30779137]
[13.49488175],[3.63750356],[39.52433187]
[13.66580379],[3.62008031],[39.62552582]
[13.65301226],[3.59064133],[39.52924846]
[13.6802258],[3.53188616],[39.42776634]
[13.60401524],[3.45713932],[39.1256646]
[13.64553984],[3.36398404],[38.5510165]
[13.57803348],[3.2797926],[37.57034881]
[13.61418282],[3.19604467],[36.33346176]
[13.50695066],[3.11871363],[35.0322087]
[13.4801913],[3.03095661],[33.59126018]
[13.47129898],[2.94412591],[32.19414965]
[13.44930939],[2.85662525],[30.62768943]
[13.15894992],[2.76648273],[28.48595442]
[12.47947927],[2.63824978],[26.25885514]
[11.57861463],[2.49349496],[23.70512733]
[7.99130242],[2.27129135],[12.8096485]
[4.83094939],[1.68333534],[6.3586694]
[3.01460701],[1.45112897],[4.96078137]
[2.62703472],[1.51037751],[4.12608119]
[3.47675189],[1.6928109],[4.72218198]
[4.16512336],[1.81467008],[6.259158]
[5.0014942],[2.06532001],[8.01198865]
[5.54817452],[2.18169112],[9.15581658]
[5.9186747],[2.29459821],[10.32792632]
[6.18881567],[2.37279758],[11.51675568]
[6.61757887],[2.47002652],[12.90212943]
[6.83952968],[2.62095743],[14.30652484]
[7.15535717],[2.71195152],[15.85249068]
[7.54308666],[2.77429041],[17.23102426]
[7.79770529],[2.84346675],[18.58151142]
[8.0274456],[2.89647954],[19.64888445]
[8.43826531],[2.97231612],[21.02166371]
[8.64974528],[3.04632971],[22.16106558]
[9.02585183],[3.11391549],[23.54369218]
[9.35334994],[3.16709018],[24.86466079]
[9.65178857],[3.22062589],[26.30598586]
[10.04830561],[3.26071836],[27.52689088]
[10.46212745],[3.31011103],[29.22885387]
[10.70216261],[3.34277483],[30.18744592]
[11.28058626],[3.39557821],[31.65135884]
[11.1948102],[3.42636685],[32.52996872]
[11.8070249],[3.47565397],[33.83928259]
[11.64884441],[3.50370086],[34.1795653]
[12.2622546],[3.55693281],[35.61757052]
[12.12187826],[3.59443817],[35.93112155]
[12.68259344],[3.63252645],[37.31051232]
[12.76661844],[3.66452327],[37.91699726]
[12.93531121],[3.7028852],[38.89474388]
[13.03069727],[3.73415074],[39.71080174]
[13.22167162],[3.75701425],[40.50035858]
[13.37819682],[3.77548542],[41.34249315]
[13.54197013],[3.7979642],[42.10277454]
[13.70418816],[3.81990398],[42.71041931]
[13.83226082],[3.83311484],[43.13865459]
[14.0169537],[3.84836504],[43.47446667]
[14.16556263],[3.8595124],[43.83007067]
[14.33478602],[3.87871073],[44.14399909]
[14.52066542],[3.83341215],[44.29008537]
[14.50958315],[3.78357536],[44.31165178]
[14.55224148],[3.70260771],[44.27862047]
[14.55344139],[3.60356682],[44.0295343]
[14.59613985],[3.51033041],[43.57768769]
[14.59600584],[3.42146909],[42.88985938]
[14.59492096],[3.32831598],[41.5985559]
[14.59875236],[3.2377273],[39.96697255]
[14.56757584],[3.15981301],[38.35933041]
[14.53064359],[3.06899714],[36.68960416]
[14.51781688],[2.96855423],[34.07202349]
[14.40369427],[2.87264615],[31.42844221]
[13.20213689],[2.71559397],[27.85690383]
[8.5325468],[2.32295223],[15.45146236]
[5.34915362],[1.76004537],[8.2683918]
[3.47886207],[1.5062864],[6.06682219]
[2.63482814],[1.55681784],[4.8445147]
[3.49327391],[1.72261245],[4.90146349]
[4.17220654],[1.85601592],[6.62838431]
[5.01966608],[2.12912284],[8.48169646]
[5.69122784],[2.23484629],[9.80943818]
[6.20155334],[2.3435397],[11.03761721]
[6.41687284],[2.43964614],[12.3108171]
[6.86467912],[2.58981369],[13.83785213]
[7.11097556],[2.70721348],[15.34996138]
[7.42792038],[2.7885742],[16.9339048]
[7.73583796],[2.84517039],[18.30616218]
[8.10107867],[2.90693079],[19.76854861]
[8.39245231],[2.97557463],[20.97309552]
[8.63646559],[3.05983117],[22.40578147]
[9.01157315],[3.14073706],[23.61691897]
[9.3837738],[3.2038797],[25.1860314]
[9.52108646],[3.27768135],[26.38709282]
[10.11053198],[3.33831241],[28.08203901]
[10.28577894],[3.37058584],[29.28790752]
[10.82528831],[3.42477776],[30.90837961]
[11.00227362],[3.45395382],[32.04073978]
[11.63823346],[3.50490853],[33.74544655]
[11.62976578],[3.54202782],[34.58805303]
[12.27324327],[3.59860443],[36.12067789]
[12.08119016],[3.63754556],[36.49169384]
[12.7086518],[3.69111442],[38.04802298]
[12.53573795],[3.73271096],[38.47389564]
[13.1609058],[3.77673893],[40.00580743]
[13.3158258],[3.8142161],[40.75822308]
[13.52852708],[3.8635458],[41.82299563]
[13.71919898],[3.89890249],[42.87102008]
[13.85186953],[3.92575205],[44.00936746]
[14.06770031],[3.94769452],[45.16695136]
[14.21733752],[3.97454939],[46.03299493]
[14.3539927],[4.00052978],[46.88007126]
[14.54076997],[4.01288272],[47.66729457]
[14.67243385],[4.03797366],[48.09871426]
[14.92904701],[4.06154339],[48.52085442]
[15.20973814],[4.07600546],[48.99522603]
[15.46105721],[4.04212599],[49.48755273]
[15.61576954],[4.00530289],[49.89311127]
[15.62873752],[3.93955938],[50.03388762]
[15.66192575],[3.85215325],[50.0915936]
[15.69663356],[3.7529752],[49.9158871]
[15.696587],[3.65702174],[49.44096626]
[15.71040136],[3.55965437],[48.59982336]
[15.68373616],[3.4589785],[47.33393064]
[15.70772736],[3.37025613],[45.89687449]
[15.62552698],[3.2837284],[43.80539454]
[15.5980566],[3.19466897],[41.82736512]
[15.58633979],[3.11629555],[39.6764349]
[15.05343377],[2.97803277],[35.96582374]
[9.01393938],[2.5338674],[19.66817742]
[6.35238192],[1.91175322],[10.78098042]
[4.03558163],[1.59048429],[7.77415636]
[2.64269571],[1.59598515],[6.06599182]
[3.51075297],[1.74928799],[5.08776277]
[4.17945386],[1.89351503],[6.96873786]
[5.0386587],[2.17955199],[8.88695954]
[5.6979247],[2.28534659],[10.3976676]
[6.49900078],[2.39943627],[11.84113313]
[6.69835547],[2.51498923],[13.17804598]
[7.12160458],[2.68933412],[14.87115291]
[7.3863162],[2.79082426],[16.47780637]
[7.75138246],[2.86330489],[18.10555643]
[7.97339673],[2.90946628],[19.42948989]
[8.40744398],[2.99236466],[21.06576781]
[8.63731246],[3.0656565],[22.33822072]
[8.85868027],[3.14569973],[23.82698208]
[9.30520222],[3.20397022],[25.2258672]
[9.60970099],[3.3337923],[26.84659532]
[9.95423122],[3.39551109],[28.04054419]
[10.40762561],[3.44612245],[29.8678456]
[10.61158565],[3.47163503],[30.9587621]
[11.32891749],[3.53031268],[32.86894091]
[11.23804406],[3.5616721],[33.89253264]
[12.03948882],[3.62069817],[35.79720114]
[12.02796274],[3.6587942],[36.73708094]
[12.69478484],[3.71976261],[38.5272843]
[12.48860038],[3.76079524],[38.9997515]
[13.18557306],[3.8204972],[40.67424023]
[13.04781808],[3.86688259],[41.13759777]
[13.6435951],[3.92468817],[42.83670031]
[13.93635976],[3.977835],[43.93024428]
[14.17155632],[4.04024333],[45.32889364]
[14.36827754],[4.07446209],[46.63672162]
[14.55599671],[4.10325221],[47.886239]
[14.7002324],[4.1272578],[49.18747118]
[14.89413734],[4.15355116],[50.3275791]
[15.03575748],[4.16860069],[51.18763436]
[15.22985372],[4.18937708],[52.10475408]
[15.5062972],[4.21242901],[53.03031225]
[15.76390534],[4.234978],[53.69509619]
[16.01395984],[4.23530682],[54.36649062]
[16.32841568],[4.20402529],[55.05215812]
[16.56623592],[4.16707216],[55.66138412]
[16.64904959],[4.12431936],[56.04847808]
[16.72951422],[4.05933362],[56.3834604]
[16.71859313],[4.02025599],[56.43421029]
[16.79025075],[3.95085457],[56.2808476]
[16.76880038],[3.84404634],[55.77357677]
[16.79455682],[3.70348578],[54.7530465]
[16.76796293],[3.60278555],[53.42482266]
[16.74553419],[3.50333927],[51.85762747]
[16.71189915],[3.40988617],[49.96828855]
[16.67601971],[3.32417923],[47.64668737]
[16.22773941],[3.23559786],[44.11276125]
[9.53288597],[2.9734633],[25.11732089]
[7.47093757],[2.49291486],[16.10115841]
[5.49377556],[1.90801297],[10.4303708]
[3.08839363],[1.6335834],[7.48877378]
[3.49216836],[1.77345639],[5.51963135]
[4.17461054],[1.93866199],[7.23653429]
[5.01740202],[2.22684018],[9.2158804]
[5.69369861],[2.33172754],[10.85152436]
[6.56244016],[2.45918163],[12.59776816]
[6.95436116],[2.58978934],[14.11444515]
[7.33205276],[2.75751123],[15.83291214]
[7.60387433],[2.85486974],[17.49879727]
[8.03504099],[2.91902348],[19.14699388]
[8.25749839],[2.98932444],[20.52704834]
[8.59777989],[3.08033168],[22.25831296]
[8.95702193],[3.14157935],[23.6525012]
[9.25071685],[3.21965237],[25.29982463]
[9.48183175],[3.3397642],[26.77631926]
[9.9871839],[3.43683034],[28.43765894]
[10.21523918],[3.47648083],[29.72904134]
[10.60946593],[3.54936589],[31.41312812]
[10.9268035],[3.58571774],[32.70397581]
[11.56860235],[3.63436119],[34.62778394]
[11.5667187],[3.67934212],[35.6976184]
[12.3272967],[3.73065181],[37.71119621]
[12.31331971],[3.7767483],[38.86168159]
[13.11890686],[3.83172901],[40.85555189]
[12.90890589],[3.88104257],[41.47350183]
[13.61595706],[3.94009806],[43.2694728]
[13.63214707],[3.99504204],[43.9714693]
[14.1582757],[4.06697456],[45.98887918]
[14.43718159],[4.12459608],[47.3089269]
[14.77086401],[4.17955745],[48.7634094]
[14.99531148],[4.21937811],[50.16270452]
[15.17104486],[4.26001672],[51.59858669]
[15.38088231],[4.29985019],[53.05907146]
[15.51398399],[4.32327301],[54.34444792]
[15.74956331],[4.3481095],[55.62841794]
[16.03127393],[4.3711571],[56.78687728]
[16.27487057],[4.39645212],[57.94780958]
[16.56301843],[4.42361866],[59.18370759]
[16.85602843],[4.41667621],[60.15523152]
[17.12014228],[4.40840282],[61.00508149]
[17.38879316],[4.38881065],[61.70721326]
[17.64560273],[4.34688484],[62.30624005]
[17.67845594],[4.29159897],[62.67428885]
[17.7264357],[4.26430893],[62.88561287]
[17.73556819],[4.2226909],[62.94847421]
[17.76407159],[4.12801694],[62.62326466]
[17.78135619],[4.02003283],[62.09514126]
[17.78838548],[3.87932922],[61.12630882]
[17.77650062],[3.76458917],[59.58322637]
[17.74989828],[3.66032868],[57.657491]
[17.76184491],[3.55880373],[55.51292233]
[17.34789302],[3.47138758],[52.48932535]
[11.05580975],[3.32761105],[31.1440084]
[9.15108168],[2.95747829],[22.54559926]
[6.68320016],[2.40568539],[16.17746017]
[4.43917361],[1.79560861],[10.42014472]
[3.50955146],[1.79853552],[7.0531103]
[4.18170737],[2.02377392],[7.53978393]
[5.03476122],[2.27327516],[9.60027927]
[5.72045462],[2.3796095],[11.36647607]
[6.58131387],[2.52381555],[13.37381511]
[7.21907814],[2.68219453],[15.18346332]
[7.63425155],[2.82343963],[16.92125053]
[7.86403343],[2.90753658],[18.54593787]
[8.34329973],[3.0019956],[20.33289825]
[8.50948445],[3.07059492],[21.73990178]
[8.86317481],[3.14147308],[23.56394391]
[9.26150068],[3.21385114],[25.11854866]
[9.4877011],[3.3498542],[26.89288542]
[9.8019832],[3.42139063],[28.27011995]
[10.28328068],[3.51526959],[30.12991633]
[10.3789719],[3.57791014],[31.2973306]
[11.09430259],[3.65972392],[33.14016911]
[11.12076208],[3.69593166],[34.5233744]
[11.9072376],[3.74648188],[36.5349639]
[11.89033765],[3.79354476],[37.7465782]
[12.65528996],[3.84828436],[39.86727087]
[12.62798728],[3.89834056],[41.12983751]
[13.47107015],[3.95785743],[43.34205606]
[13.38951032],[4.0237734],[44.26017787]
[14.0889608],[4.10154523],[46.52509639]
[14.14795071],[4.16214426],[47.57767162]
[14.71005417],[4.22505856],[49.54249428]
[14.97023304],[4.27684455],[50.98566409]
[15.25516868],[4.32471823],[52.55929257]
[15.59455015],[4.36577564],[54.11673003]
[15.79897296],[4.40601096],[55.59246466]
[16.00275895],[4.45570232],[57.37386302]
[16.26348207],[4.49747408],[58.82773862]
[16.5205546],[4.52636825],[60.29514027]
[16.80427293],[4.549737],[61.92632622]
[17.10833649],[4.57765008],[63.35466225]
[17.37704494],[4.6037582],[64.62818026]
[17.62020842],[4.62611202],[65.8990319]
[17.93636846],[4.65409519],[66.99943435]
[18.20378225],[4.61411734],[67.92841019]
[18.44170336],[4.57119047],[68.62652522]
[18.63343601],[4.56155146],[69.25483481]
[18.69363013],[4.55346586],[69.56870873]
[18.7186919],[4.50071238],[69.59771855]
[18.75398633],[4.42841884],[69.38095066]
[18.74810066],[4.33571994],[68.93537062]
[18.80107786],[4.22426833],[68.26193529]
[18.7396911],[4.11137491],[67.23990213]
[18.78456859],[3.9854762],[65.84265388]
[18.70789974],[3.8302615],[63.79613575]
[18.35089993],[3.73864023],[60.62410013]
[13.59439434],[3.6070403],[36.7204616]
[11.01593651],[3.38174774],[28.40329775]
[9.08776994],[2.94219496],[22.62275144]
[6.11688219],[2.38606992],[16.9423313]
[3.52581428],[1.83602369],[9.97781461]
[4.18815951],[2.10524497],[7.83094129]
[5.05147458],[2.32112346],[9.97001096]
[5.75439025],[2.42741031],[11.93871736]
[6.59972628],[2.59098448],[14.17145517]
[7.30043658],[2.77950246],[16.15099054]
[7.90782824],[2.87884088],[18.02410965]
[8.11613715],[2.97913157],[19.62621745]
[8.59101964],[3.08044426],[21.51035865]
[8.79393576],[3.13403309],[23.00734527]
[9.21203672],[3.22961902],[24.95896855]
[9.47450727],[3.32177811],[26.5894879]
[9.88098666],[3.42949238],[28.44015242]
[10.14802657],[3.50922989],[29.92988841]
[10.59601614],[3.61583684],[31.79564128]
[10.82786063],[3.6703926],[33.00932163]
[11.45136261],[3.758626],[35.05335891]
[11.40567506],[3.80102001],[36.27979266]
[12.2904188],[3.85698698],[38.69684301]
[12.18228892],[3.90918268],[39.84642785]
[13.03250743],[3.96713659],[42.20427666]
[13.03174578],[4.03031913],[43.553133]
[13.857191],[4.10437337],[46.14391438]
[13.95234136],[4.16642962],[47.57907705]
[14.65249248],[4.23454811],[49.96616905]
[14.74504487],[4.28678592],[51.18076866]
[15.21126349],[4.34317071],[53.31700994]
[15.54050115],[4.39732672],[54.83729517]
[15.80664523],[4.44822059],[56.45751155]
[16.088066],[4.51099577],[58.29740833]
[16.4393114],[4.56426475],[59.95578008]
[16.77571264],[4.63200717],[61.73407031]
[17.0542297],[4.68090863],[63.61897913]
[17.35334634],[4.71491537],[65.44333315]
[17.66528474],[4.74997407],[67.2203615]
[17.91376342],[4.78573258],[68.88362625]
[18.18049293],[4.81907369],[70.33477916]
[18.47980739],[4.84925835],[71.82563692]
[18.73793211],[4.86931215],[73.15215664]
[18.9884067],[4.84366354],[74.25840495]
[19.28797401],[4.82776697],[75.22210181]
[19.52553928],[4.83681024],[75.88296026]
[19.65685575],[4.83578451],[76.2994741]
[19.72345611],[4.79920032],[76.56094406]
[19.71964848],[4.75125184],[76.48002094]
[19.78767253],[4.70038137],[76.14119525]
[19.75980545],[4.59311034],[75.54934857]
[19.78175314],[4.48953023],[74.55658754]
[19.75520075],[4.31936712],[73.19133828]
[19.75667118],[4.20842382],[71.619976]
[19.29126432],[4.05595411],[68.70675293]
[14.8236306],[3.8950847],[42.64557211]
[12.54124995],[3.77236247],[34.55671962]
[10.81091855],[3.33848079],[28.58827791]
[8.92635853],[2.88945465],[23.09168778]
[4.91680651],[2.25111829],[16.71326281]
[4.19252532],[2.15603701],[9.07347169]
[5.06210693],[2.35637068],[10.23871136]
[5.77505916],[2.4842469],[12.36583023]
[6.61155289],[2.68788755],[14.79954849]
[7.31672284],[2.8592434],[16.8800706]
[8.08264807],[2.93764834],[18.91792213]
[8.28308055],[3.04092429],[20.56711719]
[8.74749213],[3.14600798],[22.47378739]
[8.9958036],[3.20594739],[24.10712082]
[9.37820146],[3.33238452],[26.1985809]
[9.67321679],[3.40656545],[27.917317]
[10.1303815],[3.52260397],[29.91668757]
[10.30007227],[3.60012044],[31.38348284]
[10.88191421],[3.70088269],[33.28920204]
[11.01610959],[3.77088441],[34.73790893]
[11.65872171],[3.85175878],[36.81697042]
[11.73724086],[3.89538089],[38.19003192]
[12.48080716],[3.94723266],[40.69938117]
[12.43767282],[4.01389806],[41.96763382]
[13.31612878],[4.09889016],[44.60458275]
[13.47131659],[4.17885771],[46.23951063]
[14.19534565],[4.24897913],[49.06878267]
[14.39502399],[4.31735775],[50.6663918]
[15.03008703],[4.38378387],[53.52389528]
[15.25335881],[4.43702527],[54.8712235]
[15.6454464],[4.4921959],[57.11001949]
[15.96938027],[4.54258644],[58.92571038]
[16.29721924],[4.59008897],[60.61430796]
[16.57744555],[4.63436598],[62.41309727]
[16.92220376],[4.69362733],[64.41776478]
[17.38619031],[4.7650699],[66.52164422]
[17.82446298],[4.85548434],[68.53150759]
[18.09601107],[4.89977343],[70.42982643]
[18.38908525],[4.94084278],[72.35014024]
[18.69589945],[4.96340536],[74.24112177]
[18.98201476],[4.98421121],[75.88019351]
[19.22695252],[5.00807285],[77.32232815]
[19.54784335],[5.01249192],[78.86811422]
[19.82878364],[5.01406999],[80.10112489]
[20.06761954],[5.03369],[81.09243502]
[20.35406887],[5.04011862],[82.07735264]
[20.64271829],[5.02507955],[82.85547622]
[20.65851913],[5.00304417],[83.21694751]
[20.71840178],[4.96308529],[83.47182304]
[20.71698568],[4.92124668],[83.42208923]
[20.74061565],[4.86051585],[82.96873086]
[20.7040682],[4.80063597],[82.24244672]
[20.69113604],[4.69824884],[81.12974788]
[20.61151728],[4.57307037],[79.48610788]
[20.13193213],[4.44093029],[76.64463391]
[15.79453467],[4.1279041],[48.74725421]
[13.95380668],[4.00141003],[40.16153088]
[12.34547022],[3.83821705],[34.18403863]
[10.69107846],[3.30534247],[28.0929308]
[8.48120331],[2.57777185],[21.60989919]
[4.70272929],[2.12511701],[16.08095707]
[5.0320981],[2.07735336],[9.32631153]
[5.78594971],[2.27759665],[11.44734698]
[6.58205411],[2.50711098],[13.86540762]
[7.32718383],[2.64280528],[15.95902116]
[8.09512152],[2.78216622],[18.05830279]
[8.40931939],[2.8962029],[19.71685164]
[8.83599734],[3.01260303],[21.616883]
[9.14214328],[3.12562345],[23.33114501]
[9.50870264],[3.24100427],[25.45783983]
[9.88281272],[3.32959917],[27.18089004]
[10.26695685],[3.42941648],[29.20455114]
[10.44339958],[3.51943113],[30.65051802]
[11.14977085],[3.61931791],[32.59922015]
[11.11119708],[3.68759551],[34.11193018]
[11.8665517],[3.75802803],[36.14646689]
[11.87510975],[3.86230478],[37.72077258]
[12.64744841],[3.95988326],[40.15364642]
[12.61677869],[4.03938431],[41.73742382]
[13.48568724],[4.12577185],[44.43242803]
[13.68172237],[4.1806723],[46.3759803]
[14.40531567],[4.2548548],[49.1874434]
[14.6172599],[4.30181478],[51.04434633]
[15.26246983],[4.36716087],[54.02500798]
[15.50786545],[4.41958326],[55.80951647]
[15.92354656],[4.47488356],[58.12661655]
[16.21958594],[4.52242846],[59.9134275]
[16.54944687],[4.57102204],[61.86686494]
[16.85745519],[4.65150653],[63.78243242]
[17.2129875],[4.74601794],[65.80193478]
[17.66852554],[4.83286412],[68.19356417]
[18.1180594],[4.91221167],[70.35155785]
[18.53754632],[4.96293867],[72.48399191]
[18.8072823],[5.00708602],[74.53957804]
[19.08002866],[5.0432524],[76.46011095]
[19.40574324],[5.07706882],[78.3513942]
[19.65902813],[5.1123073],[79.92015469]
[19.93189173],[5.13924561],[81.39383726]
[20.25368039],[5.20578759],[82.80714]
[20.52117417],[5.24069752],[84.07721699]
[20.7806612],[5.26005839],[85.09898414]
[21.03197985],[5.26747485],[86.11695593]
[21.15414372],[5.26169809],[86.76389164]
[21.16726415],[5.21913207],[87.07046402]
[21.21405308],[5.16178795],[87.13769224]
[21.18863758],[5.09193883],[86.93154245]
[21.21004619],[5.01221039],[86.39017125]
[21.15690681],[4.91921941],[85.52965672]
[21.07600224],[4.8163019],[84.28923646]
[20.91573915],[4.68257848],[82.04932855]
