meltWidth,meltDepth,meltArea
[0.80151542],[0.01543553],[0.00825228]
[1.11016051],[0.063701],[0.05044197]
[1.60620486],[0.16269858],[0.17427477]
[1.66609827],[0.25034141],[0.26338773]
[1.712409],[0.27569516],[0.29142163]
[1.74254393],[0.31397332],[0.30743342]
[1.66804786],[0.28462885],[0.28917402]
[1.65420975],[0.28477218],[0.29048902]
[1.55703309],[0.28535605],[0.27359618]
[1.53911022],[0.27710828],[0.26269689]
[1.50588516],[0.29377122],[0.26560838]
[1.50194796],[0.26377213],[0.2465107]
[1.5246267],[0.32483423],[0.2894459]
[1.50085803],[0.26304967],[0.25052748]
[1.50409147],[0.31023031],[0.27891624]
[1.46369565],[0.25890957],[0.24546939]
[1.44524169],[0.28637434],[0.25453624]
[1.38033489],[0.22302506],[0.20683028]
[1.37129432],[0.26349405],[0.2234876]
[1.30461375],[0.2066377],[0.18079877]
[1.28943559],[0.23309402],[0.18847696]
[1.20937459],[0.16841404],[0.14232677]
[1.21124476],[0.21057514],[0.15882934]
[1.13423522],[0.15537514],[0.11964702]
[1.12225221],[0.1835009],[0.12497644]
[1.02248998],[0.1179125],[0.07918568]
[1.03716604],[0.16801258],[0.09675147]
[0.92844995],[0.08911349],[0.04892608]
[0.95616932],[0.13184817],[0.06577845]
[0.87203958],[0.07223666],[0.03288462]
[0.91864999],[0.08008686],[0.04779203]
[0.79800356],[0.06981146],[0.02663653]
[0.72194289],[0.06051777],[0.0207321]
[0.66698394],[0.05910513],[0.01868417]
[0.52058499],[0.03688556],[0.00880348]
[0.40131941],[0.02705733],[0.0048129]
[0.36220871],[0.02659684],[0.00425733]
[0.0352959],[0.00186207],[6.641867e-07]
[0.],[0.],[0.]
[0.],[0.],[0.]
[0.],[0.],[0.]
[0.],[0.],[0.]
[0.],[0.],[0.]
[0.],[0.],[0.]
[0.],[0.],[0.]
[0.],[0.],[0.]
[0.],[0.],[0.]
[0.],[0.],[0.]
[0.],[0.],[0.]
[0.],[0.],[0.]
[0.],[0.],[0.]
[0.],[0.],[0.]
[0.],[0.],[0.]
[0.],[0.],[0.]
[0.],[0.],[0.]
[0.51762932],[0.16843076],[0.04292557]
[1.8437004],[0.24136183],[0.3402956]
[1.97032035],[0.49261464],[0.68188006]
[2.13171038],[0.64430154],[0.98671107]
[2.21001007],[1.05934252],[1.55860666]
[2.33825883],[1.15914237],[1.78777101]
[2.38855863],[1.18319854],[1.90139907]
[2.47280405],[1.20234859],[2.03154005]
[2.37998144],[1.21907215],[2.02831798]
[2.44011508],[1.22002485],[2.10937171]
[2.35000629],[1.21812691],[2.09269502]
[2.43503193],[1.22287849],[2.16964223]
[2.35655532],[1.224047],[2.17158967]
[2.44890257],[1.23025884],[2.25155988]
[2.36054591],[1.23472433],[2.25291234]
[2.4363319],[1.23274494],[2.25326659]
[2.3457372],[1.23029942],[2.23996162]
[2.34331176],[1.22997829],[2.20892228]
[2.30607031],[1.22741651],[2.20674613]
[2.30594956],[1.22260734],[2.16813156]
[2.27132561],[1.21976234],[2.15240531]
[2.27119265],[1.21846768],[2.12637987]
[2.23395809],[1.21225985],[2.13843525]
[2.23451491],[1.21040149],[2.13134468]
[2.2010376],[1.21096921],[2.14697999]
[2.19765089],[1.21361074],[2.13358413]
[2.16678646],[1.21318688],[2.16952474]
[2.16253529],[1.21261345],[2.13159173]
[2.14814477],[1.21334526],[2.15966613]
[2.12331419],[1.20985237],[2.12039648]
[2.19222879],[1.22528815],[2.17638524]
[2.17725621],[1.20865058],[2.15327316]
[2.24067624],[1.20633762],[2.17089232]
[2.21702341],[1.20199835],[2.1384205]
[2.23076464],[1.19998806],[2.13412095]
[2.24791306],[1.19994647],[2.13347863]
[2.25976586],[1.19418668],[2.12464358]
[2.2827683],[1.19122945],[2.12226504]
[2.29545345],[1.19086024],[2.1249847]
[2.29120138],[1.18700432],[2.09934299]
[2.28775663],[1.17931601],[2.06191603]
[2.2832469],[1.17004272],[2.01355394]
[2.26389247],[1.16315485],[1.9599454]
[2.25390521],[1.1487837],[1.91463476]
[2.28524245],[1.14029627],[1.89910448]
[2.29719069],[1.14142216],[1.91357659]
[2.25755487],[1.14102704],[1.90186773]
[2.22901048],[1.13755066],[1.90362328]
[2.19404645],[1.13173249],[1.88285134]
[2.15542877],[1.11595826],[1.8331435]
[2.09922446],[1.10102084],[1.76335751]
[2.01916541],[1.08061496],[1.67219558]
[1.92662045],[1.05401534],[1.58629125]
[1.74879995],[0.75005251],[0.84249646]
[0.],[0.],[0.]
[0.60635452],[0.2122668],[0.06351343]
[1.99179189],[0.33464606],[0.50843614]
[2.14829652],[0.61192643],[0.92875775]
[2.28128467],[0.74849231],[1.19919866]
[2.3623671],[1.1089836],[1.74082135]
[2.63620247],[1.22037754],[2.14159903]
[2.76585274],[1.2669913],[2.42021067]
[2.85578534],[1.29702348],[2.56837321]
[2.8573027],[1.30533388],[2.63514591]
[2.9295912],[1.31328142],[2.7090998]
[2.92212004],[1.32091418],[2.74873547]
[2.99481516],[1.32781236],[2.77925571]
[2.98108137],[1.33350701],[2.80020876]
[3.04915845],[1.33937724],[2.8294949]
[3.06733125],[1.3429932],[2.85525801]
[3.11890992],[1.341133],[2.89281379]
[3.10747611],[1.33771662],[2.94822478]
[3.12080312],[1.33739892],[3.01518259]
[3.043956],[1.33502369],[2.98103047]
[3.03538104],[1.33221531],[2.96106204]
[2.96681188],[1.32903826],[2.92158817]
[2.97902216],[1.32631938],[2.91823153]
[2.86572084],[1.32324222],[2.86841713]
[2.8222312],[1.32297461],[2.83977847]
[2.65195353],[1.32376211],[2.77129288]
[2.64996047],[1.32440092],[2.76682834]
[2.4205053],[1.32157827],[2.69377276]
[2.45149609],[1.31830102],[2.67798456]
[2.3731845],[1.31400257],[2.67046957]
[2.3680511],[1.3102168],[2.63776816]
[2.35339657],[1.31144797],[2.70692465]
[2.34563407],[1.30293292],[2.67469618]
[2.34867266],[1.29924306],[2.71885383]
[2.33873691],[1.29486764],[2.6746403]
[2.36974028],[1.29112156],[2.67611358]
[2.40704052],[1.28726363],[2.68001987]
[2.43354119],[1.28260841],[2.67643768]
[2.48160469],[1.27838531],[2.68737888]
[2.49741079],[1.27201163],[2.68376595]
[2.49807429],[1.26415619],[2.6541177]
[2.4968392],[1.25574064],[2.61423419]
[2.4782409],[1.24424444],[2.55595628]
[2.4753376],[1.23215694],[2.49921538]
[2.43833443],[1.21807454],[2.43517023]
[2.42425021],[1.20410575],[2.38147438]
[2.44978419],[1.1890204],[2.35313543]
[2.47584629],[1.17928142],[2.3502199]
[2.49509417],[1.17225842],[2.36570913]
[2.56085984],[1.17078572],[2.40627449]
[2.58969669],[1.16532912],[2.41868879]
[2.59089559],[1.16063837],[2.42342459]
[2.59232159],[1.15219294],[2.3807242]
[2.57425221],[1.13363366],[2.31161689]
[2.8764888],[1.09426012],[2.57953805]
[0.50665213],[0.07174212],[0.01549653]
[1.51718836],[0.24029475],[0.11032971]
[2.05671564],[0.43188374],[0.6591483]
[2.2252709],[0.68573704],[1.11381882]
[2.34671112],[0.83984164],[1.38502569]
[2.45987316],[1.16645305],[1.97915882]
[2.75998062],[1.28787449],[2.48170512]
[2.91484182],[1.33188764],[2.76509059]
[2.99221007],[1.36135884],[2.84701513]
[3.00914413],[1.37726913],[2.93081087]
[3.05026997],[1.38531807],[2.95399256]
[3.07370327],[1.3904398],[3.00673214]
[3.11909379],[1.39327903],[3.02638682]
[3.16009336],[1.39295185],[3.06882005]
[3.23630078],[1.39176078],[3.20013978]
[3.2946779],[1.38668827],[3.3448195]
[3.38886026],[1.37932055],[3.39242996]
[3.42681483],[1.37893218],[3.41235728]
[3.51627857],[1.38007595],[3.45588109]
[3.45985976],[1.37783856],[3.43120733]
[3.52499369],[1.37360333],[3.45219608]
[3.43305323],[1.36873295],[3.39661401]
[3.45400942],[1.3628471],[3.39537419]
[3.32779409],[1.3620786],[3.33139946]
[3.27905162],[1.36209151],[3.30346508]
[3.15708113],[1.36170711],[3.24068155]
[3.01985895],[1.36050353],[3.21642206]
[2.7527641],[1.35635996],[3.13539974]
[2.57099165],[1.35218329],[3.08169583]
[2.48207534],[1.34678616],[3.01836159]
[2.44147221],[1.34276049],[2.99386824]
[2.56182273],[1.34367346],[3.07001798]
[2.52716061],[1.33428519],[3.00484332]
[2.5800356],[1.33006145],[3.04124574]
[2.55866965],[1.32535506],[2.97734583]
[2.56518352],[1.32128531],[2.96696381]
[2.58014032],[1.31696213],[2.96005083]
[2.59435498],[1.31231047],[2.94542886]
[2.62985678],[1.30815608],[2.95101582]
[2.65512137],[1.3021318],[2.95462153]
[2.661448],[1.29666401],[2.93977443]
[2.6563081],[1.29061846],[2.91052565]
[2.64828501],[1.28194489],[2.85999632]
[2.61753315],[1.27176072],[2.7975473]
[2.57915177],[1.26192825],[2.72668255]
[2.56851934],[1.24913312],[2.66619305]
[2.57650288],[1.23167878],[2.60316299]
[2.5796063],[1.21374651],[2.54128572]
[2.60741681],[1.19885332],[2.50813198]
[2.63492514],[1.1916421],[2.49554091]
[2.65259563],[1.18526498],[2.51123449]
[2.68483532],[1.18076955],[2.55097105]
[2.74713866],[1.17611004],[2.59102304]
[2.77396193],[1.16129682],[2.59749929]
[3.60168677],[1.1770069],[3.07609287]
[1.56716142],[0.51778416],[0.46122313]
[0.63046407],[0.26132682],[0.08183608]
[2.04794124],[0.44538008],[0.63273323]
[2.12441916],[0.70341762],[1.00161838]
[2.16607192],[0.90234596],[1.2026872]
[2.32090025],[1.20236552],[1.95275023]
[2.58136187],[1.3222448],[2.35979158]
[2.76307153],[1.36635428],[2.68081716]
[2.81788647],[1.38691217],[2.73065912]
[2.82875179],[1.39991331],[2.85678042]
[2.83398667],[1.40689202],[2.92388191]
[2.84815395],[1.40779595],[3.11188486]
[2.85691366],[1.4042374],[3.16296798]
[2.87222097],[1.39344593],[3.20385296]
[2.86758424],[1.38552318],[3.21677746]
[2.82044941],[1.37553065],[3.19993143]
[2.82605037],[1.37172745],[3.19937964]
[2.76546787],[1.37201969],[3.19657799]
[2.84858371],[1.37232891],[3.21673488]
[2.8081617],[1.37083079],[3.17150948]
[2.80520355],[1.36694472],[3.13060442]
[2.78055127],[1.35868459],[3.07147061]
[2.77491902],[1.35587068],[3.02966612]
[2.78277953],[1.35592231],[2.99210725]
[2.7687114],[1.35636883],[2.94360289]
[2.79404716],[1.35482614],[2.93163291]
[2.79492561],[1.35333854],[2.91315295]
[2.79993905],[1.3496327],[2.88493338]
[2.79920615],[1.34462086],[2.85732428]
[2.80982439],[1.33723786],[2.83125583]
[2.79080976],[1.33312211],[2.79993441]
[2.8372181],[1.33124368],[2.84575945]
[2.82655526],[1.32244679],[2.7950318]
[2.83760676],[1.31757118],[2.80708728]
[2.85712402],[1.31239897],[2.76051787]
[2.84918971],[1.30746602],[2.7392343]
[2.86552586],[1.30174425],[2.72732656]
[2.87081202],[1.2964681],[2.70802255]
[2.88570723],[1.29143102],[2.70513314]
[2.8972691],[1.28404072],[2.70400467]
[2.89509838],[1.28018907],[2.69995356]
[2.8856417],[1.27654158],[2.69435466]
[2.87933802],[1.26652265],[2.66131559]
[2.89669785],[1.25591385],[2.63042278]
[2.86637639],[1.24615071],[2.58371779]
[2.84141621],[1.2356611],[2.5406981]
[2.83790174],[1.21810453],[2.48936101]
[2.81855655],[1.19936864],[2.42890355]
[2.79502352],[1.18280412],[2.36065015]
[2.81339467],[1.16604708],[2.29508552]
[2.83379452],[1.15347212],[2.25004357]
[2.80876605],[1.1455009],[2.21293449]
[2.82219648],[1.14074967],[2.23404978]
[2.85175685],[1.13530161],[2.24947389]
[3.75100781],[1.19026573],[3.34478203]
[1.69467524],[0.85479109],[0.76626134]
[0.64385374],[0.31857214],[0.15860435]
[1.90602022],[0.49436299],[0.63294223]
[2.03142354],[0.73231707],[1.00412317]
[2.05621532],[0.9849025],[1.35593607]
[2.23414551],[1.27069507],[2.13279292]
[2.47164111],[1.37186353],[2.52029685]
[2.73635086],[1.40691324],[2.93349618]
[2.82283683],[1.42628767],[3.06722911]
[2.84834486],[1.44037627],[3.29555524]
[2.87521033],[1.44769754],[3.32405661]
[2.87066541],[1.44832852],[3.44543251]
[2.84418719],[1.44452304],[3.42686781]
[2.92983527],[1.43480149],[3.46423021]
[2.90574121],[1.42821165],[3.4164306]
[2.94336496],[1.42460135],[3.41479513]
[2.93737939],[1.42495155],[3.39811154]
[2.96064482],[1.42621323],[3.39102201]
[2.989636],[1.42701509],[3.39394316]
[2.9737474],[1.42751548],[3.36907482]
[2.9745013],[1.42666335],[3.34813146]
[2.99291833],[1.42990225],[3.33232073]
[2.99770608],[1.43230264],[3.30552762]
[3.00979981],[1.4324127],[3.28638109]
[3.02073645],[1.43071457],[3.27570896]
[3.04223592],[1.42790034],[3.2779256]
[3.04124355],[1.42460869],[3.25333875]
[3.05807737],[1.42000756],[3.24789947]
[3.03828555],[1.41440169],[3.206087]
[3.05927785],[1.40650039],[3.19387857]
[3.02775259],[1.40194148],[3.13857017]
[3.04898649],[1.39984083],[3.18138825]
[3.04184418],[1.38971622],[3.11105568]
[3.04349567],[1.38435031],[3.13400882]
[3.03341976],[1.37907206],[3.06816726]
[3.01611667],[1.37369191],[3.04176182]
[3.01706663],[1.36749875],[3.02247481]
[3.01968276],[1.3628197],[3.00367395]
[3.02781325],[1.35795793],[2.98727583]
[3.03889791],[1.35132256],[2.97284449]
[3.03289325],[1.3487834],[2.95580919]
[3.02281837],[1.34561878],[2.94119515]
[3.02072363],[1.33898323],[2.92906796]
[3.03723013],[1.33026956],[2.92082676]
[3.03375479],[1.32209707],[2.8943774]
[3.03195505],[1.31235734],[2.85521748]
[3.03588934],[1.30190288],[2.81949085]
[3.03218929],[1.29100592],[2.77663357]
[3.02869672],[1.27837418],[2.7308771]
[3.0343238],[1.25888615],[2.67474051]
[3.03212563],[1.23768897],[2.61849689]
[3.02442553],[1.21664234],[2.55696476]
[3.01497027],[1.20043032],[2.51222949]
[2.99357682],[1.18325072],[2.45607636]
[3.87542555],[1.25823771],[3.66210653]
[1.82172749],[0.87827851],[0.89726323]
[0.54563479],[0.36807751],[0.15332164]
[1.78686396],[0.48638125],[0.60307371]
[1.94508606],[0.75763791],[0.99133979]
[1.92440534],[0.98240949],[1.54601316]
[2.14566556],[1.28951404],[2.18317685]
[2.42782199],[1.39233524],[2.61225679]
[2.69876757],[1.43050369],[3.1391215]
[2.69452468],[1.45082273],[3.20800714]
[2.87974598],[1.46610917],[3.39736523]
[2.92354104],[1.47460011],[3.43216535]
[3.01458193],[1.47927844],[3.50769153]
[3.00722741],[1.47926396],[3.48773282]
[3.03312124],[1.47217017],[3.48848251]
[3.04624032],[1.46743855],[3.48695455]
[3.05265661],[1.46753332],[3.46294738]
[3.0666507],[1.46612911],[3.46716678]
[3.05409017],[1.46661565],[3.43167541]
[3.0735688],[1.46745558],[3.44518539]
[3.06111163],[1.46639582],[3.41711926]
[3.0917659],[1.46698898],[3.44569126]
[3.08230925],[1.46933342],[3.41549254]
[3.12344439],[1.47190058],[3.45555816]
[3.11060387],[1.47345402],[3.42241868]
[3.14388133],[1.47370431],[3.4566439]
[3.13202053],[1.47409786],[3.41334743]
[3.16256505],[1.47442983],[3.44132563]
[3.14271491],[1.47334636],[3.38981287]
[3.15615918],[1.4686205],[3.3825875]
[3.14530102],[1.46118684],[3.34674614]
[3.14448362],[1.45706905],[3.31466072]
[3.15306564],[1.45667395],[3.35639458]
[3.14150533],[1.44686615],[3.27991236]
[3.14039966],[1.44152157],[3.30592361]
[3.12793748],[1.43610827],[3.23080686]
[3.10930215],[1.43074385],[3.20494711]
[3.10651384],[1.42398491],[3.18351205]
[3.09837897],[1.4185019],[3.16318996]
[3.09665473],[1.41307609],[3.14973453]
[3.09194677],[1.40837611],[3.13954916]
[3.07485686],[1.40523184],[3.11957151]
[3.05465406],[1.40238819],[3.10224148]
[3.04006304],[1.39601695],[3.08031452]
[3.04329095],[1.38726867],[3.05970071]
[3.03381014],[1.37313223],[3.02370885]
[3.02960573],[1.35978593],[2.99044085]
[3.03385895],[1.346722],[2.95579441]
[3.03134801],[1.33303128],[2.91309097]
[3.02923866],[1.31659723],[2.866197]
[3.02642646],[1.30156101],[2.81204917]
[3.02104156],[1.28605949],[2.76041843]
[3.01339895],[1.26803922],[2.70077034]
[2.98655908],[1.25011399],[2.62956625]
[2.95528001],[1.22972263],[2.56185412]
[4.00653562],[1.37618969],[4.00285144]
[1.82396902],[0.93210674],[1.03149396]
[0.47180279],[0.34501808],[0.14234761]
[1.76314289],[0.45821174],[0.55313594]
[1.96832783],[0.76730708],[1.00996195]
[1.93488309],[0.97047826],[1.4131134]
[2.14059447],[1.28895162],[2.19630984]
[2.32924791],[1.39335204],[2.60245217]
[2.65030064],[1.42990817],[3.05994533]
[2.8400585],[1.44885115],[3.22945594]
[2.99412065],[1.46536192],[3.40383313]
[3.08188908],[1.47671995],[3.50957755]
[3.12440469],[1.47653492],[3.53503462]
[3.15269189],[1.47483951],[3.56615972]
[3.14818143],[1.47022836],[3.52893139]
[3.17651792],[1.46369789],[3.55357357]
[3.17031753],[1.46251758],[3.51173876]
[3.18746672],[1.46059151],[3.52618613]
[3.16758641],[1.46115281],[3.47777856]
[3.20000913],[1.46220252],[3.5059146]
[3.17400804],[1.46301751],[3.45777055]
[3.21926817],[1.46539207],[3.50226813]
[3.19601746],[1.46876017],[3.46021307]
[3.25480927],[1.4722211],[3.5319968]
[3.21172074],[1.4749095],[3.48594918]
[3.26007859],[1.47575474],[3.5526555]
[3.22386874],[1.47697868],[3.50085565]
[3.26961529],[1.47824987],[3.56122317]
[3.21572011],[1.47877854],[3.48469609]
[3.26057472],[1.47727447],[3.54574736]
[3.21986466],[1.4755286],[3.46952251]
[3.25083372],[1.47263059],[3.496238]
[3.25632697],[1.47334781],[3.54701554]
[3.2452007],[1.46660519],[3.46865516]
[3.24584162],[1.46332783],[3.49597291]
[3.22643446],[1.45973891],[3.39224611]
[3.20672775],[1.45664479],[3.36473428]
[3.19999468],[1.45387288],[3.34487379]
[3.18706352],[1.45010439],[3.31643738]
[3.18787328],[1.44661105],[3.31031083]
[3.18681903],[1.44297078],[3.29400392]
[3.17600237],[1.43809365],[3.28180345]
[3.16425566],[1.432337],[3.27133046]
[3.15293224],[1.42555686],[3.24322393]
[3.12845496],[1.41401825],[3.20150812]
[3.1040441],[1.40028853],[3.16210694]
[3.08475473],[1.38684599],[3.11771263]
[3.0851865],[1.37391415],[3.08179164]
[3.08073119],[1.36063892],[3.03896743]
[3.07307698],[1.34536967],[2.99211095]
[3.06662193],[1.33156634],[2.93369298]
[3.05693695],[1.31815388],[2.87899266]
[3.04438624],[1.3016284],[2.81524504]
[2.99507317],[1.28604878],[2.72754107]
[2.95954478],[1.26900703],[2.64670351]
[4.11452643],[1.44538878],[4.21069337]
[1.97036256],[0.95153559],[1.13783885]
[0.52812448],[0.42382735],[0.17786571]
[1.53940603],[0.49104859],[0.46353729]
[1.73505182],[0.76880271],[0.89621735]
[1.78386102],[1.0365262],[1.56718995]
[2.07156871],[1.29486663],[2.15467183]
[2.26687168],[1.39086669],[2.46028271]
[2.75755108],[1.42564406],[2.95729748]
[2.92428402],[1.44643407],[3.13551018]
[3.07324882],[1.45964961],[3.33377413]
[3.14380914],[1.46746756],[3.40487012]
[3.17993005],[1.46526639],[3.42175338]
[3.21245354],[1.46284251],[3.44356274]
[3.19524827],[1.45792183],[3.40298818]
[3.22558187],[1.45497624],[3.39699591]
[3.21193943],[1.45326005],[3.35797695]
[3.23124075],[1.45012811],[3.32556076]
[3.19940847],[1.45041666],[3.28607329]
[3.25342783],[1.45154993],[3.30131079]
[3.21795537],[1.45444125],[3.28433273]
[3.27546731],[1.45683609],[3.31372474]
[3.24602616],[1.45944957],[3.30068932]
[3.31169669],[1.46199284],[3.34082985]
[3.26684101],[1.46341919],[3.32146904]
[3.3217411],[1.4630576],[3.35402666]
[3.28408846],[1.4630722],[3.32929156]
[3.33499954],[1.46311976],[3.35271056]
[3.28097771],[1.45907351],[3.31010548]
[3.32890595],[1.45384643],[3.33305755]
[3.28596692],[1.44767155],[3.29656698]
[3.32076136],[1.44221716],[3.28233817]
[3.31150368],[1.44741959],[3.35771971]
[3.31304935],[1.43363249],[3.26264069]
[3.3001564],[1.42932276],[3.31186362]
[3.2926557],[1.42449722],[3.21877899]
[3.27153441],[1.4201764],[3.19424964]
[3.26534856],[1.41480167],[3.1736851]
[3.25246579],[1.40992484],[3.14858149]
[3.25036968],[1.40595694],[3.14751885]
[3.2470321],[1.40711083],[3.14664377]
[3.23621558],[1.4066014],[3.14518265]
[3.22232966],[1.40476387],[3.13989966]
[3.21248737],[1.40217067],[3.11250846]
[3.19383655],[1.39291423],[3.0806657]
[3.16723281],[1.38040428],[3.03332306]
[3.15139722],[1.36701695],[2.99672435]
[3.13286997],[1.35348396],[2.96081613]
[3.11131766],[1.33983365],[2.92082132]
[3.09139168],[1.32396279],[2.8805083]
[3.07911641],[1.30989627],[2.83212128]
[3.07431916],[1.2952949],[2.78365523]
[3.06714982],[1.27887414],[2.73086092]
[3.03167901],[1.26325931],[2.65025426]
[3.00095611],[1.24671601],[2.57434935]
[4.25435916],[1.47475604],[4.37322287]
[2.16031041],[0.95073909],[1.25284738]
[0.72845882],[0.51357314],[0.24865067]
[1.53985964],[0.52094123],[0.48658286]
[1.7738251],[0.79225748],[0.94713916]
[1.82224781],[1.13073393],[1.85300989]
[2.31997738],[1.32991701],[2.40445292]
[2.42373674],[1.41724536],[2.64386038]
[2.87168883],[1.45242872],[3.13537911]
[3.01126904],[1.47496348],[3.28332206]
[3.15057609],[1.48902737],[3.46087379]
[3.22606665],[1.49349521],[3.52367258]
[3.25996694],[1.48940539],[3.5336565]
[3.28821152],[1.4855158],[3.54147582]
[3.26024138],[1.47935928],[3.48238246]
[3.30121787],[1.47564279],[3.48169238]
[3.27093172],[1.4743538],[3.42129638]
[3.31602346],[1.47225142],[3.40725821]
[3.27458087],[1.47492704],[3.38707332]
[3.33783094],[1.47950315],[3.42342945]
[3.29329935],[1.48241201],[3.40021831]
[3.35796883],[1.48422115],[3.43567781]
[3.3230017],[1.48647217],[3.42357978]
[3.4079022],[1.48934424],[3.46400142]
[3.34497022],[1.49068901],[3.4468151]
[3.41758231],[1.49014019],[3.47964104]
[3.35775651],[1.49044942],[3.4556244]
[3.43071258],[1.48877753],[3.48136789]
[3.35294918],[1.48435078],[3.43638871]
[3.41487271],[1.47944531],[3.45997324]
[3.35061706],[1.47322025],[3.41901491]
[3.4031266],[1.46626128],[3.39897127]
[3.36123808],[1.47323261],[3.46331634]
[3.38488871],[1.45795845],[3.37539334]
[3.34917417],[1.45359973],[3.41463376]
[3.35080915],[1.44837996],[3.32576522]
[3.32769548],[1.44400194],[3.29922342]
[3.31999419],[1.43981043],[3.28143734]
[3.31067985],[1.43454802],[3.26021166]
[3.30693964],[1.43242435],[3.2614517]
[3.30487943],[1.43431895],[3.26594017]
[3.29457566],[1.43375164],[3.26857001]
[3.28258652],[1.43185336],[3.26695766]
[3.27408382],[1.42878599],[3.23687981]
[3.25692619],[1.42046845],[3.2065547]
[3.23141838],[1.41023091],[3.16078031]
[3.21332812],[1.39635084],[3.1188291]
[3.19551652],[1.38279285],[3.07582554]
[3.18117747],[1.36920626],[3.04374807]
[3.16576586],[1.35415795],[3.01372062]
[3.15415987],[1.34022606],[2.97142867]
[3.15894927],[1.32606845],[2.93615786]
[3.16172287],[1.31030688],[2.89127331]
[3.14682339],[1.29462035],[2.82320244]
[3.12555486],[1.2770072],[2.74722028]
[4.40515062],[1.49356292],[4.62161121]
[2.35945479],[0.93367403],[1.36668888]
[1.00257788],[0.58700658],[0.34132836]
[1.56671097],[0.54853305],[0.52650411]
[1.81545831],[0.81213567],[0.99850005]
[1.87941486],[1.18829605],[2.03318077]
[2.41764284],[1.34812122],[2.52711015]
[2.56163421],[1.43065676],[2.80565253]
[2.86394861],[1.46716245],[3.1672434]
[3.03318762],[1.48938774],[3.34262654]
[3.17083447],[1.50173083],[3.50078656]
[3.27854373],[1.50767585],[3.59074474]
[3.30164441],[1.50218461],[3.58958209]
[3.34363784],[1.49796918],[3.60482239]
[3.29631535],[1.49184647],[3.52704501]
[3.34497473],[1.48790817],[3.52827334]
[3.30176946],[1.48757371],[3.46248811]
[3.35332719],[1.48525053],[3.46671872]
[3.30953823],[1.48928316],[3.45820395]
[3.37771174],[1.49458639],[3.49788678]
[3.32990022],[1.49767967],[3.48186565]
[3.40358157],[1.49927322],[3.52308219]
[3.36493677],[1.50215922],[3.51953059]
[3.46404493],[1.50590015],[3.57242388]
[3.38504767],[1.50717501],[3.56094812]
[3.47426588],[1.50684393],[3.6064063]
[3.39752763],[1.50581716],[3.5823467]
[3.48906994],[1.50369046],[3.61236146]
[3.39456526],[1.49796419],[3.5534375]
[3.47653956],[1.49368887],[3.58099921]
[3.3890974],[1.48738033],[3.53608836]
[3.46360688],[1.48198226],[3.5184351]
[3.41117844],[1.48970511],[3.56968428]
[3.44611157],[1.47372546],[3.47371333]
[3.38073479],[1.4694194],[3.49829804]
[3.39640113],[1.46425347],[3.4020978]
[3.36143862],[1.45980329],[3.36655706]
[3.35294304],[1.45549397],[3.34657094]
[3.33995154],[1.45021165],[3.32338717]
[3.33423901],[1.44982384],[3.32459354]
[3.33118282],[1.4497455],[3.32138534]
[3.31952193],[1.44890888],[3.32564031]
[3.30512211],[1.44672958],[3.32280198]
[3.2928369],[1.44521852],[3.29627604]
[3.27575803],[1.43781854],[3.26458508]
[3.24925322],[1.42770147],[3.2168917]
[3.22988306],[1.41602703],[3.17601686]
[3.21047604],[1.40318836],[3.12989836]
[3.19075139],[1.38919927],[3.08486398]
[3.1750815],[1.37410109],[3.05663718]
[3.16156109],[1.36008761],[3.01686594]
[3.15650846],[1.34583886],[2.98343694]
[3.16502968],[1.33014397],[2.9501475]
[3.16092185],[1.31340136],[2.88521306]
[3.14445899],[1.29597275],[2.8122934]
[4.53302274],[1.52865649],[4.84490238]
[2.59001004],[0.99606285],[1.50273417]
[1.30663613],[0.64093536],[0.45034742]
[1.60260155],[0.57802152],[0.58399013]
[1.85059327],[0.8440247],[1.0531529]
[1.97021787],[1.2071855],[2.14207518]
[2.43408894],[1.35168655],[2.58645446]
[2.54113215],[1.43546691],[2.8269449]
[2.85741338],[1.47156863],[3.18431859]
[3.06240894],[1.49389736],[3.40097237]
[3.19450684],[1.5043126],[3.53905128]
[3.31926179],[1.51093572],[3.64235533]
[3.32840809],[1.50580644],[3.62271967]
[3.38146604],[1.50169926],[3.63294448]
[3.32507772],[1.49585596],[3.54481041]
[3.38085076],[1.49337598],[3.55544924]
[3.33591935],[1.49271014],[3.5002553]
[3.3957446],[1.49135344],[3.51966095]
[3.34642867],[1.49679913],[3.50818767]
[3.42441894],[1.50301683],[3.56768074]
[3.36940933],[1.50624029],[3.55226115]
[3.46046923],[1.50789071],[3.62738956]
[3.41099749],[1.51102964],[3.62210644]
[3.52136158],[1.5149219],[3.68795934]
[3.43650777],[1.51597747],[3.66267211]
[3.53339617],[1.51436023],[3.70391233]
[3.45849975],[1.51117111],[3.66973865]
[3.54988655],[1.50908965],[3.70011622]
[3.45149514],[1.50489199],[3.64361183]
[3.53581817],[1.50103771],[3.66847519]
[3.44698533],[1.49450785],[3.62189305]
[3.52469437],[1.48918049],[3.60595987]
[3.47833303],[1.49727914],[3.65048069]
[3.50809106],[1.48091974],[3.54913723]
[3.44690426],[1.47660059],[3.56670696]
[3.45872772],[1.47146251],[3.46959934]
[3.39860938],[1.46712668],[3.4264434]
[3.38873993],[1.46116331],[3.38992745]
[3.3754031],[1.4559684],[3.36013189]
[3.36854152],[1.45763245],[3.36268815]
[3.36341487],[1.46017893],[3.37117306]
[3.35206242],[1.4601573],[3.37566921]
[3.33617136],[1.45870942],[3.37250835]
[3.3230898],[1.45751788],[3.34612577]
[3.30584925],[1.45173486],[3.31334133]
[3.27649199],[1.44175759],[3.26164055]
[3.25643277],[1.43159297],[3.22213651]
[3.23549715],[1.4188056],[3.17424499]
[3.21269267],[1.40547095],[3.12434507]
[3.1892043],[1.39034045],[3.08254477]
[3.17661785],[1.37521663],[3.0385466]
[3.16543764],[1.360895],[3.00410526]
[3.16282238],[1.34519851],[2.97044843]
[3.17151002],[1.32993023],[2.93185075]
[3.17043853],[1.31237049],[2.87509487]
[4.56085693],[1.55310239],[5.03133821]
[2.73863209],[1.05462308],[1.64829743]
[1.5729256],[0.675316],[0.55466239]
[1.34116142],[0.56228663],[0.50182329]
[1.65834354],[0.81008134],[0.93488165]
[2.02097429],[1.17947232],[2.01144577]
[2.43158007],[1.33035846],[2.43746696]
[2.5532018],[1.41484739],[2.70777215]
[2.85637659],[1.45145049],[3.02274715]
[3.08575207],[1.47440002],[3.19977619]
[3.21597315],[1.48054014],[3.35066871]
[3.35841921],[1.48307907],[3.42405422]
[3.35772352],[1.47673648],[3.42928674]
[3.41718465],[1.4738656],[3.42298324]
[3.35941913],[1.46849454],[3.36503814]
[3.42790061],[1.46721593],[3.37129524]
[3.37940983],[1.46719132],[3.34664615]
[3.45295793],[1.4684273],[3.36137354]
[3.39004501],[1.47412189],[3.36714337]
[3.48520399],[1.47856281],[3.42267152]
[3.41643212],[1.47936149],[3.43358391]
[3.52777857],[1.47781319],[3.49855555]
[3.48386687],[1.47151272],[3.47942241]
[3.58903209],[1.4679872],[3.5176133]
[3.51169569],[1.46188444],[3.49378313]
[3.59911376],[1.4578237],[3.52735983]
[3.5309125],[1.45115166],[3.48540876]
[3.61349652],[1.44476161],[3.48120827]
[3.52686504],[1.43808069],[3.44046194]
[3.59884049],[1.43214885],[3.41907858]
[3.52491305],[1.41925208],[3.38043041]
[3.59267361],[1.4124348],[3.3482842]
[3.55810321],[1.41937679],[3.37816785]
[3.6057322],[1.39704783],[3.28490931]
[3.53159417],[1.38642699],[3.26005863]
[3.53395579],[1.38024145],[3.17313994]
[3.48192969],[1.37334569],[3.11690756]
[3.45598409],[1.36441383],[3.07554502]
[3.42411279],[1.36100553],[3.04640606]
[3.40416038],[1.36710193],[3.04897553]
[3.39800976],[1.3717517],[3.06123424]
[3.3871697],[1.37535305],[3.06934604]
[3.37102692],[1.37914813],[3.07582975]
[3.35728123],[1.38136731],[3.06321475]
[3.34070708],[1.37820504],[3.04338152]
[3.31282669],[1.36969723],[3.00678405]
[3.29204],[1.36066816],[2.97361044]
[3.27221281],[1.34562295],[2.92018015]
[3.24939267],[1.33647567],[2.87490948]
[3.22301254],[1.32783215],[2.83363109]
[3.20429741],[1.31861729],[2.7896387]
[3.19194535],[1.3073236],[2.75890289]
[3.18017731],[1.29035306],[2.72096301]
[3.18487832],[1.24864658],[2.67475424]
[3.19398876],[1.20127207],[2.6178567]
[4.39346792],[1.59015066],[5.02368889]
[2.67969825],[1.07359469],[1.65669818]
[1.6299835],[0.62969412],[0.50291968]
[1.34275819],[0.56778555],[0.50007279]
[1.66185538],[0.83127501],[0.96868349]
[2.13877343],[1.19581997],[2.08312655]
[2.47785807],[1.34135888],[2.51499168]
[2.60070929],[1.42575274],[2.78424919]
[2.88760429],[1.46418486],[3.07153129]
[3.13009499],[1.48602179],[3.26525021]
[3.26098687],[1.49605746],[3.41484792]
[3.41962223],[1.49856815],[3.48760918]
[3.41524944],[1.49291221],[3.49601043]
[3.50470984],[1.48991849],[3.49351126]
[3.4258857],[1.48496333],[3.44147244]
[3.52315409],[1.48499101],[3.48357392]
[3.45593596],[1.48514251],[3.46595624]
[3.55297704],[1.48752717],[3.49055142]
[3.47225987],[1.49111841],[3.49944843]
[3.58621346],[1.49195437],[3.56822719]
[3.53105087],[1.489102],[3.57180515]
[3.64143355],[1.48744235],[3.63745303]
[3.60788285],[1.48370804],[3.62308704]
[3.69480158],[1.47993302],[3.65251154]
[3.63469071],[1.47343458],[3.63282498]
[3.71375099],[1.46933286],[3.66329675]
[3.6485661],[1.46251552],[3.62088008]
[3.75633113],[1.45595345],[3.62651058]
[3.6449951],[1.4492228],[3.56949762]
[3.76691773],[1.44363427],[3.56795406]
[3.68253574],[1.43035765],[3.51460613]
[3.79162745],[1.42015515],[3.49869672]
[3.78057078],[1.42651965],[3.51476249]
[3.81380346],[1.40346469],[3.45721558]
[3.77028503],[1.39666758],[3.40629511]
[3.76296804],[1.39041844],[3.34204334]
[3.70844303],[1.38340291],[3.25972491]
[3.66857205],[1.37427417],[3.20914116]
[3.62730425],[1.37465666],[3.17583239]
[3.59903575],[1.38130727],[3.16617741]
[3.57963051],[1.38582077],[3.17427739]
[3.54893442],[1.38937288],[3.1759932]
[3.48313418],[1.39327144],[3.1609151]
[3.4255593],[1.39553155],[3.1355853]
[3.39597096],[1.39020164],[3.10349874]
[3.37109557],[1.38175634],[3.06910463]
[3.34914191],[1.37272504],[3.0367326]
[3.32856087],[1.36166274],[2.99548197]
[3.30675934],[1.35257543],[2.95242183]
[3.28324239],[1.34402514],[2.91434874]
[3.2628046],[1.33487801],[2.86587779]
[3.24619279],[1.32358914],[2.8239924]
[3.23711862],[1.3100291],[2.79372529]
[3.22505777],[1.27956035],[2.7437321]
[3.2409216],[1.23271525],[2.69236291]
[4.3072553],[1.62820808],[5.11733696]
[2.54210214],[1.09861819],[1.63549455]
[1.45323987],[0.66740747],[0.49857971]
[1.35013856],[0.57661049],[0.52027538]
[1.65822566],[0.84322172],[0.99414448]
[2.18232256],[1.20009673],[2.12715395]
[2.48445439],[1.34197437],[2.54268987]
[2.61580606],[1.43239181],[2.82560199]
[2.88730946],[1.47303954],[3.09185974]
[3.14902872],[1.49222764],[3.29209409]
[3.29047367],[1.50320839],[3.45129056]
[3.47039771],[1.50813305],[3.53215379]
[3.4588053],[1.50388784],[3.53684916]
[3.55491666],[1.5002792],[3.56525685]
[3.47937309],[1.49477534],[3.54262348]
[3.57534985],[1.49433775],[3.58256553]
[3.51580214],[1.48997696],[3.56085854]
[3.60872278],[1.49285364],[3.62351827]
[3.53371419],[1.49649555],[3.64235506]
[3.64349657],[1.49696162],[3.71453525]
[3.59708315],[1.49360523],[3.72173255]
[3.72948716],[1.49209498],[3.79730949]
[3.67086347],[1.48923397],[3.76991085]
[3.81669099],[1.4862003],[3.83709826]
[3.73024024],[1.48168566],[3.80953265]
[3.84096651],[1.48027394],[3.88132319]
[3.79352283],[1.47628049],[3.84366864]
[3.89602272],[1.47209112],[3.87514121]
[3.85506393],[1.464981],[3.83676919]
[3.93042947],[1.46225249],[3.84913339]
[3.9098403],[1.44992764],[3.82749158]
[3.9626149],[1.44231539],[3.82024868]
[3.98821154],[1.44501327],[3.8081994]
[3.99453292],[1.41893649],[3.74768127]
[3.98658791],[1.40833701],[3.65868188]
[3.94489831],[1.39835765],[3.57576785]
[3.91084817],[1.38764613],[3.47127143]
[3.8571346],[1.37729957],[3.40004071]
[3.81219775],[1.38143715],[3.35182768]
[3.77607871],[1.38806505],[3.32492987]
[3.74383578],[1.39261466],[3.31828172]
[3.71831091],[1.39181922],[3.29686324]
[3.66135633],[1.39565566],[3.26504515]
[3.60429081],[1.39783493],[3.21727341]
[3.53187736],[1.39804302],[3.16821739]
[3.40672771],[1.38945896],[3.11135933]
[3.38363754],[1.38029876],[3.07676923]
[3.36261557],[1.36909695],[3.03498416]
[3.33949361],[1.35988113],[2.99208415]
[3.31268307],[1.35121401],[2.94912642]
[3.29210808],[1.34194327],[2.8985362]
[3.27353021],[1.33052887],[2.85231927]
[3.25713545],[1.31954166],[2.80982453]
[3.25271084],[1.2874968],[2.75799145]
[3.24136331],[1.24006417],[2.69780895]
[4.20090558],[1.72829262],[5.17513576]
[2.39169557],[1.12604886],[1.60720228]
[1.2402705],[0.66142534],[0.37168571]
[1.09672907],[0.47616929],[0.32086424]
[1.35722088],[0.79001011],[0.82624209]
[2.21203558],[1.1577515],[1.93428646]
[2.50062785],[1.31073768],[2.35822283]
[2.63194732],[1.40501554],[2.63688334]
[2.89041069],[1.44020163],[2.88049774]
[3.17469091],[1.45078212],[3.04872927]
[3.32307592],[1.45242241],[3.193621]
[3.51756682],[1.45244521],[3.25667961]
[3.51368937],[1.44341568],[3.30822569]
[3.61230602],[1.43179337],[3.32933268]
[3.54138613],[1.4254304],[3.3149837]
[3.63254438],[1.4237344],[3.34666581]
[3.58188593],[1.4156273],[3.34629457]
[3.67168862],[1.41725081],[3.39499172]
[3.60793375],[1.41507225],[3.42303578]
[3.79929795],[1.41175433],[3.53667619]
[3.78361013],[1.40923633],[3.56543076]
[3.92552648],[1.40937341],[3.66613494]
[3.9269057],[1.4064937],[3.67908886]
[4.00828985],[1.40236776],[3.72894258]
[3.99655126],[1.39635611],[3.73708161]
[4.04411618],[1.3712619],[3.72549582]
[4.04413016],[1.34675221],[3.73426553]
[4.08272333],[1.32571688],[3.67059521]
[4.08347834],[1.30824751],[3.71014419]
[4.10489747],[1.29623817],[3.63427981]
[4.11383394],[1.26982112],[3.66055713]
[4.12303071],[1.25562451],[3.59250469]
[4.15607805],[1.27507843],[3.60285792]
[4.142706],[1.21299509],[3.52518157]
[4.15897579],[1.19567093],[3.44486139]
[4.11443061],[1.18014334],[3.37142728]
[4.10179027],[1.16375606],[3.26867801]
[4.05681451],[1.14567066],[3.19467427]
[4.02235303],[1.14229364],[3.13017275]
[3.99107812],[1.14904932],[3.09306141]
[3.96397945],[1.1516042],[3.06812512]
[3.94059248],[1.15529742],[3.03638061]
[3.88384491],[1.16239052],[2.97748643]
[3.81409509],[1.1699154],[2.892895]
[3.73080415],[1.17657603],[2.81454295]
[3.62145764],[1.16893232],[2.73048176]
[3.46277442],[1.15380025],[2.63861187]
[3.39933123],[1.13561545],[2.5870702]
[3.37609631],[1.12148263],[2.54241906]
[3.34911151],[1.10846734],[2.50403432]
[3.32936473],[1.08810975],[2.44000974]
[3.31092235],[1.07269218],[2.39641715]
[3.29235876],[1.06084866],[2.35274476]
[3.28429047],[1.04829651],[2.31219039]
[3.2678644],[1.03195378],[2.26993367]
[4.02373063],[1.75193814],[5.18198018]
[2.28257542],[1.14009062],[1.5869903]
[0.66603609],[0.57223939],[0.18117984]
[1.10314423],[0.47628026],[0.32290054]
[1.37090875],[0.81333914],[0.85819023]
[2.25476283],[1.17135938],[2.00221256]
[2.54054036],[1.31550006],[2.42263705]
[2.66157429],[1.4065103],[2.67953356]
[2.93921327],[1.44198896],[2.92512876]
[3.22911272],[1.45598425],[3.10937017]
[3.38023702],[1.46229234],[3.25719689]
[3.59016248],[1.46273834],[3.36804272]
[3.58897275],[1.45462093],[3.44023029]
[3.69997834],[1.44980728],[3.50083573]
[3.63918076],[1.4532546],[3.50492016]
[3.72302331],[1.4584473],[3.57392658]
[3.71175803],[1.4568112],[3.64572103]
[3.8761301],[1.45829356],[3.76499792]
[3.9174781],[1.45698178],[3.82892671]
[4.05650004],[1.453575],[3.94757323]
[4.08785604],[1.44944836],[3.97465875]
[4.13604711],[1.44798091],[4.03356957]
[4.1652559],[1.43912558],[4.03512905]
[4.1870412],[1.43345766],[4.05441071]
[4.20672125],[1.42767884],[4.07532412]
[4.20877156],[1.42002441],[4.08139397]
[4.23312799],[1.39786361],[4.09079238]
[4.23318692],[1.3787989],[4.02083605]
[4.26305031],[1.3629893],[4.08309015]
[4.25007466],[1.35249956],[3.98188037]
[4.30384159],[1.32788431],[4.03210216]
[4.32103823],[1.31378782],[3.94263039]
[4.43950994],[1.3295152],[3.9794846]
[4.39072542],[1.27342853],[3.88053867]
[4.48715365],[1.25272495],[3.8339337]
[4.38301924],[1.22877899],[3.70930229]
[4.40688586],[1.21267191],[3.62141971]
[4.28068942],[1.19984774],[3.52878905]
[4.22042324],[1.20340155],[3.48312838]
[4.18278377],[1.20508633],[3.43915148]
[4.15215222],[1.20275368],[3.41024336]
[4.12918593],[1.20391335],[3.37081754]
[4.08126755],[1.20737796],[3.29943465]
[4.03183531],[1.20925166],[3.19876828]
[3.98234178],[1.20908267],[3.10543878]
[3.91631818],[1.19902545],[2.99956208]
[3.81400989],[1.18114281],[2.87020568]
[3.67470044],[1.1537048],[2.73743245]
[3.47502151],[1.14115634],[2.64120334]
[3.41085903],[1.12971127],[2.59709591]
[3.39168589],[1.11789578],[2.54977845]
[3.3747369],[1.10383847],[2.51232199]
[3.35942055],[1.09301754],[2.47569403]
[3.34997712],[1.0812385],[2.43507094]
[3.33605003],[1.0654775],[2.38972338]
[4.08670919],[1.7838319],[5.42133334]
[2.20241115],[1.21171885],[1.68098203]
[0.72532425],[0.64289058],[0.22349495]
[1.11298894],[0.4743291],[0.33861795]
[1.39720862],[0.8452282],[0.89599484]
[2.28293149],[1.17259218],[2.04934452]
[2.56227889],[1.31073337],[2.46180797]
[2.68608716],[1.40679498],[2.71134811]
[2.9613139],[1.44490513],[2.95105168]
[3.26330732],[1.45859694],[3.15385151]
[3.43309571],[1.47096045],[3.37028471]
[3.64783636],[1.48002391],[3.52898408]
[3.65389728],[1.48179077],[3.66735305]
[3.77100221],[1.48412369],[3.78255756]
[3.75846701],[1.48916984],[3.86379938]
[3.8848356],[1.49450338],[3.97363961]
[3.94765158],[1.49403334],[4.05816622]
[4.10112491],[1.49754788],[4.19758979]
[4.15156567],[1.49631788],[4.25276655]
[4.209457],[1.489408],[4.31289359]
[4.2524793],[1.48618009],[4.34851135]
[4.26944194],[1.4894376],[4.38939997]
[4.32395019],[1.49074801],[4.42220467]
[4.38594889],[1.48710302],[4.43855149]
[4.44952302],[1.48142674],[4.48052095]
[4.47371292],[1.47914522],[4.48532639]
[4.53036184],[1.47056776],[4.51873272]
[4.5657717],[1.44875741],[4.48457432]
[4.61180338],[1.43323863],[4.5506871]
[4.63147646],[1.42324911],[4.4837608]
[4.66015736],[1.39887316],[4.54150611]
[4.66218883],[1.40281087],[4.45311081]
[4.71122069],[1.37626331],[4.45388886]
[4.69450836],[1.36148806],[4.35253022]
[4.73472822],[1.32564315],[4.27300905]
[4.70035393],[1.30128797],[4.16250288]
[4.69609803],[1.27776883],[4.06151581]
[4.63782305],[1.2545051],[3.96193717]
[4.58933723],[1.25453266],[3.91570437]
[4.54748171],[1.25547372],[3.8695279]
[4.50611485],[1.25267983],[3.83606641]
[4.47561292],[1.24903169],[3.79960698]
[4.40150011],[1.25014614],[3.73496497]
[4.29237011],[1.25193405],[3.62600315]
[4.20249981],[1.24448677],[3.50699567]
[4.11822055],[1.23994246],[3.39414676]
[4.06543116],[1.21990642],[3.24972765]
[3.9944561],[1.19679821],[3.11429762]
[3.90159431],[1.17781655],[2.97570497]
[3.75905831],[1.15980114],[2.84666222]
[3.58276922],[1.14219349],[2.71645687]
[3.47876092],[1.12195681],[2.63959075]
[3.42685522],[1.10898088],[2.58482599]
[3.40695575],[1.09481134],[2.52093254]
[3.37942252],[1.07910907],[2.46733088]
[4.15752512],[1.85358021],[5.75165771]
[2.16797609],[1.26325533],[1.74874624]
[0.7391911],[0.68848169],[0.2457878]
[1.15210486],[0.50471729],[0.37820175]
[1.41302313],[0.86943441],[0.92380431]
[2.31016713],[1.16727735],[2.07728859]
[2.59576897],[1.30750546],[2.50203395]
[2.72043492],[1.41219455],[2.76919875]
[2.99849592],[1.45338639],[3.01802961]
[3.32571349],[1.47386553],[3.26389299]
[3.49879752],[1.49556729],[3.56881011]
[3.7453309],[1.50671403],[3.81087958]
[3.80397441],[1.51404114],[4.01203198]
[3.93305466],[1.51659088],[4.14256678]
[3.97178327],[1.52397517],[4.22600369]
[4.12602531],[1.53179218],[4.38342363]
[4.18694882],[1.52961183],[4.45844053]
[4.26384703],[1.53394697],[4.568099]
[4.31849331],[1.53762167],[4.63328692]
[4.3527063],[1.53918536],[4.69127425]
[4.54009749],[1.54142963],[4.78916594]
[4.61713935],[1.54599946],[4.84087136]
[4.69763993],[1.54891906],[4.91522544]
[4.74609845],[1.54524428],[4.94827094]
[4.77892997],[1.54035464],[5.00339667]
[4.80092833],[1.53904386],[5.02957925]
[4.82786605],[1.53371771],[5.06983033]
[4.85544101],[1.52761095],[5.06680212]
[4.87831449],[1.52065979],[5.1079139]
[4.89688274],[1.49837688],[5.03248284]
[4.90362365],[1.48194201],[5.06584123]
[4.90670566],[1.48541565],[4.98233211]
[4.92675314],[1.46261669],[5.00378821]
[4.92103907],[1.44952266],[4.91718785]
[4.93122875],[1.4158444],[4.82399254]
[4.9550319],[1.39374315],[4.73333133]
[4.9250309],[1.37188409],[4.63052905]
[4.89974191],[1.35231981],[4.5446325]
[4.85899834],[1.34447898],[4.50891895]
[4.83454185],[1.33542245],[4.44115472]
[4.81292253],[1.32995071],[4.4088072]
[4.79367816],[1.31523121],[4.36567689]
[4.7512844],[1.3103684],[4.30320607]
[4.69622959],[1.30771774],[4.17997207]
[4.63714176],[1.30000456],[4.04367421]
[4.55254187],[1.29201692],[3.9013764]
[4.46585915],[1.27068827],[3.73350491]
[4.30510053],[1.24762831],[3.55876863]
[4.14984798],[1.22884718],[3.39006501]
[4.07346282],[1.21102264],[3.25207832]
[3.98894646],[1.19251408],[3.10019544]
[3.88192903],[1.17083518],[2.96374719]
[3.71457923],[1.15318276],[2.83293368]
[3.5975655],[1.133742],[2.7242883]
[3.5075101],[1.1147012],[2.64832126]
[4.2621796],[1.90426776],[6.0967118]
[2.18882493],[1.31422021],[1.86511514]
[0.72374338],[0.75359435],[0.26419959]
[0.54329202],[0.29021066],[0.07724977]
[1.09673855],[0.79022773],[0.71600073]
[2.37113474],[1.10264352],[1.88583707]
[2.64867194],[1.25835143],[2.3617409]
[2.76449511],[1.36265813],[2.6119673]
[3.08843181],[1.40682686],[2.89317733]
[3.44242133],[1.4240991],[3.20635087]
[3.62488188],[1.4374128],[3.55623415]
[3.90649821],[1.44405199],[3.85278751]
[3.98017626],[1.44803777],[3.99472676]
[4.16030013],[1.4520572],[4.17037199]
[4.20577987],[1.46174837],[4.25896694]
[4.28851992],[1.47604917],[4.36980342]
[4.350271],[1.48019589],[4.47080232]
[4.39409717],[1.48611347],[4.55675769]
[4.58550537],[1.47051596],[4.68272079]
[4.71707675],[1.46337514],[4.76270129]
[4.82210097],[1.45269578],[4.88460352]
[4.89059206],[1.47864319],[4.91455523]
[4.93477381],[1.47028494],[5.01544349]
[4.97787909],[1.49482342],[4.99286346]
[4.99238594],[1.48126746],[5.08316097]
[5.01595541],[1.5003128],[5.08514596]
[5.02663312],[1.48640773],[5.16891472]
[5.0788205],[1.50517514],[5.16884612]
[5.0770611],[1.48707546],[5.25572418]
[5.15644702],[1.50388119],[5.24706697]
[5.14365627],[1.48835337],[5.31408417]
[5.23576948],[1.49758595],[5.30244741]
[5.25472874],[1.46932726],[5.29933164]
[5.37653263],[1.45822435],[5.30715552]
[5.39394213],[1.43192406],[5.24786117]
[5.47578066],[1.41409088],[5.20472706]
[5.46072209],[1.39696913],[5.08716457]
[5.43564347],[1.38248774],[4.98412276]
[5.34253648],[1.37411827],[4.88601884]
[5.27353804],[1.36599183],[4.80054478]
[5.20755849],[1.35692655],[4.72212223]
[5.13469249],[1.33791906],[4.63600288]
[5.0646151],[1.31027614],[4.53775227]
[4.98854808],[1.28382367],[4.3891013]
[4.91839264],[1.25645954],[4.24216127]
[4.84424176],[1.2248033],[4.08063647]
[4.79671928],[1.19651086],[3.9050371]
[4.72648926],[1.16487521],[3.73769377]
[4.60891692],[1.12894075],[3.55684289]
[4.423136],[1.11391723],[3.3704996]
[4.2272143],[1.09888957],[3.20078363]
[4.1712017],[1.08209567],[3.06728102]
[4.10160998],[1.06714104],[2.93063025]
[4.00397372],[1.05084096],[2.79092323]
[3.87147548],[1.04075759],[2.67027749]
[4.341784],[1.94388049],[6.27328063]
[2.22388371],[1.32775539],[1.94838319]
[0.59268541],[0.77387258],[0.22005377]
[0.69681316],[0.34759119],[0.11921257]
[1.14599712],[0.83259258],[0.78076052]
[2.43491252],[1.13468579],[2.00482934]
[2.68870355],[1.30057979],[2.49161759]
[2.82972761],[1.40879999],[2.7720955]
[3.21622413],[1.44997906],[3.12096852]
[3.53513498],[1.4695865],[3.5042956]
[3.73417199],[1.48738218],[3.88539206]
[4.04771337],[1.49453665],[4.20822462]
[4.14954897],[1.50376708],[4.35982119]
[4.26524998],[1.5153699],[4.52841004]
[4.32184914],[1.53153863],[4.64432238]
[4.37705065],[1.54808857],[4.7496347]
[4.43679738],[1.55465514],[4.87060678]
[4.63095031],[1.56523556],[5.02520056]
[4.77088189],[1.57902684],[5.19347596]
[4.88487938],[1.59464494],[5.31767312]
[4.9635529],[1.61232496],[5.44913874]
[5.02636425],[1.62334474],[5.52996364]
[5.05843739],[1.62603252],[5.64237954]
[5.15236648],[1.61898228],[5.69272537]
[5.15435013],[1.61578596],[5.82195979]
[5.25504366],[1.62015561],[5.86468054]
[5.23409115],[1.6181988],[5.99600705]
[5.43805194],[1.61571259],[6.02858346]
[5.43047266],[1.61846768],[6.15564079]
[5.57724055],[1.61242152],[6.16238378]
[5.5683209],[1.59915171],[6.26730936]
[5.65817938],[1.60682355],[6.3164917]
[5.71725469],[1.5871689],[6.39783327]
[5.7633213],[1.57737733],[6.41615485]
[5.84980269],[1.5486528],[6.38582601]
[5.86861969],[1.53066772],[6.32108951]
[5.99831596],[1.51242885],[6.22644266]
[5.94465039],[1.5021119],[6.08160749]
[5.91580675],[1.49525908],[5.9525986]
[5.80037876],[1.48748954],[5.82290331]
[5.74254758],[1.47986337],[5.71342002]
[5.69862879],[1.45898773],[5.5923665]
[5.62788214],[1.43278995],[5.43043592]
[5.480942],[1.40330101],[5.2132915]
[5.33185218],[1.37466539],[5.00035774]
[5.16339163],[1.34293083],[4.76776433]
[5.06162263],[1.31529562],[4.54666343]
[4.99089897],[1.28003698],[4.34998727]
[4.88824514],[1.24316839],[4.14745548]
[4.76486122],[1.21058289],[3.95659881]
[4.64886083],[1.18389371],[3.7768153]
[4.50709087],[1.16667755],[3.59730725]
[4.30906428],[1.15213439],[3.4287579]
[4.25729594],[1.13561469],[3.27807323]
[4.19515511],[1.1140177],[3.1264525]
[4.4668031],[1.97896479],[6.53861034]
[2.21261556],[1.35324497],[2.07640596]
[0.63964324],[0.83425034],[0.28238719]
[0.84859895],[0.40800188],[0.17093993]
[1.25747246],[0.89280758],[0.94286948]
[2.47392269],[1.15830996],[2.12039045]
[2.7159008],[1.3363025],[2.61508748]
[2.87458223],[1.43906605],[2.9017147]
[3.30613751],[1.48046928],[3.31245924]
[3.6082937],[1.50301022],[3.74502246]
[3.8231853],[1.52476501],[4.14709667]
[4.16865406],[1.54278533],[4.50673016]
[4.27326279],[1.55853573],[4.67816253]
[4.36558126],[1.57325444],[4.852975]
[4.41968876],[1.59537371],[5.00394684]
[4.46843954],[1.62404453],[5.12086047]
[4.64925562],[1.65637144],[5.33723417]
[4.82540414],[1.67992603],[5.54370422]
[4.92923323],[1.69614364],[5.74442089]
[5.03787322],[1.71247734],[5.90683812]
[5.10396446],[1.73160348],[6.1028564]
[5.23331949],[1.75128355],[6.21987755]
[5.26617608],[1.76572781],[6.36309139]
[5.5142906],[1.76890556],[6.49230814]
[5.52246065],[1.77427565],[6.62272679]
[5.65718429],[1.78310617],[6.79937417]
[5.65632739],[1.76943113],[6.90854746]
[5.75442328],[1.76273265],[7.04887367]
[5.79277355],[1.76150119],[7.18041916]
[5.89861885],[1.76152675],[7.2490034]
[5.95512074],[1.74821523],[7.36661521]
[6.01824988],[1.73482707],[7.40737382]
[6.16236042],[1.73360627],[7.52943062]
[6.19665137],[1.68652821],[7.53315496]
[6.30857722],[1.66413192],[7.55928885]
[6.32826866],[1.64408837],[7.49931422]
[6.40176391],[1.62141473],[7.42152884]
[6.43912584],[1.60930434],[7.26556929]
[6.40081035],[1.60275844],[7.14789526]
[6.32037871],[1.59552521],[6.96586989]
[6.23406675],[1.58750685],[6.80935827]
[6.17865034],[1.56423583],[6.65297258]
[6.11638651],[1.54195042],[6.47420364]
[5.95744362],[1.51555029],[6.18521812]
[5.78550482],[1.48613451],[5.86957117]
[5.61749426],[1.45199119],[5.57615915]
[5.4588009],[1.42411617],[5.25329345]
[5.31623893],[1.38943618],[4.95996492]
[5.13220711],[1.34968134],[4.6933002]
[4.94244161],[1.31782626],[4.45576762]
[4.8339378],[1.28488485],[4.24213576]
[4.74139046],[1.24428374],[4.03092927]
[4.60610178],[1.20460658],[3.84650157]
[4.42603394],[1.18963057],[3.65633628]
[4.31617114],[1.17724428],[3.51767577]
[4.60462158],[2.03505529],[6.85187687]
[2.23594344],[1.40114368],[2.20110651]
[0.73825099],[0.87475091],[0.35890933]
[1.05824616],[0.49587258],[0.28828432]
[1.39932965],[0.95066292],[1.1045868]
[2.51123654],[1.18681197],[2.24803082]
[2.74594746],[1.37873284],[2.75570006]
[3.00093243],[1.47384921],[3.08253424]
[3.39763197],[1.51477751],[3.53654017]
[3.68770974],[1.54040838],[4.00460877]
[3.93175686],[1.57948272],[4.44462134]
[4.30251379],[1.60171899],[4.86092938]
[4.41890562],[1.62129437],[5.07926917]
[4.48956115],[1.64362795],[5.27207109]
[4.54720744],[1.69448673],[5.45568097]
[4.74883943],[1.73340663],[5.69255764]
[4.88389547],[1.76614664],[5.95688963]
[5.02429776],[1.78827794],[6.18199869]
[5.10435369],[1.80162858],[6.41446821]
[5.20494557],[1.81713722],[6.58590632]
[5.31227145],[1.83533568],[6.81903713]
[5.61621881],[1.85396234],[7.01447135]
[5.69231551],[1.86689042],[7.1986019]
[5.81644445],[1.86204096],[7.33796547]
[5.88680287],[1.86772883],[7.53874566]
[5.97915304],[1.87617467],[7.70488247]
[6.04777505],[1.87881392],[7.91709825]
[6.12479357],[1.87924963],[8.06165629]
[6.23934282],[1.88334494],[8.2995129]
[6.34453019],[1.88691904],[8.38611275]
[6.41740881],[1.88110451],[8.58189522]
[6.48234723],[1.87147278],[8.60312309]
[6.54758365],[1.85984803],[8.73254952]
[6.62472624],[1.82405634],[8.75867313]
[6.68413557],[1.79213633],[8.79072579]
[6.79162351],[1.76499753],[8.78297883]
[6.81682366],[1.74707546],[8.70941758]
[6.99917344],[1.72758824],[8.62548622]
[6.99526392],[1.71584943],[8.45827842]
[6.95749826],[1.7057865],[8.26548368]
[6.80025785],[1.68270027],[8.03655389]
[6.69950581],[1.65776648],[7.8564357]
[6.60390158],[1.63010404],[7.64012101]
[6.44498264],[1.60250397],[7.33721907]
[6.28691262],[1.57544273],[6.95893687]
[6.12982727],[1.54140357],[6.56489322]
[5.92608173],[1.50924663],[6.10945685]
[5.7667012],[1.47162661],[5.70526775]
[5.60854575],[1.4255631],[5.32005773]
[5.18283228],[1.39076416],[4.94383175]
[5.00901335],[1.35756166],[4.6838055]
[4.91428041],[1.32340626],[4.47233052]
[4.8095798],[1.27849466],[4.25633703]
[4.68546119],[1.25574262],[4.06140332]
[4.551375],[1.24030323],[3.89560565]
[4.75255891],[2.06641487],[7.16527131]
[2.39617652],[1.46083817],[2.39011304]
[0.86200966],[0.92371224],[0.469883]
[0.44723243],[0.31039393],[0.06807328]
[1.1304983],[0.93065338],[0.98747427]
[2.54371362],[1.15678143],[2.08445993]
[2.79568623],[1.35039888],[2.65459604]
[3.17434103],[1.43834259],[3.04328975]
[3.50828787],[1.48668388],[3.53909829]
[3.81107792],[1.4975287],[4.00895771]
[4.13273864],[1.54213486],[4.49267671]
[4.4226799],[1.56743566],[4.88291909]
[4.54306001],[1.60792443],[5.12046207]
[4.60667652],[1.64595398],[5.33007481]
[4.80890454],[1.69765947],[5.62790416]
[4.96701979],[1.7341934],[5.87316412]
[5.05401124],[1.76337938],[6.1444045]
[5.17012933],[1.78370904],[6.35743135]
[5.22532518],[1.79251066],[6.60233805]
[5.48482534],[1.80473667],[6.80380412]
[5.67451653],[1.80897736],[7.13346229]
[5.86902993],[1.82413745],[7.37987726]
[6.01951372],[1.82606227],[7.61747956]
[6.17623359],[1.82067663],[7.74983198]
[6.32345739],[1.81800226],[8.06580089]
[6.41918216],[1.82247402],[8.22211632]
[6.48605096],[1.81735977],[8.55490051]
[6.56106658],[1.81184187],[8.65919292]
[6.60826141],[1.81093793],[9.00363408]
[6.73834133],[1.8108881],[9.08775378]
[6.76249027],[1.80092485],[9.33051972]
[6.92825157],[1.79290571],[9.40315099]
[6.98229005],[1.78943325],[9.55445678]
[7.14124482],[1.77353166],[9.66651403]
[7.19438549],[1.75581529],[9.67185031]
[7.28159732],[1.7397388],[9.70158402]
[7.31633018],[1.72541877],[9.62914012]
[7.36641985],[1.71445119],[9.55703473]
[7.45832237],[1.70050279],[9.42767947]
[7.45009491],[1.68752405],[9.22953116]
[7.39923406],[1.67111522],[8.99227632]
[7.27427782],[1.64817116],[8.75430869]
[7.18467276],[1.62694352],[8.50435392]
[7.033684],[1.59917685],[8.15932652]
[6.83414822],[1.57085191],[7.70381874]
[6.63145568],[1.5297223],[7.1546663]
[6.46756868],[1.4994587],[6.70441734]
[6.29182281],[1.46347489],[6.1615275]
[6.12419463],[1.42140786],[5.6529839]
[5.88042417],[1.38869361],[5.20862775]
[5.32629923],[1.3553335],[4.80712623]
[5.09750475],[1.32393138],[4.5512094]
[4.96408001],[1.28894196],[4.33003799]
[4.88041151],[1.25143495],[4.13103171]
[4.78699515],[1.21926957],[3.95893229]
[4.85777625],[2.08030684],[7.29367928]
[2.63091039],[1.47459912],[2.56726305]
[0.60507904],[0.94166581],[0.40145457]
[0.7744855],[0.42442417],[0.16234846]
[1.37613725],[1.00623818],[1.22944601]
[2.5923541],[1.22830704],[2.30609863]
[2.87508581],[1.42178899],[2.89134265]
[3.33960859],[1.49677939],[3.35057627]
[3.61102092],[1.5476217],[3.9078211]
[3.99599513],[1.57021963],[4.45196106]
[4.27791333],[1.62278185],[4.94051325]
[4.51085218],[1.67721792],[5.33214787]
[4.64641422],[1.7206917],[5.61640551]
[4.85814786],[1.7592288],[5.95516683]
[4.98146689],[1.80692513],[6.28270337]
[5.1194116],[1.83992116],[6.5182604]
[5.17092247],[1.86749044],[6.83414316]
[5.30707555],[1.87636981],[6.99630044]
[5.36830737],[1.88342716],[7.31118448]
[5.79061468],[1.89203691],[7.64648814]
[5.9307564],[1.90529802],[8.03862687]
[6.22609648],[1.91979056],[8.3656733]
[6.43382046],[1.92827693],[8.72866657]
[6.57315706],[1.93064907],[8.91299045]
[6.64175228],[1.93496045],[9.23441626]
[6.79698033],[1.94186511],[9.46502541]
[6.81360014],[1.94167213],[9.79429688]
[7.02578023],[1.93974287],[10.06328396]
[7.021202],[1.93721572],[10.3734741]
[7.23566886],[1.93485703],[10.65656674]
[7.25970402],[1.92232599],[10.88197808]
[7.37982597],[1.91410623],[11.02641435]
[7.42071027],[1.91309691],[11.19130416]
[7.4731617],[1.88020352],[11.2552364]
[7.58767183],[1.86583915],[11.31898368]
[7.62479875],[1.83620751],[11.31752379]
[7.82285581],[1.81930167],[11.31482368]
[7.87344277],[1.80714428],[11.21778124]
[7.99128423],[1.79618353],[11.17484964]
[8.03738278],[1.78256859],[10.91157489]
[8.02912132],[1.76702755],[10.6873474]
[7.94040664],[1.74348713],[10.36774503]
[7.83015182],[1.71264681],[10.00695669]
[7.64426262],[1.68566702],[9.63320879]
[7.37323175],[1.65799479],[9.17643315]
[7.17530326],[1.62476547],[8.61442327]
[7.0460676],[1.59405106],[8.04380204]
[6.89581763],[1.55697208],[7.44843773]
[6.69659637],[1.5107364],[6.77258556]
[6.48622749],[1.47009262],[6.13299823]
[6.12481485],[1.43315682],[5.55965288]
[5.56326486],[1.39921528],[5.14826479]
[5.17779881],[1.36152848],[4.8305756]
[5.04608849],[1.32545268],[4.59785907]
[4.97041044],[1.29319272],[4.41326105]
[5.07187817],[2.10477089],[7.76989608]
[2.7310213],[1.50465638],[2.74265649]
[0.73676686],[0.99350385],[0.53544751]
[1.09348222],[0.51965045],[0.31872154]
[1.57564205],[1.07268311],[1.45877316]
[2.64223319],[1.28965444],[2.49658192]
[3.0432456],[1.48065075],[3.14072938]
[3.46272293],[1.54912211],[3.66992551]
[3.69625023],[1.61397973],[4.29210521]
[4.13986804],[1.66115165],[4.91644173]
[4.39528502],[1.75226479],[5.43832546]
[4.58750724],[1.80042477],[5.8363187]
[4.85348961],[1.84233324],[6.29198902]
[5.0384782],[1.87524943],[6.637047]
[5.12413586],[1.90813778],[7.00007942]
[5.24053768],[1.93339327],[7.20258615]
[5.28232423],[1.95861088],[7.57052336]
[5.58637503],[1.97553526],[7.85622853]
[5.72637513],[1.98287674],[8.24427553]
[5.97529556],[1.99135917],[8.60449301]
[6.26248779],[2.00402158],[9.12530268]
[6.57023475],[2.01777474],[9.56553281]
[6.7128364],[2.02550035],[9.98445495]
[6.96915768],[2.02861757],[10.2662611]
[7.11380514],[2.03349171],[10.61595956]
[7.32104054],[2.03978502],[10.98065673]
[7.36018383],[2.03981389],[11.32686584]
[7.46600407],[2.05350449],[11.69272744]
[7.49938999],[2.0741974],[12.05995822]
[7.59550331],[2.08881548],[12.34710746]
[7.68688378],[2.10653432],[12.64709589]
[7.81316801],[2.12125441],[12.82227357]
[7.99512892],[2.11080858],[13.09243836]
[8.05209105],[2.08175263],[13.14324986]
[8.1494723],[2.05411341],[13.25124336]
[8.19538574],[2.01613366],[13.25919251]
[8.24488286],[1.98184718],[13.24855987]
[8.27961307],[1.9493058],[13.15647636]
[8.31835487],[1.92496022],[13.0591108]
[8.48860135],[1.89158891],[12.84989045]
[8.56602257],[1.86656365],[12.5940731]
[8.54242801],[1.8425067],[12.2766537]
[8.32278806],[1.80787872],[11.88694131]
[8.21644474],[1.77771226],[11.47362246]
[8.04135745],[1.75015544],[10.99681454]
[7.81801004],[1.71918702],[10.35807835]
[7.5424804],[1.69013578],[9.63166883]
[7.37128054],[1.65518448],[8.95680312]
[7.22946874],[1.60811772],[8.32097212]
[7.10258084],[1.56577785],[7.54148151]
[6.92427904],[1.52292651],[6.71072198]
[6.35230232],[1.48524919],[5.97058705]
[5.68179664],[1.4493534],[5.49774306]
[5.33542509],[1.41781468],[5.15863429]
[5.12685535],[1.3847879],[4.89822616]
[5.60043866],[2.14058591],[8.26263209]
[3.13095747],[1.55821089],[2.97528102]
[1.04757734],[1.02893279],[0.70782357]
[1.26257672],[0.59562026],[0.49358733]
[1.76521032],[1.1397028],[1.69417255]
[2.68946254],[1.34705268],[2.69493513]
[3.19776603],[1.53190324],[3.41462071]
[3.57026126],[1.59315449],[4.00060726]
[3.81108118],[1.68084462],[4.68966875]
[4.26497083],[1.76330632],[5.35883648]
[4.49236646],[1.85176982],[5.90105554]
[4.70442323],[1.89729378],[6.34937782]
[5.00137074],[1.94047894],[6.89806361]
[5.17623764],[1.9850102],[7.25692758]
[5.24403008],[2.02879536],[7.72686498]
[5.37914735],[2.05343975],[8.00304596]
[5.43265892],[2.07850159],[8.40675574]
[5.8380121],[2.08661193],[8.82319614]
[5.95560117],[2.10240886],[9.24643744]
[6.20450619],[2.09739057],[9.71811335]
[6.57358929],[2.09795669],[10.36540333]
[6.82680056],[2.10378501],[10.86369369]
[7.05580937],[2.13880344],[11.39681361]
[7.3701769],[2.17186336],[11.88482897]
[7.47713734],[2.20669894],[12.27216927]
[7.59479265],[2.2381949],[12.66314594]
[7.70076735],[2.26969617],[13.05941864]
[7.83903904],[2.29062674],[13.39938921]
[8.01381889],[2.30930816],[13.87099648]
[8.12794559],[2.31970524],[14.21682608]
[8.22157825],[2.32977758],[14.59686282]
[8.30988017],[2.33782499],[14.83268043]
[8.36682103],[2.32988288],[15.1105704]
[8.43434681],[2.30432684],[15.21871759]
[8.47897601],[2.28178309],[15.30223102]
[8.70857886],[2.24526985],[15.40525166]
[8.77632342],[2.20981147],[15.34013961]
[8.89611492],[2.18341578],[15.39722865]
[8.95192356],[2.1540656],[15.26569273]
[9.01142975],[2.11867999],[15.15761881]
[9.05936359],[2.08666195],[14.87661724]
[9.06494462],[2.05172671],[14.56251756]
[9.01971203],[1.96390918],[14.14058708]
[8.92534178],[1.89955448],[13.66275143]
[8.73585253],[1.85023528],[13.14643919]
[8.34688504],[1.81584032],[12.42953553]
[8.15662428],[1.78691038],[11.59545799]
[8.02261566],[1.75257604],[10.7599866]
[7.84787184],[1.70486754],[9.92008012]
[7.57167346],[1.66325179],[9.09435077]
[7.40460364],[1.61944909],[8.19613567]
[7.1797],[1.57556033],[7.24375201]
[6.48622408],[1.53406879],[6.35443898]
[5.80320356],[1.49837575],[5.82235033]
[5.49794497],[1.45919688],[5.47335092]
[6.13517257],[2.17375828],[8.81829716]
[3.72146743],[1.60008576],[3.33958978]
[1.27915879],[1.07161002],[0.87034659]
[0.92124259],[0.47175363],[0.21487407]
[1.86589055],[1.13166993],[1.60372814]
[2.75330596],[1.33679499],[2.59391983]
[3.31987612],[1.51756118],[3.37389737]
[3.65886856],[1.56285007],[4.00275682]
[3.96635869],[1.68105417],[4.71484197]
[4.3487503],[1.75511131],[5.32796135]
[4.55630322],[1.84332177],[5.90668473]
[4.87775794],[1.8986002],[6.45422867]
[5.12304853],[1.93808494],[7.02144828]
[5.27605826],[1.96642319],[7.39336368]
[5.3337627],[2.00073039],[7.91259778]
[5.6074711],[2.0233909],[8.24320879]
[5.72338581],[2.04447394],[8.67643966]
[5.98921736],[2.05740133],[9.12759703]
[6.17546762],[2.0611237],[9.68662893]
[6.52006607],[2.11640768],[10.28035386]
[6.75532086],[2.1575438],[10.99993771]
[7.16764047],[2.18899094],[11.67710789]
[7.4095646],[2.21950789],[12.33026416]
[7.5815823],[2.24553084],[12.82195748]
[7.77276238],[2.27327685],[13.29930444]
[8.04660318],[2.29839771],[13.72865445]
[8.18409389],[2.32364331],[14.2201384]
[8.27390509],[2.34026852],[14.58596473]
[8.35083416],[2.35813382],[15.10390836]
[8.41054223],[2.36859492],[15.47994958]
[8.45936676],[2.37664897],[15.91843885]
[8.68340807],[2.38385177],[16.30891734]
[8.80123147],[2.37547393],[16.65428543]
[8.95188517],[2.35165865],[16.83926883]
[9.02586363],[2.33152915],[16.94435826]
[9.09688859],[2.30662925],[17.05150602]
[9.1542723],[2.28657262],[17.01478015]
[9.18124434],[2.26560782],[16.96539095]
[9.22901831],[2.24188146],[16.90222806]
[9.32939119],[2.21346833],[16.68331644]
[9.59003793],[2.18745748],[16.70019757]
[9.67600099],[2.15772119],[16.30973413]
[9.70824151],[2.09184778],[15.91504963]
[9.61208284],[2.0019323],[15.33979008]
[9.25642569],[1.90620967],[14.73869505]
[9.03907169],[1.8354598],[14.11141853]
[8.87720218],[1.7776699],[13.30723722]
[8.6052144],[1.748714],[12.33888717]
[8.29525077],[1.70602016],[11.28483677]
[8.16186527],[1.66690573],[10.3059783]
[8.02328192],[1.62594055],[9.38269415]
[7.84821066],[1.58568313],[8.39055639]
[7.40904904],[1.53986896],[7.27069428]
[6.72289906],[1.50250396],[6.33483665]
[5.94421792],[1.45728809],[5.74066488]
[6.10074233],[2.19406963],[8.96037102]
[4.61355015],[1.62117958],[3.72021936]
[1.31580859],[1.09144168],[0.92015329]
[1.16703189],[0.56080496],[0.40429954]
[2.02688928],[1.21000234],[1.83742959]
[2.86480012],[1.40086532],[2.84364807]
[3.45231623],[1.57072357],[3.67365469]
[3.79649807],[1.61508687],[4.38107532]
[4.11015457],[1.78162977],[5.16647096]
[4.41882168],[1.85525674],[5.77214361]
[4.66695357],[1.9403011],[6.43429205]
[5.01837007],[1.98931967],[7.03514653]
[5.21222763],[2.02858999],[7.62780951]
[5.36308676],[2.05763418],[8.09421366]
[5.43525111],[2.09779535],[8.6374372]
[5.82330037],[2.12543212],[9.11085606]
[5.92583576],[2.15722316],[9.59107623]
[6.13219837],[2.20206963],[10.1718795]
[6.46745899],[2.27580374],[10.92888812]
[6.7214154],[2.32805158],[11.56976824]
[6.96137405],[2.35792554],[12.33600811]
[7.43225627],[2.37963164],[13.10997646]
[7.6345251],[2.40120318],[13.79501709]
[7.9455606],[2.42009169],[14.39603205]
[8.18901418],[2.43945838],[15.0301757]
[8.33815839],[2.45812415],[15.48089277]
[8.41955022],[2.47675576],[15.99067871]
[8.52811746],[2.48885686],[16.41281367]
[8.58355832],[2.50834598],[16.91297627]
[8.8875193],[2.52140232],[17.53870413]
[8.93837686],[2.51920115],[17.96796207]
[9.0843461],[2.52834552],[18.43233294]
[9.15742276],[2.52279897],[18.76436143]
[9.20463059],[2.50540728],[19.02935907]
[9.25853848],[2.4708013],[19.25516305]
[9.27368987],[2.44368927],[19.35324898]
[9.55841455],[2.42902003],[19.56755449]
[9.66385825],[2.41222565],[19.53051589]
[9.78573574],[2.39471085],[19.5128059]
[9.85874995],[2.36942492],[19.33809453]
[9.90152392],[2.34869092],[19.08640568]
[9.96699292],[2.32131994],[18.76085357]
[10.06635096],[2.27470754],[18.35124897]
[10.12366468],[2.20217096],[17.8408573]
[9.90696666],[2.12268353],[17.27973854]
[9.73597906],[2.022868],[16.60935096]
[9.42395378],[1.93305582],[15.66899872]
[9.09518692],[1.85192613],[14.6081194]
[8.98085984],[1.79640469],[13.64428393]
[8.81749668],[1.75789196],[12.47155011]
[8.58369592],[1.71854816],[11.27899434]
[8.26254842],[1.68053746],[10.09812206]
[8.10321022],[1.63385876],[9.02307451]
[7.73155292],[1.5919867],[7.82204587]
[7.00578409],[1.54417595],[6.77756164]
[7.23438908],[2.22806858],[10.08766025]
[5.16408886],[1.65425095],[4.18860431]
[1.47252428],[1.13637053],[1.11155672]
[1.30911727],[0.62197919],[0.54455382]
[2.15597271],[1.27837835],[2.04889538]
[2.98161817],[1.46058023],[3.10400941]
[3.54819307],[1.61787488],[3.99294141]
[3.94133056],[1.67777505],[4.83287622]
[4.23646761],[1.88280751],[5.66964166]
[4.49892863],[1.95447159],[6.29419616]
[4.85500123],[2.03066719],[7.05558485]
[5.14715759],[2.07815667],[7.67416397]
[5.31362939],[2.12378435],[8.34290751]
[5.59349742],[2.1495522],[8.88906416]
[5.72689274],[2.18894226],[9.49968896]
[5.98907631],[2.24023799],[10.07459877]
[6.12074124],[2.32972738],[10.64751812]
[6.42363496],[2.40062177],[11.30817692]
[6.70698857],[2.46022849],[12.13471334]
[6.99596168],[2.50120665],[12.82575299]
[7.35979839],[2.52622879],[13.65559795]
[7.62069101],[2.54447082],[14.47271491]
[8.06115577],[2.56162869],[15.34423016]
[8.30801492],[2.57790409],[16.09630452]
[8.43469571],[2.59353612],[16.78821827]
[8.70731995],[2.61737148],[17.33735173]
[8.88854321],[2.64292988],[17.87706094]
[9.05689758],[2.64958588],[18.46038867]
[9.1389682],[2.67645251],[19.02126657]
[9.20603646],[2.68560749],[19.56710352]
[9.27807423],[2.69024784],[20.08312402]
[9.31715682],[2.70024693],[20.58746689]
[9.53644413],[2.71282964],[21.17645444]
[9.66783073],[2.71223874],[21.52409178]
[9.82423155],[2.66249738],[21.86378444]
[9.91311811],[2.62628623],[22.02921657]
[9.96641401],[2.58637106],[22.09072176]
[10.02984529],[2.55484026],[22.09869827]
[10.09407678],[2.53300983],[21.97985643]
[10.26770475],[2.50680846],[22.09617159]
[10.39269401],[2.48988991],[21.94511076]
[10.6048461],[2.46402563],[21.74282283]
[10.75658129],[2.42828981],[21.38446261]
[10.88565249],[2.37277315],[20.88718331]
[10.94432567],[2.3073557],[20.27497829]
[10.55775751],[2.23467902],[19.43194275]
[10.09521886],[2.14447174],[18.30592974]
[9.81862168],[2.0618433],[17.3106382]
[9.52621326],[1.97322774],[16.18670053]
[9.1244621],[1.86357552],[14.88749885]
[9.02252537],[1.81997227],[13.61952468]
[8.8964983],[1.78038105],[12.29401615]
[8.71802294],[1.72609846],[10.90714642]
[8.18982806],[1.68584239],[9.63321991]
[7.89408291],[1.63609784],[8.4873133]
[7.86611388],[2.26657045],[11.35034091]
[6.01018014],[1.72298994],[4.77594223]
[1.86914267],[1.17739674],[1.31744741]
[1.45883681],[0.6854758],[0.69349063]
[2.30877148],[1.34743743],[2.35594575]
[3.16675306],[1.51362871],[3.47229017]
[3.65722973],[1.66100783],[4.41232217]
[4.09746784],[1.77543799],[5.38578011]
[4.35473781],[1.96583676],[6.19252623]
[4.62633333],[2.03316944],[6.86617054]
[5.01953193],[2.10539015],[7.66100861]
[5.26407405],[2.15938345],[8.34552086]
[5.42183219],[2.20316155],[9.08566131]
[5.83316315],[2.32663088],[9.77857119]
[5.95656712],[2.42680743],[10.53113357]
[6.12761406],[2.4942446],[11.14507946]
[6.41349438],[2.56202269],[11.84640639]
[6.69608271],[2.61708932],[12.58787583]
[6.9221537],[2.65969841],[13.37206019]
[7.36953869],[2.68959124],[14.20170955]
[7.61310943],[2.70472902],[15.0780571]
[7.97698928],[2.72334962],[15.98244719]
[8.35391201],[2.74282125],[17.00374447]
[8.59115616],[2.76242106],[17.80517456]
[8.83014273],[2.76542596],[18.53838782]
[9.10520042],[2.78672006],[19.34133753]
[9.25376256],[2.80870093],[19.90365547]
[9.3074265],[2.82843545],[20.48545518]
[9.43788998],[2.85814621],[21.11409458]
[9.59566976],[2.86267175],[21.71275077]
[9.78267497],[2.88500029],[22.51079392]
[9.93619401],[2.89070817],[23.104297]
[10.01134978],[2.90283832],[23.5671604]
[10.08903176],[2.90046142],[23.92239408]
[10.1315332],[2.86236095],[24.18872545]
[10.2929752],[2.83241665],[24.64266224]
[10.39399847],[2.79426703],[24.81306436]
[10.5649728],[2.75890152],[25.05700226]
[10.72700716],[2.71731479],[25.08325007]
[10.83381138],[2.67798033],[24.99272998]
[11.03583512],[2.65088123],[24.87054944]
[11.20242895],[2.62211891],[24.72758807]
[11.40581664],[2.58710954],[24.55228393]
[11.56224661],[2.53652906],[24.21388449]
[11.68842574],[2.48745756],[23.63672533]
[11.6912683],[2.44538495],[22.94658112]
[11.2337228],[2.39074976],[21.91551766]
[10.77766878],[2.30138442],[20.66717182]
[10.29977513],[2.22044137],[19.18600429]
[9.85904081],[2.07612396],[17.62132673]
[9.60361401],[1.96620483],[16.35514494]
[9.25633402],[1.87543168],[14.8486697]
[9.05536857],[1.82547201],[13.17541729]
[8.87662574],[1.78091315],[11.71139106]
[8.21817822],[1.73065535],[10.26627421]
[8.52712727],[2.30403058],[13.00436458]
[6.81846862],[1.77914365],[5.6238677]
[2.39451643],[1.22091259],[1.56254748]
[1.20273558],[0.60760547],[0.47134751]
[2.39417431],[1.3535297],[2.25043953]
[3.26965355],[1.50042199],[3.3305502]
[3.76066389],[1.64032875],[4.26682881]
[4.20164605],[1.79283232],[5.33243837]
[4.44165815],[1.97293153],[6.17013448]
[4.76046504],[2.03489067],[6.85340096]
[5.13934296],[2.10658752],[7.68619079]
[5.35890292],[2.16160899],[8.42238944]
[5.62189816],[2.20141232],[9.20864892]
[5.99140623],[2.26157145],[10.03163977]
[6.11302768],[2.35601222],[10.83639227]
[6.31516806],[2.4179055],[11.50326572]
[6.67344651],[2.48308826],[12.33417263]
[6.9259233],[2.53519254],[13.03532537]
[7.2451824],[2.58014249],[13.86678705]
[7.5874813],[2.62863519],[14.78914378]
[7.88402445],[2.66262098],[15.75101556]
[8.28898026],[2.67574515],[16.71842503]
[8.51681974],[2.70493185],[17.76330331]
[8.98656275],[2.73080088],[18.75194088]
[9.21523878],[2.75668781],[19.789915]
[9.3080014],[2.79519842],[20.6091765]
[9.55009411],[2.84875361],[21.29227875]
[9.83410266],[2.88523895],[22.01100646]
[9.97586322],[2.9312742],[22.87993208]
[10.0724547],[2.96056398],[23.51239899]
[10.12234409],[2.9773092],[24.13453484]
[10.29581195],[2.98725702],[24.69114911]
[10.38585512],[3.01093236],[25.2467189]
[10.51040559],[3.00689087],[25.95018829]
[10.64740492],[2.97055065],[26.3733446]
[10.79791976],[2.96021507],[26.78973972]
[10.95735055],[2.94686163],[26.97686449]
[11.10383411],[2.92306608],[27.13431561]
[11.28361487],[2.88255821],[27.35165171]
[11.4843812],[2.85410924],[27.50849705]
[11.6169333],[2.82057332],[27.47498056]
[11.8205618],[2.78453606],[27.42720613]
[11.99048644],[2.74702023],[27.24929811]
[12.17063616],[2.70911306],[26.95587065]
[12.33266837],[2.66833372],[26.58950882]
[12.46896362],[2.62849978],[25.94140063]
[12.39359575],[2.57664848],[25.01232525]
[11.90148283],[2.51189788],[23.73851715]
[11.43429787],[2.44635502],[22.06671163]
[10.93989695],[2.3313609],[20.39956]
[10.45807278],[2.1721679],[18.86539781]
[9.96086398],[1.99059765],[16.97426206]
[9.72285585],[1.88643023],[15.28305509]
[9.38379328],[1.78166365],[13.47797847]
[8.92011316],[1.72762563],[11.93940852]
[8.67590392],[2.32525365],[14.97029343]
[7.25333668],[1.81337004],[6.27433864]
[3.38373761],[1.24020259],[1.91525324]
[1.38334289],[0.67916573],[0.63974625]
[2.47772697],[1.40234097],[2.49006229]
[3.37128646],[1.54513065],[3.63716035]
[3.8341094],[1.67283895],[4.60797753]
[4.25423531],[1.85840365],[5.73315355]
[4.50707779],[2.03138029],[6.55894006]
[4.86380992],[2.09406583],[7.27570284]
[5.18354294],[2.16833199],[8.149242]
[5.42684718],[2.21919195],[8.96034632]
[5.76779979],[2.30619784],[9.86535147]
[6.04577361],[2.43605288],[10.73931757]
[6.21546915],[2.52477193],[11.63777395]
[6.5091502],[2.58295607],[12.40127738]
[6.76870291],[2.63809478],[13.20760846]
[7.09706137],[2.68578512],[14.04789349]
[7.42483494],[2.72145214],[14.91388606]
[7.66147631],[2.76984209],[15.86778104]
[8.11619998],[2.794183],[16.97075662]
[8.40755796],[2.81529682],[18.08244971]
[8.67403591],[2.83735861],[19.16889983]
[9.12938851],[2.88145545],[20.42541745]
[9.33129176],[2.93119984],[21.46141818]
[9.55717964],[2.97279262],[22.36983497]
[9.88050939],[3.01089806],[23.41551531]
[10.05822324],[3.04361053],[24.1593398]
[10.15757247],[3.09558786],[24.9204442]
[10.33771409],[3.12434147],[25.55530688]
[10.43585912],[3.1541943],[26.19934544]
[10.61671359],[3.17812727],[27.24113447]
[10.76227096],[3.20443513],[27.87788258]
[10.85334514],[3.19604442],[28.43406556]
[11.05750056],[3.17164246],[28.94074012]
[11.24474441],[3.18353773],[29.65960491]
[11.41734707],[3.21159723],[30.20097302]
[11.63709602],[3.17783401],[30.5674455]
[11.79119105],[3.13095443],[30.76924701]
[11.98447071],[3.09758321],[30.88886262]
[12.18790535],[3.05872431],[31.07176467]
[12.33413252],[3.0171357],[31.08033545]
[12.55098289],[2.9729466],[30.99990482]
[12.70026059],[2.92544069],[30.69285205]
[12.88976165],[2.88091864],[30.30299695]
[13.07019507],[2.83386142],[29.79475107]
[13.15817384],[2.78624448],[28.96889856]
[13.06072185],[2.71965505],[27.96634708]
[12.56197491],[2.64904925],[26.36853922]
[12.07817833],[2.5591549],[24.29256578]
[11.58560096],[2.46568375],[22.22603889]
[11.10876712],[2.29153529],[20.46880577]
[10.60793665],[2.08343049],[18.49390523]
[10.20108183],[1.98955684],[16.22173388]
[9.61034134],[1.88265751],[14.29298854]
[9.28597954],[2.35411289],[17.22813751]
[7.85948409],[1.83562423],[6.88611962]
[6.03148329],[1.27198561],[2.55069761]
[1.52784653],[0.73297363],[0.82718663]
[2.54966597],[1.4457809],[2.75305905]
[3.4466106],[1.58271884],[3.9641069]
[3.91498248],[1.70008445],[4.9444082]
[4.31414073],[1.92121729],[6.12621578]
[4.5900147],[2.08779664],[6.96499816]
[4.96857988],[2.14886861],[7.70960153]
[5.25383559],[2.21986739],[8.60672199]
[5.54449688],[2.29573363],[9.50067943]
[5.90612075],[2.47201522],[10.48601182]
[6.12540884],[2.57402725],[11.39409482]
[6.38160009],[2.64867565],[12.35109885]
[6.67365303],[2.69215371],[13.09825932]
[6.88580866],[2.74232927],[13.91894338]
[7.31805249],[2.79698857],[14.88152581]
[7.58596709],[2.86488251],[15.82509508]
[7.82775269],[2.90232614],[16.80440025]
[8.29662701],[2.92091408],[18.03768584]
[8.51577303],[2.93975664],[19.14429178]
[8.97172488],[2.97283839],[20.39226871]
[9.24663402],[3.01672621],[21.63892797]
[9.53630953],[3.06293821],[22.73409285]
[9.87500503],[3.09909851],[23.92571995]
[10.04885288],[3.15010512],[24.94495107]
[10.2464251],[3.1817087],[25.67824069]
[10.42305468],[3.24156769],[26.4691824]
[10.58956183],[3.27007059],[27.42451041]
[10.71982111],[3.30515539],[28.2759131]
[10.85822034],[3.34362454],[29.16075795]
[11.03489562],[3.3867494],[29.85107525]
[11.205122],[3.37440344],[30.57198534]
[11.38024422],[3.37228382],[31.47608267]
[11.60901577],[3.3834419],[32.2169606]
[11.76014344],[3.39637235],[32.73428998]
[11.96301186],[3.37830728],[33.36545381]
[12.16591772],[3.34581414],[33.88374468]
[12.32163752],[3.32317206],[34.17937313]
[12.52288388],[3.28769308],[34.38841874]
[12.69173858],[3.25503061],[34.51472718]
[12.8844439],[3.21092818],[34.60791601]
[13.07260892],[3.16560747],[34.44746201]
[13.20234125],[3.12087704],[34.1441936]
[13.39506581],[3.07233963],[33.69144105]
[13.55543575],[3.02402074],[33.02561227]
[13.51799358],[2.96599841],[32.01564779]
[13.25006927],[2.88799496],[30.67063084]
[12.7573651],[2.7956231],[28.61627078]
[12.30550469],[2.70142039],[25.97690968]
[11.83883913],[2.55679253],[23.89317231]
[11.37317147],[2.39468985],[21.65016125]
[10.89952986],[2.17692709],[19.40026242]
[10.34010596],[2.06629493],[16.95177793]
[9.82264867],[2.37545546],[19.48613562]
[8.45757963],[1.87924482],[7.71911399]
[6.53643678],[1.31660682],[3.20433497]
[1.65347175],[0.7885527],[1.02704025]
[2.62975994],[1.48592008],[2.97186413]
[3.53760651],[1.61654365],[4.27230599]
[4.01512921],[1.73224602],[5.22524076]
[4.36695986],[1.9753062],[6.48216273]
[4.66715517],[2.13852539],[7.3422294]
[5.0575094],[2.2008429],[8.138065]
[5.33495103],[2.27902297],[9.09411283]
[5.70765346],[2.4156019],[10.09319398]
[6.0130345],[2.56127658],[11.1183446]
[6.23676097],[2.65208483],[12.0798887]
[6.5758806],[2.72202629],[13.07223111]
[6.81362805],[2.76755018],[13.90346372]
[7.05681394],[2.81821254],[14.76919867]
[7.49095298],[2.88424396],[15.8252005]
[7.7259524],[2.94265125],[16.79441753]
[8.11273667],[2.9858921],[17.8742905]
[8.43335375],[3.01386136],[19.14750933]
[8.77753888],[3.06621615],[20.33669309]
[9.16722346],[3.11153619],[21.68310625]
[9.34478797],[3.14355932],[22.83331261]
[9.81139243],[3.18596931],[24.16424774]
[10.05820618],[3.22073281],[25.37294649]
[10.18166744],[3.26450187],[26.29655532]
[10.45108841],[3.29959062],[27.11960504]
[10.68624333],[3.34963268],[28.00032157]
[10.84746502],[3.38768252],[29.10036463]
[10.9981561],[3.42346468],[29.92736848]
[11.16311516],[3.47098182],[30.72804215]
[11.35707286],[3.53051961],[31.63497821]
[11.57204878],[3.52063049],[32.65412834]
[11.71001428],[3.50939345],[33.44073908]
[11.93430886],[3.50844535],[34.21530159]
[12.12549918],[3.513272],[35.0776523]
[12.27518176],[3.50062935],[35.65142179]
[12.50498399],[3.47621508],[36.34458592]
[12.66354968],[3.45814335],[36.77393063]
[12.84999342],[3.43103528],[37.16685628]
[13.06459515],[3.40147424],[37.43373041]
[13.20983882],[3.36779538],[37.49803821]
[13.40132055],[3.33155346],[37.43399539]
[13.57861875],[3.29448814],[37.27088546]
[13.73883496],[3.25360668],[36.90573418]
[13.89025004],[3.21278756],[36.37925329]
[13.90359782],[3.16298919],[35.60867554]
[13.8386201],[3.09948579],[34.43970332]
[13.35731902],[2.98599207],[32.39800301]
[12.90429443],[2.88121078],[29.9686157]
[12.44302855],[2.77303277],[26.76338053]
[11.97001343],[2.59194756],[24.42325526]
[11.48658459],[2.42589565],[21.95421355]
[10.93464183],[2.18790204],[19.40129962]
[10.45319193],[2.54219183],[23.47239286]
[8.91773653],[1.90997406],[9.42559665]
[7.09347688],[1.36767466],[3.88646546]
[1.4577546],[0.63706898],[0.81124426]
[2.68192698],[1.25018884],[2.5528467]
[3.5975286],[1.39772357],[3.75988831]
[4.08687247],[1.62720654],[4.84330782]
[4.42261891],[1.87053853],[6.09228117]
[4.74078173],[2.02543683],[6.95342439]
[5.12348011],[2.11133758],[7.71290956]
[5.39653027],[2.19521983],[8.68916542]
[5.80339525],[2.3544621],[9.73071133]
[6.08561888],[2.49683287],[10.8312528]
[6.32625938],[2.59162961],[11.80564202]
[6.7078602],[2.67591105],[12.83911081]
[6.96122698],[2.72208984],[13.73086951]
[7.25793754],[2.78269484],[14.65611669]
[7.60691163],[2.84422924],[15.75073917]
[7.89112009],[2.88662957],[16.79727366]
[8.28520553],[2.92651106],[17.99371938]
[8.52336604],[2.98159162],[19.24066797]
[8.98085189],[3.04217928],[20.64321488]
[9.28525063],[3.08659574],[21.96050245]
[9.55027582],[3.12689576],[23.12327113]
[9.97918007],[3.16106406],[24.61568901]
[10.18966044],[3.19944733],[25.76545979]
[10.39290095],[3.23998336],[26.7269525]
[10.69089385],[3.28518105],[27.9159611]
[10.92568717],[3.34120871],[28.85094385]
[11.08698345],[3.38715678],[29.71147412]
[11.27771235],[3.44022308],[30.59932789]
[11.49602209],[3.51081172],[31.6237405]
[11.65454696],[3.57022718],[32.75627141]
[11.88107568],[3.58004677],[33.66695495]
[12.04077791],[3.58165034],[34.3902571]
[12.22054511],[3.57807029],[35.45292315]
[12.44654263],[3.58155685],[36.25917821]
[12.59787122],[3.58037826],[37.07032421]
[12.80422721],[3.5565838],[37.81917457]
[13.00580298],[3.53084966],[38.50131747]
[13.15221773],[3.50643314],[38.92503719]
[13.36640246],[3.47958845],[39.18540945]
[13.54922818],[3.44667032],[39.34642214]
[13.73488395],[3.41774548],[39.40017021]
[13.90487633],[3.3902405],[39.34933484]
[14.05052289],[3.35967107],[39.12328446]
[14.18631023],[3.32832605],[38.72591098]
[14.25662212],[3.29480359],[38.23203465]
[14.30062168],[3.24944692],[37.36555206]
[14.11873315],[3.17285704],[35.7542578]
[13.51709187],[3.06024628],[33.22274826]
[13.06489404],[2.95350319],[30.27004968]
[12.58061046],[2.77862442],[26.5279894]
[12.10793573],[2.58705663],[23.97110978]
[11.53363049],[2.4118217],[21.29491559]
