meltWidth,meltDepth,meltArea
[0.],[0.],[0.]
[0.45836257],[0.09121641],[0.02038999]
[0.67712392],[0.11861182],[0.03940305]
[1.03655953],[0.20080618],[0.10297284]
[1.27083705],[0.22362802],[0.14541157]
[1.47580625],[0.30562975],[0.24484542]
[1.68121869],[0.33192896],[0.31235819]
[1.77724001],[0.39497137],[0.38364828]
[1.91606005],[0.38518451],[0.41196118]
[1.98483375],[0.41823763],[0.45563435]
[2.05651579],[0.38830009],[0.45888884]
[2.05108031],[0.41681654],[0.49359452]
[2.08331041],[0.38817111],[0.47784833]
[2.04657171],[0.40668029],[0.48643086]
[2.04225188],[0.38850937],[0.47185714]
[2.03708701],[0.39432174],[0.47263614]
[2.01259049],[0.37897022],[0.4557238]
[2.04857661],[0.38103744],[0.46171752]
[2.00770263],[0.37155616],[0.44837654]
[2.04531544],[0.37059427],[0.45072444]
[2.00933383],[0.36369588],[0.4397841]
[2.07531501],[0.35564837],[0.44210889]
[2.02018519],[0.35780095],[0.43520781]
[2.11067825],[0.34860806],[0.43501536]
[2.01684537],[0.35329986],[0.42300983]
[2.11423124],[0.33909396],[0.42070665]
[2.00357911],[0.3485419],[0.40860239]
[2.09972527],[0.33041337],[0.40136417]
[1.98972988],[0.33950454],[0.39087737]
[2.08270461],[0.32322969],[0.38173731]
[2.00360217],[0.32454208],[0.3781776]
[2.039331],[0.32028899],[0.36775247]
[1.95943242],[0.31613089],[0.35296315]
[1.94492109],[0.31275944],[0.34615909]
[1.92212333],[0.30687281],[0.33682195]
[1.90042358],[0.30263332],[0.32936569]
[1.86329993],[0.29929716],[0.31908327]
[1.83256954],[0.29142662],[0.3075001]
[1.76683351],[0.2690548],[0.27411396]
[1.64278997],[0.24586025],[0.23178531]
[1.48839548],[0.21801166],[0.18711727]
[1.31311101],[0.18382023],[0.13757599]
[1.10000461],[0.14615471],[0.08676887]
[0.82421636],[0.10700473],[0.04311998]
[0.44511456],[0.0577012],[0.01229896]
[0.09948426],[0.01253183],[0.00050337]
[0.],[0.],[0.]
[0.],[0.],[0.]
[0.],[0.],[0.]
[0.],[0.],[0.]
[0.],[0.],[0.]
[0.],[0.],[0.]
[0.],[0.],[0.]
[0.],[0.],[0.]
[0.],[0.],[0.]
[0.77628616],[0.25245973],[0.09674661]
[1.49708508],[0.40536661],[0.30382853]
[1.73982276],[0.45791847],[0.45159685]
[1.86230232],[0.54274926],[0.60509441]
[2.06721124],[0.59074233],[0.76081968]
[2.11090716],[0.67134409],[0.90214135]
[2.26132851],[0.72788794],[1.04549752]
[2.2666535],[0.77959494],[1.15323365]
[2.3428673],[0.79592715],[1.23017524]
[2.31697893],[0.81360521],[1.26332305]
[2.30406895],[0.8205952],[1.27390641]
[2.37797055],[0.79742576],[1.28186314]
[2.28813329],[0.80579293],[1.25326081]
[2.50032062],[0.78165627],[1.33347647]
[2.38915864],[0.79660322],[1.28928608]
[2.56219103],[0.78183228],[1.36802765]
[2.44105555],[0.79652973],[1.31230033]
[2.60863394],[0.79184175],[1.40332883]
[2.46428279],[0.81009777],[1.32987177]
[2.61441472],[0.84207878],[1.43472239]
[2.42980432],[0.90360335],[1.3790996]
[2.62569927],[0.95246328],[1.52420661]
[2.43893991],[0.9817419],[1.46846266]
[2.64712048],[0.98233601],[1.58767641]
[2.47946147],[0.99495705],[1.51968243]
[2.65429722],[0.99596118],[1.62940801]
[2.48681351],[1.00749034],[1.55557666]
[2.65439208],[1.0092403],[1.66539883]
[2.49730632],[1.01968967],[1.59782213]
[2.65766182],[1.021762],[1.7057223]
[2.57779522],[1.02950473],[1.67949227]
[2.65472432],[1.03517966],[1.73802501]
[2.56892203],[1.04087871],[1.67545324]
[2.50612538],[1.04935401],[1.65251296]
[2.48119887],[1.06065203],[1.65007013]
[2.46324571],[1.0698989],[1.65816923]
[2.41262728],[1.07329946],[1.66118529]
[2.37248081],[1.07668772],[1.67478695]
[2.32257221],[1.07954109],[1.68464829]
[2.24851094],[1.08148082],[1.67497983]
[2.17003235],[1.07672625],[1.65132204]
[2.10209775],[1.06567745],[1.62532906]
[2.03366206],[1.05579971],[1.6026964]
[1.8995747],[1.044496],[1.55450287]
[1.75004185],[1.03300425],[1.50750967]
[1.62125527],[1.02156244],[1.44796354]
[1.56360781],[1.00874119],[1.36376994]
[1.56777844],[0.99448169],[1.25384427]
[1.57524306],[0.97892583],[1.12117961]
[1.58543809],[0.96364482],[1.04098766]
[1.59034043],[0.9470713],[0.96176579]
[1.60768374],[0.92427726],[0.88845622]
[1.62704297],[0.85972999],[0.82378195]
[0.],[0.],[0.]
[0.],[0.],[0.]
[1.41792214],[0.39139531],[0.35329679]
[1.95433967],[0.52840418],[0.6387725]
[2.11372332],[0.60555323],[0.82575371]
[2.23118498],[0.65371384],[0.97655245]
[2.33046119],[0.71362747],[1.12425329]
[2.3988554],[0.74322766],[1.23048839]
[2.45777683],[0.77860253],[1.32696532]
[2.58762745],[0.77931484],[1.40462027]
[2.5999661],[0.81607424],[1.43619262]
[2.79491201],[0.80534117],[1.54692547]
[2.7241063],[0.82528091],[1.4944183]
[2.88750037],[0.82099109],[1.61358948]
[2.82589465],[0.83028277],[1.5471507]
[2.96144192],[0.83835315],[1.67943305]
[2.92286733],[0.8359843],[1.60820696]
[3.03430613],[0.84606292],[1.75824486]
[3.03819017],[0.84795986],[1.70997952]
[3.10220367],[0.86454927],[1.86001309]
[3.1285233],[0.86486315],[1.81354123]
[3.17408272],[0.87884536],[1.92751938]
[3.2098925],[0.88092895],[1.87135482]
[3.25202374],[0.89405891],[1.96525445]
[3.27030051],[0.89389411],[1.91432406]
[3.3008551],[0.89748337],[1.97327708]
[3.29470438],[0.89652611],[1.91336037]
[3.33783981],[0.89409821],[1.96818774]
[3.30597609],[0.89809127],[1.91075173]
[3.34226894],[0.89342312],[1.96730942]
[3.31555524],[0.90160229],[1.9278111]
[3.3346777],[0.90087776],[1.971401]
[3.36387628],[0.93880648],[1.98398329]
[3.33080384],[0.9269967],[1.97477532]
[3.33989562],[0.93804503],[1.94790951]
[3.28729092],[0.94610627],[1.90191412]
[3.25088896],[0.95759604],[1.88053275]
[3.22875316],[0.97631174],[1.86753264]
[3.18940045],[0.98559128],[1.83866418]
[3.14921475],[1.0120274],[1.84765894]
[3.0871907],[1.04231528],[1.85908245]
[3.00653238],[1.06352365],[1.8512482]
[2.92903966],[1.07641184],[1.84609034]
[2.85415129],[1.0890104],[1.82373383]
[2.78279175],[1.1028176],[1.8127828]
[2.72930393],[1.09732868],[1.81002263]
[2.70193188],[1.09533311],[1.80579615]
[2.67113034],[1.09502148],[1.79792596]
[2.6233948],[1.09313699],[1.78239366]
[2.4917998],[1.08799078],[1.75969932]
[2.2993037],[1.0835832],[1.70973329]
[2.05093404],[1.07930241],[1.65076059]
[1.6496669],[1.06506224],[1.56287881]
[1.71692485],[1.04977843],[1.49891745]
[1.79221624],[1.03296399],[1.43946049]
[0.],[0.],[0.]
[0.],[0.],[0.]
[1.47716402],[0.37727559],[0.37096507]
[2.00693695],[0.51291488],[0.68594599]
[2.13398862],[0.59242179],[0.85012636]
[2.24279909],[0.64284524],[1.00609529]
[2.34967944],[0.71296172],[1.16665715]
[2.40658602],[0.74528599],[1.26393083]
[2.51428739],[0.77753896],[1.35976897]
[2.67875568],[0.78353082],[1.43755775]
[2.76619086],[0.82737721],[1.50011758]
[2.87757675],[0.83572712],[1.60248201]
[2.86738066],[0.83994068],[1.57989162]
[2.95607082],[0.85107016],[1.67969412]
[2.96246876],[0.85288277],[1.66565986]
[3.03352207],[0.86559074],[1.76615897]
[3.0631112],[0.87000952],[1.77163217]
[3.10410201],[0.88505229],[1.86115794]
[3.15942327],[0.88884237],[1.87209763]
[3.21000492],[0.90203883],[1.95167734]
[3.26273467],[0.90777683],[1.97176536]
[3.34268623],[0.92139655],[2.03755121]
[3.3670788],[0.92926109],[2.05028193]
[3.43197275],[0.94160105],[2.10286535]
[3.41625771],[0.94308808],[2.09147315]
[3.46133157],[0.94701663],[2.11945306]
[3.43799655],[0.94567077],[2.10128639]
[3.48585339],[0.94821157],[2.12839744]
[3.43970536],[0.94649592],[2.09374358]
[3.49207371],[0.95009315],[2.11946936]
[3.4500989],[0.94879343],[2.0915144]
[3.47990892],[0.95350385],[2.10680789]
[3.48222009],[0.95384642],[2.12443109]
[3.46043548],[0.95592236],[2.08449304]
[3.45174838],[0.95800501],[2.07766624]
[3.41363289],[0.95968821],[2.02746008]
[3.37107641],[0.96180909],[2.00173872]
[3.34525171],[0.96486523],[1.97878505]
[3.29288877],[0.97466123],[1.93438674]
[3.23361666],[1.00195128],[1.93285427]
[3.15931967],[1.0339314],[1.93449211]
[3.09084183],[1.0574756],[1.93325232]
[3.02000285],[1.07151507],[1.91714985]
[2.95468645],[1.08729051],[1.89486574]
[2.90088047],[1.10478914],[1.88381405]
[2.85619224],[1.1018997],[1.86863237]
[2.82446724],[1.10210197],[1.86548121]
[2.78473435],[1.10309927],[1.85860914]
[2.74363623],[1.10224899],[1.83611978]
[2.65343822],[1.09782256],[1.80134137]
[2.47402717],[1.0941512],[1.75275275]
[2.24300782],[1.09042505],[1.69918686]
[1.83568333],[1.08180935],[1.61366988]
[1.69273106],[1.0684626],[1.54795839]
[1.77213943],[1.05213433],[1.49197997]
[0.],[0.],[0.]
[0.],[0.],[0.]
[1.51223994],[0.36251245],[0.37140262]
[2.04697052],[0.50509449],[0.72189412]
[2.16051705],[0.589512],[0.88955581]
[2.26803018],[0.64067826],[1.03628301]
[2.38321736],[0.72291135],[1.21241206]
[2.4871054],[0.75072739],[1.3138473]
[2.64131504],[0.79352536],[1.43014239]
[2.83354529],[0.81152437],[1.53757269]
[2.91791681],[0.84382127],[1.60903443]
[2.96216813],[0.85071135],[1.69657007]
[3.00259912],[0.86651056],[1.73471678]
[3.04757778],[0.87624981],[1.80786992]
[3.09539709],[0.88880596],[1.85290762]
[3.14824945],[0.90255692],[1.93905591]
[3.20554067],[0.91309702],[1.97166932]
[3.25854612],[0.92761964],[2.0492487]
[3.31644289],[0.93834268],[2.07940098]
[3.40016481],[0.95239547],[2.15904274]
[3.41922808],[0.96228014],[2.17617176]
[3.50645773],[0.97673719],[2.23445053]
[3.49207563],[0.98206905],[2.2320762]
[3.54697977],[0.99400704],[2.28448396]
[3.51291094],[0.98972937],[2.26751194]
[3.5659869],[0.99650672],[2.29773905]
[3.52517552],[0.99020472],[2.26991421]
[3.576612],[0.99692708],[2.29743528]
[3.50716075],[0.98941999],[2.23966807]
[3.55457184],[0.99723217],[2.25895693]
[3.49243418],[0.98952619],[2.2095109]
[3.51807946],[0.99664791],[2.20600002]
[3.50313021],[0.9914735],[2.22261611]
[3.48041345],[0.99083158],[2.14502072]
[3.45461151],[0.99018946],[2.11960871]
[3.40821855],[0.98892527],[2.04977927]
[3.33208088],[0.99193022],[2.03616885]
[3.26873391],[1.01731076],[2.02681938]
[3.19418544],[1.03019129],[2.00046239]
[3.14635344],[1.0580812],[2.0032919]
[3.10049717],[1.0915156],[2.01791015]
[3.04692741],[1.11026571],[2.0100118]
[2.9992596],[1.10879419],[1.98662789]
[2.9561904],[1.1057839],[1.961122]
[2.91537585],[1.10411898],[1.9417056]
[2.86733683],[1.09522957],[1.91178175]
[2.67950597],[1.09486814],[1.82208809]
[2.46501991],[1.09684909],[1.73329939]
[2.27887624],[1.09675985],[1.65746657]
[2.03503591],[1.09215398],[1.58739811]
[1.75987333],[1.087639],[1.53264049]
[1.57437789],[1.08274171],[1.49696719]
[1.6294512],[1.07248461],[1.44033189]
[1.69478408],[1.05625944],[1.36604235]
[1.78275379],[1.0359287],[1.28830697]
[0.],[0.],[0.]
[0.],[0.],[0.]
[1.56296589],[0.4045395],[0.47638106]
[2.07128179],[0.51377022],[0.77020235]
[2.19970705],[0.59888189],[0.93188149]
[2.30540303],[0.65300937],[1.08120258]
[2.40300277],[0.72328776],[1.24298364]
[2.52374063],[0.7717825],[1.37631019]
[2.67704693],[0.80760464],[1.49888831]
[2.86554688],[0.82894168],[1.63368217]
[2.95775395],[0.85742543],[1.71378255]
[3.01030494],[0.86817798],[1.81852702]
[3.06784937],[0.90804935],[1.90881777]
[3.11316189],[0.94630371],[2.01679033]
[3.17105991],[0.95358839],[2.06050145]
[3.22655034],[0.96177249],[2.14948266]
[3.28454423],[0.97528626],[2.19670784]
[3.35219083],[0.98129812],[2.27725357]
[3.39284111],[0.99143207],[2.31660083]
[3.47697873],[1.00288242],[2.39238653]
[3.4878196],[1.01666805],[2.42560179]
[3.55197534],[1.03248158],[2.48678391]
[3.52430012],[1.05271242],[2.50602892]
[3.58324039],[1.06950448],[2.56699157]
[3.54529586],[1.08023299],[2.55992133]
[3.6030244],[1.08130252],[2.58818691]
[3.55657301],[1.08539805],[2.55969176]
[3.61070376],[1.09478017],[2.5826617]
[3.54026713],[1.09332785],[2.53532406]
[3.59245019],[1.09688661],[2.54976327]
[3.52334894],[1.10675238],[2.50254989]
[3.54945625],[1.10466327],[2.48303524]
[3.52284094],[1.12282851],[2.46790728]
[3.50263068],[1.11524694],[2.39405187]
[3.47184869],[1.12291732],[2.36105541]
[3.41950594],[1.13234304],[2.29131041]
[3.32086526],[1.15385607],[2.27384546]
[3.25819077],[1.17861745],[2.28630292]
[3.18990893],[1.19486837],[2.29758377]
[3.14402833],[1.21180547],[2.31229642]
[3.09930197],[1.23088811],[2.31898195]
[3.05493535],[1.24117485],[2.30417453]
[3.00732891],[1.23760153],[2.27785927]
[2.95141812],[1.23069432],[2.23344945]
[2.86467173],[1.21972686],[2.17055209]
[2.5904188],[1.20517012],[2.04171697]
[2.37762217],[1.19421575],[1.977081]
[2.20334888],[1.18555615],[1.92775007]
[1.98285949],[1.17497155],[1.89174703]
[1.8944881],[1.16168439],[1.81920468]
[1.98063162],[1.14968239],[1.77384698]
[2.03787576],[1.12953553],[1.73287015]
[2.08396513],[1.10407835],[1.67843993]
[2.11484139],[1.08165852],[1.61220694]
[2.13836322],[1.00941604],[1.49256827]
[0.],[0.],[0.]
[0.],[0.],[0.]
[1.61210646],[0.4200097],[0.54999379]
[2.09601387],[0.53082607],[0.81210202]
[2.23782323],[0.59558286],[0.97564091]
[2.33577334],[0.65949117],[1.14323758]
[2.41105307],[0.7411236],[1.3034065]
[2.55319741],[0.79028229],[1.45514787]
[2.73072469],[0.81845139],[1.5888391]
[2.91389252],[0.84072095],[1.75019659]
[3.03155267],[0.88387295],[1.86581287]
[3.07908683],[0.98557507],[2.06067885]
[3.14296233],[1.01364176],[2.14855226]
[3.18096579],[1.03297847],[2.24384741]
[3.24509566],[1.05247087],[2.30802988]
[3.31332064],[1.06595396],[2.39347838]
[3.36628444],[1.08002627],[2.45397692]
[3.42739954],[1.09449371],[2.52057072]
[3.4541876],[1.11686753],[2.57391961]
[3.53678049],[1.14219102],[2.65344608]
[3.52164633],[1.16562828],[2.68950913]
[3.5852547],[1.18282754],[2.75027359]
[3.55577269],[1.19653732],[2.78082573]
[3.62121746],[1.20995048],[2.82586853]
[3.58171859],[1.21813472],[2.84725422]
[3.64620867],[1.22197701],[2.85828937]
[3.59866157],[1.22345741],[2.84953158]
[3.66105522],[1.22491846],[2.85057187]
[3.57911098],[1.22533065],[2.81854503]
[3.63075101],[1.2261366],[2.80371863]
[3.54876452],[1.22831697],[2.75953931]
[3.57979759],[1.22841767],[2.72482789]
[3.54649844],[1.23238111],[2.71235196]
[3.52780799],[1.23333583],[2.64521031]
[3.46741773],[1.24416972],[2.6081717]
[3.38795722],[1.25318213],[2.56630636]
[3.29991072],[1.26447185],[2.56395589]
[3.24598805],[1.28225161],[2.57608807]
[3.18732843],[1.2943412],[2.57756661]
[3.15715402],[1.30621432],[2.58590322]
[3.12097867],[1.3159241],[2.58206376]
[3.05943789],[1.31554825],[2.54198294]
[2.97688397],[1.30712335],[2.48770194]
[2.87455546],[1.29468004],[2.46271006]
[2.6098121],[1.28239609],[2.40347189]
[2.36240733],[1.27232359],[2.35382844]
[2.16936302],[1.26063423],[2.29606964]
[2.21664793],[1.25024152],[2.22206555]
[2.26741215],[1.23804696],[2.13476112]
[2.29463635],[1.22256143],[2.07746685]
[2.30815806],[1.20626971],[2.01727351]
[2.32019671],[1.18075526],[1.95191384]
[2.32970624],[1.14966277],[1.87748896]
[2.3345055],[1.09097967],[1.74203574]
[2.33168012],[0.98429422],[1.59603521]
[0.],[0.],[0.]
[0.7729791],[0.0603131],[0.02265692]
[1.63073093],[0.44714046],[0.60005499]
[2.13134569],[0.54156553],[0.86229608]
[2.27068352],[0.62523894],[1.0553043]
[2.35143193],[0.69882878],[1.21886224]
[2.44739003],[0.77306015],[1.40215943]
[2.60609514],[0.82296023],[1.56559427]
[2.78948469],[0.84423057],[1.70738355]
[2.96271515],[0.88732028],[1.9091052]
[3.09963352],[1.00931787],[2.11514026]
[3.1377332],[1.0500503],[2.26015712]
[3.21194215],[1.0727076],[2.36083396]
[3.25317244],[1.09260781],[2.44409399]
[3.32099292],[1.12091132],[2.53339496]
[3.39074218],[1.14978826],[2.62555433]
[3.41638628],[1.18310203],[2.68441379]
[3.49037615],[1.20529234],[2.7615964]
[3.49886606],[1.22914356],[2.81425331]
[3.58328216],[1.24811709],[2.89407467]
[3.56140725],[1.26841038],[2.94180723]
[3.62725733],[1.27918167],[3.00715922]
[3.59458119],[1.29034925],[3.04929244]
[3.66641091],[1.30077806],[3.09501957]
[3.62325469],[1.30893162],[3.12292716]
[3.69382316],[1.31184629],[3.13604834]
[3.64284805],[1.31329018],[3.13785354]
[3.70269428],[1.31481256],[3.125462]
[3.61212482],[1.31519891],[3.10024813]
[3.66928001],[1.31601004],[3.0732334]
[3.58229667],[1.31797977],[3.07305312]
[3.62153458],[1.32107536],[3.01427088]
[3.57855522],[1.33338202],[3.0464957]
[3.56505471],[1.33726863],[2.9912546]
[3.47208881],[1.34403196],[2.94286789]
[3.40893159],[1.34964911],[2.90174725]
[3.31694068],[1.35558926],[2.87429022]
[3.27331011],[1.36239473],[2.8642078]
[3.21746565],[1.3675887],[2.85377249]
[3.1619925],[1.37559719],[2.83687308]
[3.10586499],[1.37689561],[2.82280234]
[3.02586347],[1.37437934],[2.85902723]
[2.91142527],[1.36385233],[2.83028624]
[2.64651399],[1.34585961],[2.73451503]
[2.41995576],[1.32785599],[2.65741277]
[2.44391718],[1.31569182],[2.58203097]
[2.45828374],[1.30306621],[2.48803871]
[2.46924047],[1.28974501],[2.37023068]
[2.48259173],[1.2762698],[2.31041102]
[2.48028864],[1.26148624],[2.23838533]
[2.4719999],[1.24532146],[2.15514157]
[2.46707625],[1.22155337],[2.07016596]
[2.46689586],[1.16858344],[1.92728204]
[2.45937499],[1.0685062],[1.78106898]
[2.446481],[0.9649458],[1.64557772]
[0.],[0.],[0.]
[0.79293332],[0.12449909],[0.09238772]
[1.6203967],[0.45883228],[0.61010053]
[2.13118586],[0.57088797],[0.89578074]
[2.26814484],[0.66184325],[1.10178973]
[2.36936683],[0.73520668],[1.29050455]
[2.45867495],[0.80277122],[1.46617028]
[2.65155801],[0.85115806],[1.65746577]
[2.8356799],[0.87565687],[1.81723673]
[3.00842818],[0.97022546],[2.08002011]
[3.16168266],[1.0483526],[2.26540174]
[3.20037474],[1.08512267],[2.40774104]
[3.28603302],[1.10836646],[2.513436]
[3.349744],[1.14062772],[2.62384797]
[3.39280075],[1.18389763],[2.71150484]
[3.47846428],[1.21291729],[2.80779544]
[3.50088244],[1.23799591],[2.87354716]
[3.58238086],[1.25405587],[2.97218392]
[3.58738028],[1.27268331],[3.04365485]
[3.68187768],[1.28944699],[3.14088865]
[3.6424633],[1.30765031],[3.20312259]
[3.71936542],[1.31618101],[3.27791718]
[3.67905952],[1.32563716],[3.32306604]
[3.76047492],[1.33517937],[3.36913484]
[3.69366182],[1.344107],[3.38439814]
[3.75744979],[1.34765397],[3.3801565]
[3.68246818],[1.35055481],[3.37374888]
[3.7467131],[1.35403534],[3.35917659]
[3.63711143],[1.35554307],[3.33831667]
[3.69950595],[1.35709605],[3.30294]
[3.58321611],[1.36062964],[3.28658876]
[3.59390102],[1.36825426],[3.15835694]
[3.49081685],[1.37829157],[3.19082669]
[3.46178241],[1.38439359],[3.17449552]
[3.36831192],[1.39132712],[3.15893304]
[3.3378137],[1.39760965],[3.1318569]
[3.24065947],[1.403564],[3.09618932]
[3.16381565],[1.40317295],[3.06996149]
[3.08162797],[1.40087918],[3.07949004]
[2.99731721],[1.39588988],[3.07244289]
[2.75495143],[1.39287578],[2.99572292]
[2.63853195],[1.38684615],[2.92701287]
[2.65075982],[1.37357545],[2.84618695]
[2.65826624],[1.35359486],[2.75070598]
[2.65672062],[1.33333412],[2.63572236]
[2.65272363],[1.31988994],[2.52534369]
[2.64752841],[1.30610073],[2.44874034]
[2.64218979],[1.29086828],[2.37852875]
[2.63791244],[1.2761802],[2.3119036]
[2.62528208],[1.25901422],[2.21219377]
[2.6105598],[1.21315922],[2.06530568]
[2.59819799],[1.13849938],[1.93216164]
[2.5844874],[1.06580102],[1.82856481]
[2.5690176],[0.98914349],[1.71146956]
[2.55046033],[0.91019057],[1.59397433]
[0.],[0.],[0.]
[0.79312422],[0.17874073],[0.11380872]
[1.61520963],[0.4894352],[0.62388122]
[2.14068279],[0.60873245],[0.9504065]
[2.28949933],[0.70378474],[1.18247878]
[2.388404],[0.77488196],[1.376673]
[2.47509908],[0.83666664],[1.5488283]
[2.68808305],[0.88677754],[1.76567343]
[2.86184998],[0.96420508],[2.00578435]
[3.02756127],[1.05625893],[2.27800222]
[3.17412829],[1.09365743],[2.41852766]
[3.20848653],[1.13879231],[2.55522345]
[3.30474071],[1.17429358],[2.67326889]
[3.36163684],[1.20524561],[2.805544]
[3.4145616],[1.23754197],[2.8945151]
[3.48749858],[1.25677844],[3.01138565]
[3.52909163],[1.28060258],[3.09931437]
[3.6076163],[1.29557337],[3.20510415]
[3.63380969],[1.31259681],[3.30270097]
[3.70627457],[1.32893785],[3.38920154]
[3.68665292],[1.34527408],[3.46467146]
[3.74896967],[1.35225242],[3.52058734]
[3.72800837],[1.36229649],[3.58105412]
[3.79070728],[1.37253132],[3.61083174]
[3.75527309],[1.38222585],[3.63868081]
[3.8077722],[1.38698726],[3.64213085]
[3.75985321],[1.3904965],[3.64681153]
[3.80087339],[1.3933901],[3.65499127]
[3.72481774],[1.39460437],[3.64390606]
[3.76189598],[1.39896221],[3.64412122]
[3.65685744],[1.41026002],[3.60028615]
[3.67448852],[1.41732879],[3.5595175]
[3.55287083],[1.42496213],[3.49928533]
[3.50570474],[1.43031478],[3.49135647]
[3.38067804],[1.43591858],[3.44379934]
[3.31648263],[1.44085401],[3.40546386]
[3.20490433],[1.43843915],[3.36026417]
[3.13370436],[1.43556024],[3.36343122]
[3.03859016],[1.43065856],[3.3519187]
[2.92868597],[1.42760901],[3.28069796]
[2.93780108],[1.4234494],[3.20232845]
[2.94120744],[1.4166034],[3.13401769]
[2.94824756],[1.40246008],[3.04908566]
[2.95931171],[1.38130683],[2.94659444]
[2.94693935],[1.3618528],[2.81007124]
[2.94000559],[1.34406929],[2.72804974]
[2.8734379],[1.33039358],[2.63541572]
[2.8332095],[1.31497259],[2.56302313]
[2.79243395],[1.30022064],[2.49141542]
[2.76130474],[1.28449342],[2.40373274]
[2.7440076],[1.22124098],[2.25537318]
[2.72827506],[1.16131444],[2.13127179]
[2.70921353],[1.10362318],[1.99700157]
[2.6876931],[1.03569091],[1.86551138]
[2.66378237],[0.96756563],[1.74555642]
[0.],[0.],[0.]
[0.79281429],[0.2066866],[0.12474789]
[1.62339167],[0.53038719],[0.65953195]
[2.17303577],[0.64692973],[1.02422261]
[2.32001805],[0.7432586],[1.26377372]
[2.40470414],[0.81194245],[1.44868567]
[2.49518999],[0.86842724],[1.62577736]
[2.73792614],[0.91865289],[1.88775056]
[2.89579505],[1.01562982],[2.17073083]
[3.05109195],[1.06380048],[2.37926481]
[3.19057804],[1.12273288],[2.54309755]
[3.22117461],[1.17261835],[2.67670142]
[3.33909248],[1.2065372],[2.85115492]
[3.39343472],[1.23583338],[2.99251034]
[3.46841841],[1.26496831],[3.10080545]
[3.5473063],[1.2844114],[3.22430746]
[3.59354435],[1.30851955],[3.32733793]
[3.68738009],[1.32407452],[3.43412086]
[3.7115094],[1.34350403],[3.52899705]
[3.79916392],[1.36153913],[3.63132409]
[3.76961501],[1.37889021],[3.69013046]
[3.8463613],[1.388249],[3.78432613]
[3.81574436],[1.40048522],[3.81593146]
[3.89780558],[1.41206265],[3.91001358]
[3.85177636],[1.42194489],[3.88864556]
[3.92861928],[1.42792225],[3.9819458]
[3.86057684],[1.43151378],[3.91495336]
[3.91168951],[1.43400444],[3.99291239]
[3.81505842],[1.43563138],[3.92129518]
[3.84831506],[1.44156353],[3.97194703]
[3.73914567],[1.4514124],[3.8855628]
[3.72585358],[1.45685886],[3.88961003]
[3.60652396],[1.46805409],[3.80000318]
[3.51389968],[1.47277016],[3.78247629]
[3.38688131],[1.47973644],[3.72598209]
[3.32133793],[1.48017175],[3.70906461]
[3.21023179],[1.47648625],[3.67416099]
[3.15545203],[1.47217983],[3.65903257]
[3.16055702],[1.46519206],[3.57778483]
[3.17376597],[1.45908368],[3.48662969]
[3.18302961],[1.45250859],[3.38553993]
[3.1842117],[1.44418982],[3.3070383]
[3.18346492],[1.42816086],[3.20612279]
[3.19186348],[1.4056485],[3.09929742]
[3.18479586],[1.38623804],[2.98783372]
[3.15316608],[1.36571889],[2.89324067]
[3.16409236],[1.34944092],[2.81996024]
[3.15142941],[1.33395678],[2.7468319]
[3.05566397],[1.31891412],[2.64066688]
[3.00628748],[1.26873661],[2.52010943]
[2.95993423],[1.19800161],[2.34245032]
[2.91255584],[1.13839558],[2.190459]
[2.85619711],[1.08176777],[2.05318888]
[2.81410118],[1.03547576],[1.93439533]
[2.76006032],[0.98737542],[1.82821327]
[0.],[0.],[0.]
[0.80443136],[0.23231097],[0.14909694]
[1.63994467],[0.57010042],[0.70760481]
[2.21091662],[0.68496612],[1.09356923]
[2.35852833],[0.77916293],[1.32717095]
[2.42123283],[0.84575735],[1.50740801]
[2.51914525],[0.90125196],[1.70050467]
[2.79982825],[0.95207898],[2.0371695]
[2.97585577],[1.02745202],[2.29126319]
[3.09623561],[1.08323995],[2.49866194]
[3.21414056],[1.15309084],[2.66806354]
[3.25637577],[1.19924957],[2.85633529]
[3.37669863],[1.23289638],[3.04230844]
[3.44637036],[1.2629897],[3.20333325]
[3.52306748],[1.29429538],[3.33309118]
[3.61940057],[1.31480088],[3.45926012]
[3.66923642],[1.33938488],[3.56267102]
[3.78878877],[1.35774407],[3.69059269]
[3.8069994],[1.37770409],[3.78252645]
[3.92036116],[1.39510727],[3.91636474]
[3.87482474],[1.41084905],[3.94729943]
[3.9602311],[1.41955539],[4.09956048]
[3.90556817],[1.43110561],[4.07627432]
[3.9949662],[1.44274137],[4.22945572]
[3.93177827],[1.45187446],[4.18226211]
[4.00837788],[1.45795475],[4.29753997]
[3.93621039],[1.46187605],[4.21779721]
[3.99421794],[1.46461006],[4.31333351]
[3.89053954],[1.46589623],[4.22594744]
[3.92827908],[1.47329177],[4.28673125]
[3.80240711],[1.48373455],[4.18450863]
[3.78359808],[1.48976039],[4.20371278]
[3.65033756],[1.50305656],[4.12311739]
[3.53584246],[1.50535201],[4.10097466]
[3.41660736],[1.5117566],[4.03455582]
[3.44199727],[1.50990894],[4.01623938]
[3.41238529],[1.50545403],[3.96325653]
[3.41870322],[1.50010041],[3.90654132]
[3.41757789],[1.49324866],[3.80269363]
[3.42443058],[1.4861915],[3.68679001]
[3.42150506],[1.47820588],[3.57376901]
[3.41077133],[1.46786619],[3.46863569]
[3.40080143],[1.45056411],[3.35393244]
[3.40466944],[1.4296367],[3.24143654]
[3.3981999],[1.41053533],[3.14510608]
[3.36303208],[1.38988139],[3.0449773]
[3.33347427],[1.36899037],[2.94559754]
[3.31520219],[1.35129438],[2.86046804]
[3.32772098],[1.3319913],[2.79081024]
[3.2469062],[1.26392799],[2.63136977]
[3.16974099],[1.19113396],[2.42719276]
[3.11824022],[1.1332822],[2.27392671]
[3.05626498],[1.07585242],[2.13108961]
[3.00677421],[1.02969688],[2.00430502]
[2.95568607],[0.9888781],[1.89927235]
[0.],[0.],[0.]
[0.81700467],[0.27302973],[0.18290789]
[1.64380641],[0.60169934],[0.74100065]
[2.23656042],[0.71164123],[1.13394125]
[2.37983977],[0.80458116],[1.37211653]
[2.45470179],[0.87108993],[1.57376956]
[2.59085771],[0.92911516],[1.79860097]
[2.88025816],[0.99001115],[2.20933141]
[3.06860096],[1.0576639],[2.43036158]
[3.18200574],[1.12594151],[2.64643978]
[3.30570606],[1.1955758],[2.84097084]
[3.38867542],[1.23872071],[3.08638376]
[3.49858102],[1.27094336],[3.31427762]
[3.59119379],[1.30128811],[3.4802415]
[3.65711551],[1.3313266],[3.61043558]
[3.76881228],[1.34876597],[3.75095615]
[3.7973988],[1.3702279],[3.84579241]
[3.91879176],[1.38763489],[4.01836716]
[3.91027203],[1.40681379],[4.10054683]
[4.00983882],[1.42342054],[4.27643881]
[3.94441274],[1.43975529],[4.27250891]
[4.03431977],[1.453061],[4.44282416]
[3.97195344],[1.46895057],[4.41987184]
[4.056166],[1.47901324],[4.56155956]
[3.97588135],[1.48851893],[4.49732109]
[4.04646563],[1.49579221],[4.59665581]
[3.94357498],[1.49952036],[4.47964694]
[3.98739208],[1.50162308],[4.55165031]
[3.81109228],[1.50466861],[4.39359479]
[3.78527113],[1.51031035],[4.43113844]
[3.62526506],[1.51814602],[4.28006967]
[3.71141444],[1.522672],[4.29864838]
[3.66976357],[1.52589998],[4.23792365]
[3.72866953],[1.5227478],[4.2526904]
[3.68518226],[1.51809801],[4.18188534]
[3.72169111],[1.5127349],[4.09382969]
[3.6718942],[1.50460574],[3.95456823]
[3.6651413],[1.49518125],[3.81742008]
[3.6511732],[1.48516145],[3.69764226]
[3.64644677],[1.47665163],[3.59864366]
[3.63341376],[1.46678212],[3.50053074]
[3.61474279],[1.45463339],[3.40858293]
[3.59051424],[1.4367231],[3.32043316]
[3.58534691],[1.41605279],[3.23414309]
[3.57400442],[1.39640396],[3.13231018]
[3.53319475],[1.37151952],[3.01149678]
[3.49588869],[1.33956062],[2.8747379]
[3.47052504],[1.27105422],[2.71876731]
[3.45766411],[1.19951047],[2.58502917]
[3.42802063],[1.13377255],[2.45576911]
[3.36125085],[1.09165582],[2.30260377]
[3.2874875],[1.05535498],[2.18251164]
[3.2319923],[1.01597277],[2.08097442]
[3.18311326],[0.98181596],[1.98442684]
[3.13370519],[0.95034111],[1.89741122]
[0.],[0.],[0.]
[0.83499385],[0.3251212],[0.22513805]
[1.66297374],[0.63062956],[0.78585129]
[2.29241168],[0.74291537],[1.21430649]
[2.43162784],[0.83129331],[1.46713395]
[2.50153092],[0.90198547],[1.67313142]
[2.72282383],[0.96594075],[2.04953597]
[2.97022589],[1.04779706],[2.39879936]
[3.1816998],[1.12335325],[2.63457157]
[3.2971456],[1.18294651],[2.86772101]
[3.4756395],[1.24180828],[3.17732895]
[3.55044428],[1.2781632],[3.40184222]
[3.63805401],[1.30963816],[3.62739528]
[3.71793632],[1.33997085],[3.80710832]
[3.75917232],[1.36969865],[3.9330571]
[3.86342145],[1.38887078],[4.1248463]
[3.88107225],[1.41228084],[4.21472887]
[4.00842625],[1.43217751],[4.43410785]
[3.99831582],[1.45215599],[4.47638]
[4.09312547],[1.46723333],[4.66635571]
[4.03039522],[1.47965351],[4.65145921]
[4.12175489],[1.48973319],[4.81988314]
[4.06093797],[1.50322864],[4.77728322]
[4.14686283],[1.51636969],[4.91115677]
[4.06878709],[1.52546038],[4.83578259]
[4.13903762],[1.53322875],[4.93673207]
[4.0424368],[1.53776474],[4.81631641]
[4.05833681],[1.54309471],[4.8856672]
[3.86825713],[1.54927821],[4.72068761]
[3.89171356],[1.55393037],[4.77719]
[3.81697851],[1.56033077],[4.60866042]
[3.90166038],[1.56473868],[4.632783]
[3.86534522],[1.56538298],[4.54632155]
[3.91479683],[1.56101297],[4.55533027]
[3.88490984],[1.55717391],[4.46856986]
[3.91016617],[1.5523427],[4.344107]
[3.88086161],[1.54459123],[4.18538027]
[3.87001358],[1.53464656],[4.05667187]
[3.85913113],[1.52615826],[3.93666844]
[3.85544854],[1.51689129],[3.83263038]
[3.85263579],[1.50617579],[3.72888914]
[3.84320668],[1.49379307],[3.64724661]
[3.82817181],[1.47332392],[3.55398459]
[3.82822988],[1.45174398],[3.45703891]
[3.81689466],[1.43115254],[3.34477042]
[3.78233922],[1.4051051],[3.21535344]
[3.74661864],[1.36836848],[3.05460666]
[3.71716693],[1.31240366],[2.90174194]
[3.67552221],[1.26328439],[2.76458296]
[3.61675023],[1.17484985],[2.62485781]
[3.56623282],[1.12068819],[2.46686518]
[3.50796856],[1.08218909],[2.33915088]
[3.44967294],[1.04411927],[2.2318483]
[3.40124776],[1.00868092],[2.13145891]
[3.35896598],[0.97511828],[2.04363639]
[0.],[0.],[0.]
[0.85233375],[0.35349062],[0.25830172]
[1.68171085],[0.65510738],[0.84208288]
[2.34776378],[0.77082981],[1.30387532]
[2.48187121],[0.85562167],[1.55536792]
[2.61811323],[0.93074267],[1.80085386]
[2.85830807],[1.01316534],[2.27316108]
[3.07213678],[1.08956994],[2.5613344]
[3.29265972],[1.15708815],[2.79301922]
[3.44261578],[1.21363603],[3.12710974]
[3.57666885],[1.2768125],[3.42038488]
[3.65454897],[1.31589649],[3.64999403]
[3.73055023],[1.352183],[3.88334529]
[3.809809],[1.38493934],[4.13058133]
[3.85108215],[1.41063435],[4.25088992]
[3.95544004],[1.42457859],[4.47766609]
[3.96900101],[1.44292103],[4.55009112]
[4.10020117],[1.45767646],[4.75364917]
[4.08660662],[1.47785375],[4.77734873]
[4.18234169],[1.49456274],[4.95334297]
[4.12378598],[1.50976655],[4.93622204]
[4.20523279],[1.52208135],[5.0878134]
[4.15474413],[1.53476543],[5.06168205]
[4.23118161],[1.54504189],[5.18803545]
[4.16855439],[1.55299729],[5.12739089]
[4.22848215],[1.5616605],[5.22487182]
[4.13315495],[1.5663756],[5.1151731]
[4.11767211],[1.57267625],[5.17869571]
[3.94596769],[1.58011371],[5.01788837]
[4.02866801],[1.5842315],[5.08252134]
[3.97652687],[1.59004384],[4.90907597]
[4.04314128],[1.59336781],[4.93910056]
[4.01966916],[1.59082815],[4.81650608]
[4.04642627],[1.58736055],[4.81177172]
[4.02870026],[1.58313052],[4.6900884]
[4.03729978],[1.5779037],[4.55411635]
[4.02093731],[1.57174853],[4.38936522]
[4.0028029],[1.56345288],[4.26191358]
[3.99186192],[1.55536534],[4.13912566]
[3.98775631],[1.54693258],[4.03195325]
[3.98365139],[1.53611519],[3.9324179]
[3.97403288],[1.52286534],[3.8456401]
[3.95839146],[1.50439462],[3.75463294]
[3.95749562],[1.4785723],[3.65008051]
[3.9533156],[1.45733909],[3.54519242]
[3.92820893],[1.42694276],[3.39809501]
[3.89645561],[1.3913192],[3.23730002]
[3.86990565],[1.33466104],[3.07918287]
[3.83995276],[1.29631447],[2.92329849]
[3.79073128],[1.19574182],[2.76913109]
[3.7404211],[1.14518749],[2.63222431]
[3.68393058],[1.10632554],[2.48841713]
[3.60918712],[1.06822461],[2.35077313]
[3.56510626],[1.03034519],[2.24519798]
[3.52844938],[0.99625995],[2.15734189]
[0.],[0.],[0.]
[0.84924053],[0.328055],[0.24864605]
[1.68925904],[0.66795557],[0.87324642]
[2.3732675],[0.78689101],[1.36297376]
[2.51120748],[0.88063709],[1.62838812]
[2.70944031],[0.95609764],[1.93722416]
[2.95392278],[1.07868576],[2.45180018]
[3.14826505],[1.15020158],[2.73780133]
[3.3853945],[1.21320272],[3.01924253]
[3.52534053],[1.26565424],[3.38714032]
[3.66275502],[1.31902583],[3.65823975]
[3.73452605],[1.35128685],[3.9384576]
[3.80405665],[1.38203376],[4.15158166]
[3.89056421],[1.40965878],[4.42718259]
[3.92075873],[1.43474671],[4.53004092]
[4.03566045],[1.45070228],[4.74435318]
[4.04464395],[1.46831972],[4.81096452]
[4.17957744],[1.48576048],[5.0098331]
[4.16557196],[1.5047205],[5.04358385]
[4.25228343],[1.52054579],[5.19366941]
[4.20057122],[1.53425054],[5.19130127]
[4.26463348],[1.54385829],[5.32033496]
[4.21340829],[1.55888468],[5.28924434]
[4.27099096],[1.56559789],[5.38990986]
[4.1757423],[1.57396477],[5.30727901]
[4.15348154],[1.58326058],[5.35255853]
[4.06179559],[1.5903975],[5.21568706]
[4.11847866],[1.5970203],[5.26966089]
[4.08465425],[1.60412397],[5.10082665]
[4.1454897],[1.60837639],[5.14771105]
[4.10834506],[1.60518937],[4.96604212]
[4.15750975],[1.60100996],[5.00110158]
[4.15141228],[1.59519096],[4.85114261]
[4.16459771],[1.5909982],[4.74251263]
[4.16272184],[1.58340038],[4.59279432]
[4.15660426],[1.57461556],[4.44574332]
[4.15037329],[1.56584027],[4.30876107]
[4.12549601],[1.55641466],[4.19357785]
[4.11396401],[1.54626047],[4.08926337]
[4.10973358],[1.53501247],[4.01243773]
[4.10588591],[1.52197428],[3.92536265]
[4.09720624],[1.505415],[3.83352172]
[4.07589096],[1.48025083],[3.70468591]
[4.06899758],[1.44908113],[3.58431715]
[4.05942468],[1.41355353],[3.45559725]
[4.03078106],[1.37103875],[3.30083259]
[3.99766616],[1.33002725],[3.14526101]
[3.97209681],[1.25017402],[2.98054209]
[3.94434404],[1.16057896],[2.83096363]
[3.90265464],[1.12142996],[2.71162317]
[3.86642516],[1.09149185],[2.61478432]
[3.82633094],[1.06411206],[2.505601]
[3.7816564],[1.03733246],[2.38865161]
[3.74162822],[1.00750669],[2.28760198]
[3.70217526],[0.97695555],[2.1939834]
[0.],[0.],[0.]
[0.8573892],[0.35407542],[0.268509]
[1.70885701],[0.68315602],[0.91398535]
[2.40680307],[0.8082184],[1.43100379]
[2.55534403],[0.90722873],[1.7160989]
[2.80067123],[0.98693933],[2.17753158]
[3.05432579],[1.13928511],[2.63058873]
[3.23370613],[1.19745555],[3.01890517]
[3.47523504],[1.25092431],[3.31085461]
[3.61937589],[1.31124515],[3.66127043]
[3.74798744],[1.36037395],[3.94427609]
[3.81576793],[1.39385147],[4.23064441]
[3.88471309],[1.42797753],[4.45903895]
[3.97332902],[1.45499821],[4.70057742]
[4.00781991],[1.47318231],[4.8185057]
[4.12497633],[1.49146776],[5.012003]
[4.13484282],[1.51199491],[5.08283617]
[4.25822312],[1.52408393],[5.25563819]
[4.25141988],[1.54803894],[5.29460884]
[4.32577446],[1.54950574],[5.44337505]
[4.2851746],[1.56836586],[5.44665382]
[4.34302002],[1.57028129],[5.57058928]
[4.30362577],[1.59216765],[5.5549736]
[4.35046239],[1.5901268],[5.64675018]
[4.26371053],[1.60538544],[5.57642317]
[4.24678196],[1.60705624],[5.62335036]
[4.20253066],[1.61692031],[5.5056603]
[4.24514204],[1.62307842],[5.55483544]
[4.22353404],[1.62963552],[5.40402453]
[4.25808601],[1.63414047],[5.4364571]
[4.24128579],[1.62888191],[5.27648424]
[4.27063147],[1.62557788],[5.26661876]
[4.27690181],[1.61745222],[5.1012077]
[4.2727634],[1.61551644],[4.9684826]
[4.28416174],[1.60729098],[4.81415964]
[4.26955883],[1.59723821],[4.65949308]
[4.27181],[1.58809881],[4.51652158]
[4.24190425],[1.57993049],[4.3962294]
[4.2281923],[1.56964118],[4.30001816]
[4.21883673],[1.55735132],[4.20722941]
[4.20901036],[1.54390548],[4.10949205]
[4.19562114],[1.52278314],[3.99574392]
[4.17785394],[1.49875797],[3.86900876]
[4.17175338],[1.46929325],[3.7578061]
[4.16488707],[1.43379202],[3.63671319]
[4.14024584],[1.395679],[3.48862479]
[4.11106438],[1.36070157],[3.34267853]
[4.08591042],[1.2945325],[3.18131519]
[4.061908],[1.20958925],[3.035941]
[4.02750622],[1.14531305],[2.92090028]
[3.9956447],[1.11490467],[2.82881693]
[3.96024841],[1.08450649],[2.73252801]
[3.91602395],[1.05508422],[2.61571473]
[3.87995778],[1.028027],[2.52690248]
[3.78960395],[1.0023031],[2.43000958]
[0.],[0.],[0.]
[0.87141023],[0.38549504],[0.29861933]
[1.73014068],[0.69253481],[0.94765648]
[2.44279708],[0.82758099],[1.48882558]
[2.60493766],[0.93293708],[1.79153568]
[2.88903766],[1.01152558],[2.37996115]
[3.1560771],[1.16448472],[2.81868922]
[3.31195506],[1.22292569],[3.17297313]
[3.55920359],[1.27543535],[3.52993405]
[3.70730695],[1.35288443],[3.88325017]
[3.82806589],[1.39874933],[4.17105547]
[3.90155403],[1.43011046],[4.45490578]
[3.96737812],[1.46325065],[4.69272753]
[4.06113413],[1.48784318],[4.92201451]
[4.09176139],[1.51265793],[5.07129452]
[4.19738988],[1.52545598],[5.2357636]
[4.22413486],[1.54965588],[5.32378804]
[4.32875654],[1.5575982],[5.47444444]
[4.33223958],[1.58010745],[5.52806976]
[4.39174842],[1.5822214],[5.66208127]
[4.36405578],[1.60239464],[5.68481961]
[4.41058603],[1.60455623],[5.79825174]
[4.38368138],[1.62184508],[5.79915069]
[4.42302621],[1.6194209],[5.87518788]
[4.3429548],[1.63442157],[5.82420536]
[4.3245585],[1.63344092],[5.8723505]
[4.30600501],[1.64359446],[5.80110988]
[4.33399125],[1.64920831],[5.85651135]
[4.32353602],[1.65529226],[5.73530055]
[4.34151642],[1.65874107],[5.75330921]
[4.33457591],[1.65301355],[5.60094006]
[4.35434226],[1.64867565],[5.57082465]
[4.36162728],[1.63949468],[5.36089928]
[4.34718406],[1.63759233],[5.20362412]
[4.35809657],[1.63056263],[5.05197982]
[4.33577663],[1.62113586],[4.89666853]
[4.34502291],[1.61131887],[4.74296011]
[4.31152739],[1.60233337],[4.62276983]
[4.30030631],[1.59057341],[4.51716752]
[4.29514398],[1.57783084],[4.41790051]
[4.28961251],[1.56015461],[4.31890762]
[4.27987733],[1.53878326],[4.19261187]
[4.2634127],[1.51594172],[4.06928834]
[4.25714199],[1.48815435],[3.9583767]
[4.25014427],[1.44983236],[3.80613968]
[4.22648004],[1.40356188],[3.64546332]
[4.2005765],[1.36731197],[3.49852161]
[4.18345442],[1.30137349],[3.35661192]
[4.16577893],[1.23275979],[3.22726563]
[4.13333926],[1.17388951],[3.10270651]
[4.10576766],[1.12706264],[3.00949751]
[4.07088725],[1.09695664],[2.92863494]
[4.02610047],[1.06853591],[2.83120455]
[3.98933792],[1.04258175],[2.73850554]
[3.85422375],[1.01673344],[2.62643373]
[0.],[0.],[0.]
[0.89071782],[0.41882948],[0.3353112]
[1.75019953],[0.71444589],[0.98729926]
[2.47883831],[0.84981837],[1.54810103]
[2.70727938],[0.95927921],[1.8838315]
[2.97120737],[1.03513774],[2.56507157]
[3.26634957],[1.18637174],[2.98122219]
[3.38286127],[1.2437726],[3.32040581]
[3.65967091],[1.31411849],[3.74307768]
[3.79654149],[1.38681905],[4.08856968]
[3.91052379],[1.43207097],[4.38669297]
[3.99322936],[1.45620726],[4.66099781]
[4.05277906],[1.49498786],[4.90300358]
[4.14380259],[1.51565533],[5.12299289]
[4.17621893],[1.54369359],[5.28354404]
[4.27021911],[1.55301532],[5.43895757]
[4.31058145],[1.5763078],[5.54479818]
[4.39668617],[1.58407536],[5.67307427]
[4.41525117],[1.60570702],[5.74526196]
[4.45656013],[1.60765568],[5.84999679]
[4.437495],[1.62695656],[5.88346318]
[4.47332615],[1.62855112],[5.98031024]
[4.45319234],[1.64524941],[5.99848616]
[4.48122566],[1.64298064],[6.08552331]
[4.41216991],[1.65757962],[6.0840214]
[4.394311],[1.65542231],[6.14035101]
[4.4049436],[1.66537312],[6.08863043]
[4.41813044],[1.66890996],[6.12924634]
[4.41627344],[1.67481208],[6.02437969]
[4.41841322],[1.67703692],[6.02401187]
[4.40959548],[1.67130152],[5.87179761]
[4.42454204],[1.6667335],[5.84375386]
[4.43919567],[1.6568587],[5.61864138]
[4.41498831],[1.65473495],[5.45130031]
[4.4339764],[1.64895354],[5.29719708]
[4.40367841],[1.64016973],[5.15311201]
[4.41952515],[1.6306316],[4.99823082]
[4.381835],[1.62026433],[4.866986]
[4.37111236],[1.60666877],[4.74529617]
[4.36567679],[1.59014487],[4.63056755]
[4.36016526],[1.56953647],[4.51283969]
[4.35078167],[1.54895368],[4.38865482]
[4.33452061],[1.52581005],[4.26927629]
[4.32789127],[1.49962517],[4.15562347]
[4.32146148],[1.46377013],[4.00219032]
[4.29922259],[1.40916039],[3.81058139]
[4.27942971],[1.37199311],[3.63654372]
[4.26512097],[1.29804651],[3.48091754]
[4.25164356],[1.2336072],[3.3519313]
[4.22550138],[1.18341202],[3.2343785]
[4.20065515],[1.1366775],[3.140523]
[4.17083679],[1.1054881],[3.06296051]
[4.12953187],[1.07705901],[2.98276878]
[4.09576728],[1.05212509],[2.91396652]
[3.9188557],[1.02733657],[2.79032765]
[0.],[0.],[0.]
[0.9004598],[0.43439756],[0.35227656]
[1.75812217],[0.72336274],[1.01300374]
[2.4998218],[0.86668035],[1.60010142]
[2.79464505],[0.9730433],[1.96498043]
[3.0521604],[1.04922054],[2.64216973]
[3.33745358],[1.21050278],[3.13404923]
[3.45681432],[1.26699989],[3.5273214]
[3.72202121],[1.35430025],[3.94734156]
[3.87819284],[1.41963445],[4.28745509]
[3.98257582],[1.45818136],[4.58737059]
[4.0770376],[1.48137651],[4.86477532]
[4.12346782],[1.52550533],[5.10805493]
[4.2145559],[1.54488523],[5.32055086]
[4.2596494],[1.57293684],[5.50772708]
[4.33549373],[1.58065132],[5.64319423]
[4.37410157],[1.60429654],[5.75571286]
[4.46004438],[1.6108687],[5.87071951]
[4.47611627],[1.6323758],[5.94591092]
[4.51068342],[1.63383757],[6.03400081]
[4.48975046],[1.6508124],[6.07707748]
[4.50012637],[1.65317586],[6.15521504]
[4.46827223],[1.66924481],[6.1739582]
[4.46359259],[1.66718832],[6.26162697]
[4.4818462],[1.68056973],[6.25355245]
[4.47544995],[1.67977349],[6.30126931]
[4.4977495],[1.69075677],[6.23721764]
[4.49765019],[1.69210873],[6.25736723]
[4.49689832],[1.68905959],[6.11779288]
[4.48943424],[1.68419767],[6.08385307]
[4.49031079],[1.67702245],[5.82907305]
[4.49758926],[1.67153945],[5.70186015]
[4.51962508],[1.6599315],[5.52113577]
[4.48538774],[1.6542865],[5.40934362]
[4.51252025],[1.64459211],[5.27223388]
[4.47325609],[1.63290522],[5.1257106]
[4.49773546],[1.61799351],[4.9816222]
[4.45600197],[1.59734065],[4.84119478]
[4.44584297],[1.5758576],[4.70253658]
[4.4416049],[1.55237156],[4.5809721]
[4.43645539],[1.52699775],[4.46382603]
[4.42833299],[1.50345888],[4.35055345]
[4.41218934],[1.47380515],[4.24004616]
[4.40477827],[1.42926856],[4.12758647]
[4.39882556],[1.3699957],[3.94908435]
[4.37957554],[1.2907514],[3.74011819]
[4.36038742],[1.2274795],[3.56296482]
[4.34046799],[1.18115258],[3.41710437]
[4.32473487],[1.14239512],[3.29409094]
[4.30186364],[1.10679616],[3.18064339]
[4.27927246],[1.08072757],[3.09380928]
[4.25343552],[1.05672109],[3.0369452]
[4.21390969],[1.03315151],[2.97228538]
[4.18225578],[1.01450924],[2.92329791]
[3.9915107],[0.99662646],[2.82962901]
[0.],[0.],[0.]
[0.91808843],[0.47105152],[0.38742444]
[1.78080092],[0.74371553],[1.06038009]
[2.54355897],[0.89135287],[1.67431483]
[2.89623903],[0.99902931],[2.07224375]
[3.14364463],[1.08263207],[2.82673653]
[3.43041754],[1.2409659],[3.38298129]
[3.55149536],[1.3213233],[3.79135207]
[3.82336401],[1.39588187],[4.21512234]
[3.97670942],[1.45427663],[4.52983048]
[4.06666371],[1.49024297],[4.8171973]
[4.15629298],[1.51562978],[5.07494126]
[4.20077006],[1.56085177],[5.34256887]
[4.27925827],[1.57849238],[5.53357655]
[4.33722372],[1.60444729],[5.73081876]
[4.3995551],[1.6127342],[5.84420367]
[4.45298621],[1.63444277],[5.9615116]
[4.52404445],[1.64092088],[6.06113502]
[4.55365332],[1.65918214],[6.15726874]
[4.57351712],[1.66160613],[6.2548866]
[4.56573005],[1.67731696],[6.32011145]
[4.56352755],[1.68001236],[6.4013797]
[4.55161935],[1.69485289],[6.45989673]
[4.53745646],[1.69585132],[6.55125434]
[4.56529514],[1.70959592],[6.56913797]
[4.55260195],[1.71278827],[6.61856779]
[4.5799238],[1.72256516],[6.57223462]
[4.58212827],[1.72098285],[6.606071]
[4.58448304],[1.71610949],[6.45164937]
[4.57719668],[1.70956416],[6.39565426]
[4.58526016],[1.70019285],[6.14608651]
[4.5896159],[1.69411776],[6.04433031]
[4.61550425],[1.68533574],[5.85144327]
[4.57951906],[1.67571902],[5.73975932]
[4.6081943],[1.66587427],[5.58219382]
[4.56736681],[1.65352166],[5.4357345]
[4.59557423],[1.63699178],[5.27353481]
[4.55485984],[1.61618025],[5.11864378]
[4.54483938],[1.5931424],[4.96539715]
[4.5402792],[1.56914235],[4.8355509]
[4.53400048],[1.54058802],[4.71417994]
[4.52611554],[1.51265475],[4.59336458]
[4.50627736],[1.481304],[4.47638078]
[4.4952412],[1.44103575],[4.35656898]
[4.48609168],[1.40482155],[4.18786054]
[4.46636751],[1.32984857],[3.98455002]
[4.45578674],[1.25838621],[3.8100437]
[4.43508388],[1.20838688],[3.65474202]
[4.41533579],[1.1716579],[3.51636439]
[4.38515161],[1.14278016],[3.38157691]
[4.35859325],[1.10945147],[3.26332862]
[4.33082067],[1.07867588],[3.17528044]
[4.28971438],[1.04863213],[3.09397155]
[4.255678],[1.02753605],[3.0368748]
[4.04744875],[1.0083879],[2.9125574]
[0.],[0.],[0.]
[0.93273308],[0.4986635],[0.41261619]
[1.80770206],[0.75729416],[1.10255618]
[2.57187219],[0.91189991],[1.7378013]
[3.00556793],[1.0217692],[2.18385951]
[3.21456129],[1.11275447],[2.97459594]
[3.5264828],[1.27170353],[3.59187697]
[3.63813322],[1.35168344],[3.98311194]
[3.91048221],[1.42495374],[4.43572685]
[4.05920636],[1.48162742],[4.73454833]
[4.14038528],[1.51852391],[5.03249381]
[4.21402673],[1.54843868],[5.28533239]
[4.2867365],[1.59537777],[5.58067048]
[4.33419743],[1.61085161],[5.75587534]
[4.45937388],[1.63585254],[5.97087324]
[4.45048902],[1.64417068],[6.05297213]
[4.51490695],[1.66440815],[6.19311769]
[4.57183224],[1.6692864],[6.28268766]
[4.60908511],[1.68534056],[6.40743152]
[4.61566041],[1.68784314],[6.48200556]
[4.61803631],[1.70408667],[6.61263821]
[4.60833119],[1.71132589],[6.71843139]
[4.64840988],[1.73322865],[6.81531562]
[4.61642687],[1.73483643],[6.9255852]
[4.66303614],[1.75432868],[6.97248483]
[4.63773199],[1.75489786],[7.04545093]
[4.69430872],[1.76915],[7.00620888]
[4.67434981],[1.77997563],[7.00889995]
[4.71072488],[1.7678432],[6.88823924]
[4.68176829],[1.75909919],[6.8210915]
[4.72058914],[1.73882755],[6.62626007]
[4.71382613],[1.72804912],[6.51007412]
[4.74567085],[1.71387603],[6.3088112]
[4.66793519],[1.7039478],[6.13790602]
[4.7041028],[1.69128494],[5.95130581]
[4.63830358],[1.67571632],[5.76021563]
[4.65696179],[1.65532035],[5.56114139]
[4.61128407],[1.63353484],[5.37392606]
[4.59806114],[1.61030909],[5.21040099]
[4.59404524],[1.58648144],[5.07193651]
[4.5888812],[1.55218159],[4.94757433]
[4.5821614],[1.52602577],[4.831852]
[4.56665195],[1.49640311],[4.71240573]
[4.55737073],[1.46059858],[4.58467715]
[4.54980783],[1.42445296],[4.42378693]
[4.52870594],[1.35574225],[4.21317457]
[4.49984926],[1.28600153],[4.01582184]
[4.4724914],[1.23656273],[3.86442453]
[4.45335215],[1.19551621],[3.73599072]
[4.42361868],[1.16511772],[3.60374754]
[4.3972199],[1.13050948],[3.46679033]
[4.36634163],[1.09487542],[3.33594706]
[4.32688502],[1.06497524],[3.2167677]
[4.2933718],[1.03532825],[3.13502623]
[4.08295504],[1.01903799],[2.99520463]
[0.],[0.],[0.]
[0.93953448],[0.50906827],[0.423408]
[1.8247929],[0.76503342],[1.12272218]
[2.58204359],[0.92396667],[1.76811736]
[3.04889839],[1.03030604],[2.23841454]
[3.2370139],[1.13193282],[3.04936533]
[3.5631216],[1.29240247],[3.71342298]
[3.66561914],[1.37088528],[4.09807618]
[3.94653473],[1.44427305],[4.56459298]
[4.08489934],[1.49991603],[4.85382534]
[4.17910356],[1.53811142],[5.16630065]
[4.24097989],[1.57026299],[5.42251891]
[4.36190028],[1.61803889],[5.73183277]
[4.39832307],[1.63205058],[5.89833947]
[4.55871522],[1.65676286],[6.12760124]
[4.47557951],[1.66466382],[6.18819218]
[4.57030015],[1.68210174],[6.3604983]
[4.5968672],[1.68702213],[6.42843903]
[4.64004197],[1.7055769],[6.60005713]
[4.63960674],[1.71352853],[6.69566146]
[4.67951038],[1.73760866],[6.88161539]
[4.63932994],[1.74845715],[7.01508096]
[4.73194473],[1.76988327],[7.16269612]
[4.68460821],[1.78263827],[7.2803831]
[4.7746773],[1.79952113],[7.3588247]
[4.74697491],[1.82273385],[7.43005331]
[4.85210447],[1.83645637],[7.44084727]
[4.83700271],[1.84607825],[7.43913724]
[4.88570259],[1.83722026],[7.32142873]
[4.85788879],[1.82724662],[7.26263415]
[4.89389156],[1.80870998],[7.0451984]
[4.89833387],[1.79448068],[6.92591656]
[4.92060965],[1.77637262],[6.74703442]
[4.85426191],[1.76079216],[6.5523999]
[4.87385012],[1.74016004],[6.378638]
[4.79912825],[1.71887287],[6.14584747]
[4.82238378],[1.69462719],[5.93607366]
[4.75340249],[1.66408592],[5.71183861]
[4.7220368],[1.63769041],[5.51928456]
[4.70058239],[1.61024535],[5.35024745]
[4.67731645],[1.5764951],[5.19897781]
[4.65853834],[1.54728838],[5.06517759]
[4.63735791],[1.50987526],[4.92803395]
[4.62081198],[1.47496233],[4.78177076]
[4.60560662],[1.43925138],[4.60247896]
[4.57856846],[1.38882417],[4.39473327]
[4.56244145],[1.31807204],[4.20105191]
[4.53218751],[1.26501519],[4.02881001]
[4.49546929],[1.21330065],[3.86161438]
[4.46580843],[1.18101722],[3.73998787]
[4.43894956],[1.14601001],[3.6237579]
[4.41015185],[1.11459515],[3.50008706]
[4.36786502],[1.08398698],[3.35778404]
[4.33125988],[1.04822756],[3.23672801]
[4.11845995],[1.02759591],[3.08300094]
[0.],[0.],[0.]
[0.93639182],[0.5145605],[0.4222395]
[1.81359476],[0.75992179],[1.11741578]
[2.57818477],[0.9218386],[1.76336058]
[3.02831106],[1.03259721],[2.23278282]
[3.24172202],[1.13379179],[3.0192456]
[3.55990631],[1.30007303],[3.7396351]
[3.67991697],[1.37800037],[4.13048726]
[3.94856381],[1.45297269],[4.6000406]
[4.10245566],[1.50963578],[4.90208775]
[4.19135216],[1.55034984],[5.22177524]
[4.25560267],[1.5822027],[5.48066982]
[4.38979441],[1.63189187],[5.79683141]
[4.42301054],[1.64512817],[5.96474114]
[4.60284462],[1.67041356],[6.20675981]
[4.49555098],[1.67668928],[6.27442194]
[4.60793174],[1.69668201],[6.45795431]
[4.61102402],[1.70624008],[6.53143738]
[4.67442929],[1.72952069],[6.7548195]
[4.6381734],[1.73898324],[6.86864476]
[4.7248894],[1.76588915],[7.05112497]
[4.68311782],[1.77677846],[7.2048166]
[4.80699415],[1.80436443],[7.34217041]
[4.75258729],[1.83869254],[7.44503724]
[4.86809118],[1.87148319],[7.5343907]
[4.84398755],[1.88656496],[7.57728686]
[4.95185822],[1.8998352],[7.58410277]
[4.93514147],[1.89583448],[7.53685222]
[4.98664422],[1.88155401],[7.3243838]
[4.96014912],[1.86855186],[7.23590274]
[4.99500233],[1.84850747],[7.05937264]
[5.02933558],[1.83696744],[6.96805636]
[5.0734884],[1.81190855],[6.81118479]
[4.97708815],[1.79316399],[6.55454801]
[5.01080697],[1.76933406],[6.35681014]
[4.91403529],[1.73328508],[6.07352874]
[4.93190966],[1.7028541],[5.88405331]
[4.86490669],[1.66609319],[5.68111892]
[4.8304756],[1.62717359],[5.49898028]
[4.80780262],[1.58103948],[5.32891797]
[4.78294428],[1.53293157],[5.17508493]
[4.7584933],[1.48651905],[5.02852654]
[4.71835997],[1.45543099],[4.86622716]
[4.68800144],[1.37682495],[4.68635877]
[4.66322711],[1.30989786],[4.50998306]
[4.63376303],[1.25146805],[4.30374207]
[4.61005343],[1.20445235],[4.13296625]
[4.57351382],[1.16991212],[3.98035201]
[4.53829648],[1.14008686],[3.83824683]
[4.49212879],[1.11559635],[3.71243255]
[4.46486146],[1.08912154],[3.61590683]
[4.43806115],[1.06393899],[3.51795335]
[4.395735],[1.04017979],[3.41583494]
[4.35932723],[1.02285475],[3.3059274]
[4.14319058],[1.00962403],[3.13566727]
[0.],[0.],[0.]
[0.94293951],[0.52240515],[0.4315884]
[1.83118581],[0.76585544],[1.13212693]
[2.58824522],[0.93470591],[1.78689843]
[3.06917475],[1.0378778],[2.29781549]
[3.26664821],[1.15067069],[3.09966371]
[3.59628785],[1.31853908],[3.8398511]
[3.70274162],[1.39522785],[4.19606858]
[3.98484267],[1.46944858],[4.67878091]
[4.12696888],[1.52441685],[4.97187254]
[4.22981152],[1.56543565],[5.29622986]
[4.28274733],[1.59721243],[5.53348436]
[4.42655556],[1.64625087],[5.88211928]
[4.42866558],[1.66048548],[6.02040521]
[4.59547909],[1.68424719],[6.27375728]
[4.52130242],[1.69448371],[6.35985044]
[4.6336551],[1.71718423],[6.55982942]
[4.63445331],[1.72980841],[6.66369607]
[4.6980134],[1.75565991],[6.92220292]
[4.66105254],[1.76557563],[7.04003281]
[4.77750423],[1.7920195],[7.26918229]
[4.74643387],[1.80205171],[7.44070489]
[4.88189824],[1.85807741],[7.60894031]
[4.8471262],[1.89121666],[7.71331824]
[4.95911589],[1.92139445],[7.82507557]
[4.94386223],[1.93576127],[7.84844892]
[5.04823553],[1.94780615],[7.89327581]
[5.07431449],[1.94617865],[7.89749082]
[5.13673948],[1.93129644],[7.71073621]
[5.13138919],[1.9187063],[7.64865487]
[5.1760618],[1.89997816],[7.46958462]
[5.20051191],[1.88447422],[7.38723068]
[5.225356],[1.8547512],[7.22205484]
[5.18032689],[1.83932234],[6.97272719]
[5.1803569],[1.81241446],[6.75679249]
[5.11868342],[1.7839197],[6.44815951]
[5.12575349],[1.75296889],[6.23879713]
[5.0607888],[1.71762442],[5.99592529]
[5.01352588],[1.68262396],[5.79541907]
[4.98131013],[1.63782256],[5.60911844]
[4.94540652],[1.59477211],[5.43854455]
[4.91055725],[1.53646518],[5.28226991]
[4.84352625],[1.47562647],[5.06912625]
[4.81104449],[1.40852967],[4.88210774]
[4.78933824],[1.34463618],[4.7021993]
[4.74055284],[1.29336259],[4.50733731]
[4.69544044],[1.24443387],[4.33222141]
[4.66281481],[1.20787584],[4.17362988]
[4.62255473],[1.17695644],[4.02056009]
[4.55840384],[1.15115558],[3.86199636]
[4.51354339],[1.12203323],[3.72878275]
[4.48483386],[1.09371078],[3.62064611]
[4.44206769],[1.06930293],[3.51802525]
[4.40448352],[1.04229125],[3.41978566]
[4.17120143],[1.01970593],[3.23610399]
[0.],[0.],[0.]
[0.95047548],[0.5307689],[0.44151245]
[1.84926145],[0.77194359],[1.14779534]
[2.59844547],[0.94341906],[1.80743795]
[3.11236741],[1.04082451],[2.34120209]
[3.29323793],[1.16180681],[3.12006979]
[3.63328995],[1.32781661],[3.88803202]
[3.72604529],[1.40504135],[4.24756864]
[4.02303145],[1.48047709],[4.75023512]
[4.15125692],[1.53556239],[5.03776982]
[4.27050366],[1.58081296],[5.386692]
[4.31166658],[1.61342066],[5.62305631]
[4.47005763],[1.6636195],[5.99015194]
[4.46756841],[1.67915718],[6.1337287]
[4.682023],[1.70560363],[6.43384141]
[4.55181162],[1.71810482],[6.50132401]
[4.7103463],[1.74292171],[6.7790499]
[4.66434337],[1.75751466],[6.90111435]
[4.78266711],[1.78240575],[7.19173751]
[4.72657567],[1.79215599],[7.361299]
[4.90178756],[1.82302775],[7.60981595]
[4.83421837],[1.86854052],[7.74896798]
[5.00022466],[1.92317102],[7.95829558]
[4.95322382],[1.95370757],[8.02228986]
[5.07398397],[1.98104543],[8.1572086]
[5.05655643],[1.99484745],[8.22314844]
[5.2357008],[2.00576763],[8.37797252]
[5.2348889],[2.00666952],[8.37067861]
[5.29378606],[1.99241584],[8.23578407]
[5.27272103],[1.98045895],[8.11389454]
[5.31107386],[1.96362001],[7.9498495]
[5.32239153],[1.94869391],[7.8402746]
[5.33592611],[1.92265709],[7.6829193]
[5.31449349],[1.9053709],[7.42930042]
[5.29880354],[1.87889297],[7.21300643]
[5.26493031],[1.84870088],[6.90199352]
[5.25542889],[1.81852529],[6.66981591]
[5.21619029],[1.78302146],[6.41947726]
[5.17816204],[1.7506996],[6.20594541]
[5.15289835],[1.70538566],[5.99028938]
[5.12691902],[1.6652351],[5.81530117]
[5.09937525],[1.61238626],[5.6424475]
[5.05658417],[1.52296234],[5.44590424]
[5.02010482],[1.44867027],[5.24266248]
[4.97632006],[1.3858187],[5.02931761]
[4.86253484],[1.33319377],[4.75843344]
[4.79351717],[1.27717355],[4.54160638]
[4.74168314],[1.23567049],[4.36607801]
[4.68196658],[1.20200367],[4.21066432]
[4.63470448],[1.17343792],[4.05217552]
[4.56625996],[1.14169841],[3.88881781]
[4.50613868],[1.11127796],[3.75274174]
[4.45690948],[1.08302102],[3.63309314]
[4.4203007],[1.0555056],[3.53185882]
[4.1854678],[1.03318749],[3.36599575]
[0.],[0.],[0.]
[0.95826503],[0.53893476],[0.45114742]
[1.86883901],[0.78444299],[1.16905425]
[2.608696],[0.950947],[1.82714002]
[3.15751451],[1.04369469],[2.38108724]
[3.32316036],[1.17150756],[3.16408452]
[3.67278698],[1.33469477],[3.92749597]
[3.75125364],[1.41187109],[4.28891298]
[4.06199558],[1.48726989],[4.81431195]
[4.1758232],[1.54221311],[5.0852435]
[4.31573403],[1.58940833],[5.46000431]
[4.33811465],[1.62498796],[5.68797694]
[4.52358855],[1.67842966],[6.09159025]
[4.52384509],[1.69680072],[6.24385536]
[4.77984431],[1.72423769],[6.5857777]
[4.61231791],[1.73777119],[6.64621144]
[4.81581542],[1.76460946],[7.00314161]
[4.69455432],[1.77814386],[7.11309071]
[4.93011015],[1.80269909],[7.46047948]
[4.82378371],[1.81221387],[7.61742891]
[5.0237574],[1.86404946],[7.897739]
[4.94379384],[1.91536197],[8.00708434]
[5.13013737],[1.96446601],[8.2529051]
[5.06707159],[1.99570041],[8.31231628]
[5.2281383],[2.02385617],[8.52268572]
[5.24689727],[2.03769263],[8.66626209]
[5.39417775],[2.04953661],[8.80058959]
[5.3639048],[2.0527753],[8.75534006]
[5.42542672],[2.03703589],[8.65027301]
[5.38393183],[2.02412134],[8.51032855]
[5.42485562],[2.00685386],[8.36870224]
[5.42276653],[1.99200773],[8.24359094]
[5.42553927],[1.96831399],[8.10100927]
[5.41999362],[1.95044787],[7.84287855]
[5.39541085],[1.92506476],[7.619629]
[5.37708239],[1.89630349],[7.29286054]
[5.35625038],[1.86284041],[7.0172337]
[5.33168302],[1.82844489],[6.75652225]
[5.30011729],[1.79199544],[6.53164555]
[5.27974161],[1.75745961],[6.33518212]
[5.25906597],[1.71880294],[6.16334754]
[5.23843211],[1.67985344],[5.99570085]
[5.20992406],[1.58835513],[5.79481561]
[5.18307633],[1.50377214],[5.59679785]
[5.14507442],[1.41945444],[5.37267775]
[5.06882922],[1.36730219],[5.08143218]
[4.98256826],[1.31212755],[4.7985647]
[4.87065312],[1.2677212],[4.55747325]
[4.77556536],[1.22874068],[4.37086014]
[4.69412025],[1.19537703],[4.20442898]
[4.64608249],[1.16050911],[4.04347447]
[4.58137906],[1.12882647],[3.87708362]
[4.50323615],[1.09705757],[3.73096833]
[4.44359626],[1.06573073],[3.60852779]
[4.20043222],[1.04315774],[3.42129004]
[0.],[0.],[0.]
[0.95527671],[0.54442047],[0.4493345]
[1.85270027],[0.7754783],[1.15765912]
[2.60322781],[0.94577758],[1.81175957]
[3.11699179],[1.04333897],[2.35111575]
[3.29955949],[1.17314286],[3.16175564]
[3.66439313],[1.33970353],[3.93108456]
[3.7633472],[1.41777065],[4.31790157]
[4.06011735],[1.49373711],[4.85203577]
[4.17914884],[1.54850448],[5.11928812]
[4.30774173],[1.60292729],[5.50826945]
[4.35000388],[1.6423463],[5.77130429]
[4.57655772],[1.69682789],[6.19398425]
[4.57059821],[1.71613487],[6.36138579]
[4.84109259],[1.7448083],[6.72015027]
[4.67561366],[1.75881934],[6.82455666]
[4.93795532],[1.78576809],[7.22744154]
[4.80278177],[1.79849372],[7.36714504]
[5.06905285],[1.82411899],[7.71881638]
[4.89800999],[1.85410108],[7.80446577]
[5.13823836],[1.91214138],[8.1001049]
[5.05064573],[1.95943703],[8.17980865]
[5.25460215],[2.00940099],[8.43604501]
[5.22112928],[2.03584077],[8.56603254]
[5.40596054],[2.05529573],[8.79737853]
[5.38564343],[2.06559944],[8.85492846]
[5.51630151],[2.0770103],[8.90243239]
[5.46478817],[2.08069313],[8.81210723]
[5.52808396],[2.06462477],[8.70700052]
[5.47210036],[2.04923599],[8.58634032]
[5.51490505],[2.02745809],[8.45998387]
[5.50487835],[2.00459913],[8.3078314]
[5.49811938],[1.97530969],[8.11437015]
[5.52751295],[1.94815571],[7.7795482]
[5.47324466],[1.91975549],[7.51972455]
[5.46489473],[1.88776775],[7.24870368]
[5.4406254],[1.85414903],[7.04167706]
[5.42515894],[1.8113334],[6.80056034]
[5.39818643],[1.76180226],[6.58737929]
[5.38343653],[1.70454063],[6.40886077]
[5.36695402],[1.64279629],[6.23888718]
[5.34759664],[1.58853567],[6.0564723]
[5.32700065],[1.51668432],[5.85562064]
[5.306711],[1.44796258],[5.66384419]
[5.27675068],[1.39363899],[5.46269452]
[5.22299824],[1.34278764],[5.21403184]
[5.16591259],[1.3005996],[4.94308934]
[5.09128312],[1.26534532],[4.69083555]
[4.93457557],[1.23057758],[4.44328198]
[4.80439611],[1.19708779],[4.25826128]
[4.7219233],[1.16820426],[4.10743134]
[4.6696723],[1.14027058],[3.95951891]
[4.5940353],[1.10896205],[3.79880172]
[4.5239703],[1.07567308],[3.66875262]
[4.25717456],[1.028581],[3.47334294]
[0.],[0.],[0.]
[0.96187709],[0.55145867],[0.45756256]
[1.87361001],[0.78474246],[1.17837405]
[2.61311833],[0.95257048],[1.8258]
[3.15970895],[1.04848147],[2.41323899]
[3.3222582],[1.1950163],[3.23993433]
[3.69956628],[1.3576604],[4.02364816]
[3.7856028],[1.43570571],[4.38360588]
[4.10093661],[1.51087668],[4.95048893]
[4.20053117],[1.56724105],[5.19817529]
[4.35611944],[1.6265109],[5.63040175]
[4.3848662],[1.66831742],[5.8808388]
[4.62891396],[1.71978867],[6.34478567]
[4.60017824],[1.73947606],[6.49726974]
[4.91609203],[1.76840057],[6.91066876]
[4.74522023],[1.78255983],[7.03245355]
[4.99999953],[1.8100451],[7.4595948]
[4.87713593],[1.82192694],[7.62337605]
[5.12434457],[1.85966409],[7.96393512]
[4.98476248],[1.89536985],[8.04685002]
[5.22474049],[1.95359053],[8.39791353]
[5.15849726],[2.0020532],[8.50582648]
[5.41014009],[2.0491871],[8.84392853]
[5.38026211],[2.07527696],[8.99278068]
[5.52637082],[2.09310695],[9.21865874]
[5.48946868],[2.10272761],[9.29271365]
[5.60155895],[2.11380446],[9.34005638]
[5.54320504],[2.11680649],[9.2332655]
[5.60376772],[2.10239817],[9.13403509]
[5.67696858],[2.08737275],[9.05455577]
[5.62449718],[2.06498572],[8.89429766]
[5.82803635],[2.04196881],[8.82732733]
[5.8606298],[2.01658925],[8.63356901]
[5.93220993],[1.98744057],[8.34512993]
[5.88117287],[1.95858604],[8.04033392]
[5.86151865],[1.92764071],[7.742296]
[5.77983154],[1.89579523],[7.49864237]
[5.77134217],[1.85823411],[7.25992821]
[5.65906505],[1.80946566],[7.0090198]
[5.57213141],[1.76727375],[6.81245207]
[5.49332653],[1.70489002],[6.64009667]
[5.46260524],[1.64999787],[6.45799693]
[5.43007579],[1.57717645],[6.2428045]
[5.41172531],[1.50863995],[6.04394773]
[5.3860453],[1.44002072],[5.84040374]
[5.35026444],[1.38284452],[5.59626843]
[5.31097965],[1.33713183],[5.3152211]
[5.25811112],[1.29878907],[5.03446331]
[5.17008301],[1.26419388],[4.77156162]
[4.98113076],[1.22988716],[4.49336492]
[4.8551558],[1.20005992],[4.31366511]
[4.77522727],[1.17132219],[4.1603333]
[4.69579524],[1.13956556],[4.00227244]
[4.62818867],[1.10438392],[3.84515841]
[4.34351079],[1.05673671],[3.62948738]
[0.],[0.],[0.]
[0.96750319],[0.55617162],[0.46377136]
[1.88895366],[0.7903924],[1.19185758]
[2.62083715],[0.95619507],[1.83344417]
[3.18660808],[1.05042489],[2.43783047]
[3.34544295],[1.20581761],[3.2800627]
[3.73427641],[1.36863427],[4.07693477]
[3.80698165],[1.44894296],[4.44319069]
[4.13878789],[1.52934964],[5.06742094]
[4.22203595],[1.59057367],[5.3105438]
[4.39677882],[1.65500759],[5.78967109]
[4.41755532],[1.69767055],[6.07976043]
[4.69035159],[1.74495129],[6.55114382]
[4.71433611],[1.76457944],[6.71495579]
[5.00857731],[1.79433659],[7.22609422]
[4.8801456],[1.80779108],[7.39266456]
[5.17047237],[1.83505781],[7.88209712]
[4.98219758],[1.85712969],[7.94377671]
[5.30143645],[1.90446057],[8.35923345]
[5.11705336],[1.9567484],[8.423857]
[5.38755731],[2.02401167],[8.8156574]
[5.34877508],[2.05731784],[9.0271927]
[5.60897763],[2.10126389],[9.41728449]
[5.51978991],[2.12626323],[9.52587209]
[5.66313262],[2.14157596],[9.76756987]
[5.59095266],[2.15037446],[9.83235932]
[5.7092005],[2.16050186],[9.89490756]
[5.89229682],[2.1617775],[9.86445549]
[5.96009155],[2.14879471],[9.75724342]
[6.00163792],[2.13447314],[9.71993191]
[6.04070128],[2.11575044],[9.55932966]
[6.083214],[2.09259599],[9.51969702]
[6.10639715],[2.0681097],[9.32487324]
[6.13034161],[2.03944147],[9.0271919]
[6.12870272],[2.01123011],[8.69352582]
[6.09982935],[1.97928465],[8.37648411]
[6.07236092],[1.94661648],[8.09648621]
[6.04146079],[1.91114071],[7.85929666]
[6.002674],[1.8701498],[7.60117092]
[5.94593332],[1.83194669],[7.39107949]
[5.90007569],[1.77529813],[7.2012497]
[5.84618228],[1.71852893],[7.00153597]
[5.78585617],[1.64601278],[6.7674916]
[5.72516838],[1.57880291],[6.53681249]
[5.58529822],[1.51217479],[6.29374282]
[5.44191722],[1.44899628],[6.01131825]
[5.40202099],[1.38698423],[5.72095695]
[5.362332],[1.34317002],[5.42129179]
[5.30197405],[1.30896894],[5.12888336]
[5.17949064],[1.27543374],[4.82708604]
[4.98096285],[1.24435602],[4.54430844]
[4.86992051],[1.21535889],[4.36157281]
[4.77622627],[1.18336465],[4.19525803]
[4.70426974],[1.14773063],[4.042289]
[4.41857339],[1.10178705],[3.80134032]
[0.],[0.],[0.]
[0.97187397],[0.55909933],[0.4675144]
[1.90767463],[0.79713098],[1.20745487]
[2.63139627],[0.96066744],[1.84577699]
[3.22617032],[1.05268152],[2.46746106]
[3.36761456],[1.21648154],[3.31593423]
[3.77470392],[1.38084405],[4.14056594]
[3.82881541],[1.46716519],[4.51977733]
[4.19292144],[1.54784948],[5.18261654]
[4.2477467],[1.60988923],[5.42715111]
[4.43448192],[1.67623717],[5.9422421]
[4.52243937],[1.71589745],[6.24878683]
[4.76598057],[1.76279854],[6.73691743]
[4.84510313],[1.78462914],[6.91375522]
[5.09891914],[1.81410964],[7.47758913]
[5.02324326],[1.82655133],[7.68770485]
[5.27640488],[1.86638197],[8.20939828]
[5.11076281],[1.89307022],[8.22758712]
[5.41663353],[1.96789742],[8.74710024]
[5.25951071],[2.01067512],[8.77884598]
[5.62138907],[2.07867175],[9.31616668]
[5.52581144],[2.10711079],[9.52693053]
[5.78879848],[2.15088852],[9.91634521]
[5.6410734],[2.16699485],[9.99767427]
[5.7857657],[2.18093205],[10.25859391]
[5.82931862],[2.1891931],[10.36740231]
[6.09191944],[2.19885856],[10.53396589]
[6.14351388],[2.20094625],[10.55823265]
[6.26326447],[2.18922837],[10.47208919]
[6.20219559],[2.17432031],[10.37519596]
[6.27397602],[2.15686879],[10.22204119]
[6.25316066],[2.13602917],[10.14088854]
[6.28883932],[2.10968106],[9.96555891]
[6.29350861],[2.08013677],[9.65295737]
[6.44481221],[2.05228813],[9.3466391]
[6.30693676],[2.02080119],[8.97072931]
[6.32653582],[1.98897199],[8.67240668]
[6.23451678],[1.95296509],[8.3922334]
[6.23516064],[1.91544776],[8.1406649]
[6.15573499],[1.87972632],[7.91753282]
[6.12632851],[1.83247864],[7.72291749]
[6.09073059],[1.77292039],[7.51462113]
[6.0530145],[1.69812008],[7.28639247]
[6.01555834],[1.63156813],[7.04971223]
[5.93643528],[1.56653903],[6.78731092]
[5.80120554],[1.50589442],[6.4740218]
[5.61994754],[1.43807438],[6.12496255]
[5.45643153],[1.38514998],[5.75963697]
[5.40168717],[1.34387982],[5.46078901]
[5.32164563],[1.30895604],[5.13549551]
[5.17654956],[1.27796546],[4.84598749]
[4.97810988],[1.24642686],[4.54758607]
[4.86872533],[1.21459751],[4.35932594]
[4.78532379],[1.17709032],[4.20009252]
[4.49133303],[1.13264038],[3.96131309]
[0.],[0.],[0.]
[0.96538511],[0.55872549],[0.45973273]
[1.88464775],[0.78225444],[1.18125422]
[2.62089713],[0.95019431],[1.81273308]
[3.17181847],[1.04992384],[2.41378353]
[3.33259772],[1.21924021],[3.30390427]
[3.75541043],[1.39393706],[4.1652717]
[3.82471798],[1.48154166],[4.59002134]
[4.16117622],[1.56394569],[5.25327272]
[4.24108485],[1.62612707],[5.53190093]
[4.41059959],[1.69586448],[6.06875588]
[4.60284563],[1.73277032],[6.39705831]
[4.82739142],[1.78166381],[6.87628188]
[4.95845376],[1.80348042],[7.10095168]
[5.20118435],[1.83392141],[7.71652251]
[5.13759282],[1.85397419],[7.93242063]
[5.35356543],[1.90119197],[8.4483477]
[5.23336502],[1.94645936],[8.49727872]
[5.51226324],[2.02182773],[9.0255863]
[5.42469986],[2.05654257],[9.16082011]
[5.764403],[2.11886528],[9.73661702]
[5.64825416],[2.1407262],[9.81632453]
[5.90923446],[2.18251316],[10.20175531]
[5.72851277],[2.19168334],[10.22514434]
[5.95472614],[2.20594058],[10.45188981]
[6.14549366],[2.21281426],[10.57095498]
[6.3744104],[2.21773553],[10.76229634]
[6.30534648],[2.21662749],[10.76899067]
[6.44407137],[2.2065003],[10.75800764]
[6.37144647],[2.19016178],[10.67820897]
[6.54966321],[2.1653],[10.57210228]
[6.57740926],[2.14040619],[10.409785]
[6.6800445],[2.11250702],[10.23067984]
[6.70319034],[2.07768654],[9.91553483]
[6.76746815],[2.04371448],[9.62936211]
[6.74947013],[2.00560226],[9.27277804]
[6.73376076],[1.96814711],[9.01304218]
[6.66728058],[1.91732898],[8.70700487]
[6.64755293],[1.85719678],[8.4691374]
[6.55868849],[1.79925784],[8.19826472]
[6.48526015],[1.74778514],[7.9765519]
[6.41000437],[1.7032735],[7.75381992]
[6.31652306],[1.64278488],[7.51753732]
[6.25945631],[1.58645728],[7.2975373]
[6.16782232],[1.53326303],[7.06238733]
[6.05718604],[1.48259557],[6.77806575]
[5.96881814],[1.42379358],[6.45120624]
[5.84113965],[1.39100406],[6.10802822]
[5.62090307],[1.35724963],[5.71787385]
[5.43635237],[1.32355722],[5.40465744]
[5.32693134],[1.29578195],[5.12076597]
[5.18403443],[1.26755455],[4.83722978]
[4.99524309],[1.23420448],[4.53729598]
[4.90174236],[1.19808086],[4.35700956]
[4.59459045],[1.15868205],[4.12543923]
[0.],[0.],[0.]
[0.970272],[0.56033059],[0.46474526]
[1.90290665],[0.78708697],[1.19289712]
[2.62989229],[0.95289299],[1.81682449]
[3.21419798],[1.0562014],[2.46566583]
[3.3614143],[1.24911956],[3.40086561]
[3.80992888],[1.42033463],[4.32248772]
[3.85359836],[1.50569173],[4.7257103]
[4.21235163],[1.5870694],[5.40681363]
[4.2853105],[1.64785498],[5.67384684]
[4.49562883],[1.71780975],[6.26017811]
[4.66628852],[1.75157814],[6.55840019]
[4.8905788],[1.80132652],[7.0562603]
[5.02100803],[1.82463326],[7.32435879]
[5.27485541],[1.86337425],[8.00566253]
[5.17356638],[1.89110171],[8.15317682]
[5.41319967],[1.95852391],[8.72686257]
[5.30301199],[2.00479267],[8.79653781]
[5.60630775],[2.0779277],[9.40713739]
[5.55216385],[2.11058628],[9.61106452]
[5.84442501],[2.16907369],[10.13009874]
[5.72770562],[2.18931211],[10.23976139]
[5.96106785],[2.22821488],[10.63585103]
[6.07227789],[2.22717526],[10.79868037]
[6.3397366],[2.24521089],[11.08006919]
[6.32604488],[2.2476543],[11.21434796]
[6.51496057],[2.25228732],[11.39601117]
[6.56563655],[2.25102351],[11.41789965]
[6.82764537],[2.2416444],[11.55115617]
[6.79339778],[2.22858555],[11.48656047]
[6.88911865],[2.20423837],[11.44355797]
[6.89526918],[2.18105789],[11.29778676]
[6.92084115],[2.15364469],[11.10007076]
[6.94391956],[2.12059932],[10.78602823]
[6.96068191],[2.08761752],[10.4446793]
[6.9947315],[2.04984161],[10.07656561]
[6.95033376],[2.0111588],[9.76531282]
[6.92335262],[1.96374146],[9.44478434]
[6.88700896],[1.91671496],[9.18709108]
[6.85303019],[1.85780249],[8.92216632]
[6.80291897],[1.80386353],[8.68334699]
[6.76056633],[1.75538332],[8.44826642]
[6.71358735],[1.69544792],[8.20660475]
[6.66628596],[1.63452083],[7.95999755]
[6.57133276],[1.5849199],[7.71775423]
[6.3816726],[1.53697339],[7.41074001]
[6.21529219],[1.48671108],[7.06455982]
[6.11254737],[1.43827218],[6.73766356]
[6.02993145],[1.40629976],[6.38338663]
[5.90122077],[1.37471106],[5.97281778]
[5.48393096],[1.34470365],[5.58135959]
[5.37296629],[1.3138671],[5.29562689]
[5.25089566],[1.27963937],[4.99195738]
[5.10997997],[1.2367511],[4.72049796]
[4.72734767],[1.19791242],[4.37546523]
[0.],[0.],[0.]
[0.97571741],[0.56205713],[0.46903005]
[1.92269388],[0.79266672],[1.20505913]
[2.64494263],[0.95422815],[1.82590335]
[3.27916081],[1.06206579],[2.52149249]
[3.39714274],[1.26843318],[3.4784353]
[3.87912625],[1.43946242],[4.44527184]
[3.90221933],[1.52507742],[4.87414001]
[4.29420031],[1.60637624],[5.55535909]
[4.35483445],[1.66972233],[5.84978252]
[4.58537262],[1.73829631],[6.44522944]
[4.72738379],[1.77361239],[6.75655269]
[4.95203662],[1.826847],[7.28980672]
[5.14376615],[1.85545489],[7.69542006]
[5.33877962],[1.90779227],[8.36340592]
[5.30104793],[1.95886227],[8.51942736]
[5.48641714],[2.03557033],[9.1050284]
[5.42732689],[2.07838037],[9.29376741]
[5.7483478],[2.14444449],[9.96762499]
[5.69845879],[2.17427437],[10.11225012]
[5.93758554],[2.22638698],[10.6452117]
[5.82676776],[2.243117],[10.74383146]
[6.20776876],[2.27875348],[11.23415067]
[6.30586634],[2.27175799],[11.40057664]
[6.56386156],[2.2955849],[11.74566018]
[6.45502049],[2.28655161],[11.87461531]
[6.85158839],[2.29646698],[12.17079791]
[6.89724895],[2.28958774],[12.25337357]
[7.08967412],[2.28091632],[12.44017652]
[7.02031493],[2.26899177],[12.35277465]
[7.10790718],[2.24857611],[12.34140553]
[7.12179342],[2.22669096],[12.22996076]
[7.11856576],[2.2007094],[12.02515387]
[7.24333497],[2.16955887],[11.76603245]
[7.25380493],[2.13860752],[11.42009768]
[7.38712532],[2.10375543],[11.10822129]
[7.34440267],[2.06818919],[10.7405429]
[7.32721445],[2.02899988],[10.44742184]
[7.17534851],[1.9860915],[10.12393623]
[7.1757053],[1.93276869],[9.8967275]
[7.05408118],[1.86705281],[9.5941383]
[7.01755661],[1.8167624],[9.33996433]
[6.98005578],[1.75906663],[9.10361207]
[6.94540773],[1.70554996],[8.87541334]
[6.8795544],[1.65628306],[8.64218684]
[6.79826994],[1.60847856],[8.3733427]
[6.71276788],[1.56070422],[8.03085941]
[6.60082421],[1.50895083],[7.66172934]
[6.44698953],[1.46573314],[7.26365869]
[6.2517811],[1.43124583],[6.7041905]
[6.07954001],[1.40255607],[6.25535609]
[5.52933135],[1.37076927],[5.80539698]
[5.40357421],[1.33395195],[5.48252151]
[5.29841495],[1.29044144],[5.19313403]
[4.90925743],[1.24814467],[4.80055986]
[0.],[0.],[0.]
[0.98137637],[0.56514766],[0.47327139]
[1.95304756],[0.7983242],[1.22309489]
[2.66933934],[0.95808477],[1.84272624]
[3.37384569],[1.07483339],[2.65798818]
[3.45141812],[1.28670757],[3.58294462]
[3.97975892],[1.45475323],[4.61341369]
[3.98395063],[1.53975321],[5.01172927]
[4.39629973],[1.62003329],[5.69876228]
[4.42360553],[1.68299107],[6.01441966]
[4.67850603],[1.75152542],[6.58835149]
[4.78939755],[1.78848235],[6.91156962]
[5.00921311],[1.84218781],[7.46526187]
[5.22106109],[1.88242423],[7.94329319]
[5.39537522],[1.95479839],[8.59241809]
[5.4024401],[2.0068335],[8.83218539]
[5.55515811],[2.08261683],[9.40774228]
[5.60930264],[2.12616108],[9.76738396]
[5.86031095],[2.18903873],[10.34670199]
[5.84015404],[2.22016231],[10.52885606]
[6.01933326],[2.2708888],[11.06437831]
[6.02950997],[2.28611348],[11.20608287]
[6.48768394],[2.31995947],[11.79672642]
[6.47560598],[2.31298869],[11.99756347]
[6.7192718],[2.33695762],[12.39829286]
[6.73722913],[2.3190371],[12.52923101]
[7.14081252],[2.33751333],[12.99269908]
[7.07194748],[2.32361983],[13.06292347]
[7.25923221],[2.31579393],[13.23990842]
[7.20540794],[2.30618992],[13.23223488]
[7.27907337],[2.29057457],[13.23647498]
[7.44352654],[2.2712328],[13.2622676]
[7.46320884],[2.24787187],[13.11764108]
[7.55594113],[2.21901146],[12.94658715]
[7.58411463],[2.19112724],[12.63531591]
[7.65481226],[2.15920374],[12.34266123]
[7.67813021],[2.12657021],[12.00292495]
[7.66403744],[2.08581333],[11.68092307]
[7.62993797],[2.04575669],[11.36748502]
[7.60037413],[2.00501785],[11.12931684]
[7.55400032],[1.95182919],[10.83859451]
[7.50551227],[1.89595793],[10.55782998]
[7.47223788],[1.83214003],[10.26477284]
[7.43875629],[1.77448454],[9.98293623]
[7.36858901],[1.72214179],[9.70559602]
[7.2148243],[1.67088472],[9.35099074]
[7.04404229],[1.62203349],[8.95427208]
[6.92236327],[1.56943047],[8.53364317]
[6.84387909],[1.52801564],[8.13604468]
[6.74971064],[1.48533521],[7.67443614]
[6.63141591],[1.45294648],[7.07728409]
[6.2445323],[1.42137472],[6.44502926]
[5.61942051],[1.38229656],[5.93661454]
[5.43761809],[1.33851629],[5.62247967]
[5.05829606],[1.29328698],[5.20458607]
[0.],[0.],[0.]
[0.97562118],[0.38446521],[0.31423008]
[1.93760404],[0.53722375],[0.8310575]
[2.65996723],[0.67282757],[1.32584822]
[3.31996524],[0.82052388],[1.98331403]
[3.45852598],[1.01023065],[3.00364114]
[3.95040053],[1.14239633],[3.92267354]
[3.99058557],[1.23516525],[4.35961773]
[4.36526013],[1.29490828],[4.94675971]
[4.45213416],[1.34735643],[5.32113667]
[4.67424737],[1.41280402],[5.83628759]
[4.836995],[1.44715157],[6.18802112]
[5.0918424],[1.51909251],[6.76103157]
[5.26996017],[1.60335092],[7.24390985]
[5.45265891],[1.73530792],[7.87038075]
[5.48600983],[1.77310651],[8.15294641]
[5.6502808],[1.82950683],[8.77077982]
[5.72931666],[1.87220922],[9.14959652]
[5.93775411],[1.91544784],[9.67279097]
[5.91910275],[1.94593933],[9.89371565]
[6.08022551],[1.98231948],[10.39465953]
[6.29305293],[2.01371243],[10.64534711]
[6.6499738],[2.04511768],[11.17726105]
[6.58752987],[2.07080182],[11.33196175]
[6.94690881],[2.09744276],[11.82069654]
[7.00952047],[2.11980426],[12.08311783]
[7.30948373],[2.14462417],[12.68965882]
[7.19426335],[2.17050365],[12.83830681]
[7.47150538],[2.20269384],[13.24436695]
[7.54715499],[2.22218636],[13.48435113]
[7.66051285],[2.21717911],[13.5830158]
[7.71763596],[2.21215172],[13.64679977]
[7.74856663],[2.19598175],[13.53386134]
[7.78234416],[2.11660771],[13.38941816]
[7.80379417],[2.10225519],[13.15393072]
[7.83916265],[2.06101809],[12.94489339]
[7.96051244],[2.05740826],[12.75962111]
[7.93342028],[2.05314425],[12.49655439]
[7.98345598],[2.01385067],[12.27619493]
[7.87877669],[1.97096224],[12.00287384]
[7.88716517],[1.92585884],[11.7550334]
[7.81012868],[1.86695562],[11.46204844]
[7.78134219],[1.8108964],[11.18712513]
[7.75349602],[1.76099806],[10.9155324]
[7.71089618],[1.71369851],[10.6294241]
[7.61285307],[1.67157674],[10.2899157]
[7.53104123],[1.63383107],[9.90025439]
[7.42776063],[1.59052044],[9.4502882]
[7.29002738],[1.551209],[8.96521208]
[7.08997393],[1.51002152],[8.45128566]
[6.954695],[1.47766043],[7.89084107]
[6.82578849],[1.44571856],[7.33626295]
[6.45930709],[1.40479213],[6.56145261]
[5.84274507],[1.36573304],[6.02295461]
[5.17046034],[1.32399049],[5.56817738]
