meltWidth,meltDepth,meltArea
[0.],[0.],[0.]
[1.37136245],[0.39415006],[0.32714164]
[1.84597279],[0.52638608],[0.65860632]
[1.88144054],[0.54698903],[0.72774472]
[2.04002269],[0.56307897],[0.77700362]
[2.01132342],[0.57404476],[0.81430243]
[2.17392475],[0.5851724],[0.86811008]
[2.10607634],[0.57539924],[0.87432084]
[2.20134793],[0.54256162],[0.86490534]
[2.15302358],[0.53043604],[0.8432806]
[2.21807116],[0.48864831],[0.81282051]
[2.14384555],[0.5032427],[0.78362888]
[2.17478166],[0.4613782],[0.73265201]
[2.12859735],[0.48848023],[0.72260175]
[2.15730049],[0.46271894],[0.69173936]
[2.16250535],[0.48809486],[0.70556373]
[2.20479524],[0.46817502],[0.69476391]
[2.22294378],[0.48901883],[0.71129867]
[2.23941717],[0.47166256],[0.69973925]
[2.2498098],[0.48816223],[0.7080314]
[2.25450195],[0.47595569],[0.69664843]
[2.25843204],[0.49147917],[0.70697412]
[2.2648535],[0.48239479],[0.6999302]
[2.26844182],[0.49872717],[0.70938142]
[2.28045089],[0.48907858],[0.70493523]
[2.27516922],[0.50400606],[0.71451222]
[2.28993491],[0.49350763],[0.7090088]
[2.28297504],[0.50992218],[0.71908322]
[2.2924457],[0.50116243],[0.71649929]
[2.32393839],[0.51552528],[0.72987189]
[2.29764096],[0.51282438],[0.73418592]
[2.33533163],[0.51442432],[0.73366461]
[2.30325607],[0.51777222],[0.73268267]
[2.30733585],[0.51903897],[0.73187585]
[2.3136376],[0.5170067],[0.73071323]
[2.31091408],[0.51542222],[0.72876317]
[2.31707023],[0.51366758],[0.72657655]
[2.31739171],[0.51166556],[0.72411868]
[2.31946583],[0.51002755],[0.72325083]
[2.31704728],[0.50419424],[0.71748408]
[2.32047371],[0.49656867],[0.71133053]
[2.32079467],[0.48908309],[0.70685068]
[2.32468888],[0.4811481],[0.70836184]
[2.34657542],[0.4711542],[0.7186641]
[2.36388429],[0.46531789],[0.73563904]
[2.37867763],[0.46167204],[0.75610345]
[2.38314543],[0.45903507],[0.76776119]
[2.38514307],[0.45592336],[0.77230981]
[2.38858453],[0.45314394],[0.77613302]
[2.38672752],[0.45249791],[0.7815725]
[2.40064764],[0.45296014],[0.78548788]
[2.40599999],[0.44097364],[0.7748965]
[2.00545487],[0.42296448],[0.66783972]
[0.],[0.],[0.]
[0.],[0.],[0.]
[0.],[0.],[0.]
[1.45385611],[0.50654957],[0.41578385]
[1.91292517],[0.62146913],[0.79862678]
[1.96706156],[0.69508389],[0.93724646]
[2.12231005],[0.6770504],[1.02423455]
[2.09965603],[0.73111735],[1.09372343]
[2.21731453],[0.71371116],[1.12935209]
[2.14672518],[0.76467993],[1.1493561]
[2.25998328],[0.73253798],[1.15010088]
[2.16863363],[0.759119],[1.13508709]
[2.26512562],[0.73449521],[1.1246812]
[2.22990062],[0.75439178],[1.12337705]
[2.25144068],[0.74458738],[1.11148269]
[2.30625288],[0.76561159],[1.15367678]
[2.30345991],[0.77298067],[1.16431733]
[2.3899151],[0.79062432],[1.21033123]
[2.36390128],[0.79093863],[1.20889384]
[2.44976484],[0.80104456],[1.24964067]
[2.39066754],[0.79912534],[1.23590501]
[2.48791244],[0.80984208],[1.27239763]
[2.41991371],[0.80520872],[1.25448913]
[2.54033735],[0.81141801],[1.30093152]
[2.44312793],[0.80928968],[1.27704869]
[2.54778869],[0.81646292],[1.31655831]
[2.45276325],[0.81151695],[1.29260718]
[2.52642662],[0.81338688],[1.3198993]
[2.45774399],[0.8147411],[1.30871725]
[2.51704822],[0.81255837],[1.32690578]
[2.46480419],[0.81083624],[1.32016905]
[2.54385719],[0.81380314],[1.34698594]
[2.47134363],[0.80933802],[1.33866108]
[2.54085899],[0.80851526],[1.35437575]
[2.48274333],[0.80763219],[1.34058266]
[2.47951666],[0.80625605],[1.33249461]
[2.47985988],[0.8042918],[1.32671066]
[2.47606011],[0.80289294],[1.320084]
[2.48267767],[0.8011484],[1.31372767]
[2.48544451],[0.79880033],[1.30814013]
[2.48875476],[0.79691288],[1.30371063]
[2.49516526],[0.79293351],[1.29761641]
[2.49674023],[0.78928155],[1.28990682]
[2.50641659],[0.78495225],[1.2867509]
[2.51169073],[0.78186485],[1.28448477]
[2.53397414],[0.77814942],[1.28360059]
[2.55868916],[0.77044359],[1.28581545]
[2.5769743],[0.76239052],[1.28515196]
[2.60143915],[0.75104357],[1.2868545]
[2.63093884],[0.74620391],[1.29468272]
[2.65689987],[0.73910432],[1.29960179]
[2.67045787],[0.729383],[1.29861558]
[2.692322],[0.72645741],[1.3018684]
[2.69993811],[0.72301509],[1.30175162]
[2.2817595],[0.72185807],[1.18240193]
[0.],[0.],[0.]
[0.],[0.],[0.]
[0.],[0.],[0.]
[1.77589582],[0.61644154],[0.65710791]
[2.00648144],[0.69785406],[0.95703804]
[2.05644736],[0.8098103],[1.10888336]
[2.16350983],[0.79960385],[1.19105339]
[2.18627294],[0.8724674],[1.27108229]
[2.26264185],[0.8645584],[1.29342741]
[2.27729513],[0.90144414],[1.33577447]
[2.35597678],[0.87533247],[1.34214803]
[2.3744156],[0.90976313],[1.38520788]
[2.4472312],[0.88345765],[1.38862937]
[2.45513729],[0.91989524],[1.42689894]
[2.49074376],[0.90901247],[1.42941716]
[2.55220676],[0.93648618],[1.48216118]
[2.54629006],[0.92148872],[1.48298794]
[2.69396713],[0.93385923],[1.5580541]
[2.61089751],[0.91866379],[1.52752421]
[2.80824944],[0.92436322],[1.61651174]
[2.65089374],[0.9140069],[1.55634118]
[2.87175863],[0.9211759],[1.65277647]
[2.74050772],[0.90847409],[1.58925985]
[2.93887698],[0.91807978],[1.70170484]
[2.8283883],[0.91162705],[1.63592182]
[2.97711097],[0.92062118],[1.73202125]
[2.84774898],[0.91241104],[1.65596903]
[2.97879266],[0.91848379],[1.74282211]
[2.85032045],[0.90662575],[1.66625198]
[2.98572402],[0.915081],[1.74698602]
[2.84384219],[0.90001127],[1.67148136]
[3.00983298],[0.90799042],[1.75511871]
[2.8723474],[0.89980743],[1.70134205]
[3.01698311],[0.89959747],[1.76156437]
[2.88860309],[0.8988657],[1.70544931]
[2.87604116],[0.89743291],[1.69698902]
[2.88154617],[0.89614458],[1.69239977]
[2.86715092],[0.89522746],[1.68199282]
[2.87394603],[0.89470851],[1.674956]
[2.89363123],[0.89379175],[1.67374639]
[2.91219165],[0.89342606],[1.67367311]
[2.94538348],[0.89241295],[1.67614008]
[2.94628067],[0.89267008],[1.6671296]
[2.9646562],[0.89168693],[1.66728048]
[2.97011207],[0.89125024],[1.66408981]
[2.99778694],[0.89141462],[1.66489339]
[3.0143243],[0.8885777],[1.66103823]
[3.01958202],[0.88516937],[1.65280463]
[3.03505112],[0.88366793],[1.65362145]
[3.02772248],[0.88195235],[1.63827957]
[3.00063196],[0.87105393],[1.6168853]
[2.98245167],[0.86609764],[1.60678197]
[3.00080594],[0.86191753],[1.60543859]
[3.00684068],[0.85401101],[1.59903354]
[2.49247837],[0.84386477],[1.42360285]
[0.],[0.],[0.]
[0.],[0.],[0.]
[0.],[0.],[0.]
[1.93809226],[0.59627607],[0.73048534]
[2.12794293],[0.68991005],[0.98370222]
[2.19645628],[0.80688453],[1.14454807]
[2.34736194],[0.82370567],[1.28062451]
[2.37570577],[0.90608532],[1.39585415]
[2.46806091],[0.89653871],[1.44637829]
[2.48484721],[0.92668711],[1.49842413]
[2.55527802],[0.91640771],[1.52803569]
[2.57538479],[0.93573958],[1.5648113]
[2.63057756],[0.93672478],[1.59104217]
[2.78550786],[0.94378755],[1.66710719]
[2.71686054],[0.93791784],[1.64590011]
[2.95517193],[0.94010387],[1.75762921]
[2.97210312],[0.93260407],[1.74476735]
[3.11757109],[0.93867063],[1.87257658]
[3.19822195],[0.93007159],[1.86212403]
[3.2208204],[0.9354485],[1.95144463]
[3.26836182],[0.92833971],[1.92037218]
[3.26798796],[0.93519206],[1.99655474]
[3.33076024],[0.92672361],[1.96981097]
[3.29713106],[0.93666472],[2.02118498]
[3.37158415],[0.93323684],[2.02184678]
[3.32152522],[0.94084319],[2.04524229]
[3.39196007],[0.93323197],[2.04062472]
[3.33086364],[0.93778476],[2.06338837]
[3.40235121],[0.93142892],[2.05238956]
[3.34951553],[0.9348054],[2.07345847]
[3.40526728],[0.9291341],[2.05457189]
[3.40418806],[0.93293518],[2.0975938]
[3.39513081],[0.9292017],[2.0800504]
[3.41680927],[0.93123771],[2.11151709]
[3.39663339],[0.93170659],[2.07607131]
[3.38670363],[0.93232549],[2.06714346]
[3.40088417],[0.93264918],[2.06610109]
[3.40256063],[0.93093238],[2.05758836]
[3.42304625],[0.92913945],[2.05216383]
[3.43582563],[0.92641339],[2.04519557]
[3.44253389],[0.9243643],[2.03881989]
[3.44496305],[0.92165945],[2.03764419]
[3.45627316],[0.91976858],[2.02288016]
[3.46371174],[0.91763267],[2.0161757]
[3.45587152],[0.91636216],[2.00527857]
[3.47642421],[0.91567823],[2.00173203]
[3.48379662],[0.91252545],[1.99236736]
[3.48919384],[0.91066397],[1.98262]
[3.48135919],[0.90885954],[1.9718409]
[3.47340265],[0.908118],[1.94512561]
[3.45628424],[0.90391224],[1.91998899]
[3.42396084],[0.89787506],[1.88989776]
[3.41094799],[0.8931384],[1.86850094]
[3.39522125],[0.88967676],[1.84876917]
[2.70714682],[0.88673844],[1.59338065]
[0.],[0.],[0.]
[0.],[0.],[0.]
[0.61039946],[0.02421767],[0.00581603]
[2.00554657],[0.63169957],[0.78805989]
[2.27703464],[0.75228228],[1.1288674]
[2.3645637],[0.87187801],[1.34051224]
[2.52937893],[0.90415348],[1.5097104]
[2.53761914],[0.95093561],[1.60193055]
[2.661405],[0.96199413],[1.7008447]
[2.76811781],[0.97088204],[1.76520162]
[2.71918087],[0.96842823],[1.776125]
[3.00111604],[0.97736439],[1.91486844]
[2.7851479],[0.97380363],[1.82984787]
[3.14867396],[0.98020871],[2.01670828]
[3.11917444],[0.97883096],[1.94365313]
[3.27853926],[0.97801568],[2.11234057]
[3.3160794],[0.97333679],[2.05095193]
[3.35396413],[0.97705061],[2.18844606]
[3.44647185],[0.97225993],[2.14794777]
[3.40953071],[0.9754167],[2.2330188]
[3.50682996],[0.96835093],[2.20973661]
[3.43952668],[0.97693799],[2.25017258]
[3.56038974],[0.96927234],[2.24827426]
[3.46839619],[0.97443067],[2.26446831]
[3.58330402],[0.97149928],[2.27051007]
[3.48979643],[0.97151028],[2.27800533]
[3.61063822],[0.96841881],[2.28643578]
[3.4994433],[0.96703477],[2.28759766]
[3.62329757],[0.96545313],[2.29748929]
[3.52459173],[0.96344821],[2.29639965]
[3.63008527],[0.96179673],[2.30130244]
[3.59529265],[0.96080165],[2.32520438]
[3.61145731],[0.95943072],[2.31943245]
[3.61224429],[0.96118656],[2.3415912]
[3.61824995],[0.96190171],[2.32203817]
[3.6085498],[0.96246791],[2.30561272]
[3.6108986],[0.96054356],[2.29611381]
[3.60591104],[0.95918242],[2.28153446]
[3.63248145],[0.95805891],[2.27687143]
[3.64940978],[0.95616561],[2.27155708]
[3.66525255],[0.95447821],[2.26775812]
[3.66821896],[0.95225282],[2.26698226]
[3.6908798],[0.95060872],[2.26712392]
[3.69640096],[0.94676501],[2.26669413]
[3.68711516],[0.94355808],[2.2489223]
[3.69437667],[0.94046854],[2.24805533]
[3.69393138],[0.93446629],[2.23401557]
[3.69166039],[0.92914861],[2.21880519]
[3.68386722],[0.92640676],[2.20025187]
[3.68624044],[0.92377129],[2.18081499]
[3.6853727],[0.91803775],[2.16195117]
[3.67082783],[0.91290897],[2.13480321]
[3.6570145],[0.90812467],[2.10616147]
[3.59998185],[0.90206594],[2.07566602]
[2.83885279],[0.90036181],[1.73340803]
[0.],[0.],[0.]
[0.],[0.],[0.]
[0.95672553],[0.16437683],[0.11478254]
[2.16390321],[0.69958368],[0.91922293]
[2.43076784],[0.84045471],[1.31169777]
[2.47811581],[0.9196832],[1.50513403]
[2.66096917],[0.95431886],[1.70812164]
[2.72794774],[0.98319642],[1.81264319]
[2.76033614],[0.99527326],[1.88984749]
[3.07137104],[1.00793046],[2.05825279]
[2.94301855],[1.01166333],[1.98246263]
[3.23835293],[1.011795],[2.18756628]
[3.22725452],[1.01352644],[2.10407098]
[3.32715549],[1.00830424],[2.26823931]
[3.4011405],[1.00751033],[2.21421023]
[3.40675524],[0.9963996],[2.32763966]
[3.51265313],[0.99288133],[2.29508845]
[3.46122895],[0.98967738],[2.36863195]
[3.60582685],[0.98776137],[2.37520825]
[3.51008105],[0.98513948],[2.38425904]
[3.64594939],[0.98079737],[2.40302824]
[3.55670867],[0.98364421],[2.40150521]
[3.72881694],[0.9839172],[2.42823299]
[3.63752798],[0.98458521],[2.43939228]
[3.76309941],[0.98645315],[2.46259274]
[3.6647831],[0.98373276],[2.4683828]
[3.7997496],[0.98408716],[2.48568768]
[3.68390801],[0.97993261],[2.48762844]
[3.81902275],[0.98151464],[2.49848578]
[3.7152901],[0.97758938],[2.51221135]
[3.83806848],[0.97867006],[2.50705503]
[3.79211063],[0.97594126],[2.554881]
[3.84140951],[0.97727412],[2.54065349]
[3.82419887],[0.97921813],[2.58773951]
[3.85613154],[0.98083196],[2.56605934]
[3.8409087],[0.98102451],[2.54828144]
[3.83910908],[0.98038611],[2.54066392]
[3.835388],[0.98011211],[2.52307689]
[3.83777994],[0.98054283],[2.50255302]
[3.8386802],[0.97712123],[2.47780889]
[3.83401258],[0.97407352],[2.46139936]
[3.82049803],[0.97154411],[2.44782114]
[3.84411643],[0.96970133],[2.44718187]
[3.84607479],[0.96627536],[2.44903664]
[3.83588578],[0.96393485],[2.43980586]
[3.83796824],[0.96215459],[2.44849683]
[3.83616173],[0.95531607],[2.43354969]
[3.82801384],[0.94805718],[2.41788131]
[3.81212787],[0.94187016],[2.39523233]
[3.81923625],[0.93663358],[2.38258237]
[3.8200802],[0.9294134],[2.36974232]
[3.80256332],[0.92339713],[2.33703738]
[3.80622201],[0.91724872],[2.32195976]
[3.70374176],[0.91012286],[2.29041604]
[2.94100264],[0.90490628],[1.85223576]
[0.],[0.],[0.]
[0.],[0.],[0.]
[1.01879098],[0.18727426],[0.15930994]
[2.32599293],[0.79552363],[1.09629901]
[2.54394599],[0.9291954],[1.52870291]
[2.59108189],[0.98106597],[1.70324154]
[2.73615145],[1.00875147],[1.89020374]
[2.99434836],[1.02721762],[2.0498395]
[2.81828572],[1.04082233],[2.02690756]
[3.27570891],[1.03655386],[2.27416277]
[3.31633457],[1.03480162],[2.22410161]
[3.38974411],[1.02505607],[2.38335785]
[3.46366443],[1.02346817],[2.32220713]
[3.4512759],[1.01234386],[2.43557908]
[3.57611044],[1.01233207],[2.41443742]
[3.51323044],[1.00025242],[2.48062353]
[3.67915018],[1.00001674],[2.49117197]
[3.6376162],[0.99465578],[2.52623466]
[3.85138358],[0.99488551],[2.55844285]
[3.81391201],[0.98769578],[2.60964426]
[3.97309196],[0.99305798],[2.62285772]
[3.92182109],[0.99133302],[2.69007268]
[4.06726692],[0.99689011],[2.69441522]
[4.00159052],[0.99558738],[2.76673896]
[4.10394222],[0.99888955],[2.76881092]
[4.02343559],[1.00023378],[2.8206211]
[4.14309149],[1.00273324],[2.81590046]
[4.04943011],[1.00644923],[2.85144999]
[4.16359653],[1.00782247],[2.84959008]
[4.08500275],[1.01145496],[2.89326341]
[4.188456],[1.01352866],[2.87444021]
[4.18520991],[1.0134869],[2.94309626]
[4.18596981],[1.02154362],[2.92609639]
[4.22115956],[1.01999999],[2.98020139]
[4.20417542],[1.02358121],[2.95459351]
[4.2382324],[1.02151708],[2.94348239]
[4.21072652],[1.0106181],[2.93184282]
[4.19846047],[0.99672951],[2.89835745]
[4.20203176],[0.99104224],[2.86282712]
[4.19774581],[0.98852535],[2.82820254]
[4.19090828],[0.9879787],[2.79641497]
[4.16765038],[0.98511103],[2.7600367]
[4.15822988],[0.98305271],[2.72299817]
[4.14637581],[0.97867685],[2.68605366]
[4.12255299],[0.97597867],[2.64283598]
[4.10965195],[0.97436538],[2.61646684]
[4.10260643],[0.9694178],[2.5897969]
[4.09184133],[0.96451256],[2.56110241]
[4.07146789],[0.95940852],[2.53074244]
[4.06446503],[0.95556707],[2.50992871]
[4.05539989],[0.95017551],[2.48889414]
[4.02350299],[0.94318882],[2.45652118]
[3.9810046],[0.93698351],[2.43694646]
[3.87406404],[0.92760887],[2.40839421]
[3.07403339],[0.91877534],[1.96625293]
[0.],[0.],[0.]
[0.],[0.],[0.]
[1.17342888],[0.28421649],[0.23200303]
[2.40018719],[0.76034417],[1.11935317]
[2.59784308],[0.89343265],[1.54568841]
[2.65145432],[0.96226093],[1.72659358]
[2.76730577],[0.97616206],[1.87708841]
[3.12929758],[0.9940625],[2.08612909]
[3.05114962],[0.9974702],[2.04578246]
[3.38304172],[0.99611269],[2.31995117]
[3.48280626],[0.99481118],[2.28561716]
[3.49507868],[0.98513862],[2.42307783]
[3.59933474],[0.98292757],[2.37760055]
[3.59927528],[0.9729577],[2.49036417]
[3.78424044],[0.97805064],[2.50466829]
[3.79073344],[0.96738813],[2.59316814]
[3.96392905],[0.97599268],[2.60122995]
[3.96948812],[0.98143176],[2.70427173]
[4.15307829],[0.98728811],[2.74366953]
[4.15228597],[0.99603765],[2.81831287]
[4.28853938],[1.00475435],[2.86912605]
[4.25764569],[1.01703957],[2.93069215]
[4.37849576],[1.03582161],[2.99172253]
[4.31930587],[1.05353094],[3.03538288]
[4.40102536],[1.06583067],[3.09987645]
[4.34089912],[1.07070419],[3.09776778]
[4.43306384],[1.07756947],[3.15799147]
[4.36999562],[1.0847692],[3.12673553]
[4.45128492],[1.08944026],[3.20163751]
[4.40137254],[1.09302115],[3.15732155]
[4.47612943],[1.09550982],[3.23619798]
[4.53223473],[1.09584816],[3.24340625]
[4.49263967],[1.1018389],[3.26486075]
[4.55838794],[1.10256769],[3.30188699]
[4.50892926],[1.10529552],[3.30156119]
[4.56354281],[1.10423666],[3.30676547]
[4.5245261],[1.09270005],[3.28306545]
[4.51510883],[1.07632363],[3.24410634]
[4.5106604],[1.05602276],[3.20827627]
[4.50486002],[1.03651358],[3.16469335]
[4.5012347],[1.01674931],[3.12067196]
[4.48610869],[0.99669956],[3.07015311]
[4.47131688],[0.98459515],[3.02266696]
[4.46644781],[0.97948525],[2.97455997]
[4.44995035],[0.9761797],[2.92332031]
[4.42788934],[0.97416164],[2.87496911]
[4.40512341],[0.96852891],[2.82383215]
[4.37920111],[0.96360638],[2.76744764]
[4.34176249],[0.95855566],[2.70301401]
[4.30731072],[0.95554516],[2.63537085]
[4.28733267],[0.95036785],[2.58161137]
[4.24792577],[0.94513548],[2.52613806]
[4.202517],[0.93952474],[2.49270999]
[4.10390078],[0.93228745],[2.45845933]
[3.2918986],[0.92636583],[2.05656008]
[0.],[0.],[0.]
[0.],[0.],[0.]
[1.28014325],[0.4003642],[0.35464759]
[2.44056627],[0.775684],[1.22045215]
[2.65213239],[0.90211248],[1.63378357]
[2.68648519],[0.97048394],[1.79497096]
[2.8052536],[0.99273184],[1.9535354]
[3.20339267],[1.01236325],[2.18974854]
[3.18116862],[1.01893455],[2.14506113]
[3.45551828],[1.01223154],[2.42277993]
[3.57691445],[1.01717502],[2.39955919]
[3.59565058],[1.00604803],[2.53180976]
[3.75174165],[1.00998582],[2.51948593]
[3.78905154],[0.9989168],[2.64674873]
[3.9525093],[1.00608849],[2.64908344]
[3.98367769],[0.99427072],[2.76418834]
[4.15629197],[1.00209533],[2.78595002]
[4.18513417],[1.00870229],[2.90028776]
[4.35947686],[1.02222335],[2.97502576]
[4.3927572],[1.03805154],[3.05701278]
[4.52409629],[1.05680622],[3.11895572]
[4.49925295],[1.07129217],[3.18142782]
[4.6070173],[1.08877328],[3.25192106]
[4.53947961],[1.10516847],[3.27718216]
[4.63610103],[1.11555215],[3.36107608]
[4.55789616],[1.12034223],[3.3372819]
[4.67044485],[1.12684762],[3.41987509]
[4.57761313],[1.13391043],[3.36755514]
[4.69376325],[1.13817456],[3.46550072]
[4.59631988],[1.14151469],[3.39644805]
[4.71022553],[1.14421146],[3.49305073]
[4.73528707],[1.1446822],[3.4974894]
[4.72536623],[1.15041168],[3.51773441]
[4.75653854],[1.15196944],[3.55714245]
[4.74495832],[1.15505564],[3.56587117]
[4.77025013],[1.15496589],[3.57581727]
[4.76329252],[1.14321905],[3.54714947]
[4.74402307],[1.12775744],[3.50740778]
[4.74503165],[1.10877817],[3.48023465]
[4.74478585],[1.09042444],[3.44585713]
[4.74213177],[1.07186347],[3.40498353]
[4.73009346],[1.0526345],[3.35542052]
[4.71685424],[1.0308839],[3.31082358]
[4.71196805],[1.01053953],[3.26908661]
[4.69738642],[0.9946377],[3.21795777]
[4.6812936],[0.98960018],[3.17312056]
[4.66628543],[0.98492242],[3.12601974]
[4.64779349],[0.9800343],[3.07018726]
[4.62061491],[0.97594763],[3.00186664]
[4.59610341],[0.97335595],[2.92257252]
[4.58593951],[0.96828357],[2.85870055]
[4.56199068],[0.96365618],[2.78940132]
[4.53923699],[0.95964096],[2.73664831]
[4.42963116],[0.95298306],[2.68642046]
[3.63387951],[0.94716461],[2.23771429]
[0.],[0.],[0.]
[0.],[0.],[0.]
[1.31970259],[0.42802809],[0.40689716]
[2.46238603],[0.78623528],[1.2957466]
[2.68920158],[0.9200174],[1.7098974]
[2.72446086],[0.9868786],[1.86675131]
[2.83756928],[1.01037131],[2.02112136]
[3.27874902],[1.02990857],[2.28308336]
[3.31539185],[1.03815778],[2.23582854]
[3.51844248],[1.03059547],[2.51888081]
[3.67687231],[1.03379053],[2.51975606]
[3.74846622],[1.02110183],[2.6702355]
[3.8965419],[1.02245727],[2.65523724]
[3.93836906],[1.01108357],[2.80120299]
[4.09880062],[1.02878021],[2.81506691]
[4.12849163],[1.04470524],[2.94665691]
[4.31216209],[1.06529043],[3.00964134]
[4.34576597],[1.08004741],[3.12757762]
[4.49904705],[1.09166706],[3.21216386]
[4.52315027],[1.10552219],[3.27866048]
[4.66237979],[1.12207059],[3.35846143]
[4.61766388],[1.13507258],[3.39056147]
[4.73139618],[1.15063557],[3.48999239]
[4.65802468],[1.16521496],[3.4891537]
[4.7597569],[1.17312167],[3.58997945]
[4.68046949],[1.17744545],[3.54914151]
[4.79117793],[1.18348855],[3.64655655]
[4.69758254],[1.18996847],[3.58083403]
[4.8017508],[1.19350203],[3.68371943]
[4.72504305],[1.19634639],[3.61927475]
[4.81085993],[1.19813031],[3.71629931]
[4.8361573],[1.19860737],[3.73130113]
[4.83172653],[1.20361675],[3.74816968]
[4.84991313],[1.20588353],[3.79185764]
[4.84738606],[1.20858493],[3.79243197]
[4.85969216],[1.20813746],[3.80250317]
[4.85954704],[1.19718845],[3.77229266]
[4.8375992],[1.18298703],[3.73555628]
[4.83366695],[1.1653908],[3.69726652]
[4.83328133],[1.1484521],[3.65402972]
[4.83528076],[1.13116404],[3.60826773]
[4.83137527],[1.11341048],[3.56397469]
[4.82467079],[1.09348668],[3.52098131]
[4.82245195],[1.07460251],[3.47653079]
[4.81114903],[1.05531559],[3.42654894]
[4.79749999],[1.03354282],[3.38278063]
[4.78612666],[1.01302726],[3.33870255]
[4.76932347],[0.99541244],[3.28602349]
[4.74609868],[0.98840248],[3.22287589]
[4.72163257],[0.9874604],[3.15029345]
[4.70380931],[0.98460671],[3.06823025]
[4.67699779],[0.98136934],[2.97477679]
[4.66081733],[0.97717212],[2.9014551]
[4.55810865],[0.97030124],[2.8237346]
[3.76976855],[0.96503003],[2.34589769]
[0.],[0.],[0.]
[0.],[0.],[0.]
[1.37028245],[0.49282773],[0.48928906]
[2.48419735],[0.81457734],[1.37387979]
[2.72116233],[0.93731788],[1.7636797]
[2.75633637],[0.99767159],[1.91188915]
[2.89783994],[1.01715813],[2.06156728]
[3.34861272],[1.03480348],[2.34844894]
[3.46250331],[1.03909104],[2.33649167]
[3.60259686],[1.03194688],[2.60051551]
[3.81108743],[1.03379307],[2.64341251]
[3.89476473],[1.03854612],[2.82504375]
[4.0387067],[1.05148105],[2.81830916]
[4.07470832],[1.06940404],[2.9730559]
[4.24249619],[1.087399],[3.00952167]
[4.27987423],[1.10225604],[3.14327383]
[4.43677235],[1.12128172],[3.2220832]
[4.4639174],[1.13455918],[3.31045886]
[4.60701965],[1.14390585],[3.41075706]
[4.60964627],[1.15377012],[3.44237001]
[4.74170774],[1.1691521],[3.54771338]
[4.69491848],[1.18101097],[3.55470542]
[4.80175364],[1.1951175],[3.67860311]
[4.72931042],[1.20828783],[3.65559935]
[4.82375403],[1.21452335],[3.7750637]
[4.74970989],[1.21878349],[3.71706333]
[4.84127424],[1.22459484],[3.8275156]
[4.76851389],[1.23070445],[3.75302744]
[4.84368686],[1.23321339],[3.85811188]
[4.79141388],[1.23558537],[3.78616814]
[4.85211828],[1.23746972],[3.88651481]
[4.88070772],[1.23842248],[3.90469432]
[4.87980867],[1.24274643],[3.91705511]
[4.89231428],[1.24514939],[3.96210237]
[4.89289233],[1.24722892],[3.95584875]
[4.90211653],[1.24523218],[3.95980498]
[4.89878756],[1.23550164],[3.92826107]
[4.88248109],[1.22181793],[3.89366855]
[4.88003581],[1.20566847],[3.85988761]
[4.87927509],[1.18972604],[3.81980391]
[4.88106002],[1.17307328],[3.77490023]
[4.86907854],[1.1564021],[3.72225953]
[4.86213752],[1.13792658],[3.67117623]
[4.86270912],[1.12039522],[3.62889783]
[4.85708137],[1.10205219],[3.58170198]
[4.84639099],[1.0817865],[3.53605138]
[4.83571633],[1.06176311],[3.49095205]
[4.82009748],[1.04173525],[3.43919694]
[4.79753232],[1.01300726],[3.37500926]
[4.77078199],[0.99109019],[3.30083197]
[4.75251676],[0.9882418],[3.22778456]
[4.72666288],[0.98583241],[3.14465078]
[4.69716484],[0.98313975],[3.04192132]
[4.59283682],[0.97699711],[2.9401868]
[3.80471814],[0.97254778],[2.43696521]
[0.],[0.],[0.]
[0.],[0.],[0.]
[1.40797669],[0.50603957],[0.52527711]
[2.52323357],[0.80026383],[1.37568518]
[2.75290387],[0.9173421],[1.74907936]
[2.80534326],[0.97230343],[1.90000913]
[2.98936324],[0.99340865],[2.05590038]
[3.4011016],[1.00715751],[2.35008614]
[3.58570634],[1.01389518],[2.39066383]
[3.72419284],[1.04762449],[2.66767915]
[3.9314699],[1.06895212],[2.74924925]
[3.99520351],[1.07890245],[2.93149341]
[4.13839576],[1.0904869],[2.94916615]
[4.17216887],[1.10416869],[3.09540652]
[4.32771884],[1.11869201],[3.14729616]
[4.37232286],[1.13081641],[3.25371104]
[4.51206979],[1.14552417],[3.3538725]
[4.54188625],[1.1563111],[3.40701556]
[4.67898768],[1.16443858],[3.53633077]
[4.67989119],[1.17226223],[3.54728628]
[4.80448863],[1.18665144],[3.68042307]
[4.75998277],[1.19847836],[3.66491799]
[4.85624751],[1.21207393],[3.80697034]
[4.79774102],[1.22355615],[3.76172174]
[4.8730405],[1.22939113],[3.88909061]
[4.82229597],[1.23416428],[3.8238203]
[4.88216688],[1.23949253],[3.93680323]
[4.83101162],[1.24488668],[3.85405871]
[4.88691628],[1.24699704],[3.96403251]
[4.85525127],[1.24867689],[3.88282558]
[4.90154883],[1.24950315],[3.98906038]
[4.93480759],[1.2505278],[4.00456871]
[4.92361415],[1.25133606],[4.01005052]
[4.94960495],[1.25459414],[4.05303608]
[4.94036181],[1.25437245],[4.04167266]
[4.96201709],[1.24989374],[4.04930137]
[4.95401663],[1.24231009],[4.0159813]
[4.94234552],[1.23181755],[3.98218881]
[4.93978918],[1.21596349],[3.94824257]
[4.93917579],[1.20027434],[3.90824803]
[4.94108579],[1.18334601],[3.86478665]
[4.92898913],[1.16631328],[3.81053285]
[4.91435305],[1.14808372],[3.75975413]
[4.90661003],[1.13030079],[3.7098899]
[4.894507],[1.11191511],[3.65406358]
[4.88481927],[1.09237888],[3.60295304]
[4.87703462],[1.07325176],[3.55625371]
[4.86542],[1.05378311],[3.50715343]
[4.84512858],[1.02786342],[3.44580563]
[4.81879323],[0.99564238],[3.37430631]
[4.80096476],[0.97269814],[3.29983934]
[4.77616413],[0.9696325],[3.21864107]
[4.74706175],[0.96599436],[3.13593701]
[4.62726741],[0.96128465],[3.02392405]
[3.83987646],[0.95726345],[2.49300775]
[0.08636858],[0.04064485],[0.00069781]
[0.],[0.],[0.]
[1.44806508],[0.51595815],[0.54582566]
[2.55246169],[0.81294083],[1.43010044]
[2.78574847],[0.923682],[1.80345875]
[2.79900281],[0.97664458],[1.94432821]
[3.08126234],[0.99939849],[2.13862861]
[3.44380759],[1.01655885],[2.42357203]
[3.69152958],[1.02991221],[2.52720896]
[3.82007031],[1.08257011],[2.81482206]
[4.03719138],[1.10203651],[2.93305929]
[4.09654386],[1.1123754],[3.11868125]
[4.24502644],[1.12506241],[3.13298058]
[4.28057179],[1.13753238],[3.26244779]
[4.41748269],[1.1500808],[3.34354885]
[4.47072249],[1.16128472],[3.41366847]
[4.60008349],[1.17502834],[3.53921626]
[4.62931768],[1.18532808],[3.57161728]
[4.7619298],[1.19273845],[3.72984693]
[4.76413317],[1.1995764],[3.71679431]
[4.88622709],[1.21178003],[3.86052303]
[4.84504343],[1.22313928],[3.82681714]
[4.92417692],[1.23586748],[3.96707038]
[4.87345202],[1.24592136],[3.9147211]
[4.93719676],[1.25159279],[4.0380966]
[4.88620935],[1.25647433],[3.96714226]
[4.9562906],[1.26230023],[4.08750834]
[4.88444068],[1.26729613],[3.98758277]
[4.96936813],[1.2701427],[4.1146711]
[4.91099966],[1.27132575],[4.01257487]
[4.98566048],[1.26990692],[4.13619829]
[5.00844178],[1.26985066],[4.14055317]
[5.00799942],[1.27030549],[4.15214141]
[5.02974582],[1.27109443],[4.19084207]
[5.02957201],[1.27084254],[4.18835044]
[5.04444479],[1.26665399],[4.1931735]
[5.04183869],[1.25939182],[4.16021471]
[5.02776895],[1.2483781],[4.12066415]
[5.02507495],[1.23644438],[4.08680144]
[5.02420193],[1.22269309],[4.04704264]
[5.02496854],[1.2060078],[4.00338067]
[5.01386383],[1.18965039],[3.95045694]
[4.99612001],[1.17234845],[3.90193922]
[4.98479468],[1.15572314],[3.85375751]
[4.96766177],[1.1384681],[3.79905064]
[4.95058671],[1.11972892],[3.74517869]
[4.93861249],[1.10154224],[3.69245285]
[4.92460724],[1.08253972],[3.63459562]
[4.90321632],[1.05971555],[3.56990579]
[4.87912602],[1.02893118],[3.50320482]
[4.86343292],[0.99882553],[3.43395038]
[4.84262349],[0.97704159],[3.35324951]
[4.81567457],[0.97340362],[3.27390512]
[4.68618824],[0.96876565],[3.17711814]
[3.90306736],[0.9648148],[2.62307567]
[0.28263768],[0.13739262],[0.01575574]
[0.],[0.],[0.]
[1.50815807],[0.50985867],[0.56282001]
[2.59526578],[0.81764721],[1.48096774]
[2.81870926],[0.93211585],[1.85883446]
[2.822836],[0.98490947],[1.99097086]
[3.16196072],[1.0074425],[2.2142533]
[3.48462989],[1.02138083],[2.49972424]
[3.77284677],[1.07628873],[2.67626592]
[3.90531837],[1.12609954],[2.98125207]
[4.12358946],[1.14183739],[3.10959713]
[4.18203754],[1.15184875],[3.27687892]
[4.31548838],[1.16381319],[3.31420252]
[4.36527059],[1.17511343],[3.40559223]
[4.48485237],[1.18647095],[3.51307672]
[4.5444372],[1.19660566],[3.56087417]
[4.66389932],[1.20911198],[3.71137443]
[4.69899569],[1.21862679],[3.7352722]
[4.81714662],[1.22500013],[3.89435417]
[4.82788103],[1.23119195],[3.86708268]
[4.93193006],[1.24232417],[4.00799465]
[4.91767353],[1.25295146],[3.97479962]
[4.98772209],[1.26480664],[4.11205262]
[4.94737474],[1.27300159],[4.05918076]
[5.00361158],[1.27856666],[4.17860996]
[4.96544872],[1.28347965],[4.11313632]
[5.02490891],[1.28919534],[4.22744618]
[4.97834211],[1.29351373],[4.13386788]
[5.04170009],[1.29340767],[4.2583924]
[5.0002978],[1.29199936],[4.17026367]
[5.06127111],[1.28909661],[4.28917362]
[5.07786619],[1.28930203],[4.28912368]
[5.08378857],[1.29166197],[4.31699347]
[5.09964081],[1.29046743],[4.34823291]
[5.10881321],[1.29061455],[4.35192326]
[5.11894548],[1.28601746],[4.36116955]
[5.11931733],[1.27921197],[4.32608393]
[5.10176446],[1.26793567],[4.28546615]
[5.09812217],[1.2564544],[4.24482722]
[5.09637663],[1.24484777],[4.19456076]
[5.09670547],[1.23385353],[4.14434092]
[5.08613341],[1.21995448],[4.09223694]
[5.06450677],[1.20361472],[4.04209213]
[5.04911909],[1.18790449],[3.99407171]
[5.02886455],[1.17145704],[3.93951246]
[5.00913885],[1.15387792],[3.88765699]
[4.99569694],[1.13676598],[3.83540849]
[4.98280843],[1.11856894],[3.78065032]
[4.96017384],[1.09895317],[3.71047944]
[4.93531632],[1.07014095],[3.63920709]
[4.91707042],[1.04198948],[3.56643254]
[4.89213779],[1.0122159],[3.48485674]
[4.86333114],[0.98091915],[3.40080503]
[4.72155597],[0.97612272],[3.29848039]
[3.93789763],[0.97205714],[2.73752239]
[0.31856967],[0.18298586],[0.02493065]
[0.],[0.],[0.]
[1.56859088],[0.49469261],[0.57687667]
[2.63748731],[0.80941994],[1.49489276]
[2.85650945],[0.92333291],[1.86501134]
[2.85261595],[0.97561699],[1.98493125]
[3.23442387],[0.999302],[2.23250588]
[3.52632996],[1.03664975],[2.56097392]
[3.84490693],[1.09744116],[2.76575978]
[3.99288158],[1.14214278],[3.08584048]
[4.20361168],[1.15925639],[3.2002267]
[4.26136149],[1.16932952],[3.34520502]
[4.38043577],[1.18209211],[3.41196238]
[4.44214291],[1.19290875],[3.47934581]
[4.5527425],[1.20330897],[3.60819294]
[4.61451478],[1.21302719],[3.65406701]
[4.72572137],[1.22477507],[3.82348954]
[4.76454521],[1.23411361],[3.82799377]
[4.86706566],[1.24110682],[3.9874524]
[4.89815563],[1.24776503],[3.96512763]
[5.01288666],[1.25742419],[4.10478981]
[5.00426404],[1.26772588],[4.07115086]
[5.06761578],[1.27951833],[4.20164921]
[5.03155518],[1.2869952],[4.16359887]
[5.08641017],[1.29264649],[4.29213357]
[5.04914484],[1.29747877],[4.23259871]
[5.11025697],[1.30093047],[4.3453349]
[5.07555686],[1.30281688],[4.26900855]
[5.13028413],[1.30243006],[4.37399848]
[5.10877531],[1.30089643],[4.3169218]
[5.15335759],[1.29916148],[4.40642916]
[5.18775394],[1.29977112],[4.44092549]
[5.19827125],[1.30376094],[4.46783775]
[5.21624609],[1.30197104],[4.51281368]
[5.23102846],[1.30110368],[4.51862111]
[5.2359051],[1.29738439],[4.53060538]
[5.23463309],[1.28929415],[4.4757599]
[5.21195277],[1.2768333],[4.42319097]
[5.20282623],[1.26436272],[4.37178492]
[5.19565154],[1.25298517],[4.31374823]
[5.18872225],[1.24170945],[4.25400219]
[5.17357788],[1.23003228],[4.18498714]
[5.14590972],[1.21659846],[4.12439119]
[5.12546819],[1.20129469],[4.075313]
[5.10193473],[1.18538899],[4.01901918]
[5.07902106],[1.16817122],[3.96546033]
[5.06357242],[1.15155298],[3.91307]
[5.04858753],[1.13331065],[3.85817191]
[5.023496],[1.11508945],[3.78647617]
[4.99702594],[1.08678217],[3.71074326]
[4.97771966],[1.05911103],[3.63757529]
[4.95286617],[1.02986243],[3.55447725]
[4.92318776],[0.99774728],[3.46500441]
[4.77235725],[0.9686429],[3.35327313]
[3.98631733],[0.96314812],[2.7833049]
[0.3126774],[0.20752013],[0.02812273]
[0.],[0.],[0.]
[1.62310346],[0.50211755],[0.60874123]
[2.64876962],[0.81995231],[1.53447867]
[2.88578299],[0.92917014],[1.90770133]
[2.90250667],[0.98188362],[2.03025921]
[3.31062333],[1.01160728],[2.34363675]
[3.58582647],[1.07183016],[2.71775558]
[3.93317088],[1.12952543],[2.93078662]
[4.08961042],[1.17023186],[3.23698297]
[4.30463132],[1.18809718],[3.3710213]
[4.3621581],[1.19765775],[3.49349173]
[4.46440928],[1.21055626],[3.58961209]
[4.52183248],[1.2215839],[3.63935665]
[4.63118003],[1.23194944],[3.79853056]
[4.6884841],[1.24136915],[3.82823677]
[4.79246405],[1.25304519],[3.99337698]
[4.83029265],[1.26185129],[3.99737777]
[4.94550104],[1.26899105],[4.15290146]
[4.98361962],[1.27504],[4.13370656]
[5.12032155],[1.28211656],[4.28841055]
[5.11338767],[1.29165586],[4.2661946]
[5.1741093],[1.30308746],[4.39291728]
[5.14585157],[1.31026893],[4.37677432]
[5.20861414],[1.31423087],[4.49927683]
[5.16544899],[1.31656961],[4.45448179]
[5.24212228],[1.32037891],[4.5705266]
[5.17142135],[1.32237021],[4.48608929]
[5.27036962],[1.32279235],[4.61687792]
[5.19604927],[1.32195844],[4.5263005]
[5.29450876],[1.32196644],[4.67115615]
[5.28632457],[1.32390042],[4.69367236]
[5.30718745],[1.33276],[4.73675712]
[5.30628198],[1.33355738],[4.7785994]
[5.32899639],[1.33543916],[4.79515842]
[5.32376707],[1.33510352],[4.80900403]
[5.33908088],[1.32160472],[4.76068987]
[5.32293898],[1.30144189],[4.69909139]
[5.32123366],[1.28415533],[4.63937289]
[5.31868699],[1.27218504],[4.55810772]
[5.31638724],[1.26068986],[4.48622642]
[5.31036233],[1.24915929],[4.40714275]
[5.27632315],[1.23665768],[4.32408083]
[5.24043733],[1.22521211],[4.24649292]
[5.2091858],[1.21101762],[4.17159456]
[5.18076102],[1.1945133],[4.11204611]
[5.16183699],[1.17864294],[4.05972621]
[5.14453822],[1.16154802],[4.00862538]
[5.11969631],[1.14463003],[3.94249642]
[5.09210068],[1.12015844],[3.87026098]
[5.06978983],[1.09468121],[3.79599386]
[5.04531247],[1.06775523],[3.71893998]
[5.01700303],[1.03859994],[3.63682005]
[4.86183349],[1.01002192],[3.52467397]
[4.07963854],[0.97909929],[2.92658916]
[0.36221956],[0.27156092],[0.04420707]
[0.],[0.],[0.]
[1.66756797],[0.50457733],[0.63053267]
[2.67518863],[0.8252017],[1.57268801]
[2.9088402],[0.93738228],[1.94596623]
[2.96752682],[0.99097327],[2.09118448]
[3.37868837],[1.05576198],[2.45732312]
[3.64486227],[1.11496342],[2.87075094]
[4.00588055],[1.16873328],[3.10172828]
[4.17452935],[1.20406347],[3.38463557]
[4.371016],[1.22243443],[3.54511296]
[4.44261282],[1.2310298],[3.63831771]
[4.53038523],[1.2430598],[3.75698687]
[4.58797079],[1.25431561],[3.80494841]
[4.69082152],[1.26447458],[3.96472326]
[4.75379216],[1.27323762],[4.00045584]
[4.85151391],[1.28460742],[4.15757017]
[4.89780318],[1.29312454],[4.17591879]
[5.03481005],[1.30095335],[4.35710691]
[5.11876927],[1.30724121],[4.40320174]
[5.24575846],[1.31426755],[4.54583305]
[5.2211259],[1.32301349],[4.54027954]
[5.29660461],[1.33260322],[4.67673138]
[5.24447576],[1.33871725],[4.66386483]
[5.32204871],[1.34653333],[4.80688351]
[5.26234989],[1.35372654],[4.77217268]
[5.34955993],[1.36208558],[4.9197941]
[5.27727569],[1.36855959],[4.85850242]
[5.40124753],[1.37475646],[5.01866417]
[5.37500852],[1.37730588],[4.97469893]
[5.4928387],[1.38096056],[5.12130715]
[5.53331051],[1.38407434],[5.18031868]
[5.60474124],[1.39351499],[5.24324688]
[5.64265448],[1.39546015],[5.30520993]
[5.72330729],[1.39690098],[5.34890315]
[5.72816669],[1.39632174],[5.35451273]
[5.71353592],[1.38229587],[5.29543133]
[5.69430661],[1.361015],[5.1975792]
[5.65336047],[1.33682467],[5.09758611]
[5.63848958],[1.31542583],[4.99850929]
[5.62204095],[1.29555722],[4.87650718]
[5.60783378],[1.2784614],[4.75406857]
[5.50103351],[1.2630551],[4.62087495]
[5.36457399],[1.25170519],[4.5085467]
[5.32329403],[1.24120625],[4.4191788]
[5.29411748],[1.22954215],[4.34380462]
[5.27194674],[1.21599863],[4.2711677]
[5.24916396],[1.20005852],[4.20192341]
[5.22636653],[1.18407854],[4.12929253]
[5.20006367],[1.16275218],[4.05968051]
[5.17834916],[1.13906266],[3.98578659]
[5.15449486],[1.1139462],[3.90227787]
[5.12444155],[1.08721704],[3.81668704]
[4.95984596],[1.06086226],[3.70444232]
[4.17542525],[1.03242478],[3.09878264]
[0.35589021],[0.31316959],[0.05044129]
[0.],[0.],[0.]
[1.70823971],[0.5166035],[0.6593164]
[2.70366899],[0.83057418],[1.61328429]
[2.93126211],[0.94338891],[1.97519725]
[3.03503963],[1.00022557],[2.1538912]
[3.47584048],[1.0865741],[2.57047171]
[3.7151607],[1.14556084],[2.9919036]
[4.08004873],[1.19722392],[3.24323924]
[4.25958624],[1.22916156],[3.49819666]
[4.43718498],[1.24982366],[3.68121259]
[4.51147414],[1.25867911],[3.76716634]
[4.59775717],[1.27107352],[3.90852511]
[4.66357201],[1.28199334],[3.9528386]
[4.75520272],[1.29266429],[4.11391725]
[4.81851312],[1.30182085],[4.16451468]
[4.92665377],[1.31798679],[4.35803341]
[5.03221713],[1.33547388],[4.45873686]
[5.18373862],[1.34842101],[4.69787654]
[5.23003898],[1.35705166],[4.77073365]
[5.37724867],[1.36708571],[4.94684065]
[5.41369466],[1.37898726],[4.96146469]
[5.52528594],[1.39298152],[5.12784404]
[5.53768878],[1.40168044],[5.15065035]
[5.62771644],[1.41110297],[5.31021664]
[5.64632554],[1.41852944],[5.32981164]
[5.72496013],[1.42611047],[5.47779202]
[5.76422005],[1.43185408],[5.47422254]
[5.87000103],[1.43780614],[5.64844206]
[5.91887841],[1.44049702],[5.66486129]
[5.98310585],[1.44547925],[5.82351947]
[6.05087001],[1.44851855],[5.92010971]
[6.0646867],[1.4570518],[6.00159761]
[6.12451382],[1.45864273],[6.10797983]
[6.12258458],[1.4607258],[6.18748878]
[6.20412141],[1.46191873],[6.24669018]
[6.14951491],[1.4532753],[6.22097712]
[6.17395991],[1.43728099],[6.12064765]
[6.11690681],[1.41493917],[5.98112747]
[6.11374151],[1.39052295],[5.84855223]
[6.11395532],[1.36824687],[5.68613556]
[6.11130323],[1.34832704],[5.49557906]
[6.1108364],[1.32860516],[5.29865587]
[5.98568123],[1.31109703],[5.09277205]
[5.84367294],[1.29292297],[4.92775393]
[5.69658778],[1.27382788],[4.78337669]
[5.58101555],[1.25644724],[4.6530784]
[5.47627593],[1.23591431],[4.52582618]
[5.38425447],[1.21753902],[4.39901957]
[5.34030992],[1.19690825],[4.27767356]
[5.31166032],[1.17376056],[4.17321457]
[5.27915316],[1.14862519],[4.05945083]
[5.24796271],[1.1219279],[3.96701228]
[5.0730336],[1.09671897],[3.85009686]
[4.286185],[1.06911176],[3.23753475]
[0.37964086],[0.38477665],[0.06651737]
[0.],[0.],[0.]
[1.7479665],[0.52094932],[0.684542]
[2.73386468],[0.82415227],[1.62714589]
[2.95520414],[0.93719092],[1.97224133]
[3.15594564],[0.99585251],[2.22689357]
[3.56635687],[1.1045305],[2.66750493]
[3.78782113],[1.16325945],[3.08458959]
[4.15255031],[1.21236257],[3.35066818]
[4.35206028],[1.24102],[3.58154393]
[4.51525474],[1.26278164],[3.80196298]
[4.59463976],[1.27272438],[3.88659078]
[4.67271338],[1.28561833],[4.04565327]
[4.74863972],[1.29779756],[4.12298768]
[4.83639468],[1.32156105],[4.33285001]
[4.9116849],[1.34332285],[4.46576969]
[5.06454565],[1.37000244],[4.75050976]
[5.19537851],[1.38958692],[4.92694024]
[5.35008628],[1.40348437],[5.16400664]
[5.48444621],[1.41401541],[5.27366794]
[5.7556025],[1.42407945],[5.50014715]
[5.92888247],[1.43342961],[5.59520587]
[6.00037937],[1.44528444],[5.77988413]
[6.0434521],[1.45382178],[5.86406396]
[6.08740694],[1.46231965],[6.03290374]
[6.13091722],[1.46925644],[6.14465838]
[6.1503809],[1.47740636],[6.31659206]
[6.22197218],[1.48501361],[6.38324652]
[6.26180673],[1.49266517],[6.54738068]
[6.32669168],[1.49817697],[6.61727498]
[6.36447202],[1.50544785],[6.77268699]
[6.47787363],[1.50925729],[6.93655473]
[6.53979209],[1.51835157],[7.06486307]
[6.64411714],[1.52129254],[7.23435153]
[6.71073487],[1.52642939],[7.3363081]
[6.74581258],[1.53605731],[7.46178288]
[6.76655722],[1.53436946],[7.44639296]
[6.74766912],[1.51572353],[7.40007927]
[6.75504183],[1.48333323],[7.22008165]
[6.71921872],[1.46088632],[7.04808873]
[6.71079291],[1.43824512],[6.86702453]
[6.69806355],[1.41376802],[6.62824747]
[6.68367184],[1.39041595],[6.35723841]
[6.62560276],[1.37022545],[6.07447459]
[6.50040021],[1.35196569],[5.79356259]
[6.35742577],[1.3331097],[5.54144147]
[6.22553646],[1.31511818],[5.33545412]
[6.10686627],[1.29574865],[5.14022538]
[5.99454189],[1.27491527],[4.96459806]
[5.87641705],[1.24861581],[4.78273959]
[5.76800622],[1.21893452],[4.61581213]
[5.66182625],[1.18657978],[4.43046857]
[5.54861403],[1.15371901],[4.23533925]
[5.26776983],[1.12275891],[4.03542956]
[4.43927509],[1.09480598],[3.36956723]
[0.48469955],[0.57109479],[0.12740667]
[0.],[0.],[0.]
[1.77226871],[0.52610894],[0.71486154]
[2.74073175],[0.83712108],[1.66174482]
[2.97168817],[0.94545155],[2.01274876]
[3.27465961],[1.00953678],[2.39578654]
[3.6483273],[1.13500486],[2.822496]
[3.86675955],[1.19184057],[3.22802357]
[4.24840265],[1.2391937],[3.54337984]
[4.47821687],[1.26672305],[3.78074822]
[4.6057241],[1.28983153],[4.04035814]
[4.68982902],[1.31014528],[4.15019827]
[4.76146513],[1.33484488],[4.34983726]
[4.83526776],[1.35960426],[4.51659331]
[4.96419122],[1.38695955],[4.82923827]
[5.12621706],[1.40904198],[5.0483651]
[5.28353107],[1.4384594],[5.31156202]
[5.34168122],[1.45680626],[5.46510534]
[5.64817426],[1.46889217],[5.74530952]
[5.95003798],[1.47824593],[6.04512325]
[6.13249376],[1.48855175],[6.34005549]
[6.3201077],[1.49748146],[6.51499248]
[6.42177456],[1.50957204],[6.73457517]
[6.46838297],[1.5192778],[6.86906729]
[6.52990231],[1.52967377],[7.11948227]
[6.61182267],[1.54005346],[7.2912153]
[6.69613741],[1.55073322],[7.51483429]
[6.69630699],[1.56762023],[7.61496363]
[6.82697292],[1.57549064],[7.84143931]
[6.79350616],[1.58834018],[7.9481437]
[6.91375724],[1.59706476],[8.14432583]
[6.94061646],[1.60913638],[8.32469179]
[7.03168948],[1.61695505],[8.43841525]
[7.07074039],[1.6323563],[8.59451635]
[7.21477501],[1.64746323],[8.73509249]
[7.28080152],[1.66041283],[8.86587902]
[7.31856942],[1.67921026],[8.91030259]
[7.27956129],[1.6789441],[8.82899112]
[7.29075955],[1.65500111],[8.70239603]
[7.24558808],[1.59820719],[8.49617367]
[7.21163429],[1.53222164],[8.28257582]
[7.20965156],[1.49533962],[8.05201028]
[7.20562903],[1.47094659],[7.7616217]
[7.20831368],[1.44739182],[7.43482538]
[7.1661654],[1.42515393],[7.12056046]
[7.03920635],[1.40505134],[6.77426272]
[6.90791551],[1.3882934],[6.47106684]
[6.77460323],[1.37031099],[6.19952369]
[6.64775355],[1.35072391],[5.94771897]
[6.52982958],[1.32915695],[5.68199351]
[6.42169511],[1.29996966],[5.45934132]
[6.3106717],[1.26851542],[5.22141452]
[6.19403744],[1.23667251],[4.9521528]
[5.9359887],[1.20528994],[4.66764478]
[5.0644551],[1.17150675],[3.89382036]
[0.68134246],[0.83580784],[0.31511749]
[0.],[0.],[0.]
[1.81080422],[0.54030198],[0.7618694]
[2.77320074],[0.84644935],[1.71007205]
[3.02362769],[0.95548862],[2.07280705]
[3.38386935],[1.03630342],[2.57821412]
[3.72105799],[1.17224874],[3.01085437]
[3.97399609],[1.22835274],[3.42692885]
[4.38404816],[1.28305396],[3.84548227]
[4.58153842],[1.320515],[4.08154901]
[4.68928254],[1.35656249],[4.37868194]
[4.7996091],[1.37803432],[4.63955689]
[4.90413146],[1.40456958],[4.92403833]
[5.06546482],[1.42681184],[5.13878785]
[5.22160408],[1.45640435],[5.43308935]
[5.28669242],[1.4799914],[5.65096403]
[5.48430473],[1.50780011],[5.92009288]
[5.77277951],[1.5265066],[6.26870454]
[6.05883525],[1.53956218],[6.69004548]
[6.24887369],[1.55023839],[7.0077936]
[6.55890083],[1.56131526],[7.49673214]
[6.76856766],[1.58685506],[7.78607469]
[6.9183095],[1.60307952],[8.05712094]
[6.91965863],[1.62997207],[8.27605727]
[7.03148107],[1.65130553],[8.5504039]
[7.05145074],[1.67812092],[8.77022323]
[7.15686774],[1.69497424],[9.01481136]
[7.21687415],[1.71003511],[9.13094274]
[7.35833743],[1.72330927],[9.38718415]
[7.40359071],[1.7379179],[9.47490545]
[7.49663896],[1.7499241],[9.68177333]
[7.56810722],[1.76432907],[9.83781781]
[7.59044947],[1.77492369],[9.9959105]
[7.64584541],[1.78758651],[10.12986827]
[7.65499936],[1.80578776],[10.30559871]
[7.75113104],[1.81831353],[10.4055108]
[7.7428042],[1.82776468],[10.49295478]
[7.78647801],[1.82709903],[10.45990889]
[7.74952845],[1.81137941],[10.3343798]
[7.78848598],[1.77436249],[10.16530165]
[7.7575335],[1.72904775],[9.93986231]
[7.75132077],[1.67397265],[9.68823735]
[7.7451679],[1.60516399],[9.386448]
[7.74320484],[1.53979572],[9.03642964]
[7.74655396],[1.50479648],[8.64377314]
[7.67585126],[1.48113554],[8.24575987]
[7.56689287],[1.46021399],[7.89293698]
[7.42111386],[1.442092],[7.55334456]
[7.28822816],[1.42356693],[7.24090265]
[7.15470885],[1.40392136],[6.92288909]
[7.04406911],[1.37974477],[6.63743927]
[6.93343484],[1.35480455],[6.33638465]
[6.8149659],[1.32420558],[6.0246367]
[6.54686146],[1.29320074],[5.65091087]
[5.68669855],[1.26370645],[4.74332121]
[0.86877617],[0.96575572],[0.5663373]
[0.],[0.],[0.]
[1.82740436],[0.54824645],[0.77887274]
[2.78963596],[0.85445172],[1.74164421]
[3.11389079],[0.96579766],[2.1534036]
[3.4448797],[1.0760252],[2.72368767]
[3.75612157],[1.22046666],[3.21097889]
[4.0686869],[1.28795992],[3.67457076]
[4.45103256],[1.34828038],[4.16639284]
[4.66311167],[1.38950747],[4.44327122]
[4.80408627],[1.42735122],[4.91204257]
[4.94167394],[1.44876847],[5.19548247]
[5.09095686],[1.47769739],[5.50121249]
[5.20619347],[1.50472989],[5.77490394]
[5.35660003],[1.53391619],[6.1114903]
[5.46762239],[1.55747007],[6.4461811]
[5.87207909],[1.58387177],[6.87124158]
[6.08798219],[1.62443862],[7.24218517]
[6.33211676],[1.67091579],[7.78413188]
[6.67776753],[1.69516411],[8.29250707]
[6.91197031],[1.72445182],[8.76640961]
[7.10874578],[1.74649399],[9.21332317]
[7.38830547],[1.77330581],[9.58314659]
[7.49380733],[1.79430718],[9.8072856]
[7.54986869],[1.82196052],[10.1218386]
[7.59356795],[1.84198241],[10.35808816]
[7.64189631],[1.8630045],[10.66346506]
[7.67471128],[1.8750981],[10.81026738]
[7.71372064],[1.88893673],[11.04802154]
[7.80352233],[1.90244014],[11.17646384]
[7.8550487],[1.91426036],[11.344825]
[8.07540985],[1.92369721],[11.56456531]
[8.13959685],[1.93518057],[11.69212076]
[8.21351017],[1.94238765],[11.88349189]
[8.27338644],[1.95409714],[12.01001671]
[8.3174385],[1.96393415],[12.17913941]
[8.3548195],[1.96644111],[12.24502894]
[8.33747473],[1.96525485],[12.30766604]
[8.35450321],[1.95248438],[12.16448457]
[8.33868655],[1.92583029],[12.0243738]
[8.35481896],[1.8942422],[11.79087074]
[8.33003792],[1.85186135],[11.51645393]
[8.32787491],[1.8050062],[11.18097888]
[8.32505471],[1.7564998],[10.84667065]
[8.3218005],[1.70295229],[10.44294659]
[8.30182428],[1.64241584],[10.01032522]
[8.18220953],[1.57332152],[9.53917091]
[8.02745203],[1.52631738],[9.08529905]
[7.90015711],[1.4957075],[8.6741841]
[7.76215788],[1.47477591],[8.28618517]
[7.64675475],[1.4527266],[7.9542625]
[7.53265644],[1.42862256],[7.60331515]
[7.41632153],[1.40318325],[7.26110896]
[7.13454205],[1.3763009],[6.87475784]
[6.28058712],[1.34799323],[5.86790961]
[1.05893123],[1.04129583],[0.77858479]
[0.],[0.],[0.]
[1.83828855],[0.54549572],[0.76837752]
[2.81004386],[0.84898542],[1.73956165]
[3.16419896],[0.96476842],[2.18933436]
[3.48431618],[1.10257493],[2.82266927]
[3.78294882],[1.25205022],[3.37113724]
[4.17244551],[1.32575942],[3.8870516]
[4.5226533],[1.39194754],[4.41321163]
[4.74673688],[1.43835508],[4.85604059]
[4.90656331],[1.47587736],[5.3074313]
[5.07877725],[1.50205992],[5.64152015]
[5.22949221],[1.53228699],[5.99201724]
[5.29712758],[1.55836762],[6.34787593]
[5.48637229],[1.5871123],[6.73081684]
[5.79055206],[1.63762054],[7.09732023]
[6.07312844],[1.69322744],[7.62589282]
[6.29033951],[1.75192749],[8.17282777]
[6.67247593],[1.80330835],[8.76644233]
[6.85336592],[1.82688392],[9.37282427]
[7.1477374],[1.85561442],[9.92424752]
[7.48134739],[1.87870205],[10.40185042]
[7.64337967],[1.90681511],[10.92716062]
[7.7453919],[1.92695977],[11.22334014]
[7.78642937],[1.9499512],[11.54777177]
[7.9215744],[1.97062568],[11.81204984]
[7.96762586],[1.98731279],[12.08534318]
[8.11946322],[1.99875152],[12.35921096]
[8.1904017],[2.01322283],[12.5572383]
[8.24423874],[2.02579523],[12.83129706]
[8.32722393],[2.03678735],[12.98055599]
[8.36306833],[2.04535236],[13.24603476]
[8.41482327],[2.05394335],[13.3822708]
[8.42639241],[2.05551051],[13.57195241]
[8.54585409],[2.06533065],[13.69927934]
[8.62458292],[2.06927618],[13.83515749]
[8.7555204],[2.07122129],[13.92327488]
[8.69468106],[2.07099707],[13.88599676]
[8.72895794],[2.05918657],[13.82611086]
[8.65057199],[2.03609768],[13.6248122]
[8.69612528],[2.01114396],[13.43679801]
[8.61522699],[1.98118042],[13.15965659]
[8.59566878],[1.93898813],[12.85434981]
[8.59534108],[1.8981376],[12.5134425]
[8.59379944],[1.8541618],[12.11988964]
[8.59665855],[1.80683049],[11.6451405]
[8.55548945],[1.75578528],[11.15189388]
[8.44114243],[1.70178293],[10.61839541]
[8.33319015],[1.64268335],[10.12913378]
[8.16925204],[1.57028265],[9.63120711]
[8.03776154],[1.50454443],[9.18900107]
[7.92135242],[1.48051011],[8.76670233]
[7.80472974],[1.45713338],[8.35044774]
[7.51134503],[1.43378695],[7.89556143]
[6.65860367],[1.40897785],[6.90219894]
[1.21914216],[1.10100662],[0.99026186]
[0.],[0.],[0.]
[1.85567542],[0.54596576],[0.79026551]
[2.82925307],[0.87003593],[1.7900712]
[3.25659648],[0.98049075],[2.30420671]
[3.54321869],[1.13944784],[2.99890742]
[3.91976311],[1.2895462],[3.62599993]
[4.29288501],[1.3651558],[4.13756587]
[4.59258005],[1.43333222],[4.74442658]
[4.85621582],[1.48395516],[5.22977325]
[5.07139639],[1.52555642],[5.69922781]
[5.18966201],[1.55209951],[6.14950203]
[5.3212109],[1.58168779],[6.53197303]
[5.35599852],[1.61627242],[6.85673085]
[5.7634288],[1.67183499],[7.31386455]
[6.01762214],[1.73133391],[7.78216358]
[6.18255871],[1.78937084],[8.42803048]
[6.58912539],[1.84528657],[9.02373709]
[6.85821875],[1.89282075],[9.70265899]
[7.01471043],[1.91581378],[10.23893667]
[7.43201202],[1.94742802],[10.86643965]
[7.61319761],[1.97094069],[11.4540204]
[7.82237037],[1.9932947],[11.97417647]
[8.05295398],[2.0118758],[12.33473746]
[8.16556303],[2.03495418],[12.66348955]
[8.21818136],[2.05554717],[13.07072197]
[8.33016708],[2.07141064],[13.41717024]
[8.30388071],[2.08346031],[13.68798702]
[8.43074234],[2.09784844],[13.97114581]
[8.39100382],[2.10799652],[14.17302214]
[8.5529147],[2.11786653],[14.38332843]
[8.69634427],[2.12427278],[14.60332735]
[8.8499385],[2.13203773],[14.81853762]
[8.91704197],[2.13433544],[14.98470383]
[8.98474437],[2.14195673],[15.22239773]
[9.04881356],[2.14557093],[15.37445159]
[9.07765219],[2.14864764],[15.53933749]
[9.08612653],[2.14968857],[15.57161128]
[9.07277235],[2.13858028],[15.53885527]
[9.08137399],[2.11930618],[15.35516655]
[9.06578841],[2.09754571],[15.13475819]
[9.06984757],[2.07322253],[14.82440606]
[9.0435917],[2.03997202],[14.47344882]
[9.04004078],[2.00323441],[14.11598198]
[9.03448745],[1.96368996],[13.70808836]
[9.0263417],[1.92093556],[13.19614036]
[9.01421176],[1.87691915],[12.62531436]
[8.90368587],[1.83099428],[12.09617041]
[8.73086421],[1.78184083],[11.56247931]
[8.59332673],[1.72150274],[10.97728435]
[8.46184995],[1.64769655],[10.43727883]
[8.34128702],[1.57455373],[9.96688168]
[8.2083617],[1.51073989],[9.49896819]
[7.90983879],[1.48753315],[8.99201502]
[7.05656694],[1.46537492],[7.87303565]
[1.36035697],[1.15569485],[1.16686776]
[0.],[0.],[0.]
[1.90737443],[0.5655827],[0.84771544]
[2.88367085],[0.89019808],[1.86470219]
[3.38652424],[0.99829972],[2.49202083]
[3.62510325],[1.18523167],[3.21615827]
[4.08790589],[1.33401327],[3.93024009]
[4.39619807],[1.41231896],[4.42376432]
[4.7023714],[1.48693182],[5.12886208]
[5.00702567],[1.53406709],[5.63210311]
[5.20934641],[1.57515582],[6.11229002]
[5.27672721],[1.60068277],[6.64567564]
[5.40291899],[1.64321189],[7.05127962]
[5.65574511],[1.71000268],[7.39326464]
[6.01145696],[1.76804894],[7.99840078]
[6.18068951],[1.82269851],[8.5828619]
[6.48867846],[1.87945896],[9.17550767]
[6.78017479],[1.92987892],[9.93298291]
[7.01003178],[1.97158657],[10.55934623]
[7.35706114],[1.99741576],[11.12710517]
[7.60840563],[2.02597075],[11.89785556]
[7.8545992],[2.04595758],[12.45244411]
[8.17397129],[2.06635593],[13.03644537]
[8.30333911],[2.08265933],[13.61431441]
[8.41657538],[2.10161436],[13.99511744]
[8.3955207],[2.1191562],[14.32513381]
[8.53080799],[2.13320964],[14.67995603]
[8.55460626],[2.14480596],[14.92508319]
[8.76661485],[2.15866805],[15.32592398]
[8.83422841],[2.16745437],[15.59372488]
[8.96085701],[2.17930152],[15.91257197]
[9.04483189],[2.18693202],[16.16819495]
[9.09314242],[2.19365736],[16.4074381]
[9.1541416],[2.20174651],[16.56706038]
[9.17417362],[2.21199053],[16.73480453]
[9.29116023],[2.22272667],[16.89826665]
[9.36852622],[2.23174556],[17.01237472]
[9.43840843],[2.23208351],[17.06511626]
[9.36530319],[2.2152078],[16.98627667]
[9.43882581],[2.18373794],[16.89725705]
[9.36322711],[2.16092187],[16.60178526]
[9.40992387],[2.13950341],[16.33513504]
[9.3256761],[2.11102762],[15.9475085]
[9.31604337],[2.07972262],[15.58773888]
[9.31027968],[2.04602947],[15.16962766]
[9.30355865],[2.00844349],[14.68288992]
[9.30543384],[1.96853938],[14.18733527]
[9.27862384],[1.92677509],[13.62166993]
[9.167993],[1.88199667],[12.9831533]
[9.04365918],[1.82793823],[12.35579192]
[8.87129944],[1.77119472],[11.816678]
[8.73981002],[1.70728534],[11.31804252]
[8.60195518],[1.63552955],[10.73845728]
[8.28634039],[1.55995791],[10.12406676]
[7.43610151],[1.51583609],[8.93394811]
[1.56032656],[1.22593148],[1.38470227]
[0.],[0.],[0.]
[1.95640522],[0.58660778],[0.90812838]
[2.91036366],[0.90979376],[1.97007012]
[3.49434716],[1.02661573],[2.71779946]
[3.71667293],[1.2239417],[3.44036669]
[4.21595863],[1.37838396],[4.19065507]
[4.47935366],[1.46027827],[4.74042101]
[4.81336094],[1.53213133],[5.46315043]
[5.12399097],[1.57915344],[6.00340028]
[5.3126695],[1.62077142],[6.57987424]
[5.34645591],[1.69084838],[7.10610497]
[5.64312589],[1.74532895],[7.57486961]
[5.95664272],[1.80417906],[8.08679756]
[6.15409645],[1.8615755],[8.78821899]
[6.49167004],[1.91628479],[9.38984997]
[6.77867473],[1.97025374],[10.14244673]
[6.90575126],[2.01642585],[10.79581319]
[7.32405119],[2.05343058],[11.47671785]
[7.56922779],[2.07962686],[12.19951377]
[7.73983206],[2.10244692],[12.87654477]
[8.16646572],[2.1189287],[13.58611982]
[8.39564077],[2.13630817],[14.33334455]
[8.48775054],[2.15079892],[14.8707801]
[8.6798278],[2.16776451],[15.2761107]
[8.80119304],[2.18452679],[15.64617126]
[8.92031279],[2.20423641],[16.17580371]
[8.98075644],[2.2213395],[16.55998223]
[9.06829194],[2.24222606],[16.9809013]
[9.10651712],[2.25255645],[17.23361646]
[9.17104231],[2.2630815],[17.52138085]
[9.23550038],[2.27052784],[17.71910075]
[9.27759476],[2.2774773],[17.86575604]
[9.50733522],[2.28883252],[18.15263115]
[9.58846267],[2.30257819],[18.33333764]
[9.70845218],[2.32446315],[18.64500892]
[9.76597932],[2.33808053],[18.77430457]
[9.77933227],[2.34970861],[18.90389439]
[9.78303315],[2.34600026],[18.86937065]
[9.78313723],[2.32584112],[18.80083376]
[9.78510602],[2.27252267],[18.5238876]
[9.78474218],[2.22430026],[18.25218188]
[9.78878021],[2.18030317],[17.84318703]
[9.77120423],[2.15538466],[17.44578061]
[9.77155765],[2.12674711],[17.01395231]
[9.77326915],[2.09507405],[16.47999677]
[9.77648396],[2.06266109],[15.94868881]
[9.77551211],[2.02979816],[15.27506621]
[9.64932443],[1.99362152],[14.66833113]
[9.4205826],[1.94659928],[13.98301759]
[9.28051227],[1.89702895],[13.34317216]
[9.16542637],[1.8414613],[12.70982886]
[9.00793494],[1.78311753],[12.14286394]
[8.67215034],[1.71856738],[11.53843676]
[7.80902033],[1.65077433],[10.2365793]
[1.83329446],[1.28960413],[1.59506384]
[0.],[0.],[0.]
[2.00028391],[0.5985282],[0.95339528]
[2.93989311],[0.9124295],[2.03146931]
[3.58594418],[1.03993181],[2.90202588]
[3.86416792],[1.25492005],[3.62730325]
[4.31433959],[1.41527209],[4.41050239]
[4.54890412],[1.49381782],[5.02515882]
[5.00144135],[1.56052366],[5.76099124]
[5.2191138],[1.60680194],[6.35278514]
[5.39233763],[1.65880774],[6.95944771]
[5.5271359],[1.75223656],[7.44912361]
[5.93635347],[1.8093161],[8.10932107]
[6.11596636],[1.86310827],[8.71281166]
[6.3785189],[1.92338914],[9.36350399]
[6.73429422],[1.97377627],[10.16904599]
[6.93984497],[2.02602992],[10.86745946]
[7.23284159],[2.07067311],[11.48677689]
[7.55686089],[2.10745469],[12.39096632]
[7.71829993],[2.13578349],[13.05646758]
[8.09454405],[2.15750246],[13.82297152]
[8.34193045],[2.17977813],[14.73874735]
[8.58245223],[2.20487157],[15.48853106]
[8.87229493],[2.22598723],[16.10670314]
[9.02920953],[2.25032685],[16.76802882]
[9.10579215],[2.27138552],[17.17964474]
[9.1569785],[2.2926135],[17.68650892]
[9.1939378],[2.31509193],[18.0039193]
[9.23774924],[2.34396507],[18.42849751]
[9.40587242],[2.36873499],[18.74548168]
[9.4622993],[2.37952183],[19.0020152]
[9.66407931],[2.39016598],[19.45076151]
[9.74373893],[2.39811453],[19.65768081]
[9.8178605],[2.41159132],[19.92593172]
[9.88286517],[2.43053256],[20.11331396]
[9.92727246],[2.45694646],[20.37377002]
[9.98264738],[2.4857385],[20.49555578]
[9.9690896],[2.49515221],[20.54916489]
[9.99641483],[2.49168358],[20.54351875]
[9.97952512],[2.48399709],[20.44302188]
[10.0162535],[2.4435277],[20.2453917]
[9.9825397],[2.39155427],[19.93311282]
[10.03119751],[2.32441298],[19.54779242]
[9.99126436],[2.26293647],[19.12498792]
[9.99821824],[2.21198789],[18.67991347]
[10.00821296],[2.15854767],[18.17046941]
[10.01811418],[2.12966936],[17.61470744]
[10.02978345],[2.10119715],[17.0293192]
[10.03334216],[2.070529],[16.36272476]
[9.89299829],[2.03125804],[15.56900108]
[9.70131104],[1.99265821],[14.84912881]
[9.53010587],[1.94134193],[14.22712378]
[9.39733398],[1.88386657],[13.58003473]
[9.05677452],[1.82639525],[12.84103978]
[8.19868286],[1.76828658],[11.48753525]
[2.02975918],[1.35058405],[1.84368259]
[0.],[0.],[0.]
[2.04594028],[0.60796524],[1.00873039]
[2.95504785],[0.93647289],[2.12701871]
[3.66599949],[1.08182406],[3.09271917]
[4.01477432],[1.30348441],[3.83688737]
[4.38461205],[1.4656028],[4.67786367]
[4.73530488],[1.53614427],[5.35050131]
[5.12584141],[1.59893168],[6.07641936]
[5.27816883],[1.64233851],[6.73214064]
[5.54619315],[1.73208973],[7.37614066]
[5.87648664],[1.81921165],[7.9736869]
[6.09027259],[1.87770018],[8.76684111]
[6.35465595],[1.93172242],[9.36635922]
[6.70343406],[1.98977526],[10.15166069]
[6.862302],[2.03764131],[10.88930337]
[7.19530958],[2.08830109],[11.60156604]
[7.49375452],[2.12832417],[12.42265122]
[7.67812169],[2.16561411],[13.28036187]
[8.02781259],[2.20425432],[14.00058521]
[8.31622089],[2.23648098],[14.97727384]
[8.43655609],[2.26028302],[15.78567516]
[8.9052589],[2.28565489],[16.69334817]
[9.08362199],[2.30847326],[17.41894772]
[9.1926915],[2.34267492],[18.16194111]
[9.28576996],[2.38077095],[18.51147402]
[9.3410377],[2.41456115],[19.00692822]
[9.53852032],[2.44976982],[19.53633116]
[9.63897844],[2.49488673],[20.0397611]
[9.72057173],[2.51376061],[20.46453906]
[9.82663021],[2.53133086],[20.83335464]
[9.87703166],[2.53960713],[21.1525411]
[9.93833238],[2.55224384],[21.36068857]
[9.96195196],[2.56484775],[21.55332522]
[10.16812334],[2.58603025],[21.82038127]
[10.29490413],[2.60411631],[22.10120036]
[10.45063194],[2.62805535],[22.51169368]
[10.46764232],[2.63477529],[22.62322639]
[10.48541276],[2.63369655],[22.71560862]
[10.47453365],[2.62193858],[22.59523602]
[10.49152799],[2.58817235],[22.47178084]
[10.47973858],[2.54235512],[22.09777055]
[10.49456366],[2.4863161],[21.73856226]
[10.486129],[2.43157721],[21.2528766]
[10.45787623],[2.37251008],[20.74370051]
[10.45820692],[2.30067641],[20.20895721]
[10.46057733],[2.24002552],[19.64836817]
[10.46545545],[2.18810967],[19.02164227]
[10.46732857],[2.14288225],[18.23940962]
[10.3711116],[2.10854747],[17.42543808]
[10.12862806],[2.07671247],[16.68158139]
[9.9300379],[2.0337818],[15.96817639]
[9.78895281],[1.98603914],[15.14500515]
[9.40793015],[1.93286744],[14.40200846]
[8.53144032],[1.87972971],[12.99434361]
[2.45727244],[1.40308051],[2.23631679]
[0.],[0.],[0.]
[2.12350057],[0.63014648],[1.09099344]
[2.97809034],[0.97747441],[2.22942096]
[3.7891131],[1.13838796],[3.36903687]
[4.14365025],[1.3653577],[4.10177189]
[4.45825718],[1.52291462],[4.99444485]
[4.91591789],[1.58277527],[5.71758826]
[5.23442851],[1.6454384],[6.46016361]
[5.34299853],[1.69243618],[7.17690552]
[5.83375385],[1.80577496],[7.8951031]
[6.06233519],[1.88670231],[8.63748946]
[6.21109245],[1.94552984],[9.42454387]
[6.65362434],[1.99676811],[10.20624083]
[6.88802799],[2.05349521],[10.99156703]
[7.09466117],[2.09617165],[11.63313295]
[7.48003961],[2.14518852],[12.61064249]
[7.65668729],[2.18309501],[13.35209133]
[7.92369249],[2.23304036],[14.2303401]
[8.26376897],[2.28006826],[15.1765996]
[8.46227874],[2.31217919],[16.15248677]
[8.81961062],[2.35420709],[16.96905975]
[9.10126833],[2.39761386],[18.08155305]
[9.29863664],[2.43527744],[18.77501636]
[9.51732025],[2.48415384],[19.52398616]
[9.71119923],[2.52410443],[20.17722969]
[9.80323727],[2.56708881],[20.7215459]
[9.83356775],[2.59945353],[21.21059454]
[9.93617722],[2.63699657],[21.71908424]
[9.93050299],[2.64935658],[22.05772321]
[10.06672958],[2.67153665],[22.45451811]
[10.17468782],[2.68611867],[22.79107241]
[10.40880532],[2.70698177],[23.3457128]
[10.52043949],[2.71996231],[23.67094375]
[10.60851047],[2.74409436],[24.11437548]
[10.69955334],[2.76287218],[24.41446867]
[10.73258338],[2.78440859],[24.68869133]
[10.81139213],[2.78967811],[24.82911046]
[10.81412945],[2.79295237],[24.8669571]
[10.8482063],[2.77547929],[24.7977027]
[10.80169828],[2.74809137],[24.56479676]
[10.85447661],[2.69926581],[24.27890559]
[10.8241604],[2.63479275],[23.83915675]
[10.87358163],[2.57402382],[23.42060382]
[10.84344806],[2.52201732],[22.88315525]
[10.84893896],[2.46218251],[22.31558625]
[10.85818557],[2.40307371],[21.7565514]
[10.86691597],[2.33801304],[21.09574416]
[10.87732942],[2.27730239],[20.40647936]
[10.88714279],[2.21965781],[19.54898217]
[10.7450337],[2.17123853],[18.62498467]
[10.4816435],[2.12398425],[17.77711813]
[10.21860291],[2.06743753],[16.96319585]
[9.78319539],[2.021345],[16.14243778]
[8.90011138],[1.97416106],[14.54636887]
[2.9877473],[1.46690234],[2.92450315]
[0.],[0.],[0.]
[2.19351771],[0.65861149],[1.17933491]
[3.00029827],[1.01496822],[2.33785977]
[3.86059737],[1.18736171],[3.62265307]
[4.25354479],[1.42788566],[4.40569247]
[4.53819065],[1.58229695],[5.32347489]
[5.05559668],[1.63904733],[6.0926069]
[5.31602708],[1.69319155],[6.91135929]
[5.55288183],[1.79566968],[7.67388766]
[6.00813553],[1.89586056],[8.52730954]
[6.25230685],[1.97250601],[9.37823922]
[6.61824721],[2.02685755],[10.19330541]
[6.82370911],[2.06897266],[11.04246381]
[7.08723416],[2.12027748],[11.84096668]
[7.43792827],[2.15952375],[12.66282121]
[7.64475889],[2.20607504],[13.62338969]
[7.96490269],[2.24776925],[14.39800909]
[8.26583283],[2.3117058],[15.47465373]
[8.40505948],[2.35750128],[16.36763539]
[8.78309154],[2.42841719],[17.36283496]
[9.05693721],[2.47130234],[18.34913609]
[9.23242013],[2.52032339],[19.35859185]
[9.63333256],[2.55749192],[20.17416156]
[9.85851128],[2.60034607],[21.0654374]
[9.93125416],[2.63523734],[21.74851734]
[10.05877361],[2.67604075],[22.31830679]
[10.1171734],[2.70672757],[22.74364922]
[10.30807526],[2.75793907],[23.44769462]
[10.45822305],[2.7786952],[24.02126297]
[10.57972461],[2.81657872],[24.65830461]
[10.6834241],[2.84228408],[25.15093156]
[10.72180061],[2.86831776],[25.59311922]
[10.85746066],[2.88550192],[25.96836371]
[10.93952417],[2.90722021],[26.36312018]
[11.07879359],[2.92268532],[26.7363653]
[11.18759762],[2.94288398],[27.04899925]
[11.26709989],[2.95418126],[27.35892291]
[11.36610394],[2.96393148],[27.44550024]
[11.36457069],[2.95487052],[27.52455877]
[11.3656924],[2.94192419],[27.35587644]
[11.28160387],[2.89321664],[27.06588433]
[11.30237233],[2.82769104],[26.51475798]
[11.29349669],[2.75330147],[26.0128806]
[11.3193886],[2.67889297],[25.40220486]
[11.29685716],[2.60802963],[24.7370388]
[11.30582928],[2.54887009],[24.07936824]
[11.31346937],[2.49500026],[23.44085963]
[11.32133632],[2.44120357],[22.65562542]
[11.33175402],[2.38323231],[21.89576745]
[11.30154317],[2.3345577],[21.00592698]
[11.09366581],[2.28658282],[20.02770484]
[10.81810053],[2.23569917],[18.99309833]
[10.337904],[2.1658987],[18.00113607]
[9.38455079],[2.07786432],[16.30164351]
[3.58149835],[1.51296144],[3.98229152]
[0.29064142],[0.84880376],[0.18512323]
[2.25198867],[0.67989671],[1.24434453]
[3.01645673],[1.01062875],[2.42227657]
[3.8765953],[1.23891522],[3.82097591]
[4.34768006],[1.46816315],[4.65093443]
[4.6484737],[1.61797948],[5.58456849]
[5.16014333],[1.66865621],[6.39736602]
[5.47469833],[1.75640819],[7.35109746]
[5.82581074],[1.86719988],[8.17491037]
[6.12897953],[1.96641691],[9.14818624]
[6.5759621],[2.03970024],[10.03834353]
[6.84018993],[2.09191166],[11.01563795]
[6.93909768],[2.12854197],[11.71822879]
[7.42481735],[2.17847159],[12.80311782]
[7.6212729],[2.21262335],[13.61805436]
[7.79840256],[2.27705111],[14.53010462]
[8.23541246],[2.33316335],[15.60129839]
[8.44099978],[2.3983381],[16.64269236]
[8.70328843],[2.45786846],[17.50702948]
[9.03984766],[2.55471222],[18.7330948]
[9.2060007],[2.59463327],[19.65589856]
[9.57205851],[2.63748829],[20.68380369]
[9.8424276],[2.67022617],[21.67526979]
[10.06541935],[2.71083861],[22.57109026]
[10.33258755],[2.74947646],[23.31057051]
[10.54586089],[2.80309617],[24.11633747]
[10.64363111],[2.84138308],[24.75463285]
[10.71515617],[2.88935332],[25.4625893]
[10.8191307],[2.92293682],[26.04525097]
[10.9344965],[2.96238791],[26.66557962]
[11.09116118],[3.00039769],[27.23394405]
[11.20047919],[3.02684702],[27.7515535]
[11.32087789],[3.04474687],[28.36056985]
[11.44882802],[3.06722431],[28.83605315]
[11.51910301],[3.08461569],[29.38117986]
[11.69294399],[3.10529939],[29.81518634]
[11.78775962],[3.12077017],[30.13554063]
[11.92904308],[3.13612976],[30.36925318]
[12.08242894],[3.13427668],[30.50231506]
[12.03591864],[3.14236671],[30.68463981]
[12.03605741],[3.1163546],[30.43883128]
[11.96362127],[3.04948123],[30.06792787]
[11.9808391],[2.97230286],[29.34497142]
[11.91158809],[2.88824245],[28.62528459]
[11.93941793],[2.80333492],[27.75631482]
[11.88089849],[2.72244544],[27.00325664]
[11.86873862],[2.65391831],[26.20793533]
[11.87597193],[2.59359269],[25.38978735]
[11.88891986],[2.53751268],[24.41071867]
[11.90486808],[2.4975882],[23.41416205]
[11.81257526],[2.46085492],[22.33334971]
[11.43976051],[2.41829111],[21.27267138]
[10.92607657],[2.35778136],[20.14706053]
[9.9489769],[2.25167567],[18.23739251]
[4.58633513],[1.55240532],[5.20038449]
[1.47843324],[1.05185313],[1.03201762]
[2.25944771],[0.72826595],[1.33029085]
[3.01111776],[1.03994402],[2.51060495]
[3.87508872],[1.29923638],[4.0325898]
[4.46686202],[1.51930418],[4.93691664]
[4.87269553],[1.6630318],[5.8807992]
[5.27815577],[1.72363176],[6.79234292]
[5.71012342],[1.84152566],[7.85917166]
[5.97124374],[1.94307187],[8.7639896]
[6.30309913],[2.03647161],[9.77384836]
[6.7436828],[2.1042275],[10.813621]
[6.95464083],[2.15459171],[11.78192457]
[7.33699531],[2.18879262],[12.62267361]
[7.58986924],[2.23626265],[13.7714753]
[7.81474501],[2.29391689],[14.57587004]
[8.16286509],[2.36182308],[15.67210563]
[8.36648426],[2.41836845],[16.73173454]
[8.67639647],[2.49064491],[17.80729149]
[8.97497727],[2.57792044],[18.87105409]
[9.17245161],[2.65375952],[20.04869558]
[9.50490711],[2.69170815],[20.96714792]
[9.81175105],[2.73676411],[22.11040066]
[9.95186519],[2.77593051],[23.06665566]
[10.43045071],[2.82648571],[24.13835291]
[10.6647511],[2.8692385],[25.13144209]
[10.806366],[2.91986951],[26.00092185]
[10.9488005],[2.96508619],[26.6380004]
[11.06348895],[3.01773562],[27.40113638]
[11.24966304],[3.06008716],[28.11488201]
[11.46190355],[3.11158215],[28.84137494]
[11.55804948],[3.16285981],[29.6865175]
[11.72150528],[3.19508339],[30.3787323]
[11.82501935],[3.22079803],[31.05591632]
[11.96613156],[3.251532],[31.70907363]
[12.12845809],[3.27222068],[32.30242904]
[12.24859136],[3.29426445],[32.93531747]
[12.43858191],[3.31495528],[33.54204968]
[12.57734468],[3.32456609],[33.96152523]
[12.72047066],[3.33177825],[34.19797035]
[12.80688742],[3.3290299],[34.2237611]
[12.74696278],[3.30908744],[34.26171086]
[12.74174947],[3.27199935],[33.7986743]
[12.68629055],[3.2032183],[33.37404603]
[12.68846891],[3.12347029],[32.57241166]
[12.63951386],[3.03424254],[31.77424153]
[12.65239973],[2.94906094],[30.8630293]
[12.59710798],[2.85983273],[29.99177612]
[12.56602933],[2.77514237],[28.91121799]
[12.53659607],[2.70258837],[27.73383405]
[12.50638385],[2.64799066],[26.51740033]
[12.50760434],[2.60128724],[25.31870875]
[12.42005028],[2.55556546],[23.91730718]
[11.73575671],[2.50947969],[22.49163685]
[10.55192918],[2.42181472],[20.47657792]
[5.64687568],[1.58840605],[6.57358474]
[2.67431427],[1.19637215],[2.16164889]
[2.27523329],[0.76365256],[1.43848478]
[3.0329075],[1.0711253],[2.67357634]
[3.88530167],[1.37062194],[4.2987723]
[4.59646363],[1.5801602],[5.30426184]
[5.0609898],[1.71219578],[6.27590068]
[5.48408549],[1.79707138],[7.32750406]
[5.87999774],[1.91998747],[8.458153]
[6.23126949],[2.01710958],[9.4878489]
[6.60126237],[2.10371518],[10.56443071]
[6.8720908],[2.16790457],[11.61786653]
[7.31617145],[2.21654288],[12.6690541]
[7.55951573],[2.2519205],[13.69026935]
[7.71432779],[2.320078],[14.76796846]
[8.14696548],[2.38194643],[15.83925012]
[8.37353451],[2.4506207],[16.94438587]
[8.55974301],[2.5271654],[17.95097017]
[8.97447553],[2.63569734],[19.26927271]
[9.1473163],[2.7053825],[20.26726625]
[9.38043996],[2.75148673],[21.34183314]
[9.75655078],[2.79743464],[22.49530094]
[9.98613592],[2.85156243],[23.60519239]
[10.38284193],[2.89359094],[24.62192582]
[10.69173004],[2.94384965],[25.91675503]
[10.9556776],[2.98826023],[26.97852794]
[11.21233542],[3.03882202],[27.95361597]
[11.39161711],[3.08453886],[28.74940878]
[11.53511319],[3.13842786],[29.57945467]
[11.67567868],[3.18362114],[30.39498454]
[11.93221088],[3.2489266],[31.29469747]
[12.14823368],[3.3068965],[32.17075311]
[12.26542259],[3.33955594],[32.95449265]
[12.45889324],[3.36708778],[33.87516053]
[12.59503123],[3.40442515],[34.84659071]
[12.77683329],[3.42986333],[35.75192799]
[12.96031038],[3.45831212],[36.44420862]
[13.07570777],[3.48403812],[37.0427894]
[13.27674327],[3.49476412],[37.62267048]
[13.41510375],[3.50945243],[38.00820978]
[13.53096361],[3.50711074],[38.24723834]
[13.55112711],[3.49707876],[38.31465368]
[13.53946476],[3.45775008],[38.40120977]
[13.53166732],[3.40525956],[38.10390939]
[13.50510214],[3.33156767],[37.65405698]
[13.52013321],[3.24526636],[36.81208867]
[13.5074299],[3.17281974],[35.90618729]
[13.54614886],[3.08127128],[34.79747664]
[13.51142529],[2.98968964],[33.67931971]
[13.51499161],[2.8993295],[32.40100115]
[13.51687613],[2.8119378],[30.92992573]
[13.51453535],[2.74845878],[29.5438609]
[13.52590665],[2.69693606],[27.56022408]
[12.96496931],[2.64207034],[25.70973263]
[11.63955692],[2.55819137],[23.15029807]
[6.37913692],[1.63902948],[8.26925273]
[3.87106184],[1.31407948],[3.42384064]
[2.28484249],[0.96683713],[2.39268312]
[3.05923841],[1.09793638],[2.85018929]
[3.89519231],[1.43618536],[4.55557768]
[4.60908146],[1.64733844],[5.66096117]
[5.27753251],[1.76154369],[6.74735258]
[5.69273705],[1.89960305],[7.92388169]
[6.07405139],[2.01557528],[9.13568132]
[6.48521494],[2.10372229],[10.24419996]
[6.78240329],[2.18206173],[11.43382281]
[7.12737582],[2.23451925],[12.46367138]
[7.53262253],[2.28299028],[13.7316912]
[7.71818291],[2.3412957],[14.71013916]
[8.09733016],[2.41179395],[15.98020725]
[8.32975303],[2.47171986],[17.08545054]
[8.5225123],[2.57714395],[18.21615585]
[8.92300751],[2.66392846],[19.42740459]
[9.14772627],[2.76420603],[20.67606909]
[9.43413092],[2.8120338],[21.65087408]
[9.74038144],[2.86720443],[22.8435036]
[9.9211664],[2.91295701],[24.01743185]
[10.3566533],[2.96835696],[25.18733332]
[10.65855133],[3.01350642],[26.42176352]
[10.94774119],[3.06322284],[27.68703341]
[11.3354884],[3.10755736],[28.96248164]
[11.60015211],[3.15899352],[30.09045611]
[11.77352777],[3.20715712],[31.01123994]
[11.95552965],[3.27601303],[31.98572352]
[12.19514621],[3.32922168],[32.89352113]
[12.41253804],[3.38939681],[33.83484127]
[12.72238674],[3.44801634],[34.99174897]
[12.96412003],[3.49112465],[36.14703866]
[13.09975928],[3.52929203],[37.15099487]
[13.30649081],[3.57461979],[38.21826221]
[13.45641667],[3.60285204],[39.34924113]
[13.6221261],[3.63271354],[40.30729326]
[13.79508951],[3.6587356],[41.03521599]
[13.91894229],[3.67308615],[41.60889682]
[14.16684759],[3.68672615],[42.19857337]
[14.39705525],[3.69235679],[42.66863735]
[14.52963393],[3.69311725],[43.01387692]
[14.59806594],[3.68351031],[43.31727691]
[14.56555106],[3.63267324],[43.27879533]
[14.60447429],[3.55266772],[43.09449128]
[14.58571359],[3.4539064],[42.54877969]
[14.61977217],[3.35643269],[41.7308051]
[14.61876663],[3.2742961],[40.84549706]
[14.64388047],[3.20580868],[39.69548961]
[14.64794131],[3.13346149],[38.2855072]
[14.62970577],[3.04746688],[36.83198681]
[14.62395104],[2.95066085],[35.22820748]
[14.6325708],[2.84687037],[33.38616953]
[14.60870996],[2.78345609],[31.54531]
[13.80786044],[2.7126184],[27.58653587]
[6.98721813],[1.76074002],[10.24659429]
[4.59778559],[1.39671066],[4.88740232]
[2.78810157],[1.12467355],[3.56851582]
[3.07305306],[1.1452255],[2.97816548]
[3.90415253],[1.47751857],[4.73954184]
[4.62098025],[1.67601369],[5.92959668]
[5.4227514],[1.81145807],[7.201785]
[5.8959894],[1.97665877],[8.46685039]
[6.31467335],[2.08178643],[9.80429209]
[6.6577838],[2.16732681],[10.91509408]
[7.01359721],[2.24386333],[12.18441696]
[7.40199019],[2.29071454],[13.3408774]
[7.6713953],[2.37466137],[14.65988316]
[8.07881354],[2.43543115],[15.76837293]
[8.33948223],[2.52665722],[17.17161497]
[8.45417926],[2.61796267],[18.31474182]
[8.90442253],[2.71050862],[19.66666773]
[9.12004971],[2.78072699],[20.83498709]
[9.28441597],[2.85708766],[21.96074935]
[9.71801493],[2.92552012],[23.17102006]
[9.93821555],[2.98599548],[24.37621075]
[10.255577],[3.02902681],[25.54815203]
[10.64276202],[3.08281441],[26.95288527]
[10.89872247],[3.12703661],[28.12089178]
[11.33572221],[3.1769698],[29.5337888]
[11.61908299],[3.22807275],[30.84959993]
[11.9384316],[3.29248276],[32.25259446]
[12.21210773],[3.34640708],[33.35894781]
[12.41964027],[3.40926616],[34.38652851]
[12.73557517],[3.46398069],[35.54165499]
[13.03758025],[3.52779456],[36.84083976]
[13.29798701],[3.58689159],[37.98655905]
[13.57499035],[3.63539817],[39.29308249]
[13.81228619],[3.68082278],[40.54256794]
[13.94795538],[3.73058972],[41.73752229]
[14.1584016],[3.75987016],[42.99387461]
[14.31917825],[3.79292275],[44.15373096]
[14.5051369],[3.82010474],[45.12579495]
[14.77590981],[3.84638552],[46.03600973]
[15.03261292],[3.86855988],[46.70558713]
[15.28720831],[3.88541493],[47.39908761]
[15.58760443],[3.92176003],[48.08965938]
[15.68262518],[3.92473539],[48.47394008]
[15.71375824],[3.89104192],[48.77189606]
[15.7148084],[3.79491816],[48.85371738]
[15.72488369],[3.69982268],[48.61815303]
[15.73977895],[3.62280529],[48.13802868]
[15.73364093],[3.48651214],[47.16975305]
[15.7569696],[3.38833267],[46.11842751]
[15.7445331],[3.29447405],[44.94091678]
[15.78042005],[3.23010343],[43.29057917]
[15.73709898],[3.16102696],[41.55644086]
[15.74258052],[3.07474223],[39.7557045]
[15.71492173],[2.98359151],[37.60907553]
[15.12619684],[2.89630642],[34.5044534]
[8.57895505],[1.88936788],[13.59040082]
[5.19218932],[1.53029581],[6.77768113]
[3.47891533],[1.24353589],[4.54688013]
[3.07691393],[1.002768],[3.26321293]
[3.89718155],[1.23460725],[3.99338155]
[4.62088454],[1.3678466],[5.14578505]
[5.4201522],[1.6019716],[6.59909566]
[6.09592945],[1.80790915],[7.82648572]
[6.50458205],[1.93297607],[9.19614431]
[6.8388645],[1.99489895],[10.29291128]
[7.25413677],[2.07333315],[11.55421263]
[7.54229487],[2.16436143],[12.79580959]
[7.8567114],[2.28614247],[14.11887251]
[8.26067246],[2.3666658],[15.41639368]
[8.45778695],[2.45880406],[16.74864284]
[8.81216771],[2.53064572],[17.98635669]
[9.10138259],[2.60149216],[19.28560668]
[9.29770408],[2.66161951],[20.35749058]
[9.65323189],[2.75260051],[21.57924538]
[9.92536042],[2.82638441],[22.78927431]
[10.18150597],[2.91183553],[23.97345672]
[10.56223125],[3.00093639],[25.29240846]
[10.82715565],[3.05792467],[26.63681978]
[11.23263904],[3.11456998],[27.95836855]
[11.55214647],[3.17350674],[29.4445069]
[11.89236623],[3.22177972],[30.91356902]
[12.25720534],[3.28091989],[32.36313997]
[12.65357852],[3.33493403],[33.73677016]
[13.02442074],[3.39805499],[35.25824135]
[13.27141537],[3.4508981],[36.37874866]
[13.58227864],[3.51380574],[37.73019465]
[13.90497658],[3.57197332],[39.13353308]
[14.1495854],[3.62410203],[40.43160222]
[14.41114561],[3.67774064],[41.82120114]
[14.6422457],[3.72841955],[43.1679636]
[14.79474825],[3.76519614],[44.47071634]
[15.07646873],[3.80635172],[45.78665507]
[15.37387374],[3.85653082],[47.08255325]
[15.61760261],[3.89639298],[48.29827031]
[15.90430467],[3.93400919],[49.33597026]
[16.20011675],[3.96649627],[50.17586624]
[16.44595736],[3.99710061],[50.90902313]
[16.69301259],[4.00035656],[51.62861158]
[16.82206722],[3.98535561],[52.07309763]
[16.80783316],[3.92678976],[52.53907273]
[16.86046474],[3.92530605],[52.78076176]
[16.82293487],[3.90996456],[52.6727371]
[16.8691785],[3.86514093],[52.21575073]
[16.82494636],[3.69515911],[51.26141574]
[16.86019921],[3.51040642],[49.95452817]
[16.84216243],[3.35887844],[48.65352987]
[16.86198534],[3.26003087],[47.19427106]
[16.8549445],[3.17735353],[45.23862979]
[16.79727565],[3.11683275],[42.98413453]
[16.2252848],[3.03928393],[40.15659867]
