meltWidth,meltDepth,meltArea
[0.],[0.],[0.]
[0.],[0.],[0.]
[0.],[0.],[0.]
[0.],[0.],[0.]
[0.],[0.],[0.]
[0.],[0.],[0.]
[0.],[0.],[0.]
[0.],[0.],[0.]
[0.],[0.],[0.]
[0.],[0.],[0.]
[0.],[0.],[0.]
[0.],[0.],[0.]
[0.],[0.],[0.]
[0.],[0.],[0.]
[0.],[0.],[0.]
[0.],[0.],[0.]
[0.],[0.],[0.]
[0.],[0.],[0.]
[0.],[0.],[0.]
[0.],[0.],[0.]
[0.],[0.],[0.]
[0.],[0.],[0.]
[0.],[0.],[0.]
[0.],[0.],[0.]
[0.],[0.],[0.]
[0.],[0.],[0.]
[0.],[0.],[0.]
[0.],[0.],[0.]
[0.],[0.],[0.]
[0.],[0.],[0.]
[0.],[0.],[0.]
[0.],[0.],[0.]
[0.],[0.],[0.]
[0.],[0.],[0.]
[0.],[0.],[0.]
[0.],[0.],[0.]
[0.],[0.],[0.]
[0.],[0.],[0.]
[0.],[0.],[0.]
[0.],[0.],[0.]
[0.],[0.],[0.]
[0.],[0.],[0.]
[0.],[0.],[0.]
[0.],[0.],[0.]
[0.],[0.],[0.]
[0.],[0.],[0.]
[0.],[0.],[0.]
[0.],[0.],[0.]
[0.],[0.],[0.]
[0.],[0.],[0.]
[0.],[0.],[0.]
[0.],[0.],[0.]
[0.],[0.],[0.]
[0.],[0.],[0.]
[0.],[0.],[0.]
[0.],[0.],[0.]
[0.],[0.],[0.]
[1.35580899],[0.29687626],[0.24888065]
[1.72884909],[0.32431199],[0.35525945]
[1.80870739],[0.39294481],[0.471778]
[1.93249257],[0.4790661],[0.61639951]
[2.03333589],[0.54940236],[0.75085543]
[2.11030211],[0.56910967],[0.81509492]
[2.21121725],[0.59098591],[0.87174346]
[2.23950256],[0.60668498],[0.91053965]
[2.27555116],[0.62448696],[0.94518576]
[2.29182429],[0.63851734],[0.96584644]
[2.33303243],[0.65174435],[1.00246494]
[2.36014866],[0.66251209],[1.02648764]
[2.42331704],[0.67522431],[1.05604573]
[2.45392591],[0.68549477],[1.09256029]
[2.55336634],[0.69110893],[1.11490375]
[2.59704441],[0.69625805],[1.14552101]
[2.65344218],[0.70107898],[1.16084222]
[2.67289614],[0.70235087],[1.1798891]
[2.71367856],[0.70322433],[1.18400147]
[2.71664872],[0.70402057],[1.19565148]
[2.74311287],[0.70371948],[1.19616678]
[2.73964818],[0.70168845],[1.20148988]
[2.76139164],[0.69837174],[1.18876002]
[2.74803767],[0.69579164],[1.19143743]
[2.76366813],[0.69273079],[1.17920646]
[2.75652457],[0.69044235],[1.18515474]
[2.77764254],[0.68813007],[1.17295496]
[2.76885286],[0.68717378],[1.18521611]
[2.804795],[0.68966579],[1.19195356]
[2.80109424],[0.69374083],[1.21446363]
[2.81553997],[0.69334612],[1.20650812]
[2.81437878],[0.69307548],[1.19747042]
[2.80057074],[0.69417013],[1.19927053]
[2.80711037],[0.69768073],[1.20782041]
[2.80844372],[0.69877426],[1.21481861]
[2.81541027],[0.69932722],[1.21817758]
[2.82188347],[0.69597022],[1.21668721]
[2.82508121],[0.69092101],[1.21210041]
[2.8162344],[0.6874106],[1.19865795]
[2.79691447],[0.68444458],[1.18632511]
[2.77239289],[0.68148702],[1.17416585]
[2.74655836],[0.67454498],[1.16314851]
[2.7327798],[0.66723498],[1.14835941]
[2.71655333],[0.66034656],[1.13167372]
[2.67902847],[0.65313314],[1.10038453]
[2.63274575],[0.64521778],[1.06356824]
[2.57850826],[0.63742157],[1.0183619]
[2.48398265],[0.62883318],[0.97208916]
[2.38545227],[0.62298345],[0.93055865]
[2.34106357],[0.61359832],[0.89155806]
[2.29428929],[0.60574136],[0.85612379]
[3.08242658],[0.11255895],[0.17432619]
[0.],[0.],[0.]
[0.],[0.],[0.]
[0.],[0.],[0.]
[1.80437416],[0.29936272],[0.35285326]
[1.95879766],[0.42319876],[0.56586687]
[2.06972219],[0.53824882],[0.78994658]
[2.1825771],[0.65610312],[0.9917165]
[2.27874919],[0.73267128],[1.1641841]
[2.36401156],[0.75551058],[1.24376734]
[2.43302369],[0.77700453],[1.32319358]
[2.44187325],[0.7909537],[1.35484866]
[2.47700641],[0.80513443],[1.39931747]
[2.49546786],[0.81663912],[1.43717269]
[2.59672336],[0.83066363],[1.49199441]
[2.69816258],[0.83726427],[1.56593451]
[2.8147081],[0.84216533],[1.64192216]
[2.86906181],[0.84662343],[1.69638041]
[2.9539674],[0.85032183],[1.76654612]
[2.98913473],[0.85289252],[1.79873992]
[3.02318586],[0.85593177],[1.83716307]
[3.03300615],[0.85864612],[1.8536328]
[3.05606654],[0.86146653],[1.88425203]
[3.07162992],[0.86386026],[1.893421]
[3.07427197],[0.86474322],[1.9151722]
[3.10647866],[0.86340433],[1.91557512]
[3.07874471],[0.86139178],[1.91863031]
[3.12458094],[0.85940879],[1.91105666]
[3.0761464],[0.85752895],[1.90804146]
[3.12426559],[0.85591485],[1.89860998]
[3.08034823],[0.85353591],[1.89819517]
[3.12999104],[0.85199188],[1.88668685]
[3.12759773],[0.84652288],[1.91381965]
[3.15419289],[0.84775968],[1.89633314]
[3.13671582],[0.84617736],[1.90842611]
[3.15271361],[0.84454888],[1.87373038]
[3.11609198],[0.84332271],[1.85820053]
[3.11810744],[0.8421188],[1.85630926]
[3.11307246],[0.84141499],[1.85125913]
[3.1149162],[0.8392569],[1.84845672]
[3.11882067],[0.83568234],[1.84009839]
[3.11748446],[0.83262868],[1.82595644]
[3.10378033],[0.83062541],[1.79644993]
[3.07426829],[0.82283123],[1.76024417]
[3.04215825],[0.81410148],[1.72517667]
[3.00035485],[0.80610069],[1.68427023]
[2.97853479],[0.79940099],[1.65951367]
[2.95435149],[0.79246052],[1.62978546]
[2.92147955],[0.79018535],[1.59718596]
[2.90159313],[0.79243622],[1.57417546]
[2.88315791],[0.79384569],[1.54598091]
[2.86977873],[0.79413529],[1.52736473]
[2.84959071],[0.79434775],[1.50444906]
[2.81940016],[0.79188432],[1.46805504]
[2.77295881],[0.78760026],[1.41972154]
[5.17648569],[0.85454141],[3.47891738]
[3.49972222],[0.26861005],[0.57081023]
[0.],[0.],[0.]
[0.07559924],[0.01853959],[0.00058552]
[1.99610357],[0.34769915],[0.48012335]
[2.1190319],[0.48738394],[0.72333719]
[2.20376533],[0.62766365],[0.97334595]
[2.33454604],[0.73624645],[1.20364818]
[2.41077372],[0.81058338],[1.35566419]
[2.47634546],[0.8304899],[1.46025961]
[2.52690624],[0.85058073],[1.51396666]
[2.54385978],[0.85704434],[1.57017198]
[2.67012371],[0.8626282],[1.62535826]
[2.76879515],[0.8675529],[1.69460956]
[2.84963582],[0.87287892],[1.75299219]
[2.94545487],[0.87705661],[1.8210853]
[3.00475906],[0.8818153],[1.87840259]
[3.04777992],[0.88497185],[1.90912336]
[3.08557098],[0.88869775],[1.96353783]
[3.11509846],[0.89175965],[1.98593915]
[3.12397653],[0.89513718],[2.01361222]
[3.14006773],[0.89790616],[2.02813287]
[3.14286039],[0.90130349],[2.04753367]
[3.15286878],[0.90451142],[2.05277253]
[3.15095006],[0.90465778],[2.06837746]
[3.16810405],[0.90289228],[2.06889423]
[3.1521974],[0.9005645],[2.06734499]
[3.18302814],[0.89866333],[2.05939013]
[3.14765112],[0.89602665],[2.04811674]
[3.17461907],[0.89407401],[2.03734015]
[3.14499406],[0.89191251],[2.03061461]
[3.17127972],[0.8899099],[2.018011]
[3.16518816],[0.88803032],[2.04910615]
[3.18485101],[0.88657072],[2.02266678]
[3.16742639],[0.88449622],[2.03694492]
[3.17892634],[0.88198479],[1.99814406]
[3.14128607],[0.88069516],[1.98231084]
[3.14059599],[0.87970692],[1.97939176]
[3.13309269],[0.87821954],[1.97131201]
[3.13353882],[0.87573742],[1.96894684]
[3.13575204],[0.87307684],[1.96294384]
[3.13374796],[0.87119518],[1.95600897]
[3.12576275],[0.86955618],[1.93940544]
[3.10631791],[0.86829969],[1.91837122]
[3.08615637],[0.86718717],[1.89562503]
[3.06306645],[0.86562144],[1.86810918]
[3.05186218],[0.86400986],[1.84954958]
[3.03718823],[0.85777886],[1.82280115]
[3.02328097],[0.85184854],[1.79979614]
[3.01095538],[0.84245397],[1.77123121]
[2.99505996],[0.83714908],[1.73945875]
[2.97832471],[0.83475632],[1.71210593]
[2.95657279],[0.83148946],[1.68280867]
[2.94595391],[0.8322318],[1.66703287]
[2.93178154],[0.83232387],[1.64788582]
[6.44768706],[0.95502274],[4.3639006]
[4.67095074],[0.60526632],[1.62084225]
[3.10217612],[0.22726547],[0.43608013]
[0.19622142],[0.06367776],[0.00593224]
[2.11596591],[0.38222438],[0.57119696]
[2.26141805],[0.55582518],[0.88777308]
[2.34102324],[0.68587586],[1.1294058]
[2.45531088],[0.78312425],[1.37862742]
[2.49957483],[0.8539155],[1.5046487]
[2.53370075],[0.87228817],[1.60455611]
[2.57341351],[0.88705172],[1.65945854]
[2.63879272],[0.89292443],[1.70951855]
[2.77883431],[0.89793525],[1.77971473]
[2.89144405],[0.90235325],[1.83416675]
[2.95617399],[0.9076813],[1.89881886]
[3.04281404],[0.91189981],[1.95272259]
[3.08258392],[0.91536457],[2.0140164]
[3.12565241],[0.91677633],[2.04073537]
[3.15304313],[0.91895281],[2.10044284]
[3.18761848],[0.92163978],[2.11837694]
[3.19001281],[0.9241479],[2.15161606]
[3.20784407],[0.92584993],[2.15606261]
[3.2028908],[0.92827145],[2.17683537]
[3.21322219],[0.93023899],[2.16898425]
[3.20254304],[0.93043243],[2.19335496]
[3.20954099],[0.92895685],[2.18156369]
[3.19995962],[0.92716858],[2.18830741]
[3.20672406],[0.92605271],[2.16350672]
[3.19363394],[0.92372816],[2.16095621]
[3.20024171],[0.92222483],[2.14167474]
[3.19344497],[0.92089868],[2.14710139]
[3.19644026],[0.91894438],[2.12045949]
[3.2150429],[0.91992693],[2.17146407]
[3.21870973],[0.91652863],[2.13558967]
[3.21183641],[0.91458253],[2.15596763]
[3.22038196],[0.91223869],[2.11482574]
[3.19219718],[0.91098575],[2.10158805]
[3.19416695],[0.91022483],[2.09916716]
[3.19103767],[0.90862466],[2.09114444]
[3.19358585],[0.90676137],[2.08987779]
[3.1966971],[0.90428829],[2.08332672]
[3.19733003],[0.90235894],[2.07479466]
[3.19312412],[0.90049993],[2.05955013]
[3.17205471],[0.89918657],[2.03900565]
[3.15177945],[0.89811829],[2.02237733]
[3.12529942],[0.89649665],[2.00067887]
[3.1135598],[0.89501489],[1.98844809]
[3.1011077],[0.89221429],[1.96760568]
[3.08847123],[0.88854611],[1.94885553]
[3.07866983],[0.88517136],[1.9290843]
[3.06792302],[0.88080473],[1.90384332]
[3.05656729],[0.875023],[1.87804513]
[3.03717939],[0.86951708],[1.84822367]
[3.02896201],[0.86492313],[1.82838719]
[3.02112941],[0.85984979],[1.80683526]
[6.51940674],[1.02680916],[4.55060774]
[4.64052741],[0.87003297],[2.137034]
[3.3231923],[0.49748502],[0.98591198]
[2.18219792],[0.16775561],[0.26780882]
[2.28152709],[0.3980402],[0.66725686]
[2.41749919],[0.61182602],[1.07008153]
[2.45661466],[0.74393464],[1.29490712]
[2.54200665],[0.8263991],[1.53597048]
[2.56176802],[0.88940034],[1.63723062]
[2.57999919],[0.90712095],[1.72594177]
[2.59299497],[0.92076854],[1.76280254]
[2.73698328],[0.92529037],[1.80754475]
[2.88628235],[0.92815156],[1.90347208]
[3.00058615],[0.93095379],[1.95448537]
[3.05045784],[0.93363544],[2.0317504]
[3.12869559],[0.93618155],[2.07281967]
[3.16081754],[0.93953994],[2.14696913]
[3.20088364],[0.94185148],[2.15931997]
[3.22069993],[0.94442086],[2.24784813]
[3.25190646],[0.94705661],[2.25910215]
[3.25359594],[0.94954068],[2.32925659]
[3.26682431],[0.9511808],[2.31743627]
[3.26069969],[0.95299181],[2.37225452]
[3.26636189],[0.9543315],[2.3521889]
[3.25538426],[0.9546803],[2.39910211]
[3.26256006],[0.95334811],[2.36903445]
[3.25411398],[0.95148815],[2.38884725]
[3.26166602],[0.95024158],[2.34041021]
[3.2484689],[0.94793074],[2.343431]
[3.25546914],[0.94635705],[2.30011478]
[3.24594379],[0.94515363],[2.30889583]
[3.2493925],[0.94314906],[2.26057622]
[3.25721209],[0.94292015],[2.29831465]
[3.26043738],[0.94021718],[2.25312135]
[3.25409263],[0.93824932],[2.2687407]
[3.26424164],[0.93627545],[2.22394693]
[3.23591999],[0.93502355],[2.20900616]
[3.23644065],[0.93411305],[2.20440536]
[3.23390169],[0.93239475],[2.19404386]
[3.23717623],[0.9303737],[2.19262959]
[3.24055142],[0.92886535],[2.18701079]
[3.24166829],[0.92787996],[2.1783913]
[3.23900849],[0.92623241],[2.16400163]
[3.21860181],[0.92477336],[2.14125709]
[3.1960052],[0.92364228],[2.12186707]
[3.1729481],[0.92200372],[2.0993505]
[3.16165472],[0.92000438],[2.08724341]
[3.14875879],[0.91714675],[2.07006625]
[3.13768145],[0.91420947],[2.0567103]
[3.12695217],[0.91100665],[2.0416657]
[3.11544076],[0.90807137],[2.02013677]
[3.10379494],[0.90280808],[1.9948179]
[3.08387995],[0.897894],[1.9633312]
[3.07196653],[0.89502382],[1.93717972]
[3.05575194],[0.89056424],[1.90845413]
[6.67128195],[1.07109254],[4.81203403]
[4.80565222],[0.90307942],[2.18238653]
[3.36429585],[0.61794146],[1.06508967]
[2.19013798],[0.37980783],[0.48179808]
[2.06004589],[0.38955743],[0.64680945]
[2.4651489],[0.65465154],[1.1545526]
[2.5190839],[0.78117505],[1.41392481]
[2.56501771],[0.8559854],[1.61416526]
[2.58534339],[0.92041454],[1.72469427]
[2.59025122],[0.93528301],[1.78436807]
[2.80550954],[0.94589967],[1.88995325]
[2.98482614],[0.94910779],[1.95297776]
[3.05624209],[0.9517416],[2.07181338]
[3.13591196],[0.95428681],[2.09649746]
[3.16147388],[0.95702547],[2.19796876]
[3.22057683],[0.96026627],[2.23779186]
[3.24312292],[0.9644896],[2.35889176]
[3.27652964],[0.96724228],[2.37186981]
[3.28716003],[0.97444134],[2.48376523]
[3.33605231],[0.97250658],[2.4821118]
[3.31014362],[0.99296433],[2.55333772]
[3.36927028],[0.98567139],[2.53922421]
[3.30918925],[1.01350549],[2.59446375]
[3.35795805],[0.99508502],[2.56863207]
[3.30170427],[1.02050606],[2.61688515]
[3.3347992],[0.99411558],[2.56339909]
[3.29774382],[1.00775536],[2.58113511]
[3.32387835],[0.98011133],[2.50671797]
[3.29217912],[0.98275042],[2.51774241]
[3.29530588],[0.96824943],[2.45357088]
[3.28737338],[0.96670426],[2.4719893]
[3.29004917],[0.96379066],[2.40488053]
[3.28902641],[0.96347328],[2.44856839]
[3.30451211],[0.96086363],[2.39341682]
[3.28589521],[0.95916124],[2.4120786]
[3.30891938],[0.95736909],[2.36397555]
[3.27272923],[0.95610658],[2.34236865]
[3.27522879],[0.95508628],[2.33639104]
[3.27447016],[0.95360039],[2.32471788]
[3.27640698],[0.95239853],[2.32170676]
[3.28160308],[0.95081931],[2.31511874]
[3.28363183],[0.94964707],[2.30116655]
[3.28220537],[0.94841278],[2.28022817]
[3.26123257],[0.94764454],[2.25034718]
[3.23745261],[0.94718757],[2.22329145]
[3.21217439],[0.94561705],[2.19510177]
[3.20023728],[0.94284687],[2.17902778]
[3.18814735],[0.93976959],[2.1601972]
[3.17703922],[0.93665978],[2.14372683]
[3.16471758],[0.93370338],[2.12684597]
[3.15305907],[0.92988607],[2.10854617]
[3.13986337],[0.92578668],[2.09096708]
[3.1161153],[0.92281131],[2.06346395]
[3.10431367],[0.91874966],[2.04177487]
[3.08994122],[0.91356226],[2.02679112]
[6.70276291],[1.13601201],[5.11955901]
[4.86788308],[0.92272401],[2.37462119]
[3.42826486],[0.60063223],[1.14132707]
[2.11449402],[0.40655208],[0.47804884]
[1.74604909],[0.30758732],[0.43443612]
[2.34201082],[0.67616405],[1.13098749]
[2.50570811],[0.80372454],[1.46975831]
[2.54209182],[0.88464984],[1.63865738]
[2.58301849],[0.94393328],[1.77390556]
[2.63542883],[0.95818849],[1.81939934]
[2.89697775],[0.96962617],[1.95850315]
[3.10145208],[0.97298799],[2.02820372]
[3.15971468],[0.97381516],[2.17932772]
[3.22997196],[0.97497226],[2.20920803]
[3.24402668],[0.97592319],[2.32086314]
[3.28125838],[0.97698026],[2.34295598]
[3.29266708],[0.9996849],[2.45619436]
[3.3711834],[0.99943468],[2.46011692]
[3.35929042],[1.03450689],[2.56593043]
[3.46827485],[1.02677089],[2.57641445]
[3.45157047],[1.05570519],[2.64252248]
[3.49803753],[1.04820394],[2.63767941]
[3.44697001],[1.07000685],[2.68850417]
[3.49089113],[1.06469784],[2.67641652]
[3.43218795],[1.07701701],[2.71576668]
[3.4730465],[1.06566277],[2.6832943]
[3.4167551],[1.06852502],[2.69214275]
[3.46543899],[1.04344866],[2.63647137]
[3.39639277],[1.0545503],[2.63356769]
[3.44255139],[1.01840082],[2.57516326]
[3.37165973],[1.03181714],[2.58867537]
[3.4182946],[0.99760231],[2.52551268]
[3.37911852],[0.99501701],[2.54848824]
[3.4272729],[0.98348176],[2.51664727]
[3.35460055],[0.98142289],[2.51118249]
[3.42617918],[0.97808152],[2.49631132]
[3.32310033],[0.97568335],[2.45857785]
[3.3193784],[0.97335728],[2.45378001]
[3.31652978],[0.97084822],[2.44626644]
[3.31944101],[0.96974569],[2.44427205]
[3.32941862],[0.96735221],[2.43853833]
[3.33177203],[0.96573928],[2.4245147]
[3.32287704],[0.96373999],[2.39734905]
[3.29639956],[0.96209441],[2.36050213]
[3.27316983],[0.96106314],[2.32465375]
[3.25142836],[0.95929115],[2.28968534]
[3.23862539],[0.95626025],[2.2648891]
[3.22794088],[0.95228843],[2.24265235]
[3.2180782],[0.94807652],[2.22285045]
[3.2074498],[0.9436053],[2.20455761]
[3.19630186],[0.93819169],[2.18146125]
[3.18431517],[0.93406836],[2.16265437]
[3.16358936],[0.9317036],[2.13261507]
[3.14973475],[0.92925132],[2.11350496]
[3.13427385],[0.92687831],[2.10400382]
[6.77576106],[1.21145537],[5.3798107]
[4.92455013],[0.93790088],[2.56890224]
[3.50424116],[0.64900335],[1.30927333]
[2.17077878],[0.43972857],[0.5615094]
[1.71879576],[0.30361046],[0.40935075]
[2.35030297],[0.69093664],[1.15179966]
[2.51304716],[0.81722655],[1.50796816]
[2.54546743],[0.90179077],[1.66937796]
[2.58811547],[0.95825087],[1.80623545]
[2.71778123],[0.97304577],[1.86408931]
[2.99697757],[0.98926196],[2.04083534]
[3.16846896],[0.99210477],[2.11335007]
[3.1982179],[0.99516291],[2.28134722]
[3.25898105],[0.99822501],[2.3088221]
[3.2646908],[1.00096656],[2.42918745]
[3.31896969],[1.00761337],[2.44256798]
[3.31082964],[1.03380536],[2.55162128]
[3.41628838],[1.04135316],[2.57027283]
[3.41035075],[1.0639211],[2.65757144]
[3.51078442],[1.06167391],[2.67936723]
[3.50339762],[1.08057869],[2.7447881]
[3.54459412],[1.0779393],[2.7401172]
[3.50133929],[1.09267485],[2.78618073]
[3.53923556],[1.08998647],[2.77493279]
[3.48803721],[1.09914892],[2.81368862]
[3.52242242],[1.08813452],[2.77924311]
[3.47316235],[1.09154555],[2.79010693]
[3.51658989],[1.07235511],[2.7347915]
[3.45574774],[1.0771409],[2.73210937]
[3.49582111],[1.05436205],[2.67424202]
[3.43594795],[1.0600791],[2.67728491]
[3.48145389],[1.03591439],[2.61659008]
[3.44789967],[1.03494359],[2.62927265]
[3.51300584],[1.01727237],[2.61852198]
[3.42969352],[1.01657178],[2.59422454]
[3.51333118],[1.01396211],[2.60027256]
[3.41897615],[1.01095245],[2.55469842]
[3.41656896],[1.00811118],[2.55060374]
[3.41188502],[1.00489807],[2.54240037]
[3.4184209],[1.00650721],[2.5420274]
[3.43726874],[1.00132688],[2.54010445]
[3.44450306],[0.99180698],[2.52778283]
[3.43423291],[0.98383808],[2.49793165]
[3.3774661],[0.97777529],[2.44954947]
[3.30283311],[0.97535777],[2.40429433]
[3.27691399],[0.97275918],[2.35975164]
[3.26379075],[0.96904891],[2.32688559]
[3.25371481],[0.96493481],[2.29867705]
[3.24468626],[0.96090796],[2.27409786]
[3.2348466],[0.95664966],[2.25578993]
[3.22426066],[0.95073103],[2.23398616]
[3.21320809],[0.94704161],[2.21554978]
[3.19700825],[0.94430611],[2.18909038]
[3.18406214],[0.94167376],[2.16765303]
[3.17016029],[0.93899878],[2.14268017]
[6.83413886],[1.25458128],[5.62738599]
[4.94849949],[0.9447205],[2.69563063]
[3.56434902],[0.69371016],[1.4374748]
[2.28662941],[0.48702486],[0.63246545]
[1.84433567],[0.35217969],[0.55489049]
[2.40133034],[0.71616619],[1.23544174]
[2.5225355],[0.8384091],[1.55249743]
[2.55048385],[0.92150844],[1.70981715]
[2.59192587],[0.97459142],[1.84362039]
[2.78718153],[0.98900878],[1.92119817]
[3.05322681],[1.00648501],[2.11961059]
[3.20071157],[1.01116147],[2.17626233]
[3.21567504],[1.01550823],[2.37598356]
[3.28778746],[1.0183414],[2.41619906]
[3.2858979],[1.02503589],[2.54248338]
[3.36686897],[1.02865576],[2.57050564]
[3.36510843],[1.05258749],[2.65913649]
[3.46351971],[1.0572278],[2.67974498]
[3.46273971],[1.07894638],[2.7574021]
[3.55568429],[1.07684181],[2.77142555]
[3.55342747],[1.09580858],[2.82959288]
[3.58712498],[1.09365326],[2.82374732]
[3.54637707],[1.10974565],[2.86664394]
[3.57977025],[1.10495208],[2.85483019]
[3.5349836],[1.11567015],[2.88905156]
[3.56424208],[1.10326436],[2.85593716]
[3.52097736],[1.10879544],[2.86498894]
[3.56017857],[1.08815015],[2.81208559]
[3.50595175],[1.09284752],[2.80612225]
[3.54155755],[1.06938483],[2.74862585]
[3.4872223],[1.0756337],[2.7491149]
[3.52042256],[1.05098682],[2.68767017]
[3.4992949],[1.05024397],[2.69943909]
[3.54266086],[1.03213056],[2.67270378]
[3.48064584],[1.03433244],[2.6530488]
[3.53826714],[1.0317415],[2.65695683]
[3.45283088],[1.02866523],[2.61133904]
[3.44369319],[1.02558571],[2.60616441]
[3.43545812],[1.02454426],[2.59840287]
[3.43979486],[1.02621138],[2.5970445]
[3.45732271],[1.02089482],[2.59660217]
[3.46428081],[1.00277059],[2.57837177]
[3.45821504],[0.99914517],[2.55022856]
[3.40965705],[0.9967007],[2.50449229]
[3.32343164],[0.99350892],[2.45413022]
[3.28928498],[0.9904592],[2.41037292]
[3.27518976],[0.98680697],[2.37543415]
[3.26341366],[0.98245401],[2.33996086]
[3.25278187],[0.97807094],[2.3134101]
[3.24213153],[0.97353982],[2.29165749]
[3.23090221],[0.96821568],[2.27015293]
[3.21912591],[0.96376089],[2.25197232]
[3.20228898],[0.96079928],[2.22712275]
[3.18957188],[0.95807594],[2.20775392]
[3.17500292],[0.95526981],[2.18272669]
[6.89884596],[1.29673818],[5.95190987]
[5.04194045],[0.9610539],[2.91525135]
[3.68409805],[0.73794369],[1.61751472]
[2.51800903],[0.56394985],[0.7448227]
[1.87892467],[0.36850272],[0.65046844]
[2.43479712],[0.73424256],[1.28777166]
[2.52814282],[0.85449482],[1.58951714]
[2.55291963],[0.93943828],[1.74490256]
[2.59603905],[0.9874042],[1.878293]
[2.8439442],[1.00163098],[1.97528221]
[3.08933497],[1.0217948],[2.20503627]
[3.23372265],[1.02627367],[2.31324039]
[3.23483338],[1.03152777],[2.52203862]
[3.32020729],[1.0342963],[2.55626761]
[3.3065094],[1.04855893],[2.65270008]
[3.40149295],[1.0520753],[2.67832484]
[3.40215895],[1.07595083],[2.76354392]
[3.49561414],[1.08022244],[2.7857201]
[3.49983788],[1.10225424],[2.8637853]
[3.58686661],[1.10023366],[2.87150127]
[3.58871585],[1.1189868],[2.9323253]
[3.61957486],[1.11711792],[2.92559285]
[3.58343662],[1.13358129],[2.9718567]
[3.61302019],[1.1269747],[2.95721737]
[3.57337403],[1.13842451],[2.99321301]
[3.59807998],[1.12577736],[2.9593063]
[3.55923948],[1.13298522],[2.97067762]
[3.61153234],[1.11212689],[2.92445876]
[3.5440408],[1.11735571],[2.91382199]
[3.62802153],[1.09478498],[2.87695355]
[3.52600471],[1.10114849],[2.85264859]
[3.61972835],[1.07679671],[2.81913348]
[3.55556859],[1.07624887],[2.80307282]
[3.63624104],[1.05832085],[2.80261503]
[3.57241432],[1.06083705],[2.76602023]
[3.63045657],[1.05825012],[2.77529468]
[3.57290624],[1.05518439],[2.72544468]
[3.56087629],[1.05593271],[2.71870371]
[3.55356719],[1.05773943],[2.7155359]
[3.55666986],[1.05933682],[2.71512283]
[3.5655328],[1.05553141],[2.71498035]
[3.57088068],[1.03783288],[2.69867775]
[3.56539068],[1.0218837],[2.66700251]
[3.53337161],[1.01585813],[2.61587954]
[3.46776935],[1.01355335],[2.56187813]
[3.37119438],[1.00878948],[2.49895685]
[3.30013684],[1.00428025],[2.454111]
[3.27897783],[0.99959806],[2.41765229]
[3.26691335],[0.99514174],[2.385079]
[3.25464592],[0.99061952],[2.35700444]
[3.24254127],[0.98632269],[2.3279886]
[3.22963451],[0.98294743],[2.30296237]
[3.21463302],[0.97997479],[2.27881272]
[3.2027524],[0.97661386],[2.27194757]
[3.18973306],[0.97279103],[2.28398924]
[6.97571316],[1.342203],[6.33939463]
[5.11242435],[1.04751981],[3.17452918]
[3.76201739],[0.79148065],[1.7564446]
[2.6405609],[0.63402449],[0.81696549]
[1.89495774],[0.38585648],[0.69314724]
[2.43925265],[0.75023992],[1.32535238]
[2.53198279],[0.86841513],[1.61970955]
[2.55325429],[0.95281608],[1.7689876]
[2.5994545],[0.99654062],[1.89780862]
[2.8884335],[1.01002494],[2.01245959]
[3.12189402],[1.03087004],[2.24083626]
[3.26544568],[1.03502704],[2.3680383]
[3.26475976],[1.0395821],[2.59826339]
[3.35431797],[1.04293901],[2.63461906]
[3.3354218],[1.06114648],[2.72304186]
[3.43395663],[1.06382276],[2.74783659]
[3.43866026],[1.08847147],[2.83203548]
[3.52815794],[1.09240192],[2.85480176]
[3.54051154],[1.11590397],[2.93213011]
[3.62240621],[1.11422145],[2.94209099]
[3.6276224],[1.1337432],[3.00188669]
[3.65826466],[1.13159049],[3.00080027]
[3.62160427],[1.15032819],[3.04392177]
[3.67451699],[1.14078024],[3.04406239]
[3.61136318],[1.15303722],[3.06244856]
[3.68906846],[1.14058189],[3.06386734]
[3.61471619],[1.14918484],[3.0488936]
[3.73378013],[1.12753032],[3.05110173]
[3.62376124],[1.13278307],[2.99967199]
[3.74429032],[1.10944103],[3.00213173]
[3.60993289],[1.11642237],[2.93886882]
[3.73758976],[1.0910758],[2.94302319]
[3.69927604],[1.09106746],[2.91730664]
[3.74667154],[1.07297708],[2.92318189]
[3.7001594],[1.07875716],[2.88319763]
[3.73343428],[1.07654083],[2.89918872]
[3.68719745],[1.0752957],[2.8454498]
[3.66780099],[1.07752254],[2.83551346]
[3.65620435],[1.07929526],[2.82757371]
[3.65358538],[1.0808098],[2.82411657]
[3.66092899],[1.07618849],[2.82139406]
[3.66117824],[1.05812693],[2.7968643]
[3.65552696],[1.0418851],[2.7608807]
[3.63121301],[1.02982141],[2.7116019]
[3.57969673],[1.0270272],[2.65065941]
[3.50347001],[1.02222434],[2.58558427]
[3.42940114],[1.0175162],[2.5283511]
[3.35379683],[1.0123718],[2.47878773]
[3.29555196],[1.00740914],[2.43815194]
[3.26916913],[1.00273442],[2.40157817]
[3.25865479],[0.99903302],[2.37272919]
[3.24684265],[0.99551174],[2.34357376]
[3.23104828],[0.99293329],[2.31006207]
[3.2188612],[0.99032736],[2.29006913]
[3.2060581],[0.98701274],[2.29306233]
[7.04057515],[1.37739528],[6.61955361]
[5.09927682],[1.10875281],[3.34361557]
[3.75902945],[0.82252623],[1.86136079]
[2.64456582],[0.67197302],[0.8675342]
[1.88167311],[0.36686819],[0.64957017]
[2.4388414],[0.7607782],[1.34107957]
[2.53483372],[0.88138016],[1.63648582]
[2.5563303],[0.96197313],[1.78659628]
[2.62788126],[1.00457713],[1.9165013]
[2.92568325],[1.019739],[2.04426274]
[3.15287161],[1.04037005],[2.29336169]
[3.29900885],[1.04315191],[2.48231483]
[3.29725526],[1.04708295],[2.67616055]
[3.39138152],[1.0509606],[2.7144957]
[3.37453189],[1.07343239],[2.79971901]
[3.46916864],[1.07606663],[2.82108916]
[3.48155513],[1.10089461],[2.90647446]
[3.5683884],[1.10519719],[2.93206999]
[3.58650948],[1.12815481],[3.00743003]
[3.70295937],[1.12795774],[3.04383894]
[3.69274808],[1.14711924],[3.08777027]
[3.74811138],[1.14562401],[3.11173041]
[3.70760395],[1.16463231],[3.14251116]
[3.77362536],[1.15497493],[3.16645625]
[3.71804802],[1.16714342],[3.1703401]
[3.78837168],[1.15507587],[3.1914816]
[3.72308056],[1.16479735],[3.16105544]
[3.81318567],[1.14357194],[3.17175825]
[3.74474302],[1.14898715],[3.12239253]
[3.81946682],[1.12582001],[3.12081276]
[3.75723951],[1.13315707],[3.07626812]
[3.8144518],[1.10728991],[3.06214003]
[3.80416179],[1.10787375],[3.04241892]
[3.82218514],[1.0914772],[3.04342371]
[3.80068392],[1.09800021],[3.01508187]
[3.81599281],[1.09591834],[3.02701561]
[3.79511048],[1.09772613],[2.98614372]
[3.77866197],[1.09951711],[2.98006364]
[3.77120668],[1.10154323],[2.9750486]
[3.76890328],[1.10322453],[2.97243522]
[3.77253329],[1.09969165],[2.96456624]
[3.77308078],[1.08155376],[2.94036403]
[3.76448225],[1.06521926],[2.89508422]
[3.73081447],[1.04692164],[2.82615037]
[3.67022644],[1.04086646],[2.75370881]
[3.60722069],[1.03668697],[2.68572453]
[3.54591751],[1.0322875],[2.62664011]
[3.48059904],[1.02796965],[2.57413724]
[3.40278207],[1.0231641],[2.51878621]
[3.30309257],[1.01816865],[2.46750629]
[3.27501628],[1.0141978],[2.42717635]
[3.26578241],[1.00976766],[2.39838031]
[3.25274911],[1.00673132],[2.36256944]
[3.24047637],[1.00387187],[2.33847489]
[3.22763812],[1.00084842],[2.32050751]
[7.04553507],[1.40051539],[6.75637186]
[5.09306202],[1.130294],[3.391443]
[3.71911653],[0.82680346],[1.86426811]
[2.59497108],[0.67443788],[0.8530406]
[1.98326925],[0.38323169],[0.68072226]
[2.44011213],[0.77741734],[1.37067592]
[2.53874436],[0.90021479],[1.66386636]
[2.56332827],[0.97544514],[1.81450558]
[2.66868593],[1.01333018],[1.94760173]
[2.98330881],[1.02953632],[2.09642204]
[3.19495415],[1.04865682],[2.36877778]
[3.34250155],[1.05141627],[2.59348682]
[3.32995136],[1.05526804],[2.7497374]
[3.43849513],[1.06309136],[2.79809513]
[3.4296024],[1.08773984],[2.87758838]
[3.52208784],[1.09030429],[2.90617079]
[3.53937816],[1.11522926],[2.98692079]
[3.64608189],[1.11928537],[3.03271472]
[3.67988917],[1.14129402],[3.10425504]
[3.79018869],[1.14174544],[3.16221548]
[3.79960328],[1.16180482],[3.20210854]
[3.82271984],[1.16076559],[3.22605387]
[3.80466853],[1.17915507],[3.25226832]
[3.8401654],[1.16912266],[3.27615245]
[3.80952091],[1.18152283],[3.27802542]
[3.84661844],[1.16999984],[3.29779892]
[3.80788951],[1.18012321],[3.26874684]
[3.8624718],[1.15951342],[3.27644927]
[3.82332175],[1.16431483],[3.23067065]
[3.86731507],[1.14200663],[3.22370958]
[3.8324997],[1.14840172],[3.18285013]
[3.86250054],[1.12429297],[3.16460439]
[3.86309818],[1.1237668],[3.14295423]
[3.87314473],[1.11054082],[3.14723371]
[3.86556164],[1.11601441],[3.12668725]
[3.86972055],[1.11614051],[3.13713724]
[3.86051588],[1.11784584],[3.10359595]
[3.84438426],[1.11953689],[3.09938855]
[3.83893849],[1.12146642],[3.09656443]
[3.83601153],[1.12312531],[3.09369071]
[3.83732753],[1.11998322],[3.0831474]
[3.83724514],[1.10279443],[3.05549034]
[3.83032413],[1.08447723],[3.00859083]
[3.80837249],[1.0655628],[2.94418078]
[3.75389614],[1.05673773],[2.86004093]
[3.66177354],[1.05290681],[2.76838515]
[3.59571309],[1.04831223],[2.70070021]
[3.53782612],[1.04357808],[2.64872916]
[3.46493819],[1.03885915],[2.59302887]
[3.35660222],[1.034106],[2.53211715]
[3.29204831],[1.03021398],[2.48630768]
[3.28280958],[1.02590637],[2.45061535]
[3.2716057],[1.0222015],[2.41324515]
[3.2599466],[1.01874857],[2.38347658]
[3.24626183],[1.01465281],[2.35493895]
[7.17258427],[1.41809022],[6.94334848]
[5.23404194],[1.14768783],[3.51291202]
[3.75347891],[0.83314222],[1.92481905]
[2.63667734],[0.68596564],[0.88541779]
[1.96822131],[0.37782672],[0.65915537]
[2.44983641],[0.78568755],[1.39070507]
[2.54741231],[0.91137297],[1.68600457]
[2.56941864],[0.98224733],[1.83387179]
[2.7039286],[1.01973926],[1.97423629]
[3.02400523],[1.039759],[2.14778429]
[3.23356615],[1.05784752],[2.50925327]
[3.37381454],[1.06498441],[2.70721919]
[3.36968328],[1.07916145],[2.85647213]
[3.47479847],[1.08364572],[2.90880479]
[3.47050466],[1.11023268],[2.98684172]
[3.55833782],[1.11660035],[3.01878106]
[3.5800143],[1.14559637],[3.10204878]
[3.72994171],[1.1624229],[3.17839992]
[3.77013372],[1.17383406],[3.24695871]
[3.84419388],[1.18371212],[3.29474602]
[3.86147399],[1.19486548],[3.33501515]
[3.87998292],[1.20215137],[3.36734886]
[3.86112013],[1.20817209],[3.38532545]
[3.89083345],[1.21547395],[3.42511557]
[3.86500671],[1.22403421],[3.43239831]
[3.89247217],[1.22604999],[3.46436177]
[3.87479499],[1.21799866],[3.45589064]
[3.90388152],[1.19541617],[3.45165714]
[3.89321418],[1.19645961],[3.41469007]
[3.91477275],[1.17025299],[3.3843926]
[3.90935276],[1.17306541],[3.3457051]
[3.91435835],[1.14894707],[3.30561822]
[3.91873688],[1.14841294],[3.27946606]
[3.91713187],[1.13583781],[3.28482596]
[3.91803918],[1.14459786],[3.27452413]
[3.91548351],[1.14705208],[3.28688458]
[3.91414484],[1.14856477],[3.26409699]
[3.89930878],[1.15006529],[3.26142094]
[3.89523326],[1.15178894],[3.26074272]
[3.89239629],[1.15326316],[3.25895123]
[3.8922851],[1.15062462],[3.2436973]
[3.89089856],[1.13352009],[3.2141964]
[3.88560391],[1.11554],[3.16698519]
[3.8705357],[1.09748203],[3.10512175]
[3.83493747],[1.08224997],[3.02889993]
[3.77429618],[1.07096517],[2.93759442]
[3.70216752],[1.0642272],[2.84851477]
[3.6347307],[1.05959391],[2.77826403]
[3.57740847],[1.05490911],[2.71934145]
[3.49324308],[1.05096055],[2.65549351]
[3.39315681],[1.04695567],[2.59376809]
[3.29944893],[1.04243931],[2.54535103]
[3.29059234],[1.03870063],[2.5091266]
[3.2790806],[1.03581305],[2.46880093]
[3.26918188],[1.03263605],[2.45763569]
[7.11563065],[1.43923169],[7.10320026]
[5.28332271],[1.19043833],[3.68633022]
[3.74686043],[0.88532437],[1.98534024]
[2.58493198],[0.70207075],[0.8935842]
[1.90708809],[0.34958535],[0.57390129]
[2.45156097],[0.7915],[1.39595614]
[2.55111285],[0.92121398],[1.70047818]
[2.5725966],[0.98778608],[1.84568289]
[2.73425791],[1.02490936],[1.99670586]
[3.0834917],[1.04664683],[2.21912056]
[3.26591158],[1.0706219],[2.60902932]
[3.40937203],[1.07809774],[2.79371563]
[3.41429677],[1.0946796],[2.94133805]
[3.51399713],[1.10519606],[2.9969216]
[3.51452463],[1.13572129],[3.07189733]
[3.6447608],[1.1588364],[3.12916006]
[3.68808676],[1.19244435],[3.22061535]
[3.79632893],[1.21520704],[3.30560844]
[3.84019104],[1.23052467],[3.39575627]
[3.90140891],[1.24399016],[3.46924918]
[3.92958133],[1.25928106],[3.51978536]
[3.94098102],[1.26875323],[3.56670752]
[3.94091896],[1.27381554],[3.59619812]
[3.95438109],[1.27801208],[3.63364375]
[3.95908757],[1.28237329],[3.65674429]
[3.96124486],[1.28303034],[3.67613185]
[3.96944108],[1.27471494],[3.68565444]
[3.97821494],[1.2623429],[3.6757751]
[4.00274322],[1.25143958],[3.65944353]
[4.008623],[1.23278244],[3.623268]
[4.0470907],[1.22798328],[3.5969677]
[4.01718096],[1.19971161],[3.53688672]
[4.04786867],[1.19563874],[3.51034517]
[4.00183238],[1.18177669],[3.49345099]
[4.02167862],[1.18525733],[3.47605495]
[3.97738215],[1.18252208],[3.46038427]
[3.98917382],[1.17926854],[3.43135867]
[3.95640921],[1.17603843],[3.40978753]
[3.94755959],[1.18020359],[3.39790593]
[3.93994931],[1.18400236],[3.3879089]
[3.93484765],[1.17104638],[3.36835175]
[3.93294753],[1.15316898],[3.33745232]
[3.92907577],[1.13526666],[3.29188334]
[3.91924256],[1.11785804],[3.23242249]
[3.8952026],[1.10268314],[3.16117057]
[3.85313075],[1.08884664],[3.08005592]
[3.80555682],[1.08205577],[3.00147917]
[3.75055291],[1.07465237],[2.92426447]
[3.67419767],[1.0679082],[2.83614874]
[3.60190141],[1.06409156],[2.7664849]
[3.51589048],[1.06088892],[2.70003481]
[3.40070732],[1.0563863],[2.63341263]
[3.31977326],[1.0522917],[2.58485514]
[3.29704727],[1.0502011],[2.54610844]
[3.28862694],[1.04786132],[2.50951668]
[7.02467459],[1.46249332],[7.14030804]
[5.14323802],[1.20829226],[3.69412531]
[3.59941699],[0.89489361],[1.94216231]
[2.38651469],[0.6911299],[0.83790172]
[1.92784328],[0.36712835],[0.57489984]
[2.45364197],[0.81061906],[1.42884298]
[2.55150874],[0.93758766],[1.7250104]
[2.57466521],[0.99603751],[1.86767133]
[2.81108021],[1.03281652],[2.0473843]
[3.14995582],[1.05598327],[2.31413372]
[3.3000654],[1.08497719],[2.70223966]
[3.45681495],[1.09404843],[2.88990659]
[3.47340173],[1.12081686],[3.03472906]
[3.59289197],[1.15085732],[3.10532574]
[3.61032675],[1.19471212],[3.19651934]
[3.75020429],[1.2278327],[3.30957824]
[3.80381581],[1.26493686],[3.43532176]
[3.88737384],[1.28189232],[3.53347455]
[3.95181649],[1.29234694],[3.63048973]
[3.98588701],[1.30273399],[3.68245892]
[4.04709075],[1.31420818],[3.74494335]
[4.03750842],[1.32068509],[3.77504558]
[4.08942744],[1.32682727],[3.82423117]
[4.11548434],[1.33194921],[3.87799267]
[4.16056478],[1.33706717],[3.91980104]
[4.1695694],[1.33793096],[3.95196822]
[4.20602439],[1.33137726],[3.97496656]
[4.24064114],[1.31997727],[3.988317]
[4.27165779],[1.30481681],[3.97919189]
[4.30014044],[1.29230042],[3.95473227]
[4.32635748],[1.28242067],[3.92567268]
[4.3289455],[1.26498235],[3.8735262]
[4.34772516],[1.25345545],[3.84985446]
[4.29163387],[1.25717467],[3.81087346]
[4.31020162],[1.2545631],[3.79702885]
[4.23470521],[1.25296628],[3.75104206]
[4.25509993],[1.25044875],[3.72949567]
[4.18236504],[1.2478268],[3.6810113]
[4.13563008],[1.24665671],[3.65089403]
[4.10271332],[1.24435712],[3.62438712]
[4.06867323],[1.21901115],[3.585629]
[4.04811471],[1.19391727],[3.53774808]
[4.0293432],[1.17106251],[3.4731148]
[4.0126347],[1.15016481],[3.39984383]
[3.96625777],[1.13017199],[3.31170212]
[3.92054413],[1.10854589],[3.22247207]
[3.87578934],[1.09722971],[3.1394737]
[3.8269208],[1.09242272],[3.06321]
[3.77364314],[1.08615133],[2.98275344]
[3.68451801],[1.08069531],[2.89008369]
[3.5796495],[1.07237654],[2.79528054]
[3.47461144],[1.06827423],[2.71591605]
[3.40057004],[1.06561252],[2.66363356]
[3.36578972],[1.06288577],[2.62166027]
[3.33587237],[1.06059579],[2.58079889]
[7.10223217],[1.4874287],[7.32162856]
[5.13624596],[1.23111628],[3.77580626]
[3.56544696],[0.92798401],[1.96982447]
[2.22492126],[0.69643354],[0.83655987]
[1.91170168],[0.36143372],[0.53820552]
[2.45946881],[0.82160461],[1.44655945]
[2.56014464],[0.9483105],[1.74809739]
[2.58237434],[1.00321437],[1.88932368]
[2.90862503],[1.04327485],[2.12467357]
[3.19243041],[1.07430687],[2.41371058]
[3.32360915],[1.13697588],[2.83627758]
[3.49530894],[1.17512749],[3.04295085]
[3.52065759],[1.21572],[3.2104395]
[3.70572757],[1.24892274],[3.35163758]
[3.7641059],[1.27941718],[3.47244113]
[3.86298657],[1.30337144],[3.57720418]
[3.93215705],[1.33052194],[3.70064149]
[3.9774222],[1.34277663],[3.77630162]
[4.0583068],[1.35267215],[3.87476758]
[4.19725895],[1.36209024],[3.98636044]
[4.29373014],[1.37212709],[4.07433244]
[4.31436075],[1.37728953],[4.12751126]
[4.33291063],[1.38320813],[4.18348791]
[4.3630795],[1.38922992],[4.25615641]
[4.37949841],[1.39580901],[4.28985545]
[4.4016429],[1.39693337],[4.34385571]
[4.41586548],[1.39282959],[4.35753735]
[4.45269713],[1.38323508],[4.39604462]
[4.4605249],[1.37015063],[4.36986476]
[4.49268187],[1.35936783],[4.36245752]
[4.49789043],[1.349395],[4.30750197]
[4.51882809],[1.34078305],[4.2671422]
[4.5226011],[1.33184553],[4.24090451]
[4.50279558],[1.33329318],[4.20232795]
[4.49714208],[1.33049279],[4.18612878]
[4.46619499],[1.32797632],[4.14462474]
[4.46024363],[1.32521038],[4.1225773]
[4.43014513],[1.32205806],[4.07335394]
[4.39048563],[1.31958809],[4.03750152]
[4.3678495],[1.31616856],[4.00513411]
[4.34640912],[1.2935731],[3.96341904]
[4.3288858],[1.27253005],[3.91167634]
[4.29849704],[1.25264708],[3.83622504]
[4.27250565],[1.23147329],[3.74063771]
[4.20198187],[1.20902115],[3.63721657]
[4.04801368],[1.18584614],[3.51456335]
[3.96749543],[1.16216844],[3.41573755]
[3.93064907],[1.13748807],[3.32614833]
[3.88439398],[1.1143249],[3.22771971]
[3.81233507],[1.10340383],[3.11977789]
[3.72717115],[1.09489182],[3.01028632]
[3.61205327],[1.08739952],[2.90568821]
[3.46845581],[1.0834441],[2.80930532]
[3.43339609],[1.0815541],[2.75383932]
[3.40451445],[1.07889294],[2.7078765]
[7.20647586],[1.51411489],[7.61433187]
[5.17065694],[1.26488283],[3.91151871]
[3.45840019],[0.98345586],[1.97256161]
[2.10386858],[0.68981381],[0.78427338]
[1.89960681],[0.35169394],[0.49496746]
[2.46593132],[0.83111255],[1.46555664]
[2.56897725],[0.95563162],[1.76799982]
[2.59635783],[1.00859395],[1.90945877]
[2.97975854],[1.05218215],[2.19620821]
[3.22987808],[1.10636367],[2.53643295]
[3.34480416],[1.21889897],[3.00952643]
[3.60620427],[1.25364914],[3.2683349]
[3.70212093],[1.28225547],[3.45636759]
[3.83602476],[1.30592324],[3.59204038]
[3.90116723],[1.333114],[3.71186768]
[3.95445429],[1.35538278],[3.79538108]
[4.02033109],[1.3793419],[3.91618899]
[4.10611345],[1.38979171],[4.01937308]
[4.28808925],[1.39838926],[4.18764524]
[4.40288161],[1.40707412],[4.34941315]
[4.45489365],[1.41766496],[4.42335023]
[4.48195834],[1.42367253],[4.50763312]
[4.48694502],[1.43100871],[4.55970269]
[4.51678468],[1.43796442],[4.64120823]
[4.52336314],[1.44525048],[4.68708687]
[4.55001733],[1.44736759],[4.74463713]
[4.55149131],[1.44403643],[4.76399516]
[4.58547705],[1.43465869],[4.80017023]
[4.58475113],[1.42218388],[4.77756114]
[4.63131359],[1.41339323],[4.77911309]
[4.61224408],[1.40460275],[4.71958056]
[4.68169813],[1.39747957],[4.68266171]
[4.65897628],[1.39038312],[4.64142452]
[4.67187056],[1.3913952],[4.607239]
[4.62565669],[1.38878319],[4.56953932]
[4.63091536],[1.38640427],[4.53885477]
[4.59602407],[1.38383046],[4.50109744]
[4.59131881],[1.3809444],[4.45923132]
[4.55541807],[1.37861725],[4.42008383]
[4.53888896],[1.37582756],[4.38687919]
[4.52268534],[1.35533724],[4.34257272]
[4.5100345],[1.33564094],[4.28734438]
[4.49143222],[1.31579616],[4.20970622]
[4.47307288],[1.29502718],[4.11048023]
[4.43304231],[1.27379355],[3.99789376]
[4.34314193],[1.2533584],[3.85517356]
[4.21933276],[1.2343341],[3.72374117]
[4.05302713],[1.21324061],[3.59825088]
[3.98568164],[1.19348446],[3.50558001]
[3.94570402],[1.17541106],[3.41563364]
[3.89908986],[1.14539497],[3.31598719]
[3.83513147],[1.11463254],[3.20392577]
[3.72231001],[1.09406683],[3.06299752]
[3.58303149],[1.08893705],[2.92977468]
[3.50069643],[1.08673451],[2.84241503]
[7.29417866],[1.54063082],[7.84150185]
[5.24506517],[1.28211807],[3.96890403]
[3.41952993],[0.99758592],[1.975882]
[2.0612533],[0.68390051],[0.77246719]
[1.83332233],[0.33351565],[0.441776]
[2.46474081],[0.83366912],[1.46988731]
[2.57571861],[0.96114717],[1.78261808]
[2.64452405],[1.01698905],[1.93920924]
[3.01033101],[1.06676478],[2.26886056]
[3.25463112],[1.16520861],[2.6916733]
[3.3916839],[1.26950448],[3.15388039]
[3.7018653],[1.29967164],[3.44274331]
[3.80192853],[1.32682495],[3.63565543]
[3.89757561],[1.34905074],[3.76087984]
[3.96242817],[1.37253212],[3.87889419]
[3.99826055],[1.39361522],[3.95934222]
[4.10371519],[1.41707199],[4.10542681]
[4.25452572],[1.42861937],[4.30490449]
[4.39378014],[1.43820339],[4.4762128]
[4.49057174],[1.44739404],[4.64380125]
[4.5288942],[1.45997027],[4.72012514]
[4.55766329],[1.46757641],[4.80485865]
[4.55739547],[1.47692188],[4.87699684]
[4.58794564],[1.48569031],[4.97171101]
[4.591276],[1.49483962],[5.04136841]
[4.63137901],[1.49893958],[5.11573204]
[4.61478993],[1.49530847],[5.14308898]
[4.68882438],[1.48376919],[5.20464945]
[4.65581481],[1.46927482],[5.16534815]
[4.74701548],[1.46074385],[5.18670024]
[4.70434667],[1.45189465],[5.1157481]
[4.80000094],[1.44654374],[5.09271717]
[4.77368839],[1.4398901],[5.05349022]
[4.80327349],[1.44111221],[5.01861502]
[4.7413885],[1.43824188],[4.97847046]
[4.76488849],[1.43594137],[4.94644821]
[4.70623441],[1.43381615],[4.90776596]
[4.72685207],[1.4312188],[4.86519975]
[4.66204887],[1.43064821],[4.81633832]
[4.64146258],[1.42896228],[4.78461339]
[4.62028323],[1.41266731],[4.74950177]
[4.60166835],[1.39788316],[4.70668095]
[4.58150168],[1.38231343],[4.64394713]
[4.57168343],[1.36648183],[4.54918633]
[4.55076892],[1.34956609],[4.41174823]
[4.49750135],[1.33212063],[4.26817453]
[4.42182527],[1.31340911],[4.12196868]
[4.3258093],[1.29255824],[3.97772843]
[4.20408951],[1.27209165],[3.82429761]
[4.04940549],[1.25307813],[3.69250715]
[3.99582993],[1.22385124],[3.59475688]
[3.95747966],[1.19001601],[3.49643754]
[3.89537265],[1.15723573],[3.37603972]
[3.81695413],[1.12340194],[3.24550896]
[3.73483754],[1.10065231],[3.14095964]
[7.36222331],[1.54860655],[7.94024526]
[5.26808506],[1.28385999],[3.95592125]
[3.35723131],[0.99183904],[1.91827962]
[1.97383636],[0.6713787],[0.72454064]
[1.87930534],[0.38087501],[0.50603114]
[2.47569241],[0.85229601],[1.51296262]
[2.58104869],[0.97397634],[1.81447386]
[2.75440507],[1.02676655],[2.00288136]
[3.07095645],[1.08305102],[2.36863696]
[3.28871431],[1.1962437],[2.80345128]
[3.52356678],[1.30197573],[3.28597188]
[3.79184003],[1.33196704],[3.58478147]
[3.89322765],[1.3566297],[3.77714063]
[3.9581024],[1.37725991],[3.89235447]
[4.02066187],[1.40166984],[4.00981401]
[4.07241004],[1.42308331],[4.12326686]
[4.26281097],[1.44871345],[4.33023]
[4.38954803],[1.46177324],[4.55389781]
[4.49164143],[1.47224401],[4.71511161]
[4.56853667],[1.481808],[4.85227532]
[4.59870692],[1.49477743],[4.96176242]
[4.64473268],[1.50308962],[5.04601452]
[4.62554585],[1.5132205],[5.12541492]
[4.6978558],[1.52265847],[5.24196623]
[4.6723749],[1.53258435],[5.32154235]
[4.75389746],[1.53873894],[5.4191334]
[4.71483418],[1.53481862],[5.46842456]
[4.81054009],[1.52410578],[5.55779203]
[4.76717584],[1.51116433],[5.51981031]
[4.88985698],[1.50277238],[5.54119476]
[4.81391614],[1.49158665],[5.45106679]
[4.95469145],[1.48586859],[5.44336539]
[4.93546497],[1.47809949],[5.40664025]
[4.9741703],[1.48126635],[5.38789817]
[4.88814681],[1.48014782],[5.33788923]
[4.9289264],[1.47978584],[5.3250649]
[4.84030083],[1.47897166],[5.28052726]
[4.89680825],[1.47774417],[5.26482037]
[4.81564243],[1.47738752],[5.21297416]
[4.80298921],[1.47557649],[5.18901065]
[4.78913857],[1.45936172],[5.1534446]
[4.77650025],[1.44432439],[5.10926519]
[4.76214707],[1.42932732],[5.04353023]
[4.74791407],[1.41610486],[4.94718522]
[4.73220558],[1.40084814],[4.8017425]
[4.66798278],[1.38572419],[4.63464631]
[4.56748808],[1.36697246],[4.47129592]
[4.50405098],[1.34612899],[4.31585939]
[4.42779915],[1.32526668],[4.15191632]
[4.32891971],[1.30390782],[3.99430214]
[4.20967938],[1.27314334],[3.83354184]
[4.05674571],[1.23827284],[3.69243532]
[3.99834341],[1.20567996],[3.57232752]
[3.95549481],[1.17263806],[3.45987773]
[3.90453895],[1.14364297],[3.36128927]
[7.48392312],[1.55756706],[8.09098321]
[5.39274653],[1.29280725],[4.03838906]
[3.40686308],[0.98577193],[1.94587019]
[1.97905981],[0.66854047],[0.74503546]
[1.88173912],[0.38785968],[0.53423014]
[2.49799747],[0.86517271],[1.55301872]
[2.60968348],[0.98777345],[1.85392013]
[2.8562951],[1.03886162],[2.07072974]
[3.12092716],[1.10293054],[2.49870757]
[3.35601756],[1.24946326],[2.98270176]
[3.62824434],[1.34372809],[3.45355048]
[3.85767455],[1.37274199],[3.74563831]
[3.95718399],[1.3956582],[3.93604686]
[4.00401377],[1.41534906],[4.04941076]
[4.09609089],[1.43828236],[4.18471197]
[4.23048145],[1.46203739],[4.40526855]
[4.37435777],[1.4878294],[4.61847498]
[4.48440617],[1.50039883],[4.80923706]
[4.562685],[1.51119369],[4.97185578]
[4.63216049],[1.52138621],[5.12231694]
[4.66029171],[1.53432656],[5.25015502]
[4.75484969],[1.54323112],[5.35483646]
[4.71547078],[1.55399713],[5.43513974]
[4.80761197],[1.5646818],[5.57147331]
[4.76915193],[1.57669584],[5.68313891]
[4.88215634],[1.58526157],[5.82977845]
[4.80990853],[1.59667839],[5.9031263]
[4.95388897],[1.61104264],[6.05900113]
[4.87701497],[1.59433969],[6.03168246]
[5.020854],[1.5759271],[6.09942203]
[4.96725036],[1.55565983],[6.01238417]
[5.08646518],[1.54664079],[6.0395718]
[5.09129333],[1.53663978],[5.96015162]
[5.1243338],[1.53666299],[5.95699473]
[5.07267324],[1.53207287],[5.87657355]
[5.10171575],[1.52931926],[5.87629168]
[5.04641741],[1.52825231],[5.81169946]
[5.07799392],[1.52677665],[5.7984378]
[5.02065286],[1.52614378],[5.7282152]
[5.00394903],[1.52385368],[5.69228214]
[4.98769034],[1.50916841],[5.6500182]
[4.97069003],[1.4979557],[5.60214469]
[4.95386116],[1.48605254],[5.52632262]
[4.93700633],[1.47385653],[5.4176407]
[4.92077771],[1.45938096],[5.25621335]
[4.8534582],[1.44470572],[5.07210917]
[4.73974964],[1.42780395],[4.88976379]
[4.63425413],[1.40908278],[4.70657002]
[4.56547183],[1.38993399],[4.54998393]
[4.49980476],[1.36688149],[4.38639384]
[4.4218521],[1.33790887],[4.20650129]
[4.32543302],[1.30831498],[4.0401759]
[4.1859096],[1.27827296],[3.85789019]
[4.0454229],[1.2522957],[3.72532372]
[4.01050627],[1.22413795],[3.62997046]
[7.58167707],[1.57328069],[8.31299998]
[5.43200406],[1.30901843],[4.1311891]
[3.34924352],[1.00901458],[1.92158499]
[1.86589598],[0.67292399],[0.70617879]
[1.89737946],[0.39836318],[0.555075]
[2.5226893],[0.87900366],[1.59297141]
[2.63745572],[0.99780954],[1.88752929]
[2.94441462],[1.04903013],[2.13679317]
[3.17152034],[1.14463493],[2.64419902]
[3.46801083],[1.29015003],[3.1453212]
[3.71625183],[1.37848661],[3.60166426]
[3.91424545],[1.40801828],[3.8874107]
[4.01112398],[1.42796923],[4.07813851]
[4.06214784],[1.44727408],[4.23960118]
[4.23649859],[1.47547543],[4.44246824]
[4.35369311],[1.4994713],[4.67403304]
[4.46922264],[1.52458211],[4.87778307]
[4.56381382],[1.53815149],[5.05139371]
[4.62402846],[1.5505364],[5.24943307]
[4.74290789],[1.56253708],[5.44165676]
[4.75682084],[1.57834567],[5.5856647]
[4.88327187],[1.59065503],[5.75343023]
[4.81430246],[1.60547905],[5.865874]
[4.9528496],[1.61972266],[6.07314037]
[4.89225797],[1.6353431],[6.20459753]
[5.03436202],[1.67231309],[6.43027359]
[4.98183834],[1.7139364],[6.5263063]
[5.10481748],[1.73349929],[6.70519391]
[5.07288287],[1.71880587],[6.71070722]
[5.16752753],[1.7072782],[6.78706317]
[5.14505446],[1.67503143],[6.71134368]
[5.21811957],[1.67669653],[6.74125724]
[5.23032011],[1.64884325],[6.65430533]
[5.25595785],[1.64626923],[6.62805382]
[5.22431053],[1.60773869],[6.51032468]
[5.23560313],[1.59560897],[6.47229441]
[5.19842162],[1.57746317],[6.38455905]
[5.2154262],[1.57227605],[6.35442162]
[5.17712453],[1.56957785],[6.27029333]
[5.16175984],[1.56685675],[6.21995976]
[5.14775713],[1.55292371],[6.16506149]
[5.13270543],[1.54157136],[6.10659111]
[5.11713063],[1.52985837],[6.01491851]
[5.10184575],[1.51745859],[5.90087081]
[5.08799278],[1.50328119],[5.73807492]
[5.03717294],[1.48782068],[5.50776667]
[4.93920682],[1.47093196],[5.29350775]
[4.81240821],[1.45168646],[5.07982907]
[4.71344393],[1.43459517],[4.90233507]
[4.62196641],[1.41129889],[4.70949202]
[4.56758831],[1.38362447],[4.5544259]
[4.5034655],[1.35136237],[4.38886962]
[4.41507899],[1.32310832],[4.18901558]
[4.30981933],[1.29688577],[4.00558317]
[4.17171352],[1.26949065],[3.8362938]
[7.71347397],[1.61247527],[8.56679202]
[5.53587338],[1.32739615],[4.25601589]
[3.39052466],[1.02252982],[1.93505948]
[1.80174619],[0.68508032],[0.69374667]
[1.8340378],[0.38293774],[0.52465027]
[2.53757919],[0.89011566],[1.62218365]
[2.69050623],[1.00604573],[1.92025535]
[3.01350032],[1.05819163],[2.19484153]
[3.21813774],[1.18984486],[2.77663521]
[3.55649261],[1.32505022],[3.29131694]
[3.78752627],[1.41258635],[3.74297003]
[3.96266306],[1.44356794],[4.02566783]
[4.07127352],[1.46836983],[4.23888724]
[4.20046138],[1.49263636],[4.52722559]
[4.35376851],[1.5227893],[4.75918966]
[4.45690672],[1.54749937],[4.96980355]
[4.55216415],[1.57301222],[5.19575561]
[4.63468506],[1.58837199],[5.42618719]
[4.69732368],[1.60267604],[5.66820994]
[4.89034844],[1.61543493],[5.96903159]
[4.89524563],[1.6309534],[6.1448343]
[5.05522805],[1.64409871],[6.3426057]
[5.01020336],[1.65866819],[6.43891356]
[5.12204108],[1.69173804],[6.66723521]
[5.09705799],[1.73674498],[6.81103762]
[5.18281569],[1.77761681],[7.03873314]
[5.16100698],[1.81676299],[7.1755474]
[5.23545418],[1.83446415],[7.33653728]
[5.2262646],[1.82942399],[7.36328823]
[5.29158772],[1.81117278],[7.46489245]
[5.30331311],[1.78853485],[7.40264915]
[5.35830584],[1.78289999],[7.47088293]
[5.40074345],[1.75667385],[7.39922313]
[5.42401751],[1.75205731],[7.36442681]
[5.41225536],[1.72674307],[7.23021211]
[5.39562619],[1.72049231],[7.17612876]
[5.37655286],[1.69524455],[7.05369405]
[5.3653554],[1.67972981],[6.98690343]
[5.34230673],[1.66126817],[6.86623022]
[5.31319973],[1.64535737],[6.79040279]
[5.29474023],[1.63538517],[6.72248232]
[5.2758527],[1.62021157],[6.64834727]
[5.25567781],[1.57986349],[6.53227092]
[5.23689401],[1.55980516],[6.40459488]
[5.21884411],[1.54611175],[6.23632872]
[5.17936621],[1.53179369],[6.00860829]
[5.11655552],[1.5152193],[5.76982037]
[5.0336606],[1.49562384],[5.54229857]
[4.93441487],[1.47655036],[5.32164311]
[4.80353121],[1.452308],[5.09113649]
[4.70663728],[1.42628939],[4.89891318]
[4.63510023],[1.39778264],[4.72285749]
[4.5761804],[1.3706814],[4.55619601]
[4.50899145],[1.34402187],[4.39057009]
[4.42605044],[1.31722533],[4.20363981]
[7.82869809],[1.63588756],[8.74330591]
[5.56765618],[1.33626695],[4.29821744]
[3.41664751],[1.02902618],[1.91553445]
[1.75428611],[0.68690035],[0.65798825]
[1.89233983],[0.41836169],[0.57934537]
[2.55114877],[0.91064364],[1.66925489]
[2.79700736],[1.01929686],[1.98320601]
[3.08078903],[1.07097596],[2.27204004]
[3.27499926],[1.24377265],[2.93078752]
[3.64644731],[1.37550033],[3.47501755]
[3.8583917],[1.46093304],[3.92939191]
[4.02500902],[1.50020806],[4.24433129]
[4.23271469],[1.52701565],[4.59833011]
[4.3791105],[1.5522639],[4.92060311]
[4.49368312],[1.58230802],[5.16816354]
[4.58684708],[1.60673361],[5.39731705]
[4.65673357],[1.63248041],[5.67278328]
[4.79177192],[1.64748178],[5.98001119]
[4.84673346],[1.66259829],[6.27211756]
[5.08258436],[1.68763288],[6.56159494]
[5.10751739],[1.7106232],[6.77528729]
[5.20694487],[1.73424527],[6.96992896]
[5.19034795],[1.7613795],[7.11340835]
[5.25806734],[1.79852012],[7.30981056]
[5.25465616],[1.84034596],[7.52318831]
[5.32067318],[1.8767924],[7.7256594]
[5.3321722],[1.91120354],[7.95055391]
[5.39078076],[1.92769711],[8.05629667]
[5.41720382],[1.9277184],[8.19448604]
[5.46696059],[1.9109651],[8.22660116]
[5.50378572],[1.89229551],[8.26630239]
[5.53720817],[1.87699496],[8.23327256]
[5.59243727],[1.85359845],[8.21919376]
[5.60675784],[1.84755297],[8.13819627]
[5.61894749],[1.82403556],[8.02356242]
[5.57545785],[1.81637363],[7.92445652]
[5.56653383],[1.79331905],[7.82450824]
[5.53600954],[1.77939036],[7.72906389]
[5.52647422],[1.76298648],[7.61026185]
[5.49213211],[1.74854848],[7.48898163]
[5.47207105],[1.7350005],[7.38225935]
[5.45197097],[1.72010372],[7.27506472]
[5.42884634],[1.689933],[7.14617457]
[5.40936017],[1.64462486],[6.993665]
[5.3904207],[1.59285088],[6.7977482]
[5.34906978],[1.57064314],[6.5032477]
[5.27984081],[1.55445977],[6.25915099]
[5.19927918],[1.53374163],[6.00669837]
[5.13594488],[1.51446578],[5.76516399]
[5.04767177],[1.48881657],[5.52431774]
[4.93912058],[1.46291323],[5.29377772]
[4.80792387],[1.43570678],[5.06802702]
[4.70375193],[1.41080403],[4.85995117]
[4.64497084],[1.38504326],[4.70284185]
[4.59172496],[1.35592346],[4.54285498]
[7.97314982],[1.66711415],[8.97268412]
[5.71427584],[1.34933528],[4.4377764]
[3.55820191],[1.04105241],[1.98942704]
[1.81662222],[0.70244169],[0.69596031]
[1.88676619],[0.43602939],[0.58314215]
[2.58083592],[0.92597416],[1.7143914]
[2.89795276],[1.03333704],[2.05917988]
[3.15491323],[1.0862197],[2.38943788]
[3.35652262],[1.31656873],[3.18155565]
[3.73650915],[1.44473886],[3.71381586]
[3.93569284],[1.52509125],[4.16571747]
[4.14206281],[1.56412406],[4.61086304]
[4.37752621],[1.59005345],[5.03016656]
[4.50638864],[1.61521282],[5.33002192]
[4.59678411],[1.64602615],[5.67262772]
[4.68921174],[1.66906575],[5.94838285]
[4.75825381],[1.68850915],[6.31183796]
[4.96625648],[1.71510154],[6.58631607]
[5.03870156],[1.77248068],[6.91313373]
[5.2170225],[1.79820405],[7.18739588]
[5.26172861],[1.82277136],[7.49483055]
[5.34583416],[1.84523767],[7.67568561]
[5.37035021],[1.86952053],[7.89408521]
[5.42241954],[1.90004399],[8.06015361]
[5.45541985],[1.93781282],[8.35335554]
[5.49862519],[1.97075785],[8.54067202]
[5.54029551],[2.00079782],[8.82830376]
[5.57114733],[2.01609887],[8.91841428]
[5.62350622],[2.01932665],[9.11121883]
[5.6966057],[2.00430126],[9.13697785]
[5.79001082],[1.98880749],[9.28404235]
[5.87291464],[1.97401562],[9.24060288]
[5.96363793],[1.9433563],[9.31405259]
[6.04921935],[1.93707908],[9.27950611]
[6.09252611],[1.91446807],[9.15178993]
[6.07127931],[1.90670594],[8.99438758]
[5.99373429],[1.88630771],[8.83772096]
[5.91331986],[1.87251124],[8.65882835]
[5.857894],[1.85657259],[8.51756344]
[5.76213719],[1.84212856],[8.31303212]
[5.68588564],[1.82965487],[8.15755854]
[5.62496542],[1.81625947],[8.02949509]
[5.59416369],[1.79095033],[7.86473104]
[5.57344382],[1.74102156],[7.69153847]
[5.55195929],[1.69304343],[7.47157301]
[5.50772053],[1.65139321],[7.1737669]
[5.4426153],[1.60471942],[6.84365824]
[5.35874255],[1.58009124],[6.53971514]
[5.27625743],[1.5598674],[6.28761633]
[5.20728203],[1.53611716],[6.03195679]
[5.13419851],[1.51352338],[5.79445891]
[5.04250332],[1.48818031],[5.58657941]
[4.91679939],[1.4644378],[5.3474239]
[4.78817224],[1.44089794],[5.11287984]
[4.69956698],[1.41393542],[4.92113892]
[8.05290981],[1.69955611],[9.25476073]
[5.74208449],[1.36841308],[4.57666104]
[3.58434818],[1.08296698],[2.0670086]
[1.80617041],[0.72179432],[0.68433714]
[1.90554188],[0.46231303],[0.59265662]
[2.61961049],[0.94161799],[1.7637048]
[3.00450775],[1.04540208],[2.14363551]
[3.27202876],[1.10601652],[2.53103354]
[3.48401055],[1.37970138],[3.41466435]
[3.82104492],[1.50872194],[3.94516276]
[4.03105442],[1.58235967],[4.43561423]
[4.30208732],[1.62296712],[4.98172642]
[4.49164855],[1.6492041],[5.4225874]
[4.60042974],[1.67221119],[5.82617646]
[4.67712459],[1.69716285],[6.3151289]
[4.82244434],[1.71977097],[6.54567818]
[4.87394219],[1.78291894],[6.9189585]
[5.10793328],[1.83593016],[7.23217024]
[5.17938967],[1.88887372],[7.6098003]
[5.33003766],[1.91277294],[7.93131065]
[5.42859441],[1.93562114],[8.283771]
[5.50737041],[1.95660569],[8.48278258]
[5.5608392],[1.97934901],[8.76210092]
[5.59024499],[2.00566469],[8.94809528]
[5.66828933],[2.03792319],[9.28286322]
[5.75268265],[2.06497674],[9.51676695]
[5.84532988],[2.08955083],[9.88524267]
[5.94129155],[2.10410287],[10.06307024]
[5.99456836],[2.11079629],[10.27524718]
[6.12305623],[2.09834763],[10.40792474]
[6.15940173],[2.0853087],[10.55220052]
[6.30842118],[2.07235454],[10.62841235]
[6.3550466],[2.04131854],[10.63025848]
[6.50670494],[2.0405532],[10.72202783]
[6.55716566],[2.00964138],[10.56570311]
[6.6103109],[2.00846441],[10.44043562]
[6.52562508],[1.99320934],[10.18855067]
[6.4958931],[1.97667626],[10.03673022]
[6.36444235],[1.96041013],[9.80781197]
[6.32645828],[1.94010471],[9.6107336]
[6.20658568],[1.92665987],[9.37571002]
[6.13925381],[1.91361298],[9.15733516]
[6.06499068],[1.89251399],[8.90091091]
[5.99799771],[1.84656328],[8.65609232]
[5.93159171],[1.79942099],[8.36916583]
[5.79348612],[1.75087689],[7.94703739]
[5.61027826],[1.71233997],[7.49363432]
[5.52786303],[1.66894312],[7.14218402]
[5.44943431],[1.62640158],[6.83574866]
[5.35745566],[1.57543037],[6.52203172]
[5.27562809],[1.5512762],[6.27351476]
[5.21057203],[1.52551137],[6.03100528]
[5.12537007],[1.5013095],[5.78816627]
[5.0279187],[1.47717785],[5.57028669]
[4.90364508],[1.45026776],[5.33121239]
[8.40705567],[1.76415794],[9.64681688]
[5.84435089],[1.39798184],[4.74742097]
[3.68049449],[1.11892705],[2.18216626]
[1.93893419],[0.73973906],[0.72985542]
[1.90734613],[0.45737752],[0.58120972]
[2.65264438],[0.95300668],[1.79794058]
[3.10177952],[1.056354],[2.23047787]
[3.38811715],[1.14756484],[2.69431211]
[3.62438436],[1.43225987],[3.62366777]
[3.89630709],[1.56019613],[4.15975992]
[4.14005967],[1.63040099],[4.70304431]
[4.43401471],[1.67023077],[5.2824433]
[4.590075],[1.69365418],[5.86406611]
[4.68256761],[1.71517727],[6.35006211]
[4.76284738],[1.77036028],[6.83567813]
[4.97777987],[1.82379329],[7.10810468]
[5.0382677],[1.88467279],[7.52234711]
[5.21762707],[1.93433396],[7.90069794]
[5.29873336],[1.98215853],[8.30200597]
[5.43156006],[2.00485867],[8.64052184]
[5.5878329],[2.02638924],[9.07279287]
[5.68018948],[2.04603228],[9.34238131]
[5.80645443],[2.06749],[9.69081558]
[5.89136463],[2.08895102],[9.94909828]
[5.96404505],[2.11873737],[10.32785967]
[6.09374183],[2.14486568],[10.66516986]
[6.22471887],[2.16814363],[11.01806384]
[6.42811662],[2.18165631],[11.39167238]
[6.47760592],[2.18694608],[11.59022075]
[6.56196978],[2.18472933],[11.89306796]
[6.63774945],[2.16905843],[12.06784916]
[6.68580276],[2.15711423],[12.25463769]
[6.81450971],[2.13897312],[12.31442165]
[6.87203583],[2.12671399],[12.29952317]
[6.99657362],[2.10361228],[12.24075707]
[7.00088045],[2.10025771],[12.08671501]
[7.0497013],[2.08664107],[11.89026201]
[6.96119406],[2.07209942],[11.66312037]
[6.92360177],[2.05730813],[11.41536953]
[6.84008299],[2.03937152],[11.16502945]
[6.78253421],[2.02241757],[10.89391949]
[6.68200687],[2.0018152],[10.60198873]
[6.59435331],[1.98141688],[10.28582426]
[6.52091312],[1.93949596],[9.97526814]
[6.45521437],[1.89692356],[9.64546204]
[6.34146069],[1.85091713],[9.21218101]
[6.14932681],[1.80342869],[8.47023978]
[5.92174127],[1.76026731],[7.86814827]
[5.67157065],[1.71544411],[7.45506441]
[5.54103203],[1.66871439],[7.10196404]
[5.46035052],[1.61537635],[6.81019125]
[5.36152114],[1.56516806],[6.51965917]
[5.27941268],[1.53941833],[6.26349021]
[5.21420261],[1.51460241],[6.02070316]
[5.13444513],[1.48748451],[5.78702611]
[9.67237108],[1.80914209],[10.19817932]
[5.87215788],[1.41359482],[4.82183587]
[3.70662032],[1.13665359],[2.23072516]
[2.0156071],[0.74747195],[0.73601059]
[2.01548367],[0.53731632],[0.70144444]
[2.68739565],[0.97957376],[1.8691194]
[3.21580877],[1.07253789],[2.33926017]
[3.54372503],[1.22161687],[2.94712703]
[3.75555522],[1.48945542],[3.86978244]
[3.99553022],[1.61402456],[4.42247237]
[4.30266136],[1.68017232],[5.07887408]
[4.55637874],[1.71370723],[5.65843653]
[4.67792237],[1.73680084],[6.39383109]
[4.82909494],[1.80368997],[6.88571763]
[4.89686862],[1.87255688],[7.37235593]
[5.13954097],[1.92530785],[7.75055333]
[5.19460094],[1.98359695],[8.16757307]
[5.32361482],[2.02953071],[8.59720517]
[5.42331979],[2.07232371],[9.02939256]
[5.56036344],[2.09458363],[9.42279566]
[5.81934868],[2.11585596],[9.9170666]
[5.99509844],[2.13500461],[10.34666909]
[6.08844948],[2.15478052],[10.75876075]
[6.23920253],[2.1723144],[11.17543053]
[6.29472825],[2.19873746],[11.54725388]
[6.54124103],[2.22179123],[12.0380364]
[6.71026196],[2.26676128],[12.42757352]
[6.84564602],[2.29341935],[12.89635313]
[7.00370334],[2.34492799],[13.25049633]
[7.03050153],[2.37059292],[13.56741757]
[7.16119519],[2.35066229],[13.82326532]
[7.24675826],[2.3079124],[13.99937349]
[7.42269294],[2.26847427],[14.20516509]
[7.47355618],[2.22906744],[14.18669149]
[7.5554451],[2.19417603],[14.14959827]
[7.57561759],[2.17722296],[13.96378529]
[7.54780169],[2.16548325],[13.7923623]
[7.47839702],[2.15339835],[13.53598848]
[7.43108776],[2.14137494],[13.3271199]
[7.34741233],[2.12701562],[13.00942925]
[7.34069059],[2.11337422],[12.77202677]
[7.25118067],[2.09677866],[12.40115757]
[7.16961937],[2.07505732],[12.04270932]
[7.0798214],[2.03758384],[11.69400328]
[6.99679476],[1.99740477],[11.32106988]
[6.88513102],[1.95417236],[10.83759813]
[6.70634225],[1.90475712],[10.07037627]
[6.51767551],[1.84816314],[9.06209364]
[6.14721418],[1.80098639],[8.24566086]
[5.8842875],[1.75259086],[7.75768158]
[5.70806045],[1.70698568],[7.37896253]
[5.56196474],[1.6577806],[7.06566641]
[5.45534626],[1.59281978],[6.75030709]
[5.36033028],[1.54885824],[6.47352878]
[5.29559557],[1.52158293],[6.21059482]
[10.90338614],[1.8608389],[11.16315222]
[6.05259397],[1.43278728],[4.97780731]
[3.8872838],[1.15532928],[2.33806778]
[2.18492765],[0.76333059],[0.82952523]
[2.06949936],[0.57352695],[0.76353607]
[2.79687342],[0.99562613],[1.9260295]
[3.31621439],[1.08514125],[2.44232128]
[3.65527235],[1.30017524],[3.20518242]
[3.84496146],[1.54524119],[4.1342211]
[4.09212879],[1.66550026],[4.72912821]
[4.41498111],[1.71921238],[5.4153595]
[4.64056429],[1.75135979],[6.06210723]
[4.75712369],[1.79908864],[6.87612055]
[4.96644424],[1.88992892],[7.37634393]
[5.05912655],[1.96443034],[7.94373674]
[5.24374647],[2.01598358],[8.39829298]
[5.30253977],[2.07308592],[8.8687408]
[5.41941653],[2.1157225],[9.32223224]
[5.55473346],[2.15704383],[9.80416366]
[5.77139589],[2.17845918],[10.24785728]
[6.02902951],[2.19705046],[10.92293316]
[6.32031628],[2.21772124],[11.53972191]
[6.39995627],[2.2663213],[12.04204543]
[6.60359877],[2.30760855],[12.57450279]
[6.71210217],[2.36162668],[13.01491309]
[6.87845951],[2.4078475],[13.56751132]
[7.0619486],[2.45698674],[14.03883372]
[7.19448807],[2.49776885],[14.50222676]
[7.47873583],[2.53931818],[14.99776584]
[7.55198385],[2.56434957],[15.34507793]
[7.65196815],[2.55215215],[15.7126146]
[7.69059008],[2.51588281],[15.95536087]
[7.7635358],[2.46591601],[16.16009092]
[7.8914786],[2.41836141],[16.26476114]
[7.9706507],[2.36886673],[16.16159017]
[8.18490308],[2.32755572],[16.10863936]
[8.21124222],[2.29188236],[15.85214377]
[8.18169823],[2.26409228],[15.64195174]
[8.01910689],[2.23568469],[15.22733501]
[7.94774152],[2.21021588],[14.97179964]
[7.76618144],[2.192499],[14.62214879]
[7.707303],[2.18015631],[14.31408689]
[7.5769693],[2.1634956],[13.92318527]
[7.51712216],[2.13077077],[13.57724575]
[7.46540568],[2.09310244],[13.20809821]
[7.39511907],[2.0522222],[12.74022759]
[7.23342008],[2.00639706],[12.10751378]
[7.0420258],[1.95495096],[11.08866888]
[6.77261059],[1.8993072],[9.71636429]
[6.26942202],[1.84303685],[8.74280044]
[6.03417352],[1.79235855],[8.14792124]
[5.84679791],[1.74656748],[7.73288369]
[5.67679623],[1.69302414],[7.37843793]
[5.53901881],[1.64513593],[7.10568697]
[5.44338609],[1.57107011],[6.80888954]
[11.39261526],[1.90749843],[12.18084725]
[5.99099482],[1.4540435],[5.09106673]
[3.87288532],[1.19447442],[2.42872381]
[2.22840288],[0.79218966],[0.88165348]
[2.11108895],[0.60070049],[0.81394997]
[2.89676011],[1.00510744],[1.97529216]
[3.3804373],[1.0912813],[2.50432488]
[3.72050002],[1.33553279],[3.34606146]
[3.90668112],[1.5752808],[4.29228089]
[4.15137098],[1.69177729],[4.92925904]
[4.47746268],[1.74301124],[5.62715955]
[4.69657891],[1.77416596],[6.36049706]
[4.82707673],[1.87223297],[7.19003848]
[5.05970269],[1.96097772],[7.75505772]
[5.14437484],[2.03901766],[8.35705688]
[5.29552547],[2.08565642],[8.8612764]
[5.35751124],[2.13885582],[9.36917245]
[5.48483562],[2.17992276],[9.84224231]
[5.64220247],[2.21830645],[10.38733582]
[5.92499302],[2.25381682],[10.98877883]
[6.17701876],[2.33433574],[11.79620143]
[6.50905712],[2.40802816],[12.58214073]
[6.61720662],[2.4596592],[13.23469948]
[6.80122797],[2.50367501],[13.90106763]
[6.94246033],[2.54765614],[14.39910826]
[7.11608348],[2.58480616],[14.97624331]
[7.37504252],[2.62511339],[15.55775381]
[7.57713866],[2.65852601],[16.12842598]
[7.73401005],[2.69141733],[16.63039965]
[7.79903198],[2.71472714],[17.01163485]
[7.85340426],[2.70716428],[17.3251775]
[8.05182471],[2.67859619],[17.72632727]
[8.1868847],[2.64395738],[17.99488829]
[8.34637168],[2.61385429],[18.2573039]
[8.42148095],[2.57520716],[18.25870861]
[8.49899942],[2.53124586],[18.22301885]
[8.55092031],[2.48327819],[18.05211692]
[8.54972106],[2.44086797],[17.84655235]
[8.5076678],[2.40230915],[17.48235151]
[8.4428298],[2.37401117],[17.20058658]
[8.37707645],[2.3465757],[16.82776209]
[8.31936475],[2.31983161],[16.53721378]
[8.248609],[2.29099906],[16.10105542]
[8.16236658],[2.26474922],[15.7285177]
[8.08606718],[2.213863],[15.33288089]
[7.99175999],[2.15035383],[14.82772125]
[7.86590866],[2.10129989],[14.1929273]
[7.7332211],[2.05434458],[13.39246203]
[7.4502592],[2.00448881],[12.1084122]
[6.88287599],[1.95041482],[10.35835674]
[6.33212178],[1.89690966],[9.24013679]
[6.11633479],[1.84775517],[8.5471363]
[5.92630506],[1.79526437],[8.02728585]
[5.79153771],[1.747759],[7.6639734]
[5.64642088],[1.66694265],[7.34363842]
[11.83220429],[1.9839574],[13.73616885]
[5.97994967],[1.47397516],[5.17825214]
[3.87094873],[1.21713814],[2.47257927]
[2.27814353],[0.8003906],[0.91595075]
[2.10056084],[0.60787447],[0.81577243]
[2.95725445],[1.01056067],[1.99681672]
[3.42945219],[1.09698256],[2.55446282]
[3.76967271],[1.36113945],[3.45274727]
[3.97560818],[1.59692398],[4.43085407]
[4.21580044],[1.71018257],[5.09884078]
[4.52335276],[1.76034],[5.81435396]
[4.76054005],[1.79158835],[6.59406694]
[4.89042061],[1.91654995],[7.42727626]
[5.1377692],[2.00655984],[8.0500396]
[5.21681422],[2.08400548],[8.70231783]
[5.34434473],[2.12927691],[9.23588805]
[5.43212362],[2.18354083],[9.7513793]
[5.54943841],[2.22409942],[10.26112992]
[5.79999331],[2.27413269],[10.89570445]
[6.065458],[2.35962045],[11.65863585]
[6.31764632],[2.48592407],[12.55575434]
[6.65416088],[2.5506793],[13.47200358]
[6.76772941],[2.5962063],[14.20078154]
[6.94188563],[2.63403033],[14.8416904]
[7.15396176],[2.67143488],[15.41152968]
[7.33346642],[2.70045822],[15.99221582]
[7.61130512],[2.73299366],[16.68814702]
[7.75373682],[2.76126697],[17.24013671]
[7.86488432],[2.78888913],[17.70333729]
[8.06898282],[2.80843781],[18.18742673]
[8.11535021],[2.81197152],[18.49791802]
[8.33818684],[2.79414618],[19.05881826]
[8.43597619],[2.7708708],[19.36191902]
[8.51822596],[2.74852604],[19.66663345]
[8.57862905],[2.71979777],[19.77196552]
[8.61988254],[2.68683591],[19.73158189]
[8.76414361],[2.65492984],[19.70587294]
[8.84757402],[2.62191446],[19.50467087]
[8.8450618],[2.5933343],[19.24260672]
[8.6326241],[2.56772824],[18.8705882]
[8.61624966],[2.53933326],[18.58380814]
[8.49641827],[2.50904069],[18.22353064]
[8.46229734],[2.47180185],[17.87302934]
[8.36823892],[2.44084729],[17.46940795]
[8.31710961],[2.4112537],[17.08477134]
[8.25397797],[2.34180725],[16.61675142]
[8.17496852],[2.25552319],[16.01194695]
[8.09579354],[2.18762012],[15.25559739]
[7.95563626],[2.09867595],[14.24763739]
[7.5674142],[2.04225127],[12.54133856]
[6.70932681],[1.99192127],[10.6906758]
[6.28286564],[1.94068149],[9.52010352]
[6.08417205],[1.8899572],[8.78435219]
[5.91953889],[1.84073559],[8.24078369]
[5.80419283],[1.7586486],[7.85360917]
[12.17770158],[2.00659336],[14.57932753]
[5.88515213],[1.47963495],[5.40979522]
[3.75205881],[1.22740434],[2.45971325]
[2.24805029],[0.80210164],[0.90496811]
[2.19867282],[0.66395245],[0.91257294]
[3.0458121],[1.02532432],[2.05929975]
[3.50736283],[1.10942699],[2.62965195]
[3.82550478],[1.39525697],[3.61801524]
[4.05331506],[1.62452941],[4.59720882]
[4.30654535],[1.73109442],[5.28584409]
[4.57031475],[1.7791806],[6.0263533]
[4.84069917],[1.83337576],[6.8808232]
[4.97395647],[1.96441973],[7.69905816]
[5.21370576],[2.05133559],[8.37751126]
[5.28666111],[2.12684898],[9.07401718]
[5.39821866],[2.17053405],[9.61495516]
[5.51670474],[2.22059468],[10.15301899]
[5.63400062],[2.25952619],[10.70351735]
[5.94157179],[2.35083971],[11.45843578]
[6.22243233],[2.44153051],[12.2945335]
[6.4883246],[2.57360673],[13.20309137]
[6.7773804],[2.63058889],[14.22222357]
[6.94034524],[2.67460269],[15.0008718]
[7.13686365],[2.71070961],[15.66888342]
[7.38969382],[2.74665774],[16.34655357]
[7.60316889],[2.77477228],[17.02509948]
[7.78507773],[2.80834018],[17.69443899]
[7.90984105],[2.83502991],[18.24971378]
[8.02696186],[2.86851631],[18.75311581]
[8.35706725],[2.88827503],[19.39173632]
[8.4334374],[2.90102645],[19.73136784]
[8.52715794],[2.89741893],[20.26292708]
[8.59990413],[2.88074238],[20.5629418]
[8.64393824],[2.86103454],[20.86558433]
[8.76925423],[2.8303578],[21.10626026]
[8.88557918],[2.79555799],[21.11432171]
[9.10814509],[2.76496431],[21.2059062]
[9.19783721],[2.73088083],[20.99668402]
[9.20317961],[2.70052799],[20.80803787]
[9.10298072],[2.6748846],[20.3797673]
[9.05046614],[2.65056807],[20.10400095]
[8.92191233],[2.62554646],[19.63377415]
[8.8673152],[2.59645281],[19.30656922]
[8.68019201],[2.57085733],[18.81087339]
[8.56047666],[2.54602829],[18.41468983]
[8.46737489],[2.49397403],[17.9586272]
[8.39204112],[2.4194147],[17.43498011]
[8.3230491],[2.32848156],[16.72435157]
[8.17814038],[2.20978088],[15.70382068]
[7.95109043],[2.11538236],[14.30071122]
[7.31564926],[2.05074833],[12.28571755]
[6.56593847],[2.0023181],[10.48465228]
[6.23122158],[1.95032903],[9.46029064]
[6.0584669],[1.90278633],[8.79390481]
[5.91227703],[1.82813158],[8.27659069]
[12.70749265],[2.03170373],[15.62450537]
[5.96003371],[1.49025205],[5.98979885]
[3.90577272],[1.23999564],[2.51829582]
[2.3641116],[0.81022717],[0.96768724]
[2.25785469],[0.68577783],[0.96783488]
[3.14400672],[1.03376526],[2.10655595]
[3.59544587],[1.14951431],[2.73633005]
[3.886524],[1.43548035],[3.79440384]
[4.12516414],[1.65518662],[4.78192827]
[4.38249796],[1.75286591],[5.49346373]
[4.61501965],[1.79878381],[6.2632441]
[4.9125051],[1.88293819],[7.17935587]
[5.06641163],[2.01213372],[7.99409073]
[5.27238937],[2.09423466],[8.73582735]
[5.34022052],[2.16855931],[9.44533944]
[5.46483055],[2.21185973],[9.99284237]
[5.5879028],[2.25571677],[10.58241381]
[5.79333641],[2.31238764],[11.20847872]
[6.05319044],[2.43232905],[12.0718907]
[6.37510988],[2.545714],[12.97287845]
[6.6668323],[2.65276768],[13.88907803]
[6.92068467],[2.70074441],[14.93582472]
[7.17616599],[2.7399004],[15.82048812]
[7.36136277],[2.77638533],[16.5353964]
[7.64366287],[2.81481616],[17.32584043]
[7.79904469],[2.84644856],[17.95453114]
[7.92328905],[2.88170534],[18.58053974]
[8.17028587],[2.91253226],[19.24974327]
[8.34911601],[2.94444992],[19.77628834]
[8.55547379],[2.96172918],[20.47289879]
[8.63280381],[2.97815718],[20.85560613]
[8.67050285],[2.98515537],[21.33693619]
[8.76831714],[2.97345245],[21.71936304]
[8.89647538],[2.95302904],[22.10485178]
[9.12832112],[2.92764681],[22.55125002]
[9.21652981],[2.90042539],[22.61298743]
[9.31138625],[2.87196594],[22.64954418]
[9.38460292],[2.83808504],[22.46120119]
[9.40672142],[2.80663184],[22.2871067]
[9.35864856],[2.78049626],[21.9036593]
[9.29222157],[2.75505018],[21.58573148]
[9.23230652],[2.72916838],[21.14033489]
[9.16263222],[2.69795555],[20.76987413]
[9.08158129],[2.67317931],[20.28557968]
[8.99266197],[2.65168589],[19.8502269]
[8.90641908],[2.609932],[19.37565805]
[8.81812621],[2.54758573],[18.84291746]
[8.74110977],[2.48113952],[18.24378463]
[8.56291323],[2.38242095],[17.32194524]
[8.28122588],[2.22865988],[15.97417866]
[7.9556067],[2.13700944],[14.28967295]
[7.09805197],[2.06058772],[12.02535559]
[6.38302584],[2.0109929],[10.22843059]
[6.17637933],[1.96041424],[9.44746017]
[6.00573526],[1.88859109],[8.8221506]
[13.04706021],[2.05293151],[16.88629783]
[10.12724071],[1.4994862],[6.77448943]
[3.86774912],[1.2633929],[2.58184677]
[2.33800685],[0.83407752],[0.9893005]
[2.31916328],[0.70933441],[1.00918173]
[3.24011149],[1.04232753],[2.16340893]
[3.68049034],[1.19229124],[2.85651581]
[3.9520039],[1.4679293],[3.95512675]
[4.19498255],[1.68441521],[4.97386574]
[4.44891972],[1.77460944],[5.69119417]
[4.66335682],[1.83538867],[6.54384595]
[5.00356625],[1.94455752],[7.48940378]
[5.14307868],[2.06552822],[8.33045486]
[5.32368832],[2.14289827],[9.11704308]
[5.39806077],[2.21476567],[9.82867657]
[5.53098891],[2.25493462],[10.413388]
[5.68558928],[2.30292813],[11.05387873]
[5.93798381],[2.38777327],[11.81945321]
[6.18994229],[2.53795961],[12.7246918]
[6.55824344],[2.63582427],[13.64332121]
[6.80044273],[2.71787347],[14.63615812]
[7.08828096],[2.76756934],[15.64318401]
[7.41007767],[2.81049167],[16.67937931]
[7.62917201],[2.84845331],[17.52636908]
[7.81326453],[2.88768786],[18.23684752]
[7.96860494],[2.91961476],[18.90284735]
[8.08875233],[2.95499323],[19.54126559]
[8.44238478],[2.98621524],[20.36404207]
[8.5729621],[3.02036987],[20.91281741]
[8.69786598],[3.03951898],[21.56225438]
[8.77504199],[3.05313536],[21.99937982]
[8.88757026],[3.07174512],[22.48836912]
[9.14766659],[3.0815569],[23.097875]
[9.2394521],[3.10594459],[23.51820404]
[9.33581563],[3.10043016],[23.89862068]
[9.40265161],[3.07323284],[24.00390998]
[9.4456543],[3.02477528],[24.00712835]
[9.50292904],[2.95912934],[23.91621464]
[9.56770744],[2.90714819],[23.5989482]
[9.64203303],[2.87697671],[23.34029028]
[9.43371619],[2.85186036],[22.94256577]
[9.39788921],[2.82700199],[22.57874778]
[9.32965242],[2.79913405],[22.1709872]
[9.27649049],[2.77283032],[21.71624112]
[9.20378068],[2.74605181],[21.29290124]
[9.13260645],[2.70411137],[20.81060009]
[9.05400663],[2.65010956],[20.22323616]
[8.97975395],[2.58981509],[19.57540889]
[8.84980037],[2.50584604],[18.7971898]
[8.6571353],[2.39884752],[17.63388927]
[8.41069495],[2.25180927],[16.08451924]
[7.72775958],[2.15254982],[13.88243612]
[6.73709797],[2.06738641],[11.50263374]
[6.29830201],[2.01991569],[10.12105869]
[6.11569188],[1.95065283],[9.41184963]
[13.50463629],[2.10124233],[18.58993077]
[10.61730802],[1.5143599],[8.18624102]
[3.92259832],[1.28589952],[2.67422927]
[2.38497991],[0.85435059],[1.03747512]
[2.32942661],[0.7134991],[1.01407381]
[3.28916193],[1.04658225],[2.18798245]
[3.75364549],[1.22498184],[2.95145592]
[4.00527451],[1.49138403],[4.08343485]
[4.27157884],[1.7035697],[5.14331622]
[4.49705183],[1.79137954],[5.86219052]
[4.7186338],[1.86988381],[6.79271564]
[5.071577],[1.98925594],[7.76820436]
[5.20902649],[2.10770338],[8.63520196]
[5.36848936],[2.18312353],[9.44338865]
[5.47080104],[2.25952569],[10.18254857]
[5.59260766],[2.30484536],[10.84732836]
[5.86480599],[2.38955356],[11.62466404]
[6.07698001],[2.48768713],[12.48013555]
[6.31271955],[2.63937988],[13.3727675]
[6.69170422],[2.71996718],[14.33299821]
[6.93402518],[2.78809961],[15.35995534]
[7.27970304],[2.84637737],[16.42603446]
[7.62384641],[2.88564016],[17.58569065]
[7.81055476],[2.91973734],[18.4271404]
[7.94083396],[2.9555614],[19.15077042]
[8.19919825],[2.98558268],[19.92765232]
[8.37169328],[3.01911682],[20.57430276]
[8.62703931],[3.04866015],[21.45067303]
[8.72683531],[3.0810876],[21.99317468]
[8.81354503],[3.10142525],[22.55855476]
[9.10918637],[3.11696939],[23.18579991]
[9.26239198],[3.16240407],[23.78760003]
[9.37210853],[3.20991573],[24.42105545]
[9.43816765],[3.23070953],[24.81984761]
[9.47863861],[3.23747163],[25.18032315]
[9.52961996],[3.21326884],[25.47229066]
[9.56959103],[3.18750721],[25.61166867]
[9.88085302],[3.15412447],[25.84087644]
[9.9986417],[3.12574999],[25.61202333]
[10.06656777],[3.08281887],[25.4146412]
[9.99431466],[3.02852611],[24.91427056]
[9.93351879],[2.96346519],[24.53283938]
[9.78339795],[2.90708969],[23.85910561]
[9.72388356],[2.87312193],[23.46738874]
[9.51579367],[2.8460436],[22.78554785]
[9.31596673],[2.805366],[22.24164098]
[9.22085535],[2.74463794],[21.61823881]
[9.14420229],[2.68371066],[20.91957017]
[9.04214681],[2.61950371],[20.18254509]
[8.90459538],[2.53993538],[19.26239935]
[8.7426916],[2.45706525],[18.01151129]
[8.40740402],[2.35844732],[16.0165187]
[7.45484953],[2.18867467],[13.3822657]
[6.58346803],[2.08709604],[11.19997695]
[6.24530798],[2.00521558],[10.00247617]
