meltWidth,meltDepth,meltArea
[0.75561546],[0.14764176],[0.05475542]
[0.99803875],[0.20403135],[0.10049684]
[1.211543],[0.27398904],[0.16809321]
[1.34250547],[0.28983582],[0.20865576]
[1.51449538],[0.33636662],[0.28240306]
[1.6572928],[0.34763704],[0.33553773]
[1.74900703],[0.36971737],[0.3925553]
[1.86576701],[0.34965337],[0.41377338]
[1.86149458],[0.36017184],[0.42055429]
[1.8792879],[0.34132687],[0.42308773]
[1.87143191],[0.38020639],[0.45670346]
[1.94954818],[0.35354456],[0.46369568]
[1.95944508],[0.41602492],[0.51493938]
[2.03288602],[0.38050856],[0.52596607]
[2.01877729],[0.4196868],[0.56236481]
[2.07261478],[0.40198488],[0.55914112]
[1.9625505],[0.41688239],[0.55331228]
[2.0402294],[0.41703169],[0.55460934]
[1.97263366],[0.41755141],[0.5644846]
[2.06149074],[0.42646428],[0.56707545]
[1.96560359],[0.41953133],[0.55959992]
[2.04422096],[0.42172447],[0.5535345]
[2.00400598],[0.41148565],[0.56176176]
[2.05197089],[0.41838667],[0.55504352]
[2.03306355],[0.40686479],[0.55923232]
[2.07217667],[0.39591386],[0.53697737]
[2.04770307],[0.40368644],[0.54359813]
[2.07276539],[0.38503938],[0.52723856]
[2.03847579],[0.38234027],[0.51188148]
[2.05842012],[0.35515702],[0.49966476]
[2.05244233],[0.35512681],[0.50208749]
[2.04224056],[0.34842464],[0.47359404]
[2.0194158],[0.34279567],[0.46255079]
[2.01122148],[0.34027217],[0.45243546]
[2.00354533],[0.32545747],[0.4377633]
[1.99501231],[0.32114217],[0.4245296]
[1.97945006],[0.31389846],[0.41147993]
[1.90513121],[0.26171002],[0.33091597]
[1.73330933],[0.21541159],[0.25032675]
[1.38248997],[0.14479853],[0.1503063]
[1.01341476],[0.06667132],[0.05561148]
[0.],[0.],[0.]
[0.],[0.],[0.]
[0.],[0.],[0.]
[0.],[0.],[0.]
[0.],[0.],[0.]
[0.],[0.],[0.]
[0.],[0.],[0.]
[0.],[0.],[0.]
[0.],[0.],[0.]
[0.],[0.],[0.]
[0.],[0.],[0.]
[0.],[0.],[0.]
[0.],[0.],[0.]
[0.],[0.],[0.]
[1.41295497],[0.21305849],[0.21692976]
[1.80159394],[0.29746271],[0.39076509]
[1.91811932],[0.48653404],[0.64766837]
[2.06948508],[0.50481801],[0.76993017]
[2.13361398],[0.61308296],[0.91802075]
[2.24899081],[0.62889118],[0.99576943]
[2.27024378],[0.68582008],[1.06322809]
[2.3611232],[0.69104711],[1.11486819]
[2.3120135],[0.72460554],[1.14096817]
[2.46203238],[0.731367],[1.20762285]
[2.35718898],[0.75468367],[1.18769698]
[2.56918105],[0.75911067],[1.28710572]
[2.42608166],[0.78810024],[1.23134459]
[2.64005839],[0.79338184],[1.34351755]
[2.51284509],[0.81963145],[1.29256314]
[2.69329356],[0.81710813],[1.40225572]
[2.56295595],[0.8404736],[1.3329067]
[2.72400991],[0.83329275],[1.47071046]
[2.62087802],[0.85960173],[1.45062651]
[2.73240159],[0.89671552],[1.57069714]
[2.6508076],[0.95160687],[1.57344844]
[2.74026021],[0.98456101],[1.70715986]
[2.66778137],[1.00466646],[1.72123787]
[2.73973581],[1.01639741],[1.77802192]
[2.67822838],[1.02938416],[1.80666922]
[2.737907],[1.04132916],[1.83875367]
[2.69490878],[1.05266344],[1.87644627]
[2.74812386],[1.06412359],[1.92940472]
[2.69443536],[1.07852534],[1.94060147]
[2.738815],[1.09067797],[2.04807581]
[2.73350195],[1.11160644],[2.08262272]
[2.73540819],[1.11772917],[2.19795071]
[2.72928838],[1.12964469],[2.21551467]
[2.70136447],[1.1396678],[2.25976336]
[2.69841222],[1.15206925],[2.31296883]
[2.69446354],[1.16251187],[2.36140786]
[2.67745547],[1.16847341],[2.39390174]
[2.6581691],[1.1728244],[2.40632178]
[2.58844106],[1.1684308],[2.37900847]
[2.432166],[1.16202637],[2.30067135]
[2.13878503],[1.14881522],[2.16431055]
[2.08340679],[1.12823088],[2.06161891]
[2.0949534],[1.10339605],[1.96686012]
[2.10612103],[1.0780724],[1.87033365]
[2.11311411],[1.05183575],[1.77270045]
[2.11649162],[1.02233004],[1.67795018]
[2.12061004],[0.99370696],[1.57821456]
[2.12221306],[0.96476517],[1.45950169]
[2.12673244],[0.88894981],[1.3282419]
[2.1325287],[0.81662959],[1.23860124]
[2.13576808],[0.77316022],[1.18008167]
[2.13672215],[0.73832746],[1.13504477]
[2.13736069],[0.69759768],[1.08716915]
[0.],[0.],[0.]
[0.],[0.],[0.]
[1.41646686],[0.27868674],[0.2243203]
[2.0004269],[0.42465506],[0.57455997]
[2.09649713],[0.56890821],[0.83223518]
[2.28527378],[0.65247593],[1.02809394]
[2.40739181],[0.74762745],[1.20692361]
[2.64383349],[0.78411726],[1.3280913]
[2.77026831],[0.80382253],[1.3916627]
[2.85287298],[0.82507896],[1.47283426]
[2.86011581],[0.83783884],[1.51501232]
[2.92727513],[0.84041552],[1.59457556]
[2.93602719],[0.84942065],[1.59892327]
[2.99450313],[0.86023863],[1.67318608]
[3.02271341],[0.88369571],[1.71883159]
[3.07341636],[0.90722724],[1.80777428]
[3.11663318],[0.97086322],[1.90199683]
[3.1561712],[0.99121715],[1.98087104]
[3.20215534],[1.00380529],[2.04231072]
[3.26933235],[1.01776857],[2.12815336]
[3.29467391],[1.03146715],[2.17107101]
[3.37065953],[1.04583417],[2.23982816]
[3.37938018],[1.0828626],[2.29211011]
[3.44886286],[1.10671722],[2.35762728]
[3.41553371],[1.12953427],[2.37884629]
[3.47575486],[1.14698232],[2.43005766]
[3.43588315],[1.17458062],[2.43831257]
[3.4848178],[1.19658825],[2.47938901]
[3.41783445],[1.21696032],[2.47303641]
[3.45592958],[1.23285327],[2.50326627]
[3.40695811],[1.25329622],[2.50222261]
[3.43657156],[1.26637269],[2.52816127]
[3.43723428],[1.28621614],[2.57477732]
[3.42879215],[1.2952648],[2.63569208]
[3.42557313],[1.30734817],[2.67401394]
[3.40433389],[1.31688033],[2.72861883]
[3.3768112],[1.32733256],[2.80627889]
[3.3649781],[1.34054737],[2.87500339]
[3.33555541],[1.34908323],[2.9233769]
[3.28711863],[1.35857166],[2.91975442]
[3.22203818],[1.3607346],[2.87704314]
[3.12125004],[1.35175573],[2.82804635]
[3.00152635],[1.33200022],[2.76084717]
[2.91042901],[1.31185044],[2.70043874]
[2.60046957],[1.29355799],[2.58583706]
[2.23638391],[1.27581008],[2.39291967]
[2.24583617],[1.25606897],[2.22366172]
[2.25965698],[1.23397048],[2.15046876]
[2.2757657],[1.21176545],[2.08170886]
[2.28523328],[1.18726102],[2.00158512]
[2.28957822],[1.16234552],[1.90199223]
[2.29523135],[1.11089831],[1.76703932]
[2.30240131],[1.03676157],[1.65939968]
[2.30388181],[0.98016422],[1.57216574]
[2.31090601],[0.93502149],[1.50677975]
[0.41805078],[0.24087478],[0.04681867]
[0.],[0.],[0.]
[1.29888604],[0.27567621],[0.18112302]
[1.99463261],[0.42434281],[0.59706574]
[2.13171332],[0.63082008],[0.91817464]
[2.2952853],[0.7146561],[1.11706911]
[2.4537339],[0.7867019],[1.29547579]
[2.72186824],[0.82026816],[1.43614875]
[2.85595676],[0.84506527],[1.52127084]
[2.91496289],[0.86829779],[1.61140889]
[2.93758509],[0.88851215],[1.67439922]
[2.99231456],[0.89388314],[1.75455173]
[3.03576413],[0.93552193],[1.83281616]
[3.09093666],[0.96989728],[1.95058672]
[3.14719291],[1.04307277],[2.08812239]
[3.22312047],[1.05617081],[2.18081946]
[3.26742001],[1.07807496],[2.25105935]
[3.33331335],[1.08945863],[2.31346945]
[3.35961942],[1.10399092],[2.3639774]
[3.47623595],[1.11692303],[2.43775239]
[3.48297914],[1.12480398],[2.47956021]
[3.59899929],[1.14265249],[2.53731053]
[3.55679763],[1.16727635],[2.57384375]
[3.62865746],[1.18314869],[2.62076277]
[3.5628855],[1.19655122],[2.64178634]
[3.62665821],[1.20581199],[2.67363904]
[3.56425962],[1.22516618],[2.69218615]
[3.63087917],[1.24800946],[2.72144342]
[3.55470534],[1.26663224],[2.73325334]
[3.6156454],[1.28191763],[2.75265949]
[3.55210089],[1.30260634],[2.76943192]
[3.59952711],[1.31342916],[2.77927226]
[3.58282233],[1.33938608],[2.82544933]
[3.59162678],[1.34255966],[2.84985556]
[3.56895567],[1.35405775],[2.90305795]
[3.56139983],[1.36326718],[2.96899133]
[3.52409519],[1.37363565],[3.03389361]
[3.49553214],[1.38615435],[3.0723742]
[3.44367261],[1.39104937],[3.07669466]
[3.39380817],[1.39077386],[3.05796576]
[3.30728936],[1.3883337],[3.00637536]
[3.17457341],[1.3722327],[2.95124986]
[3.05502683],[1.35525075],[2.88697478]
[2.96285845],[1.33684534],[2.81914433]
[2.66050003],[1.3175696],[2.70720495]
[2.33863897],[1.29428955],[2.49989365]
[2.34261259],[1.27109402],[2.3112802]
[2.35032091],[1.25230621],[2.23899714]
[2.36103169],[1.23337355],[2.16541691]
[2.37676837],[1.20843442],[2.081101]
[2.38972088],[1.17184925],[1.98283302]
[2.4009358],[1.10417348],[1.86204213]
[2.40951947],[1.04683092],[1.76376393]
[2.41628433],[1.00215922],[1.66872006]
[2.42119968],[0.96115105],[1.60063622]
[0.95850131],[0.72668989],[0.37013773]
[0.],[0.],[0.]
[0.68262301],[0.25217708],[0.08501042]
[1.752702],[0.4538168],[0.55956563]
[1.9621529],[0.67008706],[0.88244712]
[2.09762127],[0.76358623],[1.0697339]
[2.30261794],[0.83887237],[1.27047618]
[2.58938352],[0.87090967],[1.4337105]
[2.73953522],[0.9022181],[1.54081224]
[2.79306926],[0.92033213],[1.64733202]
[2.83756056],[0.99315361],[1.78139058]
[2.88591665],[1.06967178],[1.92901939]
[2.9462352],[1.11411136],[2.02731452]
[2.98314277],[1.1303696],[2.08201464]
[3.00965524],[1.14056148],[2.14808829]
[3.08809093],[1.15009273],[2.20210574]
[3.13316586],[1.16578882],[2.2741482]
[3.23469078],[1.17403526],[2.32970762]
[3.25423721],[1.18500794],[2.37250671]
[3.38792448],[1.19290361],[2.42991523]
[3.34841134],[1.19560516],[2.44999857]
[3.43360195],[1.20873261],[2.49041782]
[3.37544039],[1.22431439],[2.52650602]
[3.4595823],[1.23947817],[2.57334972]
[3.39214536],[1.25349062],[2.6012418]
[3.47083955],[1.26360308],[2.65620676]
[3.40406877],[1.28189341],[2.66240357]
[3.48135459],[1.30269566],[2.72536066]
[3.39260693],[1.32045],[2.70355692]
[3.46157417],[1.33395597],[2.76311184]
[3.38361633],[1.34999681],[2.7276321]
[3.4372273],[1.36027213],[2.80034553]
[3.39845033],[1.37953872],[2.8325813]
[3.41874767],[1.38259928],[2.9358661]
[3.37819142],[1.39167128],[2.96963555]
[3.38166051],[1.40018694],[3.01103894]
[3.33145128],[1.40907902],[3.04656229]
[3.28642837],[1.41789527],[3.07340816]
[3.21612178],[1.4144379],[3.07600227]
[3.1704293],[1.41117522],[3.0735014]
[3.12011065],[1.40605264],[3.07103643]
[3.04288724],[1.38938495],[3.08884782]
[2.70720039],[1.35972059],[3.00508372]
[2.64270607],[1.33010826],[2.79499312]
[2.63324262],[1.3069818],[2.55569091]
[2.60917711],[1.28076976],[2.43045117]
[2.58957058],[1.25419096],[2.32077847]
[2.59617007],[1.22922351],[2.22658025]
[2.61422761],[1.18723734],[2.13768498]
[2.63943533],[1.12560044],[2.01963406]
[2.66060428],[1.0818333],[1.92305644]
[2.68897085],[1.04451709],[1.85946688]
[2.6609089],[1.006204],[1.77583062]
[2.64632094],[0.96304117],[1.69008387]
[2.60320123],[0.91943748],[1.60139169]
[1.12472227],[0.7495707],[0.45489931]
[0.],[0.],[0.]
[0.8188619],[0.27564053],[0.11535189]
[1.82626592],[0.51259039],[0.63057114]
[2.01907523],[0.73985662],[0.97984877]
[2.14444825],[0.81755108],[1.16525699]
[2.38884636],[0.89315397],[1.40340593]
[2.66267825],[0.94633237],[1.60577351]
[2.83249626],[1.05305554],[1.83688276]
[2.88441157],[1.12504428],[1.97874372]
[2.92295431],[1.16787508],[2.10456955]
[2.96115011],[1.18514614],[2.17890687]
[2.99626721],[1.20638767],[2.25889923]
[3.06117874],[1.22295619],[2.31220521]
[3.09520813],[1.23382662],[2.38317952]
[3.18899938],[1.24469453],[2.4264991]
[3.22003834],[1.2585639],[2.49633961]
[3.31632601],[1.26005669],[2.56222239]
[3.30054449],[1.26419041],[2.5965015]
[3.41822609],[1.27107871],[2.71324632]
[3.36542983],[1.27546279],[2.7038012]
[3.44769696],[1.28292829],[2.83504543]
[3.38610973],[1.29481396],[2.81828073]
[3.48166093],[1.30712744],[2.93354307]
[3.39814505],[1.31971656],[2.91053051]
[3.48664962],[1.3351693],[3.01872267]
[3.40242232],[1.35303304],[2.98143795]
[3.49551653],[1.36937888],[3.07931082]
[3.39256467],[1.3834742],[3.02673554]
[3.47896734],[1.3941767],[3.13736091]
[3.38869681],[1.40737587],[3.10088229]
[3.4601886],[1.41568172],[3.20037648]
[3.40980594],[1.43144457],[3.2465359]
[3.44310121],[1.43412125],[3.31319354]
[3.39268884],[1.44155304],[3.32729734]
[3.40547678],[1.44918698],[3.35231587]
[3.35218253],[1.45677854],[3.3683242]
[3.30560544],[1.46027867],[3.37122759]
[3.25099866],[1.45537586],[3.38507497]
[3.11411519],[1.45092192],[3.42984137]
[2.88008915],[1.44496379],[3.40486915]
[2.92279816],[1.42864278],[3.3529862]
[2.98992947],[1.40313433],[3.28763531]
[3.05156654],[1.37834343],[3.17045304]
[3.03371052],[1.34781017],[3.03145398]
[2.99953259],[1.31895057],[2.88172568]
[3.00700913],[1.29129538],[2.76947842]
[3.00413032],[1.26048614],[2.64375261]
[2.98883413],[1.19751264],[2.50531868]
[2.97145987],[1.14815894],[2.352945]
[2.95595515],[1.10898047],[2.22290698]
[2.936308],[1.06999117],[2.11495867]
[2.89653335],[1.03071084],[1.99690969]
[2.88026647],[0.99695751],[1.89517077]
[2.84684764],[0.960631],[1.79164881]
[1.23426992],[0.71329495],[0.47559499]
[0.],[0.],[0.]
[0.91249984],[0.29768011],[0.14702734]
[1.89533596],[0.55795799],[0.6848718]
[2.08667068],[0.77808522],[1.05520326]
[2.28621304],[0.86006063],[1.28759341]
[2.54818009],[1.00351492],[1.62371354]
[2.79963968],[1.06440837],[1.86553289]
[2.95769238],[1.11917685],[2.0399582]
[3.01636382],[1.17183381],[2.17775692]
[3.03990566],[1.21431162],[2.29087391]
[3.09406768],[1.23073345],[2.38187465]
[3.10647598],[1.25266201],[2.45501733]
[3.18088392],[1.26864243],[2.55753022]
[3.19150337],[1.27892043],[2.57613312]
[3.28323409],[1.28588491],[2.72682455]
[3.26915377],[1.29305626],[2.74317671]
[3.37103544],[1.30685414],[2.88472394]
[3.3381484],[1.32092473],[2.89824023]
[3.46676916],[1.33435478],[3.01778689]
[3.39612738],[1.34342406],[3.02540816]
[3.49612699],[1.35236638],[3.1265467]
[3.42726448],[1.35997047],[3.1223691]
[3.52650764],[1.3665688],[3.21620632]
[3.43517305],[1.37598022],[3.18723879]
[3.52983336],[1.39378707],[3.28799123]
[3.43911208],[1.41135806],[3.24961268]
[3.53951403],[1.42387905],[3.35103148]
[3.43072183],[1.43568613],[3.29058052]
[3.525015],[1.4444982],[3.41277284]
[3.42706978],[1.45419264],[3.36664315]
[3.50984502],[1.46151021],[3.45455729]
[3.44966972],[1.47088485],[3.4721061]
[3.49557332],[1.47603144],[3.52809564]
[3.42228092],[1.48362321],[3.52821464]
[3.42007398],[1.49094514],[3.54270547]
[3.31450274],[1.49745587],[3.52774416]
[3.19842761],[1.49533866],[3.55747932]
[2.96649108],[1.4906208],[3.55696375]
[2.97190891],[1.48546697],[3.55061898]
[3.04227463],[1.47796829],[3.51988068]
[3.12166123],[1.46131328],[3.47994377]
[3.14804274],[1.43529859],[3.37896296]
[3.1666605],[1.41278279],[3.28838302]
[3.15912203],[1.39054228],[3.19440838]
[3.14082551],[1.35969881],[3.07183122]
[3.13196091],[1.32656868],[2.95257609]
[3.12039821],[1.29411018],[2.83045776]
[3.10790127],[1.22737802],[2.70366248]
[3.09542901],[1.16451086],[2.55516539]
[3.08355612],[1.12590112],[2.42569961]
[3.0651407],[1.08424494],[2.30200025]
[3.0277195],[1.04786434],[2.16791424]
[3.00999308],[1.01178031],[2.06480247]
[2.98379171],[0.97933023],[1.96481212]
[1.40864636],[0.74687548],[0.55246136]
[0.],[0.],[0.]
[1.0053444],[0.32373467],[0.18825416]
[2.00297522],[0.59969293],[0.78193069]
[2.17458619],[0.812356],[1.15114877]
[2.36465629],[0.89813084],[1.41679544]
[2.64288621],[1.06799719],[1.83641166]
[2.88464585],[1.12250334],[2.03177113]
[3.03039941],[1.17628515],[2.21115418]
[3.1209028],[1.22116456],[2.40333063]
[3.14046156],[1.25758771],[2.50743364]
[3.20676191],[1.27427393],[2.6893297]
[3.21194732],[1.29857427],[2.72576208]
[3.29812685],[1.31639308],[2.86660107]
[3.26721861],[1.33051392],[2.88666312]
[3.36429971],[1.3381253],[3.0063719]
[3.33484395],[1.35027034],[3.03637132]
[3.44402331],[1.35900038],[3.14469652]
[3.40191566],[1.36974724],[3.18032157]
[3.52394901],[1.38384903],[3.27337639]
[3.45025642],[1.39653979],[3.31122418]
[3.55301219],[1.40909528],[3.41377445]
[3.47884818],[1.42429265],[3.40906094]
[3.58809533],[1.43844358],[3.52861929]
[3.48655015],[1.45895802],[3.49557886]
[3.5907633],[1.47616972],[3.62661182]
[3.49306061],[1.49092562],[3.58695383]
[3.6040888],[1.50097806],[3.71584987]
[3.48345252],[1.51134641],[3.65331193]
[3.5894743],[1.51826184],[3.76496127]
[3.48163958],[1.52531806],[3.7226516]
[3.57590914],[1.53106045],[3.79227738]
[3.50590356],[1.53393437],[3.80947629]
[3.53272659],[1.54241707],[3.85022715]
[3.43585764],[1.54798383],[3.98480685]
[3.43454299],[1.55375802],[4.03531471]
[3.3152504],[1.55583506],[4.04850291]
[3.16902435],[1.55107231],[4.0034656]
[3.18299262],[1.54581562],[3.9125319]
[3.20526331],[1.53992804],[3.8213776]
[3.21909255],[1.53122317],[3.74398944]
[3.22822216],[1.51676776],[3.65313055]
[3.23330641],[1.4963262],[3.5445796]
[3.24348804],[1.47838743],[3.46586912]
[3.27081601],[1.45845204],[3.39376046]
[3.27255168],[1.43280421],[3.3075168]
[3.25290301],[1.40419505],[3.21045309]
[3.24535794],[1.36616451],[3.10579568]
[3.24398722],[1.3306007],[3.00114941]
[3.24213311],[1.26304429],[2.87161427]
[3.23417625],[1.19546778],[2.71431792]
[3.21813223],[1.13808267],[2.57338094]
[3.19344737],[1.0944502],[2.43868466]
[3.17561051],[1.05119458],[2.32553141]
[3.15615176],[1.01066485],[2.21420193]
[1.78843805],[0.81825405],[0.7480667]
[0.01200925],[0.00507388],[0.]
[0.89448275],[0.35482529],[0.18003301]
[1.81851729],[0.61637938],[0.76735941]
[1.98538278],[0.82786327],[1.1091654]
[2.15618638],[0.92841059],[1.3213233]
[2.44084328],[1.12418925],[1.78015469]
[2.68582722],[1.17784477],[2.13243017]
[2.90421117],[1.22392586],[2.33269118]
[3.029188],[1.26604118],[2.53461935]
[3.05240067],[1.30359008],[2.68260403]
[3.14773143],[1.32091463],[2.82992092]
[3.14443827],[1.34420321],[2.90778098]
[3.23462762],[1.35903457],[3.02287625]
[3.21266786],[1.36838544],[3.05734403]
[3.32174997],[1.37512965],[3.16347216]
[3.29705866],[1.38759553],[3.19280651]
[3.42377227],[1.39912331],[3.30932533]
[3.30198364],[1.41230998],[3.31349846]
[3.35937116],[1.42694037],[3.40787842]
[3.3064676],[1.43782756],[3.43886128]
[3.3911839],[1.45019989],[3.56323049]
[3.32353682],[1.46383633],[3.5459472]
[3.39516386],[1.47615544],[3.6551591]
[3.31930765],[1.49440432],[3.63954257]
[3.40072751],[1.50800706],[3.75897531]
[3.31735251],[1.5203368],[3.72992057]
[3.39649552],[1.52777477],[3.84008388]
[3.32268983],[1.53588664],[3.79998177]
[3.39366162],[1.54089411],[3.89673643]
[3.30231705],[1.54594941],[3.8601566]
[3.35179185],[1.55036787],[3.91179895]
[3.26556758],[1.55376131],[4.04159436]
[3.24471378],[1.56001605],[4.07919711]
[3.26639628],[1.56479646],[4.11056441]
[3.28520256],[1.56987917],[4.10169807]
[3.28646033],[1.57196923],[4.07776711]
[3.30492711],[1.56572259],[4.01132321]
[3.31659046],[1.55918031],[3.91064071]
[3.33341412],[1.55203672],[3.84178614]
[3.34546533],[1.54271996],[3.73855768]
[3.34674651],[1.5283977],[3.63206802]
[3.33887013],[1.50875103],[3.54045563]
[3.3415267],[1.49001356],[3.45563366]
[3.33610205],[1.46915381],[3.37961595]
[3.32880378],[1.44725136],[3.29721727]
[3.342837],[1.41734686],[3.21381514]
[3.35763611],[1.37322072],[3.11238013]
[3.32990891],[1.29357902],[2.95049642]
[3.31410388],[1.21524033],[2.80255061]
[3.31210679],[1.15585901],[2.68389677]
[3.3042928],[1.10461827],[2.57141071]
[3.29248907],[1.06190631],[2.47035273]
[3.28168279],[1.0268161],[2.38357762]
[3.27124271],[0.9934744],[2.30320607]
[2.08667135],[0.84049845],[0.96978877]
[0.],[0.],[0.]
[1.03401509],[0.38507977],[0.23676741]
[1.90704328],[0.657282],[0.8561552]
[2.02089372],[0.85188606],[1.16454563]
[2.20864239],[0.98670552],[1.44384356]
[2.49099205],[1.21566985],[1.9640444]
[2.74695053],[1.25644727],[2.42673577]
[2.97339515],[1.30154394],[2.65245662]
[3.08790482],[1.34307086],[2.81731847]
[3.10725245],[1.37350958],[2.98912035]
[3.19200742],[1.39427147],[3.13599406]
[3.19642029],[1.41975555],[3.23768806]
[3.28156852],[1.43111452],[3.35023961]
[3.27785581],[1.4423046],[3.40296014]
[3.37896842],[1.45213621],[3.51192771]
[3.37907946],[1.46710898],[3.55647791]
[3.4477367],[1.47813244],[3.64806341]
[3.39315715],[1.48767803],[3.66086516]
[3.44737035],[1.49448899],[3.76702706]
[3.39882858],[1.50499664],[3.76854575]
[3.48871137],[1.5174134],[3.90734501]
[3.42131682],[1.53142193],[3.88673238]
[3.49135867],[1.54526527],[4.00786642]
[3.42863166],[1.55807725],[3.98675658]
[3.51755447],[1.56830615],[4.12265838]
[3.43226167],[1.57738304],[4.07792506]
[3.50795112],[1.58195238],[4.19861708]
[3.44080648],[1.58747185],[4.16479782]
[3.51846577],[1.59046121],[4.26615944]
[3.42070397],[1.59299236],[4.2528412]
[3.46469676],[1.59505023],[4.30790749]
[3.38471521],[1.59700169],[4.35843937]
[3.44843575],[1.60116986],[4.33917175]
[3.41678384],[1.60410283],[4.36607753]
[3.47289662],[1.60749089],[4.34161823]
[3.44534891],[1.604335],[4.28294006]
[3.45424212],[1.5967734],[4.17208673]
[3.4478991],[1.58893556],[4.05659218]
[3.44629887],[1.58061374],[3.97889092]
[3.44749585],[1.57020433],[3.87132615]
[3.44058699],[1.55509011],[3.75622023]
[3.42714044],[1.53598914],[3.66417625]
[3.43112482],[1.51524274],[3.56807611]
[3.40661638],[1.49273737],[3.48563399]
[3.38553425],[1.46787435],[3.39938815]
[3.37577813],[1.43464],[3.30544987]
[3.38066418],[1.38660629],[3.19240588]
[3.38425569],[1.30475911],[3.03331173]
[3.35136748],[1.23004055],[2.8825284]
[3.34613271],[1.17167547],[2.75597259]
[3.33819773],[1.11811952],[2.64626909]
[3.3261002],[1.07914703],[2.55034579]
[3.31553057],[1.04517471],[2.46474724]
[3.30466921],[1.0134306],[2.38583097]
[2.22670318],[0.92966117],[1.19511043]
[0.],[0.],[0.]
[1.18736665],[0.41217119],[0.30530015]
[1.9779053],[0.68955283],[0.93607229]
[2.0819542],[0.86950439],[1.22437958]
[2.29611284],[1.08497458],[1.80300418]
[2.56898416],[1.26599181],[2.19354277]
[2.83412353],[1.30724794],[2.62661113]
[3.07406084],[1.35379425],[2.90436358]
[3.1853242],[1.39260184],[3.05816492]
[3.20456289],[1.42260345],[3.22839914]
[3.27540398],[1.44332729],[3.40348898]
[3.27242517],[1.46855898],[3.50785934]
[3.36332409],[1.47960775],[3.62440749]
[3.36583304],[1.49004663],[3.68028706]
[3.47336892],[1.49880044],[3.78977409]
[3.47415095],[1.51006287],[3.83136842]
[3.57698207],[1.5185681],[3.94906253]
[3.51564473],[1.52872527],[3.933464]
[3.5884526],[1.53757407],[4.06568144]
[3.53373322],[1.54413282],[4.05470368]
[3.63720171],[1.55415005],[4.21040963]
[3.5670956],[1.56652622],[4.17213448]
[3.63686506],[1.57769411],[4.29869051]
[3.57471222],[1.58779245],[4.25931855]
[3.65300185],[1.59611668],[4.39471572]
[3.57345985],[1.60397143],[4.34688982]
[3.6271948],[1.60670587],[4.46349874]
[3.54695699],[1.61062215],[4.40709515]
[3.59446318],[1.61273691],[4.48877297]
[3.49231106],[1.61473063],[4.45565209]
[3.56178785],[1.61863663],[4.5252317]
[3.51573937],[1.61923568],[4.55939445]
[3.56467571],[1.62373385],[4.54453859]
[3.53943934],[1.62629131],[4.54814183]
[3.57432999],[1.62883656],[4.52209803]
[3.55132686],[1.62216923],[4.4035822]
[3.54981257],[1.61452601],[4.27112254]
[3.53932923],[1.60635078],[4.15487648]
[3.53259203],[1.59783738],[4.06721621]
[3.52861127],[1.58703225],[3.94913152]
[3.51783423],[1.57223797],[3.83774626]
[3.50083548],[1.55399593],[3.74146073]
[3.49924982],[1.53451218],[3.6504018]
[3.47375446],[1.51200881],[3.55355432]
[3.43070098],[1.48424124],[3.45062875]
[3.39598872],[1.445027],[3.34678808]
[3.38552863],[1.40014082],[3.2302389]
[3.4262114],[1.31850363],[3.07626432]
[3.38070839],[1.2403212],[2.91927226]
[3.3605669],[1.1780424],[2.78814695]
[3.35080827],[1.12943689],[2.68236204]
[3.33789533],[1.08871381],[2.58700837]
[3.32705178],[1.05463123],[2.50207574]
[3.31691945],[1.02480331],[2.42667982]
[2.35905657],[0.8807666],[1.22582124]
[0.],[0.],[0.]
[1.35810749],[0.43586374],[0.36772207]
[2.06913493],[0.7280125],[1.01358373]
[2.15660702],[0.9057945],[1.30047645]
[2.39164427],[1.15184776],[2.04910198]
[2.65651057],[1.30864009],[2.43216487]
[2.9347065],[1.34851107],[2.82662965]
[3.14541752],[1.39040964],[3.09430801]
[3.26525819],[1.42606807],[3.255151]
[3.25811867],[1.45355689],[3.43057322]
[3.33618829],[1.47360227],[3.62098163]
[3.33332876],[1.50199199],[3.7325712]
[3.43945616],[1.50988951],[3.85168013]
[3.43692262],[1.51821526],[3.89943977]
[3.56836143],[1.52265474],[4.02074553]
[3.57615307],[1.52907667],[4.03928857]
[3.70678607],[1.53429581],[4.17406528]
[3.67650321],[1.54197214],[4.1435808]
[3.73361931],[1.5488924],[4.27045935]
[3.68856837],[1.55523611],[4.24119827]
[3.76558013],[1.56368263],[4.3780784]
[3.70607067],[1.57661913],[4.33633771]
[3.75564185],[1.5883324],[4.4627339]
[3.70143182],[1.59825578],[4.42595826]
[3.73248511],[1.60694495],[4.54838453]
[3.64861059],[1.61570323],[4.49407912]
[3.69385344],[1.61786041],[4.61150662]
[3.63990959],[1.6219108],[4.56108206]
[3.68714035],[1.62385255],[4.64748282]
[3.58689585],[1.62645566],[4.59793161]
[3.65833479],[1.63033807],[4.66088873]
[3.5883138],[1.63077862],[4.700778]
[3.62891987],[1.63500068],[4.67509869]
[3.61085878],[1.63735627],[4.67475084]
[3.63552623],[1.63636438],[4.63286232]
[3.61987546],[1.6295536],[4.45516707]
[3.61326072],[1.62118353],[4.30173231]
[3.60300154],[1.61303135],[4.18890423]
[3.59460201],[1.60446848],[4.09213659]
[3.58819811],[1.59523766],[3.98024008]
[3.57689231],[1.58189346],[3.88117372]
[3.56025743],[1.56348225],[3.78354957]
[3.55771109],[1.54443316],[3.69657067]
[3.53383072],[1.52014724],[3.60021589]
[3.49115127],[1.48526023],[3.47185779]
[3.45648602],[1.44608664],[3.3584656]
[3.42882799],[1.40109336],[3.22465984]
[3.40212597],[1.31675828],[3.05713297]
[3.46995897],[1.23838974],[2.93088998]
[3.38582069],[1.17787459],[2.78861422]
[3.36774739],[1.13130568],[2.6856061]
[3.35343588],[1.08987563],[2.59052566]
[3.3411579],[1.05870817],[2.51426901]
[3.33083123],[1.02944016],[2.44308576]
[2.56148073],[0.91497742],[1.33645573]
[0.18911366],[0.06123899],[0.00307687]
[1.03502275],[0.45454785],[0.29911381]
[1.86080446],[0.74865117],[0.94680549]
[1.96206843],[0.90397163],[1.21075984]
[2.22287146],[1.19367836],[2.06190591]
[2.52379582],[1.32447565],[2.4770237]
[2.79318757],[1.35877252],[2.83997867]
[3.02380828],[1.39894544],[3.11420965]
[3.13196901],[1.43253738],[3.27282402]
[3.16027942],[1.45492009],[3.4694649]
[3.23495712],[1.4735903],[3.65843471]
[3.20710099],[1.50175492],[3.76336338]
[3.22900552],[1.5050709],[3.83999717]
[3.17539387],[1.50759676],[3.83791356]
[3.24830287],[1.51214256],[3.89770498]
[3.20502798],[1.51906881],[3.86211765]
[3.30367929],[1.52626156],[3.94348464]
[3.24231623],[1.53492566],[3.90864692]
[3.38146],[1.53952259],[4.01536341]
[3.32773764],[1.54504917],[3.99028759]
[3.45881352],[1.55271412],[4.12120507]
[3.38926448],[1.56470252],[4.06816453]
[3.50299294],[1.57523569],[4.17658337]
[3.43846263],[1.58454151],[4.15109283]
[3.54924862],[1.59303845],[4.27277089]
[3.4982709],[1.60120816],[4.24183053]
[3.6052918],[1.60421068],[4.34462014]
[3.54738126],[1.6080576],[4.30620093]
[3.63219637],[1.61109635],[4.36678098]
[3.60942015],[1.61368032],[4.33097842]
[3.66512138],[1.61735682],[4.36184664]
[3.67222167],[1.62094338],[4.39488142]
[3.69767064],[1.62181882],[4.35841997]
[3.69205899],[1.62377527],[4.37817507]
[3.70199707],[1.62328357],[4.32118828]
[3.6944728],[1.6159557],[4.20590902]
[3.67952707],[1.6076271],[4.10670973]
[3.66234927],[1.59843108],[3.97645577]
[3.65128167],[1.58929514],[3.88956207]
[3.64326621],[1.57538494],[3.80081929]
[3.63204],[1.55377874],[3.70856279]
[3.61620171],[1.52579098],[3.61041638]
[3.61290493],[1.49503645],[3.50018364]
[3.5932556],[1.45811227],[3.3671924]
[3.55253072],[1.40986438],[3.1976837]
[3.51878666],[1.31895509],[3.0256953]
[3.49246968],[1.23685846],[2.88127155]
[3.4612899],[1.17883267],[2.77511105]
[3.47355391],[1.13080964],[2.69545397]
[3.48012843],[1.09200909],[2.62345161]
[3.38186117],[1.05814013],[2.53939688]
[3.36489635],[1.02925584],[2.47060539]
[3.35151017],[1.00409835],[2.4096665]
[3.34045812],[0.97984188],[2.35112166]
[2.49660432],[0.93165607],[1.18354162]
[0.31643662],[0.11236433],[0.01316669]
[1.0939959],[0.47360832],[0.33133775]
[1.90938212],[0.77263407],[0.99939281]
[2.00993681],[0.93738128],[1.27539804]
[2.28243966],[1.2464445],[2.22817766]
[2.55887479],[1.36019064],[2.65642037]
[2.82891212],[1.3899114],[2.9872101]
[3.06262229],[1.42345982],[3.28313707]
[3.18786542],[1.45228731],[3.4769958]
[3.2121608],[1.4724617],[3.62524449]
[3.3055158],[1.49347617],[3.82401743]
[3.30481456],[1.52096349],[3.92922911]
[3.35927655],[1.52374767],[4.03371335]
[3.28512365],[1.52647563],[4.01438257]
[3.37608908],[1.53104044],[4.08419231]
[3.31956582],[1.53762131],[4.02879453]
[3.42140274],[1.54418819],[4.10869278]
[3.35338715],[1.55292429],[4.05972111]
[3.49421256],[1.55728931],[4.16775515]
[3.44987267],[1.56374409],[4.14591038]
[3.57174034],[1.5741286],[4.27811535]
[3.50840605],[1.58622623],[4.22422865]
[3.60993862],[1.59614999],[4.35236344]
[3.55793771],[1.60433869],[4.33897161]
[3.6545409],[1.61139937],[4.47025641]
[3.61439868],[1.61879988],[4.44095633]
[3.70979886],[1.62236939],[4.5484033]
[3.67453942],[1.62538157],[4.52708386]
[3.73901193],[1.62940914],[4.57966013]
[3.72799644],[1.63247342],[4.55275772]
[3.77118552],[1.63514347],[4.57472157]
[3.78902425],[1.63999814],[4.59360334]
[3.79501355],[1.63940224],[4.54343275]
[3.79921913],[1.64140904],[4.55166731]
[3.7870461],[1.63676994],[4.43891654]
[3.77828193],[1.6292276],[4.29597907]
[3.74758773],[1.62085503],[4.18232274]
[3.72879681],[1.61155723],[4.04401747]
[3.71817573],[1.6005401],[3.96060451]
[3.71045383],[1.57917868],[3.86490954]
[3.70099863],[1.5569346],[3.7646249]
[3.68470063],[1.52776275],[3.64889877]
[3.6804556],[1.49395369],[3.51625794]
[3.6655622],[1.44816527],[3.36622267]
[3.62857208],[1.38037711],[3.1865627]
[3.59765587],[1.29565923],[3.03387012]
[3.57163126],[1.22673645],[2.90629507]
[3.54314895],[1.17568139],[2.80185702]
[3.51686343],[1.13141001],[2.71730694]
[3.53351274],[1.09498643],[2.65223849]
[3.44363854],[1.06140772],[2.56676039]
[3.39640218],[1.03262522],[2.49459815]
[3.36858543],[1.00830518],[2.43520555]
[3.35743445],[0.98476035],[2.37412389]
[2.5841094],[0.99991542],[1.32934277]
[0.20428847],[0.08879128],[0.00586964]
[1.20338329],[0.48921818],[0.38339999]
[1.94914275],[0.79267435],[1.04198353]
[2.05023047],[0.95716039],[1.32336506]
[2.33075016],[1.26019042],[2.30577496]
[2.61058904],[1.36614082],[2.73779693]
[2.87075666],[1.3952085],[3.06254639]
[3.10298066],[1.43023009],[3.33373931]
[3.24429927],[1.45897059],[3.53550954]
[3.2596685],[1.47983422],[3.71620937]
[3.38575201],[1.50273546],[3.93955109]
[3.37463262],[1.52776566],[4.03413162]
[3.47567832],[1.53051429],[4.16751324]
[3.39235029],[1.53322887],[4.14567236]
[3.43720886],[1.53963777],[4.23370653]
[3.387301],[1.54854474],[4.13321386]
[3.48797295],[1.55564234],[4.23146288]
[3.426525],[1.56553281],[4.17239246]
[3.56496714],[1.57008134],[4.32653743]
[3.52790161],[1.57746369],[4.31229034]
[3.63958458],[1.5878225],[4.45513653]
[3.58079534],[1.59945328],[4.42472398]
[3.67647553],[1.60852203],[4.55447439]
[3.62820493],[1.61672835],[4.53994652]
[3.71383983],[1.62368108],[4.6641658]
[3.67783228],[1.63148723],[4.63541523]
[3.76611008],[1.63814501],[4.74223459]
[3.73578371],[1.64280708],[4.71164368]
[3.79377362],[1.64700284],[4.7674701]
[3.78032051],[1.64957277],[4.74392967]
[3.81831004],[1.65184826],[4.78436303]
[3.84086048],[1.65758234],[4.79293554]
[3.8404508],[1.65600082],[4.75954148]
[3.85009031],[1.65698115],[4.74119048]
[3.83979733],[1.64944514],[4.58016848]
[3.83596814],[1.64177008],[4.41337153]
[3.80139754],[1.63321883],[4.28869282]
[3.78129013],[1.62229795],[4.14406613]
[3.76949613],[1.60467091],[4.04973816]
[3.76037685],[1.58154854],[3.94933595]
[3.75133179],[1.55504208],[3.82272859]
[3.73427608],[1.52507989],[3.6981142]
[3.72783849],[1.48966733],[3.5602996]
[3.71273348],[1.44388337],[3.40566742]
[3.67509692],[1.36113127],[3.20557774]
[3.64494486],[1.28209183],[3.04993723]
[3.61952672],[1.21848514],[2.92815445]
[3.591696],[1.17167215],[2.82640964]
[3.55651919],[1.12927074],[2.73498208]
[3.58165667],[1.09536771],[2.67854656]
[3.53020682],[1.06496054],[2.60275673]
[3.45065143],[1.03539355],[2.51688678]
[3.40938523],[1.01012376],[2.45026634]
[3.37606665],[0.98730664],[2.39519557]
[2.53237208],[1.07027367],[1.32518983]
[0.12569118],[0.05883569],[0.00183066]
[1.01109206],[0.48598866],[0.33420025]
[1.79339027],[0.79012557],[0.96179238]
[1.89553404],[0.96558688],[1.2434596]
[2.19805464],[1.25548535],[2.26387329]
[2.48224816],[1.35338508],[2.69425869]
[2.74899649],[1.38253392],[3.01870299]
[2.90690349],[1.41573752],[3.25943431]
[2.90016489],[1.44615113],[3.40804108]
[3.02734438],[1.4681793],[3.51936911]
[3.27452064],[1.49133709],[3.64900739]
[3.33475963],[1.51515257],[3.71720996]
[3.4643247],[1.51982673],[3.78055623]
[3.40914729],[1.52511107],[3.79097348]
[3.5002743],[1.53267344],[3.83353995]
[3.45266303],[1.54175787],[3.82217155]
[3.54972323],[1.54781202],[3.90401387]
[3.50409894],[1.5564219],[3.91782775]
[3.63419929],[1.56054704],[4.05032318]
[3.60597639],[1.56930796],[4.08001208]
[3.70698221],[1.57957683],[4.2063683]
[3.65447833],[1.59087441],[4.21011876]
[3.73672952],[1.59929413],[4.31305268]
[3.69525834],[1.6066557],[4.32772566]
[3.77253977],[1.61219414],[4.41673026]
[3.74493342],[1.61977107],[4.41931878]
[3.81858978],[1.6270953],[4.49336398]
[3.78860753],[1.63167616],[4.5052065]
[3.83411417],[1.6354234],[4.53828807]
[3.82742705],[1.63779111],[4.53911804]
[3.85385683],[1.63980699],[4.54008006]
[3.89118149],[1.64552275],[4.56298998]
[3.88449765],[1.6433245],[4.53305565]
[3.90119432],[1.64470776],[4.52228943]
[3.88487687],[1.6310873],[4.38686378]
[3.88693757],[1.61404457],[4.21676413]
[3.84870519],[1.59047422],[4.09311858]
[3.82897078],[1.5603698],[3.94090418]
[3.81746829],[1.5293696],[3.79491442]
[3.80793868],[1.49473319],[3.67142184]
[3.79941287],[1.46344667],[3.55866575]
[3.77898497],[1.41519669],[3.41933997]
[3.76819102],[1.32842667],[3.25063541]
[3.75074967],[1.25592434],[3.10112715]
[3.71488226],[1.19585104],[2.95674424]
[3.68478895],[1.1520161],[2.84405696]
[3.65910914],[1.11490025],[2.74712969]
[3.63184218],[1.0836446],[2.66341801]
[3.59714879],[1.05450492],[2.59817119]
[3.57270187],[1.02859401],[2.53933073]
[3.59656629],[1.00892514],[2.51206347]
[3.49487034],[0.98897812],[2.4394796]
[3.45459682],[0.97173516],[2.39369458]
[3.42070514],[0.95611275],[2.34819361]
[1.8294391],[1.0684833],[1.04809461]
[0.12023902],[0.05398894],[0.0015462]
[1.06002523],[0.48975448],[0.35997946]
[1.83800077],[0.79208432],[0.9958722]
[1.94767647],[0.9892185],[1.32471746]
[2.26031261],[1.27879718],[2.40630127]
[2.54759505],[1.37497241],[2.82102322]
[2.78235233],[1.40279542],[3.12847349]
[2.96438846],[1.43716831],[3.39653478]
[2.97584898],[1.46431904],[3.54727609]
[3.12542217],[1.48731931],[3.62946231]
[3.37852915],[1.51145836],[3.75865147]
[3.41519743],[1.53276754],[3.82491185]
[3.54042115],[1.53817026],[3.91808336]
[3.49287647],[1.54251936],[3.92196944]
[3.5845918],[1.54928447],[3.98109281]
[3.54670525],[1.55846328],[3.97490822]
[3.63652935],[1.56651033],[4.09314305]
[3.60794929],[1.57739438],[4.12217184]
[3.72562005],[1.58549703],[4.2727155]
[3.71787746],[1.5965936],[4.32548036]
[3.80067213],[1.60577005],[4.44541023]
[3.76178032],[1.61608795],[4.43969085]
[3.82352705],[1.62414547],[4.53621937]
[3.80238666],[1.63118579],[4.56294435]
[3.86172936],[1.63862512],[4.65009389]
[3.84081014],[1.6477468],[4.65715376]
[3.91284491],[1.65526166],[4.76392809]
[3.87569246],[1.65733818],[4.76242223]
[3.93458179],[1.65918851],[4.83429711]
[3.93245851],[1.65969491],[4.80421583]
[3.96633361],[1.66089558],[4.83053931]
[4.00792479],[1.66601108],[4.82695935]
[3.99852781],[1.66136387],[4.81100592]
[3.99691669],[1.65498985],[4.7374593]
[3.97147129],[1.63679033],[4.56690049]
[3.96602488],[1.61629561],[4.36220824]
[3.92419063],[1.58715576],[4.20378315]
[3.90119814],[1.55593554],[4.02862138]
[3.88636893],[1.52184813],[3.88202341]
[3.87676244],[1.4880493],[3.75501594]
[3.86560264],[1.45579096],[3.64197968]
[3.84165182],[1.39300692],[3.48807079]
[3.83181219],[1.31302714],[3.32331518]
[3.795675],[1.2465556],[3.1589755]
[3.75954252],[1.19278461],[3.01406132]
[3.72910906],[1.15327726],[2.90145642]
[3.70337127],[1.11481255],[2.79906202]
[3.67696141],[1.08511121],[2.71822187]
[3.64254038],[1.05723517],[2.64425409]
[3.61795322],[1.03414466],[2.5871585]
[3.59470142],[1.013403],[2.53909886]
[3.54218148],[0.99279867],[2.48154503]
[3.50445085],[0.97816921],[2.4402264]
[3.47300133],[0.96520011],[2.39235294]
[1.95601749],[1.10787329],[1.17748018]
[0.04353089],[0.02055409],[9.31219074e-06]
[1.11469092],[0.49573786],[0.38946991]
[1.88594093],[0.79851718],[1.03499627]
[2.00158924],[1.00640644],[1.40373654]
[2.32956512],[1.28700306],[2.49978706]
[2.6128733],[1.37984637],[2.89790506]
[2.83847213],[1.4090038],[3.19704224]
[3.01028312],[1.44317889],[3.47776866]
[3.03971178],[1.47117533],[3.63749698]
[3.18180285],[1.49797692],[3.73203132]
[3.43968492],[1.5229606],[3.86788712]
[3.46348181],[1.54262387],[3.9435615]
[3.58897782],[1.55013256],[4.06215067]
[3.54456511],[1.55601371],[4.07381625]
[3.63935947],[1.56420804],[4.16157698]
[3.60683436],[1.57506289],[4.18218074]
[3.69548754],[1.58548655],[4.31578702]
[3.67891877],[1.59854807],[4.37162534]
[3.78596092],[1.60855585],[4.51858339]
[3.79000895],[1.62424931],[4.58179983]
[3.88496037],[1.63546675],[4.74519037]
[3.85363793],[1.64859752],[4.79437]
[3.96059991],[1.65807449],[4.97611909]
[3.95808799],[1.66716119],[4.99622021]
[4.02689428],[1.67636687],[5.1403359]
[4.03208784],[1.686576],[5.15910518]
[4.07550744],[1.69569637],[5.26664215]
[4.09198496],[1.69862097],[5.29506527]
[4.09547611],[1.69960306],[5.32354601]
[4.13054751],[1.69876907],[5.31698236]
[4.11924771],[1.69628474],[5.30804573]
[4.17549863],[1.69626601],[5.29302485]
[4.14109812],[1.68831065],[5.22194275]
[4.14840384],[1.67382559],[5.09320486]
[4.09929674],[1.65060107],[4.86793464]
[4.08877677],[1.62488622],[4.61065956]
[4.03518604],[1.59451324],[4.39298277]
[4.00274087],[1.56214926],[4.19711402]
[3.97262039],[1.52687012],[4.02874958]
[3.95190815],[1.49355878],[3.89794724]
[3.94049252],[1.45935535],[3.78439432]
[3.92241159],[1.3863122],[3.62240014]
[3.91258056],[1.3092902],[3.45413618]
[3.88769423],[1.24048481],[3.27589319]
[3.81882014],[1.19207206],[3.10686856]
[3.76816428],[1.15384893],[2.98081311]
[3.74122441],[1.1195902],[2.88705599]
[3.71434001],[1.09057113],[2.80323031]
[3.67977999],[1.06293848],[2.72439457]
[3.65658794],[1.03998622],[2.65790847]
[3.62833766],[1.01646436],[2.59374554]
[3.58438977],[0.99762473],[2.52327337]
[3.54593381],[0.98357689],[2.48124595]
[3.51416875],[0.97131972],[2.43579816]
[2.01585879],[1.13249545],[1.2243066]
[0.],[0.],[0.]
[1.16666964],[0.50230199],[0.41796703]
[1.93774896],[0.80450123],[1.07738786]
[2.04079061],[1.01925796],[1.46328527]
[2.4125626],[1.28782731],[2.58534302]
[2.67663211],[1.38313256],[2.97213841]
[2.90757433],[1.4139576],[3.27318805]
[3.12478321],[1.44894911],[3.59029996]
[3.17321667],[1.4772925],[3.78254489]
[3.23790137],[1.50617332],[3.88136469]
[3.49743863],[1.53206206],[4.04837732]
[3.51805828],[1.55192466],[4.11040815]
[3.64294106],[1.56047138],[4.23730668]
[3.60081116],[1.5687009],[4.26405201]
[3.70052172],[1.57767542],[4.39586804]
[3.68024611],[1.59195374],[4.40630267]
[3.77066714],[1.61055261],[4.56685227]
[3.77062117],[1.63365518],[4.65501557]
[3.87178513],[1.64999955],[4.8466562]
[3.9376163],[1.66560972],[5.0111476]
[4.08016703],[1.67622843],[5.2989025]
[4.11917576],[1.68806403],[5.37108843]
[4.1612358],[1.69743599],[5.50728791]
[4.18547487],[1.70687911],[5.55285053]
[4.19384486],[1.72401098],[5.65010815]
[4.22561759],[1.73644113],[5.6857244]
[4.22104664],[1.75801405],[5.74213788]
[4.25821044],[1.76481032],[5.781547]
[4.22715758],[1.76453604],[5.75599453]
[4.27652101],[1.75405282],[5.76049903]
[4.24387755],[1.75077072],[5.72751057]
[4.32801846],[1.73964448],[5.72491586]
[4.26632944],[1.73112009],[5.64376474]
[4.29633827],[1.70672479],[5.47695964]
[4.23790403],[1.67855272],[5.23241639]
[4.23327018],[1.64765406],[4.94492575]
[4.18254833],[1.61427262],[4.70517722]
[4.15364619],[1.57866904],[4.49454346]
[4.12499571],[1.53780942],[4.30146634]
[4.09947252],[1.50233017],[4.14665052]
[4.07579904],[1.45673185],[3.98690221]
[4.04944245],[1.3746554],[3.80243116]
[4.02628671],[1.30106073],[3.61009403]
[3.99310339],[1.23820631],[3.42099383]
[3.91943408],[1.19100057],[3.22308467]
[3.846723],[1.15367555],[3.06738954]
[3.78023549],[1.12047272],[2.94804831]
[3.75293765],[1.09191256],[2.86391057]
[3.71728014],[1.06476085],[2.78195578]
[3.6940472],[1.04029333],[2.71097963]
[3.66732721],[1.01694279],[2.64350273]
[3.62666166],[0.99884416],[2.57209743]
[3.58891829],[0.98699259],[2.51668674]
[3.55595321],[0.97598235],[2.46651519]
[2.0023031],[1.1977495],[1.26910523]
[0.],[0.],[0.]
[1.0047574],[0.51137228],[0.36641324]
[1.80639272],[0.80033065],[1.00645428]
[1.91563565],[1.01987333],[1.39928283]
[2.32870328],[1.26446775],[2.55236303]
[2.52448778],[1.37042311],[2.9051789]
[2.66460118],[1.401645],[3.14928935]
[2.93787991],[1.43754204],[3.35294626]
[3.16468496],[1.46903697],[3.50993556]
[3.29466895],[1.50054461],[3.66060109]
[3.55556441],[1.52534256],[3.81832855]
[3.57702075],[1.54607763],[3.8919039]
[3.7000933],[1.55699738],[4.03742304]
[3.67054845],[1.57214455],[4.10732958]
[3.7841879],[1.58964154],[4.24886974]
[3.77472748],[1.61394616],[4.36950026]
[3.8780943],[1.63612546],[4.58352548]
[3.92395315],[1.65843135],[4.74234934]
[4.09003885],[1.67178649],[5.06207707]
[4.16951179],[1.68546674],[5.24779565]
[4.22944441],[1.70381531],[5.44784038]
[4.28204892],[1.72206111],[5.54221672]
[4.30629759],[1.74760923],[5.62404688]
[4.34411893],[1.75643023],[5.68676638]
[4.33629979],[1.77586833],[5.73242524]
[4.38310007],[1.78664427],[5.79213287]
[4.39216374],[1.80263965],[5.80402151]
[4.46158958],[1.80877777],[5.87640867]
[4.46235934],[1.80543429],[5.82510463]
[4.53541843],[1.79615923],[5.85930313]
[4.54137251],[1.78392537],[5.8118647]
[4.63878552],[1.76901654],[5.7867692]
[4.58422969],[1.75382282],[5.65113363]
[4.60815806],[1.70293031],[5.43853228]
[4.50454942],[1.65270603],[5.15003666]
[4.51330727],[1.6150418],[4.93141163]
[4.40156224],[1.57061057],[4.68823952]
[4.32937473],[1.52084435],[4.47857605]
[4.26667714],[1.44477917],[4.24782885]
[4.21434428],[1.3776754],[4.07304397]
[4.18996752],[1.3160093],[3.92280309]
[4.16346902],[1.25614964],[3.77788646]
[4.13763058],[1.20958754],[3.62896991]
[4.11115798],[1.17376043],[3.48678929]
[4.06745713],[1.13457287],[3.32834477]
[4.00772223],[1.10060642],[3.16760215]
[3.93603519],[1.0672366],[3.01867965]
[3.85116269],[1.0356897],[2.88137853]
[3.76577719],[1.0176583],[2.77146099]
[3.73454542],[1.003937],[2.70576641]
[3.70958995],[0.99238904],[2.6471037]
[3.6684643],[0.98256508],[2.58370921]
[3.63469093],[0.97275515],[2.52942316]
[3.60206489],[0.96271618],[2.48073704]
[1.73629401],[1.28037947],[1.19427634]
[0.],[0.],[0.]
[1.03790521],[0.51120522],[0.38447875]
[1.84324498],[0.79759259],[1.02735231]
[1.94065596],[1.04458493],[1.47707155]
[2.37418816],[1.2804669],[2.65212053]
[2.57655473],[1.39311835],[3.01278225]
[2.74051873],[1.42382191],[3.28436492]
[3.01081211],[1.46060397],[3.5073167]
[3.25391394],[1.49117452],[3.6759024]
[3.37685521],[1.52199318],[3.82899116]
[3.64527575],[1.54944737],[4.04049128]
[3.65777596],[1.57782097],[4.14361828]
[3.77691141],[1.59585731],[4.31019198]
[3.77577105],[1.6152858],[4.4402648]
[3.91333714],[1.63444276],[4.66243989]
[3.95477912],[1.65879411],[4.81695024]
[4.10531217],[1.67945948],[5.13859412]
[4.17978631],[1.69834331],[5.33374337]
[4.24318013],[1.72225979],[5.58126651]
[4.32447264],[1.74879293],[5.76145157]
[4.38931143],[1.78063468],[5.93395878]
[4.52946842],[1.79836037],[6.05885731]
[4.60104515],[1.8217054],[6.159913]
[4.65817876],[1.8312255],[6.25343607]
[4.66649251],[1.85167145],[6.32827135]
[4.71665239],[1.86399011],[6.40333852]
[4.73235139],[1.87972931],[6.4522458]
[4.77024467],[1.8846958],[6.50884068]
[4.76719867],[1.87841283],[6.45154496]
[4.8066843],[1.86852206],[6.45551594]
[4.81086504],[1.85593425],[6.42254393]
[4.85866097],[1.84681705],[6.42719967]
[4.84337157],[1.8228691],[6.26607068]
[4.82664756],[1.78479349],[5.96947969]
[4.77617465],[1.72570022],[5.66060013]
[4.75862759],[1.6830768],[5.42110749]
[4.7104897],[1.63118274],[5.16574237]
[4.66552299],[1.57717755],[4.94415201]
[4.62590496],[1.51126242],[4.71542249]
[4.58604154],[1.43971808],[4.52208195]
[4.54694217],[1.3698961],[4.34839162]
[4.49646867],[1.3170294],[4.17103644]
[4.44941171],[1.2735715],[3.99076338]
[4.38199919],[1.23698636],[3.81141128]
[4.27277896],[1.19812943],[3.63086426]
[4.13286117],[1.16394231],[3.4521628]
[4.08456305],[1.1301689],[3.30448909]
[4.02730612],[1.09689205],[3.16239392]
[3.95547],[1.06360857],[3.02024128]
[3.87612284],[1.03232733],[2.88522456]
[3.80439536],[1.00750099],[2.77776266]
[3.73783652],[0.994935],[2.68942166]
[3.68712953],[0.98443123],[2.61956168]
[3.65365999],[0.97317146],[2.56534122]
[1.83395993],[1.35943091],[1.30599458]
[0.],[0.],[0.]
[1.06479635],[0.51126826],[0.40189326]
[1.87180118],[0.80333159],[1.04588529]
[1.97923488],[1.05168884],[1.51264145]
[2.43506565],[1.27469828],[2.68112022]
[2.64059865],[1.39796089],[3.06696048]
[2.83963464],[1.42967086],[3.36806462]
[3.02325879],[1.46891655],[3.59780629]
[3.2780889],[1.5072666],[3.78979311]
[3.40312097],[1.54553948],[3.95982976]
[3.67337498],[1.57618979],[4.22073692]
[3.71048804],[1.60582337],[4.37491177]
[3.85797766],[1.62574588],[4.59888908]
[3.88216192],[1.64708516],[4.80427832]
[4.02869084],[1.66646117],[5.06376757]
[4.10242459],[1.68959912],[5.27409641]
[4.21778167],[1.71275621],[5.58607388]
[4.28722141],[1.75063716],[5.77259746]
[4.3311505],[1.78892866],[6.00003502]
[4.43332718],[1.82784552],[6.18241719]
[4.58081532],[1.85704666],[6.39218954]
[4.71528694],[1.88849041],[6.57362802]
[4.77229622],[1.90661399],[6.7036129]
[4.81108448],[1.92713268],[6.79483685]
[4.82439388],[1.94643409],[6.89029799]
[4.85821191],[1.96402539],[6.93919322]
[4.87604812],[1.97618346],[7.00672582]
[4.89990573],[1.98340426],[7.07050281]
[4.90025867],[1.97486428],[7.06480278]
[4.92178877],[1.95745325],[7.06292526]
[4.92405445],[1.94800823],[7.03693265]
[4.95644017],[1.92805558],[7.01732352]
[4.95971927],[1.89729663],[6.82326822]
[4.93767993],[1.86385839],[6.50339016]
[4.90023554],[1.82777663],[6.17216206]
[4.87578147],[1.78754109],[5.90911444]
[4.84171603],[1.7388684],[5.650135]
[4.8030518],[1.68605663],[5.42266639]
[4.76997026],[1.63694281],[5.20730738]
[4.73534596],[1.56044494],[4.99518262]
[4.70095928],[1.47979878],[4.80437941]
[4.65995498],[1.40112199],[4.61211549]
[4.61973703],[1.3511086],[4.42127856]
[4.56018679],[1.3082196],[4.20328601]
[4.48096593],[1.27003965],[3.97891011]
[4.374476],[1.23677775],[3.77375792]
[4.17962575],[1.20409559],[3.57321512]
[4.11887563],[1.17145121],[3.43299895]
[4.05892086],[1.13895762],[3.29446097]
[3.99626747],[1.10964584],[3.16246607]
[3.92630728],[1.07982195],[3.02958089]
[3.83150783],[1.05104606],[2.89377261]
[3.77093912],[1.02453517],[2.79623673]
[3.7115199],[0.9944923],[2.70301119]
[1.96594404],[1.4317809],[1.40134434]
[0.],[0.],[0.]
[1.10557702],[0.51397912],[0.42673848]
[1.91372195],[0.81986692],[1.07425927]
[2.01890208],[1.0581072],[1.55361143]
[2.4952997],[1.26423992],[2.69864857]
[2.70057083],[1.39810533],[3.11180739]
[2.95614474],[1.43260143],[3.44252866]
[3.04939249],[1.47837577],[3.71626068]
[3.30496553],[1.52385132],[3.92651234]
[3.44297236],[1.56147047],[4.13313694]
[3.72095188],[1.59327855],[4.44532199]
[3.81029442],[1.6256726],[4.63050435]
[3.96175642],[1.64620833],[4.89315652]
[4.00316574],[1.66809225],[5.10386547]
[4.17250838],[1.68638352],[5.42208026]
[4.23953636],[1.71163455],[5.61701319]
[4.32173018],[1.75364462],[5.91254609]
[4.38384638],[1.78985007],[6.09271695]
[4.4437326],[1.8353666],[6.30922978]
[4.61158773],[1.87871278],[6.54290607]
[4.76608],[1.90955939],[6.79792713]
[4.86618504],[1.9395706],[6.99335137]
[4.91437576],[1.95843162],[7.09280004]
[4.93717983],[1.97895845],[7.19770434]
[4.95523562],[1.99742765],[7.29349933]
[4.97516471],[2.01504695],[7.38158716]
[4.99687568],[2.02654314],[7.4456721]
[5.0068642],[2.03476792],[7.53076903]
[5.01173703],[2.02671692],[7.5249711]
[5.01963066],[2.01508045],[7.54808445]
[5.04226396],[2.00544825],[7.52908505]
[5.06244633],[1.9799722],[7.49383316]
[5.10690306],[1.94968299],[7.26608863]
[5.07152033],[1.91446053],[6.92389585]
[5.0467689],[1.87624916],[6.55672953]
[4.98900398],[1.83580485],[6.2665625]
[4.96659483],[1.78916981],[5.9907609]
[4.90432494],[1.74157431],[5.74949808]
[4.87091659],[1.6970711],[5.537355]
[4.8382814],[1.62611206],[5.31542106]
[4.80594623],[1.54255513],[5.10984027]
[4.76893092],[1.45640464],[4.8978165]
[4.72816216],[1.39636965],[4.6886385]
[4.67606742],[1.34882884],[4.45226614]
[4.60956435],[1.30585458],[4.21882328]
[4.53236266],[1.27220874],[3.99459718]
[4.39640617],[1.23946641],[3.77906171]
[4.19838327],[1.20656507],[3.5801734]
[4.13140746],[1.17545672],[3.44551673]
[4.07674413],[1.1481269],[3.32097119]
[4.02223287],[1.12067692],[3.20444573]
[3.94912544],[1.09210739],[3.07798237]
[3.86164349],[1.06718218],[2.9504878]
[3.8076504],[1.0326136],[2.84917088]
[2.05761403],[1.50129369],[1.50224619]
[0.],[0.],[0.]
[0.96417532],[0.51657193],[0.35694442]
[1.78866743],[0.79695159],[0.99823547]
[1.89146849],[1.03358928],[1.4456533]
[2.38024321],[1.24237789],[2.58945176]
[2.59796579],[1.38674272],[3.00803139]
[2.78329836],[1.42734479],[3.24767711]
[3.07542644],[1.47832432],[3.51195121]
[3.34972234],[1.52755379],[3.73218033]
[3.50578503],[1.56062308],[4.00189513]
[3.79095187],[1.59217951],[4.30565506]
[3.9076215],[1.62602988],[4.51017754]
[4.06676016],[1.64854216],[4.79531713]
[4.13648695],[1.67287483],[5.07033717]
[4.27941578],[1.69295815],[5.39999607]
[4.34014001],[1.72768573],[5.61304972]
[4.39909825],[1.77246284],[5.87319785]
[4.47122139],[1.81113554],[6.06818006]
[4.5863015],[1.8602896],[6.29645673]
[4.76965693],[1.89658635],[6.54355798]
[4.89962573],[1.9274712],[6.79549851]
[4.976382],[1.95290191],[6.99396924]
[5.02438566],[1.96760091],[7.10348461]
[5.03662858],[1.98565876],[7.22175571]
[5.0579021],[2.00347142],[7.30524705]
[5.06671803],[2.01945805],[7.41813264]
[5.10651012],[2.02961054],[7.46292606]
[5.09891328],[2.03753944],[7.55776209]
[5.15786668],[2.02700236],[7.52449076]
[5.14135883],[2.01071531],[7.52928735]
[5.25189947],[2.0006648],[7.49677703]
[5.27546388],[1.97724724],[7.45546468]
[5.38473726],[1.94107299],[7.19852843]
[5.34657124],[1.90183206],[6.87400843]
[5.3198633],[1.85546782],[6.5621631]
[5.20161872],[1.80431634],[6.25580769]
[5.18793871],[1.74474826],[5.98962571]
[5.05710961],[1.66146652],[5.7093961]
[5.01636348],[1.6001278],[5.48951272]
[4.97135162],[1.54492792],[5.30727652]
[4.92628864],[1.48194915],[5.13909296]
[4.87814069],[1.43056581],[4.9644722]
[4.82770454],[1.39318791],[4.80124369]
[4.76707767],[1.35915626],[4.61402957]
[4.71153904],[1.31969706],[4.36831632]
[4.65966422],[1.28867016],[4.17018085]
[4.57360928],[1.25954734],[3.96668116]
[4.44773186],[1.22986138],[3.77102241]
[4.27510188],[1.19917355],[3.59075161]
[4.16707313],[1.17533845],[3.45748797]
[4.1293987],[1.15192307],[3.35598487]
[4.08396542],[1.12565905],[3.24879157]
[4.02679862],[1.1012372],[3.13925963]
[3.95873838],[1.06584016],[3.02397967]
[1.90670177],[1.53311571],[1.43166587]
[0.],[0.],[0.]
[1.00115308],[0.51481742],[0.37811804]
[1.82834526],[0.79442521],[1.0188189]
[1.93362039],[1.0523221],[1.53547808]
[2.43640244],[1.25890202],[2.68024917]
[2.63964854],[1.41811872],[3.12838894]
[2.85053233],[1.45792965],[3.40033734]
[3.15278231],[1.509548],[3.69440849]
[3.45692554],[1.55724446],[3.97144108]
[3.5931627],[1.58640607],[4.25885639]
[3.89157925],[1.61587761],[4.57351159]
[4.02404035],[1.65293464],[4.78199329]
[4.20694948],[1.67670454],[5.14215944]
[4.27348183],[1.6984955],[5.42315103]
[4.36724235],[1.72235369],[5.7250838]
[4.42109226],[1.76679891],[5.93428429]
[4.47790017],[1.81562664],[6.15838143]
[4.60033144],[1.86585381],[6.38328226]
[4.76874074],[1.91153813],[6.65378448]
[4.90446106],[1.9494911],[6.96250935]
[5.01424907],[1.97816875],[7.21402514]
[5.07114072],[2.00236363],[7.42547029]
[5.13508786],[2.01683476],[7.550758]
[5.12962747],[2.0346286],[7.68926776]
[5.20147212],[2.05223679],[7.80008121]
[5.18845324],[2.06779534],[7.92734558]
[5.33621394],[2.07782284],[7.99861718]
[5.28358424],[2.08733796],[8.10763088]
[5.45762934],[2.08088622],[8.14526777]
[5.41219734],[2.06521498],[8.16152283]
[5.50861094],[2.05604177],[8.17374438]
[5.51842126],[2.02344533],[8.09678562]
[5.55223158],[1.98677095],[7.77772416]
[5.54870517],[1.94812752],[7.42831868]
[5.5232411],[1.9044095],[7.09010834]
[5.46327869],[1.8574446],[6.76811659]
[5.43336962],[1.8030183],[6.48836668]
[5.36337694],[1.73843898],[6.19792419]
[5.29889098],[1.6729359],[5.9595868]
[5.24094069],[1.61541646],[5.76531919]
[5.17918713],[1.5540738],[5.58428817]
[5.09833912],[1.48244029],[5.384006]
[5.00537283],[1.44125363],[5.21417175]
[4.92417383],[1.40818599],[5.02759416]
[4.84795557],[1.37096424],[4.77645725]
[4.77671904],[1.3370414],[4.52785921]
[4.71497668],[1.30597425],[4.29734535]
[4.62803531],[1.27654207],[4.09796096]
[4.52175935],[1.2453372],[3.88967585]
[4.39670178],[1.21930174],[3.71532861]
[4.25008425],[1.19584538],[3.56166712]
[4.18636185],[1.16936231],[3.45104083]
[4.13766073],[1.14506794],[3.35020819]
[4.0947059],[1.10648105],[3.24470597]
[2.05357874],[1.58270004],[1.61079841]
[0.],[0.],[0.]
[1.04037253],[0.51262602],[0.39992827]
[1.87238143],[0.81306647],[1.0494152]
[1.9879906],[1.07423894],[1.62242455]
[2.49895186],[1.27575713],[2.74788096]
[2.67837158],[1.43771124],[3.23966462]
[2.91585678],[1.47799605],[3.5790999]
[3.21420806],[1.53162782],[3.92619682]
[3.54176285],[1.57828268],[4.25701821]
[3.68427445],[1.60777054],[4.51756446]
[3.97818133],[1.64190008],[4.83611406]
[4.14834925],[1.68183085],[5.10801435]
[4.32576932],[1.70274734],[5.51476107]
[4.40099958],[1.7305638],[5.78737801]
[4.46672141],[1.7785593],[6.08768289]
[4.515747],[1.82236386],[6.27956452]
[4.61241963],[1.87921001],[6.53229999]
[4.79028615],[1.93523027],[6.83148247]
[4.92973678],[1.98317866],[7.12136022]
[5.0286808],[2.01785098],[7.45149582]
[5.12902262],[2.04349632],[7.71151466]
[5.17290927],[2.06443145],[7.96080104]
[5.38168282],[2.0778698],[8.13308476]
[5.34111603],[2.09454304],[8.29144684]
[5.51811564],[2.11117228],[8.43904179]
[5.48218716],[2.12560767],[8.60877326]
[5.61571329],[2.13522906],[8.73104556]
[5.5958523],[2.14422199],[8.8728034]
[5.68719605],[2.1428417],[8.91594317]
[5.66823708],[2.13337186],[8.96939404]
[5.71075016],[2.12316474],[8.96528915]
[5.75922915],[2.08920586],[8.8773737]
[5.7677665],[2.05582228],[8.5891848]
[5.8446808],[2.02041765],[8.25744452]
[5.82241589],[1.97863721],[7.9296586]
[5.81853878],[1.9328555],[7.61609553]
[5.73504997],[1.88379089],[7.33820741]
[5.72282011],[1.83813941],[7.06888442]
[5.63498228],[1.75888839],[6.76042734]
[5.59124135],[1.69711282],[6.53197037]
[5.54437055],[1.63227638],[6.31616288]
[5.48849441],[1.56565602],[6.0963909]
[5.42122731],[1.50795493],[5.87609835]
[5.29670266],[1.46479549],[5.63165152]
[5.14237188],[1.4287869],[5.29689669]
[4.96841825],[1.39512006],[5.00107931]
[4.89398866],[1.36217954],[4.74657046]
[4.76589655],[1.33113157],[4.48915822]
[4.68209615],[1.30049124],[4.25862721]
[4.59646907],[1.27265952],[4.06076804]
[4.49091876],[1.24889302],[3.86610453]
[4.33274405],[1.22233913],[3.68895218]
[4.25737979],[1.19638859],[3.57094203]
[4.20112588],[1.1588463],[3.4619313]
[2.2004546],[1.64680805],[1.77892989]
[0.],[0.],[0.]
[1.08009433],[0.50865986],[0.41987518]
[1.92811894],[0.83386551],[1.08416456]
[2.0466152],[1.1095997],[1.71692331]
[2.57409734],[1.29383045],[2.82672107]
[2.75511464],[1.45487865],[3.34966099]
[3.09322698],[1.49651914],[3.78659707]
[3.30872126],[1.5502592],[4.18549062]
[3.62611835],[1.59660662],[4.52406402]
[3.77422292],[1.63384236],[4.76638876]
[4.08451854],[1.66400707],[5.07429473]
[4.28322704],[1.70364235],[5.40806145]
[4.41484359],[1.72434237],[5.82252395]
[4.48651669],[1.77683258],[6.13824993]
[4.54067121],[1.8285087],[6.42926554]
[4.61376378],[1.87617911],[6.62976589]
[4.80605297],[1.92987371],[6.95295286]
[4.93474032],[1.98643195],[7.29863651]
[5.05233297],[2.03283134],[7.61981455]
[5.13290642],[2.06558279],[7.9712778]
[5.2461748],[2.09038274],[8.22446352]
[5.39134046],[2.1124295],[8.53912505]
[5.64904979],[2.12923337],[8.7553428]
[5.65842346],[2.14803423],[9.0001353]
[5.74346895],[2.16638793],[9.18398379]
[5.73648922],[2.18182012],[9.38285493]
[5.80382032],[2.19233422],[9.53200938]
[5.83854934],[2.20340293],[9.71918573]
[5.92162402],[2.20403229],[9.835366]
[5.97448872],[2.1962208],[9.96050421]
[6.02095332],[2.18197828],[9.97944777]
[6.16434657],[2.14971371],[9.95664989]
[6.17786095],[2.11859672],[9.71045903]
[6.26039192],[2.08511622],[9.45010721]
[6.26656935],[2.04734231],[9.05952279]
[6.25597988],[1.99811045],[8.66606724]
[6.17933889],[1.94928307],[8.30979]
[6.15772948],[1.90133527],[8.02999561]
[6.08187374],[1.8450067],[7.70984215]
[6.03402499],[1.77847414],[7.42908543]
[5.98856884],[1.70705271],[7.16411164]
[5.93298057],[1.63582045],[6.89609998]
[5.8878735],[1.57500854],[6.63313924]
[5.73667609],[1.52378222],[6.34135292]
[5.56582459],[1.47873999],[5.99303136]
[5.40330314],[1.44443409],[5.62630816]
[5.25877191],[1.41137976],[5.23304554]
[4.98051655],[1.37796735],[4.91001755]
[4.81859827],[1.34597535],[4.62935642]
[4.74031332],[1.31662505],[4.38739087]
[4.66762925],[1.28975817],[4.17959473]
[4.56651371],[1.26269961],[3.97145057]
[4.44946295],[1.23329715],[3.79391339]
[4.3303982],[1.19618964],[3.64806496]
[2.3363925],[1.69139091],[1.99047389]
[0.],[0.],[0.]
[0.95762079],[0.50358304],[0.34933049]
[1.81606355],[0.79751118],[1.01245982]
[1.94700461],[1.09886549],[1.64201417]
[2.46999133],[1.28537363],[2.7482778]
[2.73492395],[1.45159261],[3.29846988]
[3.02722981],[1.49423142],[3.62215172]
[3.38518345],[1.54986978],[4.01515551]
[3.67968291],[1.59802998],[4.3398946]
[3.83884785],[1.6347306],[4.61143094]
[4.1792009],[1.66753232],[5.00918006]
[4.36903957],[1.70835018],[5.38011996]
[4.47830374],[1.74210221],[5.78425782]
[4.54727101],[1.79836927],[6.11782381]
[4.62630311],[1.85003452],[6.40992136]
[4.78594047],[1.89894587],[6.70634107]
[4.94739724],[1.95216572],[7.06345376]
[5.05281142],[2.0076332],[7.4535313]
[5.14871527],[2.05035334],[7.75184071]
[5.21246025],[2.08252847],[8.14032011]
[5.51045321],[2.10768721],[8.45187786]
[5.69341901],[2.12880058],[8.8433415]
[5.84510318],[2.14439872],[9.11628212]
[5.93160724],[2.16324707],[9.39703743]
[6.00489177],[2.18170209],[9.6129274]
[6.07334336],[2.19683045],[9.86198744]
[6.16507657],[2.20938024],[10.07721692]
[6.24288325],[2.22099083],[10.33872589]
[6.32741539],[2.22466548],[10.47952545]
[6.36422238],[2.22042521],[10.62716701]
[6.41670484],[2.20987968],[10.64005307]
[6.46549642],[2.15736943],[10.56305724]
[6.49707025],[2.11662099],[10.27184355]
[6.53354138],[2.07830814],[10.01441639]
[6.61450949],[2.03237569],[9.70231518]
[6.62733992],[1.98059084],[9.37227643]
[6.62849263],[1.9235485],[9.05070924]
[6.53317242],[1.84841299],[8.72659081]
[6.51512161],[1.78798932],[8.42521198]
[6.42716587],[1.73602395],[8.1486807]
[6.38207732],[1.67713911],[7.89188161]
[6.33268219],[1.61736155],[7.63429182]
[6.28544718],[1.57752003],[7.39313599]
[6.18337366],[1.5381394],[7.11251076]
[6.0473083],[1.50063841],[6.72895516]
[5.87880025],[1.46649108],[6.30153356]
[5.68932245],[1.43291693],[5.8152782]
[5.51110235],[1.39893556],[5.41180881]
[5.12248635],[1.36653439],[4.98131086]
[4.89445828],[1.34123808],[4.71746411]
[4.79329497],[1.31553119],[4.46530169]
[4.72484169],[1.28915158],[4.23762382]
[4.64442346],[1.25919365],[4.0388195]
[4.55477116],[1.22386407],[3.85958774]
[2.12791299],[1.71457682],[1.98265697]
[0.11439742],[0.11370797],[0.00474344]
[1.00551195],[0.50282632],[0.37671625]
[1.87609571],[0.81109768],[1.04072415]
[2.07412382],[1.13799508],[1.77737381]
[2.53799865],[1.31875461],[2.85926605]
[2.77111211],[1.47696667],[3.42774948]
[3.1089138],[1.52092537],[3.8507427]
[3.4747554],[1.58417398],[4.29502619]
[3.75442627],[1.62630284],[4.61108768]
[3.92359966],[1.66279527],[4.8630322]
[4.26893541],[1.69511177],[5.3272481]
[4.44550085],[1.74546819],[5.7281911]
[4.53022339],[1.7881223],[6.14504082]
[4.61347855],[1.86193307],[6.49219918]
[4.77533554],[1.91739232],[6.84781327]
[4.92216672],[1.97644906],[7.24314928]
[5.06734726],[2.02901598],[7.66816634]
[5.15081037],[2.08160678],[8.08805833]
[5.23930946],[2.12093193],[8.37789747]
[5.38483691],[2.15081437],[8.82815126]
[5.77580258],[2.17387961],[9.27382122]
[5.91866352],[2.19217498],[9.67503649]
[6.14994305],[2.20672791],[10.0166975]
[6.33929253],[2.22450961],[10.39220355]
[6.43127295],[2.24325945],[10.67998162]
[6.46880039],[2.25977714],[10.99752073]
[6.52788184],[2.27601829],[11.2332164]
[6.5289179],[2.30862518],[11.49469675]
[6.62166156],[2.32749062],[11.67931914]
[6.60034878],[2.32527629],[11.79827409]
[6.73288133],[2.30818234],[11.86957238]
[6.75156439],[2.25656701],[11.74832853]
[6.91979997],[2.2329545],[11.61650789]
[6.96413194],[2.13915958],[11.3405669]
[7.05481775],[2.09807056],[11.08313881]
[7.08890605],[2.05079814],[10.69927938]
[7.10916619],[2.00230685],[10.39440262]
[7.05753202],[1.94132038],[10.02433433]
[7.02713522],[1.87586775],[9.72418741]
[6.96361194],[1.81237386],[9.37240549]
[6.90407158],[1.74798442],[9.06511496]
[6.84473377],[1.68687116],[8.76467226]
[6.79291901],[1.63956119],[8.46342422]
[6.67583988],[1.59562321],[8.1245032]
[6.4788842],[1.55324755],[7.70290023]
[6.32770899],[1.51692566],[7.2294403]
[6.16724884],[1.48190069],[6.76632274]
[6.02570025],[1.44608389],[6.17352513]
[5.83724829],[1.4110484],[5.64028797]
[5.3386673],[1.38303489],[5.19441517]
[5.01267992],[1.35645206],[4.8660651]
[4.84473185],[1.32774497],[4.59899781]
[4.77653082],[1.29466319],[4.3547418]
[4.71033794],[1.25972063],[4.14952415]
[2.29129059],[1.74793006],[2.26479807]
[0.15300604],[0.16924025],[0.01051296]
[1.04477863],[0.50222413],[0.39999751]
[1.93319286],[0.83052085],[1.07271023]
[2.18605897],[1.16329533],[1.87067508]
[2.61403981],[1.3413727],[2.94343381]
[2.8933992],[1.4943917],[3.5475592]
[3.20780761],[1.54159961],[4.07432554]
[3.5579894],[1.61532313],[4.553237]
[3.83654915],[1.65417778],[4.87803864]
[4.01628619],[1.69316761],[5.17221995]
[4.36252105],[1.72760944],[5.75575355]
[4.53324269],[1.81481171],[6.22583722]
[4.6245706],[1.88153434],[6.62372842]
[4.78288942],[1.95569402],[7.05102339]
[4.96640722],[2.0087682],[7.52567646]
[5.07107455],[2.06945533],[8.00218704]
[5.18426069],[2.11892982],[8.37221952]
[5.24725113],[2.165407],[8.81344779]
[5.47636432],[2.19938655],[9.15965022]
[5.71185623],[2.22586567],[9.6527268]
[5.93123379],[2.24596773],[10.12025581]
[6.23104733],[2.261583],[10.61581507]
[6.48575332],[2.27701394],[11.07747981]
[6.58218584],[2.29401309],[11.52627571]
[6.69983459],[2.31122502],[11.87634534]
[6.70632698],[2.34873212],[12.20863785]
[6.86101187],[2.38169554],[12.52478151]
[6.8200539],[2.42198045],[12.80908432]
[7.0625823],[2.45123035],[13.16804871]
[7.06203842],[2.4558097],[13.33489434]
[7.20412285],[2.42358354],[13.48194098]
[7.24099838],[2.36385763],[13.33663793]
[7.27970471],[2.34081172],[13.14081851]
[7.33820611],[2.27523987],[12.87840771]
[7.3697849],[2.1689759],[12.5706366]
[7.53054827],[2.12598368],[12.25410911]
[7.58556019],[2.08056476],[11.88907218]
[7.63895493],[2.03049955],[11.56111529]
[7.50836066],[1.96958432],[11.15825685]
[7.50164998],[1.89900807],[10.82642335]
[7.34405451],[1.82966757],[10.44752221]
[7.28440124],[1.76131549],[10.09352146]
[7.23048377],[1.70961614],[9.75280893]
[7.13758275],[1.66139881],[9.3857609]
[6.98375778],[1.6142598],[8.921508]
[6.87137194],[1.57293491],[8.39963163]
[6.72692364],[1.53727517],[7.87278695]
[6.53333211],[1.50007967],[7.2870565]
[6.3482348],[1.46424325],[6.60453059]
[5.98507466],[1.43119177],[5.91395276]
[5.47206104],[1.40255552],[5.44256695]
[5.15997391],[1.3737901],[5.07097415]
[4.91492069],[1.33930238],[4.77865576]
[4.82788941],[1.30448497],[4.53472456]
[2.49940631],[1.79651227],[2.55458062]
[0.16501254],[0.18059279],[0.01217036]
[1.10388289],[0.50501333],[0.43633174]
[2.00339359],[0.85894764],[1.12099831]
[2.32851327],[1.20482646],[2.02788794]
[2.70687419],[1.37492207],[3.07141643]
[3.04753589],[1.51999758],[3.73170348]
[3.37684098],[1.56914667],[4.35777591]
[3.66326096],[1.64887851],[4.83629967]
[3.94132886],[1.68280558],[5.21984634]
[4.19639319],[1.72716143],[5.619272]
[4.45913746],[1.76673165],[6.19883489]
[4.62582433],[1.88064283],[6.67424841]
[4.79498386],[1.95102661],[7.09818308]
[4.95989534],[2.026179],[7.65032771]
[5.11481282],[2.08112425],[8.1541226]
[5.17724183],[2.14050989],[8.62792786]
[5.2794212],[2.18830812],[8.99688461]
[5.35233505],[2.23308854],[9.45716854]
[5.75669666],[2.26488853],[9.93438999]
[5.91238442],[2.29014092],[10.46575786]
[6.1240937],[2.31889335],[11.02148835]
[6.50688229],[2.35290385],[11.68434518]
[6.69172706],[2.37464389],[12.2194358]
[6.8076205],[2.40229985],[12.72471516]
[7.08830693],[2.4640961],[13.27085826]
[7.10256098],[2.52709588],[13.65929232]
[7.2669864],[2.57477162],[14.17255582]
[7.27688807],[2.60226025],[14.51210521]
[7.36410498],[2.62419446],[14.86579024]
[7.37458489],[2.62679489],[15.04257051]
[7.45173412],[2.59183119],[15.13531493]
[7.59047408],[2.55247655],[15.09829766]
[7.66003464],[2.52332781],[14.87077142]
[7.82625073],[2.45775041],[14.7312287]
[7.8816983],[2.40661398],[14.4101257]
[7.96129805],[2.27025069],[14.09687773]
[8.00654245],[2.16229302],[13.69205929]
[8.0294322],[2.11047935],[13.31264136]
[8.01182928],[2.0607903],[12.90226494]
[7.97563251],[1.98896396],[12.52826576]
[7.93295491],[1.91728836],[12.12036566]
[7.87221014],[1.84268285],[11.72665847]
[7.8247523],[1.78384813],[11.33603668]
[7.74609318],[1.73375186],[10.92327025]
[7.56332628],[1.67972073],[10.37589983]
[7.31512449],[1.63437817],[9.72738452]
[7.158918],[1.59303799],[9.07577213]
[7.01791763],[1.55327141],[8.43967519]
[6.90585781],[1.51258722],[7.75503197]
[6.76020513],[1.47759493],[6.98814966]
[6.19614108],[1.44465527],[6.14241844]
[5.56293073],[1.41078308],[5.59692109]
[5.28742651],[1.37602423],[5.24126125]
[5.03027626],[1.34065343],[4.91487732]
[2.97876907],[1.84512427],[2.9852893]
[0.21702612],[0.23555767],[0.02195643]
[0.9988655],[0.51599282],[0.38462602]
[1.91794466],[0.83098552],[1.06873336]
[2.2997186],[1.20968827],[2.0427419]
[2.64039421],[1.38147434],[3.0779173]
[3.01657556],[1.5299444],[3.7901145]
[3.4968008],[1.57907678],[4.40604067]
[3.73694934],[1.65158153],[4.82353195]
[4.0799991],[1.6924971],[5.25228821]
[4.32662564],[1.73477548],[5.70729233]
[4.53148603],[1.80232339],[6.2818596]
[4.7360812],[1.93072498],[6.77338026]
[4.97836561],[1.99769324],[7.27411354]
[5.09443519],[2.07121091],[7.89223192]
[5.21437455],[2.12356514],[8.34045078]
[5.2547832],[2.18034071],[8.845946]
[5.44593086],[2.22501066],[9.27870214]
[5.63391312],[2.26910965],[9.8009674]
[5.91809099],[2.30062277],[10.36030261]
[6.09866721],[2.35327137],[10.94596911]
[6.44770722],[2.43937195],[11.59557276]
[6.66622058],[2.49440506],[12.33411749]
[6.98598556],[2.52701658],[12.98436515]
[7.20101796],[2.56362368],[13.65173012]
[7.38444785],[2.60602172],[14.2993503]
[7.42374361],[2.65382813],[14.71999649]
[7.4859669],[2.688594],[15.13071539]
[7.55787744],[2.71012905],[15.53786204]
[7.65573325],[2.72780766],[15.86880762]
[7.80027582],[2.73401692],[16.17994052]
[7.91986677],[2.70391867],[16.26983032]
[8.01515717],[2.64892801],[16.25561791]
[8.05716615],[2.60248757],[16.04521368]
[8.09953217],[2.53146575],[15.83052123]
[8.13258504],[2.40122156],[15.52307723]
[8.15093473],[2.30701754],[15.18423612]
[8.3492162],[2.2302011],[14.98155391]
[8.44545049],[2.16920472],[14.60417937]
[8.55037865],[2.10968089],[14.29652451]
[8.47932517],[2.05642287],[13.85646774]
[8.46482946],[2.00598235],[13.51939432]
[8.34435737],[1.93571678],[13.05337463]
[8.26603382],[1.8530566],[12.64610965]
[8.18794003],[1.75807742],[12.24113772]
[7.96824516],[1.69976711],[11.76242842]
[7.85362314],[1.65846228],[11.19526755]
[7.73503343],[1.61979433],[10.46758756]
[7.58742676],[1.57894624],[9.68493129]
[7.37750858],[1.54111244],[8.88994026]
[7.18220993],[1.50764258],[8.08062788]
[6.97726494],[1.47438874],[7.28776523]
[6.41299642],[1.43853455],[6.33863863]
[5.67134047],[1.40218078],[5.73790019]
[5.39615841],[1.36598766],[5.38200676]
[3.28943028],[1.87040907],[3.12493625]
[0.2803628],[0.30006532],[0.03760216]
[1.06656014],[0.52412755],[0.42833107]
[2.00185533],[0.85996249],[1.12448884]
[2.43849916],[1.26382375],[2.25051115]
[2.77103268],[1.43137259],[3.2744625]
[3.18160829],[1.57265751],[4.08283443]
[3.60552725],[1.61955152],[4.7201206]
[3.80702495],[1.69471962],[5.1605365]
[4.23032245],[1.72416294],[5.74172199]
[4.44137912],[1.77318039],[6.21061687]
[4.59663123],[1.87736514],[6.72675276]
[4.91077443],[1.99948325],[7.31734007]
[5.12536115],[2.06614639],[7.88533109]
[5.19127468],[2.13824795],[8.48706868]
[5.3023227],[2.18699884],[8.94228276]
[5.33252783],[2.24142038],[9.44969597]
[5.73574998],[2.28635749],[10.02511411]
[5.85918762],[2.32844473],[10.54002787]
[6.05236083],[2.39587812],[11.16101812]
[6.41063542],[2.51096216],[11.92254214]
[6.65872128],[2.5999897],[12.73369542]
[6.82045925],[2.64793889],[13.52908878]
[7.28552674],[2.67722506],[14.35995361]
[7.45953606],[2.70965468],[15.07782706]
[7.61872257],[2.73949216],[15.77167891]
[7.78057047],[2.77595184],[16.27482931]
[7.9168784],[2.80140106],[16.75104221]
[7.99692824],[2.82058525],[17.26449369]
[8.08673829],[2.83517417],[17.65034516]
[8.11360573],[2.8349471],[17.91902883]
[8.17841113],[2.820759],[18.00956786]
[8.19853153],[2.77172843],[17.96800513]
[8.27122428],[2.72617899],[17.83385905]
[8.3623992],[2.67020291],[17.64719627]
[8.5703679],[2.58777565],[17.52225414]
[8.65384003],[2.47913294],[17.20257098]
[8.74672637],[2.39547701],[16.90677516]
[8.81266617],[2.32495015],[16.519162]
[8.84662995],[2.26169703],[16.13056731]
[8.86687542],[2.20853643],[15.74299284]
[8.82259917],[2.15893784],[15.36118425]
[8.79783914],[2.09849974],[14.92240439]
[8.74233651],[2.00443398],[14.45028627]
[8.69377131],[1.91476918],[13.99900995]
[8.56583852],[1.82353608],[13.47835162]
[8.35477636],[1.74742619],[12.87818237]
[8.05280222],[1.67513173],[12.08996105]
[7.89057563],[1.63495878],[11.16580344]
[7.80217596],[1.5955851],[10.28766617]
[7.70471194],[1.55800724],[9.42425822]
[7.58147697],[1.52257869],[8.54026165]
[7.12822303],[1.48085407],[7.55333445]
[6.64700371],[1.44201045],[6.65746843]
[5.82857479],[1.40385859],[5.92424931]
[5.00855406],[1.9033639],[4.02206664]
[0.34950824],[0.37766722],[0.06062843]
[1.14441235],[0.53295772],[0.48022225]
[2.06482748],[0.8960404],[1.20597203]
[2.58390598],[1.30781573],[2.43093098]
[2.92611245],[1.47129623],[3.44526804]
[3.33761266],[1.60749123],[4.34563492]
[3.69675973],[1.66001088],[5.00810689]
[3.92560002],[1.73392072],[5.58458316]
[4.35034092],[1.76706816],[6.2496302]
[4.53767841],[1.86278578],[6.75528227]
[4.71659075],[1.97025194],[7.23793282]
[5.05131653],[2.08067055],[7.99135741]
[5.2333157],[2.14577693],[8.53453763]
[5.28335232],[2.21370999],[9.12679843]
[5.45767574],[2.25903357],[9.59908006]
[5.5830736],[2.30905941],[10.17173996]
[5.91056932],[2.34989386],[10.85958225]
[6.03130345],[2.45212629],[11.43214458]
[6.35897013],[2.54723305],[12.2178211]
[6.62947722],[2.64073583],[13.07758651]
[6.86576345],[2.7139893],[13.92262811]
[7.17386052],[2.75296929],[14.78944427]
[7.47676794],[2.77773306],[15.68035274]
[7.77116921],[2.80552092],[16.45252018]
[8.09062282],[2.83074866],[17.25968279]
[8.1845815],[2.86327424],[17.92005167]
[8.25509306],[2.88652015],[18.45579327]
[8.27311177],[2.91911442],[18.95574677]
[8.33429451],[2.94877742],[19.43357816]
[8.32095818],[2.96668833],[19.66316811]
[8.63583902],[2.97039742],[20.01169532]
[8.71959919],[2.91240394],[20.05740042]
[8.81264543],[2.85536701],[20.0595051]
[8.86740404],[2.77741507],[19.87694905]
[8.90629241],[2.72723555],[19.60010457]
[8.95314474],[2.63035954],[19.26495032]
[9.01693588],[2.55013887],[18.89839356]
[9.34616895],[2.47429481],[18.76643596]
[9.49296867],[2.40330189],[18.36002324]
[9.56203688],[2.33711557],[17.9066299]
[9.59594213],[2.28493175],[17.39919052]
[9.53422987],[2.22574859],[16.95921127]
[9.50002199],[2.14081415],[16.42234737]
[9.42833741],[2.05387432],[15.92087645]
[9.24555708],[1.96988149],[15.32007196]
[8.76803272],[1.91390212],[14.61887005]
[8.64029198],[1.82232395],[13.89409614]
[8.48108076],[1.68916711],[13.05280427]
[8.25505103],[1.65048204],[11.98920117]
[8.005424],[1.61018344],[10.9758287]
[7.88786076],[1.57305803],[9.94542603]
[7.72110814],[1.53088765],[8.97643409]
[7.2296994],[1.49147571],[7.94310406]
[6.68766139],[1.44871163],[6.96067983]
[6.27487021],[1.9594709],[4.77604449]
[0.43543324],[0.44068473],[0.08971057]
[1.22455992],[0.53826531],[0.52882167]
[2.12306756],[0.92287821],[1.2709396]
[2.69048059],[1.33936737],[2.55675617]
[3.04962374],[1.50072448],[3.57502908]
[3.42197931],[1.63465478],[4.52895317]
[3.77809148],[1.69063867],[5.21865652]
[4.06527624],[1.76207718],[5.95504717]
[4.42970547],[1.81965694],[6.65602473]
[4.60466117],[1.9469446],[7.19184408]
[4.88167137],[2.04993601],[7.78912034]
[5.13727789],[2.15492932],[8.5393743]
[5.30992976],[2.21917242],[9.06514589]
[5.35667322],[2.28687057],[9.67248694]
[5.71157599],[2.32866183],[10.36982414]
[5.82841264],[2.39396726],[11.01807269]
[6.02794966],[2.49774683],[11.77268594]
[6.30156456],[2.60197556],[12.48373145]
[6.60357754],[2.67534043],[13.40996986]
[6.77501076],[2.75176806],[14.25104881]
[7.19733822],[2.8122931],[15.24187163]
[7.43484439],[2.84760603],[16.12265467]
[7.64567595],[2.86966539],[17.0533278]
[8.11980611],[2.90407412],[17.98107611]
[8.3368563],[2.94648314],[18.90748803]
[8.39616336],[2.98076965],[19.62830239]
[8.67053882],[3.01630083],[20.31865383]
[8.69684171],[3.04947656],[20.83308268]
[8.88995421],[3.07582478],[21.55910177]
[8.92004991],[3.10151537],[21.82241909]
[9.00060312],[3.13335379],[22.09887458]
[9.0518604],[3.07959818],[22.15641365]
[9.0677293],[2.98608887],[22.14297099]
[9.22991656],[2.93534084],[22.17513999]
[9.44127363],[2.83829064],[22.04023119]
[9.599244],[2.7654092],[21.87720689]
[9.68997624],[2.66877279],[21.4737263]
[9.74630378],[2.59639667],[21.09461073]
[10.02923838],[2.52659423],[20.73262336]
[10.19781889],[2.46779127],[20.34279922]
[10.29629416],[2.41599752],[19.84790171]
[10.32341535],[2.35722833],[19.34608394]
[10.26466943],[2.28502657],[18.81229414]
[10.22095378],[2.21679115],[18.26720488]
[10.09320895],[2.13002811],[17.65903497]
[9.60295684],[2.09347564],[16.92021346]
[9.36398133],[2.04572651],[16.12966704]
[8.88364978],[1.93264175],[15.0664473]
[8.69676561],[1.77548683],[13.87921164]
[8.57518077],[1.67212458],[12.7805651]
[8.43851044],[1.62218437],[11.62870116]
[8.15443372],[1.57853936],[10.37522776]
[7.79965083],[1.53865169],[9.35670969]
[7.38749542],[1.49598775],[8.30716371]
[7.2259436],[2.0173825],[5.9108232]
[0.54267147],[0.48822258],[0.12498328]
[1.09403382],[0.37977145],[0.3249793]
[2.00947604],[0.63677059],[0.8759642]
[2.60031347],[1.04010077],[2.09029163]
[2.95955035],[1.22949295],[3.09346616]
[3.45617293],[1.3869204],[4.02773203]
[3.77964937],[1.44448153],[4.68968463]
[4.12726139],[1.58010565],[5.40833441]
[4.45888158],[1.70049953],[6.08469962]
[4.62613496],[1.83598207],[6.58999233]
[4.94544297],[1.90309399],[7.26342549]
[5.17476064],[1.99363316],[7.97642907]
[5.34721127],[2.06272889],[8.51776599]
[5.41200072],[2.14405103],[9.16142118]
[5.81278726],[2.26061688],[9.90498235]
[5.92015261],[2.37244161],[10.61650777]
[6.10326581],[2.46012289],[11.42406661]
[6.45529917],[2.54817787],[12.22314995]
[6.69228602],[2.61171388],[13.13065539]
[6.87602648],[2.67816414],[13.94374484]
[7.32399903],[2.72990628],[14.99474321]
[7.52858105],[2.80778947],[15.85330674]
[7.88808358],[2.86403352],[16.84260458]
[8.23197618],[2.92000081],[17.86206146]
[8.4546106],[2.96352399],[18.86810274]
[8.69316091],[3.0126892],[19.68735813]
[8.92121817],[3.05624387],[20.62574712]
[8.965455],[3.1209926],[21.31418923]
[9.04853759],[3.16887747],[22.02324876]
[9.08819619],[3.21663983],[22.42983796]
[9.11581795],[3.24717059],[22.70960641]
[9.30777982],[3.12303325],[23.03358504]
[9.52964164],[3.04386532],[23.29019079]
[9.6795617],[2.90554028],[23.46300367]
[9.77909081],[2.81312772],[23.43183531]
[9.87099496],[2.72559281],[23.26239024]
[10.13475417],[2.66096051],[23.19132728]
[10.30152312],[2.60708276],[23.05555071]
[10.39459058],[2.56047536],[22.90500288]
[10.52013636],[2.5140268],[22.51664842]
[10.70651127],[2.47556522],[22.14380492]
[10.9121047],[2.44666593],[21.64177233]
[10.94064409],[2.41922687],[21.11647704]
[10.89041894],[2.39345677],[20.5709829]
[10.82530195],[2.36768112],[19.96152225]
[10.40104575],[2.33450187],[19.24113776]
[10.17738646],[2.29727639],[18.38780645]
[9.75946359],[2.18878054],[17.28135368]
[9.42118],[2.02925587],[16.17755735]
[9.06038697],[1.8624146],[14.81568976]
[8.74798731],[1.73444408],[13.41197685]
[8.65751513],[1.63356617],[12.03987759]
[8.33317345],[1.56833365],[10.72698693]
[7.8787664],[1.52694746],[9.56274358]
