meltWidth,meltDepth,meltArea
[0.],[0.],[0.]
[0.],[0.],[0.]
[0.],[0.],[0.]
[0.],[0.],[0.]
[0.],[0.],[0.]
[0.],[0.],[0.]
[0.],[0.],[0.]
[0.],[0.],[0.]
[0.],[0.],[0.]
[0.],[0.],[0.]
[0.],[0.],[0.]
[0.],[0.],[0.]
[0.],[0.],[0.]
[0.],[0.],[0.]
[0.],[0.],[0.]
[0.],[0.],[0.]
[0.],[0.],[0.]
[0.],[0.],[0.]
[0.],[0.],[0.]
[0.],[0.],[0.]
[0.],[0.],[0.]
[0.],[0.],[0.]
[0.],[0.],[0.]
[0.],[0.],[0.]
[0.],[0.],[0.]
[0.],[0.],[0.]
[0.],[0.],[0.]
[0.],[0.],[0.]
[0.],[0.],[0.]
[0.],[0.],[0.]
[0.],[0.],[0.]
[0.],[0.],[0.]
[0.],[0.],[0.]
[0.],[0.],[0.]
[0.],[0.],[0.]
[0.],[0.],[0.]
[0.],[0.],[0.]
[0.],[0.],[0.]
[0.],[0.],[0.]
[0.],[0.],[0.]
[0.],[0.],[0.]
[0.],[0.],[0.]
[0.],[0.],[0.]
[0.],[0.],[0.]
[0.],[0.],[0.]
[0.],[0.],[0.]
[0.],[0.],[0.]
[0.],[0.],[0.]
[0.],[0.],[0.]
[0.],[0.],[0.]
[0.],[0.],[0.]
[0.],[0.],[0.]
[0.],[0.],[0.]
[0.],[0.],[0.]
[0.],[0.],[0.]
[0.],[0.],[0.]
[0.],[0.],[0.]
[0.70598158],[0.10044033],[0.034182]
[1.74242787],[0.31640239],[0.34865586]
[1.83348226],[0.36472111],[0.46588993]
[1.98259063],[0.44386885],[0.63884236]
[2.05211474],[0.54865745],[0.76653648]
[2.11430623],[0.56877154],[0.80723233]
[2.18814301],[0.57966323],[0.85171841]
[2.19661984],[0.59431033],[0.86022974]
[2.22921219],[0.61355451],[0.90627836]
[2.24377568],[0.63327317],[0.92730772]
[2.28855388],[0.65380878],[0.97418581]
[2.31901552],[0.66421102],[0.99986976]
[2.3706974],[0.67303133],[1.02272375]
[2.39641117],[0.67836789],[1.04865685]
[2.45119005],[0.68331783],[1.06273575]
[2.4515945],[0.68740332],[1.08035302]
[2.50585823],[0.68913039],[1.0924371]
[2.52990507],[0.68831064],[1.10446546]
[2.59787724],[0.68677909],[1.11093063]
[2.61675675],[0.68655944],[1.12215821]
[2.67547769],[0.68561529],[1.1309217]
[2.6804121],[0.68352858],[1.13423359]
[2.70574568],[0.68285163],[1.13380016]
[2.71070119],[0.68339003],[1.13835653]
[2.71477657],[0.68015277],[1.12872932]
[2.72729662],[0.6760468],[1.12747268]
[2.738949],[0.67307922],[1.12251884]
[2.75796001],[0.66841116],[1.13309947]
[2.86230455],[0.67446927],[1.17414431]
[2.8324504],[0.67207699],[1.17341966]
[2.89863667],[0.67236176],[1.19019888]
[2.8703368],[0.67179333],[1.16341715]
[2.85964711],[0.67146014],[1.16379815]
[2.87071151],[0.67220237],[1.1691426]
[2.87259721],[0.67369248],[1.1732913]
[2.89219069],[0.67665969],[1.18507454]
[2.90688007],[0.68175862],[1.19670636]
[2.91520111],[0.68487244],[1.20858623]
[2.9202913],[0.68813684],[1.21160766]
[2.92499401],[0.68585494],[1.20631188]
[2.90586456],[0.67707013],[1.18366039]
[2.86206269],[0.66594165],[1.15549764]
[2.83849292],[0.65559337],[1.12962869]
[2.79840271],[0.64054886],[1.09562132]
[2.7476836],[0.62738595],[1.05173485]
[2.71129633],[0.61713772],[1.0157721]
[2.68036561],[0.60165277],[0.96944484]
[2.65908394],[0.58749929],[0.93669665]
[2.61349319],[0.56815573],[0.90094663]
[2.56489645],[0.54600519],[0.8609371]
[2.50739606],[0.52284234],[0.81740536]
[3.64165008],[0.34150636],[0.79010762]
[0.],[0.],[0.]
[0.],[0.],[0.]
[0.],[0.],[0.]
[1.39602742],[0.22411633],[0.15396391]
[1.87817131],[0.36078794],[0.47245911]
[2.00891479],[0.46603591],[0.6774895]
[2.13995297],[0.59165876],[0.88770583]
[2.23192363],[0.69391262],[1.05679591]
[2.28793433],[0.7295761],[1.13702683]
[2.34608693],[0.74421329],[1.19651567]
[2.37649423],[0.753013],[1.22410778]
[2.42900187],[0.7611606],[1.25776696]
[2.45096591],[0.76432815],[1.28011953]
[2.51662589],[0.76442264],[1.30676502]
[2.62456],[0.76540525],[1.36209179]
[2.74402616],[0.76659941],[1.40556437]
[2.80618356],[0.76748351],[1.46512182]
[2.86519128],[0.76865996],[1.48314913]
[2.8841188],[0.77000964],[1.52193026]
[2.91972473],[0.77166933],[1.5365145]
[2.93499133],[0.77326044],[1.56702074]
[2.96837047],[0.77512343],[1.58155582]
[2.98253324],[0.77731614],[1.60726134]
[3.01391501],[0.77956932],[1.6304293]
[3.05287225],[0.78110098],[1.64907576]
[3.04263161],[0.77983327],[1.65042451]
[3.09453806],[0.7775404],[1.6626807]
[3.05304561],[0.77256827],[1.64686769]
[3.10012953],[0.76921073],[1.64685737]
[3.06703398],[0.76567487],[1.63397904]
[3.11022642],[0.76287321],[1.63449887]
[3.10597619],[0.75879699],[1.64325805]
[3.13516003],[0.75938029],[1.64351295]
[3.11970023],[0.75714517],[1.64282023]
[3.13404697],[0.75480249],[1.61839087]
[3.09739536],[0.75283684],[1.60396146]
[3.09554991],[0.75127836],[1.59684411]
[3.08792055],[0.74906015],[1.58668644]
[3.09092941],[0.74681788],[1.58296179]
[3.09720817],[0.74362752],[1.57727794]
[3.0977233],[0.73939425],[1.57008978]
[3.09587791],[0.73674087],[1.5527292]
[3.08950248],[0.73546533],[1.52303095]
[3.05522896],[0.73086053],[1.4831939]
[3.00898762],[0.72410273],[1.4388715]
[2.98768647],[0.71587166],[1.40920535]
[2.97045373],[0.70659168],[1.38075185]
[2.94202854],[0.69572213],[1.35093167]
[2.91205437],[0.68458526],[1.31266074]
[2.89837539],[0.6729067],[1.28358523]
[2.88128238],[0.66692025],[1.25609533]
[2.85728977],[0.65808174],[1.22417611]
[2.84597916],[0.64525438],[1.19363634]
[2.82663477],[0.62998556],[1.15357835]
[5.5584811],[1.03916521],[3.53300304]
[3.0399137],[0.27282741],[0.55896783]
[0.],[0.],[0.]
[0.],[0.],[0.]
[1.69357558],[0.28014487],[0.27346765]
[1.95945248],[0.42234424],[0.56396567]
[2.10579155],[0.56278421],[0.82935726]
[2.24079154],[0.67158533],[1.04653432]
[2.32513181],[0.77128752],[1.21370817]
[2.38322249],[0.80436102],[1.3105853]
[2.46234365],[0.81138521],[1.3734009]
[2.48843217],[0.81175796],[1.40793929]
[2.54903504],[0.81156575],[1.42326495]
[2.65816641],[0.81135695],[1.47725497]
[2.78180465],[0.81166358],[1.5179413]
[2.87515948],[0.8136277],[1.5890897]
[2.95332431],[0.81571611],[1.63733913]
[3.00207584],[0.81553078],[1.67833873]
[3.04030292],[0.81508376],[1.70818529]
[3.06084762],[0.81509966],[1.72557911]
[3.08360652],[0.81471428],[1.75105876]
[3.10636929],[0.8142482],[1.76702059]
[3.12366312],[0.81423192],[1.7892539]
[3.1955987],[0.81483902],[1.81553295]
[3.17421158],[0.81518467],[1.83014929]
[3.2758595],[0.81482266],[1.85285077]
[3.22978085],[0.8142386],[1.85078529]
[3.32117985],[0.81295],[1.86778816]
[3.24781289],[0.80935843],[1.84707937]
[3.33916613],[0.80683832],[1.85429604]
[3.27352004],[0.80389311],[1.83653223]
[3.38057553],[0.80233544],[1.85182762]
[3.32806104],[0.7992648],[1.84697527]
[3.42006879],[0.79875385],[1.86567295]
[3.34830761],[0.79694405],[1.84501115]
[3.41968712],[0.79516925],[1.847434]
[3.3453489],[0.79385023],[1.81954266]
[3.34472341],[0.79260088],[1.81567315]
[3.34070788],[0.79039703],[1.80997853]
[3.34223979],[0.7880852],[1.80749832]
[3.34979356],[0.78517191],[1.80364999]
[3.34933546],[0.78069935],[1.79573032]
[3.34364181],[0.77699586],[1.78134956]
[3.34266681],[0.77363104],[1.75939205]
[3.313493],[0.76871944],[1.72145263]
[3.27366692],[0.76278003],[1.67458573]
[3.24462943],[0.75720298],[1.6414242]
[3.22129077],[0.75442973],[1.60932776]
[3.19747798],[0.74915754],[1.58137206]
[3.17192196],[0.74156548],[1.54824437]
[3.13207324],[0.73481408],[1.50970306]
[3.08445307],[0.72765126],[1.47010538]
[3.03562979],[0.71744328],[1.42622819]
[3.02215421],[0.70662436],[1.39479258]
[3.00741806],[0.69061771],[1.36240474]
[5.74265079],[1.65688842],[5.14578701]
[3.48793522],[0.71865732],[1.5689269]
[1.80431631],[0.13878604],[0.15523202]
[0.],[0.],[0.]
[1.85225556],[0.31260811],[0.37080301]
[2.03413782],[0.51140855],[0.67830054]
[2.18168841],[0.63230771],[0.94173672]
[2.32785862],[0.73361676],[1.18628198]
[2.43494645],[0.81251125],[1.35360546]
[2.50272503],[0.83864279],[1.46647576]
[2.57768721],[0.84850284],[1.51591084]
[2.69342503],[0.84637206],[1.57879175]
[2.79986132],[0.84379203],[1.61850935]
[2.87646121],[0.84146536],[1.66279839]
[2.94571203],[0.83822415],[1.70666303]
[3.01420263],[0.83694172],[1.74506617]
[3.06615156],[0.83682026],[1.79425563]
[3.11160067],[0.83644774],[1.82457438]
[3.13856342],[0.83745023],[1.85994458]
[3.16338259],[0.83874424],[1.87477883]
[3.17835043],[0.84007777],[1.90633801]
[3.22707097],[0.84095807],[1.92648313]
[3.21078425],[0.84187608],[1.94638372]
[3.31611661],[0.84297055],[1.9690882]
[3.27248976],[0.84324249],[1.97458043]
[3.41182837],[0.84287742],[2.0095504]
[3.31755224],[0.84277224],[1.99646618]
[3.47712754],[0.84252305],[2.04214215]
[3.33835412],[0.83979871],[1.99786541]
[3.5055733],[0.8381688],[2.04542048]
[3.3707278],[0.83682553],[1.99520242]
[3.5392445],[0.83537394],[2.04733407]
[3.48197192],[0.83390168],[2.03081932]
[3.56861015],[0.83276955],[2.06067163]
[3.50599482],[0.83171986],[2.03339529]
[3.55899209],[0.83032175],[2.03837853]
[3.49631445],[0.82938937],[2.00086651]
[3.49045209],[0.82875734],[1.99538703]
[3.4802893],[0.82639163],[1.98357361]
[3.47942924],[0.82449885],[1.98080224]
[3.48799681],[0.82233672],[1.97812845]
[3.48723164],[0.81843478],[1.96897527]
[3.47790752],[0.81519916],[1.95038893]
[3.48069577],[0.81186921],[1.9362284]
[3.44104472],[0.80723554],[1.90882454]
[3.39219673],[0.80151417],[1.86930087]
[3.37232484],[0.79633738],[1.84380235]
[3.35748634],[0.79133314],[1.81726646]
[3.34123948],[0.78566581],[1.7883862]
[3.32185869],[0.77998175],[1.75100687]
[3.30845011],[0.77736325],[1.72199451]
[3.291304],[0.77487813],[1.69579487]
[3.26158807],[0.76636584],[1.6548129]
[3.22644564],[0.75537904],[1.61297925]
[3.18305232],[0.74249525],[1.56645195]
[5.86590715],[1.66831088],[5.73211644]
[3.68291673],[1.27329154],[2.42332215]
[2.16509695],[0.62978801],[0.75400852]
[0.07591268],[0.03319219],[0.00111741]
[1.92657133],[0.36348159],[0.46767207]
[2.19130427],[0.60960238],[0.87818124]
[2.30575484],[0.70200659],[1.11061898]
[2.4533086],[0.7736792],[1.35781243]
[2.53667824],[0.8457104],[1.50078408]
[2.58037034],[0.87121338],[1.61350029]
[2.8029704],[0.87894656],[1.7165962]
[2.93149088],[0.87682514],[1.77582889]
[2.99360143],[0.87363283],[1.82671823]
[3.0561875],[0.8708029],[1.85544148]
[3.08667897],[0.86825025],[1.88644173]
[3.14958182],[0.8672952],[1.92657193]
[3.1807291],[0.86807953],[1.96867693]
[3.21808885],[0.8687834],[1.99224663]
[3.23554923],[0.86956368],[2.02713043]
[3.26159521],[0.87046318],[2.0462824]
[3.26764168],[0.87166069],[2.07340665]
[3.33033677],[0.87245415],[2.09524591]
[3.29047636],[0.87367868],[2.09617463]
[3.49264565],[0.87453949],[2.15957576]
[3.35847234],[0.87436726],[2.13494278]
[3.56155255],[0.87402974],[2.20403025]
[3.38752868],[0.87369061],[2.15726533]
[3.60931175],[0.87346836],[2.24289316]
[3.4382526],[0.87076432],[2.16873141]
[3.63428893],[0.8696021],[2.25520039]
[3.50655707],[0.86837539],[2.18047772]
[3.6609034],[0.86712923],[2.24948638]
[3.61821885],[0.86681532],[2.23167366]
[3.67277241],[0.86529914],[2.24925381]
[3.61650663],[0.86459413],[2.21696641]
[3.65852548],[0.86330444],[2.22143748]
[3.60579499],[0.86227324],[2.1808145]
[3.59607108],[0.86098455],[2.17269854]
[3.58559319],[0.85858573],[2.15823627]
[3.5835455],[0.85674919],[2.15329513]
[3.58839684],[0.85473083],[2.14784382]
[3.58815266],[0.85013383],[2.13691826]
[3.57824061],[0.84612839],[2.11528885]
[3.5846698],[0.8416839],[2.10088103]
[3.56160506],[0.8363829],[2.07420126]
[3.51915202],[0.82984421],[2.0356311]
[3.48459062],[0.82407615],[2.002053]
[3.45786835],[0.81851569],[1.96971148]
[3.42348027],[0.81268437],[1.93958698]
[3.40483911],[0.80541512],[1.90821098]
[3.3921021],[0.79892035],[1.8795828]
[3.37783131],[0.79347824],[1.84913171]
[3.35855962],[0.78836189],[1.81428052]
[3.34566861],[0.78329136],[1.79027661]
[3.32260724],[0.77860177],[1.76149185]
[6.05154382],[1.65686008],[6.40382777]
[4.14949601],[1.2824935],[3.2253518]
[2.47559298],[1.09917917],[1.28274811]
[1.02052615],[0.46705513],[0.23658023]
[1.80490452],[0.32592071],[0.41684767]
[2.30805559],[0.6624493],[1.02231029]
[2.41287342],[0.73438736],[1.25490309]
[2.54129661],[0.79704621],[1.4940803]
[2.6212468],[0.87067211],[1.64744411]
[2.78229777],[0.89658893],[1.75547257]
[2.98268027],[0.90162258],[1.89561776]
[3.11814618],[0.89666347],[1.97068845]
[3.15029564],[0.89016278],[2.02006037]
[3.20713082],[0.88555956],[2.04780312]
[3.21558382],[0.88193746],[2.06358225]
[3.26835435],[0.8801654],[2.10264239]
[3.27858651],[0.88239276],[2.13309946]
[3.3154101],[0.88378228],[2.15933311]
[3.31640722],[0.88585299],[2.20449498]
[3.34519501],[0.88767194],[2.2204915]
[3.33671486],[0.88919167],[2.24995737]
[3.48804464],[0.8902074],[2.29342264]
[3.37168125],[0.89707981],[2.29652291]
[3.63970197],[0.89960569],[2.39380253]
[3.46174287],[0.91018793],[2.35655823]
[3.67223525],[0.90430758],[2.44105665]
[3.52565217],[0.91045264],[2.39284664]
[3.70218347],[0.90575535],[2.4649211]
[3.56728761],[0.91267678],[2.41259873]
[3.71925469],[0.89974326],[2.47409892]
[3.61659147],[0.89834546],[2.41189638]
[3.7411026],[0.88707666],[2.45109668]
[3.70855623],[0.88463748],[2.43484023]
[3.75022819],[0.88332618],[2.43810261]
[3.7052322],[0.8822293],[2.40129821]
[3.73545375],[0.88032724],[2.39512329]
[3.69278971],[0.87861364],[2.34758838]
[3.67838428],[0.87713375],[2.33165968]
[3.66762977],[0.8744245],[2.31079222]
[3.66506754],[0.87224564],[2.30089127]
[3.6708833],[0.87011122],[2.29229214]
[3.6719325],[0.86579647],[2.28068472]
[3.67008653],[0.86235684],[2.26136723]
[3.67849308],[0.85763317],[2.24805361]
[3.66133898],[0.85299714],[2.22026627]
[3.62578137],[0.84720583],[2.18073861]
[3.59745835],[0.84110459],[2.15088871]
[3.5728163],[0.83532847],[2.11923239]
[3.54212423],[0.82937486],[2.08510875]
[3.49273288],[0.82289009],[2.04118562]
[3.45740996],[0.81695551],[2.00300699]
[3.43419714],[0.81089],[1.97286805]
[3.41640922],[0.8025987],[1.93615687]
[3.40511082],[0.79529922],[1.90841795]
[3.39123026],[0.7898106],[1.87953794]
[6.1340037],[1.66246507],[7.39171659]
[4.26672135],[1.31579503],[3.9682759]
[2.78197118],[1.09831539],[1.83475913]
[1.1850507],[0.69806512],[0.37948993]
[1.26449673],[0.27596203],[0.18865418]
[2.26521944],[0.66814373],[1.04616204]
[2.46159191],[0.75368376],[1.35380561]
[2.56801745],[0.818314],[1.56874589]
[2.63822915],[0.88381646],[1.70253982]
[2.83679625],[0.90244923],[1.81893921]
[3.01900822],[0.9030565],[1.95452463]
[3.16459694],[0.89809896],[2.05358939]
[3.19362948],[0.89493355],[2.1068839]
[3.24095223],[0.89441528],[2.10865452]
[3.25877966],[0.89234777],[2.16587021]
[3.29761832],[0.89146837],[2.18199299]
[3.32141095],[0.89459712],[2.26982796]
[3.34449674],[0.89895391],[2.26909432]
[3.35945503],[0.90929471],[2.34484395]
[3.41658251],[0.91205777],[2.33968964]
[3.38277632],[0.9241695],[2.39451397]
[3.626722],[0.92563879],[2.45061526]
[3.52037734],[0.93521604],[2.46010357]
[3.73961053],[0.93888863],[2.5386551]
[3.61051834],[0.94857501],[2.51883623]
[3.76187069],[0.94444235],[2.58058186]
[3.65541568],[0.94842332],[2.54709265]
[3.7837398],[0.94567496],[2.59758464]
[3.68516891],[0.94998966],[2.55952106]
[3.79540261],[0.94003787],[2.60070763]
[3.72512546],[0.93854015],[2.56607163]
[3.8132783],[0.92619538],[2.58609588]
[3.79136128],[0.92430594],[2.58553587]
[3.82138447],[0.91327111],[2.58316483]
[3.78628222],[0.91078356],[2.5563388]
[3.80789859],[0.903601],[2.55139007]
[3.77360363],[0.89720339],[2.50305697]
[3.75824699],[0.89096753],[2.4880768]
[3.75056803],[0.8865118],[2.46837284]
[3.74757939],[0.88474639],[2.45497908]
[3.75284419],[0.88306778],[2.44433992]
[3.76012583],[0.87840698],[2.43108346]
[3.76248713],[0.87281773],[2.40619181]
[3.77150472],[0.86768533],[2.37858072]
[3.75971265],[0.86275563],[2.34435625]
[3.72907804],[0.85682671],[2.29964164]
[3.70276716],[0.85168992],[2.26661462]
[3.6812049],[0.84676614],[2.23540697]
[3.65073719],[0.84163899],[2.19790498]
[3.60732765],[0.83498788],[2.15086964]
[3.5761635],[0.82869954],[2.11193154]
[3.53810686],[0.82274403],[2.07188093]
[3.48162545],[0.81384874],[2.02044706]
[3.4583368],[0.80558362],[1.99587695]
[3.44858279],[0.79836836],[1.97095026]
[6.20517496],[1.71666402],[7.85772077]
[4.25711976],[1.41292959],[4.56045024]
[2.85079207],[1.26002556],[2.47255836]
[1.51887883],[0.95823432],[0.71450393]
[0.72099119],[0.22345358],[0.07904123]
[2.20963143],[0.6657204],[1.01685144]
[2.48535934],[0.7622625],[1.40497251]
[2.57926697],[0.82949277],[1.60631981]
[2.65221249],[0.8863619],[1.73347066]
[2.85476744],[0.90943519],[1.8535499]
[3.04930682],[0.91339529],[2.02306462]
[3.1856877],[0.91762849],[2.11608466]
[3.22747758],[0.91647783],[2.19711594]
[3.25960968],[0.9192928],[2.19451616]
[3.28937787],[0.92061828],[2.26791059]
[3.3153261],[0.92487347],[2.26019433]
[3.34253226],[0.92613227],[2.32829691]
[3.36382866],[0.93508502],[2.31736181]
[3.38056099],[0.93898325],[2.38373406]
[3.51083609],[0.9477148],[2.39759349]
[3.4235439],[0.95227958],[2.43456908]
[3.6832065],[0.96127908],[2.5033616]
[3.58864615],[0.96329982],[2.5017515]
[3.78297106],[0.97504213],[2.58216259]
[3.66660791],[0.98394138],[2.56075872]
[3.79617201],[0.98490227],[2.62024568]
[3.69743983],[0.98500743],[2.58458838]
[3.8125915],[0.98713008],[2.63460814]
[3.71910209],[0.98566274],[2.59219994]
[3.81962104],[0.98119646],[2.63154678]
[3.75157101],[0.97470885],[2.596182]
[3.82943726],[0.96831082],[2.61729269]
[3.81550349],[0.96693999],[2.62203185]
[3.85082982],[0.95655885],[2.62862237]
[3.82922161],[0.95506502],[2.61076974]
[3.85314787],[0.94875425],[2.61442775]
[3.8326394],[0.94269487],[2.57512924]
[3.82190014],[0.93634202],[2.56581425]
[3.81656859],[0.92945769],[2.54748204]
[3.81804795],[0.92290611],[2.53837827]
[3.82716786],[0.91634466],[2.53184815]
[3.83484015],[0.90735907],[2.51706083]
[3.83766533],[0.89488889],[2.48857536]
[3.84487112],[0.8888032],[2.4610563]
[3.83864278],[0.88322945],[2.42581246]
[3.8157945],[0.87572587],[2.38386501]
[3.7940392],[0.86941502],[2.34865893]
[3.77330406],[0.86384817],[2.31237806]
[3.74220595],[0.85759195],[2.27481571]
[3.69746752],[0.85014451],[2.23362739]
[3.66091675],[0.84425133],[2.19414849]
[3.61592107],[0.83923642],[2.15302145]
[3.55066838],[0.83264308],[2.09994006]
[3.49234523],[0.82465283],[2.05943955]
[3.46884665],[0.81403476],[2.01965962]
[6.23426736],[1.79988213],[7.91200162]
[4.31000419],[1.46089918],[4.53494285]
[2.91198056],[1.32010388],[2.36408907]
[1.68269025],[0.88502686],[0.6679975]
[1.09033305],[0.23766861],[0.1650358]
[2.3315497],[0.68251546],[1.11187691]
[2.49972452],[0.77932176],[1.46357632]
[2.57403236],[0.84456146],[1.64206435]
[2.63701215],[0.89902984],[1.7683513]
[2.83019953],[0.92185118],[1.87296237]
[3.07093443],[0.92366069],[2.07406508]
[3.20312221],[0.93304587],[2.14939155]
[3.2421048],[0.93266946],[2.25700956]
[3.27136486],[0.93625017],[2.25330215]
[3.29955778],[0.93859562],[2.32943221]
[3.3254188],[0.94204512],[2.32775334]
[3.3515125],[0.94437707],[2.39396722]
[3.40475845],[0.94987044],[2.38313518]
[3.38811835],[0.9546017],[2.43924885]
[3.53394668],[0.96213983],[2.45735752]
[3.47588667],[0.97035178],[2.49539845]
[3.69959426],[0.97614421],[2.56091187]
[3.61178129],[0.98810968],[2.56298869]
[3.7886947],[0.99749881],[2.63996216]
[3.67096957],[1.00625252],[2.61236887]
[3.80037594],[1.00712017],[2.67744665]
[3.70292361],[1.00282587],[2.63508386]
[3.81631254],[1.00961785],[2.69265255]
[3.72354958],[1.00143487],[2.64157246]
[3.82177823],[1.00516662],[2.6906476]
[3.74264422],[0.99237801],[2.64003245]
[3.81980334],[0.98454098],[2.66171289]
[3.80312688],[0.98730453],[2.6570457]
[3.84064978],[0.9717405],[2.66757579]
[3.81799753],[0.97046979],[2.64302528]
[3.8430065],[0.96406115],[2.65025963]
[3.8219304],[0.95825397],[2.60928408]
[3.81196095],[0.95254256],[2.60060822]
[3.81056029],[0.9464344],[2.58558043]
[3.81319023],[0.94084826],[2.57851007]
[3.82202608],[0.93510555],[2.57329616]
[3.82906279],[0.92569175],[2.55825423]
[3.83093846],[0.90954585],[2.52915675]
[3.83642319],[0.90466289],[2.49790343]
[3.83160651],[0.89903576],[2.46224758]
[3.80890004],[0.89164993],[2.42144161]
[3.78560628],[0.8854009],[2.38276414]
[3.766755],[0.87986214],[2.34546086]
[3.74452784],[0.87366574],[2.30861341]
[3.71324033],[0.86627523],[2.27051926]
[3.69262358],[0.86009183],[2.23886805]
[3.65851188],[0.85469328],[2.20469604]
[3.599893],[0.84682961],[2.15617164]
[3.54142689],[0.84021006],[2.11614031]
[3.49843089],[0.83271274],[2.07707657]
[6.45857822],[1.88071896],[8.35495075]
[4.47593517],[1.50918549],[4.80039227]
[3.10375162],[1.38271421],[2.53054659]
[1.94064224],[0.99905586],[0.78005539]
[1.29042439],[0.26908838],[0.31701114]
[2.35387369],[0.69195671],[1.15710501]
[2.51559432],[0.7927603],[1.50385295]
[2.57680981],[0.85510685],[1.67035457]
[2.64091414],[0.90884102],[1.79919994]
[2.88418201],[0.93140768],[1.9203136]
[3.10893373],[0.93956705],[2.13645814]
[3.23229032],[0.95319986],[2.22109937]
[3.2663804],[0.9557443],[2.34164682]
[3.29537701],[0.9569926],[2.33878444]
[3.32303775],[0.9621269],[2.41833928]
[3.34416254],[0.96325313],[2.41466637]
[3.36917953],[0.97124511],[2.47929342]
[3.45091752],[0.97105394],[2.4698637]
[3.43866713],[0.9860015],[2.52486004]
[3.6024473],[0.98953888],[2.55699031]
[3.52613027],[1.00460542],[2.57943029]
[3.74776214],[1.0121938],[2.66099871]
[3.67830485],[1.01673852],[2.65453244]
[3.82277131],[1.03293605],[2.73343459]
[3.72565756],[1.03023278],[2.69853858]
[3.83206608],[1.03708325],[2.76608764]
[3.75110064],[1.02710556],[2.71990903]
[3.84523631],[1.03509559],[2.77650766]
[3.76552926],[1.02580082],[2.72757058]
[3.84806792],[1.03036027],[2.77481533]
[3.77422736],[1.01763125],[2.72185525]
[3.85553023],[1.01562106],[2.76057856]
[3.83509209],[1.01495306],[2.73789834]
[3.87264614],[1.00043807],[2.76158902]
[3.84352917],[1.00042133],[2.72115557]
[3.86655667],[0.99204904],[2.73298742]
[3.84623092],[0.98149541],[2.68527416]
[3.83942571],[0.97367782],[2.67697917]
[3.84270219],[0.96710215],[2.66506371]
[3.84560693],[0.96110244],[2.65499051]
[3.85256126],[0.95567632],[2.64839793]
[3.85971547],[0.94778292],[2.63343126]
[3.8618042],[0.93105654],[2.6031523]
[3.86896273],[0.9147048],[2.5671648]
[3.86638576],[0.91043214],[2.52714461]
[3.84725519],[0.9039922],[2.47889473]
[3.82662406],[0.89767085],[2.44210044]
[3.81075507],[0.89203294],[2.40776342]
[3.79191273],[0.88577682],[2.36988849]
[3.7644524],[0.87836061],[2.32867047]
[3.7413616],[0.87212041],[2.29303196]
[3.7131181],[0.86662961],[2.25993884]
[3.66919251],[0.85879908],[2.21636801]
[3.61779561],[0.8515461],[2.177533]
[3.56797629],[0.8450667],[2.13625925]
[6.48991295],[1.94626247],[8.69572937]
[4.67858843],[1.55285258],[4.97186999]
[3.17877492],[1.41643538],[2.60786916]
[2.04334422],[1.01501328],[0.88006746]
[1.39581024],[0.29137442],[0.37729806]
[2.37587874],[0.69958196],[1.19827979]
[2.53105719],[0.80325394],[1.53504228]
[2.57938172],[0.8629452],[1.68876975]
[2.67296207],[0.91499796],[1.82687704]
[2.93402809],[0.93552796],[1.96103247]
[3.14552365],[0.95520967],[2.19292861]
[3.26023337],[0.96521093],[2.28706324]
[3.29184696],[0.97789084],[2.41323079]
[3.31845352],[0.97143972],[2.40757722]
[3.34390649],[0.98814566],[2.49025808]
[3.3702123],[0.97812411],[2.47131571]
[3.38438209],[0.99488057],[2.53667621]
[3.49629248],[0.98932711],[2.53064889]
[3.4892443],[1.00478601],[2.57866965]
[3.66589671],[1.01166203],[2.62482866]
[3.57208184],[1.02182838],[2.62840358]
[3.79266403],[1.03325489],[2.72587342]
[3.73340077],[1.03409315],[2.71491353]
[3.86182609],[1.04934033],[2.80233893]
[3.77485993],[1.04644918],[2.77093656]
[3.87355919],[1.05116698],[2.84269339]
[3.79306471],[1.04346693],[2.79178165]
[3.87989434],[1.04912342],[2.84784091]
[3.8077561],[1.0420253],[2.79584959]
[3.87666351],[1.04451327],[2.83483103]
[3.82811102],[1.0341302],[2.79339511]
[3.88620772],[1.02941095],[2.81998806]
[3.88401368],[1.02889752],[2.80940565]
[3.90593555],[1.01464663],[2.8254011]
[3.89182265],[1.01399184],[2.79240773]
[3.90456405],[1.00620862],[2.80166681]
[3.89189698],[0.99868709],[2.76015267]
[3.87953006],[0.99157324],[2.74812434]
[3.88004157],[0.98132754],[2.73099992]
[3.88107562],[0.97352129],[2.71868852]
[3.88884767],[0.96737017],[2.71116132]
[3.89438604],[0.95911532],[2.69473521]
[3.89438707],[0.94163948],[2.66151603]
[3.9000183],[0.92525992],[2.62307394]
[3.89895444],[0.91736821],[2.57713698]
[3.88327901],[0.91121864],[2.52742118]
[3.86545855],[0.9062201],[2.48562883]
[3.85230143],[0.90173218],[2.45270657]
[3.83683134],[0.895424],[2.416632]
[3.81073218],[0.88800113],[2.37311889]
[3.78628042],[0.88194852],[2.33236714]
[3.76089805],[0.87639728],[2.29766865]
[3.72479029],[0.86858181],[2.25496805]
[3.68754244],[0.86104615],[2.21961992]
[3.64613913],[0.85447804],[2.18264572]
[6.56371976],[1.99203614],[8.79349922]
[4.74393517],[1.5707987],[4.96976281]
[3.28686754],[1.42718903],[2.61253455]
[2.05589891],[0.97174851],[0.8921561]
[1.41007477],[0.27524557],[0.36725926]
[2.38280292],[0.69633672],[1.2077398]
[2.54390185],[0.80960023],[1.56088122]
[2.58818537],[0.86853967],[1.70487542]
[2.72944639],[0.92114685],[1.86450193]
[2.96969983],[0.94156621],[2.00157902]
[3.17154542],[0.9795406],[2.26180059]
[3.28570741],[0.98530467],[2.37340649]
[3.31232756],[1.00866609],[2.49576432]
[3.33296694],[0.99617228],[2.48344493]
[3.35703303],[1.01373804],[2.55506917]
[3.41395489],[1.00540216],[2.5396839]
[3.42709447],[1.01598382],[2.59131002]
[3.56493031],[1.01480821],[2.60537444]
[3.53501686],[1.0250338],[2.63023415]
[3.73360599],[1.03227523],[2.70043317]
[3.61625085],[1.04195387],[2.68647637]
[3.85250779],[1.04961947],[2.81857838]
[3.79751597],[1.05438018],[2.80940212]
[3.90134455],[1.06619129],[2.89236881]
[3.8431064],[1.06580783],[2.87187457]
[3.89975143],[1.06680697],[2.91630835]
[3.85028006],[1.06264985],[2.88549455]
[3.9034934],[1.06480543],[2.92030514]
[3.84875267],[1.06132434],[2.88133348]
[3.90046347],[1.061008],[2.90918705]
[3.86494265],[1.05418781],[2.87680622]
[3.90841666],[1.04573118],[2.88697077]
[3.91150517],[1.04530525],[2.87922293]
[3.92728016],[1.03097758],[2.885889]
[3.92011325],[1.03087882],[2.85741386]
[3.92701394],[1.02306822],[2.86415783]
[3.92323453],[1.01554804],[2.82990769]
[3.91299202],[1.00795585],[2.81885046]
[3.91511869],[0.99957408],[2.8050438]
[3.91851278],[0.9915595],[2.7937733]
[3.92782381],[0.98345476],[2.78818531]
[3.93510566],[0.97452024],[2.77448538]
[3.93671123],[0.95634852],[2.74267443]
[3.94192031],[0.93960973],[2.70152916]
[3.93959506],[0.92493399],[2.65345639]
[3.91559506],[0.91917118],[2.586375]
[3.89940465],[0.914524],[2.54108895]
[3.88516234],[0.91098051],[2.500149]
[3.87128411],[0.90645944],[2.46362187]
[3.85077432],[0.90041098],[2.42276399]
[3.83020552],[0.89413061],[2.381591]
[3.80668124],[0.88853226],[2.34263737]
[3.77357491],[0.88086309],[2.29813157]
[3.74329323],[0.87330105],[2.26460867]
[3.71643705],[0.86663001],[2.23175667]
[6.60690007],[1.9755601],[7.93054685]
[4.76287418],[1.57022897],[4.59413665]
[3.30283897],[1.4075409],[2.32177463]
[2.04625298],[0.82872767],[0.79194591]
[1.43376519],[0.28548319],[0.36667062]
[2.39879806],[0.70635708],[1.24571467]
[2.5550602],[0.82119407],[1.59838356]
[2.58521531],[0.87867226],[1.72515628]
[2.75947564],[0.9327671],[1.90233789]
[2.99346772],[0.95357189],[2.04353473]
[3.19903927],[1.00744738],[2.35123529]
[3.30493288],[1.01270048],[2.46489185]
[3.32400783],[1.03154706],[2.5600114]
[3.34094226],[1.02319468],[2.54668196]
[3.36271666],[1.03310614],[2.61192648]
[3.4587282],[1.02889398],[2.61007887]
[3.47817339],[1.03782367],[2.66054897]
[3.64565372],[1.03500055],[2.69470265]
[3.60092459],[1.04426887],[2.70577964]
[3.79567448],[1.04927988],[2.79861934]
[3.72143246],[1.06073139],[2.791487]
[3.88412091],[1.06622859],[2.90692045]
[3.85107258],[1.07270738],[2.90428648]
[3.91981081],[1.08221409],[2.9712384]
[3.88377466],[1.08305505],[2.96183612]
[3.91843163],[1.08201917],[2.99309749]
[3.88435067],[1.08021643],[2.97062666]
[3.92249398],[1.08010526],[2.99868009]
[3.88580375],[1.07881256],[2.97167846]
[3.92106164],[1.07686865],[2.99247935]
[3.90058524],[1.07238056],[2.9692351]
[3.93020601],[1.06265359],[2.97304282]
[3.9404575],[1.06213811],[2.9641539]
[3.95024476],[1.04794133],[2.96693225]
[3.95005805],[1.04734532],[2.94215115]
[3.95110109],[1.03953195],[2.93823791]
[3.95104904],[1.03202923],[2.9045766]
[3.93941978],[1.024454],[2.89231057]
[3.94110647],[1.01614562],[2.87822748]
[3.94440973],[1.00815164],[2.86658648]
[3.95114794],[1.00001644],[2.85795751]
[3.95726085],[0.98770806],[2.83952664]
[3.9594437],[0.96898215],[2.80660855]
[3.96008292],[0.95383088],[2.76295501]
[3.95750892],[0.93775905],[2.71699636]
[3.93604711],[0.92857344],[2.64847413]
[3.90402968],[0.92392676],[2.58480855]
[3.88387844],[0.92005921],[2.53549688]
[3.86808949],[0.91554087],[2.49341283]
[3.84543059],[0.90999004],[2.44957992]
[3.83089096],[0.90555823],[2.40749111]
[3.81242739],[0.90103067],[2.36704991]
[3.78320705],[0.89385772],[2.31939814]
[3.75204684],[0.88646874],[2.28411762]
[3.72446982],[0.87991098],[2.25311792]
[6.68932168],[1.98647167],[7.79110015]
[4.75751479],[1.57638061],[4.37796574]
[3.26741059],[1.34601472],[2.15471121]
[2.03570382],[0.79458392],[0.77934113]
[1.46957224],[0.29611771],[0.40136047]
[2.41015961],[0.71297491],[1.26693699]
[2.57081574],[0.83232237],[1.63112719]
[2.59884767],[0.88819211],[1.75192695]
[2.8204726],[0.94293697],[1.95700928]
[3.04954608],[0.96757937],[2.11620068]
[3.23692011],[1.03687051],[2.45721129]
[3.32773105],[1.0483098],[2.56539096]
[3.3431344],[1.05757734],[2.65824095]
[3.38824626],[1.05229365],[2.6620077]
[3.39046596],[1.05906735],[2.72317612]
[3.50354453],[1.05604349],[2.7294282]
[3.53506443],[1.06582531],[2.78279513]
[3.75043157],[1.06227095],[2.84871856]
[3.71790807],[1.07149997],[2.85361522]
[3.86000767],[1.07521636],[2.93785316]
[3.82013224],[1.08714323],[2.93983465]
[3.91898606],[1.09137726],[3.02524753]
[3.90036428],[1.09806815],[3.03105251]
[3.94164112],[1.10640857],[3.07779135]
[3.9159004],[1.1072938],[3.07622832]
[3.9413054],[1.10789768],[3.10502177]
[3.91899661],[1.11057844],[3.10603306]
[3.94943505],[1.11449361],[3.14336409]
[3.93225523],[1.11695797],[3.1458883]
[3.95829388],[1.11910356],[3.1669994]
[3.95525388],[1.11253303],[3.15403524]
[3.97323553],[1.10002339],[3.13929751]
[3.9960953],[1.09568001],[3.12327221]
[3.99962628],[1.07736328],[3.1086463]
[4.00213545],[1.07282774],[3.07423832]
[3.99304935],[1.06506617],[3.05483508]
[3.99097107],[1.05785249],[3.01295162]
[3.97452153],[1.05060686],[2.99142408]
[3.97331111],[1.0426961],[2.97278341]
[3.97861208],[1.03495922],[2.9592633]
[3.98776925],[1.02695707],[2.94831205]
[3.99578236],[1.01573789],[2.93101013]
[3.99962212],[0.9868449],[2.8938096]
[4.00026915],[0.96920533],[2.84752887]
[3.99950135],[0.95496335],[2.80276281]
[3.98942408],[0.93999579],[2.74531356]
[3.96370623],[0.93032357],[2.67763361]
[3.93694155],[0.9263411],[2.61733593]
[3.91113702],[0.92172202],[2.56092247]
[3.89160648],[0.9160824],[2.511655]
[3.87930559],[0.91156443],[2.47229392]
[3.86377177],[0.90790449],[2.43090533]
[3.83665036],[0.90216547],[2.3812089]
[3.8045226],[0.89575997],[2.33256331]
[3.77917615],[0.88939673],[2.29523941]
[6.72444272],[1.99936583],[7.63096655]
[4.68622141],[1.59947618],[4.14220325]
[3.12796427],[1.26892453],[1.94866716]
[1.91788742],[0.75489921],[0.70643322]
[1.43653327],[0.27504706],[0.36269406]
[2.40825143],[0.71282314],[1.26805113]
[2.58359986],[0.83990088],[1.65704517]
[2.60849971],[0.89472502],[1.7703544]
[2.8655807],[0.95059782],[1.99603716]
[3.0995312],[0.97907877],[2.19021256]
[3.26383487],[1.05960059],[2.53279283]
[3.34364891],[1.06725397],[2.65324207]
[3.35477957],[1.07939519],[2.75152835]
[3.43002694],[1.07169107],[2.7587144]
[3.43767099],[1.08111393],[2.81527109]
[3.62273113],[1.0776025],[2.8553784]
[3.66903559],[1.08968498],[2.90979789]
[3.83643072],[1.08607512],[2.98202432]
[3.80964311],[1.09971943],[2.99333595]
[3.91598062],[1.10484199],[3.08359667]
[3.91839743],[1.12286858],[3.12302817]
[3.96133386],[1.12967182],[3.18506319]
[3.96951016],[1.14076658],[3.22101756]
[3.99434392],[1.15153342],[3.27119185]
[3.99640194],[1.15572724],[3.29716452]
[4.00657815],[1.15871792],[3.32911599]
[4.01146927],[1.16058983],[3.34539799]
[4.02111473],[1.16513277],[3.37373839]
[4.02540526],[1.16647355],[3.38332413]
[4.02718084],[1.16946298],[3.4027324]
[4.05228599],[1.16372762],[3.39234167]
[4.06029937],[1.15300072],[3.38522704]
[4.12476033],[1.1488191],[3.36440762]
[4.10357817],[1.13097649],[3.33966986]
[4.14052414],[1.12633724],[3.30197488]
[4.08386409],[1.11469378],[3.26082273]
[4.0972127],[1.10332329],[3.21586721]
[4.05774121],[1.09180309],[3.17355269]
[4.04466881],[1.07957684],[3.13624521]
[4.03996505],[1.06753187],[3.10260553]
[4.04310335],[1.05538286],[3.07495785]
[4.04650488],[1.03905386],[3.04080264]
[4.04605986],[1.00601227],[2.98539361]
[4.0401578],[0.98046255],[2.92443838]
[4.03277425],[0.96611116],[2.87106396]
[4.02717202],[0.95105237],[2.81715948]
[4.01774131],[0.93760464],[2.76610211]
[3.9967851],[0.9327955],[2.70628307]
[3.97102591],[0.92835241],[2.64646531]
[3.93279157],[0.92291975],[2.57687454]
[3.91884477],[0.91885138],[2.53281993]
[3.90830313],[0.9153124],[2.49728011]
[3.88847188],[0.909673],[2.45258801]
[3.86822693],[0.90379356],[2.40781311]
[3.848989],[0.89892189],[2.36907428]
[6.88346657],[1.97665904],[7.15373068]
[4.77982878],[1.55093148],[3.74180292]
[2.96913891],[1.10009146],[1.68607217]
[1.76402226],[0.65788846],[0.58839643]
[1.46507565],[0.28303116],[0.34549736]
[2.41996049],[0.72479133],[1.3058067]
[2.59110294],[0.85597524],[1.6895644]
[2.60658717],[0.91118511],[1.79770177]
[2.92944541],[0.96256352],[2.05544242]
[3.13693069],[0.99465226],[2.26643925]
[3.28362226],[1.08147973],[2.61090993]
[3.36382965],[1.0867024],[2.74562444]
[3.36384224],[1.09975252],[2.839002]
[3.53209302],[1.09063857],[2.87566799]
[3.5554106],[1.11097531],[2.95536149]
[3.73803023],[1.12310313],[3.05819269]
[3.81671805],[1.14102794],[3.15407443]
[3.92812002],[1.14326397],[3.23116627]
[3.94708754],[1.15193612],[3.26123347]
[3.99563108],[1.15924826],[3.32917172]
[4.02273291],[1.17364675],[3.3774483]
[4.03198196],[1.18256592],[3.41997825]
[4.06357152],[1.19141247],[3.46478723]
[4.07520968],[1.20298337],[3.5197394]
[4.11554349],[1.20518242],[3.55491367]
[4.10608819],[1.20998116],[3.60136495]
[4.16075171],[1.21021853],[3.6260286]
[4.17856402],[1.21595068],[3.66650919]
[4.22100551],[1.21794342],[3.68852292]
[4.2287924],[1.21937106],[3.71014267]
[4.27190881],[1.2119364],[3.71518279]
[4.28656021],[1.20478416],[3.70502144]
[4.3665816],[1.19975985],[3.70684751]
[4.35073348],[1.18299699],[3.66714368]
[4.39521114],[1.17811836],[3.64150195]
[4.33482175],[1.16725066],[3.56964103]
[4.34993904],[1.15631359],[3.52081286]
[4.28946513],[1.14541541],[3.44831881]
[4.25215397],[1.13354833],[3.39325132]
[4.22494971],[1.12293361],[3.34552017]
[4.19527882],[1.11312761],[3.30510894]
[4.17276079],[1.09818966],[3.25654172]
[4.15126448],[1.06833284],[3.19332129]
[4.13063959],[1.03652115],[3.11841669]
[4.10961001],[1.00234778],[3.03881779]
[4.08353572],[0.97483807],[2.96013036]
[4.07104354],[0.95714122],[2.89446443]
[4.04950243],[0.94640185],[2.8236089]
[4.02377577],[0.94040103],[2.75132632]
[3.98881055],[0.93362708],[2.67848852]
[3.96020548],[0.92929119],[2.61243559]
[3.92667578],[0.92566131],[2.5505438]
[3.90269262],[0.9199034],[2.50461624]
[3.8834438],[0.91403083],[2.46421637]
[3.86884526],[0.90893511],[2.42615509]
[7.09948469],[2.01148984],[7.48978379]
[5.03897847],[1.58853725],[3.84982855]
[2.96862335],[1.10248872],[1.69781805]
[1.7353943],[0.64244196],[0.58990964]
[1.5203477],[0.29901646],[0.36626356]
[2.43974463],[0.7395703],[1.33718716]
[2.60629268],[0.86462152],[1.71521148]
[2.62195807],[0.92249271],[1.83205073]
[3.0060732],[0.97674568],[2.14186178]
[3.18077366],[1.02265905],[2.39101786]
[3.31118499],[1.11020638],[2.72302427]
[3.40865847],[1.12148382],[2.89612428]
[3.43821385],[1.14385152],[3.03429009]
[3.69252427],[1.15073284],[3.15878208]
[3.76855407],[1.16869723],[3.27306395]
[3.8836555],[1.18615579],[3.36903606]
[3.96243368],[1.19851137],[3.45694345]
[4.02135566],[1.20446821],[3.51665361]
[4.06826247],[1.20914441],[3.55776247]
[4.09079703],[1.21931616],[3.6252104]
[4.18247945],[1.22985262],[3.68340909]
[4.21690397],[1.24426032],[3.75627709]
[4.28628095],[1.25726245],[3.82970878]
[4.30813204],[1.26619006],[3.89119765]
[4.34564491],[1.2761351],[3.94802868]
[4.35393032],[1.28389775],[3.99075056]
[4.38382246],[1.2914325],[4.02585646]
[4.40511466],[1.29811744],[4.06781626]
[4.42884191],[1.30433714],[4.08642362]
[4.44412245],[1.30710369],[4.11444973]
[4.46643626],[1.29049135],[4.11227992]
[4.48445871],[1.2746161],[4.11399944]
[4.53117472],[1.25611354],[4.11892966]
[4.53771571],[1.24349069],[4.07560717]
[4.56135588],[1.23942613],[4.04285134]
[4.54190575],[1.23024044],[3.97704976]
[4.53852362],[1.22165835],[3.93496697]
[4.52072461],[1.21299418],[3.87222735]
[4.49928052],[1.20356227],[3.82228576]
[4.49098651],[1.19464257],[3.77587211]
[4.48185845],[1.18485887],[3.72866438]
[4.47688188],[1.17094808],[3.66585054]
[4.46647098],[1.14360801],[3.57905442]
[4.42689446],[1.11518283],[3.46638945]
[4.38195588],[1.08467794],[3.3496952]
[4.31896083],[1.04903778],[3.23876109]
[4.24634452],[1.01441436],[3.13883158]
[4.1659473],[0.98315987],[3.04910399]
[4.12416298],[0.96512563],[2.96562644]
[4.10252304],[0.95029935],[2.88362456]
[4.07849307],[0.9419392],[2.80176622]
[4.05152562],[0.93493754],[2.72288769]
[4.01167702],[0.92747562],[2.63505688]
[3.96699325],[0.92126728],[2.56126348]
[3.94107837],[0.91599592],[2.5155567]
[7.21322916],[2.06035709],[7.88668779]
[5.17278479],[1.70698821],[4.07917254]
[3.05859566],[1.1454734],[1.73189094]
[1.66191631],[0.63625825],[0.56169676]
[1.57870538],[0.31873608],[0.37597438]
[2.45930545],[0.74932811],[1.36854261]
[2.61949017],[0.8753364],[1.7394481]
[2.69238951],[0.93356924],[1.88190151]
[3.07676777],[0.99919064],[2.25027836]
[3.22960094],[1.07933094],[2.56893861]
[3.35267099],[1.16137787],[2.93549008]
[3.60280177],[1.18118064],[3.17754223]
[3.71974857],[1.19602164],[3.33902912]
[3.85684638],[1.20837029],[3.45086761]
[3.93498121],[1.23674465],[3.56224266]
[3.99703089],[1.25335448],[3.64252483]
[4.06718848],[1.25967924],[3.73653576]
[4.16423435],[1.26478453],[3.84304809]
[4.29351045],[1.27395584],[3.93138223]
[4.33106472],[1.28653406],[3.99014947]
[4.394276],[1.30029506],[4.07072637]
[4.42309976],[1.31140119],[4.13477539]
[4.46204993],[1.32166281],[4.21417994]
[4.48793304],[1.33009769],[4.28646882]
[4.50977594],[1.33996941],[4.36072917]
[4.52428613],[1.34775505],[4.41338197]
[4.53987093],[1.35605427],[4.47138078]
[4.56194573],[1.36397201],[4.50942365]
[4.57504968],[1.3722412],[4.55668503]
[4.59105138],[1.37386342],[4.57984348]
[4.6024531],[1.36460609],[4.610974]
[4.63879592],[1.35091092],[4.61498745]
[4.67368697],[1.32478738],[4.63109099]
[4.73084142],[1.32066584],[4.61181857]
[4.73773708],[1.30580616],[4.57360932]
[4.77633762],[1.29451632],[4.51019428]
[4.73363359],[1.28594331],[4.44971589]
[4.7517683],[1.2774064],[4.37671412]
[4.70608385],[1.26826265],[4.30309572]
[4.69362935],[1.26004741],[4.24176046]
[4.68332971],[1.25008508],[4.17789515]
[4.67678947],[1.23554532],[4.09280198]
[4.66323788],[1.20894142],[3.9754116]
[4.64057459],[1.18200956],[3.85214816]
[4.61670943],[1.15157758],[3.7239051]
[4.58473937],[1.11790809],[3.58584777]
[4.55117848],[1.08517435],[3.4628098]
[4.47839722],[1.05089256],[3.34239849]
[4.37883465],[1.01311974],[3.22548866]
[4.23442128],[0.98264352],[3.10279046]
[4.18611289],[0.96512752],[3.01560829]
[4.17021526],[0.95644658],[2.93741711]
[4.14637827],[0.94629925],[2.84755857]
[4.11885507],[0.93663964],[2.76322934]
[4.0845754],[0.92748687],[2.68010002]
[7.29204617],[2.1019265],[8.20193007]
[5.26061147],[1.76289664],[4.22127317]
[3.19465352],[1.18031884],[1.7832505]
[1.63282923],[0.64376341],[0.55210568]
[1.55713888],[0.30601368],[0.35158313]
[2.45407456],[0.75213927],[1.3703575]
[2.62574333],[0.88408481],[1.76151545]
[2.76729187],[0.95207889],[1.95352787]
[3.11640098],[1.03714508],[2.41031673]
[3.26188494],[1.17068601],[2.75514057]
[3.38492105],[1.20964761],[3.14126362]
[3.69893692],[1.23957594],[3.41498373]
[3.82669832],[1.25200642],[3.58390215]
[3.92433183],[1.27657879],[3.69166521]
[4.0017902],[1.30415707],[3.81657219]
[4.04593362],[1.31941097],[3.9235007]
[4.17943273],[1.32615599],[4.04598899]
[4.31548195],[1.32927963],[4.21322797]
[4.4088395],[1.3374994],[4.29879592]
[4.44372871],[1.35018841],[4.37065427]
[4.48983828],[1.36582646],[4.46387902]
[4.52592119],[1.37943327],[4.53953094]
[4.55927173],[1.39131256],[4.65186947]
[4.5866855],[1.40073718],[4.73766879]
[4.60363756],[1.41120992],[4.84454797]
[4.62902218],[1.41904124],[4.90585731]
[4.64265748],[1.42538352],[4.99015792]
[4.70362476],[1.43057898],[5.04112335]
[4.69562831],[1.43544507],[5.09447686]
[4.77992288],[1.43604752],[5.14548056]
[4.75788055],[1.42977242],[5.19221285]
[4.84947686],[1.41970754],[5.24096258]
[4.85672112],[1.40316771],[5.2893157]
[4.95826967],[1.39753935],[5.30029949]
[4.92332644],[1.38376628],[5.22387949]
[5.08632102],[1.369002],[5.17528716]
[4.95179058],[1.35417082],[5.03592426]
[5.02243056],[1.34184909],[4.95446882]
[4.91007272],[1.3308783],[4.84362853]
[4.89398479],[1.32171908],[4.77415749]
[4.87881356],[1.3114112],[4.70395037]
[4.87099783],[1.2974538],[4.61802482]
[4.86196145],[1.272968],[4.50257541]
[4.82367192],[1.2483079],[4.36005988]
[4.78308837],[1.21927892],[4.16728004]
[4.73967098],[1.1861923],[3.95969653]
[4.69922909],[1.15515349],[3.81305971]
[4.66242003],[1.12317073],[3.67436924]
[4.61247142],[1.0879512],[3.53674148]
[4.53035889],[1.05166898],[3.39847828]
[4.42163719],[1.01467622],[3.26969181]
[4.27754953],[0.98502286],[3.14797677]
[4.2283402],[0.96800748],[3.05116478]
[4.21011807],[0.95815271],[2.96539742]
[4.19320329],[0.94904309],[2.88703516]
[7.33914594],[2.09363195],[7.987631]
[5.27633008],[1.76006539],[4.05188404]
[3.2573299],[1.11545827],[1.72635653]
[1.67669351],[0.6110634],[0.52560138]
[1.61292671],[0.32216334],[0.37188831]
[2.46430043],[0.77253779],[1.41663661]
[2.63737288],[0.9016433],[1.79424587]
[2.83946448],[0.96996595],[2.0325291]
[3.15612218],[1.08470783],[2.54584757]
[3.29171274],[1.22653361],[2.89725509]
[3.48143357],[1.25738114],[3.29647375]
[3.78139751],[1.2826795],[3.58967738]
[3.91490461],[1.30612624],[3.76851423]
[3.98146358],[1.32961635],[3.90202243]
[4.05287566],[1.35921818],[4.03481179]
[4.13111203],[1.37312882],[4.19120574]
[4.31963772],[1.38042027],[4.38085167]
[4.43325704],[1.38542878],[4.54673387]
[4.4995956],[1.39494374],[4.67096189]
[4.54115627],[1.40961113],[4.75306619]
[4.58334696],[1.42603935],[4.86750913]
[4.6229576],[1.43957145],[4.94130275]
[4.64896864],[1.45145212],[5.05530064]
[4.72572162],[1.4611549],[5.15518746]
[4.71647501],[1.47191067],[5.26279685]
[4.80231682],[1.47887632],[5.37835181]
[4.77831198],[1.4841802],[5.49039214]
[4.87871861],[1.48913585],[5.61107102]
[4.84961371],[1.49358686],[5.69360928]
[5.00430522],[1.49197935],[5.79854516]
[4.91225841],[1.48441811],[5.80635416]
[5.12433093],[1.47446842],[5.92139774]
[5.13567784],[1.45968877],[5.9250399]
[5.25946614],[1.45339259],[5.98107651]
[5.29681483],[1.43870192],[5.92401361]
[5.39164993],[1.4231321],[5.85310136]
[5.40724895],[1.40841318],[5.72686844]
[5.37371766],[1.39753166],[5.61039943]
[5.29232274],[1.38576757],[5.44405795]
[5.22984721],[1.37464167],[5.32188605]
[5.18797875],[1.36263211],[5.20155321]
[5.14867395],[1.34579599],[5.0692457]
[5.11246269],[1.32080975],[4.91314577]
[5.0183713],[1.29601073],[4.73388493]
[4.94503976],[1.26789712],[4.53622539]
[4.90183259],[1.23588712],[4.30829682]
[4.85942493],[1.2049634],[4.10510961]
[4.81418722],[1.17293665],[3.93702394]
[4.74685818],[1.13898953],[3.78999602]
[4.68810613],[1.10416046],[3.63885757]
[4.62096918],[1.06855259],[3.49645844]
[4.53789125],[1.03110187],[3.36846755]
[4.41125036],[0.99310411],[3.22455577]
[4.26827177],[0.97621909],[3.10446773]
[4.23707327],[0.96779662],[3.01836757]
[7.459641],[2.12632886],[8.27665272]
[5.45065726],[1.77385994],[4.18227751]
[3.38545331],[1.13367032],[1.81721743]
[1.84475209],[0.63428099],[0.57636664]
[1.72912942],[0.34486992],[0.41796171]
[2.49050364],[0.78964794],[1.45524083]
[2.66989285],[0.91560388],[1.83171531]
[2.9351837],[1.00031719],[2.17956647]
[3.20444335],[1.16640281],[2.71615931]
[3.35554051],[1.2907274],[3.09571334]
[3.60701371],[1.32551411],[3.50127123]
[3.85725819],[1.34702204],[3.80863097]
[3.99488322],[1.37444469],[4.06093512]
[4.04418919],[1.40038244],[4.24800356]
[4.18900207],[1.43172957],[4.43935923]
[4.32515772],[1.44542687],[4.62248047]
[4.46241283],[1.45351804],[4.84067983]
[4.55911066],[1.45918244],[5.01297002]
[4.61422148],[1.46595433],[5.16406852]
[4.66707814],[1.47755507],[5.23729962]
[4.68381897],[1.49027749],[5.37566459]
[4.79346845],[1.50249949],[5.47189295]
[4.79161841],[1.51307776],[5.62205006]
[4.90391598],[1.52225712],[5.74975845]
[4.87664894],[1.53112156],[5.91443592]
[5.05411211],[1.53449082],[6.04956627]
[4.93883123],[1.53999914],[6.18682463]
[5.17274418],[1.54496432],[6.34054989]
[5.1074286],[1.55000598],[6.46212826]
[5.29914765],[1.54749341],[6.55693813]
[5.28234406],[1.53994083],[6.65006812]
[5.42786252],[1.53102557],[6.68065173]
[5.51473524],[1.51646437],[6.73511122]
[5.58039767],[1.50525911],[6.76224522]
[5.68718246],[1.49442993],[6.78139353]
[5.72931227],[1.48308402],[6.69581047]
[5.87202973],[1.46911247],[6.62023247]
[5.77654226],[1.45392892],[6.40932304]
[5.72678867],[1.43827222],[6.22559941]
[5.62306994],[1.42643634],[6.04099173]
[5.56721316],[1.41422077],[5.88402844]
[5.51514357],[1.39811468],[5.73168283]
[5.45247129],[1.3719795],[5.55177616]
[5.34195962],[1.34566435],[5.34145372]
[5.22501206],[1.31731737],[5.07337229]
[5.13715038],[1.28617265],[4.74849941]
[5.05923864],[1.25643891],[4.49916334]
[4.98263427],[1.22614081],[4.28344103]
[4.92527309],[1.19321746],[4.07801135]
[4.84055181],[1.16065885],[3.91163233]
[4.76355134],[1.12768852],[3.75893333]
[4.70785903],[1.0944193],[3.61840122]
[4.62922904],[1.05469034],[3.47089246]
[4.52911485],[1.01635443],[3.33453941]
[4.39285288],[0.98143682],[3.19686266]
[7.6168635],[2.1631042],[8.66772108]
[5.49408274],[1.82155879],[4.33236698]
[3.43916258],[1.17193179],[1.89173461]
[1.91359005],[0.63581003],[0.59459501]
[1.86831974],[0.37409056],[0.46982169]
[2.52403854],[0.80993278],[1.50258526]
[2.70965328],[0.9333457],[1.88591259]
[3.04105285],[1.04344459],[2.36589867]
[3.26442629],[1.23739355],[2.91120071]
[3.46945125],[1.34809099],[3.31468649]
[3.74875685],[1.38726113],[3.74149671]
[3.95111819],[1.40983148],[4.09439032]
[4.08848273],[1.43800638],[4.43391442]
[4.19910289],[1.46605838],[4.64920852]
[4.37710587],[1.49582974],[4.88944371]
[4.48875597],[1.50984513],[5.08841388]
[4.58434843],[1.51802783],[5.34389231]
[4.67005836],[1.52518975],[5.53168244]
[4.7269237],[1.54211736],[5.76650996]
[4.83916389],[1.55423194],[5.86676671]
[4.83705977],[1.56883178],[6.05546952]
[5.01518633],[1.58362536],[6.14383841]
[4.95794138],[1.5978908],[6.32923708]
[5.20091977],[1.61109473],[6.46729968]
[5.16208475],[1.62352669],[6.68136174]
[5.33579261],[1.63459189],[6.84920863]
[5.33128163],[1.64685591],[7.0867656]
[5.47644668],[1.64617331],[7.22798531]
[5.52069586],[1.64401651],[7.44929332]
[5.62306255],[1.64794739],[7.5026585]
[5.70695837],[1.65069769],[7.68483936]
[5.78573137],[1.65692134],[7.64374136]
[5.9281819],[1.61589636],[7.78183227]
[5.98349158],[1.58516667],[7.77560476]
[6.08514826],[1.55189907],[7.78612096]
[6.17624532],[1.5392713],[7.72902376]
[6.24570142],[1.5258379],[7.62089069]
[6.33769129],[1.5121952],[7.46139762]
[6.22872988],[1.49759323],[7.24551435]
[6.17476527],[1.48281531],[7.02704384]
[6.0656294],[1.4677639],[6.80561693]
[5.98359423],[1.44931222],[6.58367756]
[5.88687762],[1.42436817],[6.33207164]
[5.69854383],[1.39406943],[6.02896864]
[5.5633295],[1.36444431],[5.67453946]
[5.43694309],[1.33160329],[5.3293459]
[5.33836985],[1.30177682],[4.94219045]
[5.25558928],[1.27150759],[4.66804494]
[5.1686325],[1.24014131],[4.42965887]
[5.02097992],[1.20677827],[4.1844349]
[4.93398882],[1.17469655],[4.00730871]
[4.84009584],[1.14149055],[3.85089116]
[4.78597667],[1.10273034],[3.69386362]
[4.7225554],[1.06542411],[3.55105345]
[4.63993003],[1.0036871],[3.40888648]
[7.82850565],[2.18708614],[8.98299926]
[5.61400433],[1.85046496],[4.47106861]
[3.55134145],[1.19171419],[1.99008617]
[2.04150854],[0.64349875],[0.6567854]
[1.91579143],[0.37974545],[0.49138469]
[2.5491758],[0.82296776],[1.52892667]
[2.84029636],[0.95069864],[1.97471976]
[3.121472],[1.08990273],[2.55573345]
[3.33516268],[1.29570384],[3.12418105]
[3.60653456],[1.40917506],[3.53907645]
[3.84874508],[1.45454936],[3.97752079]
[4.01997825],[1.47617004],[4.41444264]
[4.23580636],[1.50220415],[4.82116609]
[4.38127223],[1.52653088],[5.09127931]
[4.5085766],[1.55606574],[5.4151666]
[4.60590878],[1.57019509],[5.5916369]
[4.67866257],[1.5870643],[5.93032312]
[4.81524989],[1.61962068],[6.109239]
[4.87828668],[1.63723203],[6.42712086]
[5.07446426],[1.64971424],[6.56040054]
[5.03863252],[1.66597732],[6.78024845]
[5.27382863],[1.67996088],[6.92203641]
[5.32074988],[1.69667035],[7.15419302]
[5.49312613],[1.71139896],[7.31801878]
[5.56347217],[1.72907372],[7.60481474]
[5.64774378],[1.74548095],[7.75521001]
[5.74801355],[1.76351169],[8.07758462]
[5.83624541],[1.77398989],[8.22326094]
[5.94310048],[1.78504313],[8.53001436]
[6.02627216],[1.79185124],[8.6327163]
[6.09711372],[1.80340786],[8.83912584]
[6.2245813],[1.80410205],[8.87713438]
[6.29758072],[1.78563833],[8.9729802]
[6.4210141],[1.75254247],[9.03025544]
[6.46665691],[1.71795047],[8.98587309]
[6.62470922],[1.67487442],[8.9836779]
[6.66562335],[1.63512635],[8.87179667]
[6.77990867],[1.59885489],[8.72885994]
[6.74473394],[1.56128833],[8.45797879]
[6.7188934],[1.5428605],[8.23179722]
[6.62200593],[1.52710841],[7.95083041]
[6.5528781],[1.50612296],[7.70281615]
[6.46480732],[1.47810114],[7.42754765]
[6.29796734],[1.44748398],[7.1003641]
[6.04064302],[1.41545475],[6.66587283]
[5.76775377],[1.38283288],[6.11249549]
[5.64807505],[1.35127674],[5.57451607]
[5.55484947],[1.31950568],[5.18330875]
[5.45646243],[1.28774781],[4.86742341]
[5.31333799],[1.25564522],[4.57828702]
[5.18977647],[1.22329708],[4.3374846]
[5.03177485],[1.19009031],[4.11587323]
[4.92991277],[1.15200367],[3.94292514]
[4.85976045],[1.11598345],[3.79086427]
[4.80893415],[1.0561721],[3.63273845]
[7.95384702],[2.17782625],[8.89475286]
[5.63813689],[1.82544547],[4.35477484]
[3.61113842],[1.14903183],[1.9798644]
[2.11343996],[0.61432515],[0.67339589]
[1.98621167],[0.42108219],[0.58995694]
[2.58196805],[0.84205212],[1.58705514]
[2.96497356],[0.97005569],[2.09656812]
[3.21359064],[1.16262888],[2.75798946]
[3.41897125],[1.35589247],[3.35010503]
[3.72558822],[1.47158527],[3.78196324]
[3.93500865],[1.51870379],[4.25992827]
[4.12575188],[1.53816834],[4.7508537]
[4.37799566],[1.56283792],[5.31056662]
[4.51095263],[1.58654074],[5.60421101]
[4.59959496],[1.61293866],[5.99825358]
[4.6930639],[1.64383303],[6.17999278]
[4.76940161],[1.68143456],[6.52429264]
[4.97132165],[1.7151764],[6.74350666]
[5.09187218],[1.73563596],[7.09359631]
[5.29190767],[1.7498455],[7.3203999]
[5.35231568],[1.76705055],[7.59192363]
[5.51793185],[1.78294827],[7.7801787]
[5.66163524],[1.80065061],[8.08923238]
[5.83141284],[1.81675469],[8.27161867]
[5.96023815],[1.83724959],[8.6263288]
[6.05869687],[1.85623476],[8.81933158]
[6.12533379],[1.87894751],[9.18438441]
[6.26402406],[1.89000017],[9.42977665]
[6.30102633],[1.90251453],[9.74091443]
[6.46346768],[1.91145602],[9.96153278]
[6.4745382],[1.92145143],[10.14490975]
[6.66917792],[1.92927678],[10.30414287]
[6.71974038],[1.91868305],[10.38256265]
[6.81744212],[1.88969358],[10.48321008]
[6.86969712],[1.86794883],[10.46490376]
[6.94749899],[1.83515667],[10.42624067]
[7.046622],[1.80687225],[10.33763458]
[7.0989055],[1.77279533],[10.1762452]
[7.22753799],[1.73300273],[9.97197314]
[7.15540364],[1.69413163],[9.6544158]
[7.12953476],[1.65182677],[9.35151169]
[7.02455142],[1.62615334],[9.02795827]
[6.94329189],[1.59838438],[8.70755236]
[6.82883764],[1.53755221],[8.35013787]
[6.63549308],[1.47219277],[7.90923131]
[6.38169633],[1.43512397],[7.27090056]
[6.12715345],[1.40292391],[6.62366276]
[5.91985065],[1.37009327],[5.86607382]
[5.75558313],[1.3361469],[5.39769325]
[5.64247987],[1.30313217],[5.02020163]
[5.42981191],[1.27195797],[4.7279484]
[5.307991],[1.23950391],[4.47655735]
[5.16555569],[1.20066848],[4.21309643]
[5.01954158],[1.16286419],[4.0364541]
[4.9242117],[1.10251741],[3.8641511]
[8.09254402],[2.20188865],[9.25342492]
[5.7883969],[1.86602748],[4.572432]
[3.79418124],[1.18306912],[2.11992281]
[2.30671626],[0.65214562],[0.76999743]
[2.08300169],[0.45890837],[0.71792379]
[2.67638115],[0.86351541],[1.65903739]
[3.08041419],[1.00534158],[2.2513463]
[3.35515127],[1.23636869],[3.00926906]
[3.56188271],[1.42261935],[3.60722503]
[3.8446867],[1.53045643],[4.05576167]
[4.0483569],[1.57758098],[4.58946406]
[4.27442674],[1.59602942],[5.11072764]
[4.50200242],[1.61853716],[5.8430417]
[4.6201459],[1.6571889],[6.21272193]
[4.68440427],[1.6997112],[6.58116538]
[4.82671151],[1.73882117],[6.78436658]
[4.88367126],[1.77859929],[7.12612489]
[5.20157061],[1.806428],[7.4585842]
[5.30752634],[1.83090521],[7.83077104]
[5.50348963],[1.84863271],[8.15673376]
[5.62620235],[1.86919597],[8.51653192]
[5.77636733],[1.88049779],[8.72640905]
[5.98756129],[1.89968112],[9.14201372]
[6.15742569],[1.91583157],[9.39570577]
[6.27253006],[1.93971302],[9.77213453]
[6.44547775],[1.96142699],[10.06877191]
[6.47010302],[1.98256367],[10.39916402]
[6.68316832],[1.99410508],[10.79026457]
[6.73388472],[2.00751122],[11.11708257]
[6.84473157],[2.01778084],[11.40861741]
[6.94572112],[2.02229525],[11.64985013]
[6.99059118],[2.03275224],[11.80317655]
[7.13054494],[2.02475816],[11.9717793]
[7.17147632],[2.0026679],[12.02534271]
[7.31640167],[1.98558099],[12.13521682]
[7.36777003],[1.95858467],[12.09926238]
[7.50996032],[1.93650324],[12.07450497]
[7.55594692],[1.91158457],[11.89031288]
[7.65174594],[1.88374854],[11.71305242]
[7.66020928],[1.85527722],[11.40015554]
[7.63719919],[1.82529893],[11.09854259]
[7.5692107],[1.80225706],[10.74223702]
[7.49929854],[1.7768389],[10.36433018]
[7.40921857],[1.70554921],[9.96510081]
[7.17596838],[1.61264474],[9.45933191]
[6.94566324],[1.52910463],[8.78593779]
[6.73419779],[1.46107779],[8.01442884]
[6.49674776],[1.42783464],[7.2467433]
[6.2980555],[1.39302885],[6.38452999]
[6.11022383],[1.35875365],[5.71809403]
[5.72200377],[1.32621791],[5.23523844]
[5.53251817],[1.29485129],[4.91710171]
[5.40070221],[1.25759214],[4.63648689]
[5.28279897],[1.21653962],[4.38309302]
[5.13549081],[1.17023593],[4.15153939]
[8.15559727],[2.22971916],[9.63690644]
[5.81978364],[1.91959132],[4.83540516]
[3.9112419],[1.24046226],[2.25431151]
[2.39384061],[0.67523628],[0.83230381]
[2.18905052],[0.4995493],[0.85232625]
[2.87723251],[0.88980742],[1.77947462]
[3.18861664],[1.05135119],[2.44079157]
[3.48718896],[1.29881537],[3.24297159]
[3.72442593],[1.48431897],[3.87464736]
[3.94868124],[1.58321042],[4.32750414]
[4.18865263],[1.62755361],[4.94959267]
[4.42870919],[1.641795],[5.53844811]
[4.60796444],[1.72867038],[6.38027789]
[4.71405212],[1.76533357],[6.72609775]
[4.78618707],[1.80555278],[7.12053042]
[4.97770416],[1.84194013],[7.40663625]
[5.09299097],[1.88017318],[7.76204095]
[5.36769314],[1.908801],[8.19166898]
[5.54349263],[1.93065202],[8.66129652]
[5.72032846],[1.95113382],[9.06738041]
[5.941794],[1.96465192],[9.58013585]
[6.10451986],[1.98038855],[9.88690541]
[6.24659593],[2.00112195],[10.30389461]
[6.50363478],[2.01884522],[10.69094716]
[6.63275273],[2.04001118],[11.07617821]
[6.80783486],[2.05928701],[11.48847866]
[6.84741988],[2.07720528],[11.82144234]
[6.9914368],[2.08867871],[12.16741549]
[7.21373154],[2.10200946],[12.56188124]
[7.37787059],[2.11083331],[12.90124827]
[7.51350113],[2.11729338],[13.26322773]
[7.54090641],[2.122434],[13.45959441]
[7.62986318],[2.11470107],[13.72039296]
[7.68350238],[2.10650644],[13.79217545]
[7.7298137],[2.09135604],[13.84660048]
[7.83506462],[2.07268602],[13.84484247]
[7.8634083],[2.05529587],[13.79672865]
[8.0495593],[2.03595946],[13.74413487]
[8.08836825],[2.01358912],[13.55077452]
[8.19422568],[1.99077309],[13.39490668]
[8.18436057],[1.96684487],[13.03834135]
[8.16001623],[1.94804322],[12.70960958]
[8.0049638],[1.92858087],[12.24685645]
[7.93218969],[1.87533738],[11.82979614]
[7.75261698],[1.80296753],[11.34417473]
[7.54774174],[1.71790903],[10.70483506]
[7.31155485],[1.62614134],[9.78746913]
[7.08857492],[1.53222944],[8.82009771]
[6.85492832],[1.45134847],[7.87184005]
[6.68015748],[1.41531931],[6.78930479]
[6.44549908],[1.37994706],[5.98524109]
[5.80141453],[1.34515473],[5.4198405]
[5.61729615],[1.30584713],[5.0368897]
[5.49134467],[1.26515399],[4.75489039]
[5.38878368],[1.22844103],[4.49809918]
[8.3902347],[2.28337466],[10.10088343]
[5.87771118],[1.96324348],[5.10352598]
[4.08616423],[1.28818431],[2.407168]
[2.5343621],[0.70727894],[0.92288365]
[2.24885764],[0.51468726],[0.93025655]
[3.04059362],[0.91388119],[1.87992143]
[3.3070286],[1.12897423],[2.63899516]
[3.63429246],[1.3564633],[3.4562762]
[3.83459694],[1.53517343],[4.12404933]
[4.06324266],[1.6248191],[4.61838]
[4.33812967],[1.66477122],[5.27583395]
[4.55146446],[1.68941026],[5.93833359]
[4.69540743],[1.80343449],[6.79940834]
[4.84917341],[1.84135724],[7.20683695]
[4.90113256],[1.88377189],[7.63353674]
[5.18279619],[1.92153263],[8.04078568]
[5.30135676],[1.96712489],[8.4533976]
[5.51899529],[1.9955044],[8.92591573]
[5.77897772],[2.01499419],[9.49136592]
[6.01556113],[2.02966298],[10.03122091]
[6.18685601],[2.04904753],[10.66888487]
[6.41774104],[2.06642615],[11.08066017]
[6.54211213],[2.08494415],[11.46918124]
[6.80637029],[2.10079514],[11.95530589]
[6.91505523],[2.12005864],[12.32823748]
[7.05399944],[2.13762625],[12.71978746]
[7.23284748],[2.15401334],[13.1477117]
[7.42020824],[2.16558143],[13.55695787]
[7.64351684],[2.17840271],[14.08668198]
[7.75069667],[2.18853533],[14.4504089]
[7.8546397],[2.19502079],[14.84421755]
[8.00100325],[2.20946277],[15.1763915]
[8.11237825],[2.21395106],[15.45701849]
[8.26514746],[2.2416543],[15.74279569]
[8.32352809],[2.24308867],[15.80815097]
[8.39762251],[2.20224465],[15.89611968]
[8.43514833],[2.15685555],[15.81582999]
[8.46896831],[2.12761527],[15.74684039]
[8.50800156],[2.10973653],[15.50618924]
[8.50868669],[2.09091626],[15.26120048]
[8.55411421],[2.07303832],[15.00007693]
[8.54836985],[2.05603356],[14.62757464]
[8.50802499],[2.03821653],[14.2154382]
[8.45865874],[1.99364323],[13.77819888]
[8.32632463],[1.93524498],[13.28511238]
[8.07244209],[1.87060683],[12.65574689]
[7.86312708],[1.79980998],[11.85453002]
[7.67792145],[1.71583914],[10.8761449]
[7.47607374],[1.62059445],[9.73608641]
[7.20823975],[1.51932605],[8.55440014]
[7.02244451],[1.43948066],[7.35653891]
[6.70588216],[1.40363361],[6.36625271]
[5.90679256],[1.36514781],[5.61053758]
[5.70291651],[1.3271723],[5.20824589]
[5.5673774],[1.2872039],[4.89272687]
[8.90811849],[2.30121883],[10.32168404]
[5.88140317],[1.9660207],[5.11147082]
[4.18505852],[1.26649436],[2.44934444]
[2.61874145],[0.70717668],[0.96968675]
[2.33188873],[0.56229992],[1.06822075]
[3.22201063],[0.94858086],[2.02991153]
[3.41723805],[1.20807631],[2.86525501]
[3.74897845],[1.41914329],[3.69612737]
[3.95592724],[1.58340614],[4.39551792]
[4.17602244],[1.66563499],[4.94304848]
[4.47336308],[1.70125898],[5.64699094]
[4.6519754],[1.76449889],[6.36327161]
[4.77953207],[1.87054897],[7.18673062]
[5.00434799],[1.90908457],[7.71261331]
[5.07105776],[1.95211471],[8.18100026]
[5.33653891],[1.9934872],[8.66810827]
[5.47866831],[2.03517427],[9.13556349]
[5.68295892],[2.06151223],[9.60797552]
[6.03787098],[2.08443902],[10.35189254]
[6.3073245],[2.10067529],[11.00756678]
[6.5509463],[2.12000681],[11.68530559]
[6.77064688],[2.1374951],[12.28693099]
[6.91777598],[2.15605336],[12.69412283]
[7.06320924],[2.17231968],[13.16024384]
[7.28718142],[2.1917485],[13.67732441]
[7.46534337],[2.20825053],[14.16915451]
[7.65593992],[2.22316855],[14.70299534]
[7.76882846],[2.24194748],[15.12186735]
[7.9165663],[2.26212661],[15.61274848]
[8.20918168],[2.29002034],[16.16988298]
[8.33819625],[2.3287179],[16.57689533]
[8.47600765],[2.36496024],[17.07623511]
[8.54503163],[2.41746609],[17.38012599]
[8.59387599],[2.44343509],[17.6822191]
[8.64415229],[2.44908912],[17.82646518]
[8.68201389],[2.4173165],[17.88969182]
[8.89059367],[2.38748576],[17.94787407]
[8.96808176],[2.35438344],[17.82588053]
[9.09834088],[2.30775793],[17.79948156]
[9.13516357],[2.25822745],[17.49723542]
[9.1537715],[2.21407949],[17.2999651]
[9.07914384],[2.17183231],[16.87793474]
[9.01273398],[2.1277007],[16.44179659]
[8.8679345],[2.08989398],[15.86056418]
[8.70994784],[2.04390718],[15.27577756]
[8.52125151],[1.99156255],[14.60897877]
[8.37163997],[1.92460396],[13.86657039]
[8.14793473],[1.86008127],[12.94239384]
[7.92035],[1.78697217],[11.88679009]
[7.70846489],[1.70106856],[10.51671206]
[7.55017638],[1.59867945],[9.21541812]
[7.34132823],[1.49946438],[7.83912511]
[6.84554376],[1.43130254],[6.68796558]
[6.12031286],[1.39260114],[5.86142349]
[5.77230005],[1.34938612],[5.37084204]
[9.58626564],[2.34883957],[11.0983478]
[5.91643702],[2.00374493],[5.42763943]
[4.31635771],[1.31328321],[2.64386119]
[2.7603426],[0.75563672],[1.0946816]
[2.42245191],[0.61236019],[1.23525119]
[3.41695205],[0.98805037],[2.20469465]
[3.54358737],[1.29673104],[3.13296155]
[3.85612617],[1.47771098],[3.98552505]
[4.10392124],[1.62994499],[4.71493784]
[4.348148],[1.70069751],[5.29349603]
[4.5934101],[1.7340593],[6.06026575]
[4.80642069],[1.83599597],[6.83280296]
[4.90694629],[1.93248313],[7.6321883]
[5.18185347],[1.97206255],[8.29132627]
[5.28697745],[2.0180916],[8.83185652]
[5.46827091],[2.05616462],[9.29913357]
[5.68011941],[2.09699305],[9.83215396]
[5.98125655],[2.12533534],[10.43948529]
[6.24733619],[2.14686861],[11.24155121]
[6.63748879],[2.162438],[12.05247628]
[6.8838563],[2.18005038],[12.76933563]
[7.11842721],[2.19609791],[13.40546785]
[7.33923758],[2.21310602],[13.97317048]
[7.50528584],[2.22788562],[14.47854616]
[7.69095376],[2.25408754],[15.0979387]
[7.82001192],[2.28507039],[15.58392665]
[7.94318024],[2.32086296],[16.10028499]
[8.2284618],[2.35245264],[16.71564913]
[8.38447709],[2.38877208],[17.26735302]
[8.5911581],[2.4386171],[17.93544341]
[8.6905148],[2.4984348],[18.41001108]
[8.74235552],[2.54867449],[18.8445802]
[8.93340498],[2.57813641],[19.2776847]
[9.03010752],[2.60904072],[19.60367843]
[9.20333712],[2.61743107],[19.94429695]
[9.26786702],[2.59003852],[20.0491536]
[9.34031378],[2.55567949],[20.18816519]
[9.3806928],[2.52361264],[20.10012718]
[9.39689314],[2.4907698],[20.0058772]
[9.42021905],[2.45837366],[19.80445544]
[9.41956776],[2.42657184],[19.50464622]
[9.60486376],[2.3918641],[19.20459861]
[9.38937372],[2.35389582],[18.65185696]
[9.35414977],[2.30713311],[18.12531482]
[9.25513164],[2.26141872],[17.54590559]
[9.05247856],[2.20753135],[16.8868653]
[8.91818069],[2.11280918],[16.1028116]
[8.69702324],[1.99773689],[15.17725533]
[8.44736781],[1.91050639],[14.0341965]
[8.21491059],[1.84449882],[12.82214931]
[7.97225898],[1.76746221],[11.46314765]
[7.79472077],[1.68597915],[10.03738748]
[7.56338155],[1.58233961],[8.39673952]
[6.85595249],[1.47379337],[7.10843053]
[6.17216119],[1.42120871],[6.19073513]
[10.16987436],[2.38958586],[11.9759915]
[5.9571075],[2.05184852],[5.7440624]
[4.33619536],[1.39341892],[2.83420797]
[2.80694208],[0.81480157],[1.19827916]
[2.48641571],[0.67014029],[1.41773967]
[3.46135472],[1.0656842],[2.41342585]
[3.7164633],[1.35952176],[3.38312419]
[3.99066388],[1.52685839],[4.28274567]
[4.2528741],[1.67310502],[5.04847086]
[4.50934908],[1.7332565],[5.66148502]
[4.71494531],[1.77868696],[6.5412225]
[4.9653774],[1.91291968],[7.347703]
[5.08984004],[2.00087885],[8.13112961]
[5.33910974],[2.04119873],[8.87546056]
[5.44717108],[2.08466539],[9.49910467]
[5.63956959],[2.11959058],[9.98430698]
[5.96698632],[2.16003525],[10.68396006]
[6.25572599],[2.18537678],[11.41420182]
[6.5427771],[2.20393838],[12.20609115]
[6.90464494],[2.22328714],[13.09647557]
[7.19963609],[2.24831597],[13.89019687]
[7.52611985],[2.26384008],[14.6605661]
[7.72009158],[2.29754195],[15.38801951]
[7.85249838],[2.33282212],[15.9163486]
[7.96822265],[2.3721343],[16.49458883]
[8.27967481],[2.40778373],[17.21968182]
[8.4136512],[2.46831742],[17.81223787]
[8.60930871],[2.5138722],[18.51244778]
[8.72410135],[2.56399565],[19.10852878]
[8.82905923],[2.60904343],[19.66032726]
[9.09797911],[2.66732552],[20.30230629]
[9.30468508],[2.71703042],[20.84352919]
[9.42268853],[2.75682754],[21.41350397]
[9.48326391],[2.78675605],[21.74853412]
[9.52440445],[2.79527167],[22.09039844]
[9.57225037],[2.7915875],[22.24199771]
[9.57799938],[2.75758785],[22.28993668]
[9.82121304],[2.71802731],[22.40746438]
[9.9063865],[2.6820337],[22.30335075]
[10.02199587],[2.64258903],[22.28425366]
[10.06695601],[2.60380383],[22.01256124]
[10.0806409],[2.56476817],[21.76756304]
[10.04861953],[2.52307093],[21.27179629]
[9.94362327],[2.48599583],[20.78216002]
[9.84005804],[2.45294697],[20.0617014]
[9.69979302],[2.41808193],[19.29993875]
[9.5051705],[2.36291294],[18.51551298]
[9.13183324],[2.26721854],[17.50947775]
[8.86258535],[2.09856768],[16.38970731]
[8.63892905],[1.96488441],[15.17164446]
[8.49990857],[1.90573864],[13.90478225]
[8.30840998],[1.84458423],[12.41126353]
[8.06809073],[1.77310376],[10.60463295]
[7.63075218],[1.69210572],[8.91055877]
[6.85854342],[1.57604585],[7.51193809]
[10.85737557],[2.45709283],[13.14414972]
[7.8613538],[2.09949002],[6.15556573]
[4.3801258],[1.45739408],[3.03531432]
[2.85581363],[0.86885277],[1.31035027]
[2.49944341],[0.69609339],[1.54910174]
[3.46413471],[1.13583791],[2.58414588]
[3.87510656],[1.41164315],[3.61853252]
[4.11030166],[1.56947256],[4.54081602]
[4.4180546],[1.70494771],[5.36080341]
[4.66505367],[1.76262791],[6.04175947]
[4.83704864],[1.82534932],[6.9810854]
[5.16450603],[1.97323468],[7.82990209]
[5.29223382],[2.05892521],[8.65499886]
[5.48407171],[2.09803607],[9.42429918]
[5.65182283],[2.13906071],[10.14219148]
[5.91219126],[2.17300578],[10.75789172]
[6.22585213],[2.21165899],[11.52291716]
[6.60208953],[2.25644529],[12.37638043]
[6.89087723],[2.29714783],[13.23688886]
[7.16644202],[2.31607602],[14.08366843]
[7.57130205],[2.34489974],[15.12559061]
[7.80712392],[2.36422744],[15.92749074]
[7.99672964],[2.40070931],[16.68363281]
[8.29854611],[2.452058],[17.4153503]
[8.42764588],[2.51129837],[18.03146564]
[8.62888225],[2.55965046],[18.82570012]
[8.73580416],[2.61022869],[19.47171011]
[8.84661237],[2.65485819],[20.07746718]
[9.12451082],[2.72262034],[20.84130762]
[9.36933811],[2.77679927],[21.55018794]
[9.50354765],[2.83376536],[22.31191919]
[9.62349936],[2.88728478],[22.89027573]
[9.66771033],[2.93683397],[23.42864495]
[9.84788301],[2.97040447],[23.90617199]
[9.97116982],[2.99405388],[24.34794617]
[10.14474258],[3.00278552],[24.78015914]
[10.21409842],[2.99839744],[24.91070749]
[10.26050809],[2.95492324],[25.05061043]
[10.30512437],[2.91509352],[24.97187326]
[10.31668978],[2.87106591],[24.83388843]
[10.44473293],[2.83314232],[24.54231392]
[10.49681233],[2.78410905],[24.19388353]
[10.60321739],[2.7351996],[23.80560413]
[10.52937629],[2.68987873],[23.22345577]
[10.37825697],[2.64788981],[22.60968685]
[10.17332928],[2.6066821],[21.87032359]
[9.97432278],[2.56749922],[21.10132586]
[9.80976686],[2.50379877],[20.22955994]
[9.5303885],[2.40557166],[19.13202186]
[9.19746249],[2.22176885],[17.60532557]
[8.87398232],[2.00828751],[16.25977259]
[8.69338542],[1.95582633],[14.92697928]
[8.58525853],[1.89719084],[13.17520077]
[8.41380356],[1.83733452],[11.22037614]
[7.69847536],[1.75985781],[9.32597722]
[11.51813682],[2.49853093],[14.30660077]
[8.62742819],[2.09588333],[6.69065633]
[4.38142712],[1.43577627],[3.07906713]
[2.86903813],[0.87899567],[1.34470543]
[2.50570766],[0.75132645],[1.71008172]
[3.45734172],[1.21771589],[2.80070618]
[4.03730345],[1.46797812],[3.90976654]
[4.2135404],[1.61671245],[4.84217148]
[4.57040448],[1.73774525],[5.69773563]
[4.81311689],[1.80853151],[6.4866441]
[4.95437647],[1.91308249],[7.46916254]
[5.34206875],[2.03585099],[8.36957075]
[5.51175702],[2.11392562],[9.28057049]
[5.63557315],[2.15176056],[10.0224276]
[5.95420172],[2.19226617],[10.87608483]
[6.23870668],[2.23192443],[11.61609094]
[6.52404261],[2.28824587],[12.42847308]
[6.91814337],[2.34000334],[13.41288207]
[7.19383889],[2.38490607],[14.2779942]
[7.54061258],[2.39899852],[15.24360466]
[7.84399375],[2.43778046],[16.3323735]
[8.15678426],[2.48837133],[17.25153798]
[8.44099379],[2.54673473],[18.16263445]
[8.65199958],[2.59617507],[19.02125055]
[8.7525951],[2.6522391],[19.71112741]
[8.87745508],[2.70009497],[20.40150643]
[9.17097355],[2.76556703],[21.23504678]
[9.39736983],[2.82753738],[22.02792664]
[9.535841],[2.89756325],[22.90575708]
[9.68053321],[2.95399245],[23.59769572]
[9.73502303],[3.01481945],[24.28954452]
[10.10321989],[3.07194937],[25.09569431]
[10.26487596],[3.13451379],[25.73778508]
[10.36387689],[3.1725062],[26.37445111]
[10.43386229],[3.2139468],[26.79130976]
[10.4652595],[3.21834308],[27.19085982]
[10.59164123],[3.22197469],[27.40219212]
[10.65966168],[3.19026979],[27.49758112]
[10.75603096],[3.15836789],[27.70130051]
[10.89552214],[3.12428429],[27.6974836]
[11.00143777],[3.0854138],[27.69470153]
[11.10800445],[3.03529244],[27.34627117]
[11.20053932],[2.98479009],[27.01792946]
[11.30319206],[2.93640241],[26.4616519]
[11.27529761],[2.88814306],[25.77221046]
[11.10635143],[2.83592021],[24.76023671]
[10.89221223],[2.78787963],[23.78949439]
[10.58392532],[2.73291186],[22.6983949]
[10.07359599],[2.65423211],[21.57914835]
[9.74361224],[2.50254567],[20.30681616]
[9.45188656],[2.35223547],[18.87360482]
[9.26176771],[2.08209034],[17.17619255]
[8.96380222],[1.99539878],[15.53759002]
[8.75341111],[1.9424727],[13.73995914]
[8.49267556],[1.88149274],[11.63631862]
[12.25774841],[2.54303355],[16.35405266]
[9.38175553],[2.13763323],[7.86561665]
[4.4263729],[1.50256329],[3.30800696]
[2.92254686],[0.93187639],[1.46324168]
[2.53167453],[0.78436123],[1.85276444]
[3.46943991],[1.2825896],[2.97886397]
[4.15381872],[1.51465041],[4.18012978]
[4.34173806],[1.65720416],[5.1330199]
[4.70574456],[1.76554385],[6.06254552]
[4.94523152],[1.84421895],[6.95665755]
[5.11313263],[1.99344062],[7.96595699]
[5.50141864],[2.09023252],[8.95318465]
[5.69266586],[2.1638633],[9.88333672]
[5.8529381],[2.20105246],[10.62914148]
[6.22633501],[2.25668486],[11.65778477]
[6.55580788],[2.31335743],[12.50679351]
[6.86991578],[2.3735551],[13.43301839]
[7.17400421],[2.42312504],[14.3884911]
[7.57849479],[2.50034841],[15.48122602]
[7.85905707],[2.52109278],[16.52424466]
[8.0851026],[2.59111095],[17.5882882]
[8.55621298],[2.63718883],[18.78321666]
[8.74756265],[2.69841331],[19.7863039]
[8.9123627],[2.74860816],[20.63212667]
[9.20324496],[2.80425959],[21.50191743]
[9.42150436],[2.86318315],[22.29944999]
[9.55344126],[2.91978137],[23.25779007]
[9.70255017],[2.98142054],[23.96056938]
[9.79962462],[3.05433723],[24.82180326]
[10.20329971],[3.11555843],[25.70441177]
[10.35005597],[3.18604374],[26.5790025]
[10.51164101],[3.2634787],[27.48070573]
[10.67252923],[3.32849864],[28.1080895]
[10.79712841],[3.35776539],[28.67601696]
[10.90469153],[3.38910922],[29.23596226]
[10.99622343],[3.40092033],[29.73264101]
[11.10778556],[3.39877951],[30.27926919]
[11.20032739],[3.36678075],[30.55687068]
[11.28413079],[3.32945482],[30.70471998]
[11.46072991],[3.30115716],[30.99952994]
[11.61101616],[3.27435111],[31.12053013]
[11.72545155],[3.2404284],[31.06669097]
[11.88809276],[3.20337711],[30.87289788]
[11.98167254],[3.16651207],[30.46632773]
[12.10919673],[3.12806697],[29.83443427]
[12.12111591],[3.07719814],[28.78366418]
[11.93838101],[3.02740297],[27.69392643]
[11.74292974],[2.97347987],[26.42556449]
[11.25104521],[2.91270048],[25.00089427]
[10.65349399],[2.78130721],[23.31774363]
[10.11732428],[2.64642748],[21.43740429]
[9.67772122],[2.4296112],[19.98378822]
[9.49211261],[2.15890975],[18.19331736]
[9.34492264],[2.02589222],[16.15430402]
[8.8915194],[1.96874469],[14.26860084]
[12.9464025],[2.58622465],[19.90875351]
[9.92420793],[2.1893815],[9.07631848]
[4.47616102],[1.5887829],[3.54893436]
[2.92530314],[1.0020889],[1.55372148]
[2.55446142],[0.81639215],[1.95897284]
[3.47908255],[1.31904401],[3.08469805]
[4.23408621],[1.54047263],[4.35687416]
[4.45780055],[1.68295073],[5.32824782]
[4.80617218],[1.79237496],[6.32933284]
[5.05951678],[1.87390656],[7.30245618]
[5.28906866],[2.04397007],[8.34175406]
[5.61766501],[2.12936954],[9.35562701]
[5.83135031],[2.2008147],[10.29714239]
[6.03390655],[2.23768867],[11.14988867]
[6.39649837],[2.31948421],[12.22353064]
[6.76898385],[2.3754888],[13.20904517]
[7.03083217],[2.44192477],[14.18233888]
[7.35862138],[2.52278875],[15.21563799]
[7.77193958],[2.6248764],[16.48394686]
[8.03593898],[2.65844746],[17.54826657]
[8.34288606],[2.73583872],[18.71960611]
[8.71936073],[2.78787375],[20.02744139]
[8.94174963],[2.85323014],[21.22533618]
[9.28452594],[2.90588091],[22.19939486]
[9.47065253],[2.96966476],[23.29116924]
[9.65094265],[3.02656667],[24.0508899]
[9.76505788],[3.07928731],[24.98909528]
[10.09807208],[3.1369046],[25.84583506]
[10.26341022],[3.23109216],[26.86631894]
[10.49331193],[3.31682978],[27.9310479]
[10.60927515],[3.39611587],[28.89823147]
[10.79383377],[3.46736572],[29.63237589]
[11.00935446],[3.52494729],[30.44561218]
[11.23742152],[3.54406532],[31.19117309]
[11.33300086],[3.56816943],[31.87139132]
[11.48658596],[3.58196821],[32.38523026]
[11.56048047],[3.57821716],[32.90175885]
[11.68230881],[3.55182667],[33.58151786]
[11.86960575],[3.50778365],[34.03952423]
[11.98818652],[3.46752288],[34.29188232]
[12.18496131],[3.4352575],[34.60478071]
[12.33440081],[3.40262592],[34.75196007]
[12.45282946],[3.36501368],[34.78508912]
[12.61602367],[3.33259457],[34.60110822]
[12.73294902],[3.30190802],[34.29563204]
[12.88054024],[3.2667493],[33.66238805]
[12.93789999],[3.23298686],[32.65882558]
[12.76988321],[3.19785065],[31.34790686]
[12.51286836],[3.16063224],[29.80965703]
[11.88572362],[3.07848936],[27.83258574]
[11.28290219],[2.93015605],[25.38299743]
[10.67577801],[2.70381884],[23.07171778]
[10.12665866],[2.46551865],[20.86189118]
[9.65975369],[2.2377224],[18.94952406]
[9.55727833],[2.05785451],[16.78580801]
[13.49138759],[2.66640139],[24.52409996]
[10.46177016],[2.2183332],[11.5163618]
[5.18434376],[1.65929758],[3.93113734]
[2.9428777],[1.05066526],[1.63226154]
[2.54927175],[0.82535679],[2.00370291]
[3.47297599],[1.34479687],[3.15449503]
[4.26878857],[1.55935966],[4.48933522]
[4.55604914],[1.69922784],[5.49093294]
[4.8837213],[1.81270565],[6.55491379]
[5.17434113],[1.91752076],[7.595271]
[5.43585],[2.0772142],[8.65130707]
[5.71396774],[2.15880452],[9.69043912]
[5.96992433],[2.23158679],[10.66733242]
[6.2084505],[2.28662816],[11.62683557]
[6.56003302],[2.38175629],[12.73869249]
[6.92586602],[2.43549786],[13.81100684]
[7.20081939],[2.56535345],[14.86592724]
[7.58477206],[2.62354296],[15.98617793]
[7.90671],[2.72383953],[17.29679804]
[8.23311447],[2.78046998],[18.43385543]
[8.56589679],[2.85491727],[19.73811405]
[8.82952631],[2.90341161],[20.96374253]
[9.22110004],[2.96251241],[22.34314784]
[9.50279118],[3.01514947],[23.42193747]
[9.65791885],[3.07769943],[24.5360115]
[9.81206055],[3.13504834],[25.30292375]
[9.93981674],[3.2004602],[26.19914168]
[10.36299342],[3.28067963],[27.37448398]
[10.50224871],[3.39212149],[28.49140975]
[10.61924233],[3.47728002],[29.4636304]
[10.80392957],[3.56030502],[30.50041011]
[11.0343383],[3.63433986],[31.34550682]
[11.2771258],[3.69424555],[32.46011093]
[11.47670805],[3.71902217],[33.20989358]
[11.60956853],[3.73395476],[33.75205895]
[11.78009469],[3.75170645],[34.6134273]
[11.93632483],[3.75252693],[35.38616649]
[12.03797652],[3.74945876],[35.92818209]
[12.20165004],[3.70971021],[36.53695269]
[12.35060494],[3.66096486],[37.04619085]
[12.50434255],[3.62401754],[37.3853159]
[12.69623264],[3.5829272],[37.62490348]
[12.80210725],[3.54287231],[37.71949988]
[12.95481678],[3.50679477],[37.63126577]
[13.11334406],[3.46977242],[37.47643547]
[13.24275212],[3.43008871],[37.07899724]
[13.41583366],[3.39164293],[36.46410863]
[13.37767331],[3.35468174],[35.32569823]
[13.23514531],[3.31843123],[34.02791837]
[12.65901324],[3.2658802],[32.28619247]
[12.37445427],[3.20398697],[30.35176197]
[11.98270241],[3.05052815],[27.18812053]
[10.85908121],[2.77779235],[24.08932555]
[10.28151111],[2.52841333],[21.694151]
[9.76124601],[2.31876667],[19.39845298]
