meltWidth,meltDepth,meltArea
[2.08965432],[0.46363638],[0.6643198]
[2.22417839],[0.53243805],[0.84062195]
[2.3069802],[0.60692076],[0.9749205]
[2.36992538],[0.67052035],[1.11387369]
[2.715977],[0.73421847],[1.31943127]
[2.99226539],[0.77231454],[1.5295413]
[3.09410354],[0.80641943],[1.7079967]
[3.21684584],[0.824752],[1.80620713]
[3.18234761],[0.8325469],[1.87351182]
[3.23167374],[0.85581973],[1.92412341]
[3.185028],[0.84338194],[1.95239968]
[3.22571097],[0.87493901],[1.96754235]
[3.17349335],[0.86101802],[1.9859455]
[3.2123975],[0.88262778],[1.97098899]
[3.17119714],[0.87457658],[2.00439562]
[3.19491013],[0.88192409],[1.96711845]
[3.16323454],[0.87272865],[2.00016247]
[3.42921729],[0.87722725],[2.08118787]
[3.43556534],[0.86861783],[2.12501356]
[3.53024972],[0.89325312],[2.22165206]
[3.55834845],[0.89410046],[2.30795601]
[3.59015252],[0.96954599],[2.40963386]
[3.61988661],[0.9778928],[2.47975753]
[3.61287069],[1.01616021],[2.52960365]
[3.63813892],[1.01744689],[2.58391681]
[3.6343582],[1.04652984],[2.61023775]
[3.67518186],[1.04196006],[2.65946231]
[3.7063985],[1.06417624],[2.70746676]
[3.77422367],[1.06409459],[2.78812682]
[3.80076998],[1.0767106],[2.81631768]
[3.96183271],[1.07735571],[2.90732681]
[3.95003797],[1.07848584],[2.91445187]
[3.94790707],[1.08028755],[2.93181678]
[3.93232648],[1.08145144],[2.94457821]
[3.92943463],[1.08035422],[2.96260997]
[3.9274009],[1.07941729],[2.97359689]
[3.90901975],[1.07825455],[2.97681398]
[3.89833101],[1.07635612],[2.97948889]
[3.89624144],[1.0738381],[2.98441325]
[3.87978655],[1.07137054],[2.98367026]
[3.84891645],[1.07515723],[2.97920958]
[3.82081748],[1.07687037],[2.96425873]
[3.80135028],[1.07905619],[2.95110084]
[3.76809962],[1.07913392],[2.93256539]
[3.73434783],[1.0829493],[2.90509629]
[3.70800561],[1.08788974],[2.88428709]
[3.64397983],[1.09583445],[2.86237331]
[3.54750947],[1.10079166],[2.82617929]
[3.4542703],[1.10446185],[2.79801375]
[3.38675846],[1.10907254],[2.79087359]
[2.87931403],[1.11318185],[2.36027411]
[2.13215367],[1.11665006],[1.5519172]
[1.39480848],[0.95919259],[0.78592676]
[0.59218288],[0.24328723],[0.07111299]
[2.30524732],[0.48322831],[0.57104712]
[2.82907606],[0.58911914],[1.19729692]
[3.01941271],[0.67945196],[1.46519975]
[3.11465325],[0.75008266],[1.64967555]
[3.25149828],[0.78678062],[1.79276761]
[3.35905874],[0.81810645],[1.93872895]
[3.52748266],[0.8464119],[2.07515312]
[3.66826305],[0.86768612],[2.20164615]
[3.82662722],[0.88094659],[2.36926074]
[3.82636488],[0.89580869],[2.41051522]
[3.83412854],[0.9013133],[2.51706857]
[3.8474463],[0.902608],[2.5362629]
[3.83607991],[0.9028278],[2.57712599]
[3.84982362],[0.90941545],[2.59442184]
[3.82769943],[0.91340641],[2.61894257]
[3.85181127],[0.91865063],[2.64659492]
[3.82519552],[0.92333771],[2.65321195]
[3.84952587],[0.93030608],[2.69295827]
[3.82377645],[0.93689191],[2.68558183]
[3.85876331],[0.94216246],[2.7311369]
[3.83180571],[0.9481524],[2.7191369]
[3.87437034],[0.95640971],[2.78527819]
[4.00867356],[0.96402671],[2.82237616]
[4.19961127],[0.97143441],[2.99737741]
[4.25985175],[0.97546273],[3.02285091]
[4.33413589],[0.9781876],[3.14777347]
[4.3563209],[0.99793487],[3.17223244]
[4.36989099],[0.99658898],[3.22941227]
[4.37466691],[1.03475387],[3.24351781]
[4.37944859],[1.03249856],[3.28149451]
[4.38721271],[1.05914582],[3.28779698]
[4.40089839],[1.07754746],[3.33512527]
[4.40235189],[1.09374509],[3.33621319]
[4.39606163],[1.11050001],[3.35949252]
[4.39810265],[1.12661104],[3.37848366]
[4.4072442],[1.14572051],[3.40952461]
[4.40810488],[1.16552401],[3.45283138]
[4.40337135],[1.18247645],[3.49910539]
[4.40078033],[1.1979016],[3.5496977]
[4.39614564],[1.21238935],[3.59654944]
[4.38853702],[1.22708341],[3.6325591]
[4.37265118],[1.2390058],[3.6565073]
[4.36230879],[1.24846324],[3.68989597]
[4.35467872],[1.26073422],[3.72836772]
[4.34017056],[1.27714533],[3.76094908]
[4.31758719],[1.29253818],[3.77959053]
[4.29954651],[1.30638518],[3.80246062]
[4.26913741],[1.3162227],[3.80973859]
[4.20433756],[1.32110844],[3.80325077]
[4.14979555],[1.32532681],[3.80122592]
[4.10199278],[1.32905293],[3.80026584]
[3.48667038],[1.3325625],[3.3335741]
[2.72477296],[1.33604191],[2.37858119]
[1.96592691],[1.28441373],[1.41409428]
[0.],[0.],[0.]
[2.7732812],[0.53403411],[0.88327673]
[3.00354838],[0.63558569],[1.39475316]
[3.18460135],[0.70126106],[1.61381013]
[3.28618216],[0.76867947],[1.79160387]
[3.4709509],[0.80147873],[1.94651369]
[3.62932116],[0.83873362],[2.10144626]
[3.8470493],[0.8631542],[2.33213971]
[3.93571702],[0.8817785],[2.42215485]
[3.94665548],[0.89832703],[2.56990202]
[3.95850592],[0.91031109],[2.58657537]
[3.95218113],[0.91844115],[2.67027128]
[3.96986164],[0.92722426],[2.6870529]
[3.97286453],[0.93549944],[2.74983806]
[3.98901613],[0.94536443],[2.76110557]
[4.00099231],[0.9525293],[2.79633252]
[4.06059343],[0.9606643],[2.84105643]
[4.08420071],[0.96716927],[2.87522696]
[4.12404358],[0.97499932],[2.95456138]
[4.1627455],[0.98187849],[2.99281925]
[4.21162938],[0.99169838],[3.09527463]
[4.3104978],[1.00261692],[3.14686764]
[4.44772318],[1.01277031],[3.33416772]
[4.51714178],[1.01990557],[3.38321229]
[4.58607276],[1.02428493],[3.52614144]
[4.59670263],[1.02800125],[3.49765485]
[4.62804673],[1.03203792],[3.57039549]
[4.62826023],[1.0344501],[3.53261016]
[4.65704636],[1.03705458],[3.59899987]
[4.71301961],[1.03881875],[3.6110327]
[4.68612175],[1.04412066],[3.63331577]
[4.77327671],[1.04269748],[3.64667587]
[4.75724545],[1.04262099],[3.65212257]
[4.80018337],[1.04126214],[3.65141855]
[4.78732792],[1.04097628],[3.64474899]
[4.7805203],[1.03958225],[3.63995158]
[4.78967547],[1.0370572],[3.64442327]
[4.80568661],[1.03547747],[3.6548774]
[4.82450536],[1.05472935],[3.67538755]
[4.84135149],[1.08017126],[3.69733526]
[4.85853171],[1.105279],[3.73051348]
[4.87444972],[1.13043518],[3.77657245]
[4.8784671],[1.15133628],[3.81232852]
[4.88561467],[1.1699276],[3.85943037]
[4.88520316],[1.1881088],[3.92412159]
[4.87718866],[1.20543319],[3.97888931]
[4.86040018],[1.22583001],[4.00996353]
[4.84252603],[1.24663533],[4.04887046]
[4.82627545],[1.26619183],[4.07959408]
[4.79862344],[1.28096207],[4.09526645]
[4.7746989],[1.29468805],[4.11875905]
[4.72499096],[1.30794402],[4.14939184]
[3.95756338],[1.31771022],[3.58687135]
[3.19519231],[1.32293665],[2.6578121]
[2.43396492],[1.25138464],[1.72677607]
[0.31612319],[0.13847808],[0.02130955]
[2.90265998],[0.54322767],[1.02319794]
[3.0528481],[0.63809829],[1.47181609]
[3.25709876],[0.70687001],[1.6950167]
[3.40927656],[0.7688695],[1.90422129]
[3.69585339],[0.80362615],[2.13173696]
[3.89386872],[0.83925012],[2.29837575]
[3.97644578],[0.87318158],[2.49765585]
[4.01297057],[0.90020758],[2.57772907]
[4.03300113],[0.92394832],[2.69612075]
[4.05540437],[0.93512465],[2.72746867]
[4.10426909],[0.94792629],[2.79008734]
[4.15358267],[0.95622666],[2.84991802]
[4.22123548],[0.95880341],[2.90782885]
[4.26081891],[0.9669526],[3.01003842]
[4.32039501],[0.97613824],[3.07604506]
[4.35080019],[0.99112664],[3.20242261]
[4.41585642],[1.00436613],[3.25401298]
[4.45718533],[1.01831211],[3.3887435]
[4.57097008],[1.0295772],[3.47304657]
[4.62811885],[1.03863642],[3.63054569]
[4.68338441],[1.04400857],[3.65561626]
[4.7056556],[1.04655984],[3.78430119]
[4.83141402],[1.07064603],[3.82503134]
[4.86702465],[1.07168513],[3.90460536]
[4.95371905],[1.0952229],[3.92922001]
[4.96339881],[1.09576885],[3.97407833]
[5.00907543],[1.1203656],[3.99306774]
[5.00437915],[1.12084342],[4.02786958]
[5.0642058],[1.14167739],[4.07881383]
[5.03641289],[1.14490158],[4.09651092]
[5.08412419],[1.15768083],[4.14379858]
[5.09688415],[1.16308707],[4.15350635]
[5.10044351],[1.16430382],[4.16486608]
[5.11788049],[1.16518786],[4.15755513]
[5.09631697],[1.16046529],[4.14917624]
[5.1072861],[1.15555158],[4.14592669]
[5.11923823],[1.15014634],[4.13940076]
[5.12905826],[1.14368858],[4.12264348]
[5.14390686],[1.1397832],[4.10817723]
[5.15113085],[1.14247695],[4.09739914]
[5.15894961],[1.16749005],[4.10359116]
[5.16178669],[1.18753604],[4.09931716]
[5.16415649],[1.2048559],[4.12417885]
[5.16675857],[1.21835556],[4.14476532]
[5.16955114],[1.2268578],[4.15876885]
[5.17154429],[1.23204924],[4.17423582]
[5.17340345],[1.23688315],[4.19946681]
[5.17077928],[1.24635785],[4.21988232]
[5.14733659],[1.25633186],[4.2232571]
[5.1154013],[1.26995375],[4.2265708]
[5.01914762],[1.28337777],[4.21015007]
[4.31471116],[1.29351293],[3.73280684]
[3.54916882],[1.30333048],[2.8095771]
[2.77584303],[1.25292097],[1.86797598]
[0.96009843],[0.28634497],[0.19618119]
[2.91821234],[0.54884482],[1.11923044]
[3.04674941],[0.65365482],[1.52930466]
[3.39359249],[0.72193814],[1.81777563]
[3.51714427],[0.78968225],[2.04535278]
[3.74279854],[0.82833257],[2.29965075]
[3.88690492],[0.87152585],[2.44990927]
[3.98934771],[0.92025123],[2.63802546]
[4.05435466],[0.95108385],[2.73833541]
[4.11986969],[0.96025691],[2.84238644]
[4.17472223],[0.9668534],[2.92911105]
[4.24404553],[0.97159592],[2.99813095]
[4.28506746],[0.98129941],[3.12818697]
[4.35606678],[0.99541888],[3.19220747]
[4.38319441],[1.0100859],[3.33041746]
[4.46040093],[1.02337332],[3.37555434]
[4.54320994],[1.03973499],[3.57363678]
[4.6263556],[1.05379497],[3.64851892]
[4.66787168],[1.06826657],[3.81135581]
[4.74843727],[1.11151674],[3.88564688]
[4.77782843],[1.12689844],[4.00876294]
[4.88942439],[1.15769416],[4.07612911]
[4.91915227],[1.16233975],[4.16663227]
[5.00748543],[1.18653855],[4.22745356]
[5.02907902],[1.19006174],[4.29493292]
[5.09372392],[1.21200659],[4.33138409]
[5.0925582],[1.21492364],[4.37526873]
[5.12994076],[1.23625947],[4.41847831]
[5.1152664],[1.23995762],[4.45756109]
[5.16687407],[1.25674816],[4.53639706]
[5.14679905],[1.26224502],[4.5593871]
[5.18981238],[1.27292942],[4.62854888]
[5.22142869],[1.27881829],[4.65434033]
[5.21445402],[1.27988871],[4.67905626]
[5.24686501],[1.28419422],[4.68039563]
[5.2194826],[1.2834429],[4.66779961]
[5.22984078],[1.27866244],[4.65938488]
[5.24106839],[1.27254236],[4.65099467]
[5.24935384],[1.26465442],[4.63475702]
[5.25739423],[1.25813408],[4.60777883]
[5.26287987],[1.25536493],[4.59558686]
[5.27013808],[1.27527172],[4.59426618]
[5.27355774],[1.29113061],[4.57518775]
[5.27616837],[1.30507775],[4.56826879]
[5.27250495],[1.31709628],[4.56735022]
[5.26908448],[1.32340432],[4.56604101]
[5.26407039],[1.33206124],[4.55118328]
[5.25624914],[1.33993047],[4.54858181]
[5.24089017],[1.34805347],[4.52945403]
[5.21654141],[1.35424139],[4.48746995]
[5.14878586],[1.35998783],[4.46442847]
[5.0816176],[1.36604148],[4.44999117]
[4.47093482],[1.3697663],[3.97781213]
[3.72307681],[1.37325911],[3.0151598]
[2.96202499],[1.31080819],[2.03756971]
[1.34685022],[0.38588336],[0.39824936]
[3.07413318],[0.57523814],[1.31177491]
[3.17641997],[0.66649417],[1.64123434]
[3.52352522],[0.7466973],[2.00866919]
[3.62285467],[0.8214449],[2.2295017]
[3.79263813],[0.87088674],[2.47553053]
[3.9081361],[0.91322703],[2.63967913]
[4.05546254],[0.94804936],[2.81911168]
[4.15722011],[0.96342874],[2.97042774]
[4.24671965],[0.97010728],[3.05687037]
[4.29173064],[0.9815159],[3.19932096]
[4.3560812],[0.99370924],[3.24976002]
[4.38065393],[1.00585139],[3.386612]
[4.5300038],[1.02556148],[3.52605708]
[4.58675706],[1.04829049],[3.70563205]
[4.64406016],[1.07150598],[3.78277577]
[4.67498446],[1.11511753],[3.95867886]
[4.73520176],[1.15733245],[4.02697578]
[4.73449471],[1.16990573],[4.13595222]
[4.87849518],[1.20625193],[4.25213789]
[4.90197436],[1.21389349],[4.35613144]
[5.01378445],[1.24012368],[4.46586149]
[5.01728064],[1.2473855],[4.54196203]
[5.08485262],[1.27029078],[4.61938877]
[5.09305552],[1.27680492],[4.6823591]
[5.13997382],[1.29563484],[4.74119941]
[5.13027929],[1.30179443],[4.78127955]
[5.16763211],[1.32042472],[4.84606884]
[5.14706442],[1.33962513],[4.88214523]
[5.19398409],[1.35894557],[4.98864397]
[5.17439303],[1.38159244],[4.99916411]
[5.21958694],[1.39998687],[5.10804909]
[5.25078001],[1.41558468],[5.11886321]
[5.24972155],[1.42507542],[5.16464242]
[5.28202168],[1.43007018],[5.17379106]
[5.25870637],[1.42810558],[5.16985106]
[5.27114204],[1.42494897],[5.16725815]
[5.28227688],[1.41938364],[5.16192338]
[5.2932414],[1.41268994],[5.15362559]
[5.30737319],[1.40645967],[5.14902888]
[5.31808682],[1.40037693],[5.13525544]
[5.3263778],[1.39259243],[5.13764521]
[5.3274302],[1.40165665],[5.13233734]
[5.32728076],[1.41869858],[5.13474813]
[5.31817406],[1.43259244],[5.11576825]
[5.31570352],[1.4393954],[5.11400068]
[5.29993512],[1.44129118],[5.08021684]
[5.27786175],[1.44561581],[5.03969145]
[5.25171037],[1.45009781],[4.9952377]
[5.18302126],[1.45303729],[4.94029841]
[5.12034816],[1.45588119],[4.90934992]
[5.06054843],[1.45843352],[4.88511825]
[4.48545736],[1.45918871],[4.37054418]
[3.73678587],[1.45997579],[3.32524809]
[2.97745442],[1.41627461],[2.26068701]
[2.30082962],[0.48461852],[0.65611495]
[3.11309003],[0.59961939],[1.50950125]
[3.39284133],[0.71665044],[1.84659764]
[3.62654676],[0.79371479],[2.21715017]
[3.73974742],[0.85460786],[2.4559124]
[3.85789665],[0.90779191],[2.68995773]
[3.98216877],[0.93616382],[2.89412073]
[4.14972271],[0.9605331],[3.03529324]
[4.27120015],[0.9790695],[3.20278475]
[4.36184504],[0.98925703],[3.28203705]
[4.47553554],[1.00379512],[3.5260568]
[4.5603605],[1.02640869],[3.62853531]
[4.60547483],[1.04441252],[3.79082322]
[4.66085432],[1.05630173],[3.87681459]
[4.68115612],[1.1060968],[4.02767521]
[4.72395785],[1.15184696],[4.1185978]
[4.73972253],[1.1888758],[4.26214895]
[4.89085127],[1.23049245],[4.40072665]
[4.90672039],[1.25894227],[4.53769937]
[5.05238943],[1.28555934],[4.70165363]
[5.08044571],[1.29235266],[4.81362083]
[5.16270389],[1.31688728],[4.94770431]
[5.17916707],[1.3400072],[5.00505274]
[5.24088007],[1.36443033],[5.15190649]
[5.23829823],[1.38891182],[5.19007064]
[5.29300784],[1.4075751],[5.33178139]
[5.28526559],[1.42752956],[5.33267926]
[5.32376058],[1.44413338],[5.49276964]
[5.30039496],[1.46514032],[5.47799234]
[5.34408248],[1.48024167],[5.65647327]
[5.32199652],[1.49633127],[5.63686384]
[5.35401032],[1.51073087],[5.78513182]
[5.37667981],[1.52333277],[5.79998963]
[5.36442347],[1.52960941],[5.8445495]
[5.38502488],[1.5331406],[5.8556884]
[5.35768146],[1.53028219],[5.85038028]
[5.35533356],[1.52685157],[5.85111841]
[5.35225629],[1.52043983],[5.84087041]
[5.34655459],[1.51335151],[5.83108218]
[5.36219943],[1.5067146],[5.83327598]
[5.3756631],[1.50002053],[5.83810358]
[5.38891525],[1.49938541],[5.84427433]
[5.39793985],[1.50434157],[5.83460747]
[5.40224656],[1.51314696],[5.83038851]
[5.40033444],[1.52138078],[5.8162436]
[5.3972149],[1.52588917],[5.79257073]
[5.38572572],[1.52614902],[5.75006435]
[5.36389662],[1.52510399],[5.70365705]
[5.31347802],[1.52398888],[5.62388628]
[5.21153613],[1.52483527],[5.49834631]
[5.12627118],[1.52587808],[5.42979128]
[5.06776952],[1.5266672],[5.38667683]
[4.52272043],[1.52569171],[4.77699382]
[3.77163525],[1.52441452],[3.66181036]
[3.01071121],[1.49730175],[2.51810217]
[2.34286036],[0.52766637],[0.90500678]
[3.13221057],[0.68378564],[1.75230814]
[3.60109575],[0.77969757],[2.16457469]
[3.73880839],[0.85093656],[2.49868795]
[3.85877542],[0.89833066],[2.75165542]
[3.91814355],[0.93540394],[2.90013945]
[4.16677478],[0.96018273],[3.16821015]
[4.4139511],[0.9851832],[3.37699907]
[4.54345398],[1.00246385],[3.60661345]
[4.60680168],[1.02096122],[3.72824314]
[4.62792799],[1.04080464],[3.85909543]
[4.67468542],[1.05550482],[3.92553935]
[4.6961635],[1.09414346],[4.08277586]
[4.74580425],[1.13739077],[4.19100832]
[4.75932144],[1.18258948],[4.35215644]
[4.92021458],[1.22452444],[4.52938774]
[4.93111062],[1.26337721],[4.67391129]
[5.11044477],[1.30343664],[4.92606875]
[5.15550969],[1.34059886],[5.07689741]
[5.26240417],[1.36010527],[5.30812405]
[5.29552189],[1.39229274],[5.39362456]
[5.37809286],[1.42233875],[5.5930327]
[5.39142068],[1.45367079],[5.65388901]
[5.43812621],[1.47718065],[5.80574352]
[5.46726232],[1.49759601],[5.8518123]
[5.50380941],[1.5142377],[5.96112128]
[5.53045536],[1.53204385],[5.99548466]
[5.53112432],[1.5468853],[6.1018825]
[5.53411991],[1.56212758],[6.12835684]
[5.54396749],[1.57338256],[6.24975281]
[5.55229886],[1.5865004],[6.27359692]
[5.546141],[1.5983589],[6.3755069]
[5.60165904],[1.60897238],[6.42019567]
[5.56009503],[1.6133051],[6.44848713]
[5.60461164],[1.61482519],[6.48260831]
[5.55996735],[1.61265371],[6.48154137]
[5.55086748],[1.60819351],[6.50114981]
[5.5431307],[1.60208051],[6.50189472]
[5.52603197],[1.59547638],[6.48963405]
[5.50935713],[1.58905989],[6.47022855]
[5.4892873],[1.58766293],[6.44453115]
[5.4668473],[1.5902002],[6.424224]
[5.44798725],[1.59210354],[6.39459508]
[5.45335233],[1.59384805],[6.3824123]
[5.46204678],[1.59372239],[6.36583556]
[5.4603145],[1.59530727],[6.34419579]
[5.42313406],[1.59478088],[6.2831139]
[5.37801892],[1.59164383],[6.20853553]
[5.31127566],[1.58803257],[6.11319987]
[5.21132226],[1.58331754],[6.01968113]
[5.13291717],[1.5791625],[5.94712336]
[5.07829335],[1.57615096],[5.89339456]
[4.58769325],[1.57450677],[5.2400237]
[3.8345738],[1.57108545],[4.0910274]
[3.07479434],[1.55914107],[2.90581582]
[2.37173421],[0.5728678],[1.12550017]
[3.14552488],[0.73925578],[1.9412935]
[3.67852814],[0.82504215],[2.40457324]
[3.78964601],[0.88915244],[2.6912081]
[3.89467008],[0.93806486],[2.9228505]
[4.0502281],[0.96426879],[3.10155022]
[4.36201587],[0.99150223],[3.43020524]
[4.53705689],[1.0226642],[3.64619289]
[4.61784023],[1.03763118],[3.82083048]
[4.66009419],[1.06209106],[3.91900549]
[4.70086006],[1.09565229],[4.12142698]
[4.74794609],[1.14551443],[4.24928732]
[4.78046296],[1.19741598],[4.44952751]
[4.93571667],[1.23476554],[4.64144605]
[5.00903677],[1.28432586],[4.88296268]
[5.16047777],[1.31862787],[5.13712108]
[5.2472323],[1.35654642],[5.32759786]
[5.3592019],[1.38524991],[5.55942503]
[5.473711],[1.41336909],[5.70746326]
[5.54514369],[1.4451826],[5.91192511]
[5.59489473],[1.47344723],[6.04772107]
[5.6253514],[1.49703222],[6.17902734]
[5.66327052],[1.52245985],[6.30797042]
[5.70003961],[1.5432185],[6.38863103]
[5.72353684],[1.56195676],[6.50225226]
[5.77051975],[1.57736156],[6.56478279]
[5.77820871],[1.59397935],[6.66696049]
[5.81121998],[1.60600944],[6.71920492]
[5.78536829],[1.61994955],[6.81445467]
[5.82473156],[1.63057458],[6.89005299]
[5.80175277],[1.64298416],[6.98151288]
[5.83079064],[1.65429054],[7.03642561]
[5.85163314],[1.66498904],[7.12858823]
[5.84749753],[1.66866017],[7.15745969]
[5.8593673],[1.67008273],[7.23305568]
[5.84644572],[1.66979344],[7.23985594]
[5.82336597],[1.66697452],[7.25586678]
[5.81418146],[1.66310133],[7.25906365]
[5.79790636],[1.65868151],[7.23736338]
[5.78256735],[1.65442726],[7.21257295]
[5.76349312],[1.65503011],[7.19298824]
[5.73730972],[1.6573678],[7.17767774]
[5.70552186],[1.6593542],[7.15349233]
[5.67807424],[1.66087855],[7.13303237]
[5.64842603],[1.66125234],[7.10733035]
[5.59651028],[1.66068111],[7.05215246]
[5.51926867],[1.65966002],[6.97201557]
[5.46439363],[1.65528139],[6.89979899]
[5.40555723],[1.65087267],[6.81202402]
[5.31216255],[1.64591395],[6.73201796]
[5.25393296],[1.64114525],[6.67285773]
[5.19474379],[1.63628378],[6.60836099]
[4.66180424],[1.63065868],[5.85477266]
[3.90177975],[1.62385027],[4.64026919]
[3.13423685],[1.62070158],[3.38878943]
[2.39602258],[0.6398824],[1.34970579]
[3.17485181],[0.78323003],[2.13059719]
[3.72861749],[0.86542162],[2.58272864]
[3.82172702],[0.92080895],[2.83736492]
[3.91253176],[0.97595077],[3.05676539]
[4.15370972],[0.99779773],[3.28533128]
[4.46471471],[1.02590679],[3.62228133]
[4.5952033],[1.05159004],[3.81010945]
[4.66302669],[1.07053919],[3.98028534]
[4.72118518],[1.10624237],[4.14625506]
[4.76449699],[1.18362561],[4.4102225]
[4.8924034],[1.23599023],[4.60645353]
[4.95835405],[1.28203323],[4.84307259]
[5.12702325],[1.31889287],[5.1168397]
[5.22534949],[1.36060574],[5.32677363]
[5.36487812],[1.384647],[5.59841576]
[5.49226418],[1.41478891],[5.79025653]
[5.58850168],[1.43951479],[5.99803939]
[5.71008051],[1.47398324],[6.25475659]
[5.75718441],[1.50127422],[6.34592387]
[5.80216851],[1.5280699],[6.59699437]
[5.8613736],[1.5523704],[6.64078974]
[5.87929455],[1.57881689],[6.8766567]
[5.94566192],[1.60044618],[6.87336845]
[5.94770052],[1.61934557],[7.0840048]
[6.02148827],[1.63511758],[7.06741342]
[6.00948136],[1.64846826],[7.26861414]
[6.07566183],[1.65954856],[7.25487556]
[6.0222686],[1.67157346],[7.44137041]
[6.09436524],[1.68057296],[7.49326948]
[6.04244353],[1.69288889],[7.62398439]
[6.1082235],[1.70521668],[7.68169701]
[6.09458087],[1.71459234],[7.77481962]
[6.12901554],[1.71826897],[7.82468597]
[6.10937863],[1.71912508],[7.89140026]
[6.12930235],[1.71908136],[7.91924832]
[6.08940157],[1.71601626],[7.92991512]
[6.08168936],[1.71295332],[7.94158976]
[6.06758834],[1.70756677],[7.93021242]
[6.0542744],[1.70283316],[7.90408787]
[6.0394167],[1.70103512],[7.88608786]
[6.0187351],[1.70294694],[7.86621745]
[5.98713096],[1.70506145],[7.83495175]
[5.9632631],[1.70710071],[7.81906915]
[5.92205189],[1.70969065],[7.77848018]
[5.87423206],[1.71006325],[7.72604892]
[5.80384417],[1.70811831],[7.64197235]
[5.73696574],[1.70484665],[7.56670159]
[5.65891371],[1.69835015],[7.48042176]
[5.54373972],[1.69123483],[7.38785647]
[5.44909223],[1.68503627],[7.30949274]
[5.37353862],[1.67899389],[7.22260254]
[4.76792016],[1.67216756],[6.33893137]
[4.00449104],[1.66334519],[5.09492318]
[3.22970901],[1.65869216],[3.8203238]
[2.42527499],[0.7085407],[1.53662522]
[3.19560545],[0.82410757],[2.29319048]
[3.78681551],[0.90061268],[2.73449057]
[3.88835076],[0.96796131],[3.01054457]
[3.97493969],[1.01087595],[3.23044033]
[4.20716032],[1.03299181],[3.44506231]
[4.4652605],[1.05672892],[3.72707996]
[4.63783857],[1.0903426],[3.95523995]
[4.7178393],[1.15407232],[4.20149604]
[4.82563424],[1.20126469],[4.46759349]
[4.89352388],[1.25835824],[4.7310987]
[5.07246855],[1.30032252],[5.04062006]
[5.15963536],[1.34148561],[5.25459297]
[5.29927026],[1.37151211],[5.55956724]
[5.42023481],[1.40357515],[5.76124769]
[5.53233616],[1.42948142],[6.00622696]
[5.66707949],[1.45977112],[6.27365654]
[5.77000416],[1.48885191],[6.44361598]
[5.84098641],[1.52472421],[6.7278638]
[5.93882969],[1.55124923],[6.819087]
[5.94975567],[1.5785393],[7.05640503]
[6.02655879],[1.60404728],[7.12523031]
[6.02431098],[1.63181635],[7.33578818]
[6.11206931],[1.65066504],[7.37244965]
[6.09535453],[1.66401717],[7.56328642]
[6.18920845],[1.67410735],[7.58064637]
[6.16422305],[1.6868971],[7.75312234]
[6.25355073],[1.69789014],[7.77841397]
[6.18218758],[1.70863151],[7.93631683]
[6.27586173],[1.71656249],[8.043792]
[6.20918358],[1.72577141],[8.12407899]
[6.3010185],[1.73396392],[8.23150193]
[6.26753599],[1.74545246],[8.30743786]
[6.33221231],[1.75322451],[8.38657329]
[6.29312329],[1.75436302],[8.43585724]
[6.34219122],[1.75312845],[8.48292336]
[6.29528704],[1.74586192],[8.47743778]
[6.29380677],[1.74102966],[8.48186369]
[6.2855656],[1.73861205],[8.4708874]
[6.27638349],[1.73817689],[8.44415626]
[6.26659595],[1.73892678],[8.42793592]
[6.25072365],[1.73939131],[8.40835454]
[6.22595137],[1.74034627],[8.37982009]
[6.20891274],[1.74103067],[8.3571286]
[6.17302263],[1.74230515],[8.3077931]
[6.13279734],[1.74086056],[8.25315855]
[6.07604349],[1.73920653],[8.17947555]
[6.02841024],[1.73764031],[8.13397586]
[5.9678672],[1.7363722],[8.07841833]
[5.88517677],[1.73364738],[7.9962799]
[5.78855599],[1.72777503],[7.91252535]
[5.68225247],[1.7210313],[7.79989811]
[5.03062871],[1.71168676],[6.77776653]
[4.22307749],[1.70162482],[5.47681604]
[3.42122737],[1.69023663],[4.1571544]
[2.43609697],[0.77659945],[1.69382092]
[3.21154798],[0.85473333],[2.42843298]
[3.85027573],[0.94005765],[2.89134654]
[3.95320017],[1.00222552],[3.18384833]
[4.01969937],[1.04041374],[3.35885347]
[4.18947864],[1.0584388],[3.53601935]
[4.44863733],[1.09709049],[3.80811086]
[4.70293506],[1.16995496],[4.13992737]
[4.81344603],[1.23470582],[4.48159882]
[5.01427411],[1.26364013],[4.84312223]
[5.10198652],[1.32540725],[5.13284441]
[5.25720125],[1.35592248],[5.51455887]
[5.36748219],[1.39432738],[5.72306726]
[5.48093592],[1.42050214],[6.00435629]
[5.61880543],[1.45440173],[6.25514373]
[5.72282515],[1.48039587],[6.47287157]
[5.83632437],[1.51024324],[6.798774]
[5.95331343],[1.54155309],[6.96060622]
[6.006212],[1.57411918],[7.20866059]
[6.127252],[1.59771742],[7.34468603]
[6.10775838],[1.62324782],[7.5451869]
[6.20603597],[1.6466204],[7.68802156]
[6.18233611],[1.66624687],[7.83366422]
[6.29400179],[1.68383091],[7.94409769]
[6.25337806],[1.69497509],[8.0506819]
[6.36577781],[1.70468194],[8.14960064]
[6.32484684],[1.714665],[8.23239421]
[6.43169344],[1.72280291],[8.34435786]
[6.342827],[1.74120708],[8.41948804]
[6.4574244],[1.75766036],[8.5774957]
[6.3766528],[1.77708348],[8.63529385]
[6.48563896],[1.79466605],[8.79404263]
[6.4517064],[1.817424],[8.87703952]
[6.51839672],[1.82960544],[9.00425439]
[6.48724978],[1.83030456],[9.05391494]
[6.53100556],[1.82502878],[9.11860401]
[6.49625292],[1.81464459],[9.10236893]
[6.48946905],[1.80486127],[9.09372481]
[6.47966716],[1.79419354],[9.06586323]
[6.46900123],[1.78689864],[9.027431]
[6.46333618],[1.779543],[8.99844669]
[6.44396183],[1.77897204],[8.96417542]
[6.40164764],[1.77915907],[8.90368116]
[6.36961568],[1.77899179],[8.85297078]
[6.32785789],[1.78034152],[8.78639528]
[6.28183721],[1.77744482],[8.72340355]
[6.21503117],[1.77419508],[8.63382902]
[6.16171458],[1.770239],[8.56391058]
[6.09144666],[1.76590214],[8.48104437]
[5.97860905],[1.76304643],[8.38129373]
[5.88881475],[1.76100776],[8.30448126]
[5.79985256],[1.75337799],[8.1737062]
[5.19945445],[1.74366847],[7.12266419]
[4.39622123],[1.73239338],[5.80084205]
[3.59137664],[1.71902087],[4.45374458]
[2.44857627],[0.82734408],[1.79641717]
[3.23734543],[0.88798157],[2.54675354]
[3.91163398],[0.97999116],[3.03202777]
[3.99714969],[1.02845984],[3.31373301]
[4.05953205],[1.06512414],[3.47652685]
[4.34493741],[1.09824288],[3.73825385]
[4.5815548],[1.19416351],[4.1427844]
[4.8551165],[1.25770688],[4.58349826]
[5.00019126],[1.31643797],[4.93437552]
[5.18479957],[1.35048349],[5.36187361]
[5.28547413],[1.40144882],[5.66746526]
[5.41885891],[1.43383241],[6.01554687]
[5.54760097],[1.46197677],[6.27139949]
[5.64870899],[1.49080102],[6.50100328]
[5.76872515],[1.51732773],[6.84338409]
[5.89769482],[1.54165399],[7.03084689]
[5.97930009],[1.5661877],[7.31668871]
[6.13056446],[1.59022087],[7.49736736]
[6.1736668],[1.61978482],[7.72697532]
[6.29472688],[1.64165114],[7.90120248]
[6.25274647],[1.66416618],[8.05611203]
[6.36896501],[1.68526145],[8.23067709]
[6.32671418],[1.70376869],[8.33812182]
[6.45116581],[1.71449458],[8.49681308]
[6.40902828],[1.73606418],[8.56705001]
[6.53393267],[1.75460871],[8.72135508]
[6.51303234],[1.77449382],[8.7875746]
[6.62407259],[1.79118503],[8.95291982]
[6.55741512],[1.81906166],[9.02239579]
[6.65889506],[1.84122687],[9.22837437]
[6.60299774],[1.86676498],[9.28044436]
[6.69626527],[1.88884432],[9.4996867]
[6.68560791],[1.90869412],[9.5715512]
[6.73615795],[1.9219106],[9.71606753]
[6.72781494],[1.92229888],[9.75104545]
[6.75252111],[1.9151355],[9.81641971]
[6.72628697],[1.90535529],[9.78440942]
[6.71062184],[1.89515191],[9.76740664]
[6.69565543],[1.88412413],[9.73144145]
[6.6784018],[1.87429139],[9.68826363]
[6.66812338],[1.86446435],[9.65258435]
[6.64414661],[1.85410613],[9.60715205]
[6.59561514],[1.84249317],[9.53296416]
[6.55423697],[1.83041393],[9.47016732]
[6.50538157],[1.81830823],[9.38998976]
[6.45332765],[1.81193203],[9.3087575]
[6.38021184],[1.8089493],[9.20731151]
[6.3159971],[1.80594044],[9.12083613]
[6.24079063],[1.80180758],[9.018507]
[6.13028328],[1.79677629],[8.88214566]
[6.05753695],[1.79253741],[8.77800237]
[5.93187942],[1.78805038],[8.60921207]
[5.28751952],[1.78135068],[7.49061041]
[4.48057973],[1.76804863],[6.1360121]
[3.67493076],[1.75156285],[4.76450873]
[2.47039236],[0.85802846],[1.89260188]
[3.26979089],[0.92747338],[2.66605354]
[3.97211423],[1.00789853],[3.16535863]
[4.04580921],[1.06336627],[3.43738649]
[4.21010149],[1.10830782],[3.64444139]
[4.51497292],[1.17262108],[4.02222182]
[4.72350357],[1.26857227],[4.50988181]
[5.02341147],[1.33239722],[5.00617844]
[5.18203909],[1.38630118],[5.36404447]
[5.34873437],[1.42611955],[5.79711433]
[5.45829038],[1.46936726],[6.12221466]
[5.58243399],[1.50173431],[6.45828449]
[5.70510436],[1.52497502],[6.79698919]
[5.82746254],[1.54903894],[7.01287723]
[5.91542819],[1.57225633],[7.34476116]
[6.0727066],[1.59269138],[7.54318858]
[6.12214302],[1.61885814],[7.80505947]
[6.32593587],[1.64351322],[8.03078317]
[6.31011293],[1.66958203],[8.20174051]
[6.44343458],[1.68680595],[8.40568184]
[6.39580398],[1.70506855],[8.51980384]
[6.52844102],[1.73036223],[8.7281639]
[6.50060808],[1.77397513],[8.8447704]
[6.63590745],[1.80380277],[9.06710545]
[6.62549046],[1.83085009],[9.16784201]
[6.74143736],[1.85436336],[9.38975557]
[6.7347168],[1.87944707],[9.4681572]
[6.82722085],[1.90030161],[9.67357164]
[6.77873861],[1.9254867],[9.76124275]
[6.85109897],[1.94443829],[9.96611231]
[6.80974994],[1.96615571],[10.02771879]
[6.874266],[1.98499277],[10.21050012]
[6.8776451],[2.00154206],[10.27793348]
[6.90084343],[2.01425278],[10.41493422]
[6.90928652],[2.01383614],[10.44221938]
[6.91195733],[2.00587762],[10.48879406]
[6.90392814],[1.99767541],[10.47322228]
[6.88420548],[1.98852277],[10.44650557]
[6.87218685],[1.9787826],[10.40762287]
[6.86209734],[1.96971196],[10.36565765]
[6.85308084],[1.96060904],[10.32346548]
[6.82889695],[1.95131504],[10.27302571]
[6.77692916],[1.94085602],[10.19098799]
[6.73322178],[1.92967871],[10.12631608]
[6.67934274],[1.91859265],[10.04393174]
[6.62521067],[1.90622491],[9.95443688]
[6.55442893],[1.8935884],[9.86047289]
[6.49556416],[1.87327667],[9.77452742]
[6.42340265],[1.85266124],[9.66422745]
[6.32730459],[1.83028241],[9.51932925]
[6.2282676],[1.81866119],[9.38176169]
[6.10053108],[1.8141772],[9.14747877]
[5.39094957],[1.80581459],[7.93106175]
[4.57947356],[1.79294717],[6.51233754]
[3.75563778],[1.76662012],[5.08915896]
[2.49470417],[0.88468081],[1.98528867]
[3.29208404],[0.96483617],[2.78848895]
[4.02291587],[1.04774577],[3.27779195]
[4.12475749],[1.08851409],[3.53886856]
[4.37734739],[1.18714117],[3.91082237]
[4.68951701],[1.24953908],[4.40096573]
[4.87449374],[1.33859454],[4.90087257]
[5.18204232],[1.3977798],[5.40983951]
[5.37336604],[1.44296125],[5.78099234]
[5.52206536],[1.48436681],[6.21066803]
[5.64212586],[1.52602744],[6.59126491]
[5.77174985],[1.551652],[6.92985507]
[5.86838101],[1.57139191],[7.27865173]
[6.01763519],[1.59401679],[7.51755713]
[6.07837365],[1.61664109],[7.81621815]
[6.25872502],[1.63942454],[8.03963986]
[6.30041382],[1.66544512],[8.26096053]
[6.47823345],[1.68823382],[8.49551628]
[6.49359776],[1.70419527],[8.62256356]
[6.64748105],[1.73099269],[8.85113679]
[6.63049694],[1.76529717],[8.98393745]
[6.73951144],[1.8113128],[9.24442271]
[6.72210683],[1.86252398],[9.40017728]
[6.82621143],[1.89169434],[9.68007143]
[6.82272106],[1.91680256],[9.82162002]
[6.91121662],[1.93883347],[10.0400951]
[6.92965448],[1.96243481],[10.16116828]
[7.00337841],[1.98200253],[10.35002953]
[6.98863662],[2.0051811],[10.43375546]
[7.02691364],[2.02270681],[10.62987367]
[7.02513641],[2.0426474],[10.6839166]
[7.05482809],[2.05982909],[10.87341826]
[7.08504383],[2.07500246],[10.95473613]
[7.07988906],[2.08637525],[11.06645767]
[7.11823974],[2.0845981],[11.107413]
[7.09172688],[2.07750835],[11.13050912]
[7.10721103],[2.06948366],[11.11593716]
[7.08075788],[2.06041738],[11.0821473]
[7.07063779],[2.05099502],[11.03886636]
[7.0607619],[2.04236986],[10.99034932]
[7.04834379],[2.03372034],[10.94028423]
[7.02185817],[2.02524397],[10.88122766]
[6.95782424],[2.01556319],[10.7882666]
[6.90021443],[2.00614531],[10.71364622]
[6.84185362],[1.99572825],[10.62802597]
[6.77805807],[1.98428436],[10.5261026]
[6.69590187],[1.97235919],[10.40008457]
[6.61809307],[1.95464118],[10.28316135]
[6.53193865],[1.93556528],[10.15860679]
[6.41521935],[1.91446102],[9.9994581]
[6.32446868],[1.89470465],[9.85987167]
[6.16293844],[1.87347087],[9.60927754]
[5.48416288],[1.851952],[8.36203215]
[4.66144594],[1.83200323],[6.91470822]
[3.8314734],[1.81146899],[5.44582683]
[2.5093698],[0.91412882],[2.05960622]
[3.30785955],[0.98984595],[2.86484414]
[4.07580985],[1.07135723],[3.37159371]
[4.30621017],[1.14165794],[3.79440319]
[4.5375901],[1.27032474],[4.29320948]
[4.85116802],[1.32714541],[4.86491637]
[5.03890617],[1.40752628],[5.32872168]
[5.32999712],[1.4628454],[5.8450754]
[5.55329899],[1.50133847],[6.27148776]
[5.68692605],[1.54571476],[6.6789725]
[5.79255282],[1.57566986],[7.09087837]
[5.94161306],[1.5982955],[7.43773172]
[6.01921332],[1.61710843],[7.78284005]
[6.18994994],[1.64188038],[8.0299438]
[6.22809526],[1.66641443],[8.27028082]
[6.43202113],[1.68473705],[8.50970635]
[6.46604111],[1.70210883],[8.67363518]
[6.63024937],[1.73002814],[8.91162737]
[6.67236846],[1.75378766],[9.04353075]
[6.79825681],[1.79515276],[9.33862936]
[6.7937697],[1.85601404],[9.5178487]
[6.88455007],[1.90182607],[9.83384068]
[6.89671161],[1.9476967],[10.05329848]
[6.98195304],[1.9733042],[10.31112757]
[7.01814125],[1.99661438],[10.47250484]
[7.08320637],[2.01730595],[10.71547086]
[7.16571899],[2.03930014],[10.84971814]
[7.28097811],[2.05723626],[11.04394956]
[7.30833035],[2.0780314],[11.13636844]
[7.36497529],[2.09360619],[11.3111033]
[7.37448234],[2.11099428],[11.37497985]
[7.43672529],[2.12618769],[11.53552026]
[7.47887173],[2.14017961],[11.6114276]
[7.5106594],[2.14928888],[11.69232208]
[7.54147005],[2.14825507],[11.72527325]
[7.5607473],[2.14331355],[11.73638179]
[7.54261682],[2.13630981],[11.72550713]
[7.54316787],[2.12680931],[11.68551712]
[7.4965214],[2.11687019],[11.63906924]
[7.47966024],[2.1073618],[11.5895513]
[7.46030363],[2.09781865],[11.53530975]
[7.43590555],[2.08828529],[11.46921052]
[7.35011695],[2.07815949],[11.3709904]
[7.2413327],[2.06886294],[11.29012534]
[7.13356898],[2.05901612],[11.20195235]
[7.01194712],[2.04723324],[11.09469317]
[6.90328818],[2.03535344],[10.97025941]
[6.81976556],[2.01991589],[10.85335157]
[6.73039603],[2.00155456],[10.72854515]
[6.61337224],[1.98149578],[10.56865725]
[6.470394],[1.96336964],[10.42809201]
[6.3376314],[1.94436245],[10.17497735]
[5.63865342],[1.92297217],[8.91866153]
[4.80524984],[1.9012209],[7.43970846]
[3.96991865],[1.8797674],[5.91364369]
[2.52574028],[0.95270693],[2.15165519]
[3.32753801],[1.01949852],[2.93571111]
[4.10605366],[1.08630078],[3.48796822]
[4.48943749],[1.22591864],[4.11504225]
[4.70391255],[1.33445694],[4.70841184]
[5.00967677],[1.38821898],[5.23760186]
[5.21432298],[1.4639029],[5.74863811]
[5.484805],[1.51609033],[6.26757677]
[5.70852838],[1.5538451],[6.71659572]
[5.85277173],[1.59467677],[7.12519902]
[5.92909373],[1.62091558],[7.5658934]
[6.08843587],[1.64320989],[7.92205681]
[6.14639507],[1.66898814],[8.24637924]
[6.32629354],[1.68562542],[8.48856178]
[6.34488289],[1.70548308],[8.69484239]
[6.54789437],[1.72614688],[8.95179691]
[6.58442922],[1.75398796],[9.10284794]
[6.77591077],[1.80172569],[9.41662247]
[6.84165968],[1.86613264],[9.61230317]
[6.95009103],[1.90955243],[9.94677887]
[6.97872054],[1.95407052],[10.19380371]
[7.04790133],[1.99321067],[10.4896702]
[7.10430961],[2.02930084],[10.7195733]
[7.22624728],[2.04790555],[10.99101587]
[7.33760174],[2.06656709],[11.16850557]
[7.48262827],[2.08388445],[11.41184084]
[7.55400773],[2.10307979],[11.55526905]
[7.72975673],[2.11902296],[11.74889501]
[7.73860705],[2.13775771],[11.86903463]
[7.85223447],[2.15255402],[12.02815116]
[7.80496841],[2.17045506],[12.12597432]
[7.91439831],[2.18640714],[12.28871179]
[7.91055588],[2.20104971],[12.36399106]
[7.98510754],[2.20827613],[12.45294528]
[7.97805498],[2.20284393],[12.47251986]
[8.02619054],[2.19195246],[12.48972743]
[7.99076529],[2.1815832],[12.47229262]
[8.01432172],[2.17251559],[12.43236021]
[7.96967912],[2.16367047],[12.34001472]
[7.94654391],[2.15542299],[12.26745838]
[7.92550668],[2.14673836],[12.19591011]
[7.89995847],[2.13798099],[12.11679841]
[7.85394803],[2.12853877],[12.01107599]
[7.74166561],[2.11982237],[11.90706251]
[7.62088454],[2.11106286],[11.79732996]
[7.49252582],[2.1006211],[11.67604296]
[7.35477894],[2.08971442],[11.54138307]
[7.21105234],[2.07634534],[11.40358069]
[7.06842567],[2.05892617],[11.26488128]
[6.89526874],[2.04081217],[11.10396689]
[6.71784216],[2.02381299],[10.96231333]
[6.54384092],[2.00635466],[10.69147153]
[5.80836521],[1.98703739],[9.40929704]
[4.95268771],[1.96865439],[7.91173148]
[4.10057121],[1.94860233],[6.35055714]
[2.54171306],[0.96956416],[2.22295437]
[3.34567195],[1.03876816],[3.00017583]
[4.11428704],[1.14976069],[3.74372133]
[4.64477961],[1.29936644],[4.52522853]
[4.83244375],[1.39120595],[5.04521031]
[5.13433401],[1.44212157],[5.62264408]
[5.34568367],[1.51162346],[6.13760991]
[5.59006772],[1.55873237],[6.64735895]
[5.80266946],[1.59304911],[7.12839035]
[5.96983654],[1.63354477],[7.53422806]
[6.03780161],[1.65450474],[7.97865496]
[6.20827499],[1.68062218],[8.33720993]
[6.2521217],[1.69831495],[8.63109396]
[6.44444305],[1.72066473],[8.90331081]
[6.48104995],[1.73726771],[9.075825]
[6.66012667],[1.77210272],[9.37923965]
[6.74032799],[1.82877537],[9.56531074]
[6.92240676],[1.88444567],[9.91156946]
[7.0537095],[1.93742148],[10.16246009]
[7.13304747],[1.97410463],[10.45958557]
[7.26591098],[2.01037041],[10.72553286]
[7.40734485],[2.04191915],[11.04417711]
[7.49153122],[2.07009013],[11.30832733]
[7.65850511],[2.09336035],[11.60939228]
[7.70820072],[2.1163586],[11.82564081]
[7.89857251],[2.13635167],[12.08032857]
[7.9205848],[2.15787621],[12.25894767]
[8.10469803],[2.17451783],[12.48970355]
[8.14114345],[2.19430552],[12.63700835]
[8.2287203],[2.2096609],[12.83139191]
[8.21334878],[2.22616775],[12.94193741]
[8.27399888],[2.24152058],[13.15005754]
[8.30730157],[2.25763289],[13.2578218]
[8.32877646],[2.2632367],[13.38203418]
[8.36911507],[2.2577496],[13.43548252]
[8.36875615],[2.24522138],[13.49085735]
[8.37299529],[2.23003239],[13.45204358]
[8.33845819],[2.21514574],[13.40425521]
[8.32625335],[2.19941775],[13.27413619]
[8.27744638],[2.1877268],[13.15530723]
[8.24899605],[2.17961076],[13.01437677]
[8.21555032],[2.17148387],[12.8256183]
[8.17382583],[2.16270314],[12.62605915]
[8.09315822],[2.15444555],[12.46491716]
[7.96857971],[2.1465527],[12.33420466]
[7.84091967],[2.13770701],[12.19342274]
[7.70563263],[2.12826985],[12.03944367]
[7.56628108],[2.11673016],[11.88791115]
[7.42145119],[2.10170278],[11.72572595]
[7.25512201],[2.08486894],[11.54239617]
[7.08583751],[2.06823922],[11.38141653]
[6.92813438],[2.05153651],[11.11926276]
[6.06463558],[2.03325838],[9.81276294]
[5.13510926],[2.01615433],[8.26709034]
[4.25328438],[1.99787512],[6.6472275]
[2.55592034],[0.98109147],[2.28170894]
[3.35278808],[1.05006362],[3.05857053]
[4.11390131],[1.22334463],[3.97964388]
[4.76264232],[1.35617498],[4.83171519]
[4.93244685],[1.43548096],[5.38501939]
[5.23257108],[1.4867385],[5.99592239]
[5.4570436],[1.54709534],[6.49492284]
[5.70494907],[1.5966478],[7.02518865]
[5.90221414],[1.62509953],[7.52991835]
[6.09337251],[1.66616397],[7.93424768]
[6.14444946],[1.68554821],[8.36225467]
[6.32694713],[1.70957388],[8.7103894]
[6.35522817],[1.721602],[8.97024708]
[6.56781176],[1.7466848],[9.26642118]
[6.59255078],[1.78679423],[9.43809922]
[6.78477161],[1.83563524],[9.78044682]
[6.88215777],[1.89197511],[10.00484622]
[7.05625139],[1.93884974],[10.34073136]
[7.28617196],[1.98494863],[10.62775241]
[7.47204216],[2.01566151],[10.95578842]
[7.55207952],[2.0513639],[11.27859729]
[7.72890809],[2.09373281],[11.67423023]
[7.76494071],[2.13345338],[11.99013833]
[7.95778282],[2.16010378],[12.31121464]
[7.99735814],[2.18449094],[12.53939502]
[8.1755481],[2.2049691],[12.87459245]
[8.23894591],[2.22695297],[13.14224937]
[8.39320465],[2.24325887],[13.51710324]
[8.52996338],[2.26524471],[13.74916309]
[8.61273674],[2.27763033],[14.00045279]
[8.68111121],[2.29762785],[14.12906429]
[8.72356594],[2.31155569],[14.33432216]
[8.80273352],[2.32674505],[14.45476727]
[8.83921817],[2.33032868],[14.55442424]
[8.89874238],[2.32367911],[14.61211662]
[8.92814386],[2.30503668],[14.64241186]
[8.92314084],[2.28576984],[14.61210811]
[8.90099865],[2.26858776],[14.52210908]
[8.8631659],[2.25074216],[14.39310325]
[8.81051666],[2.23482806],[14.22940402]
[8.753943],[2.21912122],[14.08294181]
[8.71152683],[2.20345101],[13.91098375]
[8.65802565],[2.19065938],[13.64943897]
[8.61494131],[2.18163535],[13.3887167]
[8.46139771],[2.17255228],[13.06751931]
[8.2121888],[2.16285601],[12.73234973]
[7.98635422],[2.15381552],[12.45717293]
[7.83570496],[2.14414981],[12.259682]
[7.67408315],[2.13078123],[12.07058068]
[7.5100321],[2.11470693],[11.88056891]
[7.36723832],[2.09888587],[11.71817875]
[7.22101514],[2.08247165],[11.44759369]
[6.47039929],[2.06507974],[10.1347728]
[5.4386802],[2.04870317],[8.5661644]
[4.4334743],[2.031073],[6.90590776]
[2.55943803],[0.98474837],[2.30987458]
[3.35699056],[1.05727375],[3.10337608]
[4.11600933],[1.26997431],[4.26594857]
[4.85772443],[1.39866878],[5.11641402]
[5.03556223],[1.47001067],[5.73524058]
[5.32392479],[1.52363266],[6.3505685]
[5.56048652],[1.58263502],[6.87027302]
[5.80133392],[1.62519437],[7.37829717]
[5.98809265],[1.65100592],[7.86957043]
[6.20058222],[1.69099073],[8.26008286]
[6.23821299],[1.70896234],[8.63918357]
[6.43219628],[1.73242608],[8.99530461]
[6.47403426],[1.74492294],[9.23463822]
[6.64556528],[1.779122],[9.55983531]
[6.7095723],[1.83921633],[9.7660643]
[6.89208466],[1.88705127],[10.11715585]
[7.02020539],[1.93834874],[10.36500564]
[7.25400942],[1.98159278],[10.75027739]
[7.52177494],[2.0329662],[11.11069469]
[7.78785314],[2.07260573],[11.5516318]
[7.82007686],[2.12162777],[11.94341983]
[8.01764351],[2.16530891],[12.37779563]
[8.06084629],[2.20370204],[12.72049381]
[8.22697104],[2.22904074],[13.12014874]
[8.30740429],[2.25224958],[13.47225137]
[8.48231193],[2.27163255],[13.95128836]
[8.66588559],[2.29576727],[14.28764085]
[8.84352915],[2.30754822],[14.64675863]
[8.99796491],[2.33760799],[14.98398439]
[9.18939264],[2.34225678],[15.25145722]
[9.17350965],[2.36703251],[15.40156016]
[9.30042503],[2.37537262],[15.60206417]
[9.28662059],[2.38346121],[15.71296137]
[9.38583321],[2.38732132],[15.82766602]
[9.37179593],[2.3815436],[15.89689789]
[9.44471495],[2.36405003],[15.97035024]
[9.39458425],[2.34644797],[15.95260778]
[9.42052957],[2.32622546],[15.86442717]
[9.32464719],[2.30567561],[15.68770614]
[9.33086091],[2.28921193],[15.48974764]
[9.23202243],[2.27212788],[15.2935925]
[9.18402602],[2.25624592],[15.10130087]
[9.12280081],[2.23886342],[14.86279783]
[9.07120688],[2.22273051],[14.60498623]
[9.00076454],[2.20717945],[14.32302112]
[8.81534451],[2.19161817],[13.98043886]
[8.60734766],[2.1818294],[13.62401021]
[8.40338876],[2.17349754],[13.26134621]
[8.18135761],[2.16123935],[12.89874588]
[7.90829681],[2.14465018],[12.53766894]
[7.72529665],[2.13005784],[12.2795127]
[7.58233536],[2.11439343],[11.97170026]
[6.89072234],[2.09748623],[10.64268823]
[6.03237823],[2.08171053],[9.05988691]
[4.98793439],[2.06418839],[7.31420383]
[2.56401575],[1.00041646],[2.34190315]
[3.36276432],[1.06661498],[3.16211794]
[4.12136467],[1.30494632],[4.42565158]
[4.87366955],[1.42835303],[5.33999813]
[5.14150323],[1.49408089],[6.0070471]
[5.41686468],[1.54839086],[6.60837166]
[5.6628756],[1.61241762],[7.1699891]
[5.90483392],[1.64848121],[7.65913787]
[6.08079088],[1.67586514],[8.14318472]
[6.31106741],[1.71617626],[8.53259083]
[6.33129775],[1.73277822],[8.88986015]
[6.54283838],[1.75709094],[9.28713744]
[6.56202127],[1.78899011],[9.53588328]
[6.75424201],[1.84215858],[9.90704457]
[6.83393865],[1.90322494],[10.15836707]
[7.01556239],[1.95254689],[10.56714271]
[7.2248677],[2.01483819],[10.95643523]
[7.54270181],[2.06715656],[11.45014973]
[7.77970387],[2.11536082],[11.88947011]
[8.05951603],[2.15424024],[12.37731179]
[8.12929218],[2.19832097],[12.79827223]
[8.29936745],[2.23767948],[13.28529364]
[8.41916422],[2.27583515],[13.75940428]
[8.60479711],[2.29527015],[14.2917948]
[8.77907262],[2.32567303],[14.69198753]
[8.9891946],[2.33996328],[15.13202079]
[9.10393799],[2.37355486],[15.52679366]
[9.3600161],[2.38252655],[15.97238327]
[9.42968821],[2.41133757],[16.33707438]
[9.60586621],[2.41562134],[16.69109087]
[9.62609689],[2.43454361],[16.86883294]
[9.70176776],[2.44203483],[17.08572794]
[9.72704014],[2.44723262],[17.17845246]
[9.76292533],[2.44249668],[17.33014679]
[9.79706005],[2.43097615],[17.41473267]
[9.81989412],[2.41488995],[17.49860891]
[9.83033423],[2.39939872],[17.49348383]
[9.79976709],[2.38221539],[17.44076518]
[9.76716272],[2.36299296],[17.25003592]
[9.7190233],[2.34387374],[17.06871694]
[9.67628064],[2.32678437],[16.81914968]
[9.60646284],[2.31028999],[16.590747]
[9.54622359],[2.293122],[16.3306689]
[9.49540251],[2.27782147],[16.05577985]
[9.44574754],[2.26236954],[15.71562149]
[9.32795129],[2.24549587],[15.32515575]
[9.13739577],[2.23136795],[14.91131894]
[8.94467269],[2.2168994],[14.53819233]
[8.74039251],[2.20010727],[14.1855943]
[8.52580377],[2.1803063],[13.8098191]
[8.3357137],[2.16517217],[13.45130538]
[8.14957995],[2.14922221],[12.96422606]
[7.34220746],[2.13325229],[11.43847617]
[6.4029134],[2.11693106],[9.65402242]
[5.50488506],[2.10130402],[7.87664659]
[2.56793628],[1.02041723],[2.36994973]
[3.36814525],[1.092509],[3.22628453]
[4.12673385],[1.33340792],[4.54674135]
[4.87834899],[1.45130136],[5.58018665]
[5.25241301],[1.51531204],[6.246292]
[5.51447414],[1.56969453],[6.859172]
[5.76204353],[1.6333035],[7.41281254]
[6.00917959],[1.66793413],[7.89058731]
[6.17291357],[1.6952497],[8.34745541]
[6.42107738],[1.73539364],[8.74666094]
[6.44833138],[1.7519232],[9.09470527]
[6.62113782],[1.77632593],[9.52939317]
[6.67727806],[1.83927738],[9.8436597]
[6.86501368],[1.90620004],[10.29028864]
[6.99069207],[1.98190346],[10.69488679]
[7.18184495],[2.03704282],[11.21901493]
[7.4794257],[2.0978936],[11.68401261]
[7.82397335],[2.14356447],[12.25981027]
[8.05496383],[2.18895033],[12.75929579]
[8.36014469],[2.22492753],[13.28883547]
[8.5604589],[2.27597363],[13.79636179]
[8.74191107],[2.30643109],[14.42781929]
[8.91031766],[2.35037382],[14.96011713]
[9.13408055],[2.36757324],[15.44378937]
[9.21973234],[2.40269767],[15.91781877]
[9.4711294],[2.41966647],[16.45366987]
[9.51727761],[2.44293397],[16.8872937]
[9.70913087],[2.45405324],[17.35165994]
[9.82280972],[2.47149883],[17.80756627]
[9.94812537],[2.47714805],[18.14903846]
[10.06287612],[2.4902301],[18.46487623]
[10.0786814],[2.49686899],[18.67679675]
[10.15803646],[2.50231433],[18.87372053]
[10.14109043],[2.49753831],[19.02953733]
[10.23548061],[2.50440568],[19.17390183]
[10.25676436],[2.48262135],[19.24532313]
[10.30620901],[2.45647369],[19.30256022]
[10.23909815],[2.43237557],[19.23186225]
[10.22561322],[2.4140177],[19.07291532]
[10.1308277],[2.39731774],[18.81082012]
[10.12257898],[2.38057363],[18.58093873]
[10.02374595],[2.36458151],[18.25812064]
[9.99017168],[2.34719445],[17.93770461]
[9.96998063],[2.33076343],[17.62894237]
[9.94293616],[2.31480771],[17.29708461]
[9.789429],[2.30011239],[16.88794241]
[9.62740435],[2.28685497],[16.46112931]
[9.44365575],[2.27291869],[16.01755551]
[9.25031778],[2.25690485],[15.57424647]
[9.03524385],[2.23479744],[15.11352802]
[8.85600922],[2.21358662],[14.70666442]
[8.64657833],[2.19252133],[14.19124496]
[7.87129291],[2.16836305],[12.64192844]
[6.98078805],[2.14846521],[10.82253362]
[6.0896455],[2.13246325],[8.86370367]
[2.57170874],[1.0331517],[2.39947298]
[3.36966003],[1.12924511],[3.30220245]
[4.12679909],[1.36013608],[4.69889906]
[4.87816373],[1.4773551],[5.80667895]
[5.36158383],[1.53949993],[6.49708549]
[5.60994193],[1.59211671],[7.08150309]
[5.85786938],[1.65529351],[7.64127919]
[6.11961336],[1.6872124],[8.10523795]
[6.27382732],[1.71710902],[8.54784694]
[6.53264969],[1.75951862],[8.99318084]
[6.54344042],[1.78387739],[9.39044165]
[6.74456709],[1.85470455],[9.96414004]
[6.8107992],[1.93775853],[10.39881499]
[6.9981053],[2.00049424],[10.9426876]
[7.18352289],[2.07279846],[11.46945175]
[7.50789505],[2.12386493],[12.06284427]
[7.79897509],[2.17491279],[12.58016163]
[8.19005115],[2.2164868],[13.19635191]
[8.49995387],[2.25812661],[13.75729754]
[8.82714298],[2.29172964],[14.43369086]
[9.01943589],[2.34774795],[15.01110728]
[9.25925885],[2.38232567],[15.5866855]
[9.3305842],[2.42029616],[16.13467297]
[9.5578159],[2.44034658],[16.74704049]
[9.61358885],[2.46301428],[17.23668395]
[9.79989362],[2.48016024],[17.80364441]
[9.8991789],[2.49701403],[18.29153448]
[10.04484326],[2.50959124],[18.85774264]
[10.21344917],[2.52359071],[19.44583661]
[10.33557607],[2.53041655],[19.8344905]
[10.48331377],[2.54218992],[20.2695804]
[10.58998039],[2.54857216],[20.5309554]
[10.64462191],[2.57588476],[20.77193794]
[10.72323442],[2.6062243],[20.98879942]
[10.75164559],[2.63047247],[21.13495637]
[10.83600142],[2.59639941],[21.24745409]
[10.84554605],[2.55980703],[21.27199305]
[10.84079065],[2.51838593],[21.20480886]
[10.74455982],[2.48216363],[21.00705324]
[10.7186707],[2.44850656],[20.75729992]
[10.62812741],[2.42740615],[20.45335856]
[10.58609043],[2.40884775],[20.12721228]
[10.47221029],[2.39144436],[19.70169811]
[10.44734031],[2.3778335],[19.31457472]
[10.42839079],[2.36631429],[18.93925979]
[10.36733957],[2.35284759],[18.54428328]
[10.24604614],[2.3406982],[18.08626211]
[10.11354241],[2.32819389],[17.58918215]
[9.98522268],[2.31237571],[17.11878514]
[9.80113379],[2.29275469],[16.63496217]
[9.6384354],[2.27470704],[16.19577435]
[9.2518292],[2.25528567],[15.63462553]
[8.35418223],[2.23244165],[14.04359487]
[7.46313603],[2.20862658],[12.15781516]
[6.57305295],[2.17757238],[10.15802556]
[2.57239382],[1.04753433],[2.43069623]
[3.37346408],[1.16231824],[3.39636219]
[4.1313369],[1.38676866],[4.85597369]
[4.88261724],[1.50522707],[6.03192836]
[5.4371411],[1.56504982],[6.73616539]
[5.68602544],[1.62066534],[7.30338802]
[5.9293321],[1.68119096],[7.88574216]
[6.19333384],[1.71999945],[8.35461672]
[6.36545643],[1.7576503],[8.84433601]
[6.60396432],[1.80034305],[9.3687818]
[6.64617222],[1.87366054],[9.86970759]
[6.8459912],[1.95489048],[10.5851987]
[6.97424884],[2.03701463],[11.14724775]
[7.18635106],[2.09399093],[11.77536762]
[7.54296299],[2.15842371],[12.32920229]
[7.92898046],[2.20253872],[12.94700516]
[8.20819797],[2.24664039],[13.51410573]
[8.56457133],[2.28493246],[14.20864406]
[8.88628594],[2.32809693],[14.87853014]
[9.23733905],[2.36538644],[15.53083987]
[9.42413012],[2.41532811],[16.09637286]
[9.63815241],[2.45172232],[16.75772956]
[9.70913642],[2.47681634],[17.35633012]
[9.88728489],[2.49638368],[17.99954534]
[9.99808589],[2.51450479],[18.53637508]
[10.14071025],[2.53281623],[19.23726234]
[10.30047276],[2.54611506],[19.87623865]
[10.47781301],[2.56099938],[20.48335592]
[10.64945722],[2.58561099],[21.23309492]
[10.83983018],[2.60790263],[21.72620225]
[10.94907101],[2.64992455],[22.22830005]
[11.1152581],[2.67032281],[22.59670529]
[11.18130712],[2.70097316],[22.88008013]
[11.25096567],[2.72379166],[23.13626389]
[11.30755864],[2.73496064],[23.28237888]
[11.34878191],[2.71041601],[23.40928142]
[11.41387284],[2.67955189],[23.4723274]
[11.37808625],[2.64525314],[23.44156854]
[11.33726424],[2.60287606],[23.24779747]
[11.26077911],[2.55549843],[22.93892554]
[11.21188511],[2.50656853],[22.57497814]
[11.14123968],[2.47542729],[22.241825]
[11.06821891],[2.44809559],[21.82491101]
[10.97747155],[2.43426221],[21.40857758]
[10.95282561],[2.42282454],[20.99201218]
[10.92512347],[2.41180669],[20.58496932]
[10.85162856],[2.3988411],[20.1494483]
[10.71648068],[2.38775908],[19.69141377]
[10.58978893],[2.3764504],[19.18756381]
[10.46205121],[2.36118075],[18.68160972]
[10.35732098],[2.34288441],[18.23139124]
[9.99114537],[2.32243919],[17.64441303]
[9.12810912],[2.30076576],[15.99604836]
[8.2774079],[2.27805763],[14.04001732]
[7.39708995],[2.24895053],[11.98184021]
[2.57371527],[1.05336125],[2.45227787]
[3.38119402],[1.18818035],[3.44836995]
[4.14018211],[1.40889026],[4.95624386]
[4.89131197],[1.52719097],[6.1456064]
[5.47326769],[1.59341499],[6.91283097]
[5.73074721],[1.661187],[7.53483726]
[5.95715869],[1.71959773],[8.13635185]
[6.22686842],[1.76195018],[8.65667021]
[6.38579705],[1.80024935],[9.21422533]
[6.63896624],[1.88165597],[9.88778444]
[6.7125359],[1.99442502],[10.53097642]
[6.94194964],[2.07068571],[11.36001261]
[7.12308143],[2.14139397],[12.00315968]
[7.42756543],[2.18939654],[12.65758114]
[7.76604201],[2.24173158],[13.26641368]
[8.15721392],[2.27643516],[13.89711979]
[8.47636476],[2.31608426],[14.5741879]
[8.80931525],[2.35625915],[15.28891964]
[9.10580227],[2.40349243],[15.92554017]
[9.47617485],[2.44155893],[16.60889919]
[9.63373977],[2.4772182],[17.2586491]
[9.84745944],[2.50678718],[17.96356332]
[9.95292876],[2.52961959],[18.52849216]
[10.10419623],[2.54952448],[19.28735632]
[10.25889419],[2.57660147],[20.02447273]
[10.43715579],[2.60383967],[20.76964816]
[10.57756428],[2.64751731],[21.56359259]
[10.79076886],[2.67047351],[22.30306256]
[10.93274831],[2.71064586],[23.14261273]
[11.13523911],[2.73204927],[23.74719953]
[11.27392036],[2.75975059],[24.35742448]
[11.41966118],[2.7820042],[24.79496118]
[11.54061737],[2.80368426],[25.14716315]
[11.56619487],[2.82075198],[25.35826494]
[11.67115415],[2.82783234],[25.52021923]
[11.67626737],[2.81154504],[25.60745996]
[11.77074988],[2.78812244],[25.72408823]
[11.72125033],[2.76164848],[25.7171972]
[11.72894148],[2.72969395],[25.65784811]
[11.67400211],[2.69328208],[25.38776849]
[11.69611818],[2.65538539],[25.12036218]
[11.62194802],[2.61586602],[24.74187652]
[11.64255691],[2.5724014],[24.3687964]
[11.57902536],[2.52663156],[23.94252515]
[11.5788942],[2.48879617],[23.54799656]
[11.57477379],[2.47359763],[23.11189156]
[11.57402447],[2.46255516],[22.67774588]
[11.4926153],[2.44740388],[22.20480294]
[11.3386406],[2.42794072],[21.67991613]
[11.18818071],[2.41320154],[21.12888573]
[11.05524766],[2.39886141],[20.61699711]
[10.63433584],[2.38413257],[19.93455605]
[9.75544739],[2.36592198],[18.14477004]
[8.89403531],[2.34470129],[16.06624169]
[8.0278456],[2.31592321],[13.90685138]
[2.57681772],[1.05630509],[2.46295112]
[3.38887588],[1.20159798],[3.47231624]
[4.1489039],[1.42257149],[5.01821593]
[4.90149732],[1.54392489],[6.2320133]
[5.5156741],[1.61485337],[7.04483692]
[5.77747967],[1.68533435],[7.70739794]
[5.98135035],[1.74199813],[8.32016765]
[6.26260833],[1.7846894],[8.87964985]
[6.40882785],[1.84097007],[9.49631141]
[6.71173188],[1.95504609],[10.28312594]
[6.82016416],[2.06286456],[10.9894783]
[7.04961985],[2.13818783],[11.89008345]
[7.2833846],[2.20435668],[12.58349489]
[7.63424328],[2.24869576],[13.25707641]
[7.94632964],[2.29490859],[13.91155295]
[8.33707311],[2.32817097],[14.65569246]
[8.67992943],[2.38020752],[15.32610611]
[9.00998189],[2.42279872],[16.04911517]
[9.27303993],[2.46171206],[16.70336165]
[9.61836234],[2.49497768],[17.51630365]
[9.80974547],[2.52426279],[18.16242425]
[10.03753119],[2.55658078],[18.91548185]
[10.18251419],[2.6013935],[19.66287598]
[10.34712209],[2.6332139],[20.53061495]
[10.51018898],[2.69809897],[21.41452923]
[10.73634905],[2.74944407],[22.40187589]
[10.84755342],[2.78615546],[23.25494706]
[11.08048149],[2.81440031],[24.13914416]
[11.23032971],[2.85006013],[25.09882556]
[11.40775886],[2.87667694],[25.76365431]
[11.58193928],[2.90369593],[26.44023968]
[11.71378112],[2.92591732],[26.94962737]
[11.84584287],[2.94665213],[27.37908838]
[11.88818209],[2.95400778],[27.60714442]
[11.96080965],[2.94376208],[27.80539756]
[12.00882028],[2.92942836],[27.94427847]
[12.05668897],[2.90755968],[28.07837327]
[12.05914153],[2.88291129],[28.10679974]
[12.04920018],[2.85625797],[28.0830741]
[12.06888375],[2.82702468],[27.92921975]
[12.0559483],[2.79630435],[27.72412397]
[12.06762934],[2.76406814],[27.41841391]
[12.05620607],[2.72779087],[27.09187187]
[12.07308616],[2.6973129],[26.7196776]
[12.04563981],[2.66810058],[26.32754879]
[12.04185757],[2.63630332],[25.87851467]
[12.04060145],[2.60395467],[25.37011264]
[12.01680964],[2.57137692],[24.83174438]
[11.8955677],[2.53900284],[24.2455574]
[11.72379589],[2.50796456],[23.56385586]
[11.56554987],[2.46769453],[22.96365981]
[11.10457987],[2.43659808],[22.15428695]
[10.20760995],[2.41968777],[20.21361681]
[9.32690517],[2.40149713],[18.00128785]
[8.44798956],[2.37648587],[15.71347206]
[2.57560685],[1.05861557],[2.47014864]
[3.38889859],[1.21970278],[3.50307262]
[4.15251402],[1.44616947],[5.10817187]
[4.90599051],[1.56397626],[6.33657349]
[5.55373899],[1.63680531],[7.20453249]
[5.80733855],[1.71235151],[7.88841353]
[6.01896166],[1.7677532],[8.50598379]
[6.31384864],[1.80882036],[9.13115283]
[6.49090928],[1.9121909],[9.84226654]
[6.80687868],[2.01807867],[10.67455574]
[6.93706986],[2.11726788],[11.43082136]
[7.14714045],[2.18761277],[12.35987251]
[7.45279167],[2.24949497],[13.06651858]
[7.82454772],[2.28803259],[13.74817752]
[8.14238731],[2.33058124],[14.52185902]
[8.51432496],[2.37347611],[15.27438343]
[8.85114544],[2.42326432],[15.9395547]
[9.19646301],[2.46039335],[16.69442893]
[9.42637125],[2.49137085],[17.41654805]
[9.75291864],[2.52682941],[18.23354273]
[9.97076834],[2.55248838],[18.90881366]
[10.19954429],[2.60889905],[19.78255064]
[10.37390616],[2.65871117],[20.67398406]
[10.56691976],[2.74485586],[21.64165557]
[10.70030698],[2.80665479],[22.68928508]
[10.96014795],[2.85541517],[23.75677584]
[11.05371165],[2.89089007],[24.67590505]
[11.27638617],[2.91748822],[25.65118527]
[11.47352658],[2.94950276],[26.67106798]
[11.61034851],[2.97332245],[27.37036866]
[11.80947194],[2.99549098],[28.21503499]
[11.96403035],[3.01439955],[28.71762625]
[12.08927945],[3.03179075],[29.2344476]
[12.20716051],[3.03650957],[29.53798063]
[12.2519024],[3.02991743],[29.77312658]
[12.35872042],[3.00540191],[29.98956868]
[12.36974603],[2.98603355],[30.1259433]
[12.48132767],[2.96436464],[30.25734257]
[12.50462537],[2.93935353],[30.24627947]
[12.55841174],[2.91113498],[30.15966007]
[12.5050617],[2.88566675],[29.87707686]
[12.53858625],[2.86017809],[29.60960301]
[12.50375686],[2.83112943],[29.20852738]
[12.54157897],[2.8025972],[28.88285612]
[12.51392055],[2.77256927],[28.44093292]
[12.50185771],[2.74094739],[28.00229317]
[12.50119267],[2.71182205],[27.5001118]
[12.50155312],[2.68262584],[26.9809749]
[12.45103931],[2.65120562],[26.40911939]
[12.29085953],[2.61438751],[25.72140109]
[12.12917514],[2.56737586],[25.03459997]
[11.62800726],[2.51926382],[24.08185727]
[10.71003575],[2.47364329],[22.0663731]
[9.80458651],[2.43420287],[19.78282219]
[8.89670986],[2.40015269],[17.38673205]
[2.57509664],[1.05905684],[2.47178124]
[3.39495356],[1.23872884],[3.56223648]
[4.16020351],[1.46538293],[5.2052161]
[4.91439696],[1.58283571],[6.47052024]
[5.59054661],[1.66009096],[7.38133305]
[5.84302535],[1.73632613],[8.06696428]
[6.06467112],[1.79269926],[8.68986761]
[6.36617944],[1.84007505],[9.39170317]
[6.56364661],[1.97669233],[10.19650048]
[6.88543995],[2.07427753],[11.06766752]
[7.04526265],[2.16748937],[11.86418697]
[7.27818517],[2.23143447],[12.81992553]
[7.62185187],[2.29002815],[13.5339068]
[8.00763039],[2.32426205],[14.31161875]
[8.33091123],[2.37343893],[15.09321925]
[8.68335123],[2.42137072],[15.84219776]
[9.00114461],[2.45957431],[16.51170716]
[9.36412889],[2.49877265],[17.35251989]
[9.56859392],[2.52714202],[18.07246053]
[9.88242707],[2.56784192],[18.9249635]
[10.13046033],[2.61718538],[19.72069187]
[10.38629697],[2.67575348],[20.78366434]
[10.56550979],[2.78709951],[21.85826136]
[10.78593379],[2.85339282],[22.98644778]
[10.88991928],[2.90548855],[24.04421431]
[11.18028741],[2.94579165],[25.18714928]
[11.31839059],[2.97570235],[26.18384114]
[11.52955629],[3.00312004],[27.1709446]
[11.8212512],[3.02893308],[28.26725967]
[11.88995592],[3.04610244],[29.02427785]
[12.16866655],[3.06432395],[29.93897668]
[12.29474532],[3.07992257],[30.53608575]
[12.44861188],[3.09281656],[31.10834657]
[12.65753591],[3.09810696],[31.55831542]
[12.71803505],[3.09385911],[31.79973754]
[12.80198207],[3.07050843],[32.05049431]
[12.86152046],[3.04705239],[32.21653253]
[12.91929257],[3.02597251],[32.38164733]
[13.00153823],[3.00347973],[32.44873844]
[13.02311029],[2.97872355],[32.39601646]
[13.03877322],[2.95695166],[32.19957762]
[12.99476898],[2.93402568],[31.88148619]
[13.01194511],[2.90845381],[31.49651832]
[12.98006635],[2.88565006],[31.11615736]
[13.00617641],[2.8589305],[30.66597031]
[12.9670708],[2.83068389],[30.16132291]
[12.96769992],[2.80323648],[29.67267557]
[12.97002246],[2.77446154],[29.14575005]
[12.96308155],[2.74647023],[28.58976533]
[12.89639592],[2.71518618],[27.91834381]
[12.74281744],[2.67817017],[27.21345056]
[12.23076035],[2.62565962],[26.19020778]
[11.31284308],[2.57096565],[24.06036303]
[10.40757878],[2.51953455],[21.67926764]
[9.48474406],[2.46927994],[19.22495289]
[2.57885985],[1.06321844],[2.48393971]
[3.41121607],[1.25964617],[3.63238185]
[4.17839667],[1.48773565],[5.32421569]
[4.93797124],[1.60308242],[6.62009786]
[5.68722271],[1.68600131],[7.5943717]
[5.91751924],[1.75792206],[8.27468506]
[6.13475367],[1.81635242],[8.92059511]
[6.43154888],[1.91087186],[9.73376956]
[6.6694175],[2.03565944],[10.59141011]
[6.98690528],[2.12746979],[11.48646682]
[7.17739395],[2.2155837],[12.35847793]
[7.49810063],[2.27963359],[13.30483035]
[7.8162964],[2.33403597],[14.06645609]
[8.20045972],[2.38587307],[14.96384277]
[8.5464291],[2.43269554],[15.76302947]
[8.88260802],[2.47370972],[16.56265933]
[9.17130458],[2.50654706],[17.30335555]
[9.54525627],[2.54355747],[18.19740882]
[9.74272127],[2.5877608],[18.99580974]
[10.04230638],[2.6412832],[19.93161963]
[10.3251302],[2.72158464],[21.03504624]
[10.62409118],[2.82122782],[22.22123008]
[10.82017998],[2.90393269],[23.42995808]
[11.07658596],[2.95298266],[24.59353129]
[11.18462076],[2.99675103],[25.66019557]
[11.48511058],[3.03025987],[26.88070633]
[11.70046213],[3.05320424],[27.86672908]
[11.87099329],[3.08180811],[28.85543465]
[12.18296007],[3.10034449],[30.07535077]
[12.29121067],[3.11744416],[30.82832235]
[12.52250301],[3.12810379],[31.82965616]
[12.68887475],[3.14044664],[32.53323842]
[12.85244962],[3.14585093],[33.14995487]
[13.03805367],[3.15638876],[33.68527834]
[13.20657652],[3.144943],[34.04636097]
[13.25067038],[3.13785168],[34.30331537]
[13.36454694],[3.11599988],[34.52659645]
[13.40538386],[3.09593513],[34.63172692]
[13.48538725],[3.07220333],[34.7453192]
[13.52960638],[3.0460206],[34.6994053]
[13.52987657],[3.02065641],[34.56424733]
[13.50662303],[2.99484642],[34.21185966]
[13.49881407],[2.97247298],[33.87472702]
[13.48408148],[2.95089397],[33.44011131]
[13.47480867],[2.92800467],[33.02113959]
[13.45629954],[2.9039673],[32.48265501]
[13.43015426],[2.87982526],[31.95879376]
[13.42374192],[2.85335434],[31.42602048]
[13.41684693],[2.8273842],[30.81892113]
[13.40370838],[2.80063177],[30.16772958]
[13.29356855],[2.76754769],[29.45433787]
[12.76914388],[2.72418057],[28.27875639]
[11.8517738],[2.67526755],[26.06500546]
[10.94695578],[2.61977446],[23.62359886]
[10.04080929],[2.56769574],[21.12202212]
[2.58499683],[1.07709042],[2.50792907]
[3.43581233],[1.27987657],[3.70927872]
[4.20123101],[1.50760528],[5.43482063]
[5.03282843],[1.62094188],[6.75117142]
[5.71846183],[1.70872982],[7.7763152]
[5.99568977],[1.77814823],[8.46581397]
[6.2065406],[1.83824002],[9.18364411]
[6.51011699],[1.97069237],[10.09072924]
[6.78517353],[2.09349617],[11.00076934]
[7.09398978],[2.18517225],[11.98325408]
[7.34082719],[2.26831269],[12.89561438]
[7.72326825],[2.33911341],[13.83605539]
[8.01788005],[2.3924445],[14.73959865]
[8.41214858],[2.44297902],[15.64283201]
[8.79464174],[2.48006157],[16.47567412]
[9.12094894],[2.51964052],[17.38114288]
[9.38675353],[2.55603913],[18.22912728]
[9.75328855],[2.61465723],[19.17001811]
[9.99998804],[2.68796491],[20.14784603]
[10.28352801],[2.76897796],[21.29512834]
[10.59671099],[2.86661832],[22.50930092]
[10.9498537],[2.94847241],[23.84828579]
[11.13898309],[3.00582847],[25.02837183]
[11.39040205],[3.04856261],[26.22296815]
[11.54019564],[3.08086898],[27.32990932]
[11.76946024],[3.11002665],[28.49403654]
[12.068132],[3.12635651],[29.62320811]
[12.25155509],[3.15364201],[30.63575481]
[12.51290494],[3.16577681],[31.85330888]
[12.65517822],[3.18509165],[32.77579455]
[12.88723461],[3.20172527],[33.82191292]
[13.02634249],[3.21636626],[34.59338807]
[13.23381232],[3.22557276],[35.33484329]
[13.39198784],[3.23620494],[35.90310926]
[13.56037327],[3.23113576],[36.36839336]
[13.66488112],[3.22894938],[36.64616026]
[13.7326248],[3.20126328],[36.87163045]
[13.82764071],[3.18638448],[37.04179946]
[13.8726413],[3.16362811],[37.15240935]
[13.99483386],[3.13906817],[37.22535013]
[13.94834935],[3.11460307],[37.09193227]
[13.99024395],[3.08938469],[36.83386185]
[13.9391526],[3.05885408],[36.43469504]
[13.99533767],[3.02874685],[36.06961225]
[13.94748578],[3.00206228],[35.61942319]
[13.97669261],[2.97384472],[35.09592122]
[13.91706142],[2.95245231],[34.49949303]
[13.904106],[2.93069014],[33.92499437]
[13.88622459],[2.90877077],[33.30336997]
[13.86868962],[2.88542323],[32.59634275]
[13.83999892],[2.85598477],[31.87655917]
[13.29962919],[2.82609507],[30.62214542]
[12.38708589],[2.78836861],[28.28337216]
[11.48395829],[2.74340253],[25.72808472]
[10.58068023],[2.69541436],[23.14524262]
[2.58642241],[1.09626386],[2.5336485]
[3.43889284],[1.30618623],[3.79366666]
[4.20591116],[1.53254436],[5.57815443]
[5.10455757],[1.64642994],[6.9374699]
[5.72433083],[1.74491788],[8.02588689]
[6.07341383],[1.8087779],[8.7305503]
[6.27775406],[1.91242708],[9.59534518]
[6.6375816],[2.03808213],[10.57883913]
[6.93242287],[2.15150433],[11.52035412]
[7.22311451],[2.24600333],[12.55561987]
[7.58421755],[2.3219762],[13.45274692]
[8.03036395],[2.39637613],[14.45179577]
[8.33531046],[2.43859101],[15.41373159]
[8.69028808],[2.48695606],[16.33293316]
[9.0393987],[2.52154192],[17.27971181]
[9.39482589],[2.5720485],[18.28132608]
[9.62612871],[2.63471315],[19.20152058]
[9.98004451],[2.72485068],[20.30705003]
[10.27067062],[2.82258895],[21.47880783]
[10.57259637],[2.90120888],[22.68636791]
[10.84771003],[2.9723321],[23.99321148]
[11.21472673],[3.04058588],[25.30701743]
[11.44263288],[3.0850614],[26.50413191]
[11.6770827],[3.1190546],[27.72481444]
[11.84761045],[3.14399041],[28.81024945]
[12.05205457],[3.16806181],[30.05958025]
[12.34037435],[3.19638601],[31.26523749]
[12.64068971],[3.22231683],[32.39930981]
[12.82398285],[3.2551844],[33.66054428]
[13.02539279],[3.27056897],[34.71103728]
[13.25120595],[3.28475873],[35.78703231]
[13.37221034],[3.29722861],[36.72276747]
[13.59454688],[3.30595785],[37.56927052]
[13.77431804],[3.32715408],[38.29564454]
[13.91506199],[3.36770895],[38.86497068]
[14.0837719],[3.39236938],[39.28888712]
[14.11064719],[3.338717],[39.4744239]
[14.22348158],[3.32108274],[39.66742975]
[14.2734803],[3.28374342],[39.69815384]
[14.34833928],[3.24547448],[39.75527936]
[14.36256015],[3.22511651],[39.60086023]
[14.35699697],[3.19652368],[39.39411979]
[14.35464148],[3.16200486],[38.97554154]
[14.35630323],[3.13392839],[38.61127308]
[14.36083499],[3.10559282],[38.1070249]
[14.3548443],[3.07546625],[37.63378475]
[14.36039191],[3.04515442],[37.03212118]
[14.33439586],[3.01625229],[36.44017132]
[14.32957132],[2.98785086],[35.79704904]
[14.328312],[2.95789478],[35.06070905]
[14.33201491],[2.92863479],[34.30817743]
[13.83179005],[2.90048584],[32.96912086]
[12.91911969],[2.86650405],[30.56470517]
[12.01749182],[2.82696226],[27.89078309]
[11.11419471],[2.78496165],[25.14097801]
[2.59029021],[1.11446817],[2.55843416]
[3.45699998],[1.34496673],[3.93350158]
[4.23602087],[1.57027136],[5.76386692]
[5.15901418],[1.67749086],[7.1597652]
[5.74224536],[1.77658308],[8.30645377]
[6.1773283],[1.83719181],[9.08888401]
[6.36832866],[1.98033688],[10.05132683]
[6.79337779],[2.09865963],[11.08448121]
[7.09108143],[2.20976953],[12.06035938]
[7.42740905],[2.30001602],[13.10498526]
[7.8332516],[2.37014765],[13.99424709]
[8.28926294],[2.44000421],[15.09688726]
[8.64053112],[2.4777744],[16.043985]
[8.96163143],[2.52330464],[17.0157213]
[9.26895255],[2.57226802],[18.1135332]
[9.63437153],[2.6335846],[19.14436341]
[9.86937069],[2.73395612],[20.2194021]
[10.202799],[2.83237975],[21.49435311]
[10.51713496],[2.91724626],[22.73457728]
[10.84390638],[2.99050744],[23.97956967]
[11.08748951],[3.05165257],[25.28551395]
[11.44669973],[3.10156762],[26.5602814]
[11.74121813],[3.13975961],[27.83665089]
[11.97401507],[3.17831807],[29.0421374]
[12.13909065],[3.21758962],[30.27910606]
[12.38680608],[3.24820473],[31.60194184]
[12.56951939],[3.2782664],[32.84846018]
[12.89744673],[3.30394331],[34.10670629]
[13.15519892],[3.33696886],[35.46589267]
[13.28135257],[3.34950342],[36.55965505]
[13.56284146],[3.3956519],[37.94872119]
[13.67192458],[3.43293859],[38.93122955]
[13.86580326],[3.4758992],[40.01074856]
[14.09360676],[3.5103383],[40.86682054]
[14.23273203],[3.52646336],[41.44203431]
[14.39715511],[3.53019759],[41.89166766]
[14.4911126],[3.49976633],[42.10854535]
[14.55966912],[3.44913005],[42.28067281]
[14.66511103],[3.41200057],[42.32276694]
[14.69779781],[3.37825305],[42.33294086]
[14.76381225],[3.3579176],[42.24937677]
[14.70534632],[3.33436749],[42.0139512]
[14.76508626],[3.2985242],[41.66070059]
[14.70423911],[3.26307079],[41.24412561]
[14.78194042],[3.22779264],[40.81709926]
[14.70667342],[3.18958909],[40.30549593]
[14.78266574],[3.14965015],[39.75914787]
[14.72692597],[3.11638857],[39.10409221]
[14.72855641],[3.08792925],[38.41353028]
[14.73005599],[3.05782693],[37.70920875]
[14.73910108],[3.0297779],[36.90562687]
[14.3472264],[3.00113237],[35.55184374]
[13.41778328],[2.96801291],[33.05307773]
[12.53017907],[2.91513072],[30.27191409]
[11.64502438],[2.86392052],[27.38929385]
[2.60320024],[1.14816239],[2.63174792]
[3.49032949],[1.39257103],[4.11780519]
[4.29891774],[1.61391831],[5.99770364]
[5.25254082],[1.71580279],[7.43665164]
[5.80805147],[1.80796475],[8.61991884]
[6.29693534],[1.87368298],[9.55916783]
[6.49287768],[2.06153814],[10.64076223]
[6.97146222],[2.17434328],[11.69166136]
[7.27778091],[2.27358896],[12.6947911]
[7.70698631],[2.35679521],[13.72781996]
[8.11182655],[2.42238618],[14.66906615]
[8.57946393],[2.48448296],[15.80028715]
[8.94614305],[2.51762307],[16.73820518]
[9.26098653],[2.57225239],[17.84399913]
[9.52331164],[2.6408008],[19.04437319]
[9.88216221],[2.73033642],[20.20957627]
[10.1554476],[2.83919314],[21.47031619]
[10.48291234],[2.92402823],[22.78312179]
[10.778356],[2.99558123],[24.0443069]
[11.13900387],[3.05848231],[25.3448137]
[11.38644633],[3.10487511],[26.57758105]
[11.71723539],[3.15409579],[27.9189053]
[12.02626176],[3.21013516],[29.25164394]
[12.32236985],[3.26103505],[30.54916068]
[12.45685678],[3.29744037],[31.90740938]
[12.72491698],[3.32881338],[33.24829869]
[12.84870954],[3.36081264],[34.6436753]
[13.1868895],[3.41546981],[36.01301845]
[13.51474906],[3.47860704],[37.64569793]
[13.63585002],[3.52924027],[38.87310966]
[13.89344013],[3.55823723],[40.22163251]
[14.05133479],[3.59867051],[41.40993045]
[14.20772617],[3.62293188],[42.44674]
[14.43546303],[3.64664127],[43.3955063]
[14.61310225],[3.64856732],[44.05133801]
[14.77275485],[3.64063785],[44.56749234]
[14.91853021],[3.61754034],[44.82076728]
[14.97882971],[3.5772197],[44.96543808]
[15.13219485],[3.53285541],[45.10896521]
[15.23555366],[3.48837164],[45.12379936]
[15.29963156],[3.47129283],[45.12679385]
[15.30485462],[3.44738142],[44.90057177]
[15.30859614],[3.41545882],[44.59183612]
[15.32460873],[3.38400023],[44.10424547]
[15.32201159],[3.35257366],[43.70163601]
[15.35953993],[3.31872264],[43.14486437]
[15.34647827],[3.28363926],[42.64444967]
[15.39397407],[3.24570616],[42.01369192]
[15.36625552],[3.20654959],[41.35678295]
[15.38256574],[3.16460121],[40.64442544]
[15.39578275],[3.12265761],[39.91039344]
[14.97684278],[3.0955369],[38.39463146]
[14.25177417],[3.06513309],[35.8500666]
[13.25133807],[3.00917479],[32.8358179]
[12.21941153],[2.95445315],[29.76027588]
[2.62009833],[1.1863623],[2.72288101]
[3.52626484],[1.44340829],[4.35138268]
[4.35628299],[1.65069872],[6.21347449]
[5.31738391],[1.75200977],[7.68060249]
[5.98903227],[1.8330994],[8.92225449]
[6.42552119],[1.95228148],[10.03108752]
[6.64364113],[2.12850566],[11.16041864]
[7.15429114],[2.23552608],[12.2988663]
[7.51846097],[2.32772143],[13.27904409]
[7.99079757],[2.40477687],[14.30298521]
[8.39336898],[2.46684369],[15.37053998]
[8.86895693],[2.52524524],[16.45538488]
[9.20735472],[2.57782464],[17.52343949]
[9.55547195],[2.64399999],[18.75936681]
[9.79932504],[2.75815486],[20.08386992]
[10.13429101],[2.84593432],[21.4585621]
[10.44292186],[2.93209946],[22.76729089]
[10.77866816],[3.00771996],[24.0969052]
[11.05351586],[3.06459258],[25.43101142]
[11.41462843],[3.11533538],[26.65799786]
[11.69705548],[3.1603714],[27.95730002]
[12.00873546],[3.22334039],[29.3232524]
[12.29812861],[3.28343796],[30.75490236]
[12.66162018],[3.34113688],[32.13331299]
[12.80158973],[3.40238534],[33.56700647]
[13.0457664],[3.47266117],[35.08159168]
[13.21412185],[3.52842399],[36.67251325]
[13.46387286],[3.58258124],[38.09828194]
[13.82547276],[3.61629474],[39.81521487]
[14.00601122],[3.66075957],[41.0382671]
[14.21038942],[3.68769284],[42.44024942]
[14.41090487],[3.73532443],[43.70480147]
[14.59193745],[3.75706541],[44.8651565]
[14.78080963],[3.7757393],[45.91339227]
[14.99556987],[3.7743049],[46.6664651]
[15.20636341],[3.76787299],[47.25984412]
[15.4233689],[3.74093856],[47.72209076]
[15.56979867],[3.70520448],[47.97114175]
[15.68012664],[3.65494144],[48.14890863]
[15.85333497],[3.62286412],[48.31344049]
[15.94058008],[3.61153528],[48.37843091]
[15.94792728],[3.57848885],[48.31267828]
[15.9677159],[3.53437972],[48.02253082]
[15.97339072],[3.49285868],[47.58041087]
[15.9967521],[3.45947771],[47.08280254]
[15.9975459],[3.42915226],[46.56292962]
[16.03021866],[3.39771436],[45.99697367]
[16.02557955],[3.36452046],[45.42014228]
[16.05891153],[3.32966438],[44.69180449]
[16.0413592],[3.29245105],[43.935711]
[16.05387656],[3.25438406],[43.14393177]
[15.60949872],[3.21684743],[41.61933838]
[14.88601571],[3.17690437],[39.0251419]
[14.14605014],[3.13617854],[35.96328312]
[13.1662374],[3.08796297],[32.58420255]
[2.62905319],[0.94486996],[2.0907029]
[3.53352553],[1.1744522],[3.67689644]
[4.44481386],[1.3503933],[5.41304679]
[5.38330605],[1.42946605],[6.77844508]
[6.16031333],[1.53019852],[8.03877315]
[6.54586422],[1.75173027],[9.25530978]
[6.88955008],[1.89054919],[10.356503]
[7.3188224],[1.97320521],[11.48135772]
[7.76053338],[2.04762367],[12.41458059]
[8.24603462],[2.10442879],[13.45349192]
[8.66152294],[2.16421951],[14.47970835]
[9.11107614],[2.24417319],[15.53309865]
[9.43482055],[2.35393873],[16.75401568]
[9.78822148],[2.45138025],[17.97625483]
[10.06911487],[2.55379023],[19.39110903]
[10.37861144],[2.60828653],[20.80555371]
[10.6931964],[2.68062223],[22.1412522]
[11.05745001],[2.72603454],[23.48480249]
[11.31959996],[2.78447937],[24.72996491]
[11.66349532],[2.82665417],[25.95052581]
[11.9710926],[2.90279658],[27.31445423]
[12.29693491],[2.96931925],[28.62425863]
[12.54624559],[3.04965553],[30.15634086]
[12.90881742],[3.17112899],[31.5484699]
[13.13076258],[3.27430294],[33.13049812]
[13.33092257],[3.32614814],[34.70928415]
[13.51519514],[3.37783413],[36.3339094]
[13.76177962],[3.42189585],[37.78694037]
[14.10855706],[3.47665141],[39.49927132]
[14.36389436],[3.51720437],[40.85211575]
[14.55380824],[3.56087323],[42.31940346]
[14.73435652],[3.59802547],[43.61904762]
[14.95862007],[3.6320428],[44.91970082]
[15.12972979],[3.65251233],[46.03057683]
[15.38637374],[3.66722638],[47.06049557]
[15.70165756],[3.66536349],[47.88164141]
[15.96213902],[3.65598848],[48.55590741]
[16.16398178],[3.64998105],[49.00208923]
[16.33347588],[3.64738743],[49.31625737]
[16.44343833],[3.66068059],[49.56359155]
[16.59601752],[3.66687964],[49.76314252]
[16.61058097],[3.65431988],[49.85447016]
[16.62844906],[3.62924745],[49.72394559]
[16.63378874],[3.57117288],[49.3472559]
[16.64516436],[3.51008272],[48.79832173]
[16.65477776],[3.45590034],[48.18414557]
[16.66118926],[3.41633921],[47.59276772]
[16.6826096],[3.38914181],[46.93818471]
[16.68460747],[3.36194458],[46.34059575]
[16.71839024],[3.33197044],[45.6192276]
[16.71133916],[3.30109493],[44.82786725]
[16.25152712],[3.2708119],[43.20336783]
[15.5323356],[3.2386715],[40.64849217]
[14.81721745],[3.20648913],[37.78758323]
[14.06148948],[3.17190604],[34.66725841]
[1.97388621],[0.21023436],[0.30264014]
[3.38735147],[0.44867931],[1.19814583]
[4.50122182],[0.61290734],[2.22381469]
[5.39508135],[0.6882344],[3.00046448]
[6.23604757],[0.84384829],[3.77211884]
[6.44883452],[1.0388452],[4.74726961]
[6.73082188],[1.16587757],[5.70744049]
[6.98914401],[1.24466052],[6.50643078]
[7.31113741],[1.31514858],[7.16606829]
[7.65858647],[1.36985756],[7.9620469]
[8.04405091],[1.43695021],[8.63930724]
[8.56776782],[1.54237311],[9.4535467]
[9.00673684],[1.68160381],[10.51702286]
[9.43722202],[1.76674707],[11.49139062]
[9.8930588],[1.8574077],[12.78841585]
[10.35699209],[1.90686718],[13.87769869]
[10.78206588],[1.9716783],[15.07362806]
[11.06724749],[2.01310959],[16.12831067]
[11.32562025],[2.073467],[17.24297202]
[11.65485117],[2.13569334],[18.24841277]
[11.93004045],[2.21209183],[19.45425766]
[12.22144882],[2.27933134],[20.60089226]
[12.52958475],[2.41730254],[21.96965166]
[12.8611549],[2.5156437],[23.21724488]
[13.09992298],[2.59322276],[24.71696029]
[13.44150327],[2.65764234],[26.09681413]
[13.74070445],[2.72865965],[27.67081731]
[14.03918411],[2.77939693],[28.9690635]
[14.34690622],[2.83149852],[30.57377492]
[14.61470344],[2.8690323],[31.79193472]
[14.87112569],[2.91448352],[33.19604735]
[15.00962388],[2.94868163],[34.44988525]
[15.25011169],[2.97878225],[35.65909552]
[15.47755958],[2.99702186],[36.82464533]
[15.71145298],[3.01328736],[37.77069547]
[16.08473989],[3.02183669],[38.76832818]
[16.42762156],[3.01456326],[39.54694353]
[16.67215468],[3.02737903],[40.10922296]
[16.87232285],[3.02332604],[40.57168791]
[17.04693958],[3.04319782],[40.95952089]
[17.1461907],[3.07039409],[41.21300332]
[17.24346886],[3.10154039],[41.40545162]
[17.22510209],[3.0870765],[41.46102249]
[17.26404323],[3.01395372],[41.29851056]
[17.24927069],[2.94304721],[40.90983695]
[17.28964666],[2.8725767],[40.1568588]
[17.27998717],[2.81122484],[39.39155667]
[17.32179079],[2.75114259],[38.60646626]
[17.31533703],[2.70197206],[37.71168026]
[17.35235971],[2.66265022],[36.83597866]
[17.37204122],[2.63308631],[35.92704849]
[16.89719041],[2.60579196],[34.27831159]
[16.18698978],[2.57683068],[32.21417985]
[15.47748097],[2.54854044],[29.90958596]
[14.76908896],[2.51729118],[27.45366333]
