meltWidth,meltDepth,meltArea
[1.01164256],[0.160267],[0.07994935]
[1.77813119],[0.37238215],[0.47564884]
[1.90178949],[0.39015137],[0.54129053]
[1.92851865],[0.40391537],[0.58210259]
[2.03099959],[0.39805756],[0.61461338]
[2.03045397],[0.40460022],[0.61939793]
[2.09732384],[0.40513507],[0.63455103]
[2.09438856],[0.43267314],[0.65797756]
[2.14784992],[0.42897304],[0.66968634]
[2.19239539],[0.45690962],[0.69536555]
[2.18333376],[0.48087284],[0.71260053]
[2.20597014],[0.49282293],[0.72633891]
[2.19513068],[0.50576224],[0.7355177]
[2.23420235],[0.51225538],[0.75161832]
[2.22924999],[0.53254004],[0.76798186]
[2.29583796],[0.53916567],[0.78463983]
[2.28408758],[0.55226351],[0.79662136]
[2.34134801],[0.55123116],[0.80831986]
[2.30475275],[0.55959172],[0.81146652]
[2.35140169],[0.5586723],[0.8194931]
[2.31016734],[0.56237678],[0.81843272]
[2.35268586],[0.56161522],[0.82731211]
[2.32457442],[0.56467918],[0.82712215]
[2.35252464],[0.56418513],[0.83112293]
[2.33767585],[0.56619567],[0.83243495]
[2.35338382],[0.56545736],[0.83603124]
[2.34688827],[0.56833305],[0.83891036]
[2.36414738],[0.56695715],[0.84148342]
[2.35265695],[0.56968667],[0.84498461]
[2.38644803],[0.56906598],[0.85029776]
[2.36889878],[0.57055712],[0.8555877]
[2.39341067],[0.5712361],[0.85457576]
[2.37276789],[0.57153352],[0.85165005]
[2.37523715],[0.57169433],[0.85213036]
[2.37835677],[0.5715363],[0.85209731]
[2.37888445],[0.57026931],[0.85067083]
[2.3808193],[0.56785023],[0.84577307]
[2.37645337],[0.56364475],[0.83924298]
[2.37218951],[0.56038706],[0.83416178]
[2.36905598],[0.55708051],[0.82828405]
[2.36292668],[0.55365437],[0.81998282]
[2.36276445],[0.54934745],[0.81343311]
[2.36880237],[0.54608544],[0.81670098]
[2.3875624],[0.54417965],[0.82671537]
[2.39704515],[0.54102412],[0.82988674]
[2.41327198],[0.53542284],[0.83446618]
[2.43352944],[0.52636216],[0.83709301]
[2.46275004],[0.51934871],[0.84252046]
[2.48259813],[0.51449441],[0.84386138]
[2.4895419],[0.51089298],[0.84108654]
[2.49755817],[0.50281287],[0.82801166]
[2.4715884],[0.47756051],[0.79130187]
[2.12446819],[0.45070616],[0.70196223]
[0.],[0.],[0.]
[0.],[0.],[0.]
[0.74348398],[0.10022598],[0.03626041]
[1.91735187],[0.38453091],[0.56790476]
[1.9861632],[0.46997606],[0.71340963]
[2.00530122],[0.53984011],[0.79783006]
[2.09093049],[0.58737144],[0.89167641]
[2.14030011],[0.63389128],[0.97614898]
[2.22643671],[0.67888127],[1.07022878]
[2.25905302],[0.68748277],[1.11376918]
[2.31730742],[0.71657268],[1.16135281]
[2.32701207],[0.71576541],[1.18618763]
[2.36177372],[0.73983242],[1.2324674]
[2.3831581],[0.74246801],[1.25500815]
[2.40042733],[0.77306279],[1.29867052]
[2.44599711],[0.78208977],[1.33351197]
[2.43937842],[0.80004224],[1.36744344]
[2.49029533],[0.80661791],[1.40059818]
[2.47212415],[0.81398482],[1.4138575]
[2.52123854],[0.81628427],[1.43995821]
[2.48216141],[0.82274869],[1.44153702]
[2.56721369],[0.82318221],[1.46930324]
[2.49802127],[0.82820913],[1.46159653]
[2.5815803],[0.82934551],[1.49048517]
[2.50068258],[0.8337328],[1.47781424]
[2.56855536],[0.83378493],[1.49830885]
[2.51206445],[0.83665509],[1.49083722]
[2.55294505],[0.83754564],[1.50800569]
[2.51699195],[0.83828836],[1.50100054]
[2.55297708],[0.84109581],[1.51617633]
[2.51578587],[0.8407573],[1.5104985]
[2.57324445],[0.84306895],[1.53113828]
[2.51637499],[0.84260725],[1.52625432]
[2.56969734],[0.84093436],[1.53249667]
[2.5129528],[0.83902017],[1.5104721]
[2.50862986],[0.83651711],[1.50338408]
[2.51094959],[0.83496055],[1.49973327]
[2.51062957],[0.83211644],[1.49519072]
[2.51499215],[0.82737318],[1.48557575]
[2.51816698],[0.82210941],[1.47708897]
[2.52217408],[0.81678507],[1.46989901]
[2.52965167],[0.81207073],[1.46247836]
[2.53079379],[0.80695676],[1.45094261]
[2.53553992],[0.80188775],[1.44162056]
[2.53683679],[0.79525121],[1.43131138]
[2.55182642],[0.78793955],[1.41966695]
[2.56075929],[0.78000652],[1.40545947]
[2.57524405],[0.77341606],[1.39408109]
[2.58969153],[0.76679673],[1.3824499]
[2.6083501],[0.75960623],[1.37229155]
[2.63679047],[0.75302774],[1.36875542]
[2.68112931],[0.74433081],[1.36858597]
[2.77862593],[0.73486068],[1.38454939]
[2.84958819],[0.72489623],[1.39539159]
[2.41608293],[0.71710857],[1.24911414]
[0.],[0.],[0.]
[0.],[0.],[0.]
[1.215348],[0.11020248],[0.07187132]
[1.97890241],[0.41538228],[0.62233553]
[2.09791857],[0.54617434],[0.82793719]
[2.13739835],[0.65672501],[0.98335126]
[2.3060459],[0.73538632],[1.17910797]
[2.33949593],[0.76221731],[1.25803119]
[2.44189455],[0.79729467],[1.35893844]
[2.41923901],[0.79737738],[1.3725725]
[2.48844644],[0.82293261],[1.43701917]
[2.47275928],[0.82132766],[1.44763552]
[2.53849101],[0.84764123],[1.511495]
[2.53456154],[0.85156015],[1.53150026]
[2.57328244],[0.86432996],[1.57707917]
[2.68933374],[0.87521314],[1.6356067]
[2.59488547],[0.87546137],[1.63953223]
[2.86286959],[0.88569081],[1.74953109]
[2.62383151],[0.88401198],[1.67706414]
[2.97514991],[0.89203973],[1.81796592]
[2.6832455],[0.88930654],[1.70698628]
[3.03480533],[0.89731253],[1.86385838]
[2.74804227],[0.89459265],[1.73559595]
[3.05756477],[0.90275322],[1.89046906]
[2.72191549],[0.89984813],[1.74712462]
[3.04514258],[0.90540765],[1.89230213]
[2.66133325],[0.90205243],[1.75090301]
[3.02958551],[0.9072932],[1.89343006]
[2.66723966],[0.9029279],[1.76184269]
[3.01977324],[0.90808395],[1.89009253]
[2.66597203],[0.90444209],[1.77200495]
[3.04478036],[0.90840862],[1.90739091]
[2.84728328],[0.9057115],[1.81778559]
[3.04004901],[0.90376695],[1.90281344]
[2.86474583],[0.90177136],[1.80600712]
[2.8138497],[0.89965728],[1.78644725]
[2.82523392],[0.89761964],[1.78502023]
[2.82927399],[0.89504733],[1.78103337]
[2.84294914],[0.89096844],[1.77469256]
[2.8571528],[0.88659622],[1.769135]
[2.86954725],[0.88167812],[1.76440094]
[2.90527724],[0.87636454],[1.76560709]
[2.89029152],[0.87061834],[1.74611986]
[2.90109936],[0.86402262],[1.73670715]
[2.9023436],[0.85655675],[1.7237365]
[2.91414092],[0.84863926],[1.70814929]
[2.92872536],[0.84295319],[1.69578019]
[2.9553514],[0.83792646],[1.68523483]
[2.98031356],[0.83472883],[1.67243363]
[2.97033541],[0.83220081],[1.64597189]
[2.99565771],[0.83052923],[1.6371267]
[3.0304767],[0.82900211],[1.63543398]
[3.07377443],[0.82263788],[1.63444814]
[3.07082179],[0.81407969],[1.61953727]
[2.53026143],[0.80184267],[1.41774884]
[0.83029621],[0.38191274],[0.15745871]
[0.],[0.],[0.]
[1.42563275],[0.13801775],[0.14133141]
[2.05724666],[0.51177222],[0.74269761]
[2.25392629],[0.65408406],[1.04234491]
[2.31649273],[0.7566784],[1.21788814]
[2.46735571],[0.82236931],[1.41250345]
[2.47882512],[0.84276291],[1.48784427]
[2.57724549],[0.87048578],[1.58605509]
[2.53959041],[0.87270792],[1.60188153]
[2.61666914],[0.88721925],[1.66987597]
[2.73786741],[0.89254285],[1.71800762]
[2.65392547],[0.89542603],[1.722644]
[2.94825151],[0.90562618],[1.83729922]
[2.79616223],[0.90635317],[1.7794034]
[3.10010296],[0.91767585],[1.93660555]
[2.97902712],[0.9171671],[1.84365414]
[3.21304746],[0.92543687],[2.03170561]
[3.17328907],[0.92339847],[1.91909109]
[3.2769305],[0.93031084],[2.09512801]
[3.28672786],[0.92744978],[1.98966142]
[3.31217635],[0.93394548],[2.14224126]
[3.36462327],[0.93115215],[2.03359702]
[3.33926601],[0.93869494],[2.17568948]
[3.38767975],[0.93361616],[2.05832904]
[3.34549055],[0.93946312],[2.19139111]
[3.39989862],[0.93426923],[2.06414601]
[3.34714969],[0.94077766],[2.19688054]
[3.39635245],[0.93414542],[2.072318]
[3.3485994],[0.94156239],[2.19787332]
[3.39866201],[0.9355652],[2.08104824]
[3.38163463],[0.94172187],[2.22642667]
[3.41376337],[0.93917826],[2.13462644]
[3.38355895],[0.93707523],[2.23292892]
[3.40605864],[0.93505964],[2.12834924]
[3.36850154],[0.93221412],[2.09187801]
[3.36930146],[0.93062462],[2.08378899]
[3.35942691],[0.92824248],[2.07231798]
[3.3569687],[0.9241251],[2.06152968]
[3.3606108],[0.9201097],[2.05139315]
[3.36026183],[0.91511412],[2.04035562]
[3.35781395],[0.91092678],[2.03884208]
[3.35848639],[0.90631598],[2.01626097]
[3.3574894],[0.90125995],[2.00539514]
[3.34823388],[0.89536888],[1.99080971]
[3.34907487],[0.8878123],[1.97446883]
[3.35368444],[0.88156991],[1.96022009]
[3.35567975],[0.87564091],[1.94665913]
[3.36110612],[0.86913315],[1.93442895]
[3.37229011],[0.86216187],[1.90707172]
[3.37415715],[0.85832423],[1.88440234]
[3.36527188],[0.85723678],[1.86440603]
[3.40571544],[0.85564614],[1.86675282]
[3.44729821],[0.85420914],[1.86613013]
[2.79250837],[0.85249646],[1.60497374]
[0.98414449],[0.50754549],[0.25456255]
[0.],[0.],[0.]
[1.33977797],[0.20836772],[0.20494355]
[2.18453985],[0.58991975],[0.90468105]
[2.36189338],[0.72595302],[1.21476407]
[2.40917772],[0.82209129],[1.39781317]
[2.54577962],[0.87258699],[1.58461996]
[2.54643494],[0.89803953],[1.66651774]
[2.63859725],[0.91309866],[1.76141068]
[2.82792611],[0.92393254],[1.83515535]
[2.80634902],[0.92765427],[1.84803586]
[3.05453242],[0.93055413],[1.97419982]
[2.98695978],[0.93177288],[1.91078622]
[3.20342741],[0.93766215],[2.07096688]
[3.17354273],[0.93862946],[1.98233996]
[3.29351264],[0.94732336],[2.16465669]
[3.33895413],[0.94891943],[2.07105388]
[3.35977778],[0.95509894],[2.26492189]
[3.4872098],[0.95555774],[2.20746571]
[3.49304939],[0.95937389],[2.37156236]
[3.56588782],[0.95921455],[2.29772951]
[3.57856474],[0.96279377],[2.4526908]
[3.64261173],[0.96329011],[2.33580435]
[3.62751115],[0.96660776],[2.50910313]
[3.65545305],[0.96522915],[2.38150259]
[3.6337023],[0.96781478],[2.55608775]
[3.66922807],[0.96577051],[2.39785309]
[3.63994573],[0.96911803],[2.58075421]
[3.66670166],[0.96651627],[2.42933817]
[3.63967823],[0.97000206],[2.59753486]
[3.66752746],[0.96768142],[2.4624425]
[3.65235833],[0.97043152],[2.62478398]
[3.66709211],[0.96969137],[2.58117954]
[3.66016129],[0.96773464],[2.64517917]
[3.66369485],[0.9658054],[2.59641278]
[3.65616217],[0.96326343],[2.53079145]
[3.64074395],[0.96134408],[2.49990088]
[3.63131816],[0.95893664],[2.46711166]
[3.62369242],[0.9541788],[2.43335201]
[3.62026757],[0.94966797],[2.40075053]
[3.61350157],[0.94523606],[2.36506954]
[3.59796125],[0.94080226],[2.34073045]
[3.59482672],[0.93611872],[2.29839478]
[3.58816642],[0.93112281],[2.26826835]
[3.57370096],[0.92508477],[2.23672213]
[3.56526274],[0.91871742],[2.20492748]
[3.56448926],[0.91382614],[2.17375704]
[3.56036534],[0.90965252],[2.15201655]
[3.54487373],[0.90543623],[2.12996777]
[3.53373903],[0.90032507],[2.09049657]
[3.52577113],[0.89385221],[2.06636382]
[3.51581008],[0.88802679],[2.04703112]
[3.53653318],[0.88387692],[2.03376558]
[3.5411782],[0.88200667],[2.01731733]
[2.92259485],[0.88168374],[1.74986276]
[1.33344366],[0.62876587],[0.45155053]
[0.],[0.],[0.]
[1.39646329],[0.29803923],[0.30718598]
[2.31384365],[0.66461644],[1.06369233]
[2.44291976],[0.77730796],[1.37052572]
[2.48169178],[0.85653483],[1.5517653]
[2.59296438],[0.90662627],[1.71746447]
[2.68917837],[0.93563932],[1.8076455]
[2.85222372],[0.94729957],[1.90360818]
[3.13681687],[0.95322042],[2.07299609]
[3.1653931],[0.95846374],[2.05529194]
[3.28595177],[0.9574585],[2.23676097]
[3.33719625],[0.96208341],[2.14968662]
[3.36258717],[0.96625071],[2.33715483]
[3.46794218],[0.97173878],[2.25345039]
[3.49437588],[0.97803934],[2.49433692]
[3.59189957],[0.98347512],[2.42658204]
[3.65547737],[0.9869984],[2.67129366]
[3.74870054],[0.99065706],[2.65429335]
[3.7996764],[1.00388422],[2.82177396]
[3.83557813],[1.01719268],[2.80326609]
[3.87127156],[1.02640727],[2.92338192]
[3.89553004],[1.0386231],[2.8878541]
[3.90868646],[1.04942893],[2.99416456]
[3.89379954],[1.05104073],[2.96140496]
[3.90984767],[1.05129691],[3.03366143]
[3.90572541],[1.05389585],[2.98979154]
[3.91438334],[1.05740443],[3.0541387]
[3.90072352],[1.05777656],[3.0073004]
[3.90967259],[1.05938825],[3.06768253]
[3.900376],[1.06276139],[3.02743073]
[3.92326511],[1.06292746],[3.08479647]
[3.90159295],[1.0692161],[3.07822922]
[3.92944442],[1.06671838],[3.09557443]
[3.8995313],[1.05903171],[3.07562682]
[3.92136265],[1.04786647],[3.04315661]
[3.88797831],[1.0382786],[3.01598035]
[3.88147584],[1.02939964],[2.98815734]
[3.87344633],[1.01471552],[2.95136883]
[3.86856158],[0.99939365],[2.91117678]
[3.86255397],[0.98276334],[2.85831823]
[3.84524875],[0.97311163],[2.80029648]
[3.83887527],[0.96440527],[2.73861348]
[3.83269168],[0.95883268],[2.68011727]
[3.81616617],[0.95165617],[2.6221886]
[3.81465913],[0.94396085],[2.56630093]
[3.81476074],[0.93708757],[2.50763907]
[3.81382146],[0.93181641],[2.45416244]
[3.79843122],[0.92740736],[2.4060672]
[3.79030321],[0.92279494],[2.3394446]
[3.76962075],[0.91861368],[2.29716931]
[3.73575433],[0.91511199],[2.2547004]
[3.73164762],[0.91187456],[2.22510174]
[3.73002967],[0.90801246],[2.20352533]
[3.11369855],[0.905457],[1.91482603]
[1.40902834],[0.83789009],[0.68067109]
[0.],[0.],[0.]
[1.33314131],[0.33333425],[0.34396153]
[2.42331212],[0.7042336],[1.19377722]
[2.52672484],[0.81390817],[1.52471658]
[2.54520309],[0.89240317],[1.67942455]
[2.65023188],[0.93747306],[1.83822055]
[2.98390287],[0.96090855],[2.01594482]
[3.14828351],[0.97252082],[2.09803325]
[3.33448066],[0.98208186],[2.32208446]
[3.45887387],[0.9861747],[2.30158268]
[3.48819351],[0.98928769],[2.57950545]
[3.58173988],[0.99436133],[2.48082167]
[3.64935103],[0.99797403],[2.73361217]
[3.7252033],[1.00490295],[2.71185196]
[3.80550556],[1.02271201],[2.90359617]
[3.85991684],[1.048468],[2.91710066]
[3.95083002],[1.06550509],[3.07257969]
[3.98983619],[1.08173803],[3.10488342]
[4.09927417],[1.09538998],[3.20383]
[4.08497806],[1.10822069],[3.21757446]
[4.16125816],[1.11726701],[3.2883472]
[4.12772969],[1.12866491],[3.28846116]
[4.1782464],[1.1323124],[3.34504483]
[4.11988085],[1.13271761],[3.33074423]
[4.17259516],[1.13346293],[3.36943161]
[4.1275029],[1.13650879],[3.34933741]
[4.17616432],[1.13987276],[3.38995893]
[4.12047066],[1.14064587],[3.36211185]
[4.16981041],[1.14241476],[3.39564145]
[4.1190274],[1.1455698],[3.37218216]
[4.18207093],[1.14615322],[3.40687382]
[4.13140976],[1.15085982],[3.40503224]
[4.18561621],[1.14950357],[3.41958569]
[4.13140474],[1.14285995],[3.38709542]
[4.17812764],[1.13188402],[3.36464264]
[4.13498181],[1.12212048],[3.32565498]
[4.13052912],[1.11283391],[3.29344784]
[4.11855969],[1.09710861],[3.25262602]
[4.11001476],[1.08207419],[3.21165409]
[4.10670317],[1.06699331],[3.17013843]
[4.08872368],[1.05092618],[3.12484355]
[4.07777983],[1.03244975],[3.0760533]
[4.07170331],[1.01552221],[3.03212579]
[4.05368339],[0.99900649],[2.97704852]
[4.04861073],[0.97994967],[2.91683591]
[4.04642356],[0.96568409],[2.84932777]
[4.0485531],[0.95794365],[2.78142793]
[4.0331209],[0.95017494],[2.71529167]
[4.03059981],[0.94203777],[2.64222265]
[4.01463469],[0.93424807],[2.572531]
[3.97512103],[0.92866189],[2.50610162]
[3.94898753],[0.92441292],[2.44818774]
[3.93207762],[0.92032957],[2.40604598]
[3.35578361],[0.91608256],[2.1147159]
[1.44166564],[0.91645811],[0.81173766]
[0.],[0.],[0.]
[1.22171395],[0.35892262],[0.34815341]
[2.42974499],[0.72236224],[1.2409574]
[2.549629],[0.84081762],[1.59092246]
[2.56448642],[0.92175707],[1.75239606]
[2.67111274],[0.9637539],[1.9154162]
[3.08975157],[0.99022724],[2.15683748]
[3.34812653],[1.0031864],[2.26494197]
[3.48733118],[1.01121495],[2.58231383]
[3.65554864],[1.02742513],[2.65577941]
[3.76267068],[1.03678105],[2.90188901]
[3.83755935],[1.0498727],[2.91107596]
[3.92409237],[1.06309611],[3.05772245]
[3.97214747],[1.0744897],[3.07660896]
[4.07616672],[1.09421586],[3.19339886]
[4.10364386],[1.11883675],[3.25503392]
[4.20415566],[1.13559529],[3.37501593]
[4.22872763],[1.15274717],[3.43309893]
[4.31699905],[1.16672771],[3.52215308]
[4.32608356],[1.18027741],[3.55102489]
[4.36020177],[1.19016174],[3.60632326]
[4.34319274],[1.20169813],[3.61590631]
[4.37099369],[1.2064503],[3.66230545]
[4.33463487],[1.20782082],[3.65470668]
[4.36103744],[1.20905934],[3.68389324]
[4.33517659],[1.21312955],[3.67411341]
[4.36235464],[1.21708462],[3.70476713]
[4.32422952],[1.21863453],[3.68715802]
[4.35362114],[1.22086632],[3.7136574]
[4.32036645],[1.22477687],[3.7012104]
[4.36834087],[1.22593253],[3.73328168]
[4.34230018],[1.2301044],[3.73211503]
[4.36972068],[1.229582],[3.75595957]
[4.34168404],[1.22463559],[3.71931902]
[4.36223893],[1.21553034],[3.7065475]
[4.3420354],[1.20801464],[3.66358762]
[4.32924983],[1.20063737],[3.63064864]
[4.31995463],[1.18560417],[3.58258015]
[4.31317096],[1.17148342],[3.53559682]
[4.31067576],[1.15577448],[3.48658937]
[4.29956449],[1.13891087],[3.43340353]
[4.29049239],[1.1196983],[3.37370716]
[4.28748772],[1.10127755],[3.32395442]
[4.27225985],[1.08179229],[3.26923976]
[4.2629645],[1.05454462],[3.21171406]
[4.25466444],[1.02749873],[3.1529997]
[4.25809319],[1.00090704],[3.09146282]
[4.24375015],[0.98291502],[3.02067312]
[4.24841768],[0.96798129],[2.95068583]
[4.24433966],[0.95472537],[2.87748088]
[4.20640407],[0.94710324],[2.79682069]
[4.18407542],[0.94091535],[2.72067358]
[4.15851189],[0.93625006],[2.65418607]
[3.58956116],[0.93192836],[2.34837574]
[1.53031919],[0.97172584],[0.88609688]
[0.],[0.],[0.]
[1.26491165],[0.40198279],[0.39328878]
[2.42105584],[0.7358453],[1.29400781]
[2.54295213],[0.86269546],[1.64224695]
[2.5735026],[0.9405905],[1.80519048]
[2.73438624],[0.98881349],[1.97433]
[3.15319215],[1.01386879],[2.2655506]
[3.45111407],[1.02733416],[2.40385191]
[3.62414784],[1.04853641],[2.7924442]
[3.78482377],[1.08185629],[2.92332613]
[3.90380882],[1.09454216],[3.12350219]
[3.95766117],[1.10740761],[3.14788715]
[4.07556463],[1.11991374],[3.27921843]
[4.10193499],[1.13081541],[3.29873829]
[4.2166878],[1.14592009],[3.42435617]
[4.24583759],[1.16866998],[3.46928186]
[4.34297846],[1.18555786],[3.59632884]
[4.38172746],[1.20168026],[3.65368901]
[4.46453247],[1.21507157],[3.75055428]
[4.49302028],[1.22844479],[3.77590999]
[4.5130725],[1.23843109],[3.83675026]
[4.50087074],[1.24884009],[3.83945452]
[4.51840913],[1.25250746],[3.8920342]
[4.49750682],[1.25387277],[3.87949248]
[4.50925611],[1.25449597],[3.91398445]
[4.49448523],[1.25931462],[3.89762056]
[4.51025982],[1.26297476],[3.93516427]
[4.48674604],[1.26507283],[3.91193999]
[4.50206466],[1.26724707],[3.94551556]
[4.48257214],[1.27066363],[3.92813243]
[4.50907289],[1.27242477],[3.96592438]
[4.50466414],[1.27525887],[3.96243694]
[4.507035],[1.27603155],[3.99351673]
[4.50418844],[1.27268367],[3.96151262]
[4.50138211],[1.26394021],[3.94968936]
[4.50209978],[1.25659616],[3.90901804]
[4.47767023],[1.24794652],[3.87399148]
[4.47326137],[1.23332191],[3.83044066]
[4.46993631],[1.21887179],[3.78441552]
[4.46694637],[1.20386812],[3.73728107]
[4.45674137],[1.18787649],[3.68540683]
[4.44262114],[1.16985742],[3.6246094]
[4.4350269],[1.15263681],[3.57069213]
[4.42232814],[1.13469997],[3.5111828]
[4.4125861],[1.11097371],[3.44678179]
[4.40322311],[1.08462619],[3.3870837]
[4.39836303],[1.05909348],[3.32638482]
[4.38258311],[1.03264008],[3.25783203]
[4.37978775],[1.00327779],[3.18707175]
[4.38200961],[0.98513948],[3.1136483]
[4.35333326],[0.97314953],[3.02721538]
[4.33881612],[0.96654288],[2.95083229]
[4.3114518],[0.96032923],[2.882209]
[3.76049299],[0.95420625],[2.57098171]
[1.68529505],[0.9864581],[0.90424913]
[0.],[0.],[0.]
[1.32334616],[0.44855442],[0.44075382]
[2.40673004],[0.75781063],[1.33806604]
[2.56130069],[0.88923902],[1.69867209]
[2.58667282],[0.96404213],[1.86003773]
[2.8379984],[1.00956907],[2.0609127]
[3.22705152],[1.03127057],[2.44970923]
[3.54139277],[1.0657829],[2.67539981]
[3.74860715],[1.1106632],[3.03341782]
[3.9106949],[1.14075281],[3.17496649]
[4.0223507],[1.1553396],[3.34100249]
[4.06758164],[1.16672532],[3.37730256]
[4.18146019],[1.17828647],[3.49598081]
[4.21069831],[1.18916315],[3.51466244]
[4.29758538],[1.20318793],[3.63633154]
[4.33125794],[1.22440803],[3.67763241]
[4.40373703],[1.24001352],[3.7991319]
[4.44222046],[1.25401937],[3.85116658]
[4.50408925],[1.26623706],[3.94372213]
[4.52936876],[1.2786315],[3.96015267]
[4.54034901],[1.28813206],[4.02454039]
[4.53524674],[1.29655223],[4.01930022]
[4.5437214],[1.2994379],[4.07513508]
[4.52994951],[1.29976125],[4.05408515]
[4.53444934],[1.2999892],[4.0937105]
[4.52824774],[1.30367909],[4.07130763]
[4.53606184],[1.30658802],[4.11323481]
[4.52054151],[1.30828792],[4.08623041]
[4.52847748],[1.31013165],[4.12251835]
[4.51683066],[1.31338496],[4.1022353]
[4.5392565],[1.31484345],[4.14349368]
[4.53956097],[1.31758237],[4.17982641]
[4.54012474],[1.31839645],[4.17783648]
[4.5414182],[1.31481593],[4.19185801]
[4.537568],[1.30760468],[4.14338757]
[4.54395855],[1.30070914],[4.10544488]
[4.51903403],[1.29116192],[4.06948352]
[4.51546981],[1.27780561],[4.01999133]
[4.51239945],[1.26356274],[3.9677637]
[4.51060606],[1.24837401],[3.91405076]
[4.50314889],[1.23296619],[3.8626455]
[4.49219991],[1.21643946],[3.80393946]
[4.48723255],[1.2007878],[3.75259166]
[4.47786847],[1.18352244],[3.694827]
[4.47246439],[1.16362857],[3.63214065]
[4.46486818],[1.14044217],[3.57131645]
[4.46164859],[1.11702078],[3.51061899]
[4.44887741],[1.09249852],[3.44022017]
[4.44581379],[1.06515761],[3.36431883]
[4.44944195],[1.04035526],[3.2998308]
[4.42737449],[1.01918921],[3.22598013]
[4.41568915],[0.99603323],[3.15347084]
[4.39043284],[0.98296712],[3.08163535]
[3.83935864],[0.97316291],[2.76191569]
[1.77998964],[1.0779592],[1.02537705]
[0.],[0.],[0.]
[1.31228072],[0.49164493],[0.46900705]
[2.39586655],[0.77692815],[1.37139261]
[2.57915544],[0.90365483],[1.73901607]
[2.598131],[0.9778017],[1.89545421]
[2.9313418],[1.01870415],[2.13717329]
[3.29343613],[1.05778915],[2.62941319]
[3.62830887],[1.11237002],[2.88469985]
[3.84861914],[1.15702068],[3.19812406]
[4.00549063],[1.18609217],[3.35174461]
[4.10813831],[1.20186225],[3.50967008]
[4.14056714],[1.21209226],[3.54348507]
[4.23149],[1.22208036],[3.65046175]
[4.26004436],[1.23057287],[3.66658802]
[4.33395315],[1.23996711],[3.78030611]
[4.37284136],[1.25665758],[3.82372419]
[4.43754978],[1.26959458],[3.94022771]
[4.48230439],[1.28178896],[3.98232383]
[4.53523392],[1.29313386],[4.07378392]
[4.56559996],[1.30473328],[4.08613651]
[4.56585747],[1.31385624],[4.14902335]
[4.56969913],[1.32134507],[4.14403556]
[4.56941431],[1.32420934],[4.19886795]
[4.56391416],[1.3250257],[4.178268]
[4.56033814],[1.32553486],[4.21670765]
[4.56292769],[1.32974889],[4.19746253]
[4.561952],[1.3327665],[4.2392944]
[4.55533978],[1.33496652],[4.21725912]
[4.5545128],[1.33712523],[4.25935528]
[4.54939257],[1.34098321],[4.25117063]
[4.56679444],[1.34120135],[4.29098911]
[4.57123692],[1.34640131],[4.35153251]
[4.56860578],[1.34294936],[4.34181156]
[4.57293881],[1.34020032],[4.3556822]
[4.56617623],[1.33273551],[4.30918817]
[4.57640108],[1.32675966],[4.27122919]
[4.55007765],[1.3186492],[4.2330215]
[4.54680566],[1.30550997],[4.16939681]
[4.54408525],[1.29079626],[4.10765062]
[4.54278666],[1.27609076],[4.05079011]
[4.53483954],[1.26010938],[3.98793765]
[4.52273787],[1.24250465],[3.91661357]
[4.51781229],[1.22663084],[3.86133397]
[4.50893592],[1.20979473],[3.8052865]
[4.50486145],[1.19079916],[3.7433063]
[4.49809161],[1.16738017],[3.68073669]
[4.49471318],[1.14394414],[3.61878575]
[4.48266426],[1.12008139],[3.5510856]
[4.47713398],[1.09320027],[3.47691776]
[4.48038534],[1.07063853],[3.40777736]
[4.46160293],[1.0491748],[3.32862148]
[4.4511964],[1.02587189],[3.26023618]
[4.42614819],[1.00473946],[3.19804594]
[3.87348213],[0.9871269],[2.87501454]
[1.87348373],[1.14317625],[1.10927044]
[0.],[0.],[0.]
[1.31888366],[0.5033466],[0.48057176]
[2.40380324],[0.7884814],[1.40460513]
[2.59724941],[0.91018369],[1.77422552]
[2.62917057],[0.98597756],[1.93470554]
[2.99963023],[1.02573002],[2.2411622]
[3.32853451],[1.09088931],[2.77660486]
[3.68287153],[1.14290068],[3.04312298]
[3.90571173],[1.18632494],[3.32824935]
[4.05683365],[1.21181994],[3.48417737]
[4.1521913],[1.22669142],[3.6279441]
[4.19088556],[1.23633326],[3.66659971]
[4.26700705],[1.24537805],[3.76563882]
[4.3025694],[1.25356238],[3.78069511]
[4.36940804],[1.26072092],[3.89779957]
[4.41182011],[1.27732017],[3.93716181]
[4.47165634],[1.28986795],[4.04799364]
[4.52235825],[1.30159739],[4.08348787]
[4.56502433],[1.31254032],[4.16840697]
[4.60237851],[1.32378914],[4.18301861]
[4.59225819],[1.33267213],[4.2407804]
[4.60413922],[1.33957598],[4.24075791]
[4.59598905],[1.34313527],[4.30098536]
[4.59856673],[1.34502824],[4.30026455]
[4.58683305],[1.34604859],[4.34188889]
[4.59686524],[1.34930254],[4.33947884]
[4.58849288],[1.35262879],[4.37900766]
[4.58979293],[1.35426118],[4.36594015]
[4.58124889],[1.35518292],[4.4042893]
[4.58342103],[1.35753662],[4.3972633]
[4.59614061],[1.35738626],[4.43553484]
[4.60462495],[1.36243179],[4.47083215]
[4.61587954],[1.35969281],[4.48814138]
[4.61467572],[1.35669478],[4.48113462]
[4.62614392],[1.34937714],[4.46567166]
[4.63484669],[1.34271971],[4.422748]
[4.60238595],[1.33504275],[4.37579888]
[4.58944348],[1.32396051],[4.30337474]
[4.57480851],[1.31023373],[4.23332463]
[4.57402921],[1.29529376],[4.16606915]
[4.5668981],[1.27927367],[4.09303877]
[4.55498855],[1.26200313],[4.02158773]
[4.54888152],[1.24586],[3.95894511]
[4.54028322],[1.22904928],[3.89410666]
[4.53680425],[1.21087559],[3.82876162]
[4.53035472],[1.18941632],[3.76713167]
[4.52672245],[1.16704515],[3.70431725]
[4.51486233],[1.14408108],[3.63678542]
[4.51009846],[1.11943124],[3.56648427]
[4.51044325],[1.10005143],[3.50204317]
[4.49472934],[1.0796675],[3.42359211]
[4.48603249],[1.05690466],[3.34629097]
[4.46057296],[1.03517637],[3.2813511]
[3.90793982],[1.01304907],[2.95948546]
[1.97988522],[1.19652813],[1.26865389]
[0.],[0.],[0.]
[1.32932294],[0.49191851],[0.47483382]
[2.41682156],[0.79657688],[1.44066399]
[2.58705447],[0.92064131],[1.79881168]
[2.68334382],[0.99880137],[1.98702094]
[3.03382887],[1.03788068],[2.35342767]
[3.3647409],[1.12162979],[2.89853179]
[3.7163062],[1.1732418],[3.17330148]
[3.97417566],[1.21547682],[3.44273235]
[4.09984183],[1.24087509],[3.60471884]
[4.2045839],[1.25481957],[3.75396826]
[4.22942984],[1.26377418],[3.78422695]
[4.31668095],[1.27253231],[3.89344821]
[4.33916169],[1.28046618],[3.9086957]
[4.41853106],[1.28747431],[4.02846889]
[4.45070182],[1.30291651],[4.05750324]
[4.51879512],[1.31500205],[4.16633383]
[4.56039298],[1.32649639],[4.19330285]
[4.61135864],[1.33741849],[4.28031538]
[4.6402187],[1.3484867],[4.29880057]
[4.63470677],[1.35712951],[4.37426184]
[4.63729544],[1.36405341],[4.40544558]
[4.63831698],[1.36873757],[4.4752017]
[4.63431907],[1.37072602],[4.47649287]
[4.63670465],[1.371528],[4.51579698]
[4.63149306],[1.37203847],[4.50651197]
[4.65211963],[1.37418201],[4.55722558]
[4.62561817],[1.37437777],[4.52531219]
[4.65496819],[1.37525071],[4.58999412]
[4.63610373],[1.37720853],[4.56383879]
[4.67575997],[1.37674629],[4.6258799]
[4.68530257],[1.38209191],[4.64391406]
[4.68723819],[1.37930817],[4.66646472]
[4.69938206],[1.37681235],[4.66187472]
[4.69230393],[1.37072968],[4.64376398]
[4.70649939],[1.36382977],[4.60510438]
[4.67582336],[1.35597994],[4.55898333]
[4.66758395],[1.3444765],[4.48926379]
[4.65456556],[1.33278251],[4.41486793]
[4.64023347],[1.32104158],[4.34243839]
[4.62003445],[1.30532968],[4.25960341]
[4.59780305],[1.28793843],[4.16759258]
[4.59381724],[1.27179619],[4.09434608]
[4.58632103],[1.25461347],[4.02732138]
[4.57729203],[1.23620444],[3.95087474]
[4.57038433],[1.21646366],[3.88560811]
[4.56558085],[1.19516218],[3.81784717]
[4.55390334],[1.17292094],[3.74649308]
[4.5469066],[1.15206319],[3.67600705]
[4.54337651],[1.13314989],[3.61448817]
[4.53066809],[1.11409712],[3.54267143]
[4.51557305],[1.0941764],[3.4669547]
[4.49252292],[1.07480664],[3.39619185]
[3.96764319],[1.05456335],[3.08052331]
[2.08740932],[1.26245912],[1.45871986]
[0.],[0.],[0.]
[1.36400219],[0.49301637],[0.48078862]
[2.42726346],[0.80490121],[1.46702198]
[2.59988766],[0.92913131],[1.82318885]
[2.74442105],[1.00812807],[2.0501597]
[3.09263616],[1.07254851],[2.49404551]
[3.41194089],[1.15886347],[3.01982218]
[3.76290076],[1.20749446],[3.3214806]
[4.02953843],[1.24870058],[3.56945337]
[4.14804809],[1.27208339],[3.73843383]
[4.24270805],[1.28505694],[3.88945915]
[4.27406865],[1.29369936],[3.92550301]
[4.35335463],[1.30200408],[4.03487015]
[4.37934246],[1.30966873],[4.04540332]
[4.45403658],[1.31699372],[4.16212206]
[4.48818333],[1.33306428],[4.1903443]
[4.55058373],[1.34379183],[4.29306627]
[4.59958576],[1.3547868],[4.33609071]
[4.64963162],[1.36575151],[4.46576286]
[4.67094453],[1.37624437],[4.50260079]
[4.67688353],[1.38402612],[4.58843403]
[4.66697057],[1.3895125],[4.6054052]
[4.6903789],[1.39248211],[4.68397035]
[4.675763],[1.39313069],[4.67059736]
[4.68870059],[1.3924396],[4.71747178]
[4.68537088],[1.39204904],[4.70210043]
[4.69828509],[1.39365687],[4.75461786]
[4.68955913],[1.39447633],[4.72654519]
[4.69820605],[1.3969814],[4.78906641]
[4.69670092],[1.40214202],[4.77590258]
[4.71658477],[1.40486979],[4.86166548]
[4.73251373],[1.41361823],[4.88965287]
[4.72458605],[1.4150658],[4.95758854]
[4.74243146],[1.41249388],[4.95485203]
[4.73459117],[1.40497484],[4.96962352]
[4.76017616],[1.39309482],[4.92648642]
[4.73040094],[1.38106538],[4.87099742]
[4.72604834],[1.36458946],[4.75167576]
[4.71300082],[1.35302217],[4.61998844]
[4.69508603],[1.34205817],[4.52150781]
[4.683724],[1.32979865],[4.44720416]
[4.66698406],[1.31532332],[4.36411083]
[4.651586],[1.29982348],[4.28610296]
[4.63103709],[1.28399416],[4.20310623]
[4.60994935],[1.26548764],[4.10355524]
[4.60421429],[1.24904815],[4.03433695]
[4.59934234],[1.22991229],[3.97216716]
[4.58781299],[1.21292718],[3.89841862]
[4.58138213],[1.19418138],[3.81575834]
[4.57999445],[1.17722457],[3.7566857]
[4.57070723],[1.1606648],[3.69271116]
[4.55771196],[1.14271791],[3.62455913]
[4.53869379],[1.12561184],[3.56206623]
[4.01479757],[1.10785579],[3.24308897]
[2.04754443],[1.32564993],[1.58135714]
[0.],[0.],[0.]
[1.40493223],[0.49687615],[0.4914406]
[2.43879355],[0.81313672],[1.49376817]
[2.6141041],[0.93803202],[1.8471314]
[2.84624168],[1.01534351],[2.14619841]
[3.16249262],[1.10068762],[2.61153665]
[3.46020654],[1.18606575],[3.11527287]
[3.81111169],[1.23278092],[3.43422685]
[4.08667166],[1.27444778],[3.67761051]
[4.19485535],[1.29805681],[3.84857849]
[4.28134016],[1.30988337],[4.00534808]
[4.31412452],[1.31856175],[4.03833302]
[4.38988062],[1.32721696],[4.14687132]
[4.4201411],[1.33543673],[4.15802141]
[4.48677579],[1.34387634],[4.27182544]
[4.52617521],[1.3593023],[4.30275208]
[4.58280549],[1.3689215],[4.43988591]
[4.63946846],[1.37907865],[4.52910079]
[4.69346081],[1.38922167],[4.65341869]
[4.70051855],[1.39998929],[4.68525859]
[4.7041081],[1.40776537],[4.76588034]
[4.71127557],[1.41427043],[4.7991878]
[4.71544034],[1.41980287],[4.89212705]
[4.71721717],[1.42416433],[4.89135227]
[4.71539954],[1.42736499],[4.991313]
[4.7338531],[1.43076562],[4.992538]
[4.73706075],[1.43590738],[5.12039229]
[4.7591204],[1.44027667],[5.09076427]
[4.75452932],[1.44477603],[5.23507384]
[4.78110417],[1.45153014],[5.21799346]
[4.7883461],[1.45546645],[5.37041474]
[4.81627424],[1.46441034],[5.40917042]
[4.80643874],[1.46693365],[5.49920495]
[4.83488655],[1.46566582],[5.50769102]
[4.81952761],[1.45674647],[5.52090644]
[4.84660322],[1.44204223],[5.46530325]
[4.81574664],[1.42740207],[5.39178785]
[4.81341024],[1.40969798],[5.25252265]
[4.80913514],[1.39351701],[5.07301091]
[4.79111042],[1.37712014],[4.87689664]
[4.76398617],[1.35969102],[4.72981846]
[4.7327031],[1.34143016],[4.58140143]
[4.70446858],[1.32804479],[4.47982165]
[4.68666358],[1.3137312],[4.3912466]
[4.67718295],[1.29554487],[4.3034857]
[4.66852076],[1.27808287],[4.2316949]
[4.66043873],[1.26061242],[4.15469375]
[4.64228305],[1.24403754],[4.06205286]
[4.63097156],[1.22525842],[3.9612338]
[4.62946637],[1.20742656],[3.88059227]
[4.62055816],[1.19131017],[3.81692028]
[4.61019007],[1.17398622],[3.74853282]
[4.5915744],[1.15804947],[3.68647999]
[4.0643398],[1.14109959],[3.36614722]
[1.97682552],[1.35875025],[1.64637441]
[0.],[0.],[0.]
[1.44668659],[0.49647987],[0.50268093]
[2.45059338],[0.82101996],[1.52748367]
[2.60105234],[0.95328871],[1.8677395]
[2.94393083],[1.02583388],[2.29689555]
[3.23034648],[1.12919524],[2.75634731]
[3.51094505],[1.21515884],[3.21723692]
[3.83594414],[1.26169782],[3.53742957]
[4.1461724],[1.30177048],[3.80003869]
[4.22955978],[1.32666475],[3.97210362]
[4.3287702],[1.33707119],[4.14664142]
[4.35321783],[1.34494049],[4.17452003]
[4.43828598],[1.35456569],[4.29006632]
[4.46094018],[1.36353849],[4.29814124]
[4.53460921],[1.37130382],[4.45826264]
[4.57218087],[1.39319182],[4.54380317]
[4.6632004],[1.40887667],[4.72459792]
[4.70439681],[1.42219076],[4.82608576]
[4.74859561],[1.43359883],[4.9807652]
[4.77755224],[1.44552584],[5.03883636]
[4.77915512],[1.45480374],[5.1901644]
[4.80399991],[1.46276617],[5.23701392]
[4.80286824],[1.46976251],[5.4261877]
[4.82620185],[1.47560612],[5.43958396]
[4.81507141],[1.47938321],[5.56796172]
[4.84670918],[1.48271396],[5.57661158]
[4.8323735],[1.48731357],[5.69619988]
[4.86464947],[1.49227586],[5.68806027]
[4.8448118],[1.4970874],[5.79837313]
[4.87668277],[1.50386641],[5.81821298]
[4.87122583],[1.508655],[5.92658816]
[4.91120394],[1.51971286],[6.00785167]
[4.88410967],[1.52822606],[6.08128108]
[5.0999131],[1.54013924],[6.18499696]
[4.9974497],[1.53788981],[6.17348265]
[5.1962909],[1.52214475],[6.24785547]
[5.05035182],[1.50238065],[6.12945386]
[4.99083111],[1.47072187],[6.00336711]
[4.96836343],[1.45336166],[5.79785228]
[4.89619546],[1.43829766],[5.58920689]
[4.87382061],[1.42291881],[5.38998168]
[4.85705658],[1.40440059],[5.19687746]
[4.84128404],[1.38621995],[5.01236219]
[4.82375121],[1.36802517],[4.84489972]
[4.80636642],[1.34495953],[4.70611786]
[4.78722062],[1.32342674],[4.57810765]
[4.76559863],[1.29948195],[4.47109447]
[4.73729017],[1.27891226],[4.35975546]
[4.71517334],[1.26010525],[4.21612555]
[4.70585976],[1.2434201],[4.09344484]
[4.69271504],[1.2272261],[3.99782018]
[4.66342088],[1.20963008],[3.90135786]
[4.64516196],[1.19389688],[3.82914528]
[4.13884449],[1.17772803],[3.51618601]
[1.9399316],[1.38001745],[1.76684559]
[0.],[0.],[0.]
[1.50061188],[0.50017453],[0.51843084]
[2.4631128],[0.8292025],[1.55513283]
[2.61565088],[0.96440968],[1.89880771]
[3.01525868],[1.03472727],[2.45402939]
[3.29232303],[1.16353775],[2.91469839]
[3.5622645],[1.24758398],[3.33535007]
[3.88583999],[1.29360589],[3.66683686]
[4.18591843],[1.33039645],[3.9483331]
[4.26833178],[1.35648427],[4.12414655]
[4.36650061],[1.36508001],[4.32311501]
[4.3944798],[1.37339185],[4.35764862]
[4.47658997],[1.38975125],[4.51129625]
[4.50797785],[1.4087505],[4.60052675]
[4.58757153],[1.42500707],[4.81294972]
[4.65907998],[1.445429],[4.94926994]
[4.75043063],[1.46231841],[5.1547237]
[4.83048196],[1.47631372],[5.29617901]
[4.85091312],[1.48850596],[5.56410626]
[4.89635536],[1.50082977],[5.64142024]
[4.87422853],[1.51005552],[5.79699711]
[4.91309285],[1.51817984],[5.8627725]
[4.89018573],[1.52494101],[5.99468801]
[4.92717651],[1.53091257],[6.04980177]
[4.89959734],[1.54590967],[6.14948288]
[5.00856835],[1.55346394],[6.22019238]
[5.08865022],[1.56739254],[6.34071672]
[5.17147646],[1.57149575],[6.42220363]
[5.21642505],[1.58522489],[6.56169798]
[5.28668169],[1.59584099],[6.69446931]
[5.34945067],[1.60969412],[6.85769797]
[5.44335577],[1.62075202],[7.0254612]
[5.46342859],[1.63308679],[7.13342946]
[5.51923325],[1.64509125],[7.24083836]
[5.54775036],[1.66291227],[7.30639743]
[5.57371737],[1.65961889],[7.32821745]
[5.61748186],[1.63769697],[7.32864059]
[5.57169345],[1.60241378],[7.20094697]
[5.57567858],[1.55213538],[7.01791345]
[5.57422872],[1.51535054],[6.75416086]
[5.52781262],[1.48163373],[6.46604386]
[5.4220992],[1.46499078],[6.16311951]
[5.29220178],[1.44963236],[5.86747012]
[5.13428712],[1.43278735],[5.61224891]
[4.93430801],[1.41212592],[5.38626281]
[4.92069739],[1.39332788],[5.21844351]
[4.9041136],[1.37306509],[5.04499116]
[4.88040512],[1.3509723],[4.87273838]
[4.86634568],[1.3263038],[4.72237798]
[4.8473205],[1.30437166],[4.55288786]
[4.81958535],[1.28276642],[4.40709543]
[4.79326576],[1.26025482],[4.22929318]
[4.74526378],[1.2384791],[4.07067869]
[4.20156517],[1.2210183],[3.69777727]
[1.9415545],[1.41600266],[2.07720118]
[0.],[0.],[0.]
[1.51869292],[0.50814481],[0.55193479]
[2.47532884],[0.84161049],[1.58621638]
[2.63174509],[0.97289349],[1.93106422]
[3.07596551],[1.05943214],[2.56394855]
[3.34135364],[1.18869683],[3.02751117]
[3.61420481],[1.27305173],[3.43080963]
[3.9578373],[1.32085002],[3.79064213]
[4.2282797],[1.35588621],[4.09125162]
[4.31612691],[1.38866005],[4.2921598]
[4.40713209],[1.40431463],[4.53377455]
[4.44187122],[1.42301756],[4.660522]
[4.53022432],[1.44115213],[4.87473828]
[4.62079298],[1.4600728],[5.01564984]
[4.73524624],[1.47905816],[5.25105426]
[4.81945563],[1.50470923],[5.43609881]
[4.85570783],[1.52007476],[5.75089872]
[4.93381448],[1.53818614],[5.92041451]
[5.0603216],[1.55871211],[6.15758844]
[5.24921898],[1.56799376],[6.30156021]
[5.29061748],[1.59503545],[6.47359278]
[5.35404154],[1.60194528],[6.63941229]
[5.3974497],[1.62850704],[6.87873738]
[5.44480682],[1.64001879],[7.05851449]
[5.47482898],[1.6654702],[7.23656454]
[5.52691475],[1.67816758],[7.35065908]
[5.5553492],[1.68975078],[7.51471618]
[5.60067121],[1.70327529],[7.58055537]
[5.6626461],[1.72033678],[7.7761526]
[5.68174929],[1.74654541],[7.84636906]
[5.9225789],[1.76678752],[8.13511209]
[5.98029623],[1.79085495],[8.27246938]
[6.09045666],[1.80647334],[8.49759255]
[6.13839066],[1.82147839],[8.58783809]
[6.20307284],[1.8337061],[8.70627091]
[6.25382065],[1.83456055],[8.73070266]
[6.25872495],[1.81520659],[8.72890681]
[6.26713186],[1.78533845],[8.64518799]
[6.25050449],[1.74127382],[8.46880676]
[6.25057473],[1.69374409],[8.21960821]
[6.23302883],[1.64442862],[7.89483249]
[6.14108543],[1.57499761],[7.49625569]
[5.95421566],[1.53376114],[7.08902088]
[5.67811051],[1.49998619],[6.73098094]
[5.63994917],[1.47734135],[6.43628583]
[5.58872309],[1.46010712],[6.14053593]
[5.51500864],[1.43886503],[5.88348209]
[5.40502569],[1.41727097],[5.62646881]
[5.20970257],[1.39394957],[5.35604509]
[5.03368722],[1.37225068],[5.13316681]
[4.96658397],[1.35017145],[4.89535524]
[4.9556933],[1.32743315],[4.70388309]
[4.93099646],[1.30609196],[4.55021499]
[4.39451489],[1.28371467],[4.11492696]
[2.10644513],[1.45557077],[2.38731848]
[0.0871131],[0.79471822],[0.04580847]
[1.54504644],[0.52130236],[0.6003725]
[2.48828257],[0.85596466],[1.61979036]
[2.76196919],[0.98118537],[2.0004766]
[3.12917548],[1.08547122],[2.66471826]
[3.39063532],[1.21282931],[3.14057941]
[3.67420277],[1.30155047],[3.55016848]
[4.03196384],[1.35931483],[3.96328877]
[4.27532579],[1.40184769],[4.31984423]
[4.38492751],[1.43636391],[4.61936291]
[4.48892414],[1.45290822],[4.9286922]
[4.57442677],[1.47202476],[5.07648085]
[4.71432757],[1.49089407],[5.30712943]
[4.81501874],[1.52362763],[5.51897281]
[4.84977055],[1.55080827],[5.8775564]
[4.92879008],[1.58011388],[6.0903599]
[4.96491393],[1.61300011],[6.36895091]
[5.31358442],[1.64255159],[6.66969854]
[5.4895544],[1.66990724],[7.02233397]
[5.61428978],[1.68808684],[7.35404322]
[5.64368707],[1.7146507],[7.58945495]
[5.67729357],[1.73295468],[7.75235885]
[5.89107259],[1.75818298],[8.06199151]
[5.92546117],[1.78500327],[8.21623131]
[6.078383],[1.80970751],[8.5876477]
[6.13248214],[1.83318685],[8.67850553]
[6.19671455],[1.84500736],[8.93422047]
[6.2653849],[1.85837653],[9.0086746]
[6.28323971],[1.87175745],[9.20580348]
[6.34680768],[1.89106504],[9.2851485]
[6.35735687],[1.90663171],[9.49635555]
[6.50236451],[1.92383953],[9.68530357]
[6.56245776],[1.93661926],[9.85705348]
[6.71642047],[1.94584995],[10.0801351]
[6.76440192],[1.95579737],[10.17330681]
[6.86396473],[1.95661531],[10.29766769]
[6.88285887],[1.94159064],[10.29632465]
[6.89243743],[1.91608329],[10.260814]
[6.87599597],[1.88086545],[10.07598028]
[6.85703833],[1.8419008],[9.81615134]
[6.84671224],[1.80172584],[9.49057865]
[6.80968933],[1.7542629],[9.05722306]
[6.63239954],[1.7044741],[8.57155628]
[6.40605254],[1.64940959],[8.15620755]
[6.35080351],[1.58056083],[7.79027902]
[6.28151179],[1.53166212],[7.44235435]
[6.18683068],[1.49910385],[7.07981444]
[6.04149892],[1.47828212],[6.70827393]
[5.86540525],[1.45422705],[6.36654634]
[5.78236747],[1.43418239],[6.08583897]
[5.71102039],[1.41416546],[5.7738082]
[5.62053824],[1.3930117],[5.42749597]
[5.4885238],[1.37158265],[5.12698616]
[4.6974123],[1.34922572],[4.57926546]
[2.33588116],[1.49158716],[2.68512666]
[0.3800417],[0.92220606],[0.27121986]
[1.56698864],[0.52790728],[0.63990389]
[2.49935165],[0.87169486],[1.65425905]
[2.87812468],[0.99664427],[2.09803947]
[3.18844193],[1.12525049],[2.80509094]
[3.43138531],[1.26212276],[3.31851378]
[3.83007395],[1.35652103],[3.81375872]
[4.10560538],[1.41678591],[4.2355516]
[4.37613731],[1.46120213],[4.74554423]
[4.5264871],[1.49568759],[5.07181727]
[4.67882686],[1.51250412],[5.42492981]
[4.78108226],[1.54794792],[5.68141835]
[4.84266812],[1.57319868],[6.06812534]
[4.93328427],[1.60849994],[6.30903965]
[4.98257677],[1.6378357],[6.59755176]
[5.27475262],[1.68118931],[6.89524368]
[5.4583273],[1.74082923],[7.24974728]
[5.60772402],[1.77694225],[7.67920478]
[5.90666891],[1.80940247],[8.14703164]
[6.16286534],[1.8375889],[8.49366093]
[6.27214002],[1.85991523],[8.96626516]
[6.33430925],[1.88270022],[9.1483825]
[6.34248718],[1.90146884],[9.46585859]
[6.41595779],[1.9230383],[9.64845189]
[6.49687548],[1.94230315],[9.94364621]
[6.65652707],[1.95879331],[10.17305895]
[6.72399547],[1.96949974],[10.43846503]
[6.82156186],[1.98307747],[10.6017175]
[6.87339819],[1.99496531],[10.82274632]
[6.94097313],[2.00848524],[10.95656684]
[6.98848058],[2.02100244],[11.15812401]
[7.01849199],[2.03495276],[11.30691201]
[7.07413269],[2.04580761],[11.47067572]
[7.11096132],[2.05366788],[11.61037821]
[7.26140821],[2.05925062],[11.7656275]
[7.30352632],[2.05875776],[11.82597903]
[7.45128239],[2.04794345],[11.9893198]
[7.40909654],[2.02830801],[11.93623397]
[7.44241686],[2.0017365],[11.90613903]
[7.39173776],[1.96981439],[11.64490529]
[7.3659062],[1.9367807],[11.31970242]
[7.34897065],[1.89907167],[10.90184506]
[7.30810232],[1.86115152],[10.41081163]
[7.1028958],[1.81978248],[9.90652295]
[7.02763101],[1.77179705],[9.45059667]
[6.93143611],[1.71696278],[8.9942399]
[6.80862588],[1.65127037],[8.52546825]
[6.62303619],[1.57495751],[8.09822772]
[6.47531605],[1.5192354],[7.73377807]
[6.43435739],[1.50077699],[7.39999564]
[6.36970747],[1.48024624],[7.05977702]
[6.28989964],[1.45978146],[6.59697254]
[6.15881046],[1.44023589],[6.10223576]
[5.43665117],[1.42013825],[5.44250289]
[2.5183717],[1.52558903],[2.99818885]
[0.58747545],[1.01902476],[0.4560728]
[1.58594367],[0.53220858],[0.67173128]
[2.51719919],[0.89487255],[1.70442995]
[2.97591671],[1.0145904],[2.27102889]
[3.24821111],[1.1872156],[3.05595738]
[3.61988413],[1.33952508],[3.63673861]
[3.96137273],[1.42595849],[4.16983579]
[4.19091898],[1.50342416],[4.72998029]
[4.52791709],[1.54536632],[5.28339104]
[4.73601316],[1.57931959],[5.66054212]
[4.81674363],[1.60316178],[6.19353791]
[4.91793754],[1.63459083],[6.51102302]
[4.9546399],[1.65617618],[6.79721593]
[5.21759735],[1.70374247],[7.10113434]
[5.40007786],[1.76628419],[7.47190222]
[5.56170063],[1.81101843],[7.8957533]
[5.6837479],[1.86109901],[8.32964372]
[6.06151939],[1.89906962],[8.75201624]
[6.28255259],[1.93258145],[9.40442062]
[6.51090956],[1.95593025],[9.83766588]
[6.79167658],[1.97423015],[10.31369796]
[6.91741432],[1.99490446],[10.71718747]
[6.96106694],[2.01187335],[11.04774092]
[7.01392772],[2.0308589],[11.3146176]
[7.04634179],[2.04829494],[11.59867408]
[7.09772512],[2.0623128],[11.79117934]
[7.17678177],[2.07327745],[12.0805952]
[7.19946564],[2.08608822],[12.20035604]
[7.39424409],[2.09550622],[12.55581774]
[7.43015972],[2.10596105],[12.65019136]
[7.56760426],[2.11648083],[12.97348279]
[7.61284642],[2.12820093],[13.11665884]
[7.6763306],[2.13436182],[13.32818647]
[7.71764259],[2.14221396],[13.46952982]
[7.76201739],[2.14583409],[13.59299873]
[7.84875858],[2.14401909],[13.68065541]
[7.87691238],[2.13383926],[13.73115113]
[7.96225021],[2.11735825],[13.7777118]
[7.90017122],[2.09780537],[13.69147006]
[7.93632562],[2.07089692],[13.60174004]
[7.87680024],[2.04373333],[13.25151192]
[7.86676955],[2.0137379],[12.85518004]
[7.85822167],[1.9838586],[12.44333353]
[7.80494831],[1.95204813],[11.95499632]
[7.72283646],[1.91276863],[11.44034202]
[7.59977266],[1.86914314],[10.90161269]
[7.40987742],[1.8191521],[10.31611553]
[7.20790885],[1.75036313],[9.80435061]
[7.1683046],[1.66958112],[9.34991963]
[7.1126121],[1.61362517],[8.93868784]
[7.02564183],[1.55480877],[8.50119404]
[6.91576861],[1.52431873],[8.04885852]
[6.74876963],[1.50591646],[7.52935207]
[6.06487537],[1.48759404],[6.65447303]
[2.69278532],[1.56922337],[3.28896448]
[0.79029725],[1.08210388],[0.61031174]
[1.60671385],[0.55264796],[0.72405563]
[2.54965813],[0.91602191],[1.76033637]
[3.08748584],[1.03146215],[2.46345031]
[3.31267014],[1.23094175],[3.24240779]
[3.75524061],[1.40096335],[3.88688002]
[4.03793923],[1.49791101],[4.48896825]
[4.28435284],[1.57573023],[5.11557634]
[4.63292716],[1.61133428],[5.70482088]
[4.84155683],[1.64266585],[6.28754645]
[4.87937821],[1.68373685],[6.79793467]
[4.9967732],[1.73267053],[7.1391812]
[5.15657879],[1.78648264],[7.50616964]
[5.42692193],[1.8362741],[7.98246897]
[5.54924619],[1.89063035],[8.40566816]
[5.67411007],[1.93127409],[8.79810722]
[6.06377568],[1.97498284],[9.42910811]
[6.31755657],[2.01415422],[9.99201352]
[6.4368307],[2.04201462],[10.52651112]
[6.89815684],[2.06243005],[11.17141308]
[7.05936911],[2.07839503],[11.77599301]
[7.14533709],[2.09532523],[12.19375511]
[7.28021816],[2.10979914],[12.56765365]
[7.28249455],[2.12653157],[12.77554181]
[7.47662593],[2.14101545],[13.29292219]
[7.52710913],[2.15293928],[13.54276552]
[7.61870077],[2.16321867],[13.88990796]
[7.67872707],[2.17502628],[14.08865004]
[7.71118218],[2.18231667],[14.35122567]
[7.78021239],[2.18980333],[14.52474255]
[7.84613662],[2.19680756],[14.74622586]
[8.05130125],[2.20710271],[15.02709134]
[8.09527451],[2.21134994],[15.20449861]
[8.20608645],[2.2179549],[15.50468351]
[8.23433409],[2.22220013],[15.61025074]
[8.31053936],[2.22222756],[15.76899267]
[8.35136014],[2.21054986],[15.80353281]
[8.39544023],[2.19681135],[15.83169103]
[8.3776234],[2.17906669],[15.74517079]
[8.38910965],[2.15770439],[15.62906067]
[8.39207734],[2.13670394],[15.38826827]
[8.34890127],[2.11211978],[14.98665209]
[8.34737776],[2.08785126],[14.57592304]
[8.33667217],[2.06184033],[14.09947899]
[8.18967096],[2.03305973],[13.4983193]
[7.95269596],[2.00066116],[12.84055389]
[7.8516603],[1.96490274],[12.25455346]
[7.76403007],[1.91194392],[11.72246866]
[7.66696783],[1.84982027],[11.16473141]
[7.53122699],[1.79592708],[10.6060436]
[7.30538317],[1.73903071],[9.99730831]
[7.2490713],[1.68593864],[9.49838933]
[7.20302534],[1.63135938],[9.03864594]
[6.57978728],[1.56522865],[8.10663917]
[2.79366117],[1.63201953],[3.49433756]
[0.97451372],[1.11503163],[0.76570113]
[1.62796444],[0.57198261],[0.77642171]
[2.5748362],[0.9342442],[1.82602972]
[3.18689739],[1.05328875],[2.6118956]
[3.43189156],[1.25895231],[3.39993556]
[3.86624683],[1.44765611],[4.08750483]
[4.10037419],[1.5483596],[4.77267943]
[4.41682162],[1.61794478],[5.40838685]
[4.71656992],[1.65427575],[6.11780536]
[4.92937712],[1.68549562],[6.73833196]
[4.93211145],[1.76445315],[7.19346803]
[5.17695165],[1.81783702],[7.71197935]
[5.36385009],[1.8693679],[8.20517756]
[5.5675024],[1.92003741],[8.64749691]
[5.64651896],[1.96689167],[9.04838302]
[5.96827393],[2.00944638],[9.59456084]
[6.24920928],[2.05004099],[10.31352111]
[6.46311606],[2.08930891],[10.85761283]
[6.81528717],[2.11497952],[11.5555877]
[7.08017944],[2.1346084],[12.25672689]
[7.33930747],[2.14990555],[12.85575309]
[7.53031038],[2.16609887],[13.48168495]
[7.63207451],[2.1795145],[14.03771127]
[7.7077512],[2.19500562],[14.33907739]
[7.74140511],[2.21197946],[14.69822257]
[7.83625236],[2.23247788],[15.03677838]
[8.01920727],[2.25020389],[15.39170973]
[8.13726856],[2.26751686],[15.78349297]
[8.23077738],[2.27637205],[16.10841907]
[8.30302558],[2.29408276],[16.44075764]
[8.38373773],[2.30537582],[16.69076397]
[8.44014089],[2.32346503],[16.95361505]
[8.48112472],[2.34120096],[17.12508855]
[8.50757103],[2.36349771],[17.34382828]
[8.56297063],[2.37819535],[17.47669794]
[8.60654915],[2.40204859],[17.59538474]
[8.82348616],[2.41346604],[17.77593943]
[8.87737561],[2.38904816],[17.77994837]
[8.9871329],[2.3602616],[17.82913352]
[9.02205043],[2.31784299],[17.65286084]
[9.01501983],[2.25617329],[17.46637694]
[8.98412239],[2.18802691],[17.02246229]
[8.94517963],[2.16253529],[16.54423054]
[8.90266881],[2.13967921],[15.99022504]
[8.60978555],[2.11447114],[15.27198119]
[8.5103071],[2.08573314],[14.63861453]
[8.37272222],[2.0530464],[14.01045604]
[8.12559615],[2.01173455],[13.32041732]
[7.95611025],[1.96347472],[12.60476473]
[7.9082416],[1.91638325],[12.05438662]
[7.83476],[1.86522217],[11.52295996]
[7.7507696],[1.80820065],[10.87297729]
[7.62911024],[1.74913218],[10.237853]
[6.85048475],[1.69671823],[9.15518645]
[2.92504837],[1.67273454],[3.69865238]
[1.09741229],[1.1599538],[0.94104759]
[1.63022633],[0.58542067],[0.80577299]
[2.57204976],[0.9539228],[1.88892153]
[3.23101782],[1.08150285],[2.71620296]
[3.57740694],[1.29275798],[3.55326493]
[3.92196685],[1.49359234],[4.28969849]
[4.17083647],[1.5967053],[5.01979988]
[4.53274455],[1.65899169],[5.68635141]
[4.77946341],[1.6958642],[6.49806655]
[4.98563276],[1.76426481],[7.11924696]
[5.10018235],[1.84089537],[7.62795876]
[5.37018962],[1.89693202],[8.30661874]
[5.49857178],[1.94738686],[8.78886575]
[5.64530132],[1.99535936],[9.21509418]
[5.93660147],[2.04029084],[9.8319205]
[6.20864896],[2.08109094],[10.43662894]
[6.35581285],[2.11477081],[11.05585978]
[6.77550717],[2.14867109],[11.81106201]
[6.99946574],[2.17147346],[12.53232629]
[7.16568159],[2.18938767],[13.16380643]
[7.59230797],[2.20816143],[14.0631318]
[7.77630922],[2.23034133],[14.71623252]
[7.7966967],[2.24910618],[15.23354371]
[7.99590529],[2.27088417],[15.64973965]
[8.17720299],[2.28968601],[16.0698884]
[8.3159893],[2.32319047],[16.54870426]
[8.43314347],[2.34910103],[16.94590656]
[8.49037235],[2.39208424],[17.34214925]
[8.54375469],[2.41805256],[17.64610104]
[8.57126244],[2.42990436],[17.92850014]
[8.78081829],[2.44122095],[18.21639264]
[8.88426206],[2.4583234],[18.46187623]
[9.04826181],[2.47748558],[18.8188222]
[9.11733979],[2.50784749],[19.06923605]
[9.18063586],[2.5246323],[19.35986899]
[9.2256012],[2.55531424],[19.51384569]
[9.24772958],[2.55773257],[19.63968391]
[9.28214326],[2.54324564],[19.64397811]
[9.28498264],[2.51877274],[19.63219814]
[9.47378628],[2.47690584],[19.54924408]
[9.33266419],[2.42803802],[19.27655596]
[9.37458945],[2.36844133],[18.91444757]
[9.28958425],[2.30012092],[18.42054438]
[9.26702059],[2.23268134],[17.86607478]
[9.22862987],[2.17528983],[17.26682332]
[9.0857488],[2.15074863],[16.55152158]
[8.85207914],[2.12032698],[15.6914971]
[8.59068817],[2.08307081],[14.91418202]
[8.49259006],[2.04235949],[14.24835203]
[8.36075953],[2.00397848],[13.61458177]
[8.17067447],[1.9613955],[12.90040845]
[8.0035729],[1.91136584],[12.15975467]
[7.96489971],[1.85382729],[11.5300365]
[7.34499224],[1.79633254],[10.50050348]
[3.53824133],[1.7145091],[4.08878192]
[1.18150651],[1.1981152],[1.13475059]
[1.6517136],[0.60321609],[0.85160411]
[2.58154289],[0.97367728],[1.97038565]
[3.36140978],[1.12147955],[2.91832745]
[3.69932468],[1.34884876],[3.74635225]
[4.00072512],[1.54274229],[4.54605899]
[4.34421395],[1.64111433],[5.31162855]
[4.65256332],[1.69700244],[6.02059935]
[4.83731691],[1.73296775],[6.86829738]
[5.1342806],[1.83395891],[7.52143325]
[5.31886412],[1.9120052],[8.25536683]
[5.51717704],[1.97219446],[8.8947312]
[5.59835085],[2.02161277],[9.34675394]
[5.7854949],[2.06978119],[9.85285583]
[6.16415559],[2.10799569],[10.63281161]
[6.37650299],[2.14674613],[11.24602868]
[6.64185335],[2.17756816],[11.95967141]
[6.99908032],[2.21418804],[12.80967046]
[7.13845159],[2.25100712],[13.46640039]
[7.51371909],[2.27621179],[14.32999069]
[7.76515911],[2.29625779],[15.23766846]
[8.01738442],[2.3179612],[15.91781205]
[8.18886125],[2.34798791],[16.60441173]
[8.36514393],[2.38776745],[17.19966231]
[8.48113672],[2.42171343],[17.58748823]
[8.56104217],[2.46697619],[18.02744715]
[8.81902858],[2.49635453],[18.44846322]
[8.94529527],[2.55058074],[18.84416126]
[9.14282702],[2.55813472],[19.32867419]
[9.2052027],[2.58515573],[19.62825517]
[9.29672546],[2.58873321],[20.06599397]
[9.35933231],[2.61119127],[20.35350911]
[9.39055165],[2.62974425],[20.64848503]
[9.47283369],[2.65460424],[20.89210793]
[9.52027706],[2.66817262],[21.09181438]
[9.77095818],[2.69339828],[21.36768562]
[9.85011511],[2.69658255],[21.48027476]
[9.93545349],[2.67983433],[21.65324504]
[9.99457577],[2.6530919],[21.58157984]
[10.01751767],[2.60992379],[21.57348486]
[10.04520913],[2.56470593],[21.34536043]
[10.00081994],[2.512873],[21.05775701]
[10.00503083],[2.45908244],[20.52055813]
[9.96426996],[2.40295289],[19.95835524]
[9.9416118],[2.34859043],[19.27770092]
[9.87048619],[2.29214822],[18.53578079]
[9.46182168],[2.23076539],[17.63397186]
[9.2257021],[2.16894377],[16.90106039]
[9.01480813],[2.10639756],[16.02976809]
[8.72316865],[2.07088666],[15.18021245]
[8.63593967],[2.03429541],[14.46304451]
[8.56420808],[1.99257392],[13.77282058]
[8.45563606],[1.9415938],[12.98437801]
[7.71385659],[1.88786257],[11.81045796]
[3.86166454],[1.75735721],[4.61628977]
[1.30008342],[1.24561617],[1.31199852]
[1.67233019],[0.62854574],[0.91607575]
[2.59342649],[0.99127228],[2.05069944]
[3.45655806],[1.16206079],[3.09857365]
[3.79692304],[1.39243434],[3.94689704]
[4.06995816],[1.58367792],[4.80691905]
[4.47757605],[1.67510076],[5.58951213]
[4.75254848],[1.72756301],[6.42143521]
[4.88752772],[1.80364749],[7.22417506]
[5.3334378],[1.9034695],[8.05160614]
[5.4689214],[1.98162358],[8.81079878]
[5.6285422],[2.04392803],[9.40217749]
[5.75562426],[2.08798383],[9.98387087]
[6.1298812],[2.13374004],[10.71484939]
[6.3070291],[2.17055338],[11.36526992]
[6.632541],[2.21090885],[12.13061199]
[6.9175516],[2.25618162],[12.99414086]
[7.15025757],[2.30883185],[13.76831827]
[7.47142399],[2.34840847],[14.71165402]
[7.76809627],[2.3780802],[15.59939819]
[7.88830763],[2.42171426],[16.38983121]
[8.3662775],[2.46139853],[17.35717108]
[8.45076856],[2.49592336],[18.04037307]
[8.57094172],[2.53900244],[18.63523336]
[8.84721669],[2.56526713],[19.12283758]
[9.00645714],[2.61660683],[19.57190195]
[9.21814108],[2.63789827],[20.18246794]
[9.34327344],[2.68262334],[20.62707679]
[9.39343351],[2.69441254],[21.10348271]
[9.47997445],[2.72098915],[21.47357357]
[9.58838729],[2.74861898],[21.81454805]
[9.85471287],[2.77826121],[22.31511369]
[9.97215649],[2.79548383],[22.63139868]
[10.07118788],[2.81921777],[23.06626965]
[10.15178871],[2.83272112],[23.31436719]
[10.17726439],[2.85463837],[23.6333747]
[10.30200798],[2.85200552],[23.75586389]
[10.37453848],[2.83095468],[23.83718924]
[10.48352848],[2.79875197],[23.82126808]
[10.56909754],[2.7582075],[23.76440919]
[10.64586269],[2.71511385],[23.64285962]
[10.60817548],[2.65893495],[23.27740936]
[10.56840676],[2.59981259],[22.80179122]
[10.56125126],[2.54251937],[22.16817524]
[10.50494622],[2.49118966],[21.49478749]
[10.47934525],[2.44895757],[20.81515078]
[10.34223886],[2.40419726],[20.00016996]
[10.00774932],[2.35442481],[19.03340044]
[9.72179258],[2.29253069],[18.06882689]
[9.3735181],[2.22038097],[17.2348974]
[9.18935231],[2.11338546],[16.43080391]
[8.90074472],[2.06818318],[15.45151088]
[8.79601484],[2.0260927],[14.51803022]
[8.14040743],[1.98328847],[13.30676446]
[4.20209592],[1.82102691],[5.26030683]
[1.41982444],[1.28644382],[1.48482966]
[1.69467154],[0.65611986],[1.00957273]
[2.60452194],[1.00670306],[2.12675242]
[3.47338142],[1.21300879],[3.27617492]
[3.87773099],[1.43642032],[4.17182177]
[4.17873405],[1.62509909],[5.07164216]
[4.58334933],[1.70621476],[5.89234874]
[4.83507877],[1.77565596],[6.8169258]
[5.03079799],[1.87467029],[7.59967089]
[5.47816166],[1.97347482],[8.58978551]
[5.57622799],[2.04730377],[9.29669264]
[5.7173536],[2.1056069],[9.89227149]
[6.05483394],[2.15194403],[10.7394868]
[6.3378699],[2.19796122],[11.47691988]
[6.48292764],[2.25374701],[12.17225363]
[6.92327382],[2.31266202],[13.16043779]
[7.08069371],[2.36080942],[13.93998598]
[7.36753981],[2.41759618],[14.86891103]
[7.69327384],[2.46589886],[15.94888488]
[7.92253592],[2.53705587],[16.82889482]
[8.2360623],[2.56770616],[17.78377914]
[8.57441877],[2.61482947],[18.74873289]
[8.69002777],[2.63799061],[19.44177544]
[8.98583322],[2.68069343],[20.1750643]
[9.23170825],[2.70310819],[20.95297902]
[9.36169058],[2.74220724],[21.47546824]
[9.42275228],[2.77613857],[21.95511148]
[9.66727238],[2.81884256],[22.48884785]
[9.91478015],[2.84902967],[23.00701243]
[10.03513469],[2.8836456],[23.65664706]
[10.15463476],[2.91856584],[24.13501522]
[10.20088125],[2.9453612],[24.70562072]
[10.33758033],[2.96164298],[25.06559304]
[10.42692129],[2.98381932],[25.45882693]
[10.56117269],[2.99870281],[25.74607542]
[10.65981442],[3.01893844],[25.93194106]
[10.79249705],[3.01658554],[26.18183446]
[10.89944619],[2.99321031],[26.25324808]
[10.94777554],[2.96073723],[26.34710436]
[11.11728504],[2.92523076],[26.31202113]
[11.21998798],[2.88421437],[26.25748619]
[11.26377448],[2.8248845],[25.99608673]
[11.26033209],[2.75958914],[25.60139768]
[11.25068986],[2.70068274],[24.95152189]
[11.25423665],[2.64361049],[24.18123666]
[11.22157677],[2.59459358],[23.29961861]
[11.20757798],[2.54806008],[22.45541785]
[10.96559424],[2.50571567],[21.46634093]
[10.53789289],[2.46144494],[20.44464347]
[10.21545865],[2.41702575],[19.44503955]
[9.91969497],[2.31346103],[18.48240597]
[9.54355137],[2.17452379],[17.41855646]
[9.39877731],[2.09082339],[16.51195653]
[8.85425963],[2.05203329],[14.98494516]
[5.26680681],[1.86827308],[6.59908938]
[1.85204778],[1.33505629],[1.80350979]
[1.69019125],[0.72864733],[1.13391754]
[2.60180418],[1.02234758],[2.18473895]
[3.45084764],[1.2626108],[3.40036205]
[3.95781597],[1.47708388],[4.37140116]
[4.28616508],[1.66350781],[5.29580667]
[4.65803845],[1.73908126],[6.22038668]
[4.88056371],[1.84267218],[7.17290726]
[5.24004647],[1.94228539],[8.0339285]
[5.55946256],[2.03868604],[9.09540739]
[5.66518707],[2.10691054],[9.75793674]
[5.98777725],[2.16229671],[10.56041145]
[6.22664671],[2.21256285],[11.41357865]
[6.46513747],[2.27743632],[12.21817693]
[6.80349609],[2.33382506],[13.15767511]
[7.06852514],[2.39729337],[14.03518005]
[7.36120118],[2.45056263],[15.03086839]
[7.66727567],[2.54976033],[16.12028589]
[7.81677581],[2.62244265],[17.06861612]
[8.19615756],[2.66872951],[18.1284689]
[8.45057181],[2.70421564],[19.09585177]
[8.68740734],[2.73773415],[20.01274196]
[9.06647209],[2.76715358],[21.0333307]
[9.31233697],[2.80868311],[21.92635337]
[9.42535026],[2.8447227],[22.63175761]
[9.70437596],[2.88801963],[23.25337718]
[9.95783359],[2.9278986],[23.86032362]
[10.12390898],[2.97251755],[24.58912379]
[10.27777014],[3.00574151],[25.20091051]
[10.36944898],[3.04729061],[25.83639298]
[10.54399461],[3.08956215],[26.38555862]
[10.65840175],[3.11432914],[26.89757741]
[10.78448141],[3.13009701],[27.47153678]
[10.92503056],[3.15253693],[27.95188932]
[10.99555848],[3.1677436],[28.43089418]
[11.15024508],[3.1885138],[28.69210851]
[11.25060765],[3.19560634],[28.9849329]
[11.40019719],[3.17951183],[29.12938623]
[11.56210525],[3.17226762],[29.21328651]
[11.68232152],[3.13427647],[29.23206974]
[11.88303981],[3.09443681],[29.28887894]
[11.95055403],[3.04579257],[29.24612575]
[11.95886382],[2.97156306],[28.97022146]
[11.94602947],[2.87962201],[28.46413732]
[11.94831544],[2.80697074],[27.57393063]
[11.9376955],[2.74965491],[26.55578841]
[11.90628281],[2.69619658],[25.4085616]
[11.89768362],[2.64380011],[24.36013939]
[11.67957026],[2.58984975],[23.04705685]
[11.16695302],[2.54466527],[21.8701556]
[10.72626549],[2.46832575],[20.84277088]
[10.41855502],[2.36532855],[19.72016807]
[10.11436688],[2.23332779],[18.58352154]
[9.59748501],[2.11379779],[16.9325279]
[5.89062186],[1.9105423],[7.68415168]
[2.95579484],[1.37739345],[2.63053445]
[1.70846588],[0.88084588],[1.28065747]
[2.61023406],[1.03822285],[2.26489802]
[3.46639776],[1.32680825],[3.60258105]
[4.06414419],[1.52883534],[4.65377884]
[4.46419948],[1.70450945],[5.59617118]
[4.74435383],[1.77103089],[6.6311087]
[5.00605225],[1.91196697],[7.6147025]
[5.392005],[2.00990919],[8.55664013]
[5.65047381],[2.09863282],[9.60472726]
[5.96090955],[2.16220433],[10.42952904]
[6.25616269],[2.22419322],[11.33132178]
[6.3540346],[2.2926542],[12.11062491]
[6.80509034],[2.35772228],[13.2282001]
[7.01055249],[2.41534064],[14.0964889]
[7.23170303],[2.49477147],[15.00382693]
[7.64257018],[2.5788047],[16.2695096]
[7.86382013],[2.66980331],[17.29406316]
[8.1145489],[2.72977206],[18.22956485]
[8.46225306],[2.7707168],[19.39858797]
[8.60747553],[2.80148126],[20.29236]
[9.0702574],[2.85488473],[21.42325431]
[9.30630309],[2.89542928],[22.51548676]
[9.5293244],[2.94060372],[23.48297201]
[9.94208772],[2.97981601],[24.42033361]
[10.13760701],[3.02600389],[25.32226256]
[10.28641669],[3.06791705],[25.95524093]
[10.46080546],[3.11508891],[26.67462794]
[10.67824759],[3.15411141],[27.31037286]
[10.86771248],[3.20608331],[27.97272355]
[10.9890551],[3.25511229],[28.88705424]
[11.13739902],[3.27982857],[29.52924346]
[11.23655034],[3.29798973],[30.19440721]
[11.38278017],[3.32222113],[30.77401127]
[11.53459136],[3.33832969],[31.21765288]
[11.6585427],[3.35662407],[31.53073907]
[11.85086316],[3.36383184],[31.8598193]
[11.99836366],[3.35136406],[32.34290424]
[12.17522807],[3.34505933],[32.62232654]
[12.36410744],[3.31484109],[32.7905831]
[12.48856444],[3.28383775],[32.87861783]
[12.65400072],[3.25187506],[32.89959211]
[12.65189487],[3.19272175],[32.81131881]
[12.6697493],[3.11665284],[32.49218451]
[12.64396314],[3.01801305],[31.9022573]
[12.65120403],[2.92210202],[30.91020407]
[12.62400873],[2.84781655],[29.70293324]
[12.59962969],[2.78995332],[28.48873219]
[12.60277327],[2.72916028],[26.73491898]
[12.40541936],[2.67207861],[25.03663956]
[11.87236286],[2.58732826],[23.54499586]
[11.36116636],[2.49761554],[22.16148566]
[10.89309901],[2.40258062],[20.91277184]
[10.29433803],[2.28014428],[19.12891458]
[6.55314081],[1.95019821],[8.85688813]
[4.20001273],[1.43762148],[4.11788183]
[1.72654033],[1.08731331],[1.70785447]
[2.6183459],[1.05237731],[2.34151219]
[3.48082224],[1.37695817],[3.77832066]
[4.17339681],[1.57058908],[4.91238717]
[4.62379749],[1.73787965],[5.93236366]
[4.86460666],[1.85690284],[7.08551781]
[5.24414261],[1.98668718],[8.1634674]
[5.53177441],[2.07789593],[9.16260776]
[5.81349115],[2.1580896],[10.14999861]
[6.17120442],[2.21870812],[11.13462996]
[6.42366408],[2.30656897],[12.06102414]
[6.72357424],[2.37433474],[13.10528381]
[7.03412782],[2.43997163],[14.21528321]
[7.31753402],[2.52487255],[15.17066822]
[7.61615023],[2.61908787],[16.3529689]
[7.81790786],[2.68968605],[17.43596708]
[8.15937573],[2.77202241],[18.51026288]
[8.43093567],[2.82392202],[19.54095039]
[8.63645304],[2.86172738],[20.61932858]
[9.01046023],[2.92100265],[21.76771598]
[9.35865733],[2.98304959],[22.96148925]
[9.46549606],[3.0289798],[23.97705441]
[10.00480508],[3.07931637],[25.35533361]
[10.24818224],[3.12084014],[26.4509755]
[10.45647981],[3.16924258],[27.32211873]
[10.69804516],[3.21820604],[28.00878094]
[10.9336257],[3.27397597],[28.83182542]
[11.08033927],[3.31775724],[29.73182567]
[11.30311058],[3.36652042],[30.57973944]
[11.47433355],[3.40321069],[31.36061967]
[11.59561804],[3.4307115],[32.05901277]
[11.77320527],[3.45810114],[32.77550757]
[11.90585329],[3.48690772],[33.67305685]
[12.11724709],[3.50712466],[34.51192087]
[12.30005644],[3.52402942],[35.04084262]
[12.44502043],[3.52533295],[35.49117157]
[12.66170635],[3.52778889],[35.90093191]
[12.80605829],[3.51685038],[36.38663578]
[12.98031991],[3.49508391],[36.66862675]
[13.16704796],[3.4636818],[36.9046648]
[13.31141155],[3.4245364],[37.07459245]
[13.41536801],[3.37738797],[37.11122272]
[13.38601231],[3.31254986],[37.05447124]
[13.47806007],[3.23172921],[36.75523387]
[13.58577375],[3.15940206],[35.99332399]
[13.62411257],[3.06697852],[34.82002955]
[13.59199238],[2.97247414],[33.46480341]
[13.63473589],[2.88785497],[31.9573626]
[13.55693458],[2.8206216],[30.43962207]
[13.34340368],[2.75337886],[28.31517496]
[12.63146489],[2.65588852],[25.48997023]
[12.01216402],[2.53243019],[23.83483469]
[11.19533177],[2.4400759],[21.67720225]
[7.15729049],[2.02938801],[10.62077284]
[4.79770315],[1.48754061],[5.13753749]
[2.70111362],[1.19566974],[3.02149053]
[2.62615994],[1.06563983],[2.42836726]
[3.49565334],[1.42069525],[3.94110703]
[4.18599023],[1.6110349],[5.18088405]
[4.80514688],[1.77316709],[6.30796587]
[5.02790642],[1.9393292],[7.55020131]
[5.42293512],[2.04969819],[8.69757334]
[5.72039836],[2.13619853],[9.74733447]
[6.09059139],[2.21314131],[10.77117312]
[6.31518415],[2.28223898],[11.80798048]
[6.74186083],[2.39919065],[12.9924626]
[6.95418951],[2.47893035],[14.09863952]
[7.19292975],[2.57540762],[15.27510209]
[7.62412757],[2.65123394],[16.52238821]
[7.8337929],[2.73687299],[17.64163955]
[8.09393181],[2.79923449],[18.60068952]
[8.45899115],[2.86653869],[19.85404441]
[8.62312587],[2.91671116],[20.80945371]
[8.90123377],[2.97826334],[21.91118331]
[9.29503778],[3.04011165],[23.26692792]
[9.53144826],[3.10006912],[24.45903166]
[9.96581648],[3.14541091],[25.75899197]
[10.23594855],[3.19898786],[27.12837901]
[10.59603032],[3.25375976],[28.28404771]
[10.94424049],[3.31184907],[29.41927557]
[11.07709925],[3.36024138],[30.40827867]
[11.33031712],[3.41175569],[31.32138355]
[11.5344393],[3.45820647],[32.14895947]
[11.72972518],[3.51317612],[33.0746614]
[12.00643672],[3.55606481],[34.00972672]
[12.19531201],[3.59044526],[35.10320212]
[12.36286266],[3.62554261],[36.15330169]
[12.58419241],[3.65448054],[37.10186268]
[12.72902058],[3.67675258],[38.03059329]
[12.92329431],[3.69530879],[38.84097346]
[13.10207559],[3.70126579],[39.45665882]
[13.25690108],[3.70835314],[39.96361426]
[13.4620432],[3.70561942],[40.41635887]
[13.61621001],[3.70026933],[40.80402805]
[13.81007082],[3.67263493],[41.17971614]
[14.06274994],[3.63431811],[41.53788692]
[14.25180398],[3.59236373],[41.72272473]
[14.33558303],[3.53167194],[41.81063969]
[14.38278465],[3.45834098],[41.87147972]
[14.65481839],[3.35920724],[41.62779428]
[14.69048825],[3.27782826],[40.87713411]
[14.73100916],[3.19764137],[39.71609084]
[14.71551377],[3.12189226],[38.28489558]
[14.72277875],[3.03830256],[36.80340684]
[14.66724688],[2.95413096],[34.63587645]
[14.60435797],[2.86560499],[32.19778537]
[13.95379899],[2.73996639],[29.17697714]
[12.81576557],[2.60453304],[25.24827147]
[7.80979203],[2.12526427],[13.07217986]
[5.42606794],[1.53272433],[6.4449383]
[3.67807998],[1.31686275],[4.34819194]
[2.62253379],[1.08325977],[2.67737441]
[3.4759104],[1.45444557],[4.05672991]
[4.18273875],[1.65106428],[5.40776369]
[4.95066873],[1.82278358],[6.739135]
[5.22147918],[2.00966576],[8.03505436]
[5.59352602],[2.11613943],[9.2150078]
[5.92250163],[2.18819153],[10.30691878]
[6.25659269],[2.26101382],[11.38511692]
[6.52165078],[2.35865434],[12.49580888]
[6.95617216],[2.49776556],[13.88367083]
[7.12382624],[2.58935289],[15.02646029]
[7.55128844],[2.68154489],[16.397419]
[7.80953743],[2.7545127],[17.61369112]
[8.0754197],[2.82580737],[18.6816015]
[8.42473408],[2.87919814],[19.84484195]
[8.63584239],[2.94268616],[21.0035425]
[8.96654947],[3.0072229],[22.09979444]
[9.27722823],[3.09212099],[23.4014154]
[9.46096076],[3.16061263],[24.63507065]
[9.93707418],[3.22942538],[26.08921757]
[10.21181975],[3.28428503],[27.44794113]
[10.48871795],[3.34132189],[28.83899653]
[10.9302879],[3.38779633],[30.27662817]
[11.26263654],[3.44535661],[31.60471221]
[11.52021434],[3.49647391],[32.61678513]
[11.72725247],[3.55479502],[33.62158293]
[11.99944353],[3.60254115],[34.58848784]
[12.27470043],[3.65846488],[35.85573357]
[12.53814952],[3.70462223],[37.07069293]
[12.81126591],[3.74614063],[38.2547269]
[12.99760239],[3.79080806],[39.46611086]
[13.15970429],[3.8195839],[40.6350741]
[13.38013372],[3.84495572],[41.72728561]
[13.52070789],[3.86456438],[42.54944461]
[13.70448333],[3.88043665],[43.43255982]
[13.89969943],[3.89651146],[44.19832763]
[14.04518247],[3.92074161],[44.82568455]
[14.31209554],[3.92709964],[45.38200064]
[14.5930818],[3.91685554],[45.8969076]
[14.85138271],[3.87259899],[46.39677852]
[15.14961541],[3.83073093],[46.94703374]
[15.37139016],[3.78335777],[47.20119102]
[15.38556169],[3.71665058],[47.3662919]
[15.46917805],[3.61887094],[47.27440694]
[15.6992558],[3.52314067],[47.08354814]
[15.79668655],[3.4253567],[46.42436779]
[15.8071088],[3.33519163],[45.29041486]
[15.83316908],[3.25730735],[43.58475977]
[15.76762104],[3.19316206],[41.70568085]
[15.74702932],[3.12382952],[39.67949727]
[15.6789994],[3.01673084],[36.94642781]
[15.14750968],[2.8554655],[32.75884387]
[8.43883447],[2.18505052],[15.7919533]
[6.03973137],[1.59939747],[8.75456583]
[4.35308691],[1.39280005],[5.68842002]
[2.63005073],[1.17325389],[3.80375589]
[3.49143634],[1.50038615],[4.22969497]
[4.18857143],[1.69444166],[5.6541366]
[5.01958516],[1.8756759],[7.28982769]
[5.44524172],[2.07200131],[8.61069807]
[5.81208327],[2.1693042],[9.82046882]
[6.10682921],[2.24061746],[10.92709555]
[6.50663982],[2.32803698],[12.11227246]
[6.79246333],[2.43945538],[13.39085061]
[7.12419746],[2.6081265],[14.82753977]
[7.44882826],[2.69641605],[16.18017433]
[7.79834858],[2.77852258],[17.54437791]
[8.0089607],[2.83965823],[18.64294134]
[8.43151931],[2.90109969],[19.95728759]
[8.63848943],[2.94938542],[21.07247414]
[8.83995566],[3.02638959],[22.20003683]
[9.27803912],[3.10327524],[23.60600603]
[9.49407065],[3.20002423],[24.93562019]
[9.89102077],[3.29297597],[26.30676026]
[10.2156647],[3.35682499],[27.95191274]
[10.47798834],[3.40807915],[29.22330782]
[10.92539041],[3.46790015],[30.83207262]
[11.20794708],[3.52075167],[32.27755524]
[11.58790082],[3.58108798],[33.71666967]
[11.95184226],[3.63491775],[34.99998319]
[12.27296888],[3.6979932],[36.42607761]
[12.51028737],[3.74985612],[37.6286278]
[12.82978142],[3.81127911],[39.03974076]
[13.12760248],[3.86563229],[40.41835775]
[13.37051097],[3.91823045],[41.78417763]
[13.62312391],[3.97388492],[43.10604693]
[13.80899929],[3.99972336],[44.38726416]
[13.97343442],[4.030631],[45.69661862]
[14.18592297],[4.05000364],[46.77408348]
[14.34929027],[4.07620602],[47.63671706]
[14.5875464],[4.09714673],[48.64890659]
[14.86861839],[4.11662737],[49.57103291]
[15.1202209],[4.12498191],[50.39606871]
[15.39710888],[4.11269211],[51.1587993]
[15.72078369],[4.07989518],[51.89909054]
[15.97525943],[4.04878218],[52.39832121]
[16.21411657],[4.01684667],[52.84909699]
[16.41623126],[3.96324362],[53.23974026]
[16.42124621],[3.88448337],[53.3696136]
[16.60863518],[3.78585441],[53.15760297]
[16.76455508],[3.68629552],[52.61607584]
[16.80873186],[3.58226466],[51.73527853]
[16.75706971],[3.48414135],[50.57265687]
[16.75778078],[3.39297239],[49.02369951]
[16.68475578],[3.31039451],[46.71594276]
[16.69439457],[3.24013716],[44.40380672]
[16.42663668],[3.13069581],[41.06628617]
[9.68156601],[2.56010036],[21.20951771]
[7.88082353],[1.80456384],[11.36023851]
[5.00429732],[1.49452918],[7.8505723]
[3.31571423],[1.24899632],[5.43875875]
[3.50602773],[1.54718285],[4.41256004]
[4.19370533],[1.7307922],[5.91227365]
[5.03179079],[1.94296357],[7.81950978]
[5.64791955],[2.1262696],[9.20982865]
[6.02571289],[2.22668873],[10.44637311]
[6.29962967],[2.29323905],[11.58056705]
[6.73765148],[2.40894826],[12.9090359]
[6.97695841],[2.55920269],[14.32371709]
[7.31790706],[2.71529188],[15.84094149]
[7.68134094],[2.78872333],[17.27820784]
[7.98832822],[2.85879071],[18.60182879]
[8.39714845],[2.90798128],[19.80369022]
[8.63946069],[2.96703759],[21.21084761]
[8.93933336],[3.03593001],[22.39430784]
[9.26803984],[3.12529096],[23.80913531]
[9.47466476],[3.2006113],[25.14354982]
[9.89242622],[3.3447515],[26.65304842]
[10.21294666],[3.40922574],[28.18400123]
[10.43108237],[3.48466166],[29.73089877]
[10.90217736],[3.53817989],[31.22642139]
[11.20963416],[3.59841209],[32.86515922]
[11.57578623],[3.65179142],[34.3452103]
[11.96785106],[3.71264453],[36.10628576]
[12.37275648],[3.7667942],[37.66110343]
[12.80945624],[3.83053457],[39.46844837]
[13.10647496],[3.88281275],[40.85638736]
[13.34976704],[3.94472019],[42.37860158]
[13.6787411],[4.00672202],[43.81318178]
[13.97234526],[4.06864603],[45.29074196]
[14.2150073],[4.12801241],[46.78844098]
[14.44744991],[4.15493344],[48.19810702]
[14.6444005],[4.19039966],[49.50063938]
[14.82353181],[4.21890868],[50.77607588]
[15.11991683],[4.24875345],[51.98212196]
[15.41635977],[4.27238569],[53.24909942]
[15.66856373],[4.29061627],[54.43134102]
[15.96207822],[4.28872923],[55.48972722]
[16.2593726],[4.28158371],[56.50993875]
[16.53396944],[4.25579932],[57.45452053]
[16.82640973],[4.21828984],[58.19702734]
[17.13503117],[4.18427647],[58.80540314]
[17.38106085],[4.14024835],[59.16261481]
[17.48873904],[4.08108086],[59.2780493]
[17.53488378],[4.03850966],[59.31703437]
[17.57772502],[3.96499402],[58.95785934]
[17.61539536],[3.83910882],[58.16156333]
[17.65177307],[3.74034585],[56.94691197]
[17.68741645],[3.64008174],[55.39854979]
[17.71423726],[3.53876235],[53.64641992]
[17.76472118],[3.44087111],[51.47026744]
[17.3770288],[3.34551368],[48.39308045]
[11.41050159],[3.04750723],[26.87611428]
[10.03421994],[2.02061946],[17.51451922]
[7.53263625],[1.73437567],[10.72617385]
[4.12450644],[1.40131543],[7.43635047]
[3.5170872],[1.57545651],[4.83660264]
[4.19732934],[1.75359886],[6.08990676]
[5.04012751],[2.00898936],[8.13277832]
[5.71752889],[2.16809567],[9.61774192]
[6.16798131],[2.26692173],[10.86819902]
[6.42573156],[2.34737935],[12.09624073]
[6.85112649],[2.51408189],[13.57424587]
[7.12405998],[2.66526056],[15.1098109]
[7.50118195],[2.80309393],[16.68453424]
[7.79241114],[2.86591524],[18.12431123]
[8.21104706],[2.92051476],[19.56365862]
[8.56508376],[2.97424051],[20.93536214]
[8.74809867],[3.05254977],[22.34962548]
[9.19671518],[3.12869875],[23.77756565]
[9.44483265],[3.22290355],[25.27815837]
[9.66468938],[3.32858011],[26.57662971]
[10.14228295],[3.43970109],[28.4115043]
[10.36400909],[3.5289126],[29.8337432]
[10.77503495],[3.61338634],[31.48506279]
[11.08156623],[3.66748939],[33.11870674]
[11.46877978],[3.72824283],[34.81335289]
[11.87026817],[3.78238412],[36.48009525]
[12.32944534],[3.84326093],[38.57236231]
[12.7351986],[3.89717738],[40.34715661]
[13.20795407],[3.96243196],[42.51089463]
[13.5468912],[4.02590265],[44.07335947]
[13.87569658],[4.09292775],[45.7460672]
[14.11762615],[4.14554783],[47.35795058]
[14.43830499],[4.1923256],[48.94804768]
[14.74140474],[4.25118283],[50.44680943]
[14.99048807],[4.29769079],[51.98350791]
[15.30422789],[4.34828398],[53.48639218]
[15.60196902],[4.3959616],[54.93015309]
[15.84558116],[4.42741281],[56.38642694]
[16.17198371],[4.44907603],[57.89648781]
[16.49558987],[4.47057202],[59.42446087]
[16.77151268],[4.48053596],[60.72468073]
[17.03305299],[4.48476022],[61.87775489]
[17.38268695],[4.45423789],[63.04131447]
[17.67230439],[4.4323346],[63.9517047]
[17.9194807],[4.42205682],[64.49133295]
[18.23741493],[4.38300774],[64.93852637]
[18.51740581],[4.34226427],[65.13847968]
[18.49828408],[4.28443664],[65.0603838]
[18.57026705],[4.22219827],[64.93625195]
[18.52430757],[4.11660008],[64.53644628]
[18.59308107],[4.00261616],[63.85934556]
[18.52019851],[3.91196951],[62.64680806]
[18.58457588],[3.81185444],[60.74890348]
[18.52306628],[3.70407535],[58.62791951]
[18.20110298],[3.60208679],[55.42007818]
[12.76318348],[3.35590513],[32.85021463]
[11.25323585],[2.58625624],[23.20534835]
[9.39452927],[1.91648092],[16.5580865]
[5.99263949],[1.67106007],[9.62825234]
[3.49260595],[1.29229954],[5.19400553]
[4.19187217],[1.46447655],[5.30389872]
[5.01948072],[1.80741852],[7.33047113]
[5.70449755],[1.95727949],[8.82821078]
[6.26754539],[2.08415428],[10.04257409]
[6.52203838],[2.20342546],[11.27274206]
[6.91867039],[2.41524502],[12.78653105]
[7.23855256],[2.55280007],[14.32900328]
[7.60774712],[2.67136799],[15.89906306]
[7.87058798],[2.72151975],[17.25693807]
[8.36896729],[2.79013374],[18.84988653]
[8.6645148],[2.85992369],[20.17084078]
[8.91081553],[2.94952093],[21.55680142]
[9.33634513],[3.03425246],[23.12375464]
[9.54337589],[3.16165384],[24.63636918]
[9.95873805],[3.25682912],[26.0175893]
[10.26341944],[3.3783796],[27.88138776]
[10.58023462],[3.47949162],[29.21150614]
[10.98941416],[3.56694775],[31.03642344]
[11.24362018],[3.61983803],[32.59836568]
[11.66117948],[3.68058233],[34.45595919]
[12.07414903],[3.73115616],[36.34375475]
[12.55030466],[3.78551077],[38.53828348]
[12.96167985],[3.84474884],[40.50746747]
[13.45016007],[3.92717036],[42.79578289]
[13.79371265],[3.99697999],[44.64327873]
[14.17947968],[4.06367728],[46.55442689]
[14.418781],[4.12754317],[48.07248973]
[14.69733524],[4.18669118],[49.79080054]
[15.02316179],[4.24807097],[51.42993858]
[15.30122728],[4.30468467],[52.98792269]
[15.65587737],[4.36259234],[54.76862055]
[15.9884431],[4.42227161],[56.34623579]
[16.27595914],[4.47043787],[58.05195815]
[16.57788526],[4.50922353],[59.84558225]
[16.88685654],[4.55762569],[61.50038224]
[17.21094143],[4.60920974],[63.06984139]
[17.45999283],[4.6474554],[64.43839975]
[17.77788902],[4.64728669],[65.63091295]
[18.09809435],[4.66840919],[66.63955224]
[18.37459434],[4.68119197],[67.43722948]
[18.65829404],[4.67594671],[67.9801359]
[18.87800038],[4.63090995],[68.34497622]
[18.91897945],[4.57199602],[68.36639724]
[18.93617937],[4.50306361],[68.21165894]
[19.03430912],[4.41194351],[67.93279443]
[19.13114412],[4.26825893],[67.3693724]
[19.06279154],[4.12750111],[66.50203048]
[19.06968311],[3.9836732],[65.37283011]
[19.01179651],[3.89587464],[63.74683354]
[18.96970558],[3.82019499],[61.04525569]
