meltWidth,meltDepth,meltArea
[2.41432935],[0.50297401],[0.88433338]
[2.64058438],[0.60393676],[1.14660101]
[2.73883219],[0.64865141],[1.25101955]
[2.82619941],[0.67865973],[1.34676327]
[2.90595024],[0.70259094],[1.44866381]
[2.99269445],[0.71257488],[1.52267407]
[3.06462364],[0.71953601],[1.61663829]
[3.12592902],[0.72687732],[1.66291747]
[3.12917772],[0.72547808],[1.70715086]
[3.16971934],[0.72894663],[1.7334674]
[3.13424539],[0.72208782],[1.73483573]
[3.39997514],[0.72737314],[1.82100192]
[3.19463638],[0.72284716],[1.75480939]
[3.50376736],[0.71945782],[1.88992452]
[3.41307483],[0.711288],[1.83366383]
[3.53457303],[0.70714617],[1.91165053]
[3.49198283],[0.69920617],[1.87221386]
[3.56038156],[0.69676371],[1.92451401]
[3.52681694],[0.69625746],[1.90355296]
[3.57141526],[0.69416684],[1.94135472]
[3.54682946],[0.69804925],[1.93204436]
[3.57830115],[0.69665188],[1.9579526]
[3.55385188],[0.7015518],[1.95222593]
[3.57977428],[0.70056916],[1.97193457]
[3.56751394],[0.70647113],[1.98333633]
[3.59045676],[0.70448489],[2.00641739]
[3.59399642],[0.71127638],[2.02112292]
[3.61128636],[0.71025134],[2.05710534]
[3.61476704],[0.72334062],[2.0654953]
[3.61725893],[0.72167889],[2.07610289]
[3.64113903],[0.72868514],[2.07531497]
[3.62319309],[0.73432972],[2.07533767]
[3.62766155],[0.73802578],[2.0780565]
[3.6293218],[0.73746152],[2.07461103]
[3.63671504],[0.73471946],[2.07383266]
[3.64722337],[0.73375729],[2.07339243]
[3.64934699],[0.74137862],[2.08342295]
[3.63769054],[0.74858426],[2.07901639]
[3.6244336],[0.75697336],[2.07665873]
[3.60628023],[0.76460994],[2.0730019]
[3.58333823],[0.77578414],[2.06551192]
[3.57624511],[0.78529879],[2.06427494]
[3.56892537],[0.79377277],[2.06094867]
[3.55854197],[0.8052361],[2.05897736]
[3.55272522],[0.8140898],[2.05745973]
[3.54712994],[0.82321597],[2.05643816]
[3.54327277],[0.83188117],[2.05954288]
[3.54335056],[0.8574162],[2.08066166]
[3.55250256],[0.90543151],[2.13852318]
[3.3560366],[0.96121289],[2.17456325]
[2.59439987],[0.99662212],[1.79375579]
[1.84864298],[1.01084823],[1.15718659]
[1.10896223],[0.76356257],[0.50501761]
[0.],[0.],[0.]
[2.47345387],[0.49558167],[0.68912418]
[2.82992377],[0.60437367],[1.23572473]
[2.93535527],[0.65998227],[1.42187609]
[3.02260928],[0.68079028],[1.57394196]
[3.12701391],[0.7155811],[1.65348553]
[3.13772509],[0.72793533],[1.75280814]
[3.46388734],[0.74683165],[1.91384802]
[3.48751582],[0.75140691],[1.97143655]
[3.67912864],[0.76217413],[2.10941353]
[3.65351376],[0.75455722],[2.1101415]
[3.70515979],[0.75611137],[2.17043162]
[3.67926026],[0.75764424],[2.15497906]
[3.71895408],[0.75617795],[2.19932587]
[3.70703869],[0.7533925],[2.19047007]
[3.73716273],[0.75465423],[2.22815237]
[3.74334551],[0.75718637],[2.24004408]
[3.75188018],[0.75919258],[2.25538073]
[3.75807187],[0.76210415],[2.25992304]
[3.77971374],[0.76669195],[2.28187326]
[3.80494731],[0.7709079],[2.30705411]
[3.80456254],[0.77403135],[2.32130789]
[3.82594247],[0.77786697],[2.36276612]
[3.81838432],[0.78099739],[2.3592151]
[3.85461727],[0.78415547],[2.40392136]
[3.86142752],[0.78747351],[2.39431684]
[3.9148172],[0.79043751],[2.43966767]
[3.93106433],[0.79331164],[2.43117932]
[4.034468],[0.7970339],[2.48813524]
[4.08412942],[0.799283],[2.51367267]
[4.16684424],[0.80294974],[2.56197964]
[4.15294209],[0.80184764],[2.55146652]
[4.19615431],[0.80038062],[2.57320063]
[4.15477029],[0.798399],[2.54722881]
[4.1410737],[0.79608024],[2.54228612]
[4.12665313],[0.7921968],[2.52875228]
[4.11949079],[0.78815572],[2.51960281]
[4.12009949],[0.78644523],[2.51602521]
[4.10432844],[0.78556421],[2.50814794]
[4.09492262],[0.78441485],[2.49962223]
[4.09398923],[0.7824466],[2.49545712]
[4.08197284],[0.78054126],[2.48571084]
[4.06179667],[0.77842613],[2.47089643]
[4.05056959],[0.77550256],[2.46259257]
[4.0509549],[0.77275766],[2.4556001]
[4.03238945],[0.76984531],[2.44096157]
[4.02114998],[0.76682782],[2.4286332]
[4.02121866],[0.76323679],[2.42089734]
[4.01055191],[0.7625881],[2.4100261]
[3.99081613],[0.76238498],[2.39533758]
[3.94963937],[0.76528518],[2.38657719]
[3.73669772],[0.76838736],[2.34091611]
[2.96283447],[0.77117352],[1.86003714]
[2.18559685],[0.78158454],[1.30438593]
[1.41982046],[0.82274328],[0.73154816]
[0.22618327],[0.12064187],[0.01331101]
[2.68978675],[0.53877194],[0.85121434]
[2.92287567],[0.64695365],[1.36253735]
[3.0240534],[0.69249829],[1.51443303]
[3.10245037],[0.71414173],[1.67414948]
[3.29246024],[0.74957501],[1.78180429]
[3.24574981],[0.74894903],[1.85447915]
[3.60798985],[0.76232566],[2.06102434]
[3.61487793],[0.76424754],[2.07619397]
[3.74558119],[0.76753764],[2.20132413]
[3.68931195],[0.7714764],[2.1735245]
[3.77031284],[0.78184745],[2.27975257]
[3.73589074],[0.78921881],[2.2484466]
[3.80160774],[0.79167196],[2.3439738]
[3.78136381],[0.79436269],[2.29880375]
[3.84312482],[0.79793972],[2.40362917]
[3.85916971],[0.80361396],[2.41180299]
[3.87686821],[0.80960487],[2.47786119]
[3.91850652],[0.81772664],[2.54797125]
[3.90732115],[0.82487146],[2.55985124]
[3.95297293],[0.83151176],[2.63696672]
[3.93661221],[0.83638665],[2.62844634]
[3.99025431],[0.84203102],[2.69708363]
[4.02865219],[0.84634165],[2.69390424]
[4.1907154],[0.85078949],[2.79426837]
[4.25279473],[0.8546324],[2.80484893]
[4.34721666],[0.85972079],[2.90268608]
[4.39543624],[0.86389803],[2.92094819]
[4.44457606],[0.86847636],[2.98301072]
[4.42928862],[0.8722855],[2.97787615]
[4.45817022],[0.87579017],[3.01226093]
[4.44185336],[0.87559815],[2.99660393]
[4.46393108],[0.87542352],[3.0185569]
[4.44807273],[0.875301],[2.9943837]
[4.43239457],[0.87630775],[2.98748554]
[4.42428761],[0.87451437],[2.96991083]
[4.42042445],[0.87090467],[2.95783371]
[4.4203961],[0.86851318],[2.94994238]
[4.4109829],[0.86507675],[2.93368164]
[4.40506974],[0.86238226],[2.91979924]
[4.40476439],[0.85967702],[2.91346297]
[4.39211741],[0.85712205],[2.89875073]
[4.37397385],[0.85376301],[2.87778033]
[4.36235958],[0.851027],[2.86479914]
[4.35842468],[0.8487013],[2.85492339]
[4.34429918],[0.84585016],[2.83742936]
[4.33274236],[0.84389114],[2.81884662]
[4.32941724],[0.84179157],[2.80626818]
[4.31878256],[0.83889595],[2.78840581]
[4.302289],[0.83393593],[2.76469305]
[4.29430729],[0.82925943],[2.74991932]
[4.04780323],[0.82475408],[2.66362277]
[3.27855263],[0.8186001],[2.11192203]
[2.50438104],[0.81361959],[1.48736203]
[1.73609493],[0.77143388],[0.880011]
[0.54536258],[0.29324839],[0.07922591]
[2.79943199],[0.58134888],[1.02672431]
[2.97901781],[0.69162434],[1.48977133]
[3.141135],[0.73501343],[1.65975537]
[3.15934115],[0.75870868],[1.80332155]
[3.49564775],[0.77345754],[1.98639647]
[3.49524467],[0.77501642],[2.03744949]
[3.69413834],[0.78798744],[2.21412055]
[3.69757637],[0.79274175],[2.23486571]
[3.7999878],[0.80881369],[2.37507568]
[3.79828199],[0.82232607],[2.37341231]
[3.85412785],[0.82697025],[2.48723461]
[3.89239261],[0.83159719],[2.52936661]
[3.91623657],[0.84474747],[2.63030928]
[3.94994693],[0.85005048],[2.66698279]
[3.95124812],[0.86771032],[2.73958191]
[3.99152716],[0.87037877],[2.79652229]
[3.98410294],[0.8982176],[2.84440721]
[4.02511814],[0.90111368],[2.90826614]
[4.02658573],[0.92135228],[2.93058597]
[4.14934934],[0.92035152],[3.01309702]
[4.39336232],[0.93510024],[3.1289253]
[4.52560334],[0.93485912],[3.27564286]
[4.591958],[0.94697017],[3.33661695]
[4.6164762],[0.94698476],[3.40343986]
[4.63032923],[0.95825368],[3.40707072]
[4.6313957],[0.95929836],[3.44074337]
[4.64619351],[0.97054974],[3.44459889]
[4.66807559],[0.97084627],[3.47766372]
[4.67845801],[0.98041656],[3.49383275]
[4.68020324],[0.97887583],[3.50052509]
[4.69162395],[0.98263775],[3.49995308]
[4.68129784],[0.9825009],[3.51092374]
[4.68610796],[0.98190197],[3.4855191]
[4.66318536],[0.98232105],[3.47273964]
[4.65667258],[0.97932004],[3.45227193]
[4.6524526],[0.97692797],[3.439506]
[4.650575],[0.97542628],[3.43200107]
[4.64467065],[0.97193623],[3.41265159]
[4.63810228],[0.96941599],[3.39450466]
[4.63894065],[0.96628898],[3.38478348]
[4.63844948],[0.96314419],[3.36958266]
[4.63322568],[0.95832835],[3.34704966]
[4.63226325],[0.95504848],[3.33322368]
[4.63619156],[0.9525791],[3.32422633]
[4.63144212],[0.9488695],[3.30445485]
[4.62119192],[0.94594764],[3.28430567]
[4.61492193],[0.94281508],[3.26744535]
[4.60560012],[0.93866247],[3.24259688]
[4.58879329],[0.93044827],[3.20208738]
[4.57753947],[0.92257584],[3.16894322]
[4.29936648],[0.91507874],[3.05255406]
[3.53515683],[0.90583536],[2.43907677]
[2.77273022],[0.89803438],[1.76171886]
[2.01768552],[0.83275272],[1.10674879]
[0.75842213],[0.34192999],[0.12876841]
[2.81395048],[0.55649969],[1.00139518]
[2.96627909],[0.67569382],[1.47228463]
[3.24991652],[0.71857348],[1.70135096]
[3.24463286],[0.75885537],[1.85963103]
[3.55069931],[0.79963651],[2.09161761]
[3.606437],[0.80884141],[2.17813617]
[3.79892003],[0.83834489],[2.3833632]
[3.84903074],[0.85264239],[2.46144908]
[3.88699367],[0.86609626],[2.60662185]
[3.93552955],[0.8731108],[2.6764066]
[3.94378254],[0.88943191],[2.78092472]
[3.98997598],[0.89868217],[2.85142813]
[3.97744144],[0.92624732],[2.93246415]
[4.029758],[0.92961446],[3.01266245]
[4.02834955],[0.94962384],[3.05631595]
[4.14028633],[0.96373646],[3.16128878]
[4.20661955],[0.97438013],[3.19171243]
[4.31094041],[0.98417455],[3.29691327]
[4.5241162],[0.9939429],[3.43260936]
[4.65000793],[0.99783268],[3.61025934]
[4.69122945],[1.00833661],[3.63973533]
[4.71222042],[1.00685203],[3.68857537]
[4.74226311],[1.01752572],[3.69500258]
[4.74681753],[1.01524869],[3.73301378]
[4.76778581],[1.02691421],[3.72699173]
[4.75986869],[1.02392752],[3.75511564]
[4.7651295],[1.03437367],[3.74652448]
[4.7805157],[1.03251209],[3.77755099]
[4.78310441],[1.03724918],[3.78101998]
[4.77631626],[1.03888385],[3.79162669]
[4.78210058],[1.03710436],[3.78234865]
[4.76210919],[1.03614736],[3.79427294]
[4.77855784],[1.03492844],[3.76991706]
[4.75075087],[1.0345814],[3.75463123]
[4.74479343],[1.03216554],[3.73467399]
[4.7409857],[1.02925319],[3.72205497]
[4.73897548],[1.02849636],[3.71561194]
[4.73493828],[1.02620168],[3.6971502]
[4.72823226],[1.02487469],[3.67916968]
[4.72921003],[1.02346458],[3.67285334]
[4.73307887],[1.0228484],[3.66254409]
[4.73070093],[1.01978365],[3.6430748]
[4.73244966],[1.01736574],[3.6308438]
[4.73844872],[1.0159381],[3.62489436]
[4.74434701],[1.01241356],[3.60747173]
[4.74678022],[1.00983678],[3.59034595]
[4.7526542],[1.00677106],[3.57767917]
[4.75499005],[1.00332641],[3.55012725]
[4.74975533],[0.99613861],[3.5091025]
[4.75448696],[0.98906424],[3.48260355]
[4.45807349],[0.98315536],[3.33713654]
[3.71267183],[0.97613382],[2.6464558]
[2.95099536],[0.97058581],[1.90860214]
[2.19499178],[0.87621101],[1.19998664]
[1.34162386],[0.41594843],[0.30853921]
[2.96426997],[0.57004957],[1.16384641]
[3.06474933],[0.67873178],[1.54428228]
[3.37725798],[0.74374354],[1.84144398]
[3.43502673],[0.78664684],[2.03316204]
[3.66575556],[0.82838598],[2.29359909]
[3.78396132],[0.84213955],[2.44085401]
[3.88959048],[0.86997622],[2.63387216]
[3.9502147],[0.88445576],[2.74459804]
[3.95391034],[0.91152821],[2.86396541]
[3.99747891],[0.91651775],[2.94760962]
[3.99663385],[0.94049536],[3.01924223]
[4.04828316],[0.94841796],[3.11658289]
[4.06624303],[0.96567755],[3.15252273]
[4.15977734],[0.9786],[3.25259458]
[4.21867675],[0.99000342],[3.29272652]
[4.32341022],[1.00037101],[3.3955461]
[4.54260323],[1.01023577],[3.55446029]
[4.65846689],[1.01787986],[3.71030346]
[4.70242491],[1.02453842],[3.75060077]
[4.74866304],[1.02903269],[3.81623691]
[4.7834654],[1.03521646],[3.83276817]
[4.80478222],[1.03691168],[3.87397014]
[4.82748499],[1.04281972],[3.88742298]
[4.82326386],[1.04881282],[3.91220726]
[4.83390473],[1.05435883],[3.9142889]
[4.82599956],[1.05872458],[3.93131909]
[4.83506054],[1.06264689],[3.94111518]
[4.85353579],[1.06478116],[3.95675272]
[4.85457719],[1.06773953],[3.97722559]
[4.85278378],[1.07328285],[3.97633127]
[4.85949514],[1.07571625],[3.98839321]
[4.83720429],[1.07465783],[4.00416649]
[4.85569618],[1.07353507],[3.97324371]
[4.82909474],[1.0732508],[3.95575052]
[4.82389337],[1.06928401],[3.93239977]
[4.81918244],[1.06715404],[3.92204819]
[4.81460278],[1.06515741],[3.91564976]
[4.80835313],[1.06205856],[3.88940612]
[4.79960932],[1.05957351],[3.86681458]
[4.79516945],[1.05703032],[3.85512556]
[4.78595578],[1.05464877],[3.83571587]
[4.77160489],[1.05120221],[3.80547377]
[4.7611554],[1.04814054],[3.78846576]
[4.75560136],[1.04506675],[3.77727296]
[4.75972145],[1.04182971],[3.76309746]
[4.76603016],[1.0386883],[3.75146786]
[4.77569917],[1.03521092],[3.74327243]
[4.7859431],[1.0327284],[3.72843483]
[4.78723141],[1.02969538],[3.70478391]
[4.7935798],[1.02593743],[3.68119374]
[4.46169034],[1.02087809],[3.50628042]
[3.71988381],[1.01513472],[2.77496008]
[2.98038338],[1.00995985],[2.0139491]
[2.24809109],[0.91691789],[1.28442283]
[1.9261752],[0.44955507],[0.55561875]
[3.09709593],[0.57737631],[1.35361064]
[3.28052436],[0.68730543],[1.6962725]
[3.5606008],[0.75284379],[2.08096298]
[3.65899448],[0.79865054],[2.29265233]
[3.79042228],[0.85055277],[2.52057659]
[3.90193737],[0.86665608],[2.69578512]
[3.95665934],[0.90342837],[2.85448868]
[4.01090209],[0.91812906],[2.97221404]
[4.02117492],[0.93835028],[3.05390651]
[4.05533217],[0.94783587],[3.13636958]
[4.06027257],[0.96247542],[3.17703977]
[4.120511],[0.9793653],[3.25025742]
[4.21110887],[0.99255224],[3.31842144]
[4.30649909],[1.00660094],[3.40839705]
[4.57098764],[1.01592478],[3.61104388]
[4.65551],[1.02401015],[3.73886912]
[4.72645215],[1.02938313],[3.79072265]
[4.76024514],[1.03498822],[3.85713848]
[4.830617],[1.03943498],[3.9159516]
[4.86033277],[1.04939094],[3.97067788]
[4.97456688],[1.04923993],[4.04236034]
[4.94819443],[1.06085337],[4.07593613]
[5.04664667],[1.0601771],[4.12754906]
[4.99465016],[1.08515856],[4.15577348]
[5.06397409],[1.0734613],[4.18673637]
[4.99984708],[1.11908488],[4.21535507]
[5.06899809],[1.10931302],[4.25437013]
[5.03788037],[1.14519359],[4.28663027]
[5.08557543],[1.1437692],[4.32608631]
[5.04421608],[1.15918512],[4.33856549]
[5.08881665],[1.15923909],[4.36605371]
[5.06355586],[1.15969019],[4.38081928]
[5.08531503],[1.15926642],[4.36631581]
[5.05902051],[1.15873864],[4.3400282]
[5.03944393],[1.15598996],[4.31710672]
[5.0353773],[1.15082658],[4.31902494]
[5.03062035],[1.14260192],[4.32303395]
[5.02522441],[1.13439323],[4.31363167]
[5.02084503],[1.12648674],[4.30003912]
[5.01491924],[1.11861571],[4.28720464]
[5.00408156],[1.11010111],[4.2686495]
[4.98616348],[1.10151748],[4.24094278]
[4.97037478],[1.09329146],[4.2237957]
[4.95745586],[1.08477987],[4.20537902]
[4.9441441],[1.07625545],[4.1761262]
[4.93187303],[1.06812569],[4.15412924]
[4.92006784],[1.06002566],[4.12981488]
[4.90957366],[1.05533299],[4.09874476]
[4.89265002],[1.04904183],[4.05161255]
[4.87983051],[1.04429458],[4.00873329]
[4.50304212],[1.0407137],[3.77929161]
[3.74271666],[1.03760946],[2.9725715]
[2.98146635],[1.03599133],[2.16682288]
[2.24913024],[0.95393538],[1.40543748]
[2.25811001],[0.47644369],[0.76098687]
[3.14467979],[0.64288713],[1.65853984]
[3.5554393],[0.72603382],[2.02329773]
[3.71170982],[0.8034187],[2.35716324]
[3.79396867],[0.84336119],[2.56493476]
[3.88151888],[0.89051901],[2.77834852]
[3.96703266],[0.91400706],[2.9396185]
[4.01967425],[0.93886996],[3.06147199]
[4.05803915],[0.95560365],[3.15838923]
[4.08117666],[0.96885557],[3.22081834]
[4.13131773],[0.98268802],[3.2886882]
[4.22119932],[0.99665022],[3.36135452]
[4.40191448],[1.00988652],[3.49913705]
[4.59070427],[1.02110428],[3.6592178]
[4.63740153],[1.02891995],[3.73965592]
[4.74326157],[1.03415977],[3.82669243]
[4.77818404],[1.039347],[3.90373659]
[4.90381864],[1.0437227],[3.99892076]
[4.93956194],[1.05020465],[4.06736862]
[5.10675287],[1.0569895],[4.21080793]
[5.12909122],[1.09132102],[4.34517149]
[5.22131541],[1.09576023],[4.45308725]
[5.22729613],[1.12898471],[4.5194333]
[5.29316927],[1.12767864],[4.58789609]
[5.26919432],[1.16355953],[4.60780941]
[5.31022249],[1.16296833],[4.66274338]
[5.27603864],[1.18878508],[4.67748839]
[5.31413327],[1.19754868],[4.74113255]
[5.31588993],[1.21370983],[4.75849868]
[5.32573692],[1.22488331],[4.81580535]
[5.32671589],[1.23858467],[4.8231673]
[5.32668861],[1.24682461],[4.86398506]
[5.33990302],[1.25202878],[4.86538932]
[5.32578566],[1.25436097],[4.87392025]
[5.33279367],[1.25604391],[4.85449059]
[5.29603437],[1.26176891],[4.84463334]
[5.2923042],[1.26868283],[4.85508756]
[5.28785843],[1.27139286],[4.85737863]
[5.27925732],[1.27179892],[4.85020098]
[5.27725825],[1.2701404],[4.83802995]
[5.27129005],[1.26603214],[4.82073131]
[5.26464129],[1.25716623],[4.79879398]
[5.24876254],[1.24540221],[4.76614382]
[5.23483181],[1.23455949],[4.74128962]
[5.22257621],[1.22361489],[4.71601476]
[5.20841305],[1.21136429],[4.68599645]
[5.19943901],[1.20006507],[4.65674529]
[5.1888042],[1.19020326],[4.62890578]
[5.17733481],[1.18503323],[4.59690989]
[5.16103959],[1.17746527],[4.54838634]
[5.14682218],[1.16989728],[4.50273729]
[4.76561058],[1.15820448],[4.27120504]
[3.9982948],[1.14254835],[3.4553609]
[3.23578819],[1.12767949],[2.62239927]
[2.4567685],[1.11107392],[1.78616065]
[2.29610254],[0.53537787],[0.94811618]
[3.18203217],[0.68215061],[1.84166522]
[3.6621108],[0.7832648],[2.23788368]
[3.78934422],[0.85074472],[2.56196709]
[3.87012988],[0.89856149],[2.77896923]
[3.94709159],[0.93181907],[2.96461873]
[4.0043251],[0.9582637],[3.10295585]
[4.04829301],[0.97739599],[3.20809822]
[4.07774854],[0.99065455],[3.29376123]
[4.13191068],[1.006455],[3.36421239]
[4.24576671],[1.01570287],[3.4499336]
[4.419114],[1.0257881],[3.56121601]
[4.50770003],[1.03483777],[3.65994591]
[4.70377435],[1.03996861],[3.79969437]
[4.76645668],[1.04574184],[3.89500469]
[4.94861243],[1.05091091],[4.03108494]
[4.9969004],[1.05642492],[4.14469416]
[5.16730743],[1.06895996],[4.36558834]
[5.24422933],[1.12199862],[4.52535935]
[5.34929044],[1.13722929],[4.67938157]
[5.41770132],[1.19057582],[4.79790307]
[5.46747891],[1.19684013],[4.90915408]
[5.48610529],[1.2259065],[4.96502013]
[5.52147609],[1.23698521],[5.04777177]
[5.53112285],[1.2541889],[5.07447487]
[5.54178627],[1.26679024],[5.14789705]
[5.54110489],[1.27885238],[5.16803163]
[5.5465098],[1.28896923],[5.25073286]
[5.58225797],[1.30227537],[5.28053165]
[5.55850877],[1.31219647],[5.34870813]
[5.59601508],[1.32412829],[5.36686131]
[5.55717788],[1.33129273],[5.40712234]
[5.6060281],[1.33769338],[5.42863993]
[5.55824612],[1.34203289],[5.43022118]
[5.59677135],[1.34616617],[5.42231369]
[5.54507204],[1.35310932],[5.40932783]
[5.54101467],[1.36064383],[5.41943519]
[5.53631667],[1.3649567],[5.42383444]
[5.52585718],[1.36702018],[5.42010132]
[5.52779058],[1.3659226],[5.41332102]
[5.52385416],[1.36099867],[5.39449218]
[5.51833834],[1.3533197],[5.37154112]
[5.50783369],[1.34538316],[5.33801587]
[5.49424213],[1.33845119],[5.30975411]
[5.48274624],[1.33138055],[5.28415432]
[5.4656482],[1.32358822],[5.25380832]
[5.46105294],[1.31613558],[5.22749331]
[5.45085974],[1.3087377],[5.19996891]
[5.43856866],[1.30138776],[5.17148014]
[5.42537429],[1.29474898],[5.12636781]
[5.41333208],[1.28931388],[5.08312127]
[5.01824031],[1.28030475],[4.83785453]
[4.24973608],[1.26961383],[3.99986448]
[3.49426547],[1.26132628],[3.13737092]
[2.72401738],[1.25172807],[2.21090273]
[2.35080925],[0.59449976],[1.18011351]
[3.21661505],[0.75855501],[2.04237517]
[3.75478743],[0.83999199],[2.48026319]
[3.86461591],[0.89788789],[2.75837608]
[3.93930408],[0.93330599],[2.94514421]
[4.00353069],[0.96265775],[3.1123212]
[4.05481847],[0.98556054],[3.24297494]
[4.09288771],[1.00818389],[3.34566595]
[4.18590754],[1.01744816],[3.43134614]
[4.31940826],[1.02543575],[3.52684454]
[4.4191104],[1.03305136],[3.62917452]
[4.59346701],[1.03975828],[3.74260509]
[4.66510767],[1.04625572],[3.83962849]
[4.87142315],[1.0513325],[3.98995167]
[4.9192581],[1.05705833],[4.10674182]
[5.10857702],[1.08096669],[4.34561272]
[5.17976506],[1.12354566],[4.50692245]
[5.33550448],[1.1499801],[4.71507426]
[5.43985954],[1.20785123],[4.85470243]
[5.5619127],[1.22048461],[5.02589809]
[5.60827204],[1.26994814],[5.13375821]
[5.64217811],[1.26937808],[5.25754114]
[5.68376182],[1.29925867],[5.32057545]
[5.71493133],[1.29865571],[5.41151127]
[5.72905186],[1.32588618],[5.45250357]
[5.7473629],[1.32876945],[5.53900694]
[5.74868692],[1.34592394],[5.56970188]
[5.76044462],[1.35013618],[5.66356286]
[5.80643883],[1.36162629],[5.71343038]
[5.78186171],[1.36990138],[5.77586715]
[5.82479404],[1.38132168],[5.82656534]
[5.78812225],[1.38885123],[5.85145863]
[5.82239245],[1.39611739],[5.90616263]
[5.79643023],[1.40099307],[5.88668202]
[5.81893459],[1.40597953],[5.8984889]
[5.79330061],[1.41378916],[5.8837473]
[5.78311675],[1.4221698],[5.89915648]
[5.78188656],[1.42587912],[5.91140478]
[5.7733774],[1.4273607],[5.90696532]
[5.77514159],[1.42525691],[5.90380176]
[5.772307],[1.42209737],[5.88750981]
[5.76459584],[1.41386152],[5.85916961]
[5.75763947],[1.40524819],[5.82040994]
[5.74461242],[1.3978739],[5.78766656]
[5.73463407],[1.39021059],[5.76050489]
[5.71837605],[1.38203774],[5.72192654]
[5.71560861],[1.37445759],[5.69361274]
[5.70773016],[1.36646685],[5.66596202]
[5.69592241],[1.36029462],[5.63369161]
[5.69354675],[1.35212958],[5.5914918]
[5.68717108],[1.3456954],[5.5525278]
[5.26381611],[1.33796094],[5.29300451]
[4.49466161],[1.32843813],[4.44803769]
[3.74229511],[1.32129568],[3.5614484]
[2.98206306],[1.31317479],[2.58863526]
[2.41205849],[0.65785449],[1.38886342]
[3.25828156],[0.81402693],[2.2275798]
[3.8302127],[0.88761974],[2.67521292]
[3.93189252],[0.93105509],[2.91079435]
[4.00228575],[0.9680803],[3.08802875]
[4.05585245],[0.99091061],[3.25193753]
[4.10271087],[1.01284155],[3.36972478]
[4.23190249],[1.02518448],[3.46826749]
[4.35526068],[1.0344846],[3.56661554]
[4.51606324],[1.04200984],[3.68565359]
[4.59194984],[1.04766116],[3.79358865]
[4.79482137],[1.05470308],[3.9346225]
[4.83691743],[1.0605394],[4.08238927]
[5.02931954],[1.08558356],[4.31973076]
[5.09932268],[1.12849835],[4.50042568]
[5.26817786],[1.16010752],[4.72980343]
[5.36104527],[1.20847391],[4.88833473]
[5.49027745],[1.22435793],[5.08110016]
[5.64167237],[1.2853477],[5.23379713]
[5.71664279],[1.29767695],[5.40850717]
[5.76025899],[1.33934988],[5.51622098]
[5.81385526],[1.33736015],[5.66608356]
[5.83777779],[1.36619094],[5.74985868]
[5.88919534],[1.36921023],[5.85765386]
[5.87983566],[1.39216813],[5.89736538]
[5.92114841],[1.39615206],[5.98767374]
[5.90237679],[1.40992246],[6.02029938]
[5.93281794],[1.41512003],[6.10943823]
[5.966165],[1.429306],[6.1668731]
[5.95396628],[1.43349518],[6.21915286]
[5.98612612],[1.44387404],[6.27142517]
[5.96329046],[1.45188477],[6.29039368]
[5.9781788],[1.45870858],[6.33989059]
[5.97275115],[1.46411684],[6.32726734]
[5.97416763],[1.46992284],[6.34661874]
[5.96843769],[1.47858705],[6.34111224]
[5.94938216],[1.4846684],[6.35349274]
[5.94808676],[1.48543428],[6.36204101]
[5.93939925],[1.48306136],[6.35387647]
[5.94210835],[1.47821656],[6.34901729]
[5.94217724],[1.47498642],[6.33616978]
[5.93694049],[1.46920123],[6.31262124]
[5.93458094],[1.46145008],[6.27946102]
[5.92860573],[1.45447223],[6.24830457]
[5.92177634],[1.44752005],[6.22157024]
[5.91042417],[1.43937955],[6.18579064]
[5.91147002],[1.43149806],[6.16122253]
[5.9107483],[1.42441002],[6.13481106]
[5.90195999],[1.41904714],[6.10364013]
[5.90363801],[1.41133912],[6.06034953]
[5.90135995],[1.400269],[6.01599313]
[5.45683921],[1.38784017],[5.73792493]
[4.69217282],[1.37442188],[4.86321357]
[3.94069458],[1.36920699],[3.92321643]
[3.18648376],[1.36250728],[2.89124802]
[2.44325897],[0.73571227],[1.5895645]
[3.28563557],[0.85964932],[2.39625564]
[3.87314789],[0.92260354],[2.81997395]
[3.98301568],[0.96757908],[3.07333161]
[4.03739859],[0.99777421],[3.22272484]
[4.09050238],[1.01515242],[3.37534434]
[4.19435012],[1.03043363],[3.47884034]
[4.41548513],[1.04605283],[3.6160132]
[4.53684317],[1.05096618],[3.72239116]
[4.71981092],[1.05706674],[3.88025638]
[4.77238177],[1.0633849],[4.06052514]
[4.98090801],[1.10275523],[4.31001393]
[5.0271947],[1.14389802],[4.49701384]
[5.20132892],[1.17608432],[4.7328544]
[5.2938403],[1.21608718],[4.91803564]
[5.44348761],[1.24047095],[5.14114248]
[5.55863874],[1.29025158],[5.28536852]
[5.67846232],[1.30365203],[5.48271304]
[5.79575407],[1.3609616],[5.66187644]
[5.89005845],[1.37159518],[5.84799523]
[5.92303074],[1.40492961],[5.9660807]
[5.99167769],[1.4083778],[6.10624654]
[5.9932853],[1.43204514],[6.18754605]
[6.06809452],[1.44107877],[6.30414588]
[6.03395363],[1.45789013],[6.34448672]
[6.09841547],[1.46314748],[6.44477564]
[6.0557564],[1.47689055],[6.51139927]
[6.11224051],[1.48008382],[6.58307006]
[6.12166548],[1.49275032],[6.66678302]
[6.12979349],[1.49285249],[6.70579264]
[6.14165782],[1.50318431],[6.77232666]
[6.14043525],[1.5059057],[6.78014634]
[6.13157016],[1.51215951],[6.82859895]
[6.14963478],[1.51785715],[6.82171208]
[6.12883807],[1.52468965],[6.85675047]
[6.14339958],[1.53309808],[6.85496442]
[6.11325125],[1.53976315],[6.85274944]
[6.11099898],[1.54021798],[6.85045273]
[6.10234054],[1.53797764],[6.83408904]
[6.10455125],[1.53355948],[6.81840681]
[6.10802554],[1.52812436],[6.7980282]
[6.10296616],[1.52122298],[6.77159533]
[6.10087571],[1.51335711],[6.73951983]
[6.09865369],[1.50597374],[6.70844499]
[6.09200131],[1.49859033],[6.68003813]
[6.07985784],[1.49060537],[6.64410817]
[6.07983171],[1.48322219],[6.62142148]
[6.0807213],[1.478069],[6.59635748]
[6.07180978],[1.4735877],[6.56539351]
[6.07262849],[1.46756374],[6.52541543]
[6.07060184],[1.45805239],[6.48338981]
[5.62129578],[1.4455472],[6.19619608]
[4.85647015],[1.4332581],[5.29417547]
[4.10417156],[1.4221145],[4.30267556]
[3.35148927],[1.41091427],[3.22638132]
[2.45770953],[0.81126731],[1.73745408]
[3.30869413],[0.8870172],[2.51460877]
[3.92025634],[0.95788812],[2.95551897]
[4.03057379],[0.99502863],[3.20000232]
[4.08171525],[1.01948481],[3.3342653]
[4.13580674],[1.03452983],[3.4719187]
[4.36212182],[1.04939483],[3.62921106]
[4.62195725],[1.05921847],[3.80844989]
[4.71691107],[1.09706424],[3.99873388]
[4.90709728],[1.1355753],[4.30610832]
[4.94492072],[1.1788629],[4.54207153]
[5.1462506],[1.21165935],[4.82781207]
[5.21798346],[1.24380847],[5.00080344]
[5.36839635],[1.26925175],[5.23097676]
[5.48098794],[1.31198585],[5.40399881]
[5.60958832],[1.32246237],[5.60393305]
[5.741358],[1.37494028],[5.79794278]
[5.86371836],[1.38639957],[6.01533249]
[5.94200987],[1.43056441],[6.18798822]
[6.07671392],[1.44235657],[6.36578814]
[6.07669758],[1.47005329],[6.49972069]
[6.16519339],[1.47706205],[6.63909694]
[6.14743331],[1.49467454],[6.77716672]
[6.24314773],[1.50055096],[6.88903523]
[6.19135003],[1.51499112],[6.96927699]
[6.27536981],[1.51855087],[7.05984412]
[6.21419503],[1.53063435],[7.12829936]
[6.28815674],[1.5338205],[7.19760518]
[6.28569262],[1.54543537],[7.28553654]
[6.30367217],[1.54567082],[7.31907364]
[6.305011],[1.55553212],[7.38514715]
[6.31465978],[1.56373539],[7.3897201]
[6.28361153],[1.56947946],[7.43328633]
[6.32400785],[1.57533702],[7.42587]
[6.28120089],[1.58190967],[7.4463238]
[6.31594606],[1.58993277],[7.45292081]
[6.27600556],[1.59737499],[7.45511426]
[6.27362073],[1.59556687],[7.45917281]
[6.26437547],[1.5935769],[7.45067575]
[6.26518698],[1.58924907],[7.44172709]
[6.27016082],[1.58320266],[7.42251117]
[6.26192026],[1.57650494],[7.38876762]
[6.26957832],[1.56860828],[7.35002143]
[6.26941496],[1.56120881],[7.31193135]
[6.25905015],[1.55397774],[7.27553451]
[6.24713495],[1.5464145],[7.23564798]
[6.24657672],[1.54061491],[7.20508877]
[6.24815928],[1.5370444],[7.17741692]
[6.23882318],[1.53314179],[7.13366733]
[6.23912626],[1.52910135],[7.07561286]
[6.23980103],[1.52162985],[7.0275374]
[5.77376713],[1.511027],[6.72898484]
[5.00879274],[1.49914211],[5.77562764]
[4.25245144],[1.48715483],[4.72346959]
[3.4979676],[1.47470716],[3.60143208]
[2.48198109],[0.85993454],[1.85987969]
[3.34608365],[0.911092],[2.61692756]
[3.99300812],[0.9786715],[3.05679833]
[4.08722957],[1.01106064],[3.29144996]
[4.14533684],[1.03344843],[3.41966304]
[4.35187483],[1.04651629],[3.60418751]
[4.57537558],[1.06191918],[3.80950182]
[4.81457015],[1.09697276],[4.09920768]
[4.89180085],[1.1812075],[4.40642861]
[5.08572982],[1.21917205],[4.70284871]
[5.14283572],[1.25773831],[4.96100385]
[5.32517695],[1.28592492],[5.24215577]
[5.41918564],[1.31601413],[5.40431644]
[5.54579918],[1.33613326],[5.64935653]
[5.67953029],[1.38413221],[5.84370221]
[5.80248673],[1.39191865],[6.07242779]
[5.9221105],[1.43763597],[6.28497659]
[6.04345511],[1.44674321],[6.4741924]
[6.1148574],[1.48544331],[6.68146396]
[6.26156515],[1.49951137],[6.84930011]
[6.23876487],[1.52054119],[7.01696777]
[6.34796795],[1.52620085],[7.15974461]
[6.31530403],[1.5410927],[7.28936303]
[6.43346365],[1.54607976],[7.39932061]
[6.3682175],[1.56086269],[7.46943248]
[6.46394814],[1.56324458],[7.56481391]
[6.39874037],[1.57669516],[7.6254366]
[6.48644268],[1.57810352],[7.6925966]
[6.50638136],[1.59100948],[7.781833]
[6.49502966],[1.59850569],[7.80755964]
[6.52900453],[1.60822893],[7.88466375]
[6.50531619],[1.61625107],[7.88270642]
[6.46174353],[1.6221713],[7.91922761]
[6.51999689],[1.6281958],[7.91969856]
[6.45418379],[1.63521761],[7.94036854]
[6.50183105],[1.64186686],[7.95238668]
[6.45898622],[1.64697815],[7.96435165]
[6.4577801],[1.64774164],[7.97628614]
[6.44992679],[1.64561666],[7.96947278]
[6.44778766],[1.64202314],[7.95844942]
[6.45469026],[1.63739343],[7.94008959]
[6.44617401],[1.63184129],[7.90617816]
[6.44029576],[1.62450724],[7.86474829]
[6.43563278],[1.61551634],[7.82367445]
[6.41782499],[1.60820968],[7.7836326]
[6.40109461],[1.60332744],[7.73960161]
[6.38838592],[1.59934075],[7.70491486]
[6.37661673],[1.59531381],[7.67043128]
[6.35639981],[1.5913505],[7.6261294]
[6.35030487],[1.58736911],[7.57260301]
[6.33739538],[1.58087396],[7.51671557]
[5.83909647],[1.57207331],[7.14131028]
[5.06525724],[1.56104268],[6.13617682]
[4.30171053],[1.54977614],[5.04132669]
[3.54506853],[1.53775457],[3.87765639]
[2.49558401],[0.88820683],[1.95148753]
[3.37463621],[0.93160228],[2.7102929]
[4.05534441],[0.99673049],[3.16177452]
[4.13859629],[1.02700757],[3.39245579]
[4.30632495],[1.04828319],[3.54887918]
[4.58393948],[1.05866968],[3.817721]
[4.74592858],[1.11759757],[4.14583589]
[4.97630495],[1.18963634],[4.49825316]
[5.07154487],[1.25717296],[4.79265182]
[5.26344079],[1.29356825],[5.13486713]
[5.34415036],[1.32717377],[5.38340779]
[5.50304579],[1.35144519],[5.67394676]
[5.62237411],[1.39013704],[5.87984474]
[5.72772382],[1.39777056],[6.11669015]
[5.85941594],[1.44782601],[6.33650395]
[6.00443276],[1.45314894],[6.56016188]
[6.0787583],[1.49312721],[6.77128175]
[6.25003594],[1.50342391],[6.97219371]
[6.28526064],[1.53583669],[7.16908121]
[6.44747755],[1.54579796],[7.3362984]
[6.38507058],[1.56251807],[7.46955442]
[6.52287745],[1.56692533],[7.61205617]
[6.45193429],[1.58266221],[7.72314538]
[6.65401015],[1.58647926],[7.86508845]
[6.58837401],[1.60151247],[7.92395317]
[6.72896803],[1.60272969],[8.02396876]
[6.6959402],[1.61676462],[8.07110089]
[6.77932402],[1.62010628],[8.1429642]
[6.86225448],[1.63150774],[8.24852379]
[6.85322548],[1.64007029],[8.28401064]
[6.93740527],[1.65980086],[8.38887218]
[6.91571157],[1.67338484],[8.40809851]
[6.93222755],[1.68288627],[8.45338434]
[6.91782751],[1.69279367],[8.47659154]
[6.91591023],[1.70323014],[8.50262452]
[6.90090258],[1.71462304],[8.53413187]
[6.90326459],[1.72095391],[8.53848362]
[6.86856464],[1.71866543],[8.54446269]
[6.8520391],[1.71043766],[8.53191328]
[6.84348906],[1.70137521],[8.51431504]
[6.83804879],[1.68968733],[8.48592018]
[6.82278686],[1.67808105],[8.44280294]
[6.81570467],[1.66533302],[8.39123762]
[6.81137906],[1.65398202],[8.33876023]
[6.78348104],[1.64637888],[8.28136733]
[6.70434071],[1.64211188],[8.21564762]
[6.63367786],[1.63808507],[8.16558957]
[6.56643395],[1.63401897],[8.11362596]
[6.48894883],[1.62923226],[8.05612532]
[6.45979679],[1.62264434],[7.99798661]
[6.4442607],[1.61744129],[7.93761316]
[5.94107519],[1.61092985],[7.49688982]
[5.16235077],[1.60248868],[6.43801245]
[4.3886887],[1.59197015],[5.30626322]
[3.61588381],[1.58106261],[4.10454115]
[2.51187704],[0.9018718],[2.01915168]
[3.40392368],[0.94879046],[2.79117892]
[4.10427484],[1.01423641],[3.25898515]
[4.19705964],[1.04112513],[3.48902999]
[4.47891515],[1.06868187],[3.79889506]
[4.72966845],[1.14897666],[4.21561033]
[4.86326134],[1.22184403],[4.58193242]
[5.12143542],[1.28332791],[4.94068658]
[5.2495976],[1.33829394],[5.26930972]
[5.42417455],[1.37200915],[5.65018321]
[5.52288153],[1.40760913],[5.92921199]
[5.66181025],[1.41989233],[6.2104722]
[5.79101453],[1.46439915],[6.43995228]
[5.89992801],[1.4694314],[6.65299898]
[5.99976014],[1.51234718],[6.9170226]
[6.14210656],[1.51393526],[7.10167215]
[6.19263813],[1.54323556],[7.29871234]
[6.3600496],[1.55212522],[7.49496385]
[6.35509355],[1.57188667],[7.65165938]
[6.5475602],[1.5790304],[7.81490555]
[6.46245979],[1.59571709],[7.95099547]
[6.67545471],[1.59984883],[8.12877632]
[6.67905675],[1.61555897],[8.24346977]
[6.8627516],[1.61916859],[8.37398439]
[6.93625937],[1.63380958],[8.43400474]
[7.05108822],[1.63477423],[8.55305672]
[7.07478856],[1.64802657],[8.61730447]
[7.12643807],[1.66304015],[8.70950552]
[7.27057971],[1.6855902],[8.84379503]
[7.20936701],[1.70157055],[8.90894544]
[7.35125677],[1.72037095],[8.99768754]
[7.28784197],[1.73107984],[9.04989187]
[7.32467981],[1.74143466],[9.07037773]
[7.27518824],[1.75214996],[9.11479019]
[7.30673447],[1.76310981],[9.10809133]
[7.259055],[1.77522483],[9.14249981]
[7.29490376],[1.78485159],[9.14993555]
[7.24759573],[1.78487601],[9.15656782]
[7.22725097],[1.77436708],[9.14962766]
[7.21849938],[1.76535854],[9.12870229]
[7.20976786],[1.7529017],[9.09684569]
[7.19888604],[1.74067996],[9.05325693]
[7.19135332],[1.72760509],[8.99684369]
[7.18325887],[1.71591929],[8.94073768]
[7.18864546],[1.70781201],[8.8788136]
[7.12456454],[1.69928172],[8.79463196]
[7.05225564],[1.69017079],[8.72344957]
[6.97942486],[1.68107503],[8.66185922]
[6.89823916],[1.67200203],[8.5968477]
[6.81825792],[1.66227414],[8.52858221]
[6.73674751],[1.65273149],[8.45572309]
[6.15270656],[1.64168458],[7.92361287]
[5.28726673],[1.63439363],[6.79013588]
[4.4826127],[1.62518266],[5.59934986]
[3.70694502],[1.61662986],[4.35800512]
[2.53009887],[0.91023444],[2.07560177]
[3.4374992],[0.96618361],[2.84719816]
[4.15759513],[1.02533677],[3.31997519]
[4.34816587],[1.05323379],[3.67725731]
[4.60937274],[1.15191222],[4.15395043]
[4.85394854],[1.22526308],[4.53197565]
[4.97513543],[1.29768253],[4.87712568]
[5.26157918],[1.34842529],[5.30527913]
[5.41285894],[1.40625931],[5.65045604]
[5.56334594],[1.42874995],[6.02198117]
[5.66670554],[1.46675184],[6.31731027]
[5.79496972],[1.47127191],[6.59029674]
[5.90792143],[1.51271545],[6.84611243]
[6.0345566],[1.51578881],[7.06389884]
[6.09914646],[1.5475836],[7.2645374]
[6.25671357],[1.55149991],[7.45514691]
[6.28415607],[1.57075411],[7.64214313]
[6.43143331],[1.57861726],[7.82943926]
[6.43337064],[1.59770372],[7.99407438]
[6.68231554],[1.60372723],[8.19729833]
[6.72915514],[1.62014517],[8.34082]
[6.91570366],[1.62451436],[8.51398163]
[7.02026025],[1.640632],[8.64588181]
[7.16811686],[1.64432708],[8.81906745]
[7.2855107],[1.66423398],[8.91432559]
[7.39555474],[1.68416583],[9.08103041]
[7.4284528],[1.70525591],[9.15105486]
[7.48816016],[1.72159966],[9.27856688]
[7.64774565],[1.74330851],[9.42012215]
[7.58468235],[1.76103549],[9.502558]
[7.71899945],[1.78160478],[9.60632837]
[7.66183623],[1.79382365],[9.6651798]
[7.66635641],[1.80545536],[9.67705483]
[7.66579728],[1.81678117],[9.72066785]
[7.64785125],[1.82793992],[9.71472164]
[7.65101543],[1.84027562],[9.72844708]
[7.64047416],[1.8480946],[9.73699805]
[7.63891005],[1.84971434],[9.74151955]
[7.59901502],[1.8393849],[9.73219983]
[7.59115289],[1.82920166],[9.71337255]
[7.58330963],[1.81421872],[9.67613008]
[7.56912467],[1.79899334],[9.62381209]
[7.56689263],[1.78454661],[9.55470124]
[7.55929224],[1.77499859],[9.49111337]
[7.5638584],[1.76581793],[9.43609646]
[7.53398866],[1.75727405],[9.35180642]
[7.46637449],[1.74908817],[9.27852442]
[7.38880542],[1.74050152],[9.21427268]
[7.30528553],[1.73124634],[9.14217868]
[7.22223245],[1.72157976],[9.05828988]
[7.13911827],[1.71308156],[8.97398121]
[6.52159193],[1.69691014],[8.36784143]
[5.65615205],[1.6777161],[7.17552649]
[4.80288301],[1.65824407],[5.92966481]
[3.9520921],[1.64328577],[4.63634625]
[2.5484117],[0.91939263],[2.11465224]
[3.4653336],[0.97537312],[2.89520666]
[4.22008734],[1.0342851],[3.43171146]
[4.45789974],[1.12344327],[3.95932629]
[4.69561822],[1.22322968],[4.41211061]
[4.95145625],[1.28215071],[4.78632124]
[5.09044889],[1.35488593],[5.16245396]
[5.36681328],[1.39118506],[5.61360122]
[5.54489762],[1.45250375],[5.96316449]
[5.67824206],[1.46048098],[6.33779356]
[5.79029302],[1.5005048],[6.66264174]
[5.92538918],[1.50455844],[6.93564289]
[6.02448149],[1.54030248],[7.19792404]
[6.14450844],[1.54266828],[7.37650552]
[6.19290058],[1.56740007],[7.58377714]
[6.34395286],[1.57138219],[7.78117515]
[6.34938737],[1.58981018],[7.95027615]
[6.50508882],[1.59812421],[8.16685894]
[6.59659255],[1.61540794],[8.34061482]
[6.90839362],[1.62500241],[8.54163179]
[7.07577873],[1.64102534],[8.67878566]
[7.22260993],[1.64788428],[8.88677378]
[7.36484348],[1.66266754],[9.06773969]
[7.50681794],[1.67823275],[9.29850331]
[7.59709742],[1.70381803],[9.42407433]
[7.76435136],[1.72153293],[9.60728586]
[7.76348487],[1.74096176],[9.6780832]
[7.85863034],[1.75722863],[9.80945006]
[8.00525247],[1.77908697],[9.98930487]
[7.95295879],[1.80093756],[10.05017581]
[8.07310623],[1.82021429],[10.18689669]
[8.0274337],[1.83199859],[10.21655007]
[7.98450972],[1.84373954],[10.24794811]
[8.02911397],[1.85477223],[10.28015115]
[7.96843404],[1.86564098],[10.29020818]
[8.02410429],[1.87727636],[10.28593888]
[7.97448517],[1.88197795],[10.29868367]
[8.01708886],[1.88312396],[10.29386062]
[7.96148691],[1.87031803],[10.2745373]
[7.95771899],[1.86084705],[10.25196617]
[7.95155153],[1.84638177],[10.21556465]
[7.93421673],[1.83151004],[10.16485259]
[7.93717354],[1.82008842],[10.10626322]
[7.93028003],[1.81061486],[10.03795932]
[7.93106199],[1.80202],[9.97159825]
[7.93120977],[1.79200498],[9.87915457]
[7.87784802],[1.78261865],[9.78442943]
[7.79740329],[1.77327741],[9.69705216]
[7.70721466],[1.76280051],[9.61402764]
[7.62663877],[1.75346151],[9.52378397]
[7.54231445],[1.74498167],[9.43369367]
[6.89051674],[1.73029341],[8.76563362]
[6.02515627],[1.71143367],[7.53113278]
[5.17176553],[1.69271758],[6.25123515]
[4.31931703],[1.67402918],[4.90952907]
[2.56155987],[0.92973424],[2.15719008]
[3.47730977],[0.9880156],[2.94916428]
[4.24509453],[1.04670867],[3.63391267]
[4.55562245],[1.16765657],[4.19806828]
[4.7808755],[1.27063008],[4.62762179]
[5.04834256],[1.31716282],[5.03580525]
[5.20825032],[1.39541462],[5.43755231]
[5.47346575],[1.42360491],[5.90248819]
[5.68013881],[1.48766499],[6.27867069]
[5.79232791],[1.49126406],[6.65015052]
[5.89813336],[1.53024096],[7.00109832]
[6.04813953],[1.53346379],[7.28748029]
[6.10705272],[1.56467551],[7.4903842]
[6.24929536],[1.56584162],[7.68658814]
[6.26953737],[1.58689355],[7.87252719]
[6.41031229],[1.59398899],[8.07720628]
[6.42731625],[1.61044008],[8.24536678]
[6.64535456],[1.62306233],[8.47013607]
[6.90292033],[1.64016561],[8.66039391]
[7.20158261],[1.65200243],[8.90198919]
[7.39244605],[1.66687323],[9.06926451]
[7.54395454],[1.67536604],[9.32980964]
[7.64940068],[1.69022799],[9.52805203]
[7.828076],[1.71420624],[9.8054419]
[7.87487632],[1.737908],[9.96376713]
[8.08679439],[1.75772928],[10.20669329]
[8.05416793],[1.78283069],[10.29874137]
[8.17051761],[1.81074546],[10.47427303]
[8.30094371],[1.84480402],[10.69426255]
[8.25242344],[1.87017828],[10.77702715]
[8.37351711],[1.88671048],[10.94888705]
[8.3110202],[1.89861922],[10.98274749]
[8.30776633],[1.90892752],[11.01261624]
[8.3211538],[1.91878095],[11.03926791]
[8.29411453],[1.928493],[11.03433939]
[8.31398305],[1.93421023],[11.03015241]
[8.30083102],[1.93786705],[11.02266063]
[8.30976152],[1.93718463],[10.99984555]
[8.2894538],[1.91354256],[10.94626085]
[8.26743069],[1.89343852],[10.89151213]
[8.26368719],[1.87940497],[10.82054319]
[8.2489902],[1.86693489],[10.73662811]
[8.253466],[1.8568517],[10.65674498]
[8.2523095],[1.84754886],[10.57545819]
[8.25803963],[1.83841253],[10.50830029]
[8.26416614],[1.8286101],[10.42947739]
[8.25265388],[1.81942133],[10.33884408]
[8.19038824],[1.81020643],[10.24073283]
[8.09991554],[1.80101711],[10.13893232]
[8.0201448],[1.79045964],[10.02993081]
[7.93759231],[1.78032165],[9.91858084]
[7.2826958],[1.76479015],[9.19795296]
[6.41911888],[1.74591313],[7.92344857]
[5.56536782],[1.72771379],[6.60919301]
[4.71158616],[1.70884154],[5.24123102]
[2.57348282],[0.94067217],[2.18969525]
[3.49076616],[1.00318139],[2.99045931]
[4.25638241],[1.07863915],[3.87110425]
[4.65787619],[1.21756146],[4.43304834]
[4.86203914],[1.3248617],[4.87297016]
[5.14299748],[1.36171525],[5.34746375]
[5.31783626],[1.44191849],[5.76232579]
[5.56862052],[1.46904778],[6.23731492]
[5.79140401],[1.52651332],[6.67088334]
[5.9105089],[1.52862947],[7.01954848]
[6.00127279],[1.56178031],[7.36502264]
[6.14150321],[1.56277913],[7.6312007]
[6.19217896],[1.58689966],[7.84440541]
[6.32349137],[1.59194693],[8.0398568]
[6.32647438],[1.60917009],[8.21028179]
[6.47331127],[1.61971509],[8.4466591]
[6.53016951],[1.63718825],[8.61826749]
[6.89726805],[1.65117038],[8.85928026]
[7.19079161],[1.66765372],[9.0897213]
[7.49183197],[1.6804413],[9.38222096]
[7.6838366],[1.70009793],[9.60583729]
[7.87907141],[1.71599366],[9.94125225]
[7.93855139],[1.7512729],[10.21412653]
[8.14312029],[1.79344485],[10.61491594]
[8.16899215],[1.82602147],[10.87531701]
[8.36922581],[1.85682412],[11.21656565]
[8.40781736],[1.88755733],[11.34973425]
[8.50046976],[1.91315052],[11.61119053]
[8.7237306],[1.9436813],[11.87813979]
[8.64516876],[1.96628686],[11.99456025]
[8.87463402],[1.97787832],[12.20157016]
[8.76682723],[1.98951323],[12.24887788]
[8.82181233],[1.99831994],[12.28585509]
[8.77165557],[2.00649011],[12.30154536]
[8.79864259],[2.01058445],[12.27342922]
[8.74876596],[2.01505476],[12.25925163]
[8.79311005],[2.01919224],[12.21595649]
[8.73538513],[2.01636855],[12.16715446]
[8.76381441],[2.00019559],[12.07443379]
[8.70963099],[1.97605749],[11.97309048]
[8.69927192],[1.94980674],[11.86971513]
[8.67749796],[1.92215331],[11.74428054]
[8.67217888],[1.89947925],[11.61320742]
[8.6670386],[1.88582795],[11.5185335]
[8.66672588],[1.87691509],[11.4125078]
[8.66382985],[1.86734727],[11.26450328]
[8.66604993],[1.85839245],[11.09806405]
[8.59358355],[1.84941588],[10.93301279]
[8.48259006],[1.84072568],[10.81427774]
[8.41154056],[1.83179344],[10.70757573]
[8.33426155],[1.82239919],[10.59396405]
[7.66695341],[1.81004335],[9.82466733]
[6.80487268],[1.78819503],[8.50591952]
[5.95162076],[1.76717755],[7.14676958]
[5.0978513],[1.74872878],[5.72434497]
[2.59170948],[0.95485776],[2.23098963]
[3.52973879],[1.01488982],[3.04772019]
[4.29027697],[1.1194223],[4.05746482]
[4.79040164],[1.25171464],[4.62769988]
[4.96903937],[1.36536231],[5.09789254]
[5.25145538],[1.40148636],[5.59659163]
[5.44146889],[1.48161954],[6.06720326]
[5.68470476],[1.50748208],[6.53524329]
[5.89952442],[1.55548825],[6.96223451]
[6.04720346],[1.5555886],[7.32514706]
[6.092877],[1.58435041],[7.64316965]
[6.2589753],[1.58749233],[7.92930825]
[6.28119019],[1.60830127],[8.11690311]
[6.39847124],[1.6163239],[8.34296669]
[6.43326197],[1.63372137],[8.52274697]
[6.58587879],[1.64659071],[8.75191263]
[6.84627234],[1.66493948],[8.98532002]
[7.18926698],[1.68908682],[9.31441113]
[7.5032685],[1.71371153],[9.64282462]
[7.83179066],[1.73153113],[10.04975844]
[8.0190061],[1.76663752],[10.36839026]
[8.24206474],[1.82758113],[10.87767918]
[8.30437718],[1.87094898],[11.28191364]
[8.52029128],[1.91217978],[11.84889298]
[8.63545988],[1.9445584],[12.19020472]
[8.86249721],[1.97218815],[12.61966403]
[9.04741395],[1.99965364],[12.84613988]
[9.1489182],[2.02220957],[13.06779463]
[9.38376713],[2.04818375],[13.37125995]
[9.30158804],[2.06418588],[13.41596332]
[9.50625186],[2.07477829],[13.65887023]
[9.44302901],[2.0848723],[13.67098906]
[9.45004634],[2.08923932],[13.74987054]
[9.47175247],[2.09312079],[13.74596639]
[9.4125937],[2.09702157],[13.71847552]
[9.44666316],[2.10131523],[13.68793342]
[9.40865259],[2.10541657],[13.64956537]
[9.4231978],[2.10183694],[13.57506249]
[9.3683174],[2.09229385],[13.47218194]
[9.38286956],[2.07392527],[13.34798395]
[9.33683641],[2.05091363],[13.23287304]
[9.31341044],[2.02977596],[13.10439134]
[9.30809419],[2.00628979],[12.95856929]
[9.29936266],[1.98423772],[12.81478456]
[9.30387547],[1.96671628],[12.66124777]
[9.30191779],[1.94678072],[12.48743668]
[9.31381089],[1.92533516],[12.28630447]
[9.31549354],[1.90581152],[12.07758521]
[9.18950294],[1.89668365],[11.83600274]
[9.01480783],[1.88999707],[11.61059992]
[8.82444772],[1.88356193],[11.39217441]
[8.01852584],[1.87426213],[10.50067819]
[7.16217514],[1.85058191],[9.16554562]
[6.31700824],[1.83189983],[7.79639448]
[5.46441634],[1.81399117],[6.35161872]
[2.60477102],[0.96835073],[2.26540724]
[3.57602131],[1.0255384],[3.13047516]
[4.3337589],[1.16851177],[4.22479236]
[4.92618634],[1.29443761],[4.83025656]
[5.09826485],[1.40190159],[5.35577712]
[5.37957215],[1.43866617],[5.8926575]
[5.58072735],[1.51408851],[6.3570558]
[5.813863],[1.53894472],[6.80735307]
[6.0259533],[1.5752303],[7.24223275]
[6.16726054],[1.57821935],[7.58615912]
[6.20268264],[1.60377839],[7.90893053]
[6.35575614],[1.60833185],[8.20616618]
[6.37189694],[1.62804836],[8.40567381]
[6.49764984],[1.64109647],[8.65134368]
[6.58729757],[1.66568964],[8.89527738]
[6.90069994],[1.68708414],[9.22541897]
[7.19418043],[1.7152466],[9.53004413]
[7.51920208],[1.73816443],[9.99014105]
[7.81842703],[1.76010354],[10.38968213]
[8.18416366],[1.82095834],[10.95507636]
[8.39512408],[1.8797137],[11.38703751]
[8.6685115],[1.93624063],[12.02564454]
[8.87379974],[1.97926225],[12.53160005]
[9.07388287],[2.01489138],[13.13647584]
[9.22314765],[2.04340908],[13.52685229]
[9.48331428],[2.06834805],[13.99827338]
[9.59890003],[2.0934388],[14.29376388]
[9.81776111],[2.11393985],[14.59072343]
[10.00893285],[2.13676732],[14.90835806]
[9.9812897],[2.14865807],[14.98500882]
[10.16111002],[2.15781145],[15.24210869]
[10.10750235],[2.16318568],[15.27350185]
[10.16590148],[2.16714504],[15.35246959]
[10.15362294],[2.17109474],[15.38562891]
[10.12595045],[2.17500732],[15.34508032]
[10.12810625],[2.17927394],[15.315947]
[10.12456341],[2.18301124],[15.26491137]
[10.09670173],[2.18102768],[15.18184528]
[10.07610195],[2.17601582],[15.04741933]
[10.04375354],[2.16009996],[14.91929783]
[10.03382387],[2.14113456],[14.77320112]
[9.95117847],[2.1225479],[14.61723388]
[9.94047213],[2.10085928],[14.4527984]
[9.92249505],[2.08111592],[14.26399893]
[9.92857448],[2.06039444],[14.09312134]
[9.93519951],[2.04304379],[13.88717118]
[9.94670439],[2.0253284],[13.72174205]
[9.95498042],[2.00772021],[13.52645192]
[9.91748635],[1.99002412],[13.29218777]
[9.81446631],[1.97181223],[13.03393584]
[9.6578243],[1.95379724],[12.7652075]
[8.79351984],[1.9375186],[11.69420904]
[7.85338269],[1.91708534],[10.2189199]
[6.92702996],[1.88533908],[8.71557914]
[6.00108818],[1.86138069],[7.13797017]
[2.61024774],[0.98384312],[2.3035293]
[3.58126535],[1.0397627],[3.21007849]
[4.33922073],[1.21803155],[4.37170382]
[5.0244902],[1.33778063],[5.02367771]
[5.20401416],[1.43545013],[5.6253633]
[5.47280124],[1.47585532],[6.18156428]
[5.67516547],[1.5441864],[6.60892745]
[5.927315],[1.5657631],[7.08408923]
[6.09355887],[1.5991356],[7.49894675]
[6.26728231],[1.60241815],[7.8577861]
[6.27715369],[1.62587271],[8.20043164]
[6.43488886],[1.64366323],[8.5687758]
[6.48409246],[1.67094099],[8.80936536]
[6.60917209],[1.69213258],[9.1228344]
[6.85580347],[1.71714319],[9.42077395]
[7.18986671],[1.73999439],[9.87426217]
[7.51350982],[1.76528124],[10.29923135]
[7.88456651],[1.81575597],[10.88278587]
[8.18729669],[1.87232955],[11.3593703]
[8.5875859],[1.9359975],[12.01788967]
[8.92861087],[1.99415037],[12.55452002]
[9.18300901],[2.04055906],[13.27112892]
[9.37904583],[2.0805044],[13.82390287]
[9.63090339],[2.11041164],[14.43559584]
[9.71076418],[2.13673467],[14.90265102]
[10.00232341],[2.15918832],[15.45401422]
[10.14747457],[2.18279254],[15.79697335]
[10.32753887],[2.20100849],[16.14530284]
[10.65917954],[2.22030052],[16.49545654]
[10.55140508],[2.22630798],[16.60737589]
[10.75344192],[2.23334787],[16.84877938]
[10.65492713],[2.23540314],[16.92145341]
[10.71460918],[2.23838927],[17.02807963]
[10.70590014],[2.24200142],[17.08381889]
[10.67131463],[2.2461502],[17.03775434]
[10.67591388],[2.25103151],[17.02391821]
[10.67642452],[2.25680401],[16.97653584]
[10.63797296],[2.26045156],[16.90132776]
[10.62115188],[2.25640277],[16.78162217]
[10.57042481],[2.24432539],[16.66971462]
[10.57244542],[2.2286251],[16.56522506]
[10.49638211],[2.21302514],[16.40799011]
[10.47991681],[2.19365159],[16.27652395]
[10.45546413],[2.17613974],[16.11305528]
[10.45271847],[2.15751371],[15.93740035]
[10.47067492],[2.13584634],[15.73827801]
[10.49134412],[2.11487291],[15.54836861]
[10.5041149],[2.09979877],[15.33367439]
[10.48912636],[2.08546863],[15.0786951]
[10.50975528],[2.06935674],[14.80767363]
[10.41837246],[2.05379029],[14.5007258]
[9.60000765],[2.03767546],[13.37550942]
[8.69142728],[2.01749624],[11.83402737]
[7.7991864],[1.98979771],[10.24800788]
[6.91004265],[1.95988589],[8.5769855]
[2.61554987],[0.99659426],[2.32913556]
[3.60250038],[1.04959231],[3.28519495]
[4.3597911],[1.26924136],[4.52984524]
[5.10551274],[1.3824174],[5.28992375]
[5.29489128],[1.46995624],[5.95531861]
[5.54193459],[1.5123058],[6.49812638]
[5.76817534],[1.57282666],[6.93370018]
[5.99078744],[1.59293057],[7.41290992]
[6.17157987],[1.62873839],[7.85395328]
[6.34063983],[1.64462969],[8.30077328]
[6.34705824],[1.67538039],[8.68058225]
[6.51075001],[1.696251],[9.10757974]
[6.60353535],[1.71941293],[9.4019688]
[6.85468446],[1.74235532],[9.75733032]
[7.19911533],[1.76688732],[10.18664406]
[7.54231449],[1.81083897],[10.76280686]
[7.88996604],[1.86382283],[11.23943435]
[8.3080595],[1.93119164],[11.91241438]
[8.63061127],[1.99197884],[12.46903409]
[8.99576881],[2.04271075],[13.2564831]
[9.34686153],[2.09683745],[13.85991893]
[9.73338697],[2.13864871],[14.56591874]
[9.86947881],[2.17422366],[15.19215452]
[10.15325149],[2.19977282],[15.85139051]
[10.29259065],[2.22289787],[16.35628758]
[10.5147774],[2.2420311],[17.00167903]
[10.6742188],[2.26206648],[17.43286532]
[10.81795467],[2.27745381],[17.86304064]
[11.06817286],[2.29176178],[18.28498852]
[11.06448863],[2.29941614],[18.43487696]
[11.18093302],[2.30749345],[18.71913338]
[11.15200315],[2.31063411],[18.8282554]
[11.16466091],[2.31579499],[18.99706885]
[11.21128236],[2.32093496],[19.12636556]
[11.13464911],[2.32668419],[19.16093848]
[11.17460476],[2.34049649],[19.19589053]
[11.134942],[2.35215963],[19.20295773]
[11.14685541],[2.35841309],[19.16710041]
[11.08230088],[2.35161556],[19.08110232]
[11.09251502],[2.33320538],[18.97491925]
[11.04811918],[2.31171291],[18.8690109]
[11.03645459],[2.29683929],[18.71795665]
[11.0139575],[2.27923852],[18.56340729]
[11.0039122],[2.26280654],[18.39450951]
[11.02012318],[2.24433096],[18.21719285]
[11.02582515],[2.22484946],[17.97188834]
[11.05351209],[2.20531907],[17.74778451]
[11.06418356],[2.18538586],[17.50347376]
[11.0469186],[2.16794779],[17.21793555]
[11.08284831],[2.15348787],[16.92257738]
[11.06276118],[2.1405914],[16.60187275]
[10.22138075],[2.12712489],[15.34914778]
[9.33887979],[2.11092915],[13.72280783]
[8.46890993],[2.08865603],[12.03471829]
[7.59790939],[2.06227127],[10.24907775]
[2.63245939],[1.00542775],[2.35812507]
[3.65505827],[1.05418597],[3.36713232]
[4.40946508],[1.29378607],[4.63987762]
[5.15454372],[1.40629691],[5.46860577]
[5.35991825],[1.49191913],[6.14443326]
[5.60212933],[1.54098483],[6.70380156]
[5.84508318],[1.60372684],[7.20690221]
[6.0739146],[1.6362206],[7.74500115]
[6.26131219],[1.67507935],[8.24147123]
[6.42767901],[1.69461355],[8.77477781]
[6.44307226],[1.72185636],[9.23740583]
[6.61892861],[1.74309867],[9.69732747]
[6.73469494],[1.76721225],[10.10306549]
[7.08836786],[1.81603795],[10.56079985]
[7.47103215],[1.86397594],[11.05233308]
[7.82042702],[1.93249839],[11.70785276]
[8.14638334],[1.99004524],[12.2250237]
[8.55836274],[2.04665949],[13.00973712]
[8.90439987],[2.10488532],[13.6365477]
[9.26835403],[2.14989134],[14.40948082]
[9.60905447],[2.19656378],[15.1179023]
[10.01687696],[2.2311986],[15.87924392]
[10.21734166],[2.26163411],[16.51764827]
[10.46218339],[2.28403525],[17.25965273]
[10.64501679],[2.30696159],[17.88935328]
[10.82668555],[2.32634276],[18.66585575]
[10.95494504],[2.34517708],[19.243586]
[11.13763036],[2.35730192],[19.81395325]
[11.34535851],[2.39784145],[20.40416654]
[11.41297863],[2.39778363],[20.69854707]
[11.48019216],[2.44222995],[21.060996]
[11.51722018],[2.42662071],[21.27954633]
[11.54997221],[2.44038737],[21.5345344]
[11.61020691],[2.45130081],[21.76224778]
[11.5732964],[2.46233385],[21.873693]
[11.61808475],[2.46906169],[21.95574058]
[11.61010303],[2.4757705],[21.95250392]
[11.6387603],[2.48112831],[21.9365737]
[11.60793987],[2.47659013],[21.82860597]
[11.6271184],[2.45256504],[21.754325]
[11.60943946],[2.42871618],[21.60987827]
[11.59165641],[2.40513302],[21.46979525]
[11.59327821],[2.38101427],[21.2634394]
[11.57416651],[2.35770893],[21.05988053]
[11.59908504],[2.33211236],[20.85910714]
[11.62509699],[2.30451399],[20.62284756]
[11.6534312],[2.28506453],[20.36393695]
[11.67657796],[2.26737895],[20.08927409]
[11.67227577],[2.24969618],[19.76541775]
[11.7134578],[2.2302771],[19.44030225]
[11.64561558],[2.21713702],[18.98665078]
[10.79995743],[2.20540699],[17.54947253]
[9.84742474],[2.19121385],[15.78476742]
[8.95410117],[2.17615771],[13.99084507]
[8.08440693],[2.15596865],[12.08612883]
[2.65178721],[1.00818312],[2.37155743]
[3.71759609],[1.05558996],[3.43489221]
[4.46666393],[1.30499698],[4.71171256]
[5.21206945],[1.41758703],[5.56678135]
[5.41845485],[1.51032732],[6.27946297]
[5.6845405],[1.56781293],[6.89233448]
[5.93378296],[1.62886957],[7.42950423]
[6.17177856],[1.66770567],[8.03228188]
[6.35811411],[1.70379427],[8.57132842]
[6.52761811],[1.72451749],[9.13950815]
[6.56875668],[1.75003255],[9.65254191]
[6.76422288],[1.7883189],[10.19524632]
[6.97245226],[1.83836042],[10.63852216]
[7.33045567],[1.90172203],[11.19752498]
[7.70657934],[1.9604563],[11.70009389]
[8.07716853],[2.01881066],[12.38162845]
[8.37866406],[2.0834981],[12.99059721]
[8.79149877],[2.13986032],[13.85244726]
[9.1521395],[2.19649275],[14.55841954]
[9.51765497],[2.23886239],[15.35937412]
[9.83467148],[2.28357603],[16.14019987]
[10.24536597],[2.31560824],[16.9784811]
[10.5160445],[2.34640702],[17.76424154]
[10.72131044],[2.37576722],[18.70162714]
[10.86692465],[2.42535785],[19.53312715]
[11.0703557],[2.44704188],[20.45032042]
[11.17616157],[2.50589046],[21.26178313]
[11.39236972],[2.51541582],[21.95955632]
[11.58108202],[2.58159651],[22.73929099]
[11.68450084],[2.5882891],[23.22600891]
[11.79554361],[2.63699699],[23.66176841]
[11.84786453],[2.62278431],[23.94262447]
[11.95222609],[2.63597154],[24.26447319]
[11.99687822],[2.64902917],[24.52437392]
[12.06845308],[2.6573122],[24.72626981]
[12.06657351],[2.66431363],[24.8125933]
[12.09990724],[2.67376426],[24.84586355]
[12.08210521],[2.68007527],[24.81629825]
[12.13744036],[2.678571],[24.73267576]
[12.09658729],[2.64026712],[24.6106061]
[12.1536593],[2.60004761],[24.47567287]
[12.08268376],[2.55707877],[24.22757966]
[12.1489005],[2.51205409],[23.99807098]
[12.10443602],[2.47804175],[23.72370703]
[12.12570572],[2.45159936],[23.48650303]
[12.14890588],[2.42355168],[23.20696194]
[12.17153831],[2.39526358],[22.92811154]
[12.19783558],[2.36786952],[22.61496427]
[12.20186702],[2.34119987],[22.23732645]
[12.23436636],[2.31372658],[21.83806671]
[12.08782492],[2.28803335],[21.25925863]
[11.32818059],[2.26964051],[19.69657036]
[10.40170173],[2.25652983],[17.82208158]
[9.46000618],[2.24349159],[15.89082589]
[8.53510336],[2.22611743],[13.88312998]
[2.65164474],[1.01327216],[2.38280284]
[3.71603234],[1.07201657],[3.48101106]
[4.46473077],[1.31972898],[4.75783002]
[5.21271199],[1.4380389],[5.68459131]
[5.46162639],[1.53017463],[6.44236459]
[5.75089217],[1.59213016],[7.08683235]
[5.99222124],[1.64718251],[7.67057968]
[6.22878881],[1.69239638],[8.26246517]
[6.41788277],[1.72564543],[8.81590895]
[6.61024525],[1.74783463],[9.43863841]
[6.66836402],[1.77468065],[9.98909892]
[6.86454197],[1.85127263],[10.6138865]
[7.17491705],[1.91401695],[11.10510668]
[7.51115381],[1.97474101],[11.78619568]
[7.89683353],[2.05253542],[12.33712785]
[8.29644184],[2.10771311],[13.12402527]
[8.59740088],[2.1679539],[13.84056664]
[8.98343705],[2.21929047],[14.69913319]
[9.34425162],[2.27080578],[15.4289016]
[9.74047502],[2.30883586],[16.33155257]
[10.06289001],[2.3488777],[17.15839325]
[10.46872561],[2.39496103],[18.1554316]
[10.7750751],[2.46316491],[19.10797021]
[10.97834544],[2.48874366],[20.07515786]
[11.0992319],[2.56392666],[21.08913293]
[11.34500274],[2.59767379],[22.15246808]
[11.42103558],[2.67027493],[23.09253134]
[11.64618085],[2.6859222],[24.01381694]
[11.87028137],[2.72804882],[24.84015934]
[11.97354847],[2.75048],[25.43120701]
[12.15215298],[2.77314962],[25.94504469]
[12.24601412],[2.77316679],[26.27931251]
[12.39655787],[2.77932027],[26.66592723]
[12.46964576],[2.78403498],[26.91279563]
[12.57143826],[2.79084086],[27.14625466]
[12.61318682],[2.79687432],[27.23739565]
[12.60481118],[2.80462276],[27.2814651]
[12.58753645],[2.81000827],[27.22249349]
[12.57365527],[2.80830563],[27.13594571]
[12.55117873],[2.77805451],[26.99890157]
[12.54951189],[2.74533488],[26.87192648]
[12.52984825],[2.71056097],[26.65671506]
[12.53826874],[2.67019668],[26.45378555]
[12.56045012],[2.62695124],[26.17905097]
[12.5627041],[2.57899479],[25.88277424]
[12.59539152],[2.52355167],[25.51650155]
[12.62908678],[2.48128906],[25.18326576]
[12.65947077],[2.4559576],[24.84760616]
[12.66795845],[2.42837104],[24.43434549]
[12.69987846],[2.3993225],[23.96248211]
[12.53241969],[2.37267336],[23.33035571]
[11.77665447],[2.3468772],[21.65863919]
[10.96681737],[2.31768268],[19.69112811]
[10.03802214],[2.28712577],[17.58748154]
[9.09013619],[2.27081949],[15.46288182]
[2.65753089],[1.0166869],[2.38719525]
[3.74406879],[1.09728746],[3.53440772]
[4.49714989],[1.34572601],[4.90537776]
[5.25659883],[1.46309924],[5.90858516]
[5.51215513],[1.55261107],[6.71972512]
[5.80109393],[1.6175763],[7.36821502]
[6.0448063],[1.66947565],[7.93259101]
[6.30838811],[1.71723768],[8.55464856]
[6.49838333],[1.75127231],[9.14698417]
[6.71092924],[1.77510192],[9.82806724]
[6.76295732],[1.85169254],[10.47456476]
[7.06093093],[1.92248543],[11.17097291]
[7.40646972],[1.99332036],[11.72446727]
[7.75386655],[2.05316942],[12.42756257]
[8.13227126],[2.12710563],[13.09620577]
[8.54811359],[2.17975151],[13.9805696]
[8.88762246],[2.23680489],[14.71287579]
[9.26429333],[2.2850326],[15.59355679]
[9.62221123],[2.33209924],[16.45357789]
[10.0402408],[2.36753057],[17.40695971]
[10.37534925],[2.43875044],[18.3306618]
[10.75097889],[2.50267458],[19.47752933]
[11.01261773],[2.6010634],[20.52359114]
[11.27349018],[2.64029603],[21.64091744]
[11.35512121],[2.70569827],[22.77390546]
[11.61320283],[2.73739034],[23.93752692]
[11.71168103],[2.78635556],[24.95973709]
[11.91698005],[2.80642315],[25.89173535]
[12.17469066],[2.83555337],[26.85432322]
[12.30264767],[2.86007206],[27.45199412]
[12.51012746],[2.86932569],[28.04456497]
[12.66712757],[2.875715],[28.37384125]
[12.76482281],[2.87570124],[28.72262297]
[12.88750054],[2.87756412],[29.01273351]
[12.95191157],[2.88275899],[29.26861554]
[13.07432048],[2.88738254],[29.45001274]
[13.0320303],[2.89320529],[29.47375948]
[13.08265933],[2.8980196],[29.42734663]
[13.03594699],[2.89449674],[29.30464329]
[13.08590886],[2.87349767],[29.20898335]
[13.04107521],[2.84628217],[29.05720798]
[13.0913067],[2.81750785],[28.90112637]
[13.02918439],[2.78484758],[28.65391849]
[13.06486335],[2.74866092],[28.45469601]
[13.01030946],[2.71036672],[28.16090356]
[12.99059323],[2.66449535],[27.83914923]
[13.01948471],[2.6152585],[27.48989776]
[13.05006472],[2.56326122],[27.1051461]
[13.07124339],[2.50933789],[26.68057866]
[13.1132297],[2.47709929],[26.23584493]
[12.92107278],[2.44962932],[25.54818328]
[12.17701793],[2.42275385],[23.82655662]
[11.42408113],[2.39340785],[21.72911123]
[10.59011906],[2.3564769],[19.52233946]
[9.66431399],[2.3196047],[17.26534456]
[2.67907295],[1.02076658],[2.40577838]
[3.80660222],[1.14137892],[3.79115816]
[4.56504283],[1.37913799],[5.23592412]
[5.32583799],[1.50038354],[6.29765724]
[5.60669061],[1.58979673],[7.06310906]
[5.90809867],[1.65303528],[7.71971912]
[6.16588381],[1.70201446],[8.27951643]
[6.4379106],[1.75094688],[8.97837611]
[6.63775156],[1.78899057],[9.65937198]
[6.87326763],[1.87038894],[10.39516979]
[6.9458765],[1.94982045],[11.09137388]
[7.38014176],[2.01448453],[11.93091039]
[7.74859081],[2.0797122],[12.51735134]
[8.11299045],[2.1346413],[13.26387408]
[8.45820358],[2.2025699],[14.0410928]
[8.86851237],[2.2503893],[14.88043035]
[9.23961241],[2.30199632],[15.65074815]
[9.62178949],[2.34515319],[16.62045253]
[9.9352942],[2.40349242],[17.53953659]
[10.35355433],[2.46758644],[18.58883883]
[10.72211568],[2.56937462],[19.69775928]
[11.03033443],[2.65787649],[20.90115085]
[11.26876375],[2.7385196],[22.09888882]
[11.567757],[2.77096743],[23.32922352]
[11.64921825],[2.81687729],[24.48083488]
[11.89470369],[2.84767581],[25.72495651]
[12.04632352],[2.88003317],[26.72178893]
[12.22462849],[2.90290988],[27.7675355]
[12.50244493],[2.92319912],[28.72615912]
[12.68639118],[2.94710731],[29.42114054]
[12.8537992],[2.94818325],[30.09201571]
[13.07064538],[2.95550551],[30.57656341]
[13.12860735],[2.95368444],[30.92792147]
[13.26133721],[2.95353438],[31.29257368]
[13.34129544],[2.95724432],[31.55235227]
[13.42778742],[2.96026799],[31.77558124]
[13.44386215],[2.96395048],[31.82808471]
[13.44628766],[2.96710591],[31.78477236]
[13.44427228],[2.96278414],[31.6418515]
[13.44921165],[2.94641207],[31.51818542]
[13.45227902],[2.92394542],[31.34261908]
[13.45450554],[2.90044266],[31.16619523]
[13.46261632],[2.87404532],[30.93939569]
[13.46187827],[2.84339611],[30.73032288]
[13.47287431],[2.81178566],[30.46145712]
[13.44732072],[2.77420637],[30.13830627]
[13.45142513],[2.73405358],[29.81769845]
[13.4650729],[2.69205973],[29.47059213]
[13.48404402],[2.64641009],[29.090157]
[13.51736164],[2.59404149],[28.63741998]
[13.27646473],[2.53676255],[27.84012071]
[12.52971045],[2.49156707],[26.02099625]
[11.77948756],[2.4622396],[23.88072421]
[11.00564634],[2.42631754],[21.59774849]
[10.12066999],[2.38993767],[19.25298663]
[2.70387618],[1.02749932],[2.43439711]
[3.86481402],[1.20438357],[4.04945766]
[4.62273498],[1.41705502],[5.5159795]
[5.38720767],[1.54030613],[6.66174206]
[5.75979848],[1.62333033],[7.41714145]
[6.06208759],[1.68377623],[8.07360464]
[6.32002628],[1.7309543],[8.68454965]
[6.58710568],[1.77977805],[9.41973697]
[6.80338183],[1.86848672],[10.17671683]
[7.09050223],[1.94760667],[10.95373688]
[7.2974018],[2.0261492],[11.66641669]
[7.68604704],[2.08606164],[12.58278627]
[8.05534793],[2.14711897],[13.24438573]
[8.45623504],[2.20061101],[14.10418924]
[8.79999443],[2.26324312],[14.88614905]
[9.17626823],[2.30785208],[15.73688225]
[9.54584352],[2.35691412],[16.63243436]
[9.96688693],[2.4160823],[17.6940214]
[10.2778087],[2.51302626],[18.70203105]
[10.65935215],[2.60269637],[19.94010282]
[10.97244451],[2.71243351],[21.19093555]
[11.29531088],[2.79026128],[22.50156473]
[11.51749978],[2.85065482],[23.81088378]
[11.81937353],[2.88104255],[25.07151282]
[11.97162292],[2.91124103],[26.27911993]
[12.1842131],[2.94013328],[27.47855535]
[12.38808909],[2.96185441],[28.60833785]
[12.59462419],[2.98367681],[29.58834317]
[12.81148273],[3.00643093],[30.62137044]
[13.06030574],[3.02829766],[31.48479317]
[13.20754333],[3.03774425],[32.206301]
[13.39569809],[3.04726079],[32.82140982]
[13.5330111],[3.05129672],[33.24934072]
[13.61696476],[3.04936662],[33.59885093]
[13.7401198],[3.04719275],[33.90529018]
[13.80141657],[3.04603248],[34.14792935]
[13.85214004],[3.04542718],[34.27020277]
[13.80811033],[3.04544875],[34.18800551]
[13.84818706],[3.04416908],[34.09556921]
[13.80949525],[3.02792052],[33.93052896]
[13.85504662],[3.0011568],[33.796867]
[13.81330244],[2.97593293],[33.56095057]
[13.8635124],[2.95414655],[33.36296575]
[13.82601461],[2.92889364],[33.08324202]
[13.8699033],[2.9032119],[32.85755505]
[13.83560791],[2.87445843],[32.50321289]
[13.8509004],[2.84390801],[32.18963856]
[13.87845783],[2.81109288],[31.8298463]
[13.89528737],[2.77573235],[31.42932833]
[13.91670359],[2.73389385],[30.99798909]
[13.63747563],[2.68922513],[30.21408362]
[12.8846108],[2.64144775],[28.34732679]
[12.13116252],[2.58544472],[26.15947606]
[11.38269944],[2.53284517],[23.78833887]
[10.56677241],[2.50596864],[21.32143861]
[2.7151938],[1.04508971],[2.49305063]
[3.87968525],[1.27296423],[4.25015912]
[4.64680702],[1.45499325],[5.7531828]
[5.41203132],[1.58052312],[6.96693191]
[5.89168637],[1.655199],[7.74569717]
[6.16357513],[1.71627995],[8.43187079]
[6.45523091],[1.75842959],[9.11980472]
[6.72269737],[1.82527089],[9.87029539]
[6.90728057],[1.94436054],[10.67867367]
[7.32286353],[2.02113876],[11.53186015]
[7.62693856],[2.09670765],[12.27322317]
[8.01284153],[2.15241801],[13.23362468]
[8.34282433],[2.21120907],[14.0566633]
[8.74241231],[2.26061073],[14.88648637]
[9.1215096],[2.31717137],[15.71912887]
[9.49230136],[2.35788378],[16.65486834]
[9.83203313],[2.43145341],[17.63623478]
[10.26062859],[2.50277521],[18.74120841]
[10.61016369],[2.62797008],[19.94198758]
[10.92738141],[2.71443099],[21.23433989]
[11.19180701],[2.80588508],[22.54953179]
[11.53403892],[2.87612603],[23.95694957]
[11.76131409],[2.92351507],[25.27249866]
[12.06305273],[2.95491686],[26.61672867]
[12.27105699],[2.97897703],[27.79768792]
[12.49030541],[3.01098787],[29.10464778]
[12.68183982],[3.04537701],[30.26623423]
[12.94668948],[3.07516806],[31.35752625]
[13.11834071],[3.10288626],[32.52810152]
[13.36528615],[3.12481323],[33.48972276]
[13.55905657],[3.14018413],[34.36210832]
[13.72920688],[3.15210481],[35.066087]
[13.92053726],[3.15195889],[35.64062744]
[13.98658069],[3.15086625],[36.04911008]
[14.10760602],[3.14721685],[36.42361633]
[14.1865684],[3.14429158],[36.71820417]
[14.21895865],[3.14232632],[36.8814556]
[14.21852479],[3.14082114],[36.81115165]
[14.21209156],[3.13844108],[36.65218207]
[14.21552304],[3.12457055],[36.46664953]
[14.21564548],[3.10382405],[36.27598873]
[14.22195271],[3.07198413],[36.03765084]
[14.22118211],[3.03585189],[35.78624643]
[14.23417086],[3.0009315],[35.49812387]
[14.2293495],[2.97395083],[35.22784591]
[14.23991279],[2.94910493],[34.87429504]
[14.21739359],[2.92288989],[34.52701785]
[14.24487517],[2.89598286],[34.18396646]
[14.26228931],[2.86637347],[33.77643993]
[14.27660269],[2.83290112],[33.3228636]
[13.99101609],[2.79635756],[32.49148729]
[13.23864297],[2.75765572],[30.57119631]
[12.48273983],[2.70859038],[28.29283958]
[11.73498898],[2.6456097],[25.89792749]
[10.97039219],[2.60058676],[23.37759098]
[2.73993903],[1.07840305],[2.57171517]
[3.91105017],[1.3305777],[4.4830027]
[4.67788571],[1.4940356],[6.00545621]
[5.43954945],[1.61502291],[7.26114592]
[6.0293558],[1.68715358],[8.10935522]
[6.27827506],[1.74609217],[8.83311552]
[6.57570173],[1.79214526],[9.54837221]
[6.85497448],[1.88458799],[10.36105094]
[7.02962699],[2.01152757],[11.21536466]
[7.53047789],[2.08564075],[12.10295404]
[7.89147039],[2.15951839],[12.91672838]
[8.32028819],[2.21156057],[13.97490974]
[8.62936889],[2.26767927],[14.81564051]
[9.01205143],[2.3122787],[15.68837818]
[9.40280334],[2.36677539],[16.62062721]
[9.79723085],[2.42452865],[17.65069381]
[10.11711818],[2.51706323],[18.67632983]
[10.53514219],[2.612992],[19.94792043]
[10.87581663],[2.73009504],[21.24751749]
[11.1617301],[2.80655202],[22.56813352]
[11.3928807],[2.88311172],[23.9724126]
[11.73635795],[2.94594328],[25.33967336]
[11.99597136],[2.99201779],[26.72268419]
[12.30631446],[3.02699497],[28.03939811]
[12.56294817],[3.06457155],[29.37965685]
[12.84235256],[3.10062048],[30.67658836]
[12.98436068],[3.12971233],[31.89954918]
[13.26571099],[3.16246598],[33.14565351]
[13.4606501],[3.19154795],[34.38225074]
[13.67429087],[3.21783564],[35.4475009]
[13.90400365],[3.2341812],[36.47761618]
[14.07930831],[3.24816491],[37.38128281]
[14.26713839],[3.25150468],[38.06990003]
[14.40163088],[3.24712532],[38.5540128]
[14.47128962],[3.24059887],[38.91609774]
[14.61170339],[3.23445367],[39.24346349]
[14.5955809],[3.23136096],[39.41977207]
[14.65505565],[3.22854891],[39.43815687]
[14.59747843],[3.22510162],[39.23623146]
[14.6453217],[3.22057876],[39.06680845]
[14.59949682],[3.20385541],[38.82499314]
[14.65068174],[3.17213324],[38.62387045]
[14.60058373],[3.13745699],[38.32093114]
[14.65912553],[3.11572886],[38.07254762]
[14.61126089],[3.06977174],[37.71687497]
[14.65944412],[3.02992586],[37.3843663]
[14.61924561],[2.99501948],[36.9729745]
[14.62266457],[2.96769938],[36.5960748]
[14.64092437],[2.94328324],[36.17672902]
[14.65310376],[2.91516117],[35.70117536]
[14.34823944],[2.88570989],[34.83923619]
[13.5949858],[2.85512488],[32.87809262]
[12.83486852],[2.8154999],[30.54091869]
[12.08580509],[2.76504807],[28.11579541]
[11.33542651],[2.70544594],[25.57705367]
[2.79539931],[1.14233731],[2.69925814]
[3.9405753],[1.38737616],[4.7192042]
[4.70377399],[1.53452099],[6.24038001]
[5.46492889],[1.6533623],[7.54353619]
[6.15660475],[1.72225809],[8.49994858]
[6.43072098],[1.77827862],[9.29177864]
[6.71624471],[1.85214254],[10.06409972]
[6.96922144],[1.97104008],[10.95447887]
[7.30237389],[2.08556679],[11.81824169]
[7.75460956],[2.15494989],[12.78448997]
[8.16528129],[2.2253188],[13.66389464]
[8.62955296],[2.27274596],[14.76675143]
[8.96345241],[2.3227434],[15.64950295]
[9.31347747],[2.36342918],[16.60589408]
[9.70032371],[2.43913483],[17.66685572]
[10.12021084],[2.50812517],[18.72891979]
[10.45303805],[2.63048875],[19.92106864]
[10.82275067],[2.72197351],[21.28545749]
[11.09245911],[2.8144431],[22.62116809]
[11.40627709],[2.88630627],[24.02569726]
[11.61337445],[2.95803058],[25.35165524]
[11.96796945],[3.00518402],[26.83188206]
[12.26523573],[3.06694535],[28.19150379]
[12.60171009],[3.10519642],[29.63450815]
[12.87041589],[3.13794828],[30.97938416]
[13.18759005],[3.1754357],[32.31334381]
[13.33283896],[3.2165095],[33.61761008]
[13.5824055],[3.24641388],[34.93612841]
[13.82168628],[3.29737175],[36.3431453]
[14.01084836],[3.34416649],[37.57248997]
[14.22075461],[3.3789094],[38.82709939]
[14.46064934],[3.39745715],[39.83096659]
[14.6186559],[3.39518728],[40.6541732]
[14.78465284],[3.39445876],[41.28901433]
[14.85461992],[3.3896931],[41.69511562]
[14.96790381],[3.38390618],[42.12019841]
[14.99941975],[3.37904242],[42.31072174]
[15.01730117],[3.37481964],[42.39734141]
[15.01237395],[3.36714834],[42.14995512]
[15.01472075],[3.35332487],[41.93690019]
[15.01188452],[3.32874033],[41.61958102]
[15.01665274],[3.29873313],[41.36418584]
[15.01606611],[3.277352],[41.04280578]
[15.02014135],[3.2672751],[40.739647]
[15.02625987],[3.2203844],[40.37354576]
[15.0224759],[3.15992229],[40.01589285]
[15.03219203],[3.1008227],[39.60904415]
[15.01705874],[3.05859922],[39.1868411]
[15.03957284],[3.02612506],[38.75529991]
[15.03804599],[2.99200522],[38.26150805]
[14.7128196],[2.9584683],[37.2994833]
[13.96223853],[2.9300136],[35.25487797]
[13.20211392],[2.89799288],[32.88939246]
[12.45036155],[2.85634168],[30.40775131]
[11.69970244],[2.80898451],[27.79885995]
[2.86833882],[1.21208978],[2.84926859]
[3.95578889],[1.43701403],[4.93481124]
[4.71519379],[1.57270427],[6.43783672]
[5.47468911],[1.69178121],[7.81959955]
[6.23581079],[1.75473821],[8.92076297]
[6.57166999],[1.81909329],[9.69830563]
[6.86195882],[1.92765368],[10.56192046]
[7.13496999],[2.04104779],[11.49779951]
[7.56239727],[2.14675063],[12.40070501]
[8.01550086],[2.21393215],[13.40315703]
[8.42600661],[2.28212939],[14.45489664]
[8.89916575],[2.3259412],[15.50112342]
[9.28613157],[2.37602726],[16.49143061]
[9.65063047],[2.43724449],[17.62291447]
[9.98745906],[2.54271108],[18.75938882]
[10.39964322],[2.62988933],[19.96212285]
[10.75474646],[2.73705071],[21.28172356]
[11.05655595],[2.81979158],[22.67169196]
[11.3058938],[2.90715373],[24.10904726]
[11.6408234],[2.98034533],[25.44204852]
[11.86966057],[3.04826329],[26.87244352]
[12.19927838],[3.09402104],[28.3331223]
[12.52483259],[3.1403951],[29.78845034]
[12.89216345],[3.17899859],[31.18099248]
[13.17078902],[3.23025528],[32.54934779]
[13.49571124],[3.26963241],[33.97871091]
[13.69434349],[3.31363137],[35.35041546]
[13.89966951],[3.3525393],[36.76655066]
[14.13316503],[3.41847576],[38.42548628]
[14.36975804],[3.45680322],[39.74256914]
[14.53240935],[3.48720352],[41.03332516]
[14.80250163],[3.51215303],[42.19653484]
[14.97147753],[3.52545924],[43.13106267]
[15.14002422],[3.52944954],[43.89792158]
[15.26020299],[3.52983605],[44.42302424]
[15.32640966],[3.53011289],[44.92651389]
[15.41025341],[3.53048608],[45.25067505]
[15.37710225],[3.5310439],[45.36662761]
[15.42846389],[3.52447537],[45.25577049]
[15.38402244],[3.50227264],[45.00990382]
[15.42803385],[3.45652094],[44.69153842]
[15.38225471],[3.43052496],[44.33782238]
[15.43289647],[3.40556925],[43.97771153]
[15.38325118],[3.39408409],[43.57711727]
[15.44316971],[3.35839285],[43.19415785]
[15.38726646],[3.31308929],[42.71583013]
[15.44676608],[3.26244031],[42.33950056]
[15.41046541],[3.21029719],[41.84869274]
[15.42156855],[3.15487521],[41.37997328]
[15.41613876],[3.09300376],[40.88012389]
[15.07904701],[3.06346529],[39.89864505]
[14.33085343],[3.03348074],[37.79001366]
[13.57178542],[2.99950526],[35.33056182]
[12.81825886],[2.96515345],[32.77129679]
[12.06992986],[2.92486065],[30.09440178]
[2.9006433],[1.01544126],[2.26393105]
[3.97474262],[1.22430958],[4.12715772]
[4.73414874],[1.33370269],[5.51722774]
[5.49303918],[1.40599009],[6.85638799]
[6.25337486],[1.51506762],[8.02260894]
[6.75834243],[1.62148094],[8.78793469]
[6.98256385],[1.74200177],[9.69151703]
[7.3972605],[1.84084964],[10.583347]
[7.84917454],[1.93851183],[11.49966246]
[8.30887137],[2.01734178],[12.55680316]
[8.72258103],[2.08920749],[13.57672274]
[9.19165116],[2.15585974],[14.57244211]
[9.5846313],[2.24779099],[15.69961335]
[9.99651792],[2.30712971],[16.81875746]
[10.31497808],[2.43782445],[18.08158241]
[10.68628023],[2.51018265],[19.34491034]
[10.99015454],[2.59869021],[20.64600646]
[11.29975693],[2.6618599],[22.05994672]
[11.51542772],[2.72798024],[23.38762696]
[11.86634857],[2.77639205],[24.79307949]
[12.13702586],[2.84958626],[26.21326645]
[12.46513621],[2.91608266],[27.69249105]
[12.7835582],[2.98056671],[29.15216637]
[13.17423481],[3.03299538],[30.49656248]
[13.46318713],[3.08558779],[32.00229115]
[13.80469277],[3.14785687],[33.48248375]
[14.01557666],[3.21096846],[35.07018266]
[14.24461942],[3.26145119],[36.53745218]
[14.4281074],[3.31676078],[38.28642539]
[14.69745922],[3.35541038],[39.63235452]
[14.85930364],[3.40988925],[41.05303206]
[15.10928601],[3.4373454],[42.25009431]
[15.34425277],[3.45457385],[43.40170696]
[15.4956457],[3.45440588],[44.31920925]
[15.66054646],[3.45338647],[45.00205596]
[15.75295602],[3.4521809],[45.5539583]
[15.83229706],[3.45433917],[46.09598902]
[15.82067979],[3.45158977],[46.25740949]
[15.84552061],[3.45000689],[46.28670142]
[15.83618628],[3.44778756],[45.97412848]
[15.85736421],[3.44559058],[45.66853933]
[15.84968624],[3.44342041],[45.17648108]
[15.86799771],[3.44112603],[44.78699021]
[15.86353344],[3.42837238],[44.30177103]
[15.88117637],[3.40261599],[43.91091388]
[15.88132635],[3.36050225],[43.4055637]
[15.89578628],[3.31804421],[42.97425305]
[15.90168072],[3.27801502],[42.49011586]
[15.8884956],[3.23624425],[41.97307053]
[15.89773414],[3.18752488],[41.42172621]
[15.49013349],[3.13541233],[40.42478044]
[14.75808346],[3.08189219],[38.49637813]
[14.02227259],[3.02782669],[36.27461147]
[13.28828946],[2.98360187],[33.95601875]
[12.55674049],[2.94115798],[31.44278188]
[2.2807764],[0.3070553],[0.4368686]
[3.48330774],[0.49449703],[1.35221968]
[4.48570737],[0.59613912],[2.16970006]
[5.40095272],[0.67175341],[2.92356513]
[6.09967102],[0.81516544],[3.625956]
[6.30203589],[0.92279233],[4.20098125]
[6.70626596],[1.03496629],[4.95385594]
[6.92753262],[1.1275947],[5.64398814]
[7.05811079],[1.21997361],[6.34113371]
[7.68173055],[1.2942132],[7.10058841]
[7.96786789],[1.36974029],[7.78027371]
[8.50145015],[1.4676457],[8.55513807]
[8.9245913],[1.57418814],[9.48405177]
[9.36225226],[1.64760707],[10.39376018]
[9.82144528],[1.75667451],[11.51833036]
[10.23034561],[1.82767321],[12.49883849]
[10.564252],[1.90139108],[13.64178458]
[10.91034679],[1.9567919],[14.7691086]
[11.28527766],[2.01360939],[15.96225551]
[11.6579469],[2.07783436],[17.12062697]
[11.93878334],[2.15032599],[18.37350997]
[12.25601022],[2.21667353],[19.6467632]
[12.59340938],[2.28546202],[20.88298687]
[12.9009325],[2.37425408],[22.08154691]
[13.17576253],[2.43970683],[23.49155685]
[13.53301727],[2.49204701],[24.82340258]
[13.85687647],[2.54742861],[26.33473004]
[14.15564074],[2.59806301],[27.66331871]
[14.49404855],[2.6562614],[29.21636448]
[14.8495903],[2.70302304],[30.43574693]
[15.13168695],[2.75558877],[31.75176832]
[15.39540522],[2.79091651],[32.93328991]
[15.65485723],[2.80834147],[33.99552463]
[15.86427817],[2.80885762],[35.02788316]
[16.0725961],[2.8095702],[35.90377565]
[16.23592748],[2.80994997],[36.5736916]
[16.32031942],[2.81486761],[37.17759297]
[16.38286912],[2.81980963],[37.56245284]
[16.35767008],[2.8201344],[37.71954412]
[16.4064372],[2.81830716],[37.57952283]
[16.39008585],[2.81757367],[37.11352087]
[16.44330612],[2.81683711],[36.64253851]
[16.43321285],[2.81628172],[36.13346776]
[16.48106196],[2.81238923],[35.65638009]
[16.47452611],[2.79193921],[35.1197292]
[16.52100075],[2.75443825],[34.55125028]
[16.52597358],[2.70032618],[33.94608641]
[16.56131791],[2.63665446],[33.36695533]
[16.57441516],[2.58001047],[32.769586]
[16.58340961],[2.53586732],[32.16074004]
[16.16363096],[2.492642],[31.33867599]
[15.44343982],[2.44934633],[29.96773329]
[14.72492451],[2.40348088],[28.29048355]
[14.00637301],[2.36780398],[26.43351842]
[13.28736283],[2.33309279],[24.40275529]
