meltWidth,meltDepth,meltArea
[0.],[0.],[0.]
[0.],[0.],[0.]
[0.],[0.],[0.]
[0.],[0.],[0.]
[0.],[0.],[0.]
[0.],[0.],[0.]
[0.],[0.],[0.]
[0.],[0.],[0.]
[0.],[0.],[0.]
[0.],[0.],[0.]
[0.],[0.],[0.]
[0.],[0.],[0.]
[0.],[0.],[0.]
[0.],[0.],[0.]
[0.],[0.],[0.]
[0.],[0.],[0.]
[0.],[0.],[0.]
[0.],[0.],[0.]
[0.],[0.],[0.]
[0.],[0.],[0.]
[0.],[0.],[0.]
[0.],[0.],[0.]
[0.],[0.],[0.]
[0.],[0.],[0.]
[0.],[0.],[0.]
[0.],[0.],[0.]
[0.],[0.],[0.]
[0.],[0.],[0.]
[0.],[0.],[0.]
[0.],[0.],[0.]
[0.],[0.],[0.]
[0.],[0.],[0.]
[0.],[0.],[0.]
[0.],[0.],[0.]
[0.],[0.],[0.]
[0.],[0.],[0.]
[0.],[0.],[0.]
[0.],[0.],[0.]
[0.],[0.],[0.]
[0.],[0.],[0.]
[0.],[0.],[0.]
[0.],[0.],[0.]
[0.],[0.],[0.]
[0.],[0.],[0.]
[0.],[0.],[0.]
[0.],[0.],[0.]
[0.],[0.],[0.]
[0.],[0.],[0.]
[0.],[0.],[0.]
[0.],[0.],[0.]
[0.],[0.],[0.]
[0.],[0.],[0.]
[0.],[0.],[0.]
[0.],[0.],[0.]
[0.],[0.],[0.]
[0.],[0.],[0.]
[0.83180705],[0.08611365],[0.03448106]
[1.17137899],[0.15386155],[0.10200444]
[1.56014909],[0.2230722],[0.18520719]
[1.65737868],[0.26888182],[0.262543]
[1.83338572],[0.31303219],[0.36074538]
[1.90213425],[0.33916563],[0.41157841]
[2.05962329],[0.35988879],[0.48752732]
[2.17531134],[0.38250678],[0.51458454]
[2.26867552],[0.41620482],[0.59151159]
[2.36379632],[0.44266199],[0.62412145]
[2.42574615],[0.45909886],[0.70649326]
[2.48198937],[0.47686728],[0.75360381]
[2.50747759],[0.49074118],[0.80303836]
[2.52713071],[0.50698684],[0.83225426]
[2.54577634],[0.51875908],[0.86857897]
[2.58293508],[0.52893776],[0.90005521]
[2.62462323],[0.53711108],[0.92986032]
[2.63691441],[0.5394674],[0.93134884]
[2.68139977],[0.53522464],[0.94414855]
[2.6690459],[0.53214851],[0.92395983]
[2.70334463],[0.5302681],[0.93374755]
[2.66712882],[0.52757065],[0.90919274]
[2.68926539],[0.52504511],[0.92170764]
[2.66100305],[0.52313257],[0.89458801]
[2.67969239],[0.52157804],[0.91054497]
[2.65412831],[0.51888738],[0.88360802]
[2.66962573],[0.51696133],[0.90030133]
[2.65271575],[0.5148903],[0.87324587]
[2.66207088],[0.51226624],[0.88678806]
[2.67126625],[0.51430469],[0.8834494]
[2.65938698],[0.51109749],[0.87821132]
[2.65910259],[0.51110923],[0.86982717]
[2.59285605],[0.51099908],[0.81560028]
[2.50382203],[0.51241711],[0.77262107]
[2.37473479],[0.51237014],[0.7232111]
[2.21487282],[0.49176209],[0.66077183]
[2.08057112],[0.46883797],[0.59909475]
[1.94426985],[0.432619],[0.51054165]
[1.80314738],[0.39241487],[0.41224629]
[1.64909104],[0.34647235],[0.30623928]
[1.44021284],[0.29710069],[0.21513061]
[1.1376407],[0.22570325],[0.12636144]
[0.73906064],[0.14332692],[0.05156281]
[0.17849872],[0.03401772],[0.00267791]
[0.],[0.],[0.]
[0.],[0.],[0.]
[0.],[0.],[0.]
[0.],[0.],[0.]
[0.],[0.],[0.]
[0.],[0.],[0.]
[0.],[0.],[0.]
[0.],[0.],[0.]
[2.99184697],[0.10234619],[0.19106367]
[0.],[0.],[0.]
[0.],[0.],[0.]
[0.7139283],[0.15137376],[0.05299274]
[1.73921087],[0.2960191],[0.32436522]
[1.88854512],[0.37799561],[0.48017363]
[2.05809746],[0.49760079],[0.66397108]
[2.31636656],[0.59040366],[0.91661651]
[2.51935284],[0.62638687],[1.06896659]
[2.68243336],[0.64816685],[1.232915]
[2.71002275],[0.67626493],[1.24839895]
[2.76456534],[0.69790303],[1.35093816]
[2.77035083],[0.71534035],[1.38643778]
[2.82026216],[0.7265376],[1.45506822]
[2.82778152],[0.74348846],[1.50692236]
[2.87840694],[0.75608902],[1.58100088]
[2.89103229],[0.77102034],[1.63256959]
[2.93621401],[0.79058359],[1.69635544]
[2.95215597],[0.80879788],[1.74820339]
[2.9889238],[0.81561892],[1.78438423]
[2.99470781],[0.82060199],[1.82293817]
[3.04739021],[0.82452608],[1.85816692]
[3.02921187],[0.83326125],[1.91480011]
[3.08727248],[0.85413462],[1.94569684]
[3.0250191],[0.91159634],[2.01179886]
[3.07593321],[0.92835103],[2.05141898]
[3.0149287],[0.98209671],[2.1165186]
[3.06628006],[0.99451559],[2.14601128]
[3.00853835],[1.03571397],[2.20552935]
[3.05237603],[1.04962095],[2.26149428]
[3.00622035],[1.07916386],[2.32671456]
[3.04702359],[1.09593106],[2.40245329]
[3.02233078],[1.11799213],[2.45530038]
[3.04463098],[1.13520357],[2.56473175]
[3.01226488],[1.14089671],[2.62040867]
[3.02715736],[1.14038485],[2.69635649]
[2.98682856],[1.13844772],[2.70684291]
[2.96646275],[1.13593412],[2.72097187]
[2.92588484],[1.13122295],[2.72558718]
[2.83526844],[1.12270561],[2.67810419]
[2.71791056],[1.11280054],[2.58341657]
[2.5675083],[1.10136316],[2.47949955]
[2.47429835],[1.08755121],[2.34452688]
[2.47100123],[1.070437],[2.18372102]
[2.4139565],[1.0502847],[1.97563805]
[2.37185492],[1.02307058],[1.76719448]
[2.3240741],[0.99283423],[1.5828533]
[2.25267637],[0.88562683],[1.37069396]
[2.19331426],[0.77492436],[1.15980666]
[2.13476522],[0.69698032],[0.78928168]
[2.07698835],[0.64508267],[0.72646671]
[2.00920872],[0.60861526],[0.67719654]
[1.96490978],[0.58199376],[0.64727627]
[1.90515133],[0.57080723],[0.62429485]
[1.81410887],[0.55786039],[0.5951888]
[3.26687553],[0.80365257],[2.02035338]
[1.34625894],[0.13628891],[0.09713712]
[0.],[0.],[0.]
[0.70249781],[0.17924866],[0.06192625]
[1.82597279],[0.31392158],[0.38244944]
[1.99558776],[0.44159265],[0.60212794]
[2.17989172],[0.57979605],[0.83280767]
[2.37890741],[0.67366253],[1.06357995]
[2.57422442],[0.71603999],[1.22588904]
[2.75193791],[0.74141436],[1.39803546]
[2.81529114],[0.77191598],[1.46422763]
[2.86126844],[0.79063692],[1.56068654]
[2.86953099],[0.8082027],[1.62881734]
[2.91942448],[0.82289616],[1.69826943]
[2.91799828],[0.84192855],[1.74695099]
[2.96307028],[0.85600329],[1.80472288]
[2.9911876],[0.87054153],[1.86271304]
[3.01423663],[0.88445913],[1.90015009]
[3.03336815],[0.89765851],[1.95494774]
[3.03515473],[0.90446925],[1.96346958]
[3.0594463],[0.9115621],[2.04311465]
[3.06134547],[0.91433122],[2.04340281]
[3.07267506],[0.92181541],[2.15171451]
[3.08074939],[0.91872013],[2.13717905]
[3.07181916],[0.99636534],[2.26192533]
[3.06850048],[0.98887292],[2.25327782]
[3.07051601],[1.06282982],[2.38066993]
[3.06652795],[1.05782759],[2.37997898]
[3.06357217],[1.11740566],[2.49560055]
[3.0663562],[1.12638558],[2.53122519]
[3.05907406],[1.1661341],[2.62137365]
[3.06670072],[1.18104903],[2.68799469]
[3.07191599],[1.20805458],[2.75867123]
[3.06743276],[1.21926094],[2.8617568]
[3.06544812],[1.23268024],[2.93099452]
[3.0409632],[1.23295481],[2.98186383]
[2.99449602],[1.23140594],[3.00285862]
[2.94961917],[1.22941333],[3.03378495]
[2.8543724],[1.22470219],[3.0551703]
[2.84757866],[1.21996411],[3.00850239]
[2.86868443],[1.20755131],[2.91121042]
[2.90237641],[1.18948126],[2.79930328]
[2.91305648],[1.16763072],[2.66060466]
[2.88215258],[1.14608669],[2.49937666]
[2.82253391],[1.12108067],[2.27095911]
[2.76767193],[1.09153223],[2.06931268]
[2.71334713],[1.0443772],[1.866913]
[2.65326381],[0.94259167],[1.65249043]
[2.59551774],[0.85715288],[1.26179713]
[2.53445351],[0.78429345],[1.12022972]
[2.47653441],[0.72858718],[1.0190727]
[2.38302401],[0.68555037],[0.93289968]
[2.30402871],[0.65856213],[0.87920773]
[2.22277459],[0.64770769],[0.83122318]
[2.102839],[0.64152293],[0.79047138]
[3.11676382],[0.80920952],[2.91850305]
[2.52570256],[0.31680712],[0.46104007]
[1.02117251],[0.07424259],[0.03478784]
[0.47005151],[0.22917741],[0.05317938]
[1.93679588],[0.33031955],[0.45322168]
[2.11744894],[0.50839281],[0.74152271]
[2.28365093],[0.65450954],[1.01180163]
[2.42406452],[0.7396067],[1.2364946]
[2.60117068],[0.7830852],[1.38450489]
[2.7985432],[0.81189185],[1.56270414]
[2.8536724],[0.8461652],[1.65212013]
[2.90498863],[0.87036038],[1.75465295]
[2.91233274],[0.8861036],[1.8140128]
[2.95962744],[0.8978518],[1.88233763]
[2.98701663],[0.91328307],[1.93413883]
[3.01389706],[0.92455693],[1.96677936]
[3.04820638],[0.93765099],[2.04041187]
[3.03412218],[0.95101305],[2.02695606]
[3.07760678],[0.96257642],[2.13355483]
[3.06086743],[0.97025131],[2.1019151]
[3.10607323],[0.97625725],[2.25989774]
[3.09009817],[0.97784226],[2.23712728]
[3.11834267],[1.04038612],[2.4092492]
[3.09424393],[1.02227504],[2.3567003]
[3.11706373],[1.10626769],[2.54502336]
[3.09989588],[1.09580177],[2.53071572]
[3.11138463],[1.16218196],[2.67285986]
[3.10041669],[1.15172045],[2.66906975]
[3.10360021],[1.2077152],[2.79594761]
[3.10023596],[1.2016434],[2.82030802]
[3.09776778],[1.24519313],[2.92495458]
[3.10147136],[1.24065196],[2.96748703]
[3.10542881],[1.25925451],[3.03424788]
[3.09477659],[1.26066313],[3.14098703]
[3.05798959],[1.2742029],[3.19290383]
[3.00864657],[1.28007137],[3.26193827]
[2.92443324],[1.27932056],[3.29006127]
[2.93530992],[1.27503346],[3.24138363]
[2.98689273],[1.26927614],[3.17801806]
[3.02860902],[1.26308588],[3.08268404]
[3.06138796],[1.25169047],[2.97567187]
[3.10802674],[1.23122873],[2.85582216]
[3.14242506],[1.19796674],[2.72049356]
[3.12980275],[1.16712708],[2.53541617]
[3.07503555],[1.13806423],[2.34587745]
[3.01975692],[1.09428916],[2.15603112]
[2.96248446],[0.99820343],[1.9633826]
[2.90113877],[0.92146483],[1.75959236]
[2.84625144],[0.85823317],[1.54010631]
[2.78208716],[0.80082539],[1.38649097]
[2.71861531],[0.75677134],[1.2691933]
[2.64926571],[0.71641646],[1.15362282]
[2.58470192],[0.67764561],[1.07323327]
[2.51284561],[0.6510116],[0.99376812]
[2.43623581],[0.64129432],[0.92590112]
[3.1665146],[0.8172402],[3.18355686]
[2.47308361],[0.57349605],[1.19452575]
[1.92561025],[0.25684176],[0.26332284]
[0.31596168],[0.23061468],[0.03598012]
[2.05045692],[0.30289777],[0.5143399]
[2.18213071],[0.54421114],[0.8582344]
[2.3423105],[0.6930664],[1.14914021]
[2.44363238],[0.78613292],[1.38029133]
[2.54134076],[0.83177595],[1.50021855]
[2.79399284],[0.8616035],[1.69365254]
[2.87484728],[0.89703145],[1.79715118]
[2.94375789],[0.91846505],[1.90267786]
[2.98040352],[0.93511969],[1.97504874]
[3.01751926],[0.94966678],[2.01772879]
[3.03599752],[0.96829921],[2.080851]
[3.04119928],[0.98240041],[2.08279956]
[3.07336414],[0.99700957],[2.17657897]
[3.06065544],[1.00842816],[2.15191782]
[3.10483648],[1.01947136],[2.31125393]
[3.07583632],[1.02756207],[2.26679062]
[3.13340924],[1.06188565],[2.48093075]
[3.10647126],[1.06710246],[2.45094948]
[3.14434146],[1.1465787],[2.66028167]
[3.10104882],[1.14151678],[2.60417188]
[3.14464404],[1.20309682],[2.79756795]
[3.11530537],[1.20294665],[2.77263523]
[3.14424302],[1.24892283],[2.93494346]
[3.12029889],[1.25159156],[2.93386676]
[3.13622161],[1.27994009],[3.05875277]
[3.12019098],[1.28003118],[3.07446654]
[3.12184004],[1.29271174],[3.1627318]
[3.07088202],[1.29670539],[3.17604974]
[3.05114299],[1.30118606],[3.25419085]
[2.93183733],[1.30709165],[3.30608618]
[2.96424357],[1.30802282],[3.30883873]
[2.9782356],[1.30517469],[3.24143807]
[3.06936038],[1.30297647],[3.14126778]
[3.07092285],[1.29761364],[3.05161143]
[3.12103434],[1.28829426],[2.98915897]
[3.16347791],[1.27726505],[2.88413315]
[3.20038811],[1.25959362],[2.77658708]
[3.24258131],[1.22831376],[2.66332874]
[3.27439909],[1.1909384],[2.54328769]
[3.31127642],[1.15916282],[2.41884052]
[3.28273689],[1.07371718],[2.27920167]
[3.23111436],[1.01512215],[2.11704752]
[3.17988233],[0.97689775],[1.94942503]
[3.12244148],[0.88297422],[1.76539]
[3.06656401],[0.83845633],[1.62813427]
[3.00132066],[0.78893788],[1.50024179]
[2.92886884],[0.74872921],[1.37746054]
[2.85350126],[0.7048568],[1.25659698]
[2.78129273],[0.66397511],[1.16474119]
[2.71097956],[0.64409332],[1.0933444]
[2.6433601],[0.6165753],[1.02146724]
[3.13823466],[0.93568167],[3.41146083]
[2.43707173],[0.55906912],[1.50153667]
[2.24566091],[0.31561282],[0.73155961]
[1.34883748],[0.21060825],[0.19346699]
[2.08197711],[0.32966362],[0.52031997]
[2.25215294],[0.56500142],[0.94037807]
[2.38467451],[0.73564609],[1.25263446]
[2.48038816],[0.84206133],[1.51024756]
[2.53690769],[0.88897951],[1.62252811]
[2.72226748],[0.91426792],[1.76979713]
[2.8760206],[0.95572326],[1.92319409]
[2.95675624],[0.98482816],[2.03125418]
[2.98476563],[1.00266792],[2.1458588]
[3.01459423],[1.01622214],[2.18620717]
[3.03347747],[1.03340081],[2.29305261]
[3.04601014],[1.04653093],[2.30397668]
[3.0809828],[1.0578819],[2.48049918]
[3.05724036],[1.06725357],[2.45426341]
[3.11877267],[1.14003813],[2.71585411]
[3.07624481],[1.14745071],[2.66403031]
[3.14812968],[1.22831174],[2.89977736]
[3.10486386],[1.23094266],[2.847488]
[3.15830601],[1.28075159],[3.03945309]
[3.10808188],[1.28329661],[2.99276064]
[3.1594872],[1.32235918],[3.18126023]
[3.13036989],[1.32695453],[3.17781636]
[3.16164326],[1.35523716],[3.32173231]
[3.11945152],[1.35712931],[3.32605921]
[3.15466423],[1.36658547],[3.46834439]
[3.10046191],[1.37171429],[3.47148373]
[3.10552062],[1.3671222],[3.60707294]
[2.99609315],[1.38119563],[3.55933777]
[3.03323477],[1.37740508],[3.57546548]
[3.05588444],[1.38565395],[3.50967792]
[3.1399806],[1.3752324],[3.43071473]
[3.12412766],[1.36954449],[3.3306023]
[3.1990553],[1.36491703],[3.22462368]
[3.18523512],[1.35906929],[3.13103195]
[3.22040768],[1.34491553],[3.07061585]
[3.25573773],[1.32988016],[2.9635132]
[3.28738051],[1.30815763],[2.8689917]
[3.3246468],[1.26852133],[2.76020876]
[3.35098059],[1.23287205],[2.65212683]
[3.39227633],[1.18734243],[2.544522]
[3.40470051],[1.12958105],[2.43909607]
[3.36381492],[1.09937937],[2.30572008]
[3.32222422],[1.05915156],[2.15265319]
[3.27972636],[0.94160708],[1.98968946]
[3.2331642],[0.89162487],[1.84461392]
[3.17026135],[0.83567881],[1.69547447]
[3.10814088],[0.78000303],[1.56040586]
[3.04317798],[0.72695179],[1.42609126]
[2.97437726],[0.67923646],[1.31892583]
[2.90693864],[0.65669578],[1.23304127]
[2.84542648],[0.63614156],[1.15999598]
[3.50619476],[1.00208913],[3.73217232]
[2.56459979],[0.62160373],[1.7176947]
[2.09612676],[0.42647403],[0.79880712]
[1.57712775],[0.3461921],[0.35515739]
[2.09815371],[0.3715194],[0.56285412]
[2.28839647],[0.59798962],[1.00039959]
[2.40619271],[0.77639199],[1.3289497]
[2.49449749],[0.88033196],[1.5900602]
[2.5463872],[0.9213133],[1.70088958]
[2.77748655],[0.95133338],[1.88330647]
[2.92822003],[0.99736235],[2.07966141]
[2.98741342],[1.02495196],[2.20020966]
[3.02234937],[1.04108448],[2.36695415]
[3.04879538],[1.05351841],[2.41595158]
[3.07905814],[1.06098483],[2.52300847]
[3.08428567],[1.06628276],[2.52448393]
[3.13737275],[1.08145192],[2.72395686]
[3.10736188],[1.10027632],[2.69756163]
[3.1757286],[1.19242538],[2.93661304]
[3.12614732],[1.20111572],[2.88749577]
[3.1949663],[1.27825571],[3.11372645]
[3.14166097],[1.28001899],[3.07630335]
[3.19950443],[1.33298439],[3.27728092]
[3.14186275],[1.33245253],[3.23834214]
[3.19566625],[1.37409317],[3.43175516]
[3.15909385],[1.37421082],[3.46879638]
[3.18954552],[1.4065073],[3.64454719]
[3.13637657],[1.40346447],[3.64944555]
[3.18579086],[1.41893717],[3.78990201]
[3.11617388],[1.41858143],[3.70124672]
[3.15003204],[1.42102272],[3.79419824]
[3.02974577],[1.429228],[3.67147922]
[3.03625723],[1.42957173],[3.70387287]
[3.06096206],[1.43423249],[3.64820754]
[3.13911043],[1.42826865],[3.56088036]
[3.12824018],[1.42343764],[3.46233381]
[3.19780364],[1.41577661],[3.33407079]
[3.18304442],[1.40480673],[3.23215818]
[3.20982098],[1.39283412],[3.16112197]
[3.23917991],[1.37824038],[3.0592213]
[3.26737153],[1.3582616],[2.96392211]
[3.30336627],[1.32328055],[2.86788438]
[3.33210459],[1.28201056],[2.76523356]
[3.3792468],[1.2487259],[2.67602032]
[3.44694224],[1.18014704],[2.57853586]
[3.47370814],[1.11924964],[2.45259051]
[3.43165726],[1.0655218],[2.31341333]
[3.39142411],[0.9753392],[2.12735482]
[3.34256577],[0.90825964],[1.95251435]
[3.27951921],[0.83937162],[1.7803062]
[3.21822705],[0.76634213],[1.62026235]
[3.15598437],[0.70086336],[1.45323438]
[3.08625326],[0.63744885],[1.30183034]
[3.01589957],[0.58111646],[1.16710724]
[2.95418235],[0.52432464],[1.03165935]
[4.83405702],[1.12744261],[4.28279008]
[2.84497534],[0.67229591],[1.95214421]
[2.23030708],[0.46999997],[0.95250461]
[1.83890696],[0.43169159],[0.41644648]
[2.09823042],[0.40219255],[0.63202448]
[2.32932779],[0.64301157],[1.08129452]
[2.43944665],[0.80618884],[1.41331002]
[2.50668986],[0.90861605],[1.66273499]
[2.55362589],[0.94631244],[1.76868191]
[2.85609213],[0.97794207],[2.08342609]
[2.99123142],[1.02411611],[2.36876711]
[3.05167884],[1.04670055],[2.47039876]
[3.08474875],[1.05720533],[2.59216757]
[3.11327953],[1.0634015],[2.6150772]
[3.13102922],[1.07131961],[2.75221782]
[3.12818287],[1.07844808],[2.74494387]
[3.17259599],[1.16872973],[2.95085404]
[3.13671156],[1.1818458],[2.92971195]
[3.20615453],[1.26385286],[3.15666372]
[3.15471721],[1.27256455],[3.12617456]
[3.22601022],[1.3339341],[3.34708937]
[3.16935315],[1.33516445],[3.31666943]
[3.23175966],[1.37793806],[3.50738614]
[3.17031474],[1.37839812],[3.51947717]
[3.22954689],[1.41248939],[3.72550698]
[3.17290182],[1.41363262],[3.71882376]
[3.22213578],[1.43638718],[3.8592337]
[3.14006795],[1.4328536],[3.76659059]
[3.2116592],[1.44444614],[3.89458194]
[3.11362505],[1.44335027],[3.76899567]
[3.16566979],[1.44718774],[3.89028915]
[3.03432883],[1.44938308],[3.74272059]
[3.07452234],[1.45119102],[3.78927127]
[3.09568265],[1.45155823],[3.71773632]
[3.17267683],[1.44767186],[3.63946282]
[3.16152489],[1.44268466],[3.52917403]
[3.23046667],[1.43308884],[3.39133158]
[3.2161419],[1.42191965],[3.29035633]
[3.24273622],[1.40935877],[3.22378035]
[3.26680878],[1.39519691],[3.13278686]
[3.2946367],[1.3780307],[3.05070377]
[3.33154185],[1.34337888],[2.96289919]
[3.36176922],[1.3020981],[2.85465553]
[3.40730645],[1.26139263],[2.74921575]
[3.47765646],[1.19562048],[2.65490718]
[3.54548589],[1.11874659],[2.52646214]
[3.56593302],[1.03217106],[2.38603039]
[3.52041881],[0.98326494],[2.241095]
[3.47637286],[0.94236212],[2.11494532]
[3.41245133],[0.88868676],[1.93823988]
[3.34818978],[0.82619459],[1.78858788]
[3.28619159],[0.76710058],[1.65098091]
[3.22102134],[0.71147988],[1.51138669]
[3.17184801],[0.65463354],[1.39712622]
[3.11851772],[0.58199645],[1.26221498]
[6.07477067],[1.17566097],[4.61442125]
[3.47424412],[0.87356118],[2.22833653]
[2.42736377],[0.48950535],[1.0546118]
[1.99415612],[0.45161499],[0.48279518]
[2.08909168],[0.43833739],[0.77813664]
[2.3600151],[0.6842801],[1.16126543]
[2.46323645],[0.83463069],[1.49627724]
[2.52134189],[0.93580025],[1.73083893]
[2.56941282],[0.96940115],[1.83867507]
[2.96999628],[1.00213232],[2.37416703]
[3.06934976],[1.04420486],[2.53268813]
[3.11490575],[1.0575255],[2.62954545]
[3.13128193],[1.06508983],[2.75062825]
[3.15602049],[1.07127136],[2.79015202]
[3.16690722],[1.12224345],[2.94346919]
[3.1663688],[1.13396262],[2.97228926]
[3.21111814],[1.22775095],[3.1617622]
[3.17205215],[1.23172106],[3.13581352]
[3.24342891],[1.30071527],[3.35822531]
[3.18374711],[1.30324858],[3.31408704]
[3.25829605],[1.36041255],[3.51193392]
[3.2041552],[1.35924945],[3.50626448]
[3.26140467],[1.40243866],[3.67134586]
[3.18007409],[1.40205853],[3.65648944]
[3.25764783],[1.4318604],[3.86690992]
[3.18206575],[1.42621022],[3.82128966]
[3.248916],[1.44280661],[3.96151467]
[3.14164457],[1.43903952],[3.82844756]
[3.20815536],[1.45018808],[3.95226285]
[3.05595155],[1.44742955],[3.74967759]
[3.05482845],[1.4527852],[3.88133642]
[3.0697187],[1.45206919],[3.63382074]
[3.13297692],[1.45301815],[3.68144839]
[3.14776233],[1.45330196],[3.57578671]
[3.22699788],[1.4505137],[3.48906179]
[3.21180352],[1.443539],[3.39401262]
[3.28255683],[1.43178941],[3.28758481]
[3.26455518],[1.41750853],[3.20282418]
[3.29006055],[1.40097837],[3.15025586]
[3.3100365],[1.38508057],[3.08746896]
[3.33594852],[1.36704387],[3.01632846]
[3.3724985],[1.32994564],[2.92984017]
[3.40274002],[1.28112623],[2.8106946]
[3.4478548],[1.18437784],[2.68197829]
[3.51728133],[1.10606929],[2.53819062]
[3.58584068],[1.03581655],[2.41009256]
[3.62979795],[0.98658111],[2.32456897]
[3.610433],[0.95210611],[2.22026863]
[3.56751657],[0.91654467],[2.1045568]
[3.51134319],[0.88191249],[1.96793096]
[3.44814967],[0.84105366],[1.84724889]
[3.38918383],[0.78489278],[1.72055254]
[3.32207668],[0.72975011],[1.57953656]
[3.26199577],[0.6825203],[1.49015483]
[3.21771],[0.61597125],[1.38990319]
[6.42521702],[1.23676353],[5.03534567]
[4.66745983],[0.95601246],[2.54619708]
[3.0216795],[0.4650888],[1.23577768]
[2.16624399],[0.36705687],[0.48656933]
[2.12667509],[0.48019718],[0.89584027]
[2.40098754],[0.72833417],[1.25514056]
[2.49646778],[0.86764443],[1.5846739]
[2.5441575],[0.96164475],[1.80588772]
[2.65444811],[0.99573623],[1.96303468]
[3.02935429],[1.02645918],[2.5589569]
[3.11351938],[1.06245771],[2.76159459]
[3.15374332],[1.07129303],[2.86372977]
[3.16448949],[1.1156655],[3.02935669]
[3.18924181],[1.1225096],[3.09854804]
[3.20205174],[1.22137203],[3.24220735]
[3.20313426],[1.22520629],[3.2733255]
[3.24356713],[1.29655197],[3.43587833]
[3.20217683],[1.3019784],[3.45860578]
[3.269075],[1.35933003],[3.64588501]
[3.21390664],[1.36450955],[3.66973412]
[3.28086768],[1.41123737],[3.85527144]
[3.23348975],[1.41169337],[3.86876111]
[3.28226036],[1.44748746],[3.99894197]
[3.21062189],[1.44891422],[3.95002122]
[3.27783008],[1.47102173],[4.09897804]
[3.21018293],[1.46487327],[4.01930757]
[3.27020232],[1.47745915],[4.12987845]
[3.16348264],[1.47359976],[3.99403069]
[3.23508988],[1.48112257],[4.12042221]
[3.10632284],[1.47913977],[3.91050396]
[3.17905907],[1.47998605],[4.02192898]
[3.17139693],[1.48062823],[3.77992412]
[3.24629423],[1.47953308],[3.829683]
[3.24684278],[1.47907547],[3.71753487]
[3.33260007],[1.47165306],[3.63836974]
[3.30569684],[1.46110813],[3.53077735]
[3.38199966],[1.45303648],[3.42782255]
[3.36381248],[1.43975685],[3.33608793]
[3.38785144],[1.42281418],[3.28453478]
[3.40705785],[1.40644785],[3.22064884]
[3.42874972],[1.38629497],[3.14270607]
[3.46359659],[1.34506154],[3.05337087]
[3.49471052],[1.29359627],[2.94022336]
[3.5317306],[1.19615591],[2.80949815]
[3.59374676],[1.10607789],[2.65336836]
[3.6579128],[1.04255435],[2.53245992]
[3.69948849],[0.99553314],[2.44898398]
[3.67898799],[0.96055136],[2.34015273]
[3.63984648],[0.93531753],[2.23455886]
[3.58959992],[0.9067833],[2.10958837]
[3.53296774],[0.86722728],[1.98790365]
[3.4812752],[0.83319142],[1.87661032]
[3.42518589],[0.79374995],[1.75720532]
[3.36154178],[0.74125777],[1.64003819]
[3.30048992],[0.69402485],[1.55770135]
[6.69321219],[1.32042388],[5.61727031]
[4.92412354],[0.99057075],[2.92771473]
[3.66903972],[0.82452175],[1.62617873]
[2.61578958],[0.39824081],[0.69248683]
[2.16861868],[0.52346566],[1.04781993]
[2.43648531],[0.76509003],[1.37059672]
[2.52557827],[0.90122345],[1.66373951]
[2.56718976],[0.98160459],[1.87106554]
[2.75034023],[1.00581603],[2.27528147]
[3.08025017],[1.03479513],[2.67335557]
[3.15081651],[1.07081578],[2.88433564]
[3.1904561],[1.07860705],[2.98295365]
[3.19573701],[1.14643306],[3.14352555]
[3.2242554],[1.15013156],[3.22282639]
[3.23327913],[1.25120237],[3.36390815]
[3.23826348],[1.24833853],[3.4200719]
[3.26951468],[1.3207801],[3.57347238]
[3.2321506],[1.32519513],[3.62328837]
[3.29172027],[1.38334446],[3.80853658]
[3.29983543],[1.38727855],[3.85448698]
[3.30032419],[1.43412959],[4.02382098]
[3.32253254],[1.43563055],[4.04097392]
[3.29936998],[1.4704586],[4.13848159]
[3.30250329],[1.47252053],[4.1057436]
[3.29557122],[1.49209475],[4.21705184]
[3.27032164],[1.48559152],[4.14524695]
[3.2887334],[1.49810868],[4.24465549]
[3.19908293],[1.49212862],[4.10572491]
[3.25991001],[1.49918988],[4.22690574]
[3.15313795],[1.49605437],[4.00524007]
[3.23647611],[1.49782786],[4.11661437]
[3.2171883],[1.49582015],[3.86185969]
[3.29987273],[1.49484383],[3.9191299]
[3.29303744],[1.49106371],[3.80409853]
[3.3846919],[1.48521487],[3.73532613]
[3.35681807],[1.47558661],[3.62082141]
[3.43303463],[1.4655685],[3.51107048]
[3.41700899],[1.4538029],[3.41439357]
[3.44008884],[1.43952166],[3.36250282]
[3.45892139],[1.42455414],[3.29896467]
[3.47557868],[1.4031076],[3.22688763]
[3.50830215],[1.35867354],[3.13441771]
[3.53524635],[1.30661985],[3.02135335]
[3.56837629],[1.20657395],[2.88089852]
[3.62854441],[1.1120373],[2.72801932]
[3.69059018],[1.04998891],[2.62426487]
[3.74649049],[1.00547503],[2.54027699]
[3.74675068],[0.96860946],[2.45134745]
[3.70619716],[0.94281487],[2.34597307]
[3.66145291],[0.91842596],[2.23566292]
[3.60962858],[0.88534342],[2.12342554]
[3.56296686],[0.8540186],[2.01915806]
[3.51602682],[0.81856126],[1.89363613]
[3.45913842],[0.78699552],[1.78910096]
[3.39883957],[0.73936993],[1.68311923]
[6.86139521],[1.41709941],[6.23337073]
[5.0489823],[1.03099647],[3.29889913]
[3.68981206],[0.84099932],[1.92691188]
[2.64205666],[0.52673227],[0.95252144]
[2.19692232],[0.55088992],[1.10068663]
[2.45589431],[0.78551664],[1.43132011]
[2.54559778],[0.92068541],[1.71919776]
[2.58223313],[0.99017543],[1.91565201]
[2.82929006],[1.01339117],[2.39559566]
[3.12235163],[1.04322085],[2.75122432]
[3.18605223],[1.080134],[2.97816944]
[3.22632788],[1.09616726],[3.0990483]
[3.22865924],[1.17961066],[3.26613235]
[3.25916987],[1.18054647],[3.37792175]
[3.25859537],[1.27759339],[3.49604382]
[3.2639771],[1.27383369],[3.60258477]
[3.29107118],[1.34495742],[3.75437815]
[3.30279538],[1.34840527],[3.81766906]
[3.33968764],[1.40535937],[4.00214658]
[3.36519853],[1.4099402],[4.04181618]
[3.37458582],[1.45600437],[4.21337401]
[3.38977031],[1.45884295],[4.19486324]
[3.37244984],[1.49244346],[4.29262816]
[3.36987876],[1.4911245],[4.23469613]
[3.35780406],[1.5080822],[4.33700598]
[3.33226947],[1.50151082],[4.24912458]
[3.32053814],[1.51202214],[4.34563827]
[3.24638718],[1.50715355],[4.18249094]
[3.26890885],[1.51129282],[4.31276435]
[3.20951434],[1.50886216],[4.02751702]
[3.30301313],[1.50910478],[4.17105237]
[3.27195218],[1.5061235],[3.85876236]
[3.36721617],[1.50436156],[3.94045332]
[3.35484093],[1.49976879],[3.81822135]
[3.44794498],[1.4908693],[3.73114359]
[3.42017033],[1.48276171],[3.62941489]
[3.48993346],[1.47333405],[3.53548431]
[3.47151094],[1.46269427],[3.45235524]
[3.49121616],[1.44809832],[3.39675137]
[3.50723666],[1.42606727],[3.32716054]
[3.52108786],[1.40130769],[3.25274308]
[3.54609449],[1.36029078],[3.16605049]
[3.56938584],[1.30577728],[3.03219623]
[3.59315709],[1.200338],[2.87902794]
[3.64511897],[1.10568494],[2.73803791]
[3.70463485],[1.04988415],[2.63186537]
[3.75805614],[1.00855193],[2.55603377]
[3.77963075],[0.9726298],[2.482821]
[3.74717923],[0.9410187],[2.37987254]
[3.70234731],[0.91564036],[2.2733581]
[3.65484952],[0.89021764],[2.17919041]
[3.6124092],[0.85943678],[2.085291]
[3.5722818],[0.82820167],[1.96421416]
[3.52418905],[0.80131592],[1.86685154]
[3.47059004],[0.77387813],[1.77809893]
[6.86359712],[1.48203845],[6.54473362]
[5.03539034],[1.08268507],[3.36759979]
[3.65478564],[0.85375385],[1.97636467]
[2.52080959],[0.62004788],[0.99637223]
[2.20798483],[0.57611024],[1.11967437]
[2.45728654],[0.80165832],[1.43472052]
[2.54654857],[0.9343398],[1.75740149]
[2.58331491],[0.99882566],[1.94837616]
[2.88974543],[1.02094272],[2.47152072]
[3.15533438],[1.05086191],[2.81325336]
[3.21730302],[1.09398392],[3.0575873]
[3.2534213],[1.12579055],[3.20267166]
[3.25194777],[1.19893966],[3.36421627]
[3.27742835],[1.20200001],[3.49776809]
[3.27985579],[1.29405229],[3.61536462]
[3.3013039],[1.2908515],[3.72446714]
[3.3071553],[1.35897075],[3.86934948]
[3.3551507],[1.36058124],[3.92655757]
[3.40163711],[1.41840491],[4.1127354]
[3.42428403],[1.42494842],[4.13701944]
[3.43124804],[1.46929948],[4.3077413]
[3.44630499],[1.46558589],[4.25730894]
[3.43039675],[1.49472443],[4.36559159]
[3.41863105],[1.48603297],[4.26859443]
[3.41619132],[1.50304893],[4.3960643]
[3.36843483],[1.49479499],[4.23995986]
[3.34134903],[1.50527599],[4.33965352]
[3.1927323],[1.49713555],[4.01534248]
[3.26654828],[1.50338677],[4.18618742]
[3.22210116],[1.49661393],[3.8025686]
[3.31165463],[1.49985033],[3.9887572]
[3.2835997],[1.49264328],[3.61702524]
[3.38204963],[1.48949677],[3.66193397]
[3.36703212],[1.48542332],[3.57196269]
[3.4606328],[1.47651663],[3.53878799]
[3.43151587],[1.46647502],[3.45426614]
[3.50349892],[1.44698293],[3.39063996]
[3.48461859],[1.42501992],[3.30146589]
[3.50379991],[1.39891001],[3.2378977]
[3.51965681],[1.37277102],[3.16079915]
[3.53346571],[1.34281224],[3.06431578]
[3.55660188],[1.27995062],[2.95428147]
[3.5788141],[1.17712373],[2.79087003]
[3.6036082],[1.09542977],[2.65072747]
[3.65025697],[1.04487543],[2.54860589]
[3.70562313],[0.99567755],[2.46197216]
[3.75847524],[0.95890555],[2.40745937]
[3.79918824],[0.92744872],[2.36658257]
[3.7829452],[0.90229273],[2.31384015]
[3.73872942],[0.87847896],[2.2310028]
[3.69260502],[0.86231328],[2.15809052]
[3.65095107],[0.83745203],[2.07598973]
[3.61302471],[0.8106934],[1.965524]
[3.56994521],[0.78878576],[1.88450987]
[3.52728485],[0.76748419],[1.80901361]
[6.93424794],[1.52552657],[6.74331419]
[5.11996638],[1.11614937],[3.41850637]
[3.73014809],[0.86028928],[2.00706258]
[2.56065841],[0.65090484],[1.02925555]
[2.22262665],[0.59635497],[1.14352895]
[2.466729],[0.81937729],[1.46427176]
[2.55568699],[0.95112063],[1.79358323]
[2.58777342],[1.00863204],[1.97163423]
[2.9427918],[1.03362379],[2.54614783]
[3.17816505],[1.064184],[2.87759287]
[3.2340181],[1.13875154],[3.19442782]
[3.26709113],[1.17157953],[3.3488794]
[3.26588391],[1.24751882],[3.51612313]
[3.28532415],[1.25786293],[3.68520289]
[3.28937041],[1.3336767],[3.82181034]
[3.33964925],[1.33724416],[3.93699222]
[3.34755758],[1.39468538],[4.10248285]
[3.41024874],[1.40489183],[4.15997198]
[3.45007836],[1.45012654],[4.35279995]
[3.46836647],[1.45998479],[4.30800631]
[3.47795284],[1.4934675],[4.44866556]
[3.49483097],[1.49311077],[4.38887312]
[3.47759242],[1.51485552],[4.46941903]
[3.4990515],[1.50996747],[4.37749263]
[3.46185569],[1.52040005],[4.4888391]
[3.45438376],[1.51349156],[4.3404396]
[3.37254112],[1.52071079],[4.41900701]
[3.24126938],[1.51307005],[4.06557643]
[3.32197923],[1.51743257],[4.24285309]
[3.2794466],[1.50957133],[3.85664019]
[3.373734],[1.51163323],[4.04911252]
[3.34978045],[1.50340298],[3.68839637]
[3.44572928],[1.49829146],[3.72053362]
[3.43150744],[1.4926152],[3.62740324]
[3.51672111],[1.47957803],[3.59648502]
[3.49084624],[1.46347471],[3.50137039]
[3.5551676],[1.44497914],[3.44308692]
[3.53885534],[1.4219745],[3.34784977]
[3.55429676],[1.39483828],[3.27643983]
[3.57036042],[1.36795183],[3.19067914]
[3.58557056],[1.33760243],[3.09528526]
[3.60471368],[1.25102137],[2.96026065]
[3.61807284],[1.16869247],[2.79347962]
[3.63952795],[1.09527071],[2.6599131]
[3.68288147],[1.04339095],[2.56655074]
[3.72886241],[0.99752891],[2.489171]
[3.78082242],[0.95967642],[2.44128312]
[3.81392058],[0.92859164],[2.40392904]
[3.79700459],[0.90625545],[2.3571153]
[3.75429283],[0.88555976],[2.27752609]
[3.71106305],[0.87332428],[2.20904555]
[3.68539064],[0.85675729],[2.13885156]
[3.65244402],[0.83240657],[2.0387548]
[3.60806994],[0.81085671],[1.95244178]
[3.56549384],[0.78930151],[1.88388662]
[6.93873555],[1.5732281],[6.97530993]
[5.12705161],[1.16030264],[3.48141405]
[3.73291934],[0.87626995],[2.03217906]
[2.56190854],[0.69727942],[1.04742355]
[2.22530893],[0.60382392],[1.12666038]
[2.46735895],[0.83068842],[1.47043365]
[2.55771192],[0.95700173],[1.80815198]
[2.58656558],[1.0138333],[1.98422867]
[2.98382835],[1.0384629],[2.5807447]
[3.19641508],[1.06926597],[2.90001726]
[3.24929111],[1.15892565],[3.21893037]
[3.27925519],[1.19153007],[3.37813633]
[3.27774666],[1.25214211],[3.54872723]
[3.31006142],[1.26451784],[3.73413605]
[3.29744936],[1.34269621],[3.87599137]
[3.39672176],[1.34664416],[4.00730563]
[3.39167021],[1.40261002],[4.15499414]
[3.45635389],[1.41601687],[4.20583302]
[3.49760115],[1.45906421],[4.40685966]
[3.49881001],[1.47077449],[4.34751571]
[3.52569508],[1.49948125],[4.5089276]
[3.58325693],[1.50097999],[4.45069915]
[3.57812809],[1.51996803],[4.54945228]
[3.57328619],[1.51609314],[4.4328969]
[3.59064534],[1.52625496],[4.56917002]
[3.51124119],[1.51896459],[4.37118092]
[3.30093803],[1.52701628],[4.40711218]
[3.26268413],[1.51766617],[4.03563906]
[3.33991196],[1.52306834],[4.23966009]
[3.29766663],[1.51270292],[3.8448385]
[3.39203338],[1.51417541],[4.04352397]
[3.37082438],[1.50673943],[3.69737294]
[3.46465005],[1.50252245],[3.7067148]
[3.45112309],[1.49175247],[3.6280859]
[3.53449281],[1.47396266],[3.59868972]
[3.50962899],[1.45681477],[3.5036391]
[3.57240757],[1.43858647],[3.44538006]
[3.55735573],[1.41508569],[3.34360201]
[3.57361088],[1.38446874],[3.25163879]
[3.59090123],[1.35568684],[3.16721678]
[3.60529195],[1.30740666],[3.05982506]
[3.62275045],[1.22339073],[2.91452306]
[3.63340759],[1.14665377],[2.75450785]
[3.65175115],[1.08205983],[2.63369269]
[3.69586366],[1.03600167],[2.56329935]
[3.73054841],[0.99008506],[2.50087658]
[3.78252475],[0.95708984],[2.46521129]
[3.83345054],[0.93005346],[2.43863308]
[3.82916255],[0.9109911],[2.41049082]
[3.78722414],[0.89023727],[2.34261466]
[3.74051693],[0.87861778],[2.27514949]
[3.71321428],[0.8690892],[2.20889861]
[3.68123413],[0.84678885],[2.11585467]
[3.64045928],[0.82510604],[2.02505055]
[3.6016213],[0.80377168],[1.94798624]
[6.93041953],[1.62580839],[7.08987921]
[5.10730043],[1.18672009],[3.44393602]
[3.69838171],[0.87592639],[1.97019925]
[2.51792982],[0.69240649],[1.00093957]
[2.22112846],[0.61786148],[1.10431204]
[2.45669141],[0.84273332],[1.47769576]
[2.54439652],[0.96721219],[1.81405361]
[2.5831449],[1.01647276],[1.99702629]
[3.02907851],[1.04103845],[2.61347296]
[3.21619976],[1.07233049],[2.92017229]
[3.2632499],[1.17506636],[3.23563275]
[3.28596915],[1.20748161],[3.40024496]
[3.28792473],[1.25060824],[3.55506813]
[3.39437226],[1.26952073],[3.74918845]
[3.33382826],[1.34032663],[3.87267376]
[3.48126913],[1.34518635],[4.02742031]
[3.44514946],[1.40357911],[4.15338932]
[3.50620484],[1.41533054],[4.18947092]
[3.56016197],[1.45550725],[4.40286411]
[3.56252294],[1.46015558],[4.33985499]
[3.65505219],[1.48440116],[4.54967108]
[3.62519026],[1.48621613],[4.424721]
[3.69908156],[1.50768517],[4.57739727]
[3.53495119],[1.50216886],[4.32721438]
[3.54977444],[1.51411719],[4.49881287]
[3.23864126],[1.50384207],[4.08689459]
[3.3114017],[1.51328406],[4.22364469]
[3.27435687],[1.50173618],[3.85512051]
[3.35173157],[1.50593295],[4.05260637]
[3.30522619],[1.49403644],[3.6782379]
[3.39739728],[1.49308181],[3.75979183]
[3.37724437],[1.476985],[3.53662767]
[3.47298091],[1.46538111],[3.54040258]
[3.4585945],[1.45084503],[3.46154887]
[3.54336864],[1.42983865],[3.41964589]
[3.519639],[1.40490871],[3.30369446]
[3.58298255],[1.37887793],[3.22341202]
[3.56778346],[1.35021077],[3.1038308]
[3.58270511],[1.28361443],[2.99787487]
[3.60043737],[1.25438396],[2.88164636]
[3.61577354],[1.15958239],[2.74964867]
[3.63434708],[1.0945483],[2.63773821]
[3.64594878],[1.04563551],[2.54477504]
[3.66080764],[1.00816912],[2.48365312]
[3.70600765],[0.97459041],[2.44899111]
[3.73736735],[0.9435514],[2.41881736]
[3.77966572],[0.91531763],[2.39710393]
[3.83351387],[0.89686666],[2.38346836]
[3.84597856],[0.88494028],[2.37281006]
[3.8124185],[0.87306707],[2.33534885]
[3.76727231],[0.86438426],[2.2820103]
[3.73849597],[0.85228287],[2.21918062]
[3.70768654],[0.83668969],[2.13381384]
[3.67231139],[0.81799455],[2.04968211]
[3.63658343],[0.79979885],[1.97462165]
[7.00124376],[1.65742333],[7.19099083]
[5.17853396],[1.19703807],[3.46442403]
[3.76417299],[0.87174031],[1.96754514]
[2.5513222],[0.68643595],[1.00228173]
[2.24275954],[0.63757379],[1.13801157]
[2.46741603],[0.86372075],[1.51023838]
[2.55152645],[0.98616809],[1.84602163]
[2.58516133],[1.0258288],[2.01755135]
[3.05769987],[1.0534845],[2.70261818]
[3.23443455],[1.11975044],[3.03893777]
[3.27332135],[1.2155497],[3.37638469]
[3.29357308],[1.24670888],[3.5606965]
[3.29459862],[1.29821184],[3.75055867]
[3.43772969],[1.31008284],[3.95395522]
[3.37501419],[1.38141105],[4.09459861]
[3.52468155],[1.39067501],[4.2448365]
[3.50153938],[1.43719349],[4.38648182]
[3.55394216],[1.4518581],[4.40029206]
[3.6330628],[1.48326044],[4.60100423]
[3.61713587],[1.49098584],[4.47917324]
[3.74325824],[1.50892808],[4.70188581]
[3.66774083],[1.51205097],[4.54618385]
[3.75945667],[1.52803848],[4.67814187]
[3.56074439],[1.5235015],[4.4171963]
[3.59667356],[1.53197465],[4.59587267]
[3.28652642],[1.52202742],[4.19249583]
[3.3581575],[1.52828868],[4.2978368]
[3.33532068],[1.51590766],[3.94546217]
[3.41320129],[1.51813767],[4.10986305]
[3.38121663],[1.50341155],[3.77640685]
[3.46347802],[1.50026995],[3.83070441]
[3.4483809],[1.4806481],[3.62295296]
[3.52989119],[1.46361724],[3.5961454]
[3.52274741],[1.44717261],[3.51397065]
[3.59790683],[1.42545204],[3.45295488]
[3.57546377],[1.40285628],[3.33977811]
[3.63079834],[1.37549223],[3.24477826]
[3.61941052],[1.34030494],[3.11882936]
[3.63220838],[1.29553805],[3.00326668]
[3.64572421],[1.27038418],[2.89319664]
[3.65911946],[1.17784105],[2.77576376]
[3.67706415],[1.10048488],[2.68028065]
[3.68500423],[1.05159529],[2.59297269]
[3.69338163],[1.01458175],[2.53315615]
[3.73351856],[0.97910609],[2.49456085]
[3.76101409],[0.94433025],[2.45802029]
[3.79165857],[0.92288059],[2.43879899]
[3.84368049],[0.90690237],[2.4274908]
[3.85016071],[0.89573616],[2.42050892]
[3.81438533],[0.88511804],[2.38384928]
[3.77962198],[0.87628206],[2.33415272]
[3.7538004],[0.8638931],[2.27621765]
[3.72179511],[0.85191324],[2.19596249]
[3.68094425],[0.83764292],[2.11390946]
[3.64409209],[0.8195188],[2.03610592]
[6.99301925],[1.68703596],[7.31015181]
[5.10685153],[1.22196924],[3.45894976]
[3.67531038],[0.87776295],[1.92664572]
[2.46107464],[0.68456754],[0.95934362]
[2.2657811],[0.65604959],[1.13859337]
[2.47986874],[0.87945275],[1.53831439]
[2.55615306],[0.99463724],[1.86293541]
[2.62085218],[1.03040069],[2.03819706]
[3.08699235],[1.05802312],[2.72683496]
[3.25017536],[1.14493319],[3.08239776]
[3.28258604],[1.23249504],[3.38960363]
[3.33315755],[1.26421551],[3.58676288]
[3.30143293],[1.29905929],[3.75043689]
[3.47721796],[1.32487734],[3.9600168]
[3.4214462],[1.38149847],[4.09889024]
[3.56402406],[1.39139689],[4.25020045]
[3.55686805],[1.44112796],[4.41099866]
[3.62447798],[1.456139],[4.43295604]
[3.73187014],[1.48762518],[4.67002605]
[3.65387004],[1.49472108],[4.51188226]
[3.80856088],[1.51393547],[4.75361997]
[3.69004513],[1.51695363],[4.59185697]
[3.80655665],[1.5335223],[4.74488359]
[3.55863007],[1.52882203],[4.46369889]
[3.64011529],[1.53802008],[4.66135131]
[3.29810653],[1.5272434],[4.26236611]
[3.36980192],[1.5338601],[4.35196723]
[3.34810483],[1.518805],[4.00482202]
[3.42670671],[1.52166685],[4.14812758]
[3.39339257],[1.50244633],[3.82218689]
[3.47469637],[1.50170534],[3.86577187]
[3.46075267],[1.477549],[3.66841466]
[3.5344558],[1.46295371],[3.62748332]
[3.53476026],[1.44427527],[3.54388456]
[3.61082005],[1.42130676],[3.47900489]
[3.58776427],[1.40060298],[3.36205844]
[3.64397619],[1.377259],[3.27030565]
[3.63296555],[1.32760266],[3.13420546]
[3.6442534],[1.30892386],[3.01957133]
[3.65954644],[1.28203071],[2.906806]
[3.66962606],[1.18706233],[2.79819698]
[3.68410319],[1.11120135],[2.71061432]
[3.69105751],[1.05405458],[2.62745906]
[3.69913692],[1.01783469],[2.56135023]
[3.73794853],[0.98163465],[2.52158842]
[3.76715432],[0.9509642],[2.49028242]
[3.79006091],[0.93178071],[2.47230868]
[3.83647657],[0.91524462],[2.4603836]
[3.86405859],[0.90370825],[2.45925489]
[3.84221314],[0.89544859],[2.43963158]
[3.80531506],[0.88408382],[2.39262015]
[3.77994321],[0.87201575],[2.33521633]
[3.7494747],[0.8607178],[2.26126326]
[3.71534077],[0.85081911],[2.1859544]
[3.68201034],[0.83449901],[2.11201978]
[6.99868652],[1.74220387],[7.46947573]
[5.05874189],[1.24941765],[3.42632156]
[3.6272089],[0.86821178],[1.87791525]
[2.40622177],[0.67322546],[0.91503824]
[2.27156671],[0.66127114],[1.11989635]
[2.48111215],[0.88590415],[1.54274452]
[2.55626797],[0.99554264],[1.86535543]
[2.65539512],[1.03352171],[2.0599272]
[3.10023438],[1.06109412],[2.74969933]
[3.25609813],[1.16363446],[3.12452623]
[3.28913702],[1.25112568],[3.43098279]
[3.36238394],[1.28289505],[3.64549529]
[3.31405654],[1.31837961],[3.78919459]
[3.50032586],[1.34448777],[4.01735627]
[3.44822088],[1.38914877],[4.14955321]
[3.59396326],[1.40187866],[4.30282053]
[3.6109484],[1.44669177],[4.45918869]
[3.64959],[1.46282352],[4.46412543]
[3.77321967],[1.49187349],[4.72780756]
[3.65091695],[1.50070586],[4.53715514]
[3.84091133],[1.52445592],[4.8226721]
[3.69142139],[1.53078209],[4.6316296]
[3.82948616],[1.54811751],[4.82003377]
[3.52787116],[1.53843254],[4.51355303]
[3.63777471],[1.54624777],[4.712074]
[3.31904501],[1.53373255],[4.31416142]
[3.40195998],[1.53983572],[4.38864376]
[3.37840121],[1.52406374],[4.05620038]
[3.4557022],[1.5268776],[4.17463661]
[3.42118906],[1.50511891],[3.87567917]
[3.49482738],[1.50412067],[3.89444545]
[3.48307293],[1.47693179],[3.71491019]
[3.55256494],[1.46153598],[3.65301635]
[3.55784389],[1.44060128],[3.56471816]
[3.63066527],[1.41789726],[3.49902587]
[3.61160963],[1.39743773],[3.37436929]
[3.66647877],[1.37171368],[3.27910534]
[3.65220647],[1.3206117],[3.13296741]
[3.66131404],[1.30535733],[3.01771582]
[3.67272437],[1.26449371],[2.91362447]
[3.68223775],[1.16850488],[2.81300678]
[3.69797118],[1.0960928],[2.73289223]
[3.7070531],[1.05367357],[2.65859069]
[3.71382009],[1.01728672],[2.59063075]
[3.75037644],[0.9822102],[2.54477344]
[3.7796541],[0.95669261],[2.51719265]
[3.80324411],[0.93716723],[2.50073514]
[3.84288022],[0.92009013],[2.48881837]
[3.89633581],[0.90908865],[2.49669592]
[3.88658481],[0.89923997],[2.49083943]
[3.84316399],[0.88758584],[2.4479533]
[3.81591169],[0.87773333],[2.39254644]
[3.789354],[0.86750723],[2.32745838]
[3.75489467],[0.85823443],[2.25321157]
[3.71942761],[0.8495511],[2.18535158]
[6.97522776],[1.75887965],[7.45041935]
[4.97066372],[1.24933351],[3.3331698]
[3.53912974],[0.85358191],[1.79971531]
[2.30406391],[0.65444457],[0.85315404]
[2.26540615],[0.66729252],[1.08602123]
[2.47302889],[0.88870057],[1.53878136]
[2.5521421],[0.99643249],[1.86456561]
[2.72488499],[1.03303401],[2.09647082]
[3.12401682],[1.06074623],[2.7479463]
[3.26355374],[1.17168364],[3.13780599]
[3.29362152],[1.26287485],[3.44321379]
[3.39577378],[1.29503873],[3.65236505]
[3.3389407],[1.33047129],[3.77668387]
[3.52889642],[1.35813536],[4.01822927]
[3.49172733],[1.388673],[4.1427859]
[3.64313106],[1.40419142],[4.28441328]
[3.68831695],[1.43919691],[4.45041284]
[3.66758454],[1.45168639],[4.42041022]
[3.802611],[1.48600569],[4.69800769]
[3.61354347],[1.50405828],[4.50482377]
[3.83007505],[1.53595743],[4.83394075]
[3.57093422],[1.54165015],[4.57512183]
[3.66534367],[1.55824994],[4.76626069]
[3.33308393],[1.54786096],[4.38924779]
[3.41514505],[1.5516531],[4.49527053]
[3.3817591],[1.53281819],[4.17446766]
[3.45718279],[1.53443354],[4.2439298]
[3.4312039],[1.50959029],[3.9758888]
[3.49954966],[1.50696807],[3.99215516]
[3.46356695],[1.47526525],[3.7598052]
[3.52798121],[1.47005646],[3.72808141]
[3.51077997],[1.44053431],[3.56871242]
[3.57025953],[1.42414359],[3.48939513]
[3.57703753],[1.40040505],[3.39565813]
[3.64659152],[1.36944789],[3.30937338]
[3.63140553],[1.30874297],[3.1546953]
[3.6837058],[1.28904905],[3.04571966]
[3.67112914],[1.23761081],[2.91125127]
[3.67961716],[1.18285724],[2.82714692]
[3.69263262],[1.13293286],[2.76397587]
[3.70233288],[1.0704468],[2.6998585]
[3.71780192],[1.03491912],[2.64292003]
[3.72685075],[0.9990528],[2.58445422]
[3.73344788],[0.97488905],[2.53801156]
[3.76817805],[0.95379866],[2.5100821]
[3.79404788],[0.93359841],[2.48578278]
[3.81652965],[0.91727779],[2.47594614]
[3.85541571],[0.90310025],[2.47141813]
[3.91290734],[0.89768117],[2.48582519]
[3.91357355],[0.89031592],[2.48962388]
[3.87245813],[0.88087399],[2.45477715]
[3.83692443],[0.8716407],[2.39954838]
[3.81454243],[0.86318324],[2.34345323]
[3.78342625],[0.85601741],[2.27552766]
[3.74735696],[0.84956689],[2.20986857]
[7.02691207],[1.76952328],[7.46561019]
[4.99859177],[1.24491797],[3.31368342]
[3.56705225],[0.84404776],[1.78738071]
[2.33354666],[0.64628794],[0.85451895]
[2.28824703],[0.68094033],[1.1160844]
[2.47909339],[0.89145591],[1.55445142]
[2.55738936],[0.99679849],[1.87797374]
[2.75144886],[1.038679],[2.12089554]
[3.13666583],[1.07983143],[2.82114007]
[3.27036815],[1.21084646],[3.23265396]
[3.29859183],[1.29519268],[3.55163081]
[3.42018743],[1.32565158],[3.81876568]
[3.36229525],[1.36037986],[3.96407363]
[3.54819783],[1.38804128],[4.19494855]
[3.51659522],[1.42584508],[4.34976232]
[3.67649076],[1.44092529],[4.48935848]
[3.72861763],[1.47439992],[4.67202341]
[3.69055549],[1.49479169],[4.64205251]
[3.82896601],[1.5316695],[4.92272718]
[3.64654122],[1.54774067],[4.70582648]
[3.86756751],[1.57541961],[5.02594027]
[3.63045858],[1.57850596],[4.74526153]
[3.76883714],[1.59044888],[4.94840716]
[3.45885986],[1.58155419],[4.58318794]
[3.53279453],[1.58224884],[4.73751699]
[3.5092129],[1.5646732],[4.39323742]
[3.57356868],[1.56151629],[4.42041252]
[3.54825476],[1.53820062],[4.14142944]
[3.60524087],[1.53079384],[4.14399242]
[3.57471949],[1.50023684],[3.92548301]
[3.62682822],[1.49139226],[3.8842724]
[3.61143353],[1.45660714],[3.71009887]
[3.65337092],[1.43709025],[3.62695971]
[3.65991329],[1.4093365],[3.51456309]
[3.71241774],[1.37826873],[3.42376611]
[3.69164282],[1.3204512],[3.25325158]
[3.73359154],[1.30077841],[3.13853732]
[3.71999584],[1.24468603],[2.99223042]
[3.72248384],[1.18790596],[2.89759702]
[3.73230347],[1.13700232],[2.82796633]
[3.74106843],[1.08058125],[2.7624768]
[3.75599871],[1.04619191],[2.70834841]
[3.76509915],[1.01042226],[2.65023615]
[3.77001962],[0.98609718],[2.60273442]
[3.80066654],[0.9649411],[2.57452095]
[3.82335749],[0.94468964],[2.54936337]
[3.84280938],[0.92831312],[2.53248613]
[3.89005136],[0.91364352],[2.52573168]
[3.93719537],[0.90857093],[2.53921068]
[3.9213673],[0.90092222],[2.53183442]
[3.87333624],[0.89288766],[2.49095271]
[3.83680784],[0.8846448],[2.43319481]
[3.81189634],[0.87708219],[2.37783033]
[3.77838966],[0.87096689],[2.3145301]
[3.74518822],[0.8637997],[2.25040771]
[6.99672683],[1.78204689],[7.50205086]
[4.91051609],[1.25877879],[3.27703889]
[3.47896818],[0.84268844],[1.7392344]
[2.23165679],[0.64013587],[0.8162865]
[2.31139237],[0.69479033],[1.11427423]
[2.48755549],[0.89213161],[1.56973434]
[2.56603198],[0.99543239],[1.8871306]
[2.77645049],[1.04020819],[2.13539745]
[3.14850302],[1.09129689],[2.81931637]
[3.27672856],[1.22292745],[3.24824682]
[3.30345442],[1.30982137],[3.56143213]
[3.44343289],[1.34053891],[3.82576826]
[3.390687],[1.3776216],[3.96256188]
[3.60241821],[1.4047057],[4.21840593]
[3.58549686],[1.43388615],[4.37087778]
[3.70694112],[1.45369148],[4.51040408]
[3.76589042],[1.49453286],[4.70997544]
[3.72100487],[1.52161621],[4.71190015]
[3.86321062],[1.5578959],[5.04708077]
[3.68757225],[1.57212666],[4.84809729]
[3.93501735],[1.59619025],[5.16016827]
[3.73995562],[1.59842208],[4.90374914]
[3.92912737],[1.60992325],[5.13611472]
[3.57580445],[1.60097291],[4.76087346]
[3.65649837],[1.60114785],[4.94531675]
[3.6526888],[1.58312728],[4.61357452]
[3.69880521],[1.58163955],[4.64961867]
[3.66345036],[1.55891089],[4.34231648]
[3.71084595],[1.55124601],[4.34210435]
[3.6701186],[1.52049611],[4.10665406]
[3.71226274],[1.51026122],[4.04617958]
[3.68612085],[1.47358469],[3.85463198]
[3.72419439],[1.45283258],[3.77171846]
[3.7103004],[1.42022531],[3.62524883]
[3.76203929],[1.3930075],[3.54354715]
[3.734997],[1.32859201],[3.3521681]
[3.76910152],[1.30658893],[3.2332482]
[3.75550817],[1.24489798],[3.071468]
[3.75410576],[1.18930233],[2.96751007]
[3.7596083],[1.13895591],[2.89147254]
[3.76420889],[1.0907078],[2.81910797]
[3.77559088],[1.05545532],[2.76176036]
[3.7842407],[1.01971976],[2.7019362]
[3.78901594],[0.99530005],[2.65284748]
[3.81788332],[0.97389917],[2.62299863]
[3.83973005],[0.95347352],[2.59696809]
[3.85623088],[0.93694242],[2.57717438]
[3.90386205],[0.92363311],[2.5680937]
[3.96052782],[0.91606827],[2.57976334]
[3.94625032],[0.907784],[2.57449762]
[3.89846273],[0.89960505],[2.53488574]
[3.85663802],[0.89145899],[2.4765691]
[3.8331726],[0.88362361],[2.42021977]
[3.8004187],[0.87823767],[2.36031866]
[3.76897445],[0.87252823],[2.29687758]
[6.98225067],[1.82299862],[7.62690536]
[4.8624057],[1.29034347],[3.25163077]
[3.4308734],[0.8355963],[1.6959091]
[2.18056956],[0.63108992],[0.78090406]
[2.31643439],[0.69597591],[1.0942645]
[2.49069731],[0.88773926],[1.56733783]
[2.57182842],[0.99355341],[1.88829338]
[2.80097669],[1.04175212],[2.15112828]
[3.15554908],[1.10187888],[2.82784069]
[3.28032667],[1.23266763],[3.27020088]
[3.30789954],[1.32436395],[3.58572154]
[3.47024393],[1.35541397],[3.86183566]
[3.42438264],[1.39530817],[3.9969417]
[3.65502623],[1.42721523],[4.28055015]
[3.65118711],[1.45941821],[4.45033197]
[3.74001151],[1.48308462],[4.59398105]
[3.80095933],[1.52516184],[4.81944161]
[3.74805449],[1.54797077],[4.87034635]
[3.90256679],[1.58032607],[5.18996015]
[3.71943926],[1.59048171],[4.9575791]
[4.05827179],[1.61329034],[5.31241403]
[3.8595524],[1.61426107],[5.05052153]
[3.95427932],[1.62539313],[5.30121555]
[3.71951223],[1.6165],[4.96363197]
[3.77774412],[1.61671189],[5.14363894]
[3.77415428],[1.5983864],[4.81595825]
[3.81770899],[1.59648255],[4.842925]
[3.78350246],[1.57208135],[4.54437533]
[3.82876671],[1.56308812],[4.53638766]
[3.78793189],[1.53215029],[4.29962764]
[3.82439214],[1.51959352],[4.2237928]
[3.79512633],[1.48220353],[4.0198427]
[3.81884219],[1.46097651],[3.92204475]
[3.81540537],[1.42562548],[3.76056194]
[3.84534892],[1.39006966],[3.66187347]
[3.82210651],[1.333159],[3.45724498]
[3.84676718],[1.3089253],[3.33398074]
[3.82513983],[1.22869616],[3.15196251]
[3.81317899],[1.17501365],[3.03791198]
[3.81246222],[1.12792235],[2.95582827]
[3.8105869],[1.09580241],[2.87881574]
[3.81738948],[1.05860252],[2.81907436]
[3.82249745],[1.02594455],[2.7593336]
[3.82166441],[1.00117963],[2.70393736]
[3.84413631],[0.97930362],[2.66826223]
[3.86128598],[0.95627567],[2.63478738]
[3.87333593],[0.94010853],[2.61247727]
[3.92244877],[0.9288415],[2.60269459]
[3.97980978],[0.92230558],[2.6095734]
[3.97080822],[0.91295526],[2.60552368]
[3.92256452],[0.9046726],[2.56725361]
[3.87863838],[0.89637494],[2.50876562]
[3.84925101],[0.88832873],[2.45057399]
[3.8177625],[0.88279485],[2.39567085]
[3.78780628],[0.87766275],[2.33323472]
[6.9521513],[1.83659227],[7.62645189]
[4.77472898],[1.28837554],[3.16203256]
[3.34288651],[0.82298938],[1.61687926]
[2.08704478],[0.61374417],[0.7322959]
[2.31347524],[0.70769209],[1.07973881]
[2.48708971],[0.88715207],[1.56081673]
[2.57280113],[0.99254011],[1.89175905]
[2.85792505],[1.04258911],[2.19354478]
[3.16613362],[1.11280611],[2.83057184]
[3.28622157],[1.24257037],[3.28844407]
[3.31142939],[1.33722275],[3.60051856]
[3.50199924],[1.37143187],[3.87251822]
[3.49738775],[1.42116963],[4.03144561]
[3.71100748],[1.44886944],[4.32746508]
[3.72463821],[1.47688132],[4.51887894]
[3.75958841],[1.49954614],[4.66963768]
[3.82724734],[1.54097927],[4.94400239]
[3.75156152],[1.55976122],[4.97068047]
[3.94452493],[1.58861037],[5.26336958]
[3.73796202],[1.59602097],[5.00984494]
[3.94424646],[1.61618145],[5.29229844]
[3.71073895],[1.6147477],[5.00054187]
[3.79559045],[1.62505686],[5.23856469]
[3.82411325],[1.61170343],[4.93869767]
[3.87383644],[1.61094945],[5.0598897]
[3.86403647],[1.58824879],[4.79330042]
[3.91074506],[1.58157918],[4.78663503]
[3.87503186],[1.55159894],[4.54838727]
[3.92010819],[1.5392326],[4.49445691]
[3.87686169],[1.50521534],[4.26676191]
[3.91129546],[1.48871421],[4.14340647]
[3.87956258],[1.44358338],[3.95129218]
[3.89286414],[1.41790576],[3.82152073]
[3.89996779],[1.33850541],[3.63510165]
[3.91706993],[1.30931409],[3.51664575]
[3.9041749],[1.23548349],[3.31188485]
[3.91683916],[1.18340352],[3.21137233]
[3.90227076],[1.14490356],[3.08306756]
[3.88745651],[1.10794873],[3.00394505]
[3.8836714],[1.08038154],[2.94632189]
[3.8816532],[1.05253032],[2.88534956]
[3.88537581],[1.02800418],[2.83321549]
[3.88622223],[0.99920982],[2.76733021]
[3.88002129],[0.97819675],[2.71086689]
[3.88324982],[0.95939098],[2.66786348]
[3.89619842],[0.94092146],[2.64192345]
[3.90368354],[0.92993573],[2.62228472]
[3.94358594],[0.92312698],[2.61001906]
[3.99820719],[0.91624403],[2.61306273]
[3.99747787],[0.90613991],[2.60409454]
[3.95147743],[0.89741619],[2.56502707]
[3.90712419],[0.89021908],[2.51154584]
[3.86941978],[0.88389703],[2.45413478]
[3.83850266],[0.8781979],[2.40203019]
[3.80947952],[0.87317589],[2.34053347]
[7.06305751],[1.84665352],[7.7312899]
[4.80930314],[1.28817003],[3.18122897]
[3.37638343],[0.81223809],[1.61563273]
[2.12243334],[0.60936612],[0.74313154]
[2.32733358],[0.72108977],[1.10696747]
[2.49679213],[0.88972428],[1.57834515]
[2.58110555],[0.99336177],[1.90798791]
[2.89342299],[1.0495475],[2.22911681]
[3.17553414],[1.15967689],[2.92697978]
[3.29292014],[1.28010374],[3.38539953]
[3.32032866],[1.37546554],[3.71400949]
[3.57652249],[1.41612974],[4.08589665]
[3.58038747],[1.46413107],[4.29912995]
[3.75002972],[1.49020876],[4.59823327]
[3.76980826],[1.53907092],[4.88248558]
[3.80523013],[1.55695287],[5.03477233]
[3.88676377],[1.58607589],[5.29938119]
[3.81898607],[1.59890896],[5.21942428]
[4.09716873],[1.62320744],[5.49001766]
[3.91743652],[1.62815132],[5.24619055]
[4.15306647],[1.64491778],[5.58478939]
[3.85356657],[1.64236037],[5.29618912]
[3.92825394],[1.6504417],[5.52256875]
[3.93808345],[1.63705113],[5.20971614]
[3.98370306],[1.63500887],[5.35378359]
[3.96848583],[1.61225278],[5.07086555]
[4.01821732],[1.60376292],[5.07532424]
[3.97472514],[1.57444032],[4.80835135]
[4.02325901],[1.5594097],[4.75004402]
[3.97127233],[1.52553662],[4.51167725]
[4.0067652],[1.50926837],[4.37982547]
[3.96995946],[1.46355544],[4.17658677]
[3.97486926],[1.4394069],[4.03095628]
[3.98905097],[1.37113144],[3.84289314]
[3.99597294],[1.33307712],[3.71609803]
[3.99374079],[1.26421534],[3.51495265]
[3.99162174],[1.21296068],[3.39359437]
[3.98072166],[1.17213206],[3.2518543]
[3.96572475],[1.13405063],[3.16605845]
[3.96028532],[1.09912995],[3.0940069]
[3.95790789],[1.0709781],[3.03103707]
[3.9599262],[1.04626042],[2.97664372]
[3.9608487],[1.01877453],[2.91228021]
[3.95697175],[0.99719018],[2.84747611]
[3.95511137],[0.9777745],[2.78937061]
[3.94877326],[0.95873453],[2.7424937]
[3.94698757],[0.94755165],[2.71851359]
[3.98424677],[0.94075609],[2.70491493]
[4.02776733],[0.93135487],[2.69935524]
[4.00056549],[0.91975885],[2.67359892]
[3.94998077],[0.91110916],[2.6174329]
[3.90353211],[0.90375922],[2.55342302]
[3.87080051],[0.89664113],[2.49328567]
[3.83561606],[0.8908349],[2.4371591]
[3.80609731],[0.88524159],[2.3729786]
[7.06089842],[1.86146018],[7.83630087]
[4.72224531],[1.30102775],[3.17735884]
[3.28909756],[0.80946576],[1.57094873]
[2.02969241],[0.60193755],[0.71073056]
[2.34047106],[0.73467451],[1.11151354]
[2.50642784],[0.89104915],[1.59354586]
[2.58950754],[0.99398268],[1.91790281]
[2.92704887],[1.05224719],[2.25402342]
[3.18631336],[1.176458],[2.93862294]
[3.30163792],[1.30589915],[3.42448177]
[3.34437576],[1.40656489],[3.76590208]
[3.6355032],[1.44957361],[4.19409579]
[3.64503117],[1.49524703],[4.45720193]
[3.79724916],[1.52144986],[4.770893]
[3.84041777],[1.56825654],[5.06475014]
[3.86048597],[1.5833416],[5.21004118]
[3.95491819],[1.61005359],[5.45677462]
[3.95236533],[1.62254826],[5.41334033]
[4.24249459],[1.64527208],[5.67474066]
[4.06249193],[1.6512428],[5.48058118]
[4.30022211],[1.66502115],[5.82885548]
[3.94614338],[1.66272458],[5.55723706]
[4.01882668],[1.67011719],[5.76910858]
[4.01680463],[1.65837611],[5.45365973]
[4.06212128],[1.65628645],[5.62007461]
[4.03420791],[1.63428801],[5.31562628]
[4.09010208],[1.62544576],[5.34207445]
[4.039184],[1.59554989],[5.04845995]
[4.09498543],[1.58003996],[4.99446068]
[4.0347676],[1.54627021],[4.73827912]
[4.07758822],[1.52963187],[4.60583335]
[4.03299994],[1.48454072],[4.39077359]
[4.03494725],[1.46091564],[4.23698862]
[4.05317492],[1.40170503],[4.03633216]
[4.05273275],[1.34733435],[3.90353044]
[4.05612658],[1.29489127],[3.70071507]
[4.04690878],[1.23288299],[3.54382491]
[4.04020458],[1.19002026],[3.39633661]
[4.02614743],[1.15167001],[3.30936637]
[4.01793505],[1.12174846],[3.24136898]
[4.01296943],[1.09378156],[3.17405807]
[4.01212794],[1.06541601],[3.11493146]
[4.01348821],[1.03663866],[3.04816075]
[4.00956934],[1.01381679],[2.97884931]
[4.00944324],[0.99404597],[2.91447279]
[4.00477721],[0.9746412],[2.85720846]
[3.98855749],[0.9639654],[2.80974285]
[4.01732998],[0.95639969],[2.79128431]
[4.06204165],[0.94563491],[2.7828058]
[4.03891724],[0.93296307],[2.75545474]
[3.98638279],[0.92286854],[2.69338975]
[3.93875234],[0.91444605],[2.62422733]
[3.90380065],[0.90630388],[2.55577041]
[3.86751365],[0.8987685],[2.49478099]
[3.83266098],[0.8915668],[2.42667437]
[7.07718141],[1.90204779],[8.07683886]
[4.67580038],[1.32938054],[3.19113963]
[3.24243871],[0.80178568],[1.53616175]
[1.97948158],[0.58959107],[0.67783511]
[2.34225026],[0.73740444],[1.10089151]
[2.50892634],[0.88704552],[1.59097212]
[2.59593852],[0.99329238],[1.92283168]
[2.96208621],[1.05611555],[2.2866105]
[3.19552047],[1.20851774],[2.97362775]
[3.30994883],[1.33483614],[3.50816407]
[3.42520394],[1.43633127],[3.92616003]
[3.70460306],[1.47797749],[4.35762143]
[3.74111228],[1.52125523],[4.64820375]
[3.86004599],[1.55045973],[4.95774691]
[3.90280013],[1.59296672],[5.2583705]
[3.9059163],[1.60597181],[5.38794458]
[4.05984791],[1.63073689],[5.62062735]
[4.11156078],[1.64321164],[5.59785361]
[4.34324142],[1.66357144],[5.86430494]
[4.13555459],[1.67055678],[5.6746251]
[4.36083667],[1.6810541],[6.0059723]
[4.03134931],[1.67950585],[5.74129257]
[4.10941222],[1.68557935],[5.96696981]
[4.11224047],[1.67588052],[5.65855967]
[4.13297937],[1.67231129],[5.8061298]
[4.14450612],[1.64930015],[5.53588073]
[4.16805559],[1.63926625],[5.53879943]
[4.15907157],[1.60942071],[5.27579803]
[4.16912866],[1.59240353],[5.18819175]
[4.13477023],[1.55873116],[4.94085039]
[4.14067052],[1.54020553],[4.7797151]
[4.11342602],[1.49292925],[4.56727933]
[4.09333738],[1.46816698],[4.39614697]
[4.12643898],[1.39530976],[4.15829933]
[4.11068573],[1.344001],[4.00510472]
[4.11502599],[1.2935325],[3.80143812]
[4.09997705],[1.24356123],[3.66461936]
[4.09723757],[1.20142375],[3.52091587]
[4.08366905],[1.1621457],[3.4275874]
[4.07286975],[1.13246198],[3.35566181]
[4.06528928],[1.10720141],[3.2884049]
[4.06287825],[1.07895823],[3.22702251]
[4.0617776],[1.05004313],[3.15762086]
[4.05772758],[1.02542605],[3.08547081]
[4.05755507],[1.00555073],[3.01953068]
[4.05555311],[0.9862229],[2.96271639]
[4.03700718],[0.97721524],[2.91237129]
[4.05283963],[0.96905905],[2.87090081]
[4.09344061],[0.95738968],[2.85363518]
[4.07650376],[0.94402188],[2.82370351]
[4.0243508],[0.93355386],[2.76228215]
[3.97356031],[0.92527929],[2.69282459]
[3.93291706],[0.91648658],[2.61801891]
[3.89789676],[0.90724851],[2.55013196]
[3.86401851],[0.89942319],[2.48158553]
[7.08789981],[1.91967147],[8.14018725]
[4.58888501],[1.32772776],[3.13490047]
[3.15529696],[0.78974191],[1.4694879]
[1.88682106],[0.5672515],[0.63555744]
[2.34185025],[0.74763889],[1.09885011]
[2.51156009],[0.89511065],[1.59443699]
[2.60708206],[1.0021883],[1.94341397]
[3.01178756],[1.0644118],[2.35076991]
[3.20926657],[1.24757542],[3.10033005]
[3.32608171],[1.36450676],[3.61109216]
[3.57293139],[1.46360046],[4.1279904]
[3.79060637],[1.49774172],[4.54213382]
[3.8287553],[1.53775919],[4.83438105]
[3.90462292],[1.56444818],[5.11224112]
[3.95947837],[1.60339548],[5.41454834]
[3.95800934],[1.61426671],[5.50715394]
[4.19243628],[1.6377389],[5.73326706]
[4.18410068],[1.64920637],[5.69794075]
[4.31109636],[1.66804194],[5.93189382]
[4.03128749],[1.67355534],[5.6754578]
[4.12944902],[1.68113271],[5.94019716]
[4.11460053],[1.67672464],[5.68996097]
[4.18854297],[1.68935359],[5.91525928]
[4.25655011],[1.67599429],[5.69446898]
[4.24553688],[1.66878147],[5.75717126]
[4.32037793],[1.66501122],[5.594587]
[4.2904075],[1.62577928],[5.53768533]
[4.35874235],[1.59935364],[5.34439452]
[4.29388153],[1.56974012],[5.1595392]
[4.3136539],[1.52247233],[4.93025908]
[4.24683969],[1.49272855],[4.67176099]
[4.25459822],[1.4264685],[4.42925453]
[4.19380091],[1.3761476],[4.22269738]
[4.2416273],[1.3145309],[4.03143348]
[4.19128563],[1.26769199],[3.88426026]
[4.21372081],[1.22305488],[3.72690171]
[4.16772715],[1.18540444],[3.6214321]
[4.17964671],[1.15306356],[3.52017691]
[4.14274006],[1.12393082],[3.44294765]
[4.12558174],[1.10266697],[3.38175307]
[4.11649438],[1.08207627],[3.31631263]
[4.11047557],[1.05757553],[3.25647742]
[4.10851658],[1.03223772],[3.18834808]
[4.09955942],[1.01109488],[3.12020081]
[4.0995762],[0.99530263],[3.06163474]
[4.09780963],[0.98275359],[3.01240288]
[4.08202752],[0.9754685],[2.96475291]
[4.09466943],[0.96697185],[2.92378563]
[4.12827854],[0.95514447],[2.89542425]
[4.11883752],[0.94442199],[2.85802447]
[4.06732703],[0.93576787],[2.80529576]
[4.0158121],[0.92824108],[2.74054002]
[3.97243546],[0.92034394],[2.67111518]
[3.93853542],[0.91225411],[2.60192321]
[3.90603397],[0.90385934],[2.53694667]
[7.18585714],[1.93371026],[8.27503581]
[4.62661484],[1.32740905],[3.16574594]
[3.1879819],[0.78049113],[1.47373611]
[1.92012104],[0.55748897],[0.63749752]
[2.35480802],[0.75832205],[1.11962343]
[2.52310033],[0.90812081],[1.62379]
[2.66898287],[1.01747311],[1.99131811]
[3.04050307],[1.12205696],[2.42442115]
[3.22847748],[1.31632386],[3.34634999]
[3.41896977],[1.41689251],[3.81045714]
[3.68311231],[1.50478177],[4.44486676]
[3.86088663],[1.53722036],[4.89104061]
[3.89195292],[1.58402251],[5.20177555]
[3.94845822],[1.60913075],[5.42322139]
[4.05796946],[1.6401405],[5.69044468]
[4.14091572],[1.65132027],[5.75900353]
[4.31710236],[1.66810852],[5.97309031]
[4.29500128],[1.68019027],[5.9496489]
[4.41768534],[1.69557673],[6.16838751]
[4.12439997],[1.69931023],[5.93399661]
[4.22308401],[1.70931202],[6.21269934]
[4.22325358],[1.70875971],[5.99216791]
[4.31426504],[1.72203193],[6.21000608]
[4.45264858],[1.71044696],[6.06704522]
[4.44159045],[1.70161023],[6.11188119]
[4.4993715],[1.72440766],[5.967822]
[4.50740502],[1.69880072],[5.90549809]
[4.52593486],[1.69145503],[5.69627566]
[4.52892012],[1.59591492],[5.51198645]
[4.50041255],[1.54594983],[5.28010601]
[4.4647501],[1.52363801],[5.0205205]
[4.45872066],[1.46450919],[4.7770893]
[4.4146406],[1.41235466],[4.53960553]
[4.44659769],[1.34742667],[4.33676733]
[4.37119497],[1.3032875],[4.15189336]
[4.40504648],[1.25537249],[3.98087779]
[4.31188974],[1.21613243],[3.83811151]
[4.34815988],[1.18225321],[3.73112666]
[4.25077803],[1.15089487],[3.62263871]
[4.22391957],[1.12950883],[3.55613394]
[4.20830379],[1.10800303],[3.4829288]
[4.19501747],[1.08165535],[3.41347411]
[4.18691051],[1.05583745],[3.3374982]
[4.1643492],[1.03416368],[3.25782021]
[4.14692069],[1.01621026],[3.18762659]
[4.12446997],[1.00475977],[3.13344844]
[4.10799049],[0.998104],[3.08833845]
[4.13254415],[0.98841275],[3.05494553]
[4.16706557],[0.97613094],[3.0311345]
[4.13696597],[0.96430151],[2.98083589]
[4.08322966],[0.95531024],[2.90388735]
[4.03348533],[0.9469873],[2.83011809]
[4.00541186],[0.93834617],[2.76265859]
[3.97308339],[0.9310575],[2.6932864]
[3.94168358],[0.924641],[2.62574338]
[7.27415452],[1.9477254],[8.43262868]
[4.5353438],[1.33822953],[3.1671656]
[3.10124237],[0.78424591],[1.43335858]
[1.82801098],[0.54377753],[0.60156903]
[2.37136211],[0.77396636],[1.13371499]
[2.5341734],[0.91972512],[1.65799741]
[2.73863735],[1.0290117],[2.04479279]
[3.07776697],[1.17728263],[2.5023026]
[3.24646447],[1.35701096],[3.48217107]
[3.50227873],[1.45178958],[3.9611732]
[3.74872289],[1.53890382],[4.62256893]
[3.90303987],[1.57131321],[5.06741702]
[3.9327172],[1.61769631],[5.37077128]
[4.01722977],[1.64100289],[5.59530483]
[4.19268421],[1.66780349],[5.89092757]
[4.2687161],[1.67858977],[5.97282705]
[4.41199989],[1.69351004],[6.2121675]
[4.38352578],[1.70392312],[6.17567692]
[4.50315044],[1.71777176],[6.39433266]
[4.26226737],[1.72717469],[6.20857312]
[4.3708181],[1.74834383],[6.50651065]
[4.3850335],[1.74910788],[6.35764177]
[4.51147106],[1.75983165],[6.61734904]
[4.59832583],[1.77078286],[6.48121577]
[4.61536783],[1.7731318],[6.50165671]
[4.62776088],[1.79186659],[6.34588533]
[4.66191939],[1.77144258],[6.29147965]
[4.64112929],[1.76382687],[6.0929141]
[4.68808647],[1.68482185],[5.92577909]
[4.62933513],[1.65374248],[5.68404314]
[4.63718469],[1.56207538],[5.42422654]
[4.59669507],[1.50856329],[5.15483967]
[4.58130998],[1.45934739],[4.90422522]
[4.59475061],[1.39318278],[4.69353032]
[4.54698406],[1.34923315],[4.49294067]
[4.5569268],[1.30164937],[4.30643271]
[4.49681194],[1.26004909],[4.14589122]
[4.50952394],[1.22406553],[4.03255323]
[4.45228131],[1.19001138],[3.91318132]
[4.41462184],[1.16734686],[3.83696469]
[4.39321106],[1.14488257],[3.76169311]
[4.37617189],[1.10859092],[3.68137065]
[4.36341263],[1.08080016],[3.59574068]
[4.33656369],[1.05879062],[3.49682476]
[4.30769503],[1.03902542],[3.39891685]
[4.20529176],[1.02785093],[3.31198148]
[4.15562073],[1.02035401],[3.24373906]
[4.17546005],[1.00840142],[3.20162952]
[4.2161572],[0.99618653],[3.17430353]
[4.18526594],[0.98380952],[3.12041688]
[4.13752678],[0.97397465],[3.04349089]
[4.08849763],[0.96553689],[2.95257619]
[4.0571298],[0.95665128],[2.87215146]
[4.0260375],[0.94870427],[2.80173152]
[3.99679439],[0.94071917],[2.72930534]
[7.44129544],[1.98318779],[8.81999585]
[4.49275025],[1.37247707],[3.20370035]
[3.05519481],[0.78800007],[1.41386421]
[1.77912268],[0.53129837],[0.56566952]
[2.38132863],[0.77854915],[1.13239172]
[2.54092055],[0.92440498],[1.66962706]
[2.80369103],[1.03385427],[2.08760597]
[3.10834944],[1.21341373],[2.56701151]
[3.2613725],[1.38906486],[3.57703353]
[3.56351354],[1.47953018],[4.10737245]
[3.80379653],[1.56556712],[4.80188651]
[3.9392101],[1.6030206],[5.2183731]
[3.99454969],[1.64396399],[5.54504233]
[4.11325827],[1.66682723],[5.7588321]
[4.29789296],[1.69051346],[6.09773203]
[4.35781817],[1.700282],[6.16019752]
[4.476954],[1.71431917],[6.42073081]
[4.45390052],[1.72366465],[6.37103623]
[4.57834982],[1.74710525],[6.61530842]
[4.36187751],[1.7606783],[6.44627193]
[4.45213181],[1.77871192],[6.75944573]
[4.57145503],[1.78351101],[6.70854242]
[4.69983684],[1.83039467],[6.96909738]
[4.72794078],[1.83396062],[6.82846809]
[4.75911645],[1.83724744],[6.85900146]
[4.74038849],[1.85311054],[6.71134799]
[4.78743628],[1.8321395],[6.66039999]
[4.73857166],[1.82619736],[6.47173808]
[4.81207381],[1.77341386],[6.29906213]
[4.73549219],[1.73971389],[6.05068862]
[4.77020045],[1.63188817],[5.76915276]
[4.70826186],[1.55336096],[5.47946527]
[4.71233512],[1.4845851],[5.23213715]
[4.71570536],[1.41953355],[5.01361762]
[4.69300644],[1.37803661],[4.82814805]
[4.69708225],[1.33377836],[4.64798354]
[4.66878469],[1.29352008],[4.49446199]
[4.66798683],[1.25859296],[4.38000472]
[4.64461423],[1.2262506],[4.26178137]
[4.61401743],[1.20374055],[4.18179233]
[4.59954457],[1.18247615],[4.10063476]
[4.58664919],[1.1634415],[4.01340422]
[4.57813801],[1.14540044],[3.91472225]
[4.55177342],[1.1125418],[3.80388382]
[4.52793445],[1.08125564],[3.68283526]
[4.4469569],[1.0510627],[3.54924703]
[4.3319752],[1.03747596],[3.43344344]
[4.29799614],[1.02460468],[3.36231383]
[4.32027793],[1.01302784],[3.31872364]
[4.26589195],[1.00079062],[3.2498754]
[4.18303734],[0.99009325],[3.16541929]
[4.13874153],[0.98164056],[3.07460931]
[4.10779154],[0.97281947],[2.9842909]
[4.07632426],[0.96517458],[2.90190308]
[4.04787467],[0.95683461],[2.82712044]
[7.66825755],[1.99374945],[8.99805143]
[4.43472624],[1.38769394],[3.17866121]
[2.97091751],[0.7748028],[1.35664303]
[1.68398723],[0.5072444],[0.51982359]
[2.39114732],[0.79131102],[1.13954737]
[2.547167],[0.93396139],[1.68551699]
[2.87398607],[1.03967364],[2.14314991]
[3.14189755],[1.25119888],[2.6483203]
[3.28061762],[1.41898657],[3.66922812]
[3.62856394],[1.50190403],[4.23591312]
[3.86101296],[1.57938848],[4.93507229]
[3.9805358],[1.61827927],[5.3264451]
[4.06673548],[1.65414414],[5.67600917]
[4.22546023],[1.67543214],[5.88614959]
[4.37070085],[1.69825144],[6.23625463]
[4.38421866],[1.70558911],[6.27876933]
[4.49102019],[1.71967958],[6.54333882]
[4.45393058],[1.73677526],[6.46010876]
[4.4588712],[1.76255022],[6.65951412]
[4.4184092],[1.77537699],[6.47526115]
[4.5774811],[1.82748086],[6.81960377]
[4.72698318],[1.83244279],[6.85149672]
[4.85605213],[1.87308372],[7.0807148]
[4.83956168],[1.88144111],[7.00213987]
[4.88405486],[1.88691977],[7.04067937]
[4.85040607],[1.90197566],[6.94504369]
[4.92583767],[1.8845432],[6.88754732]
[4.86072528],[1.87733404],[6.72045121]
[4.97483977],[1.78043131],[6.51855224]
[4.88456318],[1.70329874],[6.2117391]
[4.9411259],[1.62295545],[5.92038781]
[4.84984026],[1.54762405],[5.64695287]
[4.88880678],[1.48876503],[5.44396206]
[4.85717571],[1.42620689],[5.23929938]
[4.86660199],[1.38707076],[5.08423122]
[4.82981637],[1.34642613],[4.91990293]
[4.83244475],[1.3102148],[4.80200444]
[4.80386091],[1.28584639],[4.69451192]
[4.79898147],[1.26774319],[4.58102147]
[4.76654401],[1.25128721],[4.49076124]
[4.75270475],[1.23487272],[4.4008892]
[4.74003421],[1.21989224],[4.30640169]
[4.7328744],[1.20419301],[4.20149446]
[4.70777827],[1.16957164],[4.08222486]
[4.68564556],[1.14222931],[3.94044307]
[4.63294905],[1.11273494],[3.79666028]
[4.55354826],[1.08662453],[3.66424865]
[4.51665687],[1.06171945],[3.56668494]
[4.50529664],[1.03549964],[3.49923031]
[4.42678731],[1.00670864],[3.39129704]
[4.27201039],[0.99724385],[3.26772557]
[4.18722004],[0.98910585],[3.16523799]
[4.15569408],[0.98075462],[3.0754056]
[4.12932128],[0.97295119],[2.98389835]
[4.10210488],[0.96600214],[2.904206]
[8.09300312],[2.00204355],[9.31466814]
[4.49679782],[1.41149594],[3.2409721]
[2.99655525],[0.76601562],[1.37506402]
[1.70057482],[0.5047837],[0.52537202]
[2.41121179],[0.80567209],[1.16664004]
[2.56294236],[0.94366606],[1.71457273]
[2.92836273],[1.05090104],[2.1996006]
[3.17137374],[1.31003143],[2.79503546]
[3.31212436],[1.46164999],[3.86820748]
[3.69181546],[1.5377194],[4.49602992]
[3.90955881],[1.60966543],[5.19757819]
[4.0471262],[1.65310515],[5.5321346]
[4.19618675],[1.68350042],[5.88845601]
[4.33878744],[1.70507248],[6.11973378]
[4.45231287],[1.72441032],[6.44322447]
[4.4563324],[1.73170401],[6.50280704]
[4.55306287],[1.7531402],[6.76935476]
[4.58538405],[1.77349555],[6.70935312]
[4.52976615],[1.81242765],[6.99603365]
[4.60465514],[1.86076123],[6.95025513]
[4.77786284],[1.91707252],[7.34785049]
[4.84809022],[1.92260459],[7.36966068]
[4.98180116],[1.96147017],[7.68159112]
[4.97969833],[1.9626444],[7.64271094]
[5.07570754],[1.97327694],[7.72994624]
[5.03052423],[1.98316145],[7.63285009]
[5.13452595],[1.97095269],[7.60541539]
[5.06492514],[1.96235291],[7.45581971]
[5.23406738],[1.92261694],[7.30512617]
[5.15095262],[1.84587528],[6.99834884]
[5.21421368],[1.75021814],[6.66913682]
[5.08072165],[1.67032311],[6.32770699]
[5.16280155],[1.60134998],[6.10004427]
[5.06265049],[1.5415473],[5.87101329]
[5.11843911],[1.49171773],[5.70449609]
[5.02905547],[1.44715336],[5.5023909]
[5.05709295],[1.4076055],[5.36174697]
[4.99407321],[1.37580122],[5.22622452]
[5.0218292],[1.34741462],[5.11207292]
[4.95579941],[1.33024537],[5.0005707]
[4.93222366],[1.31183489],[4.89146932]
[4.90208023],[1.29637006],[4.78154375]
[4.87700783],[1.28060514],[4.66021926]
[4.84586708],[1.24562889],[4.53314949]
[4.81882145],[1.21556239],[4.37003544]
[4.77672777],[1.18560271],[4.15262853]
[4.70439196],[1.15936453],[3.97842177]
[4.67915419],[1.13419992],[3.87133042]
[4.66187594],[1.10756764],[3.77280016]
[4.58474021],[1.07890393],[3.62230598]
[4.42816035],[1.03253463],[3.45035288]
[4.20406823],[1.00931456],[3.28946914]
[4.18307997],[1.00136441],[3.19879798]
[4.16096531],[0.9939006],[3.10717043]
[4.1370268],[0.98738257],[3.01101532]
[8.52727879],[2.01563533],[9.6450265]
[4.47661257],[1.45124335],[3.30790564]
[2.92761048],[0.78870207],[1.36042576]
[1.58996399],[0.49376287],[0.48822894]
[2.42639292],[0.81610718],[1.19933032]
[2.58102627],[0.95199921],[1.74101142]
[2.98031594],[1.05826731],[2.2487961]
[3.19931925],[1.34342044],[2.89309445]
[3.34379834],[1.48870253],[3.96611224]
[3.75497806],[1.56278519],[4.63801462]
[3.95491841],[1.6340853],[5.33823907]
[4.14464182],[1.67534271],[5.69005764]
[4.30071291],[1.7033278],[6.05834665]
[4.42760915],[1.7270169],[6.31151473]
[4.51642063],[1.74765329],[6.64247567]
[4.55244821],[1.76578248],[6.76286289]
[4.65035548],[1.79551073],[7.07425367]
[4.72906955],[1.84561738],[7.14820463]
[4.69630557],[1.9348563],[7.55136578]
[4.78338517],[1.97686467],[7.58546437]
[4.97507267],[2.02545746],[8.09756964]
[4.96900341],[2.02826737],[8.11732603]
[5.15013028],[2.06209243],[8.49864108]
[5.14518854],[2.05805991],[8.43082857]
[5.30102111],[2.0662753],[8.52723393]
[5.27149608],[2.06816404],[8.44759924]
[5.39768282],[2.05941189],[8.45591449]
[5.33025729],[2.04894897],[8.31534096]
[5.48732039],[2.02758642],[8.24271613]
[5.40230292],[1.99408771],[7.95482236]
[5.48004039],[1.88623389],[7.5920634]
[5.36430263],[1.80739762],[7.21556623]
[5.41802133],[1.73056345],[6.93359685]
[5.3652897],[1.65883868],[6.65142064]
[5.388583],[1.60762076],[6.45569048]
[5.32305844],[1.55916464],[6.21463083]
[5.35133746],[1.51684016],[6.05346922]
[5.27253992],[1.4781627],[5.86012802]
[5.30303443],[1.44791424],[5.74199913]
[5.21383815],[1.42169676],[5.59520891]
[5.1803933],[1.39734383],[5.47404327]
[5.13895576],[1.37502147],[5.3407188]
[5.09757153],[1.35883348],[5.19895046]
[5.05963124],[1.32628068],[5.06572591]
[5.02198586],[1.29324164],[4.91324173]
[4.98256066],[1.26381148],[4.69598776]
[4.87380361],[1.2383866],[4.44303066]
[4.79405719],[1.21279661],[4.23451553]
[4.77415347],[1.1866505],[4.08291238]
[4.72949388],[1.15821699],[3.9317806]
[4.63009587],[1.11368736],[3.74043478]
[4.49198288],[1.05663229],[3.53751316]
[4.33959491],[1.02013659],[3.3777369]
[4.20212007],[1.01167124],[3.24959888]
[4.18194643],[1.00423218],[3.15090372]
[9.38911998],[2.03678936],[10.18756444]
[4.52514996],[1.51041464],[3.41156064]
[2.9094267],[0.79865092],[1.37541612]
[1.53566176],[0.48974526],[0.48111505]
[2.43370722],[0.81703693],[1.1965088]
[2.59320932],[0.95791936],[1.75140985]
[3.02455836],[1.06329145],[2.29170576]
[3.24002146],[1.37191426],[2.98346437]
[3.37002372],[1.51568858],[4.05681282]
[3.79761541],[1.58779507],[4.82343577]
[4.01934473],[1.65781759],[5.51960319]
[4.2609548],[1.69782903],[5.88413025]
[4.39862554],[1.72722511],[6.27047436]
[4.51586076],[1.75000582],[6.53223828]
[4.5928593],[1.78130629],[6.88535522]
[4.68475689],[1.80066693],[7.06120507]
[4.76833195],[1.86814847],[7.43349803]
[4.87958073],[1.93600228],[7.67843319]
[4.90877725],[2.01789677],[8.12903409]
[4.94321748],[2.05457047],[8.1715484]
[5.13164448],[2.10027451],[8.72360709]
[5.08620756],[2.10264582],[8.72507447]
[5.3515338],[2.13472209],[9.17907124]
[5.38696631],[2.13627174],[9.20659264]
[5.52697863],[2.18918421],[9.38106609]
[5.4888621],[2.23672202],[9.33167488]
[5.59502833],[2.22025342],[9.38043475]
[5.53158892],[2.19726847],[9.26083218]
[5.66092373],[2.16803058],[9.23942337]
[5.62453888],[2.08948332],[8.98090383]
[5.70457333],[2.00179189],[8.60047405]
[5.60885173],[1.9170654],[8.17852825]
[5.61666719],[1.84342109],[7.81088019]
[5.59228555],[1.76439344],[7.50641195]
[5.57519597],[1.69897882],[7.24266962]
[5.54136468],[1.63901448],[6.96152063]
[5.52757109],[1.59621066],[6.74840524]
[5.48896434],[1.55983663],[6.52126856]
[5.50029902],[1.52721971],[6.38401658]
[5.44947711],[1.49970962],[6.21991883]
[5.41611346],[1.47526686],[6.08693033]
[5.38225196],[1.44614383],[5.94718943]
[5.35299939],[1.42962258],[5.79602945]
[5.31882741],[1.39932395],[5.64964468]
[5.28847673],[1.36675725],[5.49474511]
[5.25410293],[1.33539778],[5.27994995]
[5.11620455],[1.3106877],[4.9703562]
[4.97905229],[1.28470028],[4.70641432]
[4.89931753],[1.25864297],[4.47327554]
[4.83436766],[1.22979603],[4.25931866]
[4.76811596],[1.18671697],[4.05004311]
[4.68121177],[1.13068459],[3.83350069]
[4.58141277],[1.06819617],[3.62631082]
[4.47342732],[1.02866331],[3.46925081]
[4.33366992],[1.02134146],[3.30852557]
