meltWidth,meltDepth,meltArea
[0.],[0.],[0.]
[0.],[0.],[0.]
[0.],[0.],[0.]
[0.],[0.],[0.]
[0.],[0.],[0.]
[0.],[0.],[0.]
[0.],[0.],[0.]
[0.],[0.],[0.]
[0.],[0.],[0.]
[0.],[0.],[0.]
[0.],[0.],[0.]
[0.],[0.],[0.]
[0.],[0.],[0.]
[0.],[0.],[0.]
[0.],[0.],[0.]
[0.],[0.],[0.]
[0.],[0.],[0.]
[0.],[0.],[0.]
[0.],[0.],[0.]
[0.],[0.],[0.]
[0.],[0.],[0.]
[0.],[0.],[0.]
[0.],[0.],[0.]
[0.],[0.],[0.]
[0.],[0.],[0.]
[0.],[0.],[0.]
[0.],[0.],[0.]
[0.],[0.],[0.]
[0.],[0.],[0.]
[0.],[0.],[0.]
[0.],[0.],[0.]
[0.],[0.],[0.]
[0.],[0.],[0.]
[0.],[0.],[0.]
[0.],[0.],[0.]
[0.],[0.],[0.]
[0.],[0.],[0.]
[0.],[0.],[0.]
[0.],[0.],[0.]
[0.],[0.],[0.]
[0.],[0.],[0.]
[0.],[0.],[0.]
[0.],[0.],[0.]
[0.],[0.],[0.]
[0.],[0.],[0.]
[0.],[0.],[0.]
[0.],[0.],[0.]
[0.],[0.],[0.]
[0.],[0.],[0.]
[0.],[0.],[0.]
[0.],[0.],[0.]
[0.],[0.],[0.]
[0.],[0.],[0.]
[0.],[0.],[0.]
[0.],[0.],[0.]
[0.],[0.],[0.]
[0.85792383],[0.08528061],[0.03524982]
[1.1907064],[0.15293433],[0.10585972]
[1.5978374],[0.22086279],[0.19291254]
[1.67157594],[0.26439299],[0.25439102]
[1.84986596],[0.29847614],[0.34654678]
[1.91729136],[0.32906789],[0.39426301]
[2.07038171],[0.3420247],[0.46863621]
[2.21127918],[0.36121666],[0.49830075]
[2.30546034],[0.38462591],[0.56797318]
[2.37492634],[0.40866886],[0.5958964]
[2.43610729],[0.43359925],[0.69828709]
[2.46598894],[0.46406534],[0.72857776]
[2.50248564],[0.49585093],[0.81287992]
[2.52270421],[0.51487193],[0.83023377]
[2.55579979],[0.52587365],[0.88147341]
[2.58562935],[0.53439575],[0.90949647]
[2.62325854],[0.54173896],[0.92376346]
[2.63957717],[0.54500475],[0.94325078]
[2.67187114],[0.5426866],[0.94532784]
[2.67326155],[0.54222162],[0.94514468]
[2.69603154],[0.54172529],[0.93922721]
[2.67288989],[0.53962737],[0.93593371]
[2.68447235],[0.53667497],[0.93049822]
[2.67257462],[0.53448228],[0.92311578]
[2.6785468],[0.53276986],[0.91775794]
[2.66972042],[0.53005014],[0.90947901]
[2.67423614],[0.52815687],[0.90804532]
[2.6691348],[0.52612766],[0.89410808]
[2.66336243],[0.52346808],[0.89309252]
[2.61864982],[0.52491688],[0.83917192]
[2.51726053],[0.52236073],[0.7976362]
[2.4453685],[0.51273997],[0.73823924]
[2.22621354],[0.49219881],[0.65805371]
[2.09346935],[0.47178269],[0.60449563]
[1.95933806],[0.44925087],[0.53542135]
[1.82189896],[0.42507363],[0.45922192]
[1.69859461],[0.39776649],[0.37933984]
[1.57914856],[0.35228685],[0.28446497]
[1.31795845],[0.30310375],[0.19748321]
[1.0043417],[0.23249384],[0.11492289]
[0.62661929],[0.14623262],[0.04459974]
[0.02179915],[0.00473528],[1.51394852e-05]
[0.],[0.],[0.]
[0.],[0.],[0.]
[0.],[0.],[0.]
[0.],[0.],[0.]
[0.],[0.],[0.]
[0.],[0.],[0.]
[0.],[0.],[0.]
[0.],[0.],[0.]
[0.],[0.],[0.]
[0.],[0.],[0.]
[3.49494857],[0.11765953],[0.24274211]
[0.],[0.],[0.]
[0.],[0.],[0.]
[0.62031427],[0.15475417],[0.04710254]
[1.75483732],[0.30940117],[0.3435782]
[1.90601494],[0.39271596],[0.50743605]
[2.07138145],[0.5227849],[0.69540319]
[2.32435404],[0.60713899],[0.95423811]
[2.52714546],[0.64287772],[1.1076919]
[2.6804576],[0.66595022],[1.26756285]
[2.72989884],[0.69626801],[1.30837525]
[2.79472306],[0.71765449],[1.41611076]
[2.79822825],[0.73450705],[1.44910503]
[2.84922655],[0.74478817],[1.52800232]
[2.85846066],[0.76249808],[1.57928708]
[2.90898404],[0.77412615],[1.65419554]
[2.91835677],[0.78910858],[1.70339448]
[2.95760256],[0.8084672],[1.77116527]
[2.97007745],[0.8263932],[1.84550417]
[2.99917224],[0.83409243],[1.87234563]
[3.02069264],[0.87545477],[1.96236912]
[3.05678802],[0.90262973],[1.99674177]
[3.04827892],[0.9518139],[2.08384002]
[3.10000855],[0.97198102],[2.10189599]
[3.05006616],[1.02149754],[2.17993365]
[3.08864233],[1.03990223],[2.20668457]
[3.03534235],[1.07878358],[2.27092215]
[3.07697549],[1.09144408],[2.31164604]
[3.02547471],[1.12902998],[2.39198682]
[3.0568173],[1.14147186],[2.45718018]
[3.01848673],[1.16427369],[2.53118854]
[3.03412479],[1.17427457],[2.60150705]
[3.01963604],[1.16787381],[2.62845869]
[3.01697503],[1.17012891],[2.71473143]
[2.98474269],[1.16622362],[2.7335651]
[2.9297465],[1.16401343],[2.74588079]
[2.83668703],[1.15946084],[2.71099369]
[2.72467778],[1.15035412],[2.65622788]
[2.57542653],[1.14212909],[2.57253008]
[2.49188522],[1.13230213],[2.43864574]
[2.48831468],[1.11967135],[2.29263438]
[2.49827181],[1.1005039],[2.14538131]
[2.51951645],[1.07583502],[1.98370853]
[2.48940451],[1.04823288],[1.79173247]
[2.43490803],[1.01725518],[1.61304188]
[2.39611428],[0.89643068],[1.43054763]
[2.3450045],[0.80405311],[1.242378]
[2.27315742],[0.73133788],[0.86068449]
[2.21685448],[0.67208549],[0.78565434]
[2.16855761],[0.62428352],[0.72858692]
[2.11644527],[0.59017165],[0.68449126]
[2.05200518],[0.56812827],[0.64145559]
[2.01568232],[0.55122012],[0.61452041]
[1.94742595],[0.53296156],[0.58598106]
[1.85348614],[0.52165872],[0.55971321]
[4.50195753],[0.8287674],[2.35324206]
[1.85081288],[0.10649816],[0.11089226]
[0.],[0.],[0.]
[0.6176789],[0.17446774],[0.05297347]
[1.83305182],[0.32257397],[0.39299616]
[1.99973736],[0.45543771],[0.62102962]
[2.17713693],[0.59954564],[0.84700933]
[2.3784883],[0.68563665],[1.09322356]
[2.59105913],[0.72882271],[1.27137312]
[2.7756595],[0.75656145],[1.45081708]
[2.8523349],[0.79164213],[1.5340972]
[2.90294579],[0.81281389],[1.64423224]
[2.91186473],[0.83076651],[1.70570686]
[2.96348296],[0.845237],[1.7918848]
[2.9610411],[0.86401683],[1.82573951]
[3.00288403],[0.87861252],[1.89571819]
[3.02501477],[0.89690673],[1.94219578]
[3.03535884],[0.9144347],[1.98485668]
[3.06504523],[0.93041158],[2.06411697]
[3.05703183],[0.93835609],[2.05831714]
[3.09353308],[0.94589555],[2.1851321]
[3.08429705],[0.94931775],[2.1804685]
[3.10614937],[1.01389459],[2.31909431]
[3.10211949],[1.0078807],[2.28614276]
[3.10055191],[1.07948603],[2.40958344]
[3.09378053],[1.07952714],[2.42679658]
[3.09451449],[1.13445627],[2.54274337]
[3.09463476],[1.14136416],[2.5604507]
[3.08735782],[1.18128413],[2.65835346]
[3.09331891],[1.19480591],[2.71789725]
[3.07997838],[1.21222042],[2.7957704]
[3.08935618],[1.22387489],[2.86789695]
[3.06326243],[1.23365876],[2.87176704]
[3.03222355],[1.24360205],[2.96106939]
[2.99494068],[1.2463243],[2.99627186]
[2.87325691],[1.24241621],[3.01726574]
[2.82342544],[1.23979885],[3.00860998]
[2.91754353],[1.23534335],[2.98293904]
[2.93395015],[1.22838118],[2.91882121]
[2.92412764],[1.21907478],[2.79192962]
[2.91671792],[1.19986512],[2.64116776]
[2.92246777],[1.17102144],[2.46662137]
[2.92499592],[1.14264055],[2.29692902]
[2.88378756],[1.11316508],[2.10999939]
[2.82544891],[1.05458577],[1.91981189]
[2.77018648],[0.95117666],[1.72781155]
[2.7148608],[0.87028706],[1.46963888]
[2.65290426],[0.80483273],[1.26584458]
[2.59360262],[0.75256449],[1.14714384]
[2.53175698],[0.70913184],[1.06201464]
[2.47431479],[0.67363558],[0.98503787]
[2.40738593],[0.6533277],[0.91288132]
[2.33862385],[0.63430386],[0.85523824]
[2.26623893],[0.62351574],[0.80723509]
[2.15467989],[0.6077564],[0.76376148]
[2.94012384],[0.88830051],[2.92744399]
[2.74420068],[0.37265164],[0.6611015]
[0.94633896],[0.04757],[0.01938588]
[0.45177887],[0.22008638],[0.04905561]
[1.94188967],[0.33312218],[0.45947392]
[2.09833638],[0.52337179],[0.75627983]
[2.25519357],[0.67160001],[1.01866896]
[2.41972252],[0.75435954],[1.25798011]
[2.62723883],[0.80073772],[1.43199366]
[2.81991427],[0.83089739],[1.61936985]
[2.89216721],[0.86633746],[1.7202416]
[2.95533085],[0.89249915],[1.84179746]
[2.95942571],[0.91055529],[1.89577524]
[3.00803996],[0.92637844],[1.97575641]
[3.02788476],[0.94427066],[2.01909138]
[3.04069967],[0.95762901],[2.04606359]
[3.07726139],[0.97200603],[2.13171203]
[3.0664685],[0.98520657],[2.12149399]
[3.10511059],[0.99694311],[2.26466089]
[3.0718979],[1.00442282],[2.21970094]
[3.1313491],[1.03771472],[2.42534383]
[3.10482278],[1.04538052],[2.39016389]
[3.14337928],[1.11952542],[2.58409696]
[3.09984716],[1.10892697],[2.52483999]
[3.1433552],[1.1745709],[2.71815399]
[3.1111557],[1.16953425],[2.68915]
[3.13867929],[1.22139001],[2.84729079]
[3.11396145],[1.2167858],[2.83938954]
[3.13202779],[1.25084033],[2.96546145]
[3.11610434],[1.24415591],[2.97768]
[3.10600967],[1.2685356],[3.06943943]
[3.05964911],[1.26465394],[3.08793116]
[3.04502416],[1.27625263],[3.13316923]
[2.92660775],[1.27754722],[3.21768669]
[2.95395193],[1.28431482],[3.23564549]
[3.05158529],[1.28572048],[3.22658434]
[3.1381806],[1.28034982],[3.14992768]
[3.12859389],[1.27350806],[3.03314191]
[3.16725342],[1.2628263],[2.9604574]
[3.18156758],[1.25204998],[2.81098848]
[3.16685871],[1.23151486],[2.66423996]
[3.17092428],[1.19705809],[2.52675304]
[3.17167596],[1.16211255],[2.38887418]
[3.1330571],[1.10900498],[2.21549489]
[3.07833973],[1.02416622],[2.03873218]
[3.02019573],[0.94931582],[1.86298897]
[2.95920551],[0.89225288],[1.66281858]
[2.89571242],[0.84358739],[1.49962233]
[2.83956878],[0.79387718],[1.3801028]
[2.77384392],[0.74133132],[1.26469527]
[2.71131774],[0.70165653],[1.17472473]
[2.64424204],[0.67580803],[1.09293638]
[2.58026495],[0.65234518],[1.03565857]
[2.51419291],[0.63760981],[0.97946875]
[2.43623351],[0.62480241],[0.91394299]
[3.00653984],[0.83218489],[3.1206302]
[3.03911859],[0.78413176],[1.4425411]
[1.99394294],[0.27867592],[0.35482156]
[0.3077745],[0.21999035],[0.03341795]
[2.02760879],[0.31905526],[0.52808781]
[2.1618983],[0.55955999],[0.86670633]
[2.32900205],[0.71483169],[1.16280779]
[2.43232658],[0.80240606],[1.39843482]
[2.59029963],[0.84882023],[1.54450907]
[2.82350862],[0.87877943],[1.7497154]
[2.9186943],[0.91427386],[1.86391746]
[3.0028614],[0.94813926],[1.98809766]
[3.02916082],[0.96593825],[2.05529652]
[3.06189568],[0.98045894],[2.10709653]
[3.07456896],[0.99901277],[2.17068231]
[3.06150337],[1.01306862],[2.16029529]
[3.11343357],[1.02896856],[2.31911554]
[3.07242238],[1.0417627],[2.26423261]
[3.14207228],[1.05380728],[2.5033391]
[3.07587342],[1.06609973],[2.40589428]
[3.16737798],[1.15250238],[2.70321013]
[3.11095383],[1.15990785],[2.65857005]
[3.17842158],[1.21733103],[2.87742903]
[3.10589657],[1.21564739],[2.7809136]
[3.18001279],[1.26048059],[3.00214031]
[3.11356866],[1.25599134],[2.94237779]
[3.18003352],[1.27982345],[3.12974851]
[3.06871876],[1.27928482],[3.01325107]
[3.12383452],[1.29673222],[3.18211667]
[2.95819851],[1.29555581],[3.0423982]
[2.96460344],[1.30391163],[3.23720518]
[2.80710627],[1.30595181],[3.02280158]
[2.96747755],[1.30716884],[3.14131119]
[3.10182547],[1.30915034],[3.11717949]
[3.20001606],[1.30027691],[3.06173061]
[3.19613004],[1.29081758],[2.96000378]
[3.27595099],[1.28291553],[2.88437371]
[3.27869113],[1.27451424],[2.80833562]
[3.30324778],[1.26027335],[2.75483947]
[3.32634531],[1.24464226],[2.68043344]
[3.34697847],[1.22087283],[2.5920503]
[3.37737461],[1.17026498],[2.48662144]
[3.38716504],[1.1058969],[2.36787813]
[3.36158357],[1.06785817],[2.23153767]
[3.31695331],[0.96787904],[2.05545516]
[3.25551621],[0.90416222],[1.87922335]
[3.19095701],[0.85606948],[1.72827281]
[3.1215848],[0.81567265],[1.59851852]
[3.06263045],[0.77935699],[1.49603722]
[2.99918385],[0.74155284],[1.40262294]
[2.93049356],[0.71048478],[1.31081834]
[2.86050302],[0.67270748],[1.21549566]
[2.78893859],[0.64250963],[1.14568337]
[2.71906016],[0.62674587],[1.08809651]
[2.65441084],[0.60983026],[1.02247384]
[3.02686913],[0.93444815],[3.29554421]
[2.48508382],[0.57076266],[1.41529993]
[2.31369155],[0.35679237],[0.71852968]
[1.17238391],[0.20698637],[0.16272069]
[2.07586316],[0.34438342],[0.53369436]
[2.23739317],[0.56749911],[0.93886726]
[2.36970956],[0.75458576],[1.26880917]
[2.47371926],[0.86026504],[1.53233739]
[2.54456945],[0.90369642],[1.65156621]
[2.7892806],[0.9318093],[1.85698808]
[2.94213969],[0.97850545],[2.02991974]
[3.01795324],[1.01205128],[2.15011857]
[3.03534225],[1.03184482],[2.28232965]
[3.06739643],[1.04766469],[2.33670398]
[3.07857612],[1.06552241],[2.48576202]
[3.06063099],[1.07473704],[2.46503714]
[3.12474281],[1.12165966],[2.72461331]
[3.07509601],[1.13796333],[2.67144761]
[3.15694233],[1.21933985],[2.92950009]
[3.07136876],[1.23238464],[2.82743772]
[3.18558342],[1.29370366],[3.09844547]
[3.09541239],[1.30008134],[3.01244483]
[3.19912074],[1.33600984],[3.25377293]
[3.05935541],[1.33953029],[3.09737209]
[3.20343072],[1.35744114],[3.37751553]
[3.07239518],[1.3591916],[3.2684052]
[3.18398341],[1.36772356],[3.51535804]
[2.98961775],[1.3718888],[3.34452433]
[3.03052815],[1.37064304],[3.57514163]
[3.04306461],[1.38036543],[3.3213405]
[3.16022472],[1.36713403],[3.53768811]
[3.16727361],[1.38345933],[3.2425471]
[3.23313078],[1.37220545],[3.27998481]
[3.24155064],[1.37638784],[3.1992366]
[3.31729924],[1.35506386],[3.14433909]
[3.30743919],[1.3436945],[3.06359549]
[3.36827528],[1.33479003],[3.00012432]
[3.37059593],[1.32044786],[2.92940523]
[3.38318442],[1.30300163],[2.88160118]
[3.39870436],[1.28662387],[2.8238961]
[3.41266071],[1.26561901],[2.74900102]
[3.43493398],[1.231993],[2.65364194]
[3.45549515],[1.17852921],[2.53816205]
[3.44425105],[1.13583084],[2.40930329]
[3.40952304],[1.05749538],[2.25156488]
[3.35996617],[0.96428034],[2.07844604]
[3.3125645],[0.91953682],[1.93748973]
[3.26430285],[0.87195665],[1.80932384]
[3.21787704],[0.81968144],[1.69169129]
[3.16096405],[0.77758276],[1.58261863]
[3.1063076],[0.74092543],[1.48773298]
[3.04690525],[0.69799057],[1.37227359]
[2.97376372],[0.65990758],[1.26534268]
[2.90246976],[0.64305595],[1.18863645]
[2.84178167],[0.62343291],[1.12331132]
[3.31973499],[1.03112126],[3.66909934]
[2.27530784],[0.62019796],[1.35774051]
[2.13604292],[0.3877022],[0.71566269]
[1.45107063],[0.28473497],[0.29294719]
[2.09089025],[0.39231446],[0.5799453]
[2.27955718],[0.61171128],[1.00914423]
[2.39304577],[0.78842342],[1.34334978]
[2.48803289],[0.89642859],[1.61173539]
[2.5519142],[0.93309475],[1.72636243]
[2.8577344],[0.96780452],[2.01289459]
[2.98750276],[1.01508073],[2.22951172]
[3.04581625],[1.04703143],[2.38294774]
[3.06393728],[1.06323012],[2.52371971]
[3.09003099],[1.073016],[2.56678882]
[3.11519116],[1.08835102],[2.74240151]
[3.08422773],[1.11861066],[2.72889158]
[3.16621354],[1.18456387],[2.98154338]
[3.10935831],[1.20149476],[2.95153565]
[3.20167454],[1.27459063],[3.19573351]
[3.10313057],[1.28786775],[3.1096182]
[3.22069918],[1.34750041],[3.37194165]
[3.11667408],[1.3544335],[3.30170456]
[3.22692883],[1.3895142],[3.55507363]
[3.0828671],[1.39297471],[3.43941383]
[3.22915147],[1.41115344],[3.74237965]
[3.09170171],[1.41191504],[3.64328894]
[3.2145824],[1.42261902],[3.90665821]
[3.06078533],[1.42512108],[3.66565044]
[3.10868239],[1.42839681],[3.85581709]
[3.10006788],[1.433027],[3.53662218]
[3.16366263],[1.42622506],[3.70722856]
[3.16604468],[1.43650577],[3.40586726]
[3.23607626],[1.42850184],[3.42350398]
[3.23773027],[1.43252372],[3.34049691]
[3.31934515],[1.41381332],[3.27461888]
[3.30301352],[1.39638813],[3.18715742]
[3.3681946],[1.38084866],[3.12478367]
[3.36050298],[1.36600681],[3.05084759]
[3.379638],[1.35073556],[2.99994588]
[3.39827366],[1.33503548],[2.93985221]
[3.41783941],[1.31381435],[2.8584654]
[3.44531174],[1.2733913],[2.75855319]
[3.47234037],[1.20917924],[2.6437585]
[3.50139842],[1.15718938],[2.52459521]
[3.53288133],[1.05100833],[2.37559964]
[3.48907629],[1.00271568],[2.23610664]
[3.44150667],[0.94108921],[2.08509693]
[3.39685953],[0.88729886],[1.93617453]
[3.35014998],[0.83664219],[1.80253508]
[3.29417311],[0.79814785],[1.66826439]
[3.24100881],[0.74547278],[1.54833798]
[3.18034312],[0.68825592],[1.41330803]
[3.11296758],[0.63647041],[1.28394833]
[3.05223017],[0.59327037],[1.1694372]
[2.99744336],[0.53649438],[1.05393682]
[5.33479769],[1.17239844],[4.20544938]
[2.56590789],[0.6603779],[1.61446157]
[1.95351956],[0.42905892],[0.45976398]
[1.8123021],[0.37539302],[0.35966238]
[2.09145142],[0.42106281],[0.60565775]
[2.32062026],[0.65472184],[1.08562932]
[2.42468086],[0.81664748],[1.42478685]
[2.49838106],[0.92380088],[1.68396138]
[2.56482468],[0.95795173],[1.79767942]
[2.92676797],[0.99450672],[2.31281618]
[3.04331488],[1.04131724],[2.50011042]
[3.09382654],[1.06722634],[2.60290839]
[3.11615567],[1.07754622],[2.76450924]
[3.14044599],[1.09245657],[2.81626461]
[3.16332172],[1.16440145],[3.00130092]
[3.13074074],[1.17698523],[2.99588923]
[3.2023547],[1.25835087],[3.21952711]
[3.12935424],[1.27462806],[3.17542208]
[3.23363728],[1.33792666],[3.426659]
[3.1124134],[1.3497836],[3.36011108]
[3.25117883],[1.39580261],[3.65298762]
[3.12379141],[1.40441112],[3.59483456]
[3.25607099],[1.43028687],[3.88038054]
[3.08649264],[1.43155311],[3.72121411]
[3.2487309],[1.44300281],[3.99815286]
[3.10091974],[1.44537116],[3.81353267]
[3.22010433],[1.45002131],[3.99532716]
[3.07487826],[1.45286867],[3.7296716]
[3.12872662],[1.4537515],[3.9390418]
[3.12627471],[1.45674835],[3.60603312]
[3.19276212],[1.45148671],[3.78461369]
[3.19143399],[1.45734359],[3.46784779]
[3.26577488],[1.45279446],[3.50132318]
[3.26342397],[1.45402438],[3.40935604]
[3.34501064],[1.43230192],[3.36068973]
[3.32805406],[1.41517717],[3.26934651]
[3.39291518],[1.39927671],[3.21833065]
[3.38656042],[1.38216771],[3.14191758]
[3.40567412],[1.36409495],[3.08811822]
[3.42516457],[1.34821075],[3.02716403]
[3.44433438],[1.32946168],[2.94848022]
[3.47185564],[1.28468093],[2.84242155]
[3.49593393],[1.20300388],[2.69651936]
[3.53278759],[1.12934199],[2.54631255]
[3.58864501],[1.04055352],[2.41311348]
[3.61565732],[0.99091429],[2.31614521]
[3.57683943],[0.9594951],[2.20757926]
[3.5301683],[0.92987408],[2.09356935]
[3.48361006],[0.87885289],[1.96352685]
[3.42503828],[0.82941757],[1.83148227]
[3.36917954],[0.77616881],[1.71994204]
[3.31302127],[0.73262101],[1.59548002]
[3.2517671],[0.69301368],[1.47312708]
[3.20042198],[0.64635876],[1.37557049]
[3.15900369],[0.59026875],[1.25837205]
[6.02204985],[1.20325205],[4.53064449]
[3.16886352],[0.69743008],[1.95025228]
[2.11363915],[0.4322513],[0.51624029]
[1.76851715],[0.35488426],[0.36266197]
[2.0880679],[0.45897563],[0.67437773]
[2.35125389],[0.69775261],[1.16855547]
[2.45110068],[0.83818842],[1.5071612]
[2.51652348],[0.94961509],[1.75787437]
[2.70271889],[0.98221252],[1.94921368]
[3.0197827],[1.01901395],[2.49750887]
[3.10674691],[1.06165043],[2.68254875]
[3.14964631],[1.07956237],[2.78379883]
[3.16125209],[1.11001382],[2.96043744]
[3.17950604],[1.12648744],[3.03803669]
[3.1994612],[1.22578959],[3.20773945]
[3.16351872],[1.24217385],[3.21523794]
[3.24080881],[1.31213555],[3.43447449]
[3.14451702],[1.32112815],[3.40794887]
[3.26586193],[1.37278592],[3.68714127]
[3.1100525],[1.38135438],[3.59344405]
[3.27523826],[1.42139337],[3.91803929]
[3.12645677],[1.41997026],[3.7955964]
[3.27388924],[1.4385377],[4.03600738]
[3.09713659],[1.44003817],[3.81124168]
[3.24941491],[1.44988146],[4.06465754]
[3.08406435],[1.45119689],[3.81599139]
[3.1465387],[1.45519571],[3.99263713]
[3.12206656],[1.45733941],[3.64657987]
[3.1898288],[1.45671883],[3.8676619]
[3.17598334],[1.46000266],[3.52289055]
[3.25030639],[1.45498362],[3.66415023]
[3.24063494],[1.45820725],[3.39397245]
[3.32032753],[1.44710529],[3.38929303]
[3.31667084],[1.4475395],[3.33171966]
[3.39630688],[1.42446523],[3.29875294]
[3.37872125],[1.40601689],[3.22636804]
[3.44008128],[1.38901398],[3.17606342]
[3.43409808],[1.37106403],[3.09826816]
[3.45072097],[1.34635177],[3.03775985]
[3.46945151],[1.32240229],[2.9757426]
[3.48825947],[1.29566067],[2.89129569]
[3.51440689],[1.20080104],[2.7548571]
[3.53518797],[1.10286948],[2.57834453]
[3.56952866],[1.03825877],[2.45023922]
[3.63028254],[0.99237849],[2.35905414]
[3.68471734],[0.95263399],[2.28189782]
[3.66628687],[0.92526409],[2.20276281]
[3.62098544],[0.89922826],[2.10621478]
[3.57695371],[0.87564167],[2.00258108]
[3.52172628],[0.83599533],[1.88573982]
[3.46567344],[0.77789774],[1.78044069]
[3.41784893],[0.72781382],[1.68107033]
[3.35199052],[0.68678333],[1.56044271]
[3.29295086],[0.65685812],[1.46894428]
[3.24757005],[0.61770493],[1.39151677]
[6.37249258],[1.24867866],[4.9537614]
[4.41392993],[0.90678948],[2.37681227]
[2.69967517],[0.36680284],[0.87885966]
[1.85357905],[0.25741704],[0.34963829]
[2.12699195],[0.51721323],[0.83553212]
[2.38944923],[0.74023328],[1.26051871]
[2.48096996],[0.87213159],[1.59449479]
[2.53754116],[0.97574271],[1.8345211]
[2.78155107],[1.00841006],[2.18935401]
[3.07262635],[1.04221548],[2.6754796]
[3.14396189],[1.08460527],[2.94628889]
[3.18477144],[1.13323997],[3.09858381]
[3.19345524],[1.21685535],[3.26553791]
[3.21246875],[1.23907417],[3.40652072]
[3.23047221],[1.30952594],[3.57492504]
[3.1983695],[1.3203803],[3.64732969]
[3.26656731],[1.37037367],[3.85522797]
[3.17830512],[1.38257177],[3.83445959]
[3.28715084],[1.42225457],[4.09001335]
[3.22642952],[1.43517113],[3.98752934]
[3.29365266],[1.46367383],[4.2258334]
[3.21425364],[1.46298475],[4.07315388]
[3.29225097],[1.47762254],[4.25646281]
[3.18773964],[1.47850468],[4.04614371]
[3.26828755],[1.48414521],[4.23441755]
[3.17157576],[1.48593562],[3.99117475]
[3.23546078],[1.48586088],[4.14331305]
[3.2208908],[1.48924724],[3.80665353]
[3.3106702],[1.48460223],[4.01356113]
[3.28206638],[1.48836981],[3.66049445]
[3.36476006],[1.48006698],[3.81295047]
[3.34621938],[1.48298784],[3.54135281]
[3.42283632],[1.47376137],[3.54454371]
[3.41909055],[1.46488375],[3.47431533]
[3.4907321],[1.44926573],[3.44748327]
[3.47565166],[1.43100405],[3.36085236]
[3.53018543],[1.41369939],[3.3116476]
[3.52777846],[1.39112417],[3.22611623]
[3.53983129],[1.36434584],[3.1607735]
[3.55918711],[1.3379544],[3.09298856]
[3.57493281],[1.30551806],[2.99013089]
[3.5957112],[1.21138949],[2.85224962]
[3.61372111],[1.10805898],[2.67401348]
[3.64118851],[1.04595783],[2.55554913]
[3.69696518],[1.00321127],[2.47321776]
[3.74693802],[0.9636483],[2.40152447]
[3.72684162],[0.93671868],[2.32440591]
[3.6820574],[0.91325871],[2.22923002]
[3.63801895],[0.88839027],[2.13250717]
[3.5868303],[0.86026888],[2.02479678]
[3.54036553],[0.82853142],[1.93462377]
[3.49941634],[0.78751353],[1.84097159]
[3.44416941],[0.73659452],[1.71935726]
[3.37638244],[0.69550406],[1.61956612]
[3.31732742],[0.66777621],[1.54663111]
[6.64185963],[1.33181164],[5.53615383]
[4.88080481],[0.9835869],[2.7839665]
[3.60269156],[0.75711445],[1.44503636]
[2.50632933],[0.32256025],[0.52554453]
[2.16354147],[0.56151563],[0.98044779]
[2.42279055],[0.77969983],[1.34275847]
[2.50455717],[0.9056647],[1.67043964]
[2.55469843],[0.99462901],[1.89690616]
[2.85063784],[1.02212266],[2.42813314]
[3.12071568],[1.05182874],[2.79221986]
[3.18059507],[1.10538214],[3.10289688]
[3.21886057],[1.17340607],[3.26225671]
[3.22071075],[1.24841856],[3.41980929]
[3.2446994],[1.26836679],[3.59271335]
[3.260474],[1.338213],[3.75177212]
[3.22976692],[1.34689564],[3.82089607]
[3.28969903],[1.39402586],[4.02527958]
[3.25682853],[1.40926553],[4.026362]
[3.33292246],[1.4456112],[4.27419749]
[3.31327824],[1.46159221],[4.18069911]
[3.37085024],[1.48709694],[4.37520621]
[3.34233536],[1.48696742],[4.25278716]
[3.37553016],[1.50119982],[4.38856398]
[3.32008703],[1.50187659],[4.21468963]
[3.33738944],[1.50515413],[4.35827432]
[3.22213534],[1.50802363],[4.10685383]
[3.29399808],[1.50588285],[4.24056893]
[3.27606587],[1.50776616],[3.90290272]
[3.36890537],[1.5030912],[4.11686827]
[3.33566294],[1.50390149],[3.74485274]
[3.42169778],[1.49956783],[3.91245595]
[3.3990008],[1.49932376],[3.628459]
[3.47616754],[1.49016794],[3.63815922]
[3.47276228],[1.48176928],[3.5654061]
[3.54225223],[1.46768143],[3.54080997]
[3.52701447],[1.45195738],[3.4504846]
[3.58062348],[1.42896208],[3.39237245]
[3.57480543],[1.40231697],[3.29858292]
[3.58940131],[1.37261932],[3.23027245]
[3.60235662],[1.34367829],[3.14689824]
[3.61439613],[1.31041268],[3.04698132]
[3.63317561],[1.2087785],[2.91239318]
[3.64770923],[1.11959326],[2.7527032]
[3.66991826],[1.05586437],[2.63043661]
[3.72205991],[1.01374004],[2.54914435]
[3.78254847],[0.97464845],[2.48145558]
[3.78815852],[0.94157154],[2.41995023]
[3.74741327],[0.91658453],[2.3346958]
[3.70804891],[0.89253772],[2.25803407]
[3.66141752],[0.8691069],[2.16080642]
[3.61659398],[0.84577195],[2.07542521]
[3.57677459],[0.81861089],[1.99109767]
[3.52954599],[0.78682902],[1.87274303]
[3.46960611],[0.74396467],[1.76696998]
[3.4078266],[0.70291279],[1.67669694]
[6.84088708],[1.43300274],[6.1655182]
[5.01517128],[1.02951297],[3.195571]
[3.68764841],[0.81687025],[1.79000576]
[2.60887608],[0.47473703],[0.85558693]
[2.19321241],[0.58702725],[1.07467793]
[2.43979205],[0.8037314],[1.41411373]
[2.52356585],[0.92215277],[1.72656138]
[2.56718835],[1.00373496],[1.93752079]
[2.91004541],[1.02826025],[2.52571816]
[3.15879067],[1.05893723],[2.8753146]
[3.21675366],[1.14291621],[3.22246507]
[3.25354615],[1.21096996],[3.41080727]
[3.25354567],[1.28299062],[3.58622138]
[3.27268787],[1.29833723],[3.76672907]
[3.28620324],[1.36568857],[3.94306985]
[3.2911732],[1.37745965],[4.02718864]
[3.32504116],[1.41777152],[4.22687557]
[3.35732374],[1.43658945],[4.24768475]
[3.41959116],[1.46765549],[4.46246694]
[3.40862886],[1.48268259],[4.33877733]
[3.46015228],[1.5031968],[4.54314268]
[3.43663935],[1.50511241],[4.38989189]
[3.46045916],[1.51631313],[4.51424748]
[3.39940787],[1.51829642],[4.31753181]
[3.4124656],[1.52024577],[4.46602741]
[3.28689375],[1.51996903],[4.14738675]
[3.36528382],[1.51908416],[4.31840178]
[3.34574657],[1.51890448],[3.95249662]
[3.4359019],[1.51634932],[4.17940569]
[3.40423404],[1.51492102],[3.80402309]
[3.48574378],[1.51184565],[3.94723331]
[3.46444541],[1.50906015],[3.68068835]
[3.53697288],[1.49828876],[3.69021169]
[3.53446475],[1.49006438],[3.61913112]
[3.59915826],[1.47061376],[3.57859541]
[3.58459348],[1.4487682],[3.48322455]
[3.63021899],[1.42439668],[3.42206012]
[3.62124814],[1.39801853],[3.3289039]
[3.63240587],[1.36646379],[3.24660009]
[3.64253195],[1.33526581],[3.15547232]
[3.65104267],[1.27059683],[3.04424536]
[3.66412032],[1.1865827],[2.90364053]
[3.67402716],[1.11654626],[2.7593949]
[3.6909717],[1.05823012],[2.64996204]
[3.73583287],[1.01829249],[2.56735916]
[3.79390352],[0.97610209],[2.49573779]
[3.81515873],[0.9407884],[2.44262058]
[3.78759173],[0.91278266],[2.37696268]
[3.74738873],[0.88909789],[2.3084808]
[3.7043012],[0.86735611],[2.21891704]
[3.66269537],[0.85040664],[2.14670629]
[3.62715845],[0.82986304],[2.07258066]
[3.58375449],[0.80510503],[1.95989888]
[3.53074754],[0.78323553],[1.86811748]
[3.47426924],[0.75228448],[1.78144105]
[6.85608731],[1.50375166],[6.49547703]
[5.01903783],[1.07123217],[3.27546355]
[3.6436561],[0.83438973],[1.88963472]
[2.51986263],[0.55217962],[0.95002901]
[2.20773035],[0.61055357],[1.13567787]
[2.44161811],[0.81887799],[1.4355986]
[2.52470225],[0.93652257],[1.75940207]
[2.57004603],[1.01023081],[1.96422463]
[2.95774904],[1.03482271],[2.59785343]
[3.18701511],[1.06575444],[2.93853715]
[3.24184917],[1.16908749],[3.31812464]
[3.27150267],[1.23324176],[3.5234769]
[3.27424112],[1.30315139],[3.71579446]
[3.32594438],[1.32004603],[3.90134003]
[3.30013608],[1.38282491],[4.07801019]
[3.38707137],[1.39444928],[4.17294649]
[3.38731783],[1.43311952],[4.36825204]
[3.41272458],[1.44536618],[4.33606035]
[3.49219205],[1.47219639],[4.55491958]
[3.44473871],[1.48227217],[4.37738079]
[3.54037668],[1.49931589],[4.61136201]
[3.46070144],[1.49999209],[4.39388407]
[3.51579495],[1.51185805],[4.52360664]
[3.28913542],[1.50932397],[4.17294276]
[3.36159152],[1.51452027],[4.33057196]
[3.31789606],[1.50902506],[3.95632873]
[3.39485243],[1.51216212],[4.1681908]
[3.36620308],[1.50588448],[3.80336543]
[3.45305408],[1.50499267],[3.9587915]
[3.4196757],[1.50105985],[3.65021145]
[3.49940356],[1.49759545],[3.70110354]
[3.47973011],[1.48523706],[3.54931532]
[3.55171131],[1.46550763],[3.53555461]
[3.54771284],[1.44649687],[3.45339784]
[3.60912077],[1.42037266],[3.41368664]
[3.59440489],[1.39471517],[3.31347022]
[3.64015395],[1.36656464],[3.24072991]
[3.63118479],[1.33506755],[3.12936117]
[3.64258513],[1.26186138],[3.0273102]
[3.65381058],[1.21539406],[2.91221803]
[3.66240408],[1.15095279],[2.78608911]
[3.67596114],[1.09486267],[2.67237123]
[3.68450128],[1.03981477],[2.56261824]
[3.69545835],[0.99711507],[2.48461578]
[3.73518123],[0.9592128],[2.43192867]
[3.79082549],[0.9257028],[2.39463701]
[3.83194243],[0.90284577],[2.37448525]
[3.82026454],[0.88186169],[2.34456685]
[3.78086722],[0.86417948],[2.28718626]
[3.7386609],[0.84812736],[2.21471949]
[3.7011736],[0.83634354],[2.15657597]
[3.66905647],[0.82172653],[2.0897683]
[3.63046865],[0.80185553],[1.99194525]
[3.58091251],[0.78721819],[1.90755306]
[3.52695049],[0.77339054],[1.83344707]
[6.92655072],[1.55159729],[6.71837587]
[5.10285763],[1.11211508],[3.34445185]
[3.71905718],[0.84275439],[1.93668966]
[2.53189123],[0.6021659],[0.98626603]
[2.22006183],[0.62865813],[1.15918992]
[2.44856999],[0.83764533],[1.46533954]
[2.53188323],[0.9588654],[1.79741411]
[2.5732745],[1.02090803],[1.98643947]
[3.00366285],[1.04706405],[2.71849663]
[3.20603803],[1.08459842],[3.05194335]
[3.25382313],[1.22653144],[3.46810767]
[3.27956194],[1.28227758],[3.71058963]
[3.28416228],[1.343066],[3.90525467]
[3.38146537],[1.36492185],[4.10841513]
[3.40866041],[1.41751879],[4.30742344]
[3.45920176],[1.43253802],[4.40595423]
[3.51163515],[1.46631641],[4.59653234]
[3.46993132],[1.47743351],[4.47690268]
[3.5527403],[1.49847448],[4.69331843]
[3.47705109],[1.50812225],[4.4900249]
[3.59023899],[1.52150252],[4.71320146]
[3.53143008],[1.52119641],[4.49465012]
[3.59860795],[1.5319828],[4.63742481]
[3.35264609],[1.52703002],[4.27988722]
[3.42326071],[1.53206401],[4.41709171]
[3.38400205],[1.52288362],[4.03781151]
[3.45439812],[1.52553509],[4.22692794]
[3.43583483],[1.51743863],[3.8835757]
[3.51547218],[1.51730115],[4.01930096]
[3.48575291],[1.51132645],[3.71890975]
[3.55571197],[1.50319065],[3.75037498]
[3.53674],[1.4855999],[3.60587218]
[3.6018865],[1.46424959],[3.59100788]
[3.59936147],[1.44444776],[3.50549837]
[3.65466185],[1.41729684],[3.45827019]
[3.64233391],[1.39037447],[3.34249117]
[3.68288296],[1.36043535],[3.27235903]
[3.6772904],[1.30922131],[3.15671706]
[3.68326153],[1.26909869],[3.0414171]
[3.690503],[1.20315136],[2.92230169]
[3.69839511],[1.1451127],[2.79775039]
[3.71162287],[1.08443094],[2.68038032]
[3.71962595],[1.03522162],[2.58487844]
[3.72875291],[0.99648664],[2.51827869]
[3.75782073],[0.96123487],[2.4753087]
[3.81062625],[0.92842347],[2.44184534]
[3.84417965],[0.90417021],[2.42030503]
[3.82797857],[0.88695631],[2.38808198]
[3.78274555],[0.87386881],[2.32691026]
[3.7450585],[0.85883917],[2.26192348]
[3.70858862],[0.85045449],[2.2074547]
[3.67495781],[0.8443389],[2.14319479]
[3.63161283],[0.82627052],[2.04865586]
[3.5790919],[0.81082768],[1.96123638]
[3.53151888],[0.79437369],[1.89244002]
[6.93103945],[1.61131565],[6.96407028]
[5.10657295],[1.16370215],[3.40237993]
[3.72038926],[0.85938209],[1.95492108]
[2.51936904],[0.66101313],[0.99682137]
[2.22420183],[0.6356939],[1.13291972]
[2.44744991],[0.85012732],[1.46991381]
[2.534203],[0.97350083],[1.81436764]
[2.57345672],[1.02472322],[1.99837256]
[3.04049273],[1.05066628],[2.73947842]
[3.22009407],[1.10295159],[3.07279497]
[3.26474562],[1.23108192],[3.50041474]
[3.29064035],[1.28877033],[3.748939]
[3.29185279],[1.34927746],[3.94540566]
[3.43654623],[1.37592539],[4.17463643]
[3.42935885],[1.42907055],[4.3695145]
[3.48159234],[1.44563456],[4.46618199]
[3.53354072],[1.47347883],[4.6614854]
[3.48671164],[1.48466561],[4.50179646]
[3.60799812],[1.50458064],[4.75035167]
[3.51192473],[1.51362658],[4.5143043]
[3.66252866],[1.52911909],[4.76572792]
[3.54800925],[1.52693626],[4.50202489]
[3.61835355],[1.53947577],[4.67226488]
[3.38065976],[1.53281011],[4.28274351]
[3.44708472],[1.5384159],[4.42046523]
[3.4161361],[1.52776436],[4.05514449]
[3.48142579],[1.53088016],[4.19893956]
[3.46212717],[1.52284098],[3.89309487]
[3.5340009],[1.52222845],[3.99162772]
[3.5094065],[1.50961405],[3.73155588]
[3.57378293],[1.49979071],[3.74647629]
[3.55930981],[1.48045611],[3.60988451]
[3.61652415],[1.45772661],[3.58517296]
[3.61828806],[1.43663011],[3.50165872]
[3.67168553],[1.40746653],[3.43814739]
[3.66058312],[1.3786878],[3.32398653]
[3.69956021],[1.34202316],[3.24749532]
[3.69527678],[1.28753031],[3.11722437]
[3.70085958],[1.23781782],[2.98409717]
[3.70807691],[1.16522691],[2.86575378]
[3.71586912],[1.11758115],[2.75584255]
[3.72931529],[1.07081012],[2.66925856]
[3.73881386],[1.02802372],[2.59067862]
[3.74702028],[0.99341668],[2.53661392]
[3.77355236],[0.96105567],[2.50315977]
[3.80993998],[0.92769432],[2.46953491]
[3.85828642],[0.90903199],[2.45387975]
[3.85022649],[0.89527643],[2.43569687]
[3.8084157],[0.88326698],[2.38736257]
[3.76970304],[0.87003655],[2.32763433]
[3.7331448],[0.8626849],[2.27573264]
[3.69983841],[0.85632371],[2.21640402]
[3.65996105],[0.84391152],[2.13075215]
[3.61079422],[0.82880414],[2.04394693]
[3.56639364],[0.81401725],[1.96853465]
[6.92272179],[1.66219398],[7.08342911]
[5.08340108],[1.18534589],[3.34825163]
[3.65854754],[0.85733148],[1.88811104]
[2.44215583],[0.6727639],[0.9469898]
[2.2200786],[0.64955687],[1.09316079]
[2.44431462],[0.86139533],[1.4814155]
[2.53306516],[0.98718143],[1.82706859]
[2.62321155],[1.02753218],[2.027487]
[3.07652815],[1.05328261],[2.75635584]
[3.23746814],[1.12523789],[3.10479596]
[3.27196126],[1.23825748],[3.51118295]
[3.33850581],[1.28760663],[3.76448339]
[3.29875488],[1.35115392],[3.95357186]
[3.48286522],[1.37417323],[4.18034467]
[3.43571831],[1.42785538],[4.357776]
[3.52022801],[1.43334798],[4.42721254]
[3.57586068],[1.45964805],[4.65320069]
[3.49490783],[1.47138311],[4.45740977]
[3.65182749],[1.49239824],[4.7216694]
[3.45886218],[1.49914523],[4.4194609]
[3.64287885],[1.51637678],[4.69502068]
[3.42183936],[1.51225786],[4.29623838]
[3.42657873],[1.5267771],[4.36410078]
[3.39351538],[1.51790883],[4.05124616]
[3.46127568],[1.5227476],[4.17419492]
[3.43024142],[1.50823818],[3.90669492]
[3.49448776],[1.51078243],[3.93550671]
[3.47700149],[1.49331124],[3.74409538]
[3.54315872],[1.48738338],[3.73633974]
[3.52070842],[1.46855122],[3.59033375]
[3.58356276],[1.4538809],[3.55246911]
[3.57164515],[1.42782499],[3.44256579]
[3.62120013],[1.39987393],[3.3644072]
[3.6308246],[1.37523506],[3.28689583]
[3.683745],[1.32363732],[3.20081149]
[3.67284487],[1.27230769],[3.05507908]
[3.71200408],[1.21732719],[2.94021529]
[3.70725934],[1.14988007],[2.81217]
[3.71205356],[1.10303376],[2.72431196]
[3.72137994],[1.06760339],[2.66214882]
[3.73132426],[1.03660114],[2.6062294]
[3.74570786],[1.0054879],[2.55787131]
[3.75189707],[0.97110352],[2.50275455]
[3.75714409],[0.94767503],[2.46489443]
[3.78329027],[0.92814325],[2.44501869]
[3.80469818],[0.90789271],[2.42480025]
[3.85103467],[0.89431317],[2.4205573]
[3.86503463],[0.88232987],[2.41322831]
[3.83583007],[0.87478108],[2.38873011]
[3.79616479],[0.86640853],[2.33909928]
[3.76067642],[0.86030342],[2.29055801]
[3.72831273],[0.85450942],[2.2368441]
[3.69064549],[0.84700055],[2.16177127]
[3.64494942],[0.8330107],[2.08265605]
[3.60340091],[0.81861998],[2.00976152]
[6.99355198],[1.69160454],[7.16980677]
[5.12519717],[1.1942801],[3.3499241]
[3.69318344],[0.85147864],[1.88550678]
[2.46402706],[0.66314035],[0.94708284]
[2.23850169],[0.66386789],[1.1205224]
[2.45420311],[0.88004804],[1.51018842]
[2.53890876],[0.99646918],[1.85143197]
[2.7059946],[1.03740936],[2.08794973]
[3.10454983],[1.07954984],[2.87999769]
[3.25061343],[1.17963528],[3.24573463]
[3.2802281],[1.28201183],[3.66811692]
[3.37919685],[1.33331475],[3.95566598]
[3.3239742],[1.38578905],[4.14703094]
[3.51706863],[1.41310306],[4.38289481]
[3.54299314],[1.45741043],[4.58397716]
[3.55679887],[1.46535981],[4.59725739]
[3.61866876],[1.48591356],[4.77439833]
[3.53273517],[1.49744405],[4.54492433]
[3.72488413],[1.5159352],[4.83140292]
[3.50858846],[1.52180959],[4.51288982]
[3.65166032],[1.5362663],[4.77030742]
[3.47834077],[1.53186741],[4.3864787]
[3.47861027],[1.54373358],[4.45683126]
[3.45663475],[1.53350674],[4.15262785]
[3.51972526],[1.53597676],[4.25809553]
[3.49291189],[1.52053724],[4.00580346]
[3.55005686],[1.52133872],[4.01559212]
[3.53379433],[1.49718868],[3.83810933]
[3.59842343],[1.49256548],[3.82929986]
[3.57761004],[1.46960697],[3.67182825]
[3.63235837],[1.45626487],[3.62715471]
[3.62410667],[1.42561064],[3.50314485]
[3.6644265],[1.39619094],[3.40739397]
[3.68084102],[1.37170328],[3.31560088]
[3.7274493],[1.30330447],[3.21938746]
[3.72183073],[1.27958528],[3.0698649]
[3.75708221],[1.2170289],[2.96375267]
[3.74442221],[1.15238535],[2.83998052]
[3.74265607],[1.11102745],[2.76505412]
[3.75013178],[1.07273084],[2.71155452]
[3.75586456],[1.04242874],[2.6560576]
[3.76737062],[1.00725895],[2.6058986]
[3.7742552],[0.97873036],[2.55303213]
[3.77832112],[0.95703563],[2.50936441]
[3.80375846],[0.93676808],[2.4879762]
[3.81988294],[0.91840388],[2.47206515]
[3.85269824],[0.90618863],[2.46543891]
[3.85486075],[0.8967723],[2.45612294]
[3.82373989],[0.88914234],[2.4286676]
[3.79835334],[0.87966547],[2.38094894]
[3.76266418],[0.8731653],[2.33319953]
[3.72946574],[0.86712039],[2.28313822]
[3.69145711],[0.8602989],[2.21431447]
[3.64735525],[0.85296031],[2.14433547]
[3.60608378],[0.8392483],[2.07450308]
[6.96189395],[1.72083016],[7.26751364]
[5.03864306],[1.21964008],[3.34507153]
[3.6064615],[0.85772707],[1.84633969]
[2.37387899],[0.65977364],[0.90442986]
[2.26037551],[0.67862004],[1.12073744]
[2.46216426],[0.88867074],[1.5328652]
[2.54072529],[0.99760972],[1.86617824]
[2.77553918],[1.04303909],[2.14025196]
[3.13170197],[1.07744451],[2.90197077]
[3.26333451],[1.20299962],[3.28136639]
[3.2874451],[1.29120458],[3.67636001]
[3.41853393],[1.33294006],[3.97081665]
[3.3774853],[1.38500472],[4.16507363]
[3.54776495],[1.4160315],[4.38659728]
[3.52739207],[1.45957527],[4.587312]
[3.58231383],[1.46890427],[4.62148242]
[3.68005472],[1.49153432],[4.81482465]
[3.55982157],[1.5024256],[4.55679002]
[3.77230792],[1.52217424],[4.86622813]
[3.51467884],[1.52676142],[4.54718496]
[3.64705057],[1.54293179],[4.79627307]
[3.48185148],[1.54215333],[4.42785937]
[3.48129252],[1.55277929],[4.49323036]
[3.4666619],[1.53832094],[4.20267416]
[3.53562542],[1.54090349],[4.2972459]
[3.51068344],[1.52442908],[4.0627646]
[3.56406952],[1.52522557],[4.06195276]
[3.54451137],[1.4981991],[3.88802035]
[3.60652399],[1.4933976],[3.87031034]
[3.58728342],[1.46541009],[3.70335128]
[3.64119095],[1.45396361],[3.64754893]
[3.63317138],[1.42435204],[3.51632545]
[3.67278889],[1.39656925],[3.42249815]
[3.68918537],[1.36832236],[3.31502332]
[3.73618125],[1.30023586],[3.21189009]
[3.72624679],[1.28427485],[3.06191208]
[3.76324407],[1.22370229],[2.97328681]
[3.74937407],[1.15845214],[2.86298544]
[3.74778579],[1.11639288],[2.7963352]
[3.75494816],[1.07534694],[2.74155077]
[3.76119218],[1.0404303],[2.68489883]
[3.77264713],[1.00921993],[2.63712743]
[3.77985034],[0.98388039],[2.58997418]
[3.78439576],[0.96267778],[2.54798015]
[3.81047404],[0.9442862],[2.52374591]
[3.82868114],[0.926649],[2.50686684]
[3.84668016],[0.91410466],[2.49734793]
[3.86914653],[0.90699462],[2.49154152]
[3.84935871],[0.90092432],[2.47791992]
[3.82224233],[0.89272883],[2.4376448]
[3.78756476],[0.8857874],[2.39046973]
[3.75538021],[0.8783028],[2.3385813]
[3.72120748],[0.8721277],[2.2779642]
[3.68196064],[0.86571977],[2.21255238]
[3.64495606],[0.85496005],[2.1478874]
[6.94741511],[1.7733877],[7.43222849]
[4.99124495],[1.25166277],[3.31550823]
[3.55880194],[0.84888893],[1.79992305]
[2.32055873],[0.64841755],[0.86126886]
[2.26638898],[0.6796721],[1.09985463]
[2.45895659],[0.88706411],[1.5300379]
[2.53996365],[0.9978928],[1.86867829]
[2.79913525],[1.04661596],[2.16527645]
[3.13818273],[1.09779595],[2.94151723]
[3.26745854],[1.22116659],[3.32345048]
[3.2924734],[1.30894864],[3.71035491]
[3.44495636],[1.34212352],[4.01840428]
[3.41074589],[1.39131507],[4.21329133]
[3.56805678],[1.42637109],[4.43147042]
[3.5564052],[1.4668953],[4.6357636]
[3.62034135],[1.47674073],[4.66502315]
[3.71782572],[1.49784006],[4.85227054]
[3.54988995],[1.50906444],[4.57913648]
[3.78127619],[1.53482639],[4.9053966]
[3.53828894],[1.54864621],[4.61427835]
[3.60637058],[1.57040426],[4.86638969]
[3.51930642],[1.5719776],[4.53047159]
[3.53072645],[1.57998798],[4.60399917]
[3.53695637],[1.56607997],[4.33783046]
[3.60382796],[1.5640672],[4.39797046]
[3.58589918],[1.54298223],[4.19000065]
[3.62769759],[1.53761571],[4.1640559]
[3.60842271],[1.50822042],[3.98189834]
[3.65169065],[1.49778919],[3.93404979]
[3.62954769],[1.46726467],[3.7661161]
[3.67244148],[1.4540589],[3.69158703]
[3.66112602],[1.42020211],[3.54877885]
[3.69534205],[1.38844951],[3.42296575]
[3.70031195],[1.33746055],[3.29492163]
[3.74690717],[1.29024841],[3.19202377]
[3.73691462],[1.25388237],[3.04055911]
[3.773779],[1.19292212],[2.96562285]
[3.76241963],[1.13352061],[2.86592453]
[3.76080231],[1.09659576],[2.80763789]
[3.76790832],[1.07021746],[2.76246389]
[3.77494513],[1.03850506],[2.70885728]
[3.78758724],[1.01385254],[2.6681371]
[3.79536502],[0.98841278],[2.62312286]
[3.79912121],[0.96816392],[2.58243143]
[3.82566295],[0.95032918],[2.56144753]
[3.84394979],[0.93297452],[2.54349017]
[3.85580532],[0.9214521],[2.53062709]
[3.90092627],[0.91434804],[2.52945008]
[3.89123708],[0.90890018],[2.52970219]
[3.8508643],[0.90145319],[2.49403875]
[3.81979348],[0.89446219],[2.44881729]
[3.79195832],[0.88739094],[2.39901513]
[3.76264607],[0.87964601],[2.34362527]
[3.72415399],[0.8733425],[2.27594875]
[3.68576243],[0.86720472],[2.21240622]
[6.91723768],[1.78966129],[7.40713561]
[4.90414383],[1.2517285],[3.21992447]
[3.47119765],[0.83486052],[1.71965344]
[2.22238263],[0.63197801],[0.80484478]
[2.26610907],[0.68525157],[1.06568782]
[2.45382933],[0.88878825],[1.52186873]
[2.54573464],[0.99904798],[1.87606651]
[2.84459567],[1.04625771],[2.19872102]
[3.14967864],[1.10673317],[2.93699787]
[3.27354586],[1.23014412],[3.32752592]
[3.29812667],[1.32076463],[3.70377038]
[3.47234031],[1.35165222],[4.01554084]
[3.4452189],[1.3919244],[4.20438159]
[3.57247862],[1.4178164],[4.38517798]
[3.57240387],[1.45725035],[4.5837698]
[3.59287768],[1.4666253],[4.56840711]
[3.70383368],[1.49414093],[4.8060101]
[3.58374592],[1.51365132],[4.55926807]
[3.62055568],[1.54553037],[4.8461596]
[3.5704716],[1.55655207],[4.53438842]
[3.60977055],[1.5741141],[4.67508555]
[3.57191533],[1.5722504],[4.4291138]
[3.58524349],[1.57932928],[4.47994215]
[3.61080404],[1.56346604],[4.31212667]
[3.69137555],[1.55734709],[4.35363496]
[3.67437917],[1.52832015],[4.18411405]
[3.70766888],[1.52016364],[4.11597253]
[3.68070069],[1.48741817],[3.93336506]
[3.71681723],[1.47313681],[3.84582967]
[3.68937071],[1.43022775],[3.653969]
[3.7248096],[1.41045175],[3.53736832]
[3.71037069],[1.34126851],[3.37531874]
[3.7354124],[1.27311119],[3.23723747]
[3.74237671],[1.22486211],[3.09318069]
[3.78106277],[1.16355151],[2.99751885]
[3.77024385],[1.12627687],[2.89640019]
[3.79879159],[1.09641465],[2.85584623]
[3.78658126],[1.07099411],[2.78287785]
[3.78028563],[1.04132915],[2.73718532]
[3.78583781],[1.02308316],[2.70187]
[3.79238124],[1.00612833],[2.66287149]
[3.8047394],[0.98738375],[2.63181371]
[3.81304677],[0.96545694],[2.59625093]
[3.81700376],[0.94787422],[2.56519861]
[3.84223196],[0.93359761],[2.55208103]
[3.86010097],[0.92323227],[2.54185075]
[3.87351757],[0.91580354],[2.53238092]
[3.91625029],[0.90931203],[2.53054144]
[3.91661054],[0.90489212],[2.53565863]
[3.88079127],[0.89902314],[2.51100504]
[3.84224924],[0.89222959],[2.46871797]
[3.81583161],[0.8856872],[2.41917076]
[3.78863972],[0.87862706],[2.36573647]
[3.75250024],[0.87251625],[2.302258]
[3.71356288],[0.86698725],[2.23779696]
[6.96931662],[1.79810635],[7.41243922]
[4.9373003],[1.24667266],[3.19734148]
[3.50328793],[0.824065],[1.70796344]
[2.25533897],[0.62137934],[0.80812185]
[2.28260908],[0.69760333],[1.09352673]
[2.46040452],[0.89053483],[1.53213251]
[2.55345169],[0.99942956],[1.89083791]
[2.86298542],[1.05281864],[2.22575414]
[3.15796692],[1.14951016],[3.04145581]
[3.27859281],[1.26334192],[3.42665506]
[3.30419516],[1.34803964],[3.84302937]
[3.49473871],[1.38304724],[4.18181673]
[3.47281396],[1.42714704],[4.3818257]
[3.61738181],[1.4527186],[4.58023548]
[3.65195377],[1.49110172],[4.79947908]
[3.6601808],[1.50596068],[4.74941389]
[3.74024172],[1.53582369],[4.9603128]
[3.6348785],[1.55335911],[4.73016598]
[3.67504733],[1.57999078],[5.01110502]
[3.63344623],[1.58686787],[4.70376374]
[3.67905318],[1.60160876],[4.89053653]
[3.6593533],[1.59888341],[4.63765406]
[3.70886518],[1.60432238],[4.71242576]
[3.75757655],[1.58955975],[4.56170207]
[3.81606886],[1.58212822],[4.60278192]
[3.80682893],[1.55354395],[4.43661601]
[3.84652075],[1.54127746],[4.3607911]
[3.81810395],[1.5081231],[4.17088243]
[3.84983895],[1.48990271],[4.05944421]
[3.81703567],[1.44835102],[3.87266088]
[3.83921365],[1.42677773],[3.73770362]
[3.81900758],[1.35149825],[3.5588527]
[3.83808717],[1.30050171],[3.43024516]
[3.83867708],[1.25238623],[3.25889861]
[3.86799951],[1.1878073],[3.16095334]
[3.84863088],[1.14805828],[3.03110932]
[3.86707068],[1.11622037],[2.97986393]
[3.84362929],[1.08970829],[2.88537231]
[3.83367967],[1.05780991],[2.83287503]
[3.8365571],[1.03819639],[2.79352331]
[3.83795957],[1.0204017],[2.74796674]
[3.84468539],[1.0002553],[2.70981532]
[3.84946358],[0.97718317],[2.66836183]
[3.84665605],[0.95842883],[2.63055516]
[3.86189927],[0.94397321],[2.60971692]
[3.8742538],[0.93361192],[2.59512133]
[3.89808205],[0.92554856],[2.58682849]
[3.93580184],[0.9190559],[2.58502821]
[3.91690293],[0.91470462],[2.57776443]
[3.87325834],[0.90896288],[2.54238642]
[3.8415861],[0.90280309],[2.49698401]
[3.81354541],[0.8968146],[2.44583344]
[3.78573423],[0.89056159],[2.39190297]
[3.74971611],[0.8842057],[2.33168859]
[3.71281045],[0.87817533],[2.26807571]
[6.93913912],[1.80878305],[7.45813331]
[4.85035827],[1.26144297],[3.16149639]
[3.41633951],[0.82226772],[1.65666159]
[2.16270747],[0.61641791],[0.77355565]
[2.29929647],[0.7112527],[1.09294957]
[2.47067067],[0.89087252],[1.54286796]
[2.56052071],[0.99786154],[1.89924323]
[2.88180966],[1.05508141],[2.24279946]
[3.16558042],[1.16131426],[3.03409848]
[3.28302427],[1.27508809],[3.43635377]
[3.32089875],[1.36109889],[3.8427194]
[3.51701691],[1.39203963],[4.18115214]
[3.50022045],[1.43192811],[4.38597585]
[3.66540324],[1.46258494],[4.60144123]
[3.69744509],[1.51244112],[4.84803403]
[3.67692861],[1.53066899],[4.8402126]
[3.77428734],[1.56034538],[5.08689496]
[3.67895265],[1.57635738],[4.8648719]
[3.75334142],[1.59843589],[5.15405988]
[3.68245693],[1.60418535],[4.84183696]
[3.73592438],[1.61926759],[5.06037738]
[3.73892465],[1.61753892],[4.81884047]
[3.80471483],[1.6234361],[4.95570238]
[3.8467624],[1.60722064],[4.76028521]
[3.9002864],[1.59947976],[4.81416116]
[3.89302915],[1.57076349],[4.64626442]
[3.93026272],[1.56066306],[4.59191001]
[3.89641247],[1.52786274],[4.39295925]
[3.93129313],[1.50869609],[4.26915406]
[3.89442591],[1.46628901],[4.0714836]
[3.91939657],[1.44482654],[3.93361821]
[3.8942958],[1.37103988],[3.74350924]
[3.90329365],[1.32156298],[3.60859493]
[3.91127699],[1.27029888],[3.42906057]
[3.92857586],[1.21342429],[3.32522389]
[3.91842726],[1.17276138],[3.18594466]
[3.92553549],[1.13852607],[3.1226417]
[3.91007805],[1.10771836],[3.02564427]
[3.89526437],[1.07659112],[2.96537208]
[3.89444394],[1.05542764],[2.91872919]
[3.89134545],[1.03663614],[2.8645246]
[3.89294077],[1.01545813],[2.81770458]
[3.89234642],[0.99139015],[2.76211338]
[3.88633513],[0.97135776],[2.70873937]
[3.8933546],[0.95491244],[2.67984035]
[3.90005561],[0.94339556],[2.65896942]
[3.91983513],[0.93366237],[2.64382274]
[3.95743552],[0.9267906],[2.63704747]
[3.9403681],[0.92167906],[2.62652483]
[3.89806025],[0.91553369],[2.58646576]
[3.85922262],[0.90927854],[2.53778425]
[3.83368197],[0.90344018],[2.48755238]
[3.80777711],[0.89742606],[2.43407792]
[3.77341935],[0.89096245],[2.3778595]
[3.73838495],[0.88483905],[2.31380115]
[6.92480863],[1.84694844],[7.62187769]
[4.8043129],[1.2922473],[3.14078211]
[3.37021111],[0.81236519],[1.60723953]
[2.11365039],[0.60382325],[0.73537361]
[2.3045582],[0.71270144],[1.07162905]
[2.47408853],[0.88691696],[1.53541615]
[2.56558006],[0.99539571],[1.90013012]
[2.9095185],[1.05670087],[2.2661437]
[3.16959874],[1.17132717],[3.04570315]
[3.28446405],[1.28485632],[3.45460263]
[3.35383958],[1.37610008],[3.87184606]
[3.54246315],[1.41168834],[4.2181615]
[3.55803216],[1.4523512],[4.45431263]
[3.70390386],[1.49048083],[4.67677409]
[3.74139616],[1.53912715],[4.95446967]
[3.74349644],[1.5537876],[4.97656594]
[3.80848727],[1.58063063],[5.20935553]
[3.73721358],[1.59202395],[4.99016444]
[3.80041652],[1.61255513],[5.2628284]
[3.73944409],[1.61732827],[4.95494464]
[3.82122797],[1.63128095],[5.17449787]
[3.83660177],[1.62925942],[4.97629655]
[3.89905669],[1.63518774],[5.1097686]
[3.92886783],[1.61876107],[4.94253627]
[3.9800492],[1.6106759],[4.98516863]
[3.96887445],[1.58194199],[4.82057493]
[4.00698092],[1.56999484],[4.76536185]
[3.96896524],[1.53709598],[4.55976316]
[4.00735286],[1.51673516],[4.42851805]
[3.96596219],[1.47155571],[4.2254223]
[3.99251978],[1.44924174],[4.07071885]
[3.96315563],[1.36858492],[3.86987109]
[3.96751098],[1.32253522],[3.73108803]
[3.98129286],[1.26785434],[3.54758311]
[3.98762519],[1.2222676],[3.44201646]
[3.98276476],[1.18334248],[3.30199565]
[3.98039014],[1.14883085],[3.23722399]
[3.97149214],[1.11833911],[3.14224271]
[3.95683843],[1.08824094],[3.08180167]
[3.95545098],[1.0673043],[3.03463382]
[3.95388364],[1.04864983],[2.98015042]
[3.95549098],[1.02736678],[2.93294382]
[3.95566136],[1.00314935],[2.87716701]
[3.94670805],[0.98290261],[2.81843414]
[3.93675917],[0.9665425],[2.7622927]
[3.93412191],[0.95343897],[2.72657618]
[3.95068942],[0.94310874],[2.70758408]
[3.98721057],[0.93628823],[2.69879426]
[3.97051368],[0.92977988],[2.68427374]
[3.92939597],[0.92225973],[2.64240153]
[3.88136825],[0.9151197],[2.58336611]
[3.85350081],[0.90820625],[2.52634182]
[3.82599534],[0.90195441],[2.46868313]
[3.79346141],[0.89616294],[2.41463078]
[3.76066504],[0.88954897],[2.35046183]
[6.89479004],[1.86146948],[7.64027873]
[4.71758336],[1.29476029],[3.07350321]
[3.28348183],[0.79884278],[1.5352739]
[2.0215448],[0.58655761],[0.68786154]
[2.30712805],[0.72467737],[1.05973154]
[2.47627648],[0.88939606],[1.53615209]
[2.57516219],[0.99667047],[1.90886941]
[2.95547293],[1.05913515],[2.30964353]
[3.17805508],[1.18378927],[3.05395913]
[3.28554007],[1.29935741],[3.46977854]
[3.39055432],[1.39402544],[3.89690554]
[3.61316812],[1.4264401],[4.25865838]
[3.62326586],[1.4674443],[4.50004877]
[3.6996282],[1.5039456],[4.71185897]
[3.76937031],[1.55230389],[5.03799578]
[3.79347483],[1.56300528],[4.99959518]
[3.86866729],[1.58635164],[5.22903788]
[3.79434066],[1.59382295],[4.95856315]
[3.85170379],[1.61151772],[5.12656187]
[3.80871449],[1.6118919],[4.87911734]
[3.91361678],[1.62527683],[5.07448739]
[3.92138385],[1.61956194],[4.95338506]
[3.98241693],[1.6210767],[5.03684557]
[4.00144751],[1.59952054],[4.9156282]
[4.0529835],[1.58898755],[4.94117637]
[4.03003121],[1.55753193],[4.78707314]
[4.07613731],[1.54036993],[4.6844248]
[4.0299849],[1.49594055],[4.47286897]
[4.07588332],[1.47005389],[4.31122204]
[4.02661184],[1.40654396],[4.08543767]
[4.05946295],[1.35835227],[3.91409453]
[4.02365734],[1.28438437],[3.71438548]
[4.02314327],[1.24559118],[3.56786431]
[4.04151366],[1.19565374],[3.43281648]
[4.04134847],[1.16345526],[3.37548386]
[4.04028761],[1.1336978],[3.28227334]
[4.03137004],[1.10641115],[3.23490303]
[4.02562287],[1.08485671],[3.15782669]
[4.01099892],[1.06276857],[3.10333306]
[4.00686999],[1.04581201],[3.05942033]
[4.00578479],[1.02988747],[3.01275038]
[4.00680603],[1.01114045],[2.97252589]
[4.00894482],[0.98766531],[2.92233479]
[4.00061381],[0.97466776],[2.87153762]
[3.99088438],[0.96291584],[2.82007653]
[3.98038087],[0.95122998],[2.77379126]
[3.98646171],[0.9424806],[2.74404675]
[4.0221954],[0.93790155],[2.73785342]
[4.01234873],[0.93165678],[2.72360951]
[3.96702293],[0.92309509],[2.68220793]
[3.91411035],[0.91506526],[2.61941873]
[3.88677055],[0.90758824],[2.556028]
[3.85871268],[0.89953934],[2.49212486]
[3.82085558],[0.89241398],[2.43531808]
[3.78431045],[0.88828331],[2.37022877]
[6.97715235],[1.87375007],[7.74132118]
[4.75548598],[1.29397463],[3.09258239]
[3.32137854],[0.78938715],[1.53204527]
[2.06178727],[0.57331452],[0.69223887]
[2.32341226],[0.73830135],[1.09078678]
[2.48329118],[0.89023975],[1.54756081]
[2.58094394],[1.00125025],[1.92372412]
[2.97632788],[1.06694415],[2.34345692]
[3.1873448],[1.23336113],[3.17741121]
[3.29607786],[1.3458505],[3.60033061]
[3.41721978],[1.43247587],[4.09493319]
[3.66887804],[1.46863154],[4.52157078]
[3.70211522],[1.51976613],[4.82466273]
[3.76405716],[1.55299192],[5.0253272]
[3.88679393],[1.59178602],[5.290686]
[3.86974846],[1.59873027],[5.20310451]
[3.94761908],[1.61709042],[5.41176614]
[3.86294607],[1.62296337],[5.1546853]
[3.93446572],[1.63841097],[5.35116166]
[3.9142725],[1.63767145],[5.11767091]
[4.01115803],[1.64904989],[5.3463809]
[4.01933567],[1.6417329],[5.20283518]
[4.08103664],[1.64142037],[5.31291723]
[4.08740933],[1.61999509],[5.16836906]
[4.1290128],[1.60794541],[5.18440694]
[4.11804752],[1.57701798],[5.01750339]
[4.14676493],[1.55806504],[4.91614194]
[4.12610911],[1.51389249],[4.70639019]
[4.14744916],[1.48860937],[4.53389817]
[4.10701073],[1.43205029],[4.30734705]
[4.13083102],[1.38376474],[4.11651378]
[4.08857472],[1.31309845],[3.91364535]
[4.09012824],[1.2785889],[3.76896059]
[4.1062726],[1.22652169],[3.61619867]
[4.09577028],[1.18981041],[3.53442869]
[4.10031698],[1.15733614],[3.43508817]
[4.08543522],[1.12924804],[3.37944552]
[4.0840869],[1.1077112],[3.3031182]
[4.07094467],[1.08522087],[3.24677408]
[4.06213977],[1.06328106],[3.1899002]
[4.05992032],[1.04616823],[3.14028931]
[4.05649328],[1.02687105],[3.0966987]
[4.05151998],[1.00515818],[3.04395111]
[4.03633644],[0.99118118],[2.98793352]
[4.02720903],[0.97919689],[2.93469257]
[4.01993376],[0.96698182],[2.88764461]
[4.03142581],[0.95747095],[2.85197983]
[4.06402915],[0.95350412],[2.82775865]
[4.02862662],[0.94656827],[2.803151]
[3.97460766],[0.93742833],[2.7505753]
[3.9347001],[0.92933067],[2.68589273]
[3.90446444],[0.92189967],[2.61759912]
[3.87492772],[0.91404041],[2.54747842]
[3.83719358],[0.90659773],[2.48440686]
[3.7989798],[0.90099858],[2.41629651]
[6.97971563],[1.88923936],[7.86720439]
[4.66876019],[1.30770945],[3.09143392]
[3.23466331],[0.78639448],[1.48354728]
[1.96969994],[0.55967623],[0.65389222]
[2.33148169],[0.74707964],[1.09466697]
[2.49026653],[0.89121969],[1.56204006]
[2.59188803],[1.00743839],[1.93655458]
[3.00100717],[1.08142729],[2.37731234]
[3.19864491],[1.26467107],[3.24108493]
[3.3066395],[1.37601901],[3.67663926]
[3.50427821],[1.45915314],[4.22471081]
[3.74327638],[1.49957255],[4.67697802]
[3.79213967],[1.54964305],[4.99035361]
[3.82147851],[1.58193223],[5.174938]
[3.9459107],[1.61394255],[5.43551618]
[3.92595191],[1.61962008],[5.36526839]
[4.01044537],[1.6370911],[5.59698751]
[3.92601559],[1.64241912],[5.33788741]
[4.02532767],[1.65890248],[5.58218121]
[3.99739078],[1.65975582],[5.34914919]
[4.08993975],[1.66962632],[5.59822904]
[4.09092345],[1.66191608],[5.44314386]
[4.1518768],[1.66752054],[5.58264013]
[4.19393171],[1.64393667],[5.44458475]
[4.21026176],[1.63348359],[5.45094311]
[4.27851485],[1.59688021],[5.30431829]
[4.24676717],[1.58099328],[5.19647063]
[4.30445358],[1.5348966],[4.99925927]
[4.23754482],[1.50976819],[4.78077663]
[4.25599688],[1.46164003],[4.56162636]
[4.20575446],[1.40996904],[4.33353617]
[4.19769797],[1.33957032],[4.13311504]
[4.1629903],[1.30586378],[3.97005348]
[4.19213985],[1.25456984],[3.81316162]
[4.1527194],[1.21527333],[3.70928388]
[4.1717006],[1.18034134],[3.60411785]
[4.13383455],[1.14597722],[3.52519551]
[4.14120412],[1.12507469],[3.45196944]
[4.12161972],[1.10331876],[3.39294018]
[4.11150643],[1.08454164],[3.33984227]
[4.10359605],[1.06695095],[3.28415953]
[4.09674173],[1.04476762],[3.23164344]
[4.09225203],[1.02245426],[3.17149675]
[4.07688663],[1.00743912],[3.10790675]
[4.06809828],[0.99518672],[3.05180969]
[4.06077573],[0.98270073],[3.00201563]
[4.06795484],[0.97348467],[2.96379562]
[4.09997175],[0.96815387],[2.93574699]
[4.07335931],[0.95971195],[2.89487076]
[4.0200183],[0.95004624],[2.83520363]
[3.97375092],[0.94184531],[2.76784194]
[3.94284788],[0.93408282],[2.69776077]
[3.91312507],[0.92592724],[2.62682975]
[3.87447152],[0.91829537],[2.55733442]
[3.83694514],[0.91064448],[2.48572483]
[7.01118549],[1.92808805],[8.12471116]
[4.62271804],[1.3391901],[3.09772498]
[3.18862266],[0.77870531],[1.44539812]
[1.920804],[0.54254677],[0.61515907]
[2.33368172],[0.74940666],[1.07730378]
[2.49682659],[0.89402509],[1.56570662]
[2.65810581],[1.01363146],[1.96823538]
[3.02646842],[1.11276099],[2.42134948]
[3.20788606],[1.2954546],[3.31973518]
[3.33954988],[1.39827671],[3.77428169]
[3.62434217],[1.48155509],[4.39685494]
[3.81496155],[1.52477866],[4.82043828]
[3.85905797],[1.57397656],[5.13013223]
[3.86181569],[1.60146606],[5.29785483]
[4.00847979],[1.63278732],[5.57028008]
[3.98883896],[1.63675119],[5.52107043]
[4.09520887],[1.65301955],[5.7362573]
[4.01598494],[1.65936361],[5.53405454]
[4.11040131],[1.67383438],[5.74569949]
[4.07461859],[1.67638703],[5.52297332]
[4.16191294],[1.68590912],[5.77050168]
[4.15649866],[1.68281648],[5.62853361]
[4.2161908],[1.69071083],[5.77984859]
[4.38632824],[1.68042667],[5.72391145]
[4.38103821],[1.67758467],[5.71440441]
[4.45459354],[1.68153247],[5.60582756]
[4.4559727],[1.60241074],[5.48938981]
[4.47789918],[1.56135108],[5.31172007]
[4.4470694],[1.52821008],[5.0532428]
[4.44246371],[1.4730431],[4.82452483]
[4.37491784],[1.42391005],[4.54846459]
[4.39557852],[1.35189587],[4.3611814]
[4.34059946],[1.31920663],[4.16478194]
[4.38294575],[1.25990251],[3.98877278]
[4.29214152],[1.22312256],[3.85949565]
[4.33562413],[1.18892428],[3.75962693]
[4.22502579],[1.16044569],[3.6658525]
[4.27388927],[1.13963417],[3.60071361]
[4.19647665],[1.11864005],[3.52708107]
[4.1795405],[1.09985846],[3.46893962]
[4.16550578],[1.08220162],[3.40967301]
[4.14452975],[1.05952953],[3.34784405]
[4.13073826],[1.03700051],[3.28207441]
[4.10975474],[1.02152882],[3.21274971]
[4.10122447],[1.00918405],[3.14954051]
[4.09443687],[0.99658898],[3.09878591]
[4.10137936],[0.98822506],[3.06008893]
[4.13224666],[0.98155504],[3.0298072]
[4.11755159],[0.97229594],[2.9906685]
[4.06406994],[0.96215698],[2.92257887]
[4.00882547],[0.95343188],[2.84623093]
[3.97938861],[0.94519368],[2.77158473]
[3.95112188],[0.93731814],[2.70316888]
[3.91457167],[0.93085411],[2.632555]
[3.87947226],[0.92484234],[2.56877313]
[7.05578402],[1.94594427],[8.19176605]
[4.53598387],[1.33758493],[3.03813039]
[3.1018959],[0.76632914],[1.37865561]
[1.82870435],[0.51786507],[0.57183617]
[2.3382558],[0.76226209],[1.07163935]
[2.51051492],[0.91198104],[1.58893238]
[2.7513737],[1.02445082],[2.03241425]
[3.07242777],[1.14958318],[2.50405964]
[3.22757083],[1.31776303],[3.4061407]
[3.45139811],[1.40984834],[3.90397428]
[3.70098137],[1.49312775],[4.52279432]
[3.84663106],[1.53576917],[4.9115242]
[3.88739969],[1.58501142],[5.21877847]
[3.89489559],[1.6067308],[5.34164491]
[4.07010219],[1.63619366],[5.63979827]
[4.04643545],[1.64020907],[5.51217201]
[4.16913889],[1.6543518],[5.68712172]
[4.09696458],[1.65768319],[5.49682623]
[4.18887297],[1.67098398],[5.68923938]
[4.14535658],[1.66907745],[5.51784541]
[4.22979579],[1.68348706],[5.70892835]
[4.24597317],[1.67624923],[5.64494325]
[4.32708746],[1.68239505],[5.77361601]
[4.53519874],[1.7148373],[5.80262968]
[4.56389406],[1.67784942],[5.76176661]
[4.58728348],[1.66534504],[5.66982332]
[4.61827337],[1.60167107],[5.51274713]
[4.60572054],[1.53014746],[5.29637165]
[4.62349694],[1.47708423],[5.00656458]
[4.58306843],[1.39629654],[4.77250422]
[4.56897968],[1.35713682],[4.508569]
[4.54482487],[1.29700454],[4.33131692]
[4.51864975],[1.26367703],[4.16252197]
[4.5375157],[1.2208534],[4.05621594]
[4.48315484],[1.19283479],[3.95163695]
[4.50113879],[1.16914947],[3.87762666]
[4.43362371],[1.14795366],[3.78831752]
[4.45225054],[1.12753095],[3.72112143]
[4.38279287],[1.10644935],[3.62743437]
[4.34374193],[1.08887305],[3.56258244]
[4.3125155],[1.07124446],[3.49493808]
[4.27285209],[1.04782114],[3.42769439]
[4.23746726],[1.03265227],[3.3583336]
[4.18836569],[1.02006568],[3.28582432]
[4.16862745],[1.00885779],[3.22451681]
[4.12870368],[0.99903486],[3.16383616]
[4.13254532],[0.99344008],[3.12704243]
[4.16260014],[0.98737585],[3.10133272]
[4.16385636],[0.97824924],[3.07072682]
[4.11618765],[0.96896687],[3.01147951]
[4.05737907],[0.96056971],[2.93626343]
[4.02718323],[0.9538199],[2.84957771]
[4.00228779],[0.94803997],[2.78053313]
[3.97010509],[0.94287613],[2.71481002]
[3.93801561],[0.93805711],[2.64917159]
[7.32709421],[1.95254655],[8.38090146]
[4.57388736],[1.33722582],[3.06253248]
[3.13524833],[0.75722006],[1.36796625]
[1.84521019],[0.50561713],[0.56650761]
[2.35130112],[0.77806846],[1.08231035]
[2.52254426],[0.92719779],[1.62813754]
[2.81286058],[1.03990332],[2.09711041]
[3.10411477],[1.22571308],[2.60626318]
[3.24509052],[1.36937368],[3.6245434]
[3.54073457],[1.45006416],[4.20392753]
[3.77263881],[1.52688138],[4.81599604]
[3.89837405],[1.57916992],[5.13081001]
[3.95042811],[1.62005208],[5.42436318]
[3.98181238],[1.63797121],[5.5466434]
[4.16910226],[1.66340237],[5.86331479]
[4.14484004],[1.66801568],[5.77239002]
[4.2592663],[1.67776748],[5.94841788]
[4.18111887],[1.68383246],[5.72571607]
[4.26653337],[1.69501142],[5.92880074]
[4.21917419],[1.70137084],[5.75530516]
[4.29972571],[1.71503586],[5.97211092]
[4.43873374],[1.71556783],[5.97662226]
[4.55790914],[1.73962462],[6.1528139]
[4.66821506],[1.77167509],[6.16985756]
[4.71315784],[1.75295268],[6.12970588]
[4.70809053],[1.75618718],[6.03170589]
[4.75383926],[1.67926573],[5.90919654]
[4.72056212],[1.60889503],[5.65198065]
[4.76795177],[1.51414898],[5.34840986]
[4.70337116],[1.45323372],[5.08618894]
[4.72228933],[1.39551604],[4.85203774]
[4.67329424],[1.34194032],[4.66425524]
[4.67052265],[1.30539178],[4.48489304]
[4.67448543],[1.26291747],[4.35931192]
[4.64314931],[1.23018673],[4.23943889]
[4.64159526],[1.20487712],[4.15179421]
[4.6025705],[1.18207745],[4.05590973]
[4.60214742],[1.16243276],[3.98439622]
[4.56517631],[1.14069629],[3.88771226]
[4.51579777],[1.12305131],[3.81497524]
[4.48291465],[1.10583632],[3.74370183]
[4.45373871],[1.0911451],[3.67486785]
[4.43663667],[1.07861223],[3.60484038]
[4.40958472],[1.05372679],[3.52412558]
[4.38702974],[1.0306649],[3.43750784]
[4.28923727],[1.0215964],[3.34749476]
[4.24154552],[1.01610208],[3.2893321]
[4.27282149],[1.00755909],[3.25584817]
[4.21408709],[0.99821867],[3.20097221]
[4.13531031],[0.98909023],[3.13057788]
[4.09214134],[0.98103086],[3.05591981]
[4.06667584],[0.97418901],[2.9692811]
[4.03946921],[0.96976482],[2.87790784]
[4.0081581],[0.96527426],[2.80777808]
[3.97890068],[0.96034332],[2.73934314]
[7.47805708],[1.95798687],[8.57411828]
[4.48696749],[1.34879019],[3.06281269]
[3.0485218],[0.76510067],[1.31852544]
[1.73629152],[0.49136408],[0.52752015]
[2.36903342],[0.79356404],[1.11146829]
[2.53326679],[0.94011321],[1.66487905]
[2.86653066],[1.05065754],[2.15262001]
[3.13061463],[1.26915144],[2.70099745]
[3.25940774],[1.40662137],[3.73393063]
[3.60951883],[1.48275513],[4.37195261]
[3.82507811],[1.55861429],[4.97713927]
[3.93449038],[1.61204795],[5.2808704]
[4.02114092],[1.64569094],[5.59863783]
[4.08954632],[1.66192408],[5.73248552]
[4.27966831],[1.68448382],[6.07970494]
[4.22585608],[1.6910156],[5.99669151]
[4.3418514],[1.70044982],[6.20735466]
[4.25327193],[1.70821407],[5.98480723]
[4.3394456],[1.73410721],[6.18386147]
[4.30535206],[1.74011112],[6.03578886]
[4.39625436],[1.77974916],[6.31119855]
[4.60527787],[1.79204076],[6.40453733]
[4.71988216],[1.82023379],[6.58547227]
[4.76936496],[1.83815191],[6.58435443]
[4.82602438],[1.8363618],[6.53741914]
[4.7985158],[1.84518692],[6.46208241]
[4.85744694],[1.76718959],[6.35304842]
[4.80981113],[1.70607171],[6.13950886]
[4.88930604],[1.60764512],[5.82934072]
[4.80014817],[1.54445872],[5.5436372]
[4.83406294],[1.4817221],[5.28200545]
[4.76837145],[1.41437518],[5.07994192]
[4.77953016],[1.37796697],[4.89631055]
[4.77741568],[1.32213805],[4.75398461]
[4.76134275],[1.29338613],[4.62832255]
[4.75448105],[1.26535001],[4.53299283]
[4.73578235],[1.24338146],[4.44097143]
[4.72822251],[1.22738948],[4.36415448]
[4.71538891],[1.21095607],[4.2646314]
[4.6728773],[1.19652396],[4.18476131]
[4.65008161],[1.18303885],[4.10562374]
[4.62944917],[1.17059742],[4.02778619]
[4.61528433],[1.154446],[3.94408471]
[4.59155115],[1.12872268],[3.85058342]
[4.5726904],[1.10388446],[3.74699747]
[4.51029005],[1.07798674],[3.62510651]
[4.46406481],[1.05495276],[3.53816663]
[4.4547592],[1.03355522],[3.48496028]
[4.37787981],[1.01607196],[3.39950743]
[4.19492245],[1.00679413],[3.27251278]
[4.13633133],[0.99883928],[3.19239759]
[4.11498245],[0.99227837],[3.10659564]
[4.0953439],[0.98632902],[3.01937574]
[4.06451585],[0.98132032],[2.9248971]
[4.03280114],[0.97612585],[2.84652418]
[7.78536031],[1.98372424],[8.92753229]
[4.45287145],[1.38555663],[3.1008528]
[3.00247799],[0.76164983],[1.28250703]
[1.66160956],[0.4760147],[0.47534715]
[2.37753316],[0.79479465],[1.10966134]
[2.53852829],[0.94490836],[1.67561829]
[2.91326884],[1.05567965],[2.19229666]
[3.15269748],[1.30056833],[2.78602218]
[3.27793411],[1.43348092],[3.81575905]
[3.65725531],[1.50708172],[4.50417423]
[3.8630092],[1.58256257],[5.11436816]
[3.98495129],[1.63667173],[5.41103009]
[4.11906941],[1.66552755],[5.76289312]
[4.20348152],[1.68249511],[5.89630282]
[4.36036152],[1.70311569],[6.25956977]
[4.30087213],[1.71051228],[6.17151334]
[4.42348713],[1.72142513],[6.41184587]
[4.32853099],[1.73669825],[6.2085843]
[4.42016093],[1.76179117],[6.40176019]
[4.45873344],[1.78436489],[6.32329877]
[4.59857909],[1.85045938],[6.65134424]
[4.74222932],[1.85593571],[6.74851657]
[4.8583428],[1.8827221],[6.95002706]
[4.86633818],[1.90067182],[6.97047307]
[4.95795327],[1.90151409],[6.97625649]
[4.92212332],[1.9080948],[6.9046861]
[5.00200965],[1.84295601],[6.79173667]
[4.93918864],[1.77842926],[6.5841748]
[5.05332882],[1.68671803],[6.29982789]
[4.94769678],[1.6238952],[6.0140287]
[5.00935842],[1.56036461],[5.77140028]
[4.91771448],[1.4983325],[5.57213031]
[4.96726456],[1.46014398],[5.40614658]
[4.92628785],[1.40612214],[5.24766801]
[4.9480302],[1.37711179],[5.12619192]
[4.89790638],[1.3494717],[5.0098297]
[4.91289881],[1.32363696],[4.9211587]
[4.86363947],[1.304183],[4.8258637]
[4.87399804],[1.28712999],[4.7214233]
[4.80132201],[1.27194012],[4.62286802]
[4.77787104],[1.25723496],[4.53312808]
[4.7575842],[1.24401108],[4.43891665]
[4.74530996],[1.22982061],[4.33815003]
[4.72396371],[1.19948167],[4.22456696]
[4.70789283],[1.17295277],[4.07802438]
[4.67080582],[1.14528897],[3.92245679]
[4.63015212],[1.12143891],[3.81282624]
[4.61358854],[1.0998705],[3.72985391]
[4.57032231],[1.07782426],[3.63522156]
[4.43395546],[1.05260323],[3.47695398]
[4.19521387],[1.01473505],[3.31341226]
[4.15436373],[1.00837184],[3.22744281]
[4.1396698],[1.00213695],[3.14071848]
[4.11526417],[0.99670819],[3.05111284]
[4.08609746],[0.99142474],[2.95419405]
[8.05167236],[1.99426499],[9.10727853]
[4.38373623],[1.39806062],[3.06915246]
[2.88468042],[0.74682575],[1.22148277]
[1.4713143],[0.4480118],[0.40898891]
[2.38350044],[0.80405552],[1.11802638]
[2.55538678],[0.95649531],[1.69793017]
[2.96728492],[1.06343821],[2.24649368]
[3.18058615],[1.32310825],[2.87625528]
[3.29610989],[1.44845574],[3.89320182]
[3.69195722],[1.5195559],[4.59106958]
[3.88046869],[1.59290411],[5.21194468]
[4.02620634],[1.64283277],[5.50727201]
[4.20770628],[1.66975059],[5.87044581]
[4.24690223],[1.6871166],[5.99581456]
[4.38195691],[1.70719923],[6.31222477]
[4.37827433],[1.7123199],[6.16314337]
[4.49808371],[1.73504801],[6.39378787]
[4.40540981],[1.74680842],[6.1897922]
[4.53186996],[1.79723635],[6.45997922]
[4.64386944],[1.83372319],[6.50451075]
[4.78816247],[1.89335968],[6.80448867]
[4.86186716],[1.90550172],[6.96210516]
[4.98108784],[1.92399695],[7.18430047]
[5.0006997],[1.95360996],[7.26503035]
[5.14114171],[1.93570579],[7.2941513]
[5.11002846],[1.89867837],[7.21223882]
[5.24012978],[1.82062472],[7.06867157]
[5.1842961],[1.76841902],[6.84745178]
[5.32582043],[1.6903326],[6.59346934]
[5.22866016],[1.63010364],[6.34226651]
[5.28980201],[1.58035413],[6.11039366]
[5.17723439],[1.51070239],[5.9062964]
[5.24379816],[1.48142158],[5.75318563]
[5.16984027],[1.44129988],[5.61687213]
[5.21526324],[1.41818869],[5.52685137]
[5.11350154],[1.39318522],[5.40351227]
[5.1680759],[1.36921161],[5.32956442]
[5.0579434],[1.35338969],[5.21516978]
[5.10909912],[1.33768741],[5.12885824]
[5.00124917],[1.3236245],[5.01935843]
[4.97046551],[1.31096278],[4.93001974]
[4.94269582],[1.30033764],[4.83799557]
[4.91819533],[1.28689359],[4.73793547]
[4.88862408],[1.25673449],[4.62709537]
[4.86459016],[1.22915702],[4.47771201]
[4.83113935],[1.2025867],[4.26731536]
[4.75158967],[1.17852183],[4.07651758]
[4.73199613],[1.15520342],[3.95944878]
[4.70526389],[1.13124428],[3.85502508]
[4.62188103],[1.10486124],[3.690187]
[4.48811387],[1.05849752],[3.51380262]
[4.31654846],[1.02016753],[3.35698731]
[4.18447911],[1.01473367],[3.24017885]
[4.16030729],[1.00927126],[3.1547851]
[4.13719698],[1.00398896],[3.0622614]
[8.87838439],[1.99438373],[9.43925462]
[4.42584093],[1.40300791],[3.09851237]
[2.86024811],[0.71431496],[1.2149862]
[1.23489285],[0.39463021],[0.31486373]
[2.39376682],[0.80746532],[1.13607503]
[2.56816375],[0.9649694],[1.7219539]
[3.00229017],[1.08322025],[2.29101398]
[3.20321632],[1.37394045],[3.01229688]
[3.32334133],[1.48669507],[4.05773171]
[3.73990878],[1.55418102],[4.82457077]
[3.93844601],[1.62872131],[5.39143873]
[4.14634563],[1.66934369],[5.71266145]
[4.30867059],[1.69381765],[6.06388333]
[4.34198932],[1.71293132],[6.21432045]
[4.4554576],[1.73462623],[6.54496458]
[4.44952717],[1.74973851],[6.42885677]
[4.5690293],[1.77100855],[6.69878021]
[4.51301484],[1.82259196],[6.55503111]
[4.70017613],[1.89914057],[6.95832464]
[4.80630803],[1.93086482],[7.04986135]
[4.97237778],[1.98238631],[7.46309665]
[4.98006722],[1.99734055],[7.63200958]
[5.15357479],[2.01230719],[7.91029291]
[5.22980932],[2.03233021],[7.99703206]
[5.4070229],[2.0392814],[8.07271712]
[5.38341444],[2.0329294],[8.03813339]
[5.48785703],[1.94908048],[7.92389659]
[5.42011914],[1.89825689],[7.72571283]
[5.55266182],[1.81927072],[7.48571045]
[5.46878876],[1.74914383],[7.19030445]
[5.5367888],[1.6800151],[6.92307551]
[5.43368882],[1.61651669],[6.67065065]
[5.47004862],[1.57950017],[6.46356751]
[5.43278731],[1.5334542],[6.28070514]
[5.4473824],[1.50631745],[6.17150284]
[5.39799525],[1.47970185],[6.02881495]
[5.40060403],[1.45424241],[5.93745465]
[5.33023568],[1.43054962],[5.80232977]
[5.34396068],[1.40686344],[5.7095628]
[5.26659754],[1.39184011],[5.5739402]
[5.22732047],[1.37638638],[5.46060838]
[5.19515792],[1.36511772],[5.35049033]
[5.16372044],[1.35273311],[5.23430334]
[5.13355174],[1.32394179],[5.12223234]
[5.10417633],[1.29428485],[4.97876527]
[5.06621712],[1.26836079],[4.76139401]
[4.93430993],[1.24495482],[4.5158182]
[4.85447974],[1.2217191],[4.31344434]
[4.79143869],[1.19752397],[4.13405056]
[4.73484971],[1.17143987],[3.95085209]
[4.64599027],[1.12198786],[3.76219309]
[4.56033615],[1.06548847],[3.59174237]
[4.44853996],[1.03206601],[3.44005352]
[4.30150845],[1.02658582],[3.29347998]
[4.20856322],[1.02131728],[3.17704359]
[10.28204818],[2.00124093],[9.9847199]
[4.37436534],[1.42705387],[3.15184981]
[2.76134089],[0.73579388],[1.19858889]
[1.08870541],[0.39075072],[0.28785851]
[2.3944882],[0.80566521],[1.14046131]
[2.56961759],[0.9638807],[1.72240849]
[3.01137665],[1.08633087],[2.29714694]
[3.21158376],[1.38666729],[3.03831688]
[3.33041793],[1.50053104],[4.09626099]
[3.74721081],[1.5723725],[4.89471573]
[3.95573661],[1.64959769],[5.47899816]
[4.1861445],[1.68703458],[5.82379949]
[4.33841703],[1.71564128],[6.19649878]
[4.37867009],[1.7336766],[6.36566485]
[4.51203395],[1.77002847],[6.75018927]
[4.51436192],[1.78777209],[6.75210141]
[4.63332534],[1.87785191],[7.10396177]
[4.70419967],[1.93271199],[7.14333525]
[4.89217261],[2.00088865],[7.59051092]
[4.91658842],[2.02869126],[7.71229024]
[5.09995807],[2.07429352],[8.18218931]
[5.08117471],[2.08683549],[8.34056664]
[5.33740258],[2.10110174],[8.66802739]
[5.42053291],[2.11088114],[8.84331181]
[5.56650966],[2.11985141],[8.99367303]
[5.53370964],[2.11514249],[8.98789376]
[5.63675161],[2.07322541],[8.927619]
[5.59146364],[2.02074368],[8.76255345]
[5.71434345],[1.94101538],[8.54725613]
[5.68593764],[1.86722231],[8.2573372]
[5.74612292],[1.7942557],[7.92820272]
[5.66741746],[1.73248412],[7.64454538]
[5.67382629],[1.68001815],[7.36866607]
[5.6622727],[1.63132317],[7.15085355]
[5.63875161],[1.60168623],[6.95942473]
[5.61545389],[1.57225273],[6.75868122]
[5.58220034],[1.54451134],[6.63114537]
[5.53589003],[1.51668632],[6.47016074]
[5.51359676],[1.49238363],[6.36442112]
[5.45959495],[1.47126646],[6.22294602]
[5.42423187],[1.44987467],[6.10516731]
[5.39575048],[1.43300916],[5.98566721]
[5.37176887],[1.42090422],[5.85802657]
[5.34214946],[1.39368816],[5.73834762]
[5.31566388],[1.36555832],[5.59824622]
[5.28864137],[1.33762536],[5.40058865]
[5.18452556],[1.31566724],[5.09910522]
[5.06655983],[1.29276548],[4.82192154]
[4.93977907],[1.26884543],[4.5653553]
[4.8539255],[1.24315026],[4.3254699]
[4.77779095],[1.195707],[4.11610431]
[4.71163863],[1.14273595],[3.90432168]
[4.63887192],[1.08203859],[3.70074661]
[4.54931828],[1.0402427],[3.54705966]
[4.43468763],[1.03487917],[3.38813789]
[12.58698159],[2.02279607],[10.76061543]
[4.37494338],[1.46363912],[3.14347973]
[2.65854224],[0.72707098],[1.15233819]
[1.00964862],[0.35948316],[0.25006046]
[2.3913237],[0.79899036],[1.12432788]
[2.56856083],[0.96404171],[1.71399289]
[3.0248275],[1.09002604],[2.30226629]
[3.22693622],[1.40038703],[3.08203056]
[3.34225704],[1.51675263],[4.14659571]
[3.76045895],[1.58789557],[4.99188714]
[3.98963155],[1.66438865],[5.5697049]
[4.25168846],[1.70002046],[5.92853464]
[4.39886327],[1.72796847],[6.32029132]
[4.42727417],[1.74771647],[6.48300016]
[4.55172029],[1.78728595],[6.88139498]
[4.56821813],[1.83285147],[6.9597922]
[4.6930001],[1.93185177],[7.35694854]
[4.81002709],[1.98441974],[7.46719231]
[4.99587947],[2.05001475],[7.9754461]
[4.9769342],[2.07585984],[8.08677471]
[5.16420988],[2.11841907],[8.53951065]
[5.15965947],[2.13488713],[8.72218539]
[5.46539493],[2.15217599],[9.14862502]
[5.5135483],[2.20453968],[9.36377017]
[5.64282403],[2.23458374],[9.59535879]
[5.63593859],[2.24104011],[9.63856022]
[5.72394609],[2.20768111],[9.63035609]
[5.70270212],[2.17544795],[9.53885113]
[5.81581982],[2.12016884],[9.38580399]
[5.79859306],[2.05223761],[9.16203018]
[5.87156868],[1.97801395],[8.8599904]
[5.80241573],[1.91807697],[8.55919409]
[5.79311794],[1.86712958],[8.25316649]
[5.79364722],[1.80064744],[8.02076671]
[5.76011991],[1.7380341],[7.78106043]
[5.74946958],[1.68011395],[7.54811585]
[5.69971884],[1.6444504],[7.37465177]
[5.67459081],[1.60545501],[7.17204543]
[5.64286298],[1.56818235],[7.02829142]
[5.60666994],[1.53747247],[6.84988172]
[5.55869816],[1.51318138],[6.68626498]
[5.52872804],[1.49395436],[6.554753]
[5.50407163],[1.48145485],[6.41558504]
[5.47382031],[1.45700981],[6.28935134]
[5.44873131],[1.42992702],[6.13431393]
[5.42095354],[1.40295827],[5.94663591]
[5.3389078],[1.37984716],[5.66859491]
[5.24223163],[1.35722938],[5.37627142]
[5.15624573],[1.33434155],[5.06929433]
[5.04104699],[1.30869435],[4.76876382]
[4.90905852],[1.26353445],[4.49957886]
[4.81347368],[1.21187698],[4.24555187]
[4.76326907],[1.15325041],[4.00247259]
[4.70302317],[1.09539186],[3.79087256]
[4.63272055],[1.04805318],[3.63430907]
