meltWidth,meltDepth,meltArea
[0.09457445],[0.05756045],[0.00250812]
[0.17199923],[0.10551089],[0.00865293]
[0.14748035],[0.15414385],[0.01081711]
[0.08122146],[0.26254935],[0.00960769]
[0.39129339],[0.81601551],[0.16148891]
[0.70911042],[0.7664369],[0.26800394]
[0.83899824],[0.72401457],[0.30079243]
[1.12920553],[0.7199487],[0.43288974]
[1.16042547],[0.65806639],[0.39067167]
[1.26808269],[0.59658306],[0.43373584]
[1.23599206],[0.5539683],[0.35529751]
[1.28106888],[0.54024358],[0.40333921]
[1.22477179],[0.5220591],[0.33021744]
[1.26690279],[0.50464549],[0.36916618]
[1.19679724],[0.49254876],[0.30681695]
[1.21961143],[0.4854255],[0.34091144]
[1.17318214],[0.50648745],[0.30840562]
[1.26525236],[0.52688586],[0.38977162]
[1.28146161],[0.5543648],[0.38178797]
[1.34210019],[0.57555768],[0.45329248]
[1.36004081],[0.59078295],[0.43929463]
[1.39649729],[0.59239896],[0.49251292]
[1.40634935],[0.59001611],[0.4676408]
[1.42702024],[0.58775155],[0.51060023]
[1.44574728],[0.57629878],[0.48389883]
[1.46412674],[0.56970144],[0.52771916]
[1.46987117],[0.55816627],[0.48649163]
[1.4801832],[0.54956485],[0.52319438]
[1.49391874],[0.53867701],[0.48878477]
[1.50719762],[0.52988502],[0.51476084]
[1.50850442],[0.52449392],[0.49787324]
[1.50293823],[0.52148268],[0.49444291]
[1.50134338],[0.51865136],[0.49235446]
[1.50047974],[0.51491927],[0.4891127]
[1.50220782],[0.5173855],[0.49135316]
[1.50319655],[0.52353929],[0.49735292]
[1.50462049],[0.529895],[0.50324358]
[1.50580895],[0.53622874],[0.50801899]
[1.50328245],[0.54059212],[0.50997373]
[1.49891008],[0.54503856],[0.51155686]
[1.49305663],[0.54927399],[0.51039393]
[1.48958477],[0.55012109],[0.51071343]
[1.47978745],[0.5498097],[0.50687189]
[1.46566974],[0.54436572],[0.49677855]
[1.47364628],[0.53857448],[0.5009311]
[1.48810778],[0.53662031],[0.50724073]
[1.51847007],[0.5408043],[0.51994956]
[1.55234181],[0.55920925],[0.54208048]
[1.5730206],[0.57501522],[0.56131625]
[1.58877029],[0.59172808],[0.57999776]
[1.60800197],[0.60508358],[0.59726399]
[1.62369857],[0.6145506],[0.61243981]
[1.18659645],[0.61952089],[0.48516084]
[0.],[0.],[0.]
[0.6449798],[0.2513053],[0.07991348]
[0.84428189],[0.209299],[0.08601265]
[0.82157555],[0.33196596],[0.13381195]
[0.59327424],[0.30506435],[0.08689756]
[0.77162948],[0.89873434],[0.52430125]
[1.04757639],[0.88442555],[0.77853106]
[1.26976247],[0.98769055],[1.0208641]
[1.37847173],[0.97996628],[1.0648766]
[1.44772009],[1.04694857],[1.18630891]
[1.47768441],[1.0215381],[1.15181873]
[1.45412855],[1.05009163],[1.18926892]
[1.45313282],[0.99891354],[1.10203601]
[1.43748098],[1.03396326],[1.09130746]
[1.43455352],[0.90163315],[0.97129405]
[1.42526633],[0.96019227],[0.96275544]
[1.44279987],[0.89369995],[0.90384949]
[1.45023168],[0.96693628],[0.9460187]
[1.47369711],[0.89837112],[0.90135401]
[1.50977741],[0.98017343],[0.97084197]
[1.54583056],[0.88058254],[0.92222927]
[1.57936288],[0.96053148],[0.99447849]
[1.61054947],[0.87334818],[0.94482782]
[1.6435305],[0.93648494],[1.00273148]
[1.68247205],[0.84957294],[0.95094334]
[1.68575497],[0.91730859],[1.00044224]
[1.72983783],[0.8270597],[0.94770439]
[1.77164723],[0.89307259],[1.010366]
[1.82046359],[0.77693354],[0.93946614]
[1.85669203],[0.86908837],[1.02194866]
[1.93779911],[0.74247611],[0.96558948]
[1.9665454],[0.84774317],[1.05199104]
[2.01289682],[0.78848907],[1.03371274]
[1.998334],[0.78151352],[1.00908324]
[2.00584874],[0.77849179],[1.01121958]
[2.01036414],[0.77065759],[1.00627883]
[2.02251356],[0.77523495],[1.01939224]
[2.04339495],[0.79386969],[1.05101572]
[2.04530685],[0.80662771],[1.06534977]
[2.05009056],[0.82483784],[1.08574814]
[2.05603358],[0.83137434],[1.09792052]
[2.0510347],[0.83568992],[1.10098243]
[2.0376468],[0.83890945],[1.09863056]
[2.03381929],[0.84072581],[1.1034349]
[2.03789419],[0.83860127],[1.11142986]
[2.02259494],[0.83506653],[1.09913645]
[2.04624945],[0.83590827],[1.1268039]
[2.08864196],[0.83284714],[1.16703149]
[2.11223645],[0.82506454],[1.18448603]
[2.13102424],[0.81918951],[1.19992018]
[2.16123053],[0.81311697],[1.2263233]
[2.2082794],[0.81479084],[1.2685919]
[2.26740329],[0.82251849],[1.33168814]
[2.31550568],[0.83114881],[1.39810102]
[1.95548722],[0.84052409],[1.29477471]
[0.],[0.],[0.]
[0.66874528],[0.31515592],[0.10421575]
[0.99155318],[0.35893892],[0.1753655]
[1.14226709],[0.50933969],[0.29781408]
[1.17354383],[0.70717625],[0.44747394]
[1.26375771],[0.95355686],[0.84249399]
[1.23600856],[0.94938732],[1.0153687]
[1.29013391],[1.04200605],[1.20441412]
[1.34785076],[1.04031938],[1.21386215]
[1.39461621],[1.07556247],[1.26209151]
[1.37965083],[1.04578697],[1.17775416]
[1.38432702],[1.0802743],[1.19883606]
[1.38204179],[1.04361811],[1.11264903]
[1.40556387],[1.0885546],[1.16958756]
[1.41569852],[1.05839917],[1.10901309]
[1.44011266],[1.09671709],[1.17234817]
[1.46545403],[1.08023977],[1.12330858]
[1.47927936],[1.11535978],[1.17811724]
[1.50681938],[1.09211244],[1.09880028]
[1.56708874],[1.12671747],[1.17661911]
[1.67186295],[1.07957713],[1.12215836]
[1.75451082],[1.12889068],[1.19676871]
[1.86256342],[1.04104519],[1.16362547]
[1.89330295],[1.09295154],[1.21073141]
[1.94106039],[1.01242809],[1.1671022]
[1.93075875],[1.0690068],[1.20006256]
[1.98296988],[0.98219622],[1.1567788]
[2.00457811],[1.03672377],[1.20300349]
[2.04463288],[0.93245531],[1.14250881]
[2.04493015],[1.00593586],[1.194009]
[2.11553625],[0.90632004],[1.15291439]
[2.11379128],[0.98381168],[1.19937425]
[2.18140039],[0.94418528],[1.20258143]
[2.14840831],[0.93396597],[1.16128158]
[2.15357611],[0.92864246],[1.15755934]
[2.15744978],[0.91755371],[1.1474729]
[2.16986836],[0.92362304],[1.16046985]
[2.1884811],[0.93331906],[1.18213604]
[2.18093411],[0.9387932],[1.17960851]
[2.18630202],[0.94415196],[1.18801233]
[2.20233613],[0.94903567],[1.20602375]
[2.20542813],[0.95275298],[1.21394733]
[2.19351789],[0.95893953],[1.20920944]
[2.18607343],[0.96044814],[1.20609306]
[2.18634282],[0.96215623],[1.2157951]
[2.18864302],[0.97035546],[1.22891336]
[2.22778748],[0.96863385],[1.28741149]
[2.26824579],[0.96226918],[1.34362377]
[2.29968111],[0.94105106],[1.37943389]
[2.3292637],[0.92702873],[1.41850718]
[2.35705488],[0.91236161],[1.45335552]
[2.38015801],[0.90265725],[1.48400881]
[2.4140555],[0.89406365],[1.51046463]
[2.44614245],[0.89445257],[1.54150496]
[2.08558506],[0.89919171],[1.45248638]
[0.],[0.],[0.]
[0.4731217],[0.29628802],[0.06924355]
[0.94960198],[0.37899375],[0.177334]
[1.17018241],[0.53295617],[0.30788292]
[1.20278904],[0.83936072],[0.57359988]
[1.25626719],[0.95618292],[0.85355204]
[1.16492087],[0.94710513],[0.94028549]
[1.31259809],[1.03373168],[1.13881636]
[1.389889],[1.01757952],[1.09488802]
[1.42908638],[1.06964491],[1.14484777]
[1.43998313],[1.05815122],[1.00758107]
[1.43553444],[1.08960169],[1.03701895]
[1.44992109],[1.06734593],[0.88780882]
[1.46069058],[1.10828435],[0.99999255]
[1.49790651],[1.06668728],[0.98986284]
[1.52128334],[1.07695982],[0.99380231]
[1.64227399],[1.01801778],[1.00613414]
[1.81587426],[1.05052762],[1.09362493]
[2.05853243],[0.99807525],[1.16954015]
[2.11884927],[1.02060221],[1.19743473]
[2.2040314],[0.97060774],[1.18341218]
[2.26709294],[0.99826117],[1.19240886]
[2.34149334],[0.9274536],[1.15786769]
[2.42641776],[0.96599434],[1.17777798]
[2.4353568],[0.89565288],[1.1372221]
[2.50174632],[0.94598679],[1.14684536]
[2.44016199],[0.86593608],[1.10746759]
[2.54426152],[0.91785742],[1.15118592]
[2.4999873],[0.84021434],[1.11553546]
[2.57502337],[0.88706991],[1.14380606]
[2.55128115],[0.83896007],[1.141994]
[2.62178981],[0.8661491],[1.145641]
[2.59649079],[0.83127123],[1.16068342]
[2.62799874],[0.82610316],[1.12429362]
[2.58016089],[0.82456841],[1.12384465]
[2.56944493],[0.82413717],[1.12297409]
[2.56599288],[0.82796296],[1.13525721]
[2.56240222],[0.83262188],[1.15462208]
[2.54945484],[0.84165912],[1.15329993]
[2.54055913],[0.8517619],[1.1660538]
[2.5367038],[0.86019415],[1.18662232]
[2.52376044],[0.86776509],[1.19429249]
[2.50111487],[0.87530519],[1.18726635]
[2.47590466],[0.87888824],[1.18076531]
[2.45074299],[0.88200886],[1.17785038]
[2.44663327],[0.89575322],[1.1993969]
[2.45683945],[0.89717947],[1.24139128]
[2.46898537],[0.90070545],[1.28455525]
[2.47551543],[0.90537637],[1.31914175]
[2.48293047],[0.91055118],[1.35178505]
[2.48956425],[0.91030906],[1.38016718]
[2.49381928],[0.91236926],[1.41157548]
[2.50271104],[0.90493017],[1.43762762]
[2.52752492],[0.88752422],[1.46435351]
[2.17022704],[0.87738281],[1.36736685]
[0.],[0.],[0.]
[0.47542524],[0.31010667],[0.07291103]
[1.15513089],[0.41783629],[0.28185071]
[1.3213483],[0.78939241],[0.59166007]
[1.34517932],[0.94059875],[0.86468588]
[1.37695132],[1.05367792],[1.07453425]
[1.31346634],[1.04717914],[1.11675196]
[1.41178188],[1.15374437],[1.30967371]
[1.53865605],[1.1698314],[1.35299353]
[1.58628902],[1.18394309],[1.39696415]
[1.66023462],[1.18774187],[1.39933275]
[1.70821996],[1.18977566],[1.42163247]
[1.92896954],[1.18224299],[1.46386484]
[2.076908],[1.17794935],[1.52706675]
[2.26017793],[1.14006308],[1.59287367]
[2.34633847],[1.1129679],[1.63817589]
[2.46172991],[1.02679646],[1.62268422]
[2.4870731],[1.04646574],[1.61064092]
[2.58504827],[0.96559095],[1.5667516]
[2.61768642],[1.01049464],[1.5635533]
[2.71851806],[0.93538076],[1.53153732]
[2.77598976],[0.98581764],[1.53511018]
[2.82141307],[0.91297752],[1.48887668]
[2.84608274],[0.95342095],[1.48712549]
[2.85856904],[0.89367819],[1.45427674]
[2.8753137],[0.92891982],[1.44348986]
[2.88445075],[0.88753281],[1.42807239]
[2.89555811],[0.90108101],[1.42023816]
[2.91236077],[0.87925663],[1.41236033]
[2.92737762],[0.88061648],[1.39626582]
[2.93679497],[0.87286173],[1.42451763]
[2.98739978],[0.86697052],[1.40736893]
[2.97211979],[0.86108047],[1.46116685]
[2.99827361],[0.85752793],[1.40950548]
[2.97867291],[0.8562333],[1.40230843]
[2.95176511],[0.85687014],[1.39739174]
[2.93947107],[0.86117992],[1.40861812]
[2.91323982],[0.86788366],[1.42944691]
[2.89384587],[0.87756978],[1.43333817]
[2.86852133],[0.87993355],[1.43973752]
[2.83628883],[0.8826191],[1.45641466]
[2.80412642],[0.88526948],[1.45913636]
[2.75789128],[0.88815077],[1.45084495]
[2.71716322],[0.89009687],[1.44795429]
[2.67443962],[0.89207748],[1.45004498]
[2.6684152],[0.90189589],[1.46381421]
[2.66501997],[0.90686857],[1.50123073]
[2.66323531],[0.91216894],[1.54059653]
[2.65916322],[0.91689329],[1.57135381]
[2.65888002],[0.92183643],[1.59634054]
[2.65564293],[0.92466364],[1.61562118]
[2.6506972],[0.92916668],[1.63544675]
[2.6536515],[0.93441987],[1.6567772]
[2.65397169],[0.93564565],[1.67388672]
[2.20947386],[0.93459104],[1.5191545]
[0.],[0.],[0.]
[0.69034891],[0.33085707],[0.11309604]
[1.31952013],[0.46797792],[0.43096063]
[1.4918109],[0.92653927],[0.88339094]
[1.49802973],[1.05111736],[1.13945036]
[1.50595608],[1.12748577],[1.26982104]
[1.47638074],[1.15659315],[1.34064737]
[1.45863291],[1.20960556],[1.42987197]
[1.61330117],[1.23617727],[1.51763486]
[1.96883621],[1.242741],[1.69174682]
[2.18933357],[1.24233129],[1.82130419]
[2.30786811],[1.24164218],[1.90318013]
[2.47307791],[1.22669148],[2.00237982]
[2.48310085],[1.22358574],[1.99210341]
[2.60405016],[1.20417626],[1.99959353]
[2.61209485],[1.20795008],[1.98114544]
[2.71260641],[1.12400647],[1.92920932]
[2.77916946],[1.20134544],[1.93584394]
[2.8679887],[1.12889532],[1.87545564]
[2.89694405],[1.12992419],[1.88781034]
[2.98317379],[1.1350919],[1.84193593]
[3.01097301],[1.13671315],[1.82012146]
[3.05706857],[1.13345909],[1.78788206]
[3.04374748],[1.130614],[1.78437407]
[3.08459939],[1.10448349],[1.76333937]
[3.07027738],[1.07435202],[1.73349339]
[3.11438383],[1.04383619],[1.72892632]
[3.09178107],[1.01904325],[1.68923515]
[3.1417866],[0.99339708],[1.70374383]
[3.12375361],[0.98075677],[1.67062676]
[3.16339456],[0.96663033],[1.7037261]
[3.18567103],[0.95407172],[1.68806946]
[3.19558422],[0.93921735],[1.71407235]
[3.20591254],[0.92394721],[1.68243631]
[3.2115872],[0.91457921],[1.66498605]
[3.18007387],[0.92285994],[1.66392936]
[3.16768284],[0.93204345],[1.67138099]
[3.14518357],[0.93522084],[1.68786251]
[3.12752506],[0.93865686],[1.69756198]
[3.10691197],[0.94164368],[1.7109751]
[3.07530544],[0.93919419],[1.73157545]
[3.04290386],[0.94013473],[1.73712609]
[3.00080985],[0.94210259],[1.73117409]
[2.95831107],[0.9453395],[1.72806334]
[2.91283618],[0.95066227],[1.73293544]
[2.89435801],[0.9696427],[1.7580929]
[2.86852255],[0.97786693],[1.77653422]
[2.83351799],[0.98519989],[1.79813779]
[2.79815054],[0.99047275],[1.80724901]
[2.75794018],[0.99694552],[1.8176651]
[2.74675636],[0.99919951],[1.82738691]
[2.73744545],[1.00342989],[1.83501812]
[2.73832237],[1.00652646],[1.8382584]
[2.73468163],[1.00710031],[1.8467398]
[2.22892224],[1.00602524],[1.645639]
[0.],[0.],[0.]
[0.79307462],[0.34540542],[0.1689748]
[1.32310318],[0.51542733],[0.44547947]
[1.42065486],[1.0396607],[1.03173841]
[1.41751858],[1.13791633],[1.23374095]
[1.41801018],[1.16805005],[1.33277373]
[1.5288485],[1.20467774],[1.45282003]
[1.81925488],[1.23994277],[1.60764561]
[2.11622412],[1.26720051],[1.81639603]
[2.3170462],[1.27376416],[1.97035389]
[2.52174417],[1.27247227],[2.11832562]
[2.56743667],[1.27521401],[2.15715069]
[2.72826353],[1.26218748],[2.22625964]
[2.7467959],[1.2624107],[2.22604828]
[2.89643166],[1.24793179],[2.24670063]
[2.97266585],[1.2573378],[2.26375341]
[3.12554264],[1.174897],[2.25273101]
[3.14180379],[1.24811054],[2.2606869]
[3.28879832],[1.17018716],[2.19963829]
[3.28070935],[1.17726047],[2.2083375]
[3.39380214],[1.181359],[2.16537581]
[3.36349404],[1.18428902],[2.15498837]
[3.44843991],[1.18310783],[2.14029504]
[3.38109839],[1.18184513],[2.1378787]
[3.47167507],[1.17746869],[2.13408001]
[3.40542327],[1.16280623],[2.10407624]
[3.51773615],[1.13735959],[2.11764795]
[3.42777236],[1.12088538],[2.06612145]
[3.55202404],[1.09726168],[2.1054746]
[3.46319961],[1.08558699],[2.05327823]
[3.58900369],[1.06503877],[2.10332516]
[3.53481741],[1.05011321],[2.07337515]
[3.58829357],[1.0339939],[2.10180146]
[3.55274581],[1.01962944],[2.06271679]
[3.59683313],[1.01208359],[2.05041897]
[3.5560357],[1.01743834],[2.04977436]
[3.54536365],[1.02253393],[2.06180748]
[3.52735223],[1.02232181],[2.07760435]
[3.51200261],[1.02488775],[2.08829039]
[3.50089592],[1.02899305],[2.09721255]
[3.46984944],[1.03443535],[2.10971582]
[3.43427801],[1.04076055],[2.11378452]
[3.39621171],[1.04139776],[2.11323554]
[3.35039566],[1.02814088],[2.10065173]
[3.30492745],[1.02806573],[2.10579066]
[3.28253385],[1.02572161],[2.12588705]
[3.26521031],[1.03734203],[2.1325044]
[3.23351269],[1.04333048],[2.1376224]
[3.19402264],[1.04762586],[2.13122114]
[3.15576929],[1.05144485],[2.11975382]
[3.11908519],[1.05312064],[2.10966114]
[3.0772883],[1.05686047],[2.10247538]
[3.03908139],[1.06205332],[2.09521588]
[3.00286389],[1.0575838],[2.08317842]
[2.40247038],[1.05455371],[1.81687507]
[0.],[0.],[0.]
[0.37959426],[0.24668136],[0.04603058]
[0.56014102],[0.36017173],[0.09845051]
[0.99388126],[1.04925028],[0.76268775]
[1.3174112],[1.11932518],[0.9731272]
[1.61871752],[1.15050855],[1.13494974]
[1.84701833],[1.1865933],[1.26323118]
[2.17036231],[1.21555309],[1.48201703]
[2.47545897],[1.22818019],[1.63545696]
[2.5780177],[1.23649297],[1.81107509]
[2.78171848],[1.16212997],[1.88464654]
[2.85723774],[1.21409736],[1.98815702]
[3.06000189],[1.0870463],[1.99555426]
[3.10543971],[1.13565728],[2.05063732]
[3.33569214],[1.04119233],[2.07694269]
[3.34120154],[1.07211157],[2.0991014]
[3.59638193],[0.9991029],[2.13946744]
[3.54899617],[1.01959937],[2.12527828]
[3.78434581],[0.96477354],[2.16830516]
[3.67720579],[0.97312495],[2.12749365]
[3.86301398],[0.96710334],[2.17792738]
[3.76273968],[0.96517587],[2.13194439]
[3.89660902],[0.96125255],[2.20131488]
[3.77644052],[0.95851713],[2.15064747]
[3.911904],[0.95331874],[2.22334871]
[3.80479292],[0.95071901],[2.1518631]
[3.94029854],[0.94801547],[2.23678026]
[3.83287396],[0.94579422],[2.15915804]
[3.95849779],[0.94499362],[2.26678289]
[3.87656665],[0.94647626],[2.19467443]
[3.98959928],[0.94806661],[2.3077789]
[3.98130265],[0.94292991],[2.26945498]
[4.01141748],[0.9386863],[2.31307252]
[4.00581765],[0.93718712],[2.29069411]
[4.00811863],[0.93677683],[2.29990942]
[4.00585947],[0.94376258],[2.30021468]
[3.97514597],[0.9477379],[2.30517643]
[3.9504531],[0.95410876],[2.31139971]
[3.93631483],[0.96309552],[2.31851947]
[3.9220155],[0.96459145],[2.31830682]
[3.89772651],[0.96741196],[2.31243242]
[3.85819614],[0.97088784],[2.30076004]
[3.82459796],[0.9766881],[2.29083196]
[3.78607008],[0.97505315],[2.27324585]
[3.74466514],[0.98219076],[2.28068546]
[3.72248645],[0.9966649],[2.29932819]
[3.71013329],[1.00518943],[2.29756141]
[3.69183506],[1.01057337],[2.29640294]
[3.64704554],[1.01506451],[2.31998413]
[3.61145709],[1.020223],[2.3165224]
[3.57891604],[1.02192835],[2.29835254]
[3.53952184],[1.02525534],[2.27938786]
[3.4973185],[1.02865885],[2.25522814]
[3.4611579],[1.0301251],[2.23374998]
[2.80417235],[1.03315098],[1.93222207]
[0.],[0.],[0.]
[0.20092826],[0.14842784],[0.01438255]
[0.22919362],[0.37408835],[0.0401617]
[1.21777087],[1.10645969],[0.80986956]
[1.6212448],[1.15485198],[0.99144837]
[1.85761569],[1.18497745],[1.18381366]
[2.37678399],[1.16137587],[1.38863069]
[2.56036903],[1.23722475],[1.72762686]
[2.79130687],[1.14563225],[1.86958901]
[2.81528218],[1.20431012],[2.00484199]
[3.05481603],[1.10517],[2.07823898]
[3.14913178],[1.14790616],[2.16467885]
[3.3674873],[1.05493938],[2.2035521]
[3.39483317],[1.08604444],[2.24822356]
[3.64373442],[1.02002973],[2.32640585]
[3.65715903],[1.03735094],[2.32359602]
[3.89291128],[1.0487589],[2.43624688]
[3.86764434],[1.06898958],[2.40125077]
[4.05287318],[1.06276816],[2.50464418]
[4.05413879],[1.06335651],[2.44601267]
[4.18614987],[1.06257123],[2.56065718]
[4.18197108],[1.06239279],[2.48986755]
[4.24285997],[1.05737772],[2.59578158]
[4.24334288],[1.05264032],[2.52119969]
[4.27370732],[1.03647592],[2.62021922]
[4.26752306],[1.02754724],[2.53033646]
[4.29711878],[1.01808816],[2.63642761]
[4.28804719],[1.01409937],[2.54226405]
[4.30666372],[1.00786175],[2.66518657]
[4.30919036],[1.00512614],[2.58171097]
[4.32390415],[1.00115826],[2.70510379]
[4.36037663],[0.99379303],[2.67142772]
[4.3379089],[0.98646536],[2.7082061]
[4.37421439],[0.98052077],[2.70709634]
[4.34411613],[0.98633756],[2.72026485]
[4.37487973],[0.99622044],[2.7334869]
[4.34098519],[1.00430443],[2.74618323]
[4.33035306],[1.01084731],[2.75545327]
[4.31961461],[1.01765002],[2.76998718]
[4.31213061],[1.02485308],[2.77718699]
[4.30227738],[1.03385711],[2.77616464]
[4.27598495],[1.04079725],[2.76435754]
[4.25257656],[1.04299219],[2.75380038]
[4.22328719],[1.04097425],[2.72772623]
[4.18748484],[1.05027526],[2.71865202]
[4.16867818],[1.0617163],[2.73168764]
[4.1549714],[1.06245077],[2.72834601]
[4.14091284],[1.0698006],[2.71906671]
[4.10729958],[1.07482986],[2.7005106]
[4.07193914],[1.07831555],[2.69109266]
[4.03459127],[1.07936656],[2.68585124]
[3.99179872],[1.08279518],[2.67900767]
[3.95027917],[1.0838797],[2.67174439]
[3.91816637],[1.07947002],[2.64745408]
[3.22196831],[1.07611712],[2.28106341]
[0.],[0.],[0.]
[0.16836166],[0.12478148],[0.00995102]
[0.],[0.],[0.]
[1.30524066],[1.12912452],[0.830346]
[1.7127342],[1.08512696],[0.90526689]
[2.07270396],[1.19502103],[1.25835031]
[2.62830992],[1.08017552],[1.57095762]
[2.74873561],[1.20027359],[1.87160443]
[2.91705001],[1.09187268],[1.98426126]
[3.0576037],[1.15518946],[2.13084717]
[3.28484445],[1.06716776],[2.21565116]
[3.37916377],[1.11683822],[2.3089139]
[3.57480069],[1.06034679],[2.40115241]
[3.63325153],[1.09813526],[2.45986267]
[3.84723866],[1.13623152],[2.57297373]
[3.92788953],[1.15906952],[2.6119995]
[4.04615196],[1.18487062],[2.71775131]
[4.1181558],[1.18229233],[2.71606129]
[4.2050792],[1.15889169],[2.78843646]
[4.28033803],[1.15066635],[2.76173361]
[4.33658161],[1.13341096],[2.83035293]
[4.40234969],[1.12428428],[2.79599358]
[4.4084219],[1.1107776],[2.86533687]
[4.46491712],[1.10204198],[2.82530999]
[4.44017717],[1.0865907],[2.88908209]
[4.47907536],[1.07463423],[2.84361245]
[4.45661448],[1.06133112],[2.89746862]
[4.49674729],[1.05339016],[2.85288962]
[4.46510234],[1.04240212],[2.92108996]
[4.5130708],[1.03642484],[2.91411729]
[4.48971961],[1.02882498],[2.98459478]
[4.56693563],[1.01849573],[3.04492583]
[4.52683325],[1.01092898],[3.0860625]
[4.5858252],[1.00849054],[3.14644183]
[4.53874771],[1.01432958],[3.16254825]
[4.59061991],[1.02353025],[3.19213859]
[4.5549948],[1.0314299],[3.20648564]
[4.55064401],[1.03912806],[3.22425432]
[4.54644503],[1.04572252],[3.24862694]
[4.54121345],[1.05374856],[3.26048953]
[4.53778519],[1.06330361],[3.24356575]
[4.52350106],[1.07339721],[3.21823704]
[4.50969474],[1.08280418],[3.19750693]
[4.50196634],[1.08813587],[3.16518035]
[4.48514314],[1.10549574],[3.14917158]
[4.47706114],[1.12325658],[3.13984494]
[4.47177005],[1.13054447],[3.1127271]
[4.46777394],[1.11981065],[3.07174748]
[4.44222624],[1.11102213],[3.0245974]
[4.41444978],[1.11756057],[2.99338211]
[4.3772469],[1.11874481],[2.96783103]
[4.32876573],[1.11838573],[2.94902926]
[4.3084901],[1.11512699],[2.9427134]
[4.28482626],[1.10762598],[2.92917879]
[3.51381181],[1.10256993],[2.52184038]
[0.],[0.],[0.]
[0.10548335],[0.0727575],[0.00342723]
[0.],[0.],[0.]
[1.36336481],[1.1111022],[0.75221207]
[1.86273761],[1.00451469],[0.93503187]
[2.44599046],[1.144883],[1.43559579]
[2.80875015],[1.0363627],[1.76628172]
[2.89911512],[1.15302056],[2.05037526]
[3.03089724],[1.08032539],[2.18902637]
[3.28278291],[1.16036062],[2.37721276]
[3.49823687],[1.12657749],[2.48791733]
[3.61470261],[1.18157648],[2.62756375]
[3.78436092],[1.22636273],[2.72468091]
[3.86989478],[1.2454201],[2.79344028]
[4.02973776],[1.26427726],[2.8871508]
[4.11453823],[1.26516264],[2.91653839]
[4.21283938],[1.25322613],[2.968953]
[4.30440035],[1.23507725],[2.97971313]
[4.35566424],[1.21077295],[3.02711018]
[4.46475903],[1.20103534],[3.04988257]
[4.48357072],[1.18387735],[3.08055466]
[4.57593388],[1.16824842],[3.10958458]
[4.55725093],[1.14943627],[3.11577884]
[4.63367093],[1.1365472],[3.14444621]
[4.58148601],[1.11927289],[3.14096445]
[4.64285043],[1.10532258],[3.16428478]
[4.59654018],[1.09105081],[3.16173214]
[4.6609013],[1.08253854],[3.19615426]
[4.60291892],[1.06632312],[3.23136848]
[4.67175841],[1.05983751],[3.27692001]
[4.62997851],[1.05566644],[3.33509747]
[4.70634889],[1.06347673],[3.4137141]
[4.67656778],[1.09244851],[3.47094096]
[4.7273932],[1.08765997],[3.51375199]
[4.70016834],[1.08938254],[3.5384294]
[4.73709891],[1.09671664],[3.56828198]
[4.71943261],[1.10784964],[3.58105621]
[4.71170441],[1.12143899],[3.60138413]
[4.70684787],[1.135561],[3.62487313]
[4.70285868],[1.13717486],[3.63326024]
[4.70085161],[1.13448276],[3.62561715]
[4.68942626],[1.13180206],[3.61106451]
[4.67412335],[1.12729529],[3.59884659]
[4.66713791],[1.12276594],[3.58723096]
[4.65668417],[1.13925155],[3.57558617]
[4.64806835],[1.15634776],[3.56990799]
[4.64358943],[1.16704892],[3.53259363]
[4.64335232],[1.17181667],[3.48577751]
[4.62689125],[1.17588557],[3.42262596]
[4.61123899],[1.16867577],[3.35431554]
[4.58383048],[1.15763948],[3.2817385]
[4.55128187],[1.14908902],[3.22350483]
[4.52732145],[1.14903102],[3.20717212]
[4.45313348],[1.14059101],[3.18315626]
[3.67428343],[1.13665487],[2.68623979]
[0.],[0.],[0.]
[0.],[0.],[0.]
[0.18157254],[0.04969169],[0.003674]
[1.51783981],[0.84391449],[0.62464863]
[2.33079953],[0.86400385],[1.02898426]
[2.71260171],[0.95390627],[1.42435375]
[2.9487802],[0.93724995],[1.76283094]
[3.03696842],[1.03755443],[1.99308539]
[3.23695187],[0.9985439],[2.15555743]
[3.4743679],[1.05015248],[2.30764062]
[3.70744229],[1.01574173],[2.44083502]
[3.80383933],[1.05100847],[2.56192361]
[3.97275115],[1.05984497],[2.65371837]
[4.07137322],[1.06675479],[2.69926137]
[4.1824084],[1.06697051],[2.79502731]
[4.30081111],[1.06197936],[2.81790256]
[4.36899282],[1.05466028],[2.89773401]
[4.47716034],[1.04273988],[2.92862767]
[4.50597837],[1.0262176],[2.98646906]
[4.62168686],[1.02493568],[3.04070371]
[4.62672032],[1.0203217],[3.08163416]
[4.71858045],[1.01669651],[3.1451758]
[4.70553746],[1.01957791],[3.19127366]
[4.77400384],[1.00895372],[3.22479382]
[4.7341054],[1.0237014],[3.25390634]
[4.78257915],[1.00972893],[3.25187363]
[4.74619642],[1.02823276],[3.28939937]
[4.79540953],[1.03074034],[3.31607954]
[4.75033467],[1.05206027],[3.40545903]
[4.80161578],[1.07453089],[3.43907953]
[4.77362386],[1.1009692],[3.52969249]
[4.83009002],[1.11809825],[3.58020343]
[4.8125216],[1.14077508],[3.63008318]
[4.84380214],[1.14477429],[3.67249156]
[4.83045541],[1.14677472],[3.6931996]
[4.85028335],[1.15282053],[3.72515516]
[4.84274455],[1.16096423],[3.73223752]
[4.82737495],[1.1685483],[3.74378004]
[4.8224267],[1.17257476],[3.75702323]
[4.81608029],[1.17132099],[3.75735221]
[4.81230027],[1.16814436],[3.75224291]
[4.80480337],[1.1632668],[3.73775622]
[4.79170074],[1.15746732],[3.72578544]
[4.78308776],[1.1525024],[3.71627944]
[4.77225925],[1.14818823],[3.70081778]
[4.75755472],[1.13787306],[3.68620334]
[4.7460919],[1.12536144],[3.65600411]
[4.74126322],[1.11126497],[3.62035354]
[4.72527483],[1.09750859],[3.56698771]
[4.70533593],[1.0975135],[3.51146025]
[4.68101906],[1.09566768],[3.43103659]
[4.64560866],[1.09836677],[3.35347498]
[4.61472789],[1.10229844],[3.29322421]
[4.51566959],[1.09752688],[3.2411063]
[3.73635755],[1.09568757],[2.7047707]
[0.],[0.],[0.]
[0.],[0.],[0.]
[0.849143],[0.29546149],[0.12193993]
[2.11937975],[0.92182356],[0.93748086]
[2.75678958],[0.92921668],[1.47022991]
[2.95765694],[1.01797137],[1.86573837]
[3.05192524],[0.99563292],[2.12345234]
[3.2401871],[1.08778008],[2.30904484]
[3.46021509],[1.04331922],[2.46653702]
[3.69811577],[1.08820347],[2.65340615]
[3.91292097],[1.11140152],[2.74739355]
[4.02362343],[1.11463665],[2.83698857]
[4.15951772],[1.10634107],[2.92764276]
[4.27765689],[1.10445687],[2.96945446]
[4.35665275],[1.09936139],[3.04694215]
[4.50888119],[1.09655391],[3.10698114]
[4.54096068],[1.08862201],[3.14833305]
[4.66194254],[1.07537226],[3.2196742]
[4.65800457],[1.05893146],[3.24493734]
[4.77147446],[1.05704193],[3.32913679]
[4.77495963],[1.05309391],[3.39421351]
[4.84604231],[1.05782526],[3.45749322]
[4.82782041],[1.06019209],[3.50109721]
[4.88226714],[1.06332933],[3.52638135]
[4.84773083],[1.07181153],[3.56462951]
[4.88603692],[1.08355816],[3.57048023]
[4.85453387],[1.1024105],[3.62409239]
[4.89563161],[1.12470827],[3.65706412]
[4.85656387],[1.14866664],[3.74389368]
[4.89746058],[1.16782754],[3.76235899]
[4.87134903],[1.18954257],[3.85348248]
[4.91863276],[1.20448392],[3.88352732]
[4.91205592],[1.2234655],[3.94084306]
[4.92681],[1.22769094],[3.98584327]
[4.92275556],[1.22837552],[3.9963342]
[4.92848507],[1.23281651],[4.02323556]
[4.92750681],[1.23703483],[4.02310171]
[4.90721978],[1.24132883],[4.02939672]
[4.89986058],[1.24101919],[4.03503316]
[4.89155817],[1.23805919],[4.02775073]
[4.88580537],[1.2342058],[4.02103462]
[4.87704138],[1.2301416],[4.00593904]
[4.86384311],[1.22458727],[3.99225021]
[4.85694304],[1.21972706],[3.98143083]
[4.84785899],[1.21440733],[3.96194867]
[4.83602109],[1.20331865],[3.94587327]
[4.82866759],[1.19380148],[3.92780595]
[4.82377113],[1.17910157],[3.89321826]
[4.80754628],[1.16666264],[3.84276993]
[4.78563341],[1.14968143],[3.79135118]
[4.76908474],[1.13148185],[3.73349205]
[4.73857876],[1.11573063],[3.66862622]
[4.70847974],[1.11856897],[3.61632588]
[4.58401643],[1.11736233],[3.53140061]
[3.80499495],[1.11501325],[2.90142148]
[0.],[0.],[0.]
[0.],[0.],[0.]
[1.12144182],[0.37596426],[0.20618172]
[2.47963484],[0.96936478],[1.27656812]
[2.91879722],[0.98156246],[1.78737562]
[3.02832752],[1.05735358],[2.11209033]
[3.14374026],[1.03347165],[2.31910013]
[3.45183713],[1.11220531],[2.5264257]
[3.64614909],[1.1000715],[2.66406669]
[3.83284391],[1.1433343],[2.84519269]
[4.06813976],[1.16162718],[2.95726803]
[4.21260161],[1.14920819],[3.02802279]
[4.31403944],[1.13551302],[3.11661223]
[4.44814662],[1.13220282],[3.17184017]
[4.50635996],[1.123764],[3.2247812]
[4.62993383],[1.1206412],[3.30230804]
[4.62370064],[1.11064957],[3.32964994]
[4.73191509],[1.08937082],[3.42086161]
[4.724233],[1.07493438],[3.48598322]
[4.82886489],[1.07703187],[3.56351477]
[4.83618135],[1.09795712],[3.65593717]
[4.89929492],[1.11638947],[3.72328992]
[4.88519861],[1.13056963],[3.78572701]
[4.93298796],[1.14358654],[3.81032242]
[4.90064698],[1.15624986],[3.8568923]
[4.93377734],[1.16756084],[3.86079959]
[4.90501909],[1.18503697],[3.92601028]
[4.94263314],[1.20481877],[3.93547915]
[4.90560164],[1.22557614],[4.03085447]
[4.94202255],[1.24210709],[4.03110779]
[4.92066491],[1.26060272],[4.12186484]
[4.96203922],[1.27222752],[4.1459995]
[4.96033599],[1.28597197],[4.19928725]
[4.97027982],[1.29015175],[4.23848573]
[4.97359954],[1.29158464],[4.24898656]
[4.97459974],[1.29427753],[4.27016162]
[4.97830648],[1.29573813],[4.26329901]
[4.96094209],[1.29720679],[4.26010147]
[4.95510338],[1.29350239],[4.25170745]
[4.94283071],[1.28986025],[4.23796683]
[4.93307745],[1.28498468],[4.22689392]
[4.9230509],[1.28041629],[4.21004485]
[4.90880029],[1.27547774],[4.19930302]
[4.90276794],[1.27102701],[4.19257612]
[4.89312435],[1.26421603],[4.17004965]
[4.88124132],[1.25428944],[4.15322036]
[4.87405494],[1.24408299],[4.12998603]
[4.87014627],[1.23219738],[4.10137637]
[4.85846911],[1.22142857],[4.05655744]
[4.8408114],[1.20623734],[4.01012894]
[4.82657732],[1.18806477],[3.95532351]
[4.79613594],[1.16781286],[3.88512169]
[4.76095258],[1.15114423],[3.82917206]
[4.62602149],[1.14353506],[3.75294141]
[3.84649243],[1.14011593],[3.10222318]
[0.],[0.],[0.]
[0.],[0.],[0.]
[1.40940763],[0.38772492],[0.29641417]
[2.63981203],[0.8523005],[1.21893029]
[2.9817642],[0.90252083],[1.66832888]
[3.10812799],[0.93458934],[1.91988306]
[3.31627346],[0.96714221],[2.20719181]
[3.57710664],[1.01713698],[2.39146964]
[3.79869386],[1.01700567],[2.55640694]
[3.97762367],[1.02532667],[2.67920407]
[4.18928783],[1.03077307],[2.83182553]
[4.3423949],[1.02802256],[2.89979199]
[4.41295374],[1.03051332],[3.00469134]
[4.55788442],[1.02100665],[3.06544075]
[4.56612648],[1.03371637],[3.12357994]
[4.68295855],[1.01470911],[3.21841832]
[4.67370201],[1.03184037],[3.300867]
[4.78297166],[1.02973138],[3.39047813]
[4.77944605],[1.04978669],[3.49199989]
[4.88232753],[1.07329575],[3.57949199]
[4.89592373],[1.09811062],[3.68512968]
[4.95580148],[1.11519209],[3.7424962]
[4.94632831],[1.13593237],[3.81420588]
[4.98876638],[1.15004562],[3.83217179]
[4.95889074],[1.1631773],[3.89180009]
[4.98850885],[1.17473304],[3.89472307]
[4.95879628],[1.19449074],[3.97945026]
[4.99437112],[1.21265653],[3.98675439]
[4.96108015],[1.23201917],[4.07994632]
[4.99715261],[1.24748197],[4.08483517]
[4.98333221],[1.26459554],[4.17177907]
[5.01957126],[1.27724836],[4.19653394]
[5.0132846],[1.28994712],[4.24562298]
[5.03305655],[1.29642962],[4.29178882]
[5.02627691],[1.29898527],[4.29908183]
[5.04476833],[1.30072475],[4.32393898]
[5.03970039],[1.30270021],[4.31615997]
[5.03596367],[1.30271997],[4.31064798]
[5.03221943],[1.29803266],[4.29835504]
[5.01770661],[1.2926952],[4.27722926]
[5.00492363],[1.28593593],[4.25541677]
[4.99018841],[1.28020174],[4.22786895]
[4.97337321],[1.27525595],[4.2151282]
[4.9639653],[1.27084489],[4.2048771]
[4.95202854],[1.26353067],[4.18467088]
[4.9375845],[1.25385719],[4.16248926]
[4.92629685],[1.23952966],[4.13254354]
[4.91838382],[1.22375273],[4.09990676]
[4.90768144],[1.20845632],[4.0533731]
[4.89009423],[1.1916241],[4.0059959]
[4.87800578],[1.17362],[3.95043822]
[4.85306563],[1.15494976],[3.88958471]
[4.81508937],[1.13932888],[3.83119018]
[4.66709379],[1.1233032],[3.75088098]
[3.887083],[1.10743186],[3.12063159]
[0.],[0.],[0.]
[0.],[0.],[0.]
[1.56152072],[0.43122912],[0.42817099]
[2.78760745],[0.87809083],[1.3964298]
[3.04198688],[0.92844469],[1.82640551]
[3.22744969],[0.95906974],[2.08032447]
[3.44609901],[0.99426583],[2.35904193]
[3.67286516],[1.0389082],[2.54021825]
[3.92385826],[1.04100632],[2.7269953]
[4.10941069],[1.04505586],[2.84237134]
[4.29419289],[1.0526515],[2.99647894]
[4.46386446],[1.04547255],[3.07454067]
[4.51563958],[1.05035489],[3.1627131]
[4.63197104],[1.03851428],[3.235086]
[4.62417682],[1.05225976],[3.32337261]
[4.74090157],[1.03787289],[3.42992205]
[4.73868919],[1.05518633],[3.51749954]
[4.84670596],[1.06510571],[3.60117339]
[4.8544202],[1.09226026],[3.69785108]
[4.94892009],[1.11545284],[3.77971695]
[4.96797022],[1.13933366],[3.87121693]
[5.01908492],[1.15566884],[3.93324602]
[5.01648457],[1.1785258],[4.01691073]
[5.05818699],[1.19129067],[4.03158061]
[5.04188786],[1.204594],[4.10019524]
[5.06760131],[1.21655482],[4.10125964]
[5.04969949],[1.23673548],[4.18837828]
[5.07837894],[1.25329111],[4.19382756]
[5.05710115],[1.27139462],[4.28226484]
[5.08676569],[1.28568624],[4.28684141]
[5.0765825],[1.30039261],[4.35979092]
[5.11011674],[1.31225964],[4.38792567]
[5.10919097],[1.32464118],[4.43592292]
[5.12389877],[1.32976282],[4.48444898]
[5.1259519],[1.33304065],[4.48858644]
[5.13586851],[1.33412337],[4.51558674]
[5.14017644],[1.33465681],[4.5054188]
[5.13428099],[1.33300717],[4.49834471]
[5.13155041],[1.32850524],[4.48550195]
[5.11572987],[1.32357716],[4.46527112]
[5.10109648],[1.31727751],[4.44563929]
[5.08559017],[1.31133229],[4.42148844]
[5.06794672],[1.30548434],[4.40668705]
[5.05726131],[1.30125473],[4.39329491]
[5.04544823],[1.29479781],[4.3722413]
[5.02909706],[1.28674539],[4.34498588]
[5.01626876],[1.27204978],[4.3098688]
[5.00585267],[1.25542863],[4.27391708]
[4.98980378],[1.24024836],[4.22474818]
[4.97025407],[1.22461323],[4.17429243]
[4.95689117],[1.2064595],[4.11480855]
[4.93221878],[1.18865924],[4.04927104]
[4.89002747],[1.17359962],[3.98453962]
[4.73182395],[1.15899501],[3.90269067]
[3.95135084],[1.14354431],[3.25025003]
[0.],[0.],[0.]
[0.],[0.],[0.]
[1.70135072],[0.41529495],[0.46344657]
[2.8761801],[0.89007003],[1.50256109]
[3.08893933],[0.93560515],[1.94286432]
[3.32987765],[0.97012376],[2.21058702]
[3.56439587],[1.00904168],[2.49727196]
[3.77507072],[1.04964932],[2.66026334]
[4.03125279],[1.05809498],[2.85704375]
[4.21593696],[1.06228414],[2.9656554]
[4.37971636],[1.06095882],[3.10751127]
[4.55700966],[1.05196587],[3.20208676]
[4.56588759],[1.0589923],[3.29292917]
[4.68645118],[1.05047651],[3.41222995]
[4.68056597],[1.06660658],[3.51666629]
[4.793272],[1.05949668],[3.61149388]
[4.79902434],[1.09106432],[3.71581368]
[4.90341907],[1.11505792],[3.79901428]
[4.91497189],[1.13864289],[3.88950442]
[5.00435622],[1.15980022],[3.97995188]
[5.02563516],[1.18446678],[4.08737213]
[5.08629031],[1.20303867],[4.13730938]
[5.09749596],[1.2219712],[4.22374501]
[5.14099274],[1.23372865],[4.2349291]
[5.12566785],[1.24669735],[4.30073676]
[5.1485204],[1.2588441],[4.30843823]
[5.13313177],[1.27786998],[4.38775096]
[5.15830302],[1.29416894],[4.39745385]
[5.14224959],[1.31233324],[4.47031395]
[5.16622843],[1.32577958],[4.47925554]
[5.16734804],[1.33897609],[4.54521724]
[5.19007501],[1.35014769],[4.57525038]
[5.19760538],[1.36289697],[4.62368648]
[5.20430664],[1.36684332],[4.67297119]
[5.21534169],[1.37170324],[4.67803252]
[5.21733754],[1.37153509],[4.70343622]
[5.22990983],[1.37177449],[4.69217665]
[5.22133832],[1.36897859],[4.68407996]
[5.21837375],[1.36581542],[4.67281403]
[5.20235368],[1.36116133],[4.65187365]
[5.18502593],[1.35549648],[4.63269886]
[5.16795701],[1.35007724],[4.60989556]
[5.14881813],[1.34532573],[4.60266884]
[5.13661362],[1.34073094],[4.59132439]
[5.12294009],[1.33441165],[4.57261387]
[5.10618325],[1.32582634],[4.5468305]
[5.09117544],[1.31318565],[4.51236989]
[5.07821028],[1.2968577],[4.47205799]
[5.06251197],[1.28174836],[4.42200043]
[5.04188315],[1.26603597],[4.36312557]
[5.02875025],[1.2499462],[4.30391019]
[5.0059898],[1.23454216],[4.24423165]
[4.95731372],[1.22054165],[4.18017174]
[4.77652108],[1.20693469],[4.07487113]
[3.99120795],[1.19255062],[3.39667898]
[0.],[0.],[0.]
[0.],[0.],[0.]
[1.87207762],[0.39771342],[0.52664125]
[2.93821587],[0.89865552],[1.61618619]
[3.13090878],[0.94021755],[2.04872403]
[3.42338217],[0.97789378],[2.32931903]
[3.67067021],[1.04631577],[2.60299138]
[3.88244488],[1.06744658],[2.74989827]
[4.11916008],[1.07454903],[2.9494799]
[4.30816016],[1.07701776],[3.05905713]
[4.46622673],[1.07524424],[3.20065895]
[4.61676781],[1.0717745],[3.33365234]
[4.62343517],[1.07161651],[3.44757801]
[4.74670793],[1.07324248],[3.55471502]
[4.74126393],[1.08115087],[3.66893136]
[4.84932428],[1.0931123],[3.7604439]
[4.86113152],[1.12367432],[3.86021968]
[4.95957482],[1.14672529],[3.94405103]
[4.9736953],[1.16865379],[4.05176104]
[5.06318832],[1.1882934],[4.12763035]
[5.1131439],[1.21495333],[4.24444859]
[5.17275829],[1.23219916],[4.29416612]
[5.19219464],[1.24972383],[4.3799315]
[5.23216359],[1.26170418],[4.39332281]
[5.22290266],[1.27505778],[4.456693]
[5.23771425],[1.28941253],[4.47040487]
[5.23122053],[1.30843026],[4.54948607]
[5.24654788],[1.32363987],[4.55981881]
[5.24210155],[1.3423637],[4.62893069]
[5.25439256],[1.35630377],[4.63733862]
[5.26990809],[1.37026769],[4.70576286]
[5.27991947],[1.38087325],[4.73724236]
[5.29727741],[1.39197695],[4.79692352]
[5.2984498],[1.39822249],[4.85602593]
[5.31630798],[1.40369091],[4.86990723]
[5.32009478],[1.40453798],[4.91800364]
[5.33779794],[1.40435925],[4.90438982]
[5.32704563],[1.40007012],[4.89347521]
[5.3182598],[1.39649728],[4.8617857]
[5.30279673],[1.39119858],[4.8319798]
[5.28118976],[1.38555534],[4.80178631]
[5.2609894],[1.38059948],[4.77399863]
[5.2399213],[1.37651761],[4.7669824]
[5.22571537],[1.37183697],[4.75658008]
[5.21043142],[1.36463439],[4.73618518]
[5.19108103],[1.35688692],[4.71089788]
[5.17529352],[1.34462773],[4.67685811]
[5.1596641],[1.32882965],[4.63903155]
[5.14273528],[1.31398415],[4.58901669]
[5.12054718],[1.29857584],[4.53028813]
[5.1046477],[1.28142454],[4.46136437]
[5.08446078],[1.26471211],[4.38851119]
[5.03790934],[1.25100533],[4.32441331]
[4.83591362],[1.2378153],[4.21441458]
[4.03650665],[1.22408198],[3.51437227]
[0.],[0.],[0.]
[0.],[0.],[0.]
[2.03753045],[0.33509049],[0.51605722]
[2.98518621],[0.82011271],[1.5317023]
[3.17292968],[0.88234521],[1.96742676]
[3.50058353],[0.90560728],[2.23067843]
[3.77928569],[0.97057065],[2.50754788]
[3.97559463],[0.995835],[2.64840341]
[4.18994514],[1.00885127],[2.85169079]
[4.39140686],[1.00728891],[2.99069827]
[4.53163621],[1.02046005],[3.1387915]
[4.68523698],[1.01303439],[3.31363106]
[4.68578694],[1.02564656],[3.43784293]
[4.80428068],[1.03784536],[3.53623402]
[4.80377744],[1.06854298],[3.65794931]
[4.90690679],[1.09375313],[3.75420814]
[4.918748],[1.12328682],[3.86357466]
[5.01560819],[1.14532845],[3.95774798]
[5.0434978],[1.16720492],[4.07642756]
[5.14865413],[1.19053993],[4.15788956]
[5.21721351],[1.21688424],[4.28219137]
[5.26582628],[1.23371198],[4.33061565]
[5.29949368],[1.2502078],[4.41966571]
[5.32964838],[1.26259446],[4.43147955]
[5.33509992],[1.27643729],[4.50052841]
[5.34007514],[1.2939724],[4.52963364]
[5.34367856],[1.31540306],[4.60535851]
[5.3540006],[1.33546767],[4.65609957]
[5.35641926],[1.35892812],[4.72650729]
[5.36455696],[1.37716205],[4.79442044]
[5.39376276],[1.39694088],[4.87642119]
[5.3939032],[1.41258829],[4.98179344]
[5.41796036],[1.42998673],[5.08496775]
[5.40379542],[1.43845257],[5.15960825]
[5.44465846],[1.44083369],[5.18499324]
[5.4245832],[1.43440653],[5.2090714]
[5.51026306],[1.42748143],[5.18856405]
[5.51300949],[1.41721125],[5.150598]
[5.49738372],[1.40616808],[5.08573244]
[5.43551964],[1.39728627],[4.99812346]
[5.39302189],[1.39086253],[4.93375987]
[5.36979865],[1.38469136],[4.88974857]
[5.34438346],[1.37804393],[4.85212271]
[5.32573567],[1.37129151],[4.82335]
[5.30955134],[1.36443498],[4.79421709]
[5.28793569],[1.35717972],[4.76043003]
[5.26958734],[1.3461023],[4.72520619]
[5.25196013],[1.32972077],[4.68731632]
[5.23313312],[1.31379818],[4.63495457]
[5.20925052],[1.29785538],[4.57347623]
[5.19077357],[1.2815612],[4.50876419]
[5.1711276],[1.26463153],[4.43704224]
[5.12931217],[1.2489641],[4.3549811]
[4.9138049],[1.23527434],[4.2367138]
[4.09491857],[1.2217413],[3.54636117]
[0.],[0.],[0.]
[0.],[0.],[0.]
[2.20607003],[0.37863109],[0.66653207]
[3.03451349],[0.84625738],[1.66661615]
[3.23510198],[0.90918794],[2.09597443]
[3.57793154],[0.93490573],[2.35748782]
[3.86544711],[0.99533359],[2.62411461]
[4.04288901],[1.01558453],[2.76940562]
[4.25757665],[1.02915327],[2.97521933]
[4.46281679],[1.0298068],[3.13740517]
[4.59958605],[1.04130587],[3.31354779]
[4.74767842],[1.03727078],[3.50594785]
[4.75173615],[1.04929838],[3.63501009]
[4.86697078],[1.07869557],[3.72840754]
[4.87540586],[1.108253],[3.8471647]
[4.97121036],[1.13243199],[3.95856988]
[4.99122631],[1.16110159],[4.06617479]
[5.08723302],[1.18393073],[4.15867932]
[5.14074505],[1.20957693],[4.28917884]
[5.24239084],[1.23595822],[4.37655799]
[5.33576612],[1.27575301],[4.51617871]
[5.37890339],[1.29929381],[4.59840092]
[5.43132139],[1.31873845],[4.71537461]
[5.4622373],[1.33638513],[4.79299911]
[5.49201092],[1.35586365],[4.87144325]
[5.49014258],[1.3763328],[4.95287689]
[5.51436426],[1.39932944],[5.05946527]
[5.54878117],[1.41787573],[5.14669355]
[5.59404689],[1.43674288],[5.25927138]
[5.63679983],[1.45210613],[5.34051438]
[5.68882781],[1.46934518],[5.45768725]
[5.7414192],[1.48316033],[5.55512322]
[5.78927492],[1.49906715],[5.6631259]
[5.82723462],[1.50785949],[5.74494927]
[5.86388112],[1.50787178],[5.78276935]
[5.91592133],[1.50058953],[5.80581423]
[5.93506627],[1.48981633],[5.78166733]
[5.99246899],[1.47730412],[5.73417671]
[5.95655039],[1.46502127],[5.64601996]
[5.94053126],[1.45210182],[5.52847866]
[5.86967434],[1.43712069],[5.40137896]
[5.75314985],[1.42345832],[5.29916731]
[5.63065064],[1.41111802],[5.2045289]
[5.52197146],[1.40288184],[5.12623908]
[5.473859],[1.39585006],[5.07767902]
[5.42498454],[1.38886333],[5.01942806]
[5.39949196],[1.379785],[4.9529964]
[5.37545811],[1.36244557],[4.89765944]
[5.35353807],[1.34400156],[4.83463689]
[5.32821214],[1.32852383],[4.77416878]
[5.30627524],[1.31232039],[4.70887978]
[5.28481143],[1.2949515],[4.6339314]
[5.2522522],[1.28009273],[4.55675719]
[5.02722449],[1.26599533],[4.43200325]
[4.19566091],[1.25178916],[3.69964726]
[0.],[0.],[0.]
[0.],[0.],[0.]
[2.26946712],[0.44541563],[0.73290709]
[3.06699788],[0.85611717],[1.75219722]
[3.29334724],[0.91469879],[2.16797799]
[3.63414919],[0.95066957],[2.43639567]
[3.93387761],[1.0094938],[2.71459106]
[4.11859462],[1.03264745],[2.88780089]
[4.32385566],[1.04345703],[3.11366708]
[4.53607235],[1.04801214],[3.30271079]
[4.67235815],[1.05921999],[3.52338611]
[4.81132706],[1.07334537],[3.7160125]
[4.82111182],[1.10245441],[3.84707871]
[4.92708985],[1.12990811],[3.95097844]
[4.94344737],[1.15705284],[4.07637891]
[5.0329691],[1.1793447],[4.17352337]
[5.06899012],[1.20691883],[4.30160085]
[5.18121164],[1.24148857],[4.42109706]
[5.25754053],[1.28862515],[4.60651254]
[5.3701809],[1.3309076],[4.75760053]
[5.48037981],[1.36843212],[4.93157969]
[5.54521909],[1.390324],[5.11528357]
[5.68842878],[1.40602707],[5.30431739]
[5.82288093],[1.42161627],[5.39818259]
[5.86787968],[1.44058945],[5.50971368]
[5.9424696],[1.4600937],[5.59398468]
[5.93663428],[1.4800128],[5.71464683]
[6.02555679],[1.49456089],[5.81346802]
[6.01769506],[1.511319],[5.92261437]
[6.10432701],[1.52400952],[6.02586844]
[6.10574071],[1.53955202],[6.14168358]
[6.20256084],[1.55237837],[6.2781079]
[6.20264226],[1.5710316],[6.41158955]
[6.27835043],[1.57762652],[6.53777867]
[6.26875995],[1.57575199],[6.59491157]
[6.34691312],[1.56894046],[6.6516143]
[6.351667],[1.55775693],[6.63277275]
[6.41179544],[1.54558265],[6.59249443]
[6.39247129],[1.52593472],[6.44888202]
[6.36928145],[1.51006136],[6.30347938]
[6.33680997],[1.49624214],[6.12798537]
[6.23878792],[1.48286421],[5.94891911]
[6.12801338],[1.46942999],[5.80690627]
[6.0227256],[1.45697315],[5.6758232]
[5.9145783],[1.44279835],[5.54966764]
[5.79712076],[1.42987816],[5.43850321]
[5.68697685],[1.41736346],[5.32627929]
[5.58694681],[1.40185198],[5.23255421]
[5.53277367],[1.38568395],[5.15092691]
[5.47609936],[1.36744408],[5.04626624]
[5.42418939],[1.35043897],[4.9295166]
[5.39287873],[1.33413494],[4.85491545]
[5.3657038],[1.31909784],[4.77699442]
[5.13477166],[1.30429699],[4.64215461]
[4.28873868],[1.2891171],[3.88925678]
[0.],[0.],[0.]
[0.],[0.],[0.]
[2.29129996],[0.5103034],[0.80147755]
[3.09413714],[0.86672578],[1.83485666]
[3.35518022],[0.93164512],[2.25627866]
[3.69222468],[0.99139051],[2.54000045]
[4.00219872],[1.04737841],[2.82199885]
[4.19163793],[1.0627302],[3.02689648]
[4.39168769],[1.07433502],[3.26046423]
[4.61008287],[1.07806637],[3.4703625]
[4.74902415],[1.0935389],[3.70678033]
[4.87736666],[1.11402383],[3.89489478]
[4.89094031],[1.14007482],[4.04365018]
[4.99475894],[1.16584016],[4.15765885]
[5.02007144],[1.19921976],[4.29811412]
[5.12619278],[1.23724662],[4.43274163]
[5.18210316],[1.28628019],[4.61667875]
[5.29672917],[1.3305155],[4.77796287]
[5.41659438],[1.37675586],[5.01946268]
[5.5411588],[1.41487786],[5.26192015]
[5.78015547],[1.44816413],[5.52968466]
[5.98251013],[1.46863429],[5.71982366]
[6.08447108],[1.48298397],[5.91323395]
[6.27522471],[1.49827988],[6.07667975]
[6.29963979],[1.51809447],[6.21282162]
[6.4037763],[1.53532392],[6.35843978]
[6.36977131],[1.54997885],[6.45962709]
[6.46194228],[1.56342859],[6.61961619]
[6.45325251],[1.57925342],[6.71740855]
[6.53499481],[1.59433671],[6.89181158]
[6.55883279],[1.60903249],[7.0224322]
[6.61811503],[1.6179121],[7.21242011]
[6.65888071],[1.63428724],[7.37060479]
[6.68729995],[1.64033079],[7.50082446]
[6.73131506],[1.63938117],[7.58163376]
[6.74741555],[1.63398108],[7.63516292]
[6.80726437],[1.62387487],[7.63412822]
[6.8216931],[1.60990692],[7.627325]
[6.84752124],[1.592668],[7.50411751]
[6.79785505],[1.57519285],[7.26805639]
[6.77861976],[1.55709196],[7.06276042]
[6.72259797],[1.54194411],[6.84981822]
[6.60900359],[1.52760802],[6.63191551]
[6.50432815],[1.51497052],[6.44818057]
[6.4005821],[1.50113535],[6.25218114]
[6.29101484],[1.48705615],[6.05559367]
[6.18782142],[1.47145024],[5.89474367]
[6.07637208],[1.45167759],[5.73578905]
[5.96577516],[1.43087296],[5.58019286]
[5.84386337],[1.40662457],[5.42823161]
[5.72312185],[1.38569796],[5.25907248]
[5.62589879],[1.36569961],[5.09389472]
[5.56106832],[1.34839808],[4.97159363]
[5.28293705],[1.33341273],[4.81720588]
[4.40096763],[1.31779524],[4.04501784]
[0.],[0.],[0.]
[0.],[0.],[0.]
[2.30387744],[0.47389895],[0.76593074]
[3.11091676],[0.82240724],[1.75207716]
[3.3826973],[0.88864726],[2.17290681]
[3.72198702],[0.92558391],[2.47080774]
[4.03252905],[0.98505429],[2.75729142]
[4.22710354],[1.01113329],[2.97950886]
[4.42574544],[1.02832742],[3.22760523]
[4.65095684],[1.03948885],[3.47449421]
[4.79336928],[1.10161976],[3.73812435]
[4.92526244],[1.12798881],[3.95960003]
[4.94452516],[1.16634538],[4.14237043]
[5.04728804],[1.20907243],[4.28860283]
[5.09106556],[1.25601587],[4.4819426]
[5.19881543],[1.29806323],[4.6480465]
[5.28624612],[1.34908489],[4.87358126]
[5.45074601],[1.38977337],[5.14105937]
[5.62069412],[1.43286141],[5.45624723]
[5.84774579],[1.46809921],[5.72026774]
[6.06011059],[1.49909693],[5.98346325]
[6.3208272],[1.51722154],[6.22507871]
[6.40254123],[1.53008974],[6.49769044]
[6.57501045],[1.5426291],[6.74155017]
[6.65568745],[1.5619345],[6.90945345]
[6.7359525],[1.5786074],[7.09600179]
[6.75385696],[1.59731561],[7.25636576]
[6.80344759],[1.61316658],[7.43314464]
[6.83823014],[1.62782436],[7.59836341]
[6.87947876],[1.63937009],[7.75512161]
[6.94644384],[1.65134538],[7.94706027]
[6.97533019],[1.66058283],[8.16127049]
[7.04174628],[1.67560351],[8.33813943]
[7.02851926],[1.68169406],[8.4908198]
[7.10735293],[1.68136591],[8.5871471]
[7.10134461],[1.67523494],[8.69814171]
[7.17220034],[1.66640739],[8.69532522]
[7.17932369],[1.65081628],[8.68910643]
[7.20854586],[1.63180504],[8.59817051]
[7.1766879],[1.61403488],[8.39138517]
[7.14837954],[1.59629067],[8.09124012]
[7.12788569],[1.57940279],[7.7931989]
[7.03332757],[1.56233233],[7.50954635]
[6.92737989],[1.54797467],[7.26058506]
[6.82206703],[1.53432521],[7.04337162]
[6.71154361],[1.52082308],[6.80770483]
[6.60852123],[1.50547577],[6.57676775]
[6.50337052],[1.48671158],[6.36930137]
[6.3987063],[1.46504383],[6.13225504]
[6.28849022],[1.44113331],[5.91337194]
[6.17673408],[1.41729787],[5.7103873]
[6.05820282],[1.39444757],[5.49481632]
[5.92553116],[1.37241621],[5.29355507]
[5.61188646],[1.35169527],[5.00404423]
[4.54712526],[1.3326694],[4.16388823]
[0.],[0.],[0.]
[0.],[0.],[0.]
[2.30962727],[0.52532157],[0.86262809]
[3.11361942],[0.86462583],[1.85577466]
[3.38596639],[0.92556772],[2.2698378]
[3.72499223],[0.98152794],[2.56435504]
[4.03587739],[1.03543242],[2.84436366]
[4.24024485],[1.04751905],[3.08254044]
[4.43890077],[1.05979009],[3.34768458]
[4.67466721],[1.06845193],[3.60214912]
[4.82036557],[1.14562932],[3.91432118]
[4.96047182],[1.18217503],[4.16117305]
[4.98653217],[1.22265063],[4.36650488]
[5.08657626],[1.26530659],[4.52730195]
[5.16006903],[1.31864754],[4.74643771]
[5.28316946],[1.36045371],[4.93714671]
[5.42200957],[1.41127749],[5.21053237]
[5.54619603],[1.45129788],[5.55094007]
[5.81659645],[1.49329354],[5.87739831]
[6.0754423],[1.52602451],[6.14561873]
[6.26762248],[1.55184619],[6.44280598]
[6.51676116],[1.56849484],[6.78475228]
[6.63881125],[1.58120544],[7.06248152]
[6.78675926],[1.59376491],[7.36155519]
[6.91426021],[1.61460265],[7.62085876]
[6.9766356],[1.63365609],[7.85034098]
[7.01938197],[1.65227505],[8.03936471]
[7.03741399],[1.6625665],[8.26035696]
[7.09482506],[1.68095594],[8.45622208]
[7.12367669],[1.68883932],[8.66880738]
[7.19705073],[1.71032554],[8.88395087]
[7.2135594],[1.72785583],[9.12872494]
[7.275932],[1.74208847],[9.35677043]
[7.29781365],[1.77392842],[9.56268406]
[7.34566262],[1.79592076],[9.67979038]
[7.37266337],[1.79264102],[9.77885064]
[7.40699757],[1.77311123],[9.79318651]
[7.45106999],[1.75174405],[9.74496404]
[7.44508376],[1.70961665],[9.62926649]
[7.44383844],[1.6647955],[9.41685242]
[7.39980894],[1.64628634],[9.14440354]
[7.38656981],[1.62948052],[8.83600193]
[7.33906938],[1.61253875],[8.49232015]
[7.23439694],[1.59770998],[8.18470784]
[7.13055219],[1.58535821],[7.90474317]
[7.01903241],[1.57207384],[7.62105715]
[6.91708468],[1.55815681],[7.38370467]
[6.81213521],[1.54307464],[7.16116486]
[6.70669444],[1.52549865],[6.9364813]
[6.59696068],[1.50472714],[6.68564501]
[6.49808091],[1.48391969],[6.46208445]
[6.3978522],[1.46019472],[6.21180746]
[6.29329409],[1.43659415],[5.9405705]
[6.00813704],[1.4147968],[5.63047377]
[5.03175361],[1.39335416],[4.65892845]
[0.],[0.],[0.]
[0.],[0.],[0.]
[2.31639195],[0.57546982],[0.88877596]
[3.12414852],[0.88503346],[1.91779865]
[3.40177955],[0.95873539],[2.34274847]
[3.74187216],[1.02322248],[2.64401345]
[4.05290383],[1.07576935],[2.93137781]
[4.26027706],[1.08962456],[3.20399208]
[4.46507547],[1.10875443],[3.51182219]
[4.70991123],[1.12739418],[3.80987649]
[4.85770257],[1.20666223],[4.16346648]
[5.00321696],[1.24739466],[4.41153161]
[5.0314445],[1.29461182],[4.6384439]
[5.1606015],[1.33750692],[4.82956016]
[5.27500392],[1.38840915],[5.07330128]
[5.42646417],[1.42967642],[5.34433617]
[5.55397943],[1.47629185],[5.6884219]
[5.7633155],[1.50939861],[5.99055609]
[6.01157358],[1.54624724],[6.31756003]
[6.30060751],[1.57534253],[6.63329659]
[6.48624923],[1.60011895],[6.99161535]
[6.72826234],[1.61414685],[7.33755947]
[6.88993432],[1.62602054],[7.67210219]
[7.0236125],[1.63895952],[8.0645548]
[7.16629204],[1.66697571],[8.35839209]
[7.2294643],[1.67689603],[8.62354773]
[7.26305119],[1.70473215],[8.84066859]
[7.3100241],[1.70387795],[9.06560167]
[7.3344051],[1.73080622],[9.32462675]
[7.39368607],[1.74739606],[9.52300833]
[7.43438301],[1.76990266],[9.79419913]
[7.48473641],[1.79377108],[10.03509728]
[7.51342626],[1.81843237],[10.24182635]
[7.56145363],[1.85444039],[10.41867192]
[7.61404801],[1.87282039],[10.53538492]
[7.66466133],[1.87352939],[10.60578493]
[7.68177945],[1.85758011],[10.67961198]
[7.73195946],[1.83657863],[10.64726099]
[7.7032777],[1.80392839],[10.62340042]
[7.7118217],[1.76510957],[10.43324835]
[7.65806227],[1.72297385],[10.17208197]
[7.64341179],[1.67385657],[9.81965809]
[7.60298141],[1.6578048],[9.47691842]
[7.51232305],[1.64457709],[9.19395539]
[7.42851407],[1.63058936],[8.93144314]
[7.33869567],[1.61831529],[8.66301698]
[7.25326445],[1.60861614],[8.40346849]
[7.16718602],[1.59450979],[8.13332393]
[7.0797971],[1.57708727],[7.85189195]
[6.98336993],[1.5591806],[7.6034384]
[6.88547797],[1.54071681],[7.35359518]
[6.78127004],[1.51887048],[7.08200587]
[6.67882451],[1.49526432],[6.79468609]
[6.37963672],[1.47194582],[6.35925166]
[5.4763646],[1.44862776],[5.24845648]
[0.],[0.],[0.]
[0.],[0.],[0.]
[2.32304454],[0.63802232],[0.94201221]
[3.13476219],[0.89965661],[1.97574501]
[3.41633041],[1.00226484],[2.40674441]
[3.75771534],[1.06661298],[2.71391464]
[4.07041185],[1.12010835],[3.02461774]
[4.28027917],[1.14226819],[3.33544479]
[4.48937183],[1.16671352],[3.69919525]
[4.73683769],[1.184138],[4.02179062]
[4.89034165],[1.26289333],[4.39541694]
[5.05001936],[1.31038452],[4.65801568]
[5.11954957],[1.35705813],[4.91712936]
[5.26352942],[1.39735957],[5.1321223]
[5.39382057],[1.44602674],[5.39870807]
[5.53472753],[1.48540551],[5.76150359]
[5.714345],[1.52972815],[6.09264656]
[5.98620916],[1.56299538],[6.39977278]
[6.22700043],[1.59809106],[6.76146441]
[6.50531343],[1.62513364],[7.17024391]
[6.71223581],[1.64915893],[7.52561212]
[6.95194071],[1.6645148],[7.90116462]
[7.13821225],[1.67811793],[8.34298739]
[7.25442051],[1.68930205],[8.72885227]
[7.38456819],[1.72296316],[9.14457851]
[7.49718674],[1.73199849],[9.42668353]
[7.49897645],[1.75707742],[9.71917766]
[7.57870923],[1.77460084],[9.91980135]
[7.57162889],[1.79908884],[10.22318701]
[7.66687951],[1.83312259],[10.43131149]
[7.70896852],[1.8579464],[10.73290337]
[7.77602125],[1.90174245],[11.00730556]
[7.78315714],[1.92718823],[11.27656878]
[7.83165948],[1.95959419],[11.49349455]
[7.82514398],[1.97747544],[11.68090589]
[7.90409047],[1.98585009],[11.80320344]
[7.89413096],[1.97471476],[11.88995526]
[7.98110357],[1.95385337],[11.90851499]
[7.95966272],[1.91791157],[11.85399353]
[7.98154122],[1.88615683],[11.70917606]
[7.94778724],[1.85451262],[11.47498907]
[7.9399061],[1.81642754],[11.19501218]
[7.94767862],[1.76769986],[10.849563]
[7.90377884],[1.71948711],[10.48049358]
[7.82263926],[1.6936367],[10.09219649]
[7.73285491],[1.68034209],[9.72592874]
[7.64303432],[1.65948367],[9.43482968]
[7.55663938],[1.64490344],[9.16814283]
[7.46766691],[1.63090057],[8.90236227]
[7.36702991],[1.61415786],[8.5989499]
[7.27234161],[1.5946127],[8.27671053]
[7.17698978],[1.57384611],[7.94653152]
[7.07219002],[1.55154253],[7.64967631]
[6.75113962],[1.52939313],[7.17842158]
[5.88771545],[1.50491507],[5.97501691]
[0.],[0.],[0.]
[0.],[0.],[0.]
[2.33102827],[0.56138825],[0.85376957]
[3.1476509],[0.85384291],[1.85579105]
[3.43334217],[0.9167207],[2.29953052]
[3.77821321],[0.99418502],[2.62811182]
[4.09284341],[1.06471255],[2.97135404]
[4.30346556],[1.09247921],[3.32830433]
[4.51440282],[1.12510328],[3.72426873]
[4.76798811],[1.20026539],[4.08447562]
[4.94585992],[1.28969552],[4.48012971]
[5.11915441],[1.33566283],[4.74795026]
[5.21165875],[1.38352798],[5.0341338]
[5.3710481],[1.42323942],[5.32506424]
[5.52554563],[1.47206992],[5.68545553]
[5.61679306],[1.50913906],[6.00100334]
[5.87276746],[1.55047003],[6.34011307]
[6.1623025],[1.58258136],[6.67917137]
[6.38388499],[1.61681759],[7.10954941]
[6.66592996],[1.64302738],[7.5126802]
[6.89670755],[1.67007411],[7.92222501]
[7.13414763],[1.68255506],[8.37311983]
[7.33118869],[1.70429028],[8.8950723]
[7.48647538],[1.7123198],[9.27774925]
[7.59839737],[1.74590497],[9.82230762]
[7.77273019],[1.7750686],[10.15026977]
[7.76996332],[1.81546663],[10.52197923]
[7.86276786],[1.8589293],[10.79771337]
[7.84428908],[1.88852719],[11.16820562]
[7.93903715],[1.93104241],[11.50331563]
[7.94842333],[1.96023679],[11.85086386]
[8.04420668],[1.99091617],[12.15191226]
[8.07255975],[2.01358124],[12.39124267]
[8.14271096],[2.03940084],[12.62128928]
[8.1916024],[2.05464447],[12.76860159]
[8.25397853],[2.06175083],[12.89704926]
[8.30093541],[2.05174518],[12.93661568]
[8.38314096],[2.03160861],[13.01142033]
[8.39787616],[2.00292676],[12.97939769]
[8.38184123],[1.97203308],[12.96126462]
[8.37308687],[1.94053739],[12.6960192]
[8.33085367],[1.90696676],[12.40179839]
[8.3175395],[1.86836679],[12.00124571]
[8.28706591],[1.82948453],[11.65185318]
[8.21619383],[1.78518086],[11.28548352]
[8.12643543],[1.73586175],[10.90652937]
[8.03716635],[1.69114386],[10.52411235]
[7.94710092],[1.66813271],[10.14436593]
[7.86039428],[1.64703182],[9.76777889]
[7.76770799],[1.6314869],[9.4464409]
[7.66783203],[1.61514635],[9.15325814]
[7.56658935],[1.5951914],[8.82932657]
[7.46299647],[1.57265943],[8.46664931]
[7.12137842],[1.55150678],[7.98345459]
[6.26831126],[1.52886012],[6.69945328]
[0.],[0.],[0.]
[0.],[0.],[0.]
[2.32958246],[0.59859267],[0.91435485]
[3.14345956],[0.8896347],[1.94848667]
[3.43461464],[0.98503465],[2.39836791]
[3.78394009],[1.05834937],[2.73951229]
[4.09844897],[1.1228509],[3.11776283]
[4.32136558],[1.15154468],[3.49675924]
[4.53732403],[1.17209356],[3.88719895]
[4.80996707],[1.23848585],[4.26315242]
[4.99166847],[1.32872845],[4.66769868]
[5.17540448],[1.38052253],[4.96804976]
[5.27697775],[1.43299327],[5.30445138]
[5.44727114],[1.47259237],[5.6828485]
[5.59152149],[1.51937385],[6.04355866]
[5.73782166],[1.55513972],[6.34045272]
[5.9968011],[1.59489784],[6.70003885]
[6.31453222],[1.62694748],[7.13101693]
[6.51216796],[1.67207216],[7.62114782]
[6.78949813],[1.69580714],[8.01920039]
[7.05299737],[1.73195103],[8.53693928]
[7.27975736],[1.7404138],[9.05629682]
[7.47234206],[1.76654946],[9.64512445]
[7.66051408],[1.80338849],[10.21707407]
[7.78244379],[1.83563002],[10.80225558]
[7.94644123],[1.88684222],[11.3359799]
[7.94751507],[1.92622474],[11.74965634]
[8.08561371],[1.96714871],[12.0966223]
[8.09936702],[2.00379861],[12.4376483]
[8.20956567],[2.03483254],[12.74245587]
[8.28246543],[2.06927357],[13.05032693]
[8.3720414],[2.09266892],[13.34293606]
[8.46489291],[2.11274477],[13.59059405]
[8.51216315],[2.12951362],[13.89276016]
[8.59024752],[2.14220451],[14.08279318]
[8.60617645],[2.13934833],[14.27406563]
[8.6932225],[2.12936426],[14.35301779]
[8.70766692],[2.11127572],[14.41729486]
[8.76840933],[2.08671678],[14.42145066]
[8.73528301],[2.06149432],[14.3544919]
[8.75139718],[2.03425366],[14.18293317]
[8.71856589],[2.00338253],[13.88344063]
[8.70303615],[1.96665483],[13.55090206]
[8.69509616],[1.93062366],[13.17664774]
[8.65459983],[1.89560121],[12.76032716]
[8.55509837],[1.85600776],[12.25156571]
[8.47567885],[1.81140205],[11.83448755]
[8.38495007],[1.7662803],[11.44893612]
[8.28559219],[1.71667541],[11.06547167]
[8.18147172],[1.68882705],[10.68664544]
[8.07744888],[1.66525414],[10.3012448]
[7.97655568],[1.64340783],[9.87142291]
[7.87032691],[1.62304901],[9.44069855]
[7.50357179],[1.60025243],[8.93632892]
[6.65401977],[1.57678916],[7.64147958]
[0.],[0.],[0.]
[0.],[0.],[0.]
[2.34030548],[0.65667845],[0.97273759]
[3.1629227],[0.91197537],[2.02540426]
[3.4567681],[1.04532474],[2.50274849]
[3.82175163],[1.10946434],[2.86286914]
[4.13317757],[1.17150666],[3.29064411]
[4.37701435],[1.19890309],[3.68902584]
[4.60927966],[1.22474351],[4.11976325]
[4.88074447],[1.29357294],[4.51257016]
[5.07229522],[1.38130955],[4.9240884]
[5.26089308],[1.4359283],[5.25471431]
[5.37673894],[1.49029563],[5.6753508]
[5.54613507],[1.52936051],[6.07265289]
[5.68560728],[1.57530314],[6.44616357]
[5.91605986],[1.61109308],[6.77721043]
[6.154039],[1.66346539],[7.21930967]
[6.46888225],[1.70442644],[7.7544821]
[6.69589238],[1.75462939],[8.28083613]
[6.9901746],[1.77862957],[8.75883797]
[7.23947718],[1.8048666],[9.42407229]
[7.501759],[1.84670114],[10.02558223]
[7.71360676],[1.87782334],[10.76132062]
[7.93243393],[1.92524625],[11.36795886]
[8.02034063],[1.95635728],[12.06246352]
[8.2254488],[2.01326115],[12.60882419]
[8.27526653],[2.05338595],[12.97731915]
[8.37385315],[2.08520354],[13.33457221]
[8.43174404],[2.12266878],[13.65086035]
[8.534461],[2.14613962],[14.11355224]
[8.63162478],[2.17087357],[14.44145932]
[8.64702016],[2.19120178],[14.77879898]
[8.75389817],[2.20932186],[15.06003263]
[8.78014449],[2.22436024],[15.30057524]
[8.87397306],[2.23393477],[15.49037833]
[8.93175586],[2.22640047],[15.62885349]
[9.00177808],[2.20554622],[15.74247502]
[9.0672569],[2.1885542],[15.80440285]
[9.11095196],[2.16520917],[15.90561479]
[9.1189334],[2.14234917],[15.87231627]
[9.11634921],[2.1166815],[15.75147779]
[9.12658164],[2.08779854],[15.4286258]
[9.09905959],[2.05461224],[15.05666291]
[9.09275382],[2.02362538],[14.67871481]
[9.0799056],[1.99106538],[14.2721094]
[8.99811146],[1.95470884],[13.84075798]
[8.87217097],[1.91677254],[13.39479558]
[8.77585835],[1.87910325],[12.94531354]
[8.68433887],[1.83600542],[12.45151492]
[8.57462709],[1.78333366],[11.9297414]
[8.46950455],[1.73215474],[11.53790952]
[8.36689319],[1.70809613],[11.12046563]
[8.26038045],[1.68886599],[10.68097573]
[7.87092582],[1.66337799],[10.08551768]
[7.02237314],[1.64130891],[8.62970868]
[0.],[0.],[0.]
[0.],[0.],[0.]
[2.3579392],[0.72344696],[1.04656636]
[3.18279838],[0.94123828],[2.11788204]
[3.49632318],[1.10612557],[2.60786728]
[3.88750773],[1.17505334],[3.01953294]
[4.19514667],[1.23341718],[3.47384816]
[4.4498861],[1.25815006],[3.88371043]
[4.69857637],[1.2825499],[4.35885718]
[4.96118329],[1.34963189],[4.77511169]
[5.16408484],[1.43844203],[5.22087765]
[5.3724391],[1.4988605],[5.63870265]
[5.52719779],[1.55366022],[6.14031468]
[5.65244732],[1.59077069],[6.52191102]
[5.89220705],[1.64325333],[6.93350625]
[6.16125001],[1.69746226],[7.3565828]
[6.40202444],[1.75469683],[7.94827812]
[6.70594016],[1.80340778],[8.45718191]
[6.95789032],[1.83894066],[9.02328983]
[7.20541384],[1.85733908],[9.68080984]
[7.47548524],[1.91755702],[10.39364779]
[7.77906037],[1.97892127],[11.17495249]
[7.96418322],[2.01917166],[11.92058176]
[8.19733244],[2.05762225],[12.60196803]
[8.33498544],[2.09924252],[13.26143857]
[8.53375613],[2.14222249],[13.82277361]
[8.62430297],[2.17453832],[14.33480431]
[8.67073854],[2.19839574],[14.75878803]
[8.75520287],[2.22740582],[15.13880162]
[8.80959064],[2.24676568],[15.49830985]
[8.92494758],[2.26952757],[15.91843922]
[8.97248984],[2.2864302],[16.19576958]
[9.05213748],[2.3025622],[16.51584145]
[9.1147605],[2.3143755],[16.77238801]
[9.19860399],[2.32183302],[17.09454996]
[9.29234424],[2.31546789],[17.29487255]
[9.33560551],[2.29850281],[17.46795369]
[9.40323446],[2.27523789],[17.54949605]
[9.39676431],[2.24943609],[17.59654049]
[9.44928507],[2.22370143],[17.54756948]
[9.41163969],[2.20073847],[17.41731632]
[9.45740282],[2.17740795],[17.18666235]
[9.42440165],[2.14865713],[16.79989844]
[9.42538273],[2.12088611],[16.41380502]
[9.43532634],[2.09202462],[15.98525976]
[9.40852424],[2.06174675],[15.50221742]
[9.29296033],[2.03243597],[14.98203835]
[9.16502388],[1.99789979],[14.49553983]
[9.0624175],[1.95956968],[14.02331454]
[8.96658658],[1.91409603],[13.53682389]
[8.86224268],[1.85880326],[13.04341921]
[8.75789221],[1.79816933],[12.53327463]
[8.64736184],[1.75891254],[11.94364011]
[8.23442344],[1.73240007],[11.26622849]
[7.38523302],[1.71035238],[9.7985649]
[0.],[0.],[0.]
[0.],[0.],[0.]
[2.38090024],[0.65282034],[1.00125848]
[3.21737919],[0.91647681],[2.06033426]
[3.57678028],[1.04671332],[2.57819664]
[3.9746403],[1.12264211],[3.05345026]
[4.28037691],[1.18745599],[3.5770623]
[4.56097549],[1.21545376],[3.99937364]
[4.81520746],[1.29545569],[4.52306573]
[5.08873431],[1.37883458],[4.96577502]
[5.31033578],[1.46950313],[5.4272468]
[5.54776407],[1.5295331],[5.96884306]
[5.67848404],[1.5830934],[6.44844772]
[5.84358555],[1.61992857],[6.84034334]
[6.13494673],[1.67455513],[7.34558121]
[6.44887135],[1.72347199],[7.85541569]
[6.63772611],[1.77557006],[8.41005555]
[6.95046627],[1.81192209],[8.9484687]
[7.23387252],[1.85972425],[9.68452859]
[7.47059838],[1.93512279],[10.36783839]
[7.71565889],[2.02091074],[11.19574119]
[8.03639287],[2.06790138],[12.02336744]
[8.23568243],[2.11217586],[12.81892718]
[8.47434417],[2.14713589],[13.54701929]
[8.64795402],[2.18198461],[14.1932103]
[8.79921601],[2.21669876],[14.96586927]
[8.9068317],[2.24382493],[15.49977785]
[9.00058226],[2.26563094],[15.93302938]
[9.05632228],[2.28919244],[16.3835167]
[9.14885268],[2.30628324],[16.77199365]
[9.23240132],[2.32499235],[17.29794344]
[9.32631174],[2.33914454],[17.66528313]
[9.38642572],[2.35392363],[18.09140266]
[9.45743349],[2.36230154],[18.3661529]
[9.4744643],[2.36887984],[18.60460699]
[9.59776957],[2.36224592],[18.78319008]
[9.64394217],[2.35717142],[18.89203548]
[9.74472966],[2.34500395],[19.01088818]
[9.80881571],[2.33158744],[19.07617657]
[9.81365244],[2.30671512],[19.11327225]
[9.81793259],[2.27729279],[18.95819633]
[9.80796107],[2.24739726],[18.76059218]
[9.82740415],[2.21314767],[18.36272563]
[9.80175476],[2.18356904],[17.92600444]
[9.80678986],[2.15755572],[17.50010565]
[9.80443213],[2.1294957],[17.0099401]
[9.71665711],[2.09945948],[16.49485354]
[9.55546549],[2.06986426],[15.95847069]
[9.40354921],[2.0392337],[15.41815037]
[9.28809994],[1.99809747],[14.82049775]
[9.18681279],[1.94812826],[14.30151175]
[9.09280858],[1.89474441],[13.77860891]
[8.99665976],[1.83516331],[13.2453601]
[8.57392401],[1.76670064],[12.52513545]
[7.73383978],[1.73375546],[10.91554912]
[0.],[0.],[0.]
[0.],[0.],[0.]
[2.38950225],[0.73885185],[1.16074598]
[3.21897659],[0.97766667],[2.2646662]
[3.65128752],[1.13134921],[2.75481335]
[4.03134772],[1.19712338],[3.29507913]
[4.35350024],[1.25080195],[3.8431778]
[4.67714934],[1.27491649],[4.30828506]
[4.88317975],[1.35665437],[4.84523627]
[5.18356467],[1.44744925],[5.31086173]
[5.41950508],[1.52731982],[5.85487422]
[5.63169744],[1.58632833],[6.39542048]
[5.77361706],[1.64438241],[6.86717107]
[6.04372989],[1.69305999],[7.34741471]
[6.34933151],[1.75638349],[7.96390309]
[6.62196726],[1.79990477],[8.44539108]
[6.84854438],[1.84671988],[8.99138057]
[7.16481893],[1.88441728],[9.70506038]
[7.41001654],[1.96122901],[10.48089355]
[7.68927134],[2.04688624],[11.24474192]
[7.93213606],[2.11930245],[12.14776062]
[8.2223423],[2.15848408],[12.90413084]
[8.46082701],[2.19720852],[13.77470779]
[8.68977498],[2.22800418],[14.49308988]
[8.87205937],[2.26137759],[15.25516333]
[9.05814912],[2.28982666],[16.06732812]
[9.15603231],[2.31525443],[16.68844148]
[9.29869051],[2.3362012],[17.27703054]
[9.33840691],[2.35788295],[17.84677195]
[9.4469576],[2.37459647],[18.34972425]
[9.5171656],[2.39180622],[18.93275369]
[9.58753988],[2.41057071],[19.30099525]
[9.63823041],[2.42645057],[19.66088873]
[9.7315912],[2.44401311],[19.93960715]
[9.80510752],[2.47138658],[20.20007271]
[9.89692386],[2.47007735],[20.46080473]
[10.00272499],[2.45664269],[20.66623515]
[10.09741715],[2.44102572],[20.88438053]
[10.19254898],[2.42401896],[20.963977]
[10.15087856],[2.39830016],[20.95223784]
[10.20184088],[2.37008868],[20.84236952]
[10.15570029],[2.34131439],[20.61086236]
[10.21912541],[2.30835914],[20.28795622]
[10.17438167],[2.27729807],[19.84144648]
[10.17962187],[2.24576804],[19.36445559]
[10.1907718],[2.21274425],[18.80478126]
[10.19237288],[2.17826685],[18.18478488]
[10.00957475],[2.15235677],[17.62181742]
[9.82207777],[2.12497516],[17.05597709]
[9.65133452],[2.08654808],[16.47110172]
[9.53201185],[2.04425667],[15.91258419]
[9.42291491],[1.99558489],[15.35641635]
[9.31821105],[1.94176285],[14.7328669]
[8.88198102],[1.88357245],[13.89599442]
[8.04190782],[1.82285096],[12.21292782]
[0.],[0.],[0.]
[0.],[0.],[0.]
[2.41889434],[0.8505992],[1.33594112]
[3.25111706],[1.07427418],[2.44991195]
[3.81872894],[1.22023909],[3.00601344]
[4.12675152],[1.27579156],[3.60919662]
[4.46700254],[1.32258285],[4.20299979]
[4.81911874],[1.35068692],[4.72505155]
[5.01654928],[1.45174879],[5.28343828]
[5.32354898],[1.55085358],[5.77020896]
[5.58397197],[1.62094833],[6.41428379]
[5.74912811],[1.68326042],[6.89324674]
[6.00975718],[1.75295603],[7.48533998]
[6.3287639],[1.80941467],[8.03269944]
[6.5659657],[1.86582876],[8.66533194]
[6.85916951],[1.90377388],[9.13812405]
[7.14364669],[1.94164129],[9.82716648]
[7.39345036],[1.9841769],[10.61617152]
[7.6413214],[2.07938051],[11.43789371]
[7.96561388],[2.15112947],[12.30909878]
[8.15591325],[2.21158918],[13.1106447]
[8.47317777],[2.24803445],[14.02605299]
[8.74149613],[2.28072597],[14.84613111]
[8.95892045],[2.30699741],[15.67052872]
[9.14270005],[2.3393822],[16.50804842]
[9.39374515],[2.37034198],[17.3397347]
[9.47535013],[2.3957389],[18.18781272]
[9.61463368],[2.41318331],[18.82936038]
[9.62682016],[2.43776554],[19.43389497]
[9.74727552],[2.45256341],[19.92545393]
[9.83242768],[2.49240656],[20.54088764]
[9.90540517],[2.5045376],[20.96350116]
[10.04134334],[2.53531616],[21.41787876]
[10.17241521],[2.55138867],[21.83413572]
[10.2373319],[2.5896335],[22.16285519]
[10.26808332],[2.61425033],[22.43054833]
[10.41850107],[2.61328345],[22.60187516]
[10.50300737],[2.59268281],[22.70392592]
[10.66177969],[2.56702293],[22.8376209]
[10.65446979],[2.53151141],[22.80625391]
[10.65764858],[2.49572972],[22.75956021]
[10.63244505],[2.45342084],[22.50102]
[10.66033688],[2.41621386],[22.2251868]
[10.63343204],[2.38030815],[21.74562745]
[10.61953788],[2.347432],[21.28192099]
[10.6358388],[2.30967702],[20.77066307]
[10.64811675],[2.27378081],[20.12661286]
[10.58606809],[2.24220471],[19.49445627]
[10.33047131],[2.21053249],[18.82922072]
[10.0764604],[2.16899835],[18.13262096]
[9.90897342],[2.13135247],[17.52456119]
[9.78539011],[2.0865355],[16.93230515]
[9.66456],[2.03678067],[16.30214993]
[9.19973739],[1.9816815],[15.41109376]
[8.34785674],[1.92401534],[13.62633373]
[0.],[0.],[0.]
[0.],[0.],[0.]
[2.45387285],[1.002246],[1.55013813]
[3.29594504],[1.19654144],[2.66758562]
[3.96588329],[1.31859683],[3.27376236]
[4.25445184],[1.36124781],[3.93292857]
[4.61460457],[1.39786628],[4.56220031]
[4.9457409],[1.45126044],[5.13300004]
[5.18355117],[1.59116223],[5.71184523]
[5.51056421],[1.66883562],[6.31906598]
[5.71632543],[1.74969531],[6.94171954]
[5.98422384],[1.81586415],[7.43974072]
[6.26065576],[1.87872425],[8.12585978]
[6.58102976],[1.92777914],[8.73098242]
[6.834311],[1.97530198],[9.37346959]
[7.13359996],[1.99170338],[9.99177578]
[7.38208349],[2.0242041],[10.78055919]
[7.6571635],[2.11191865],[11.63628649]
[7.92954371],[2.19561814],[12.60823098]
[8.19636581],[2.25661667],[13.37156012]
[8.42855422],[2.3065501],[14.28467975]
[8.74800477],[2.33764592],[15.16738968]
[8.98816175],[2.372741],[16.00068848]
[9.24304403],[2.40223459],[16.94146643]
[9.44855545],[2.43134522],[17.8358899]
[9.67486543],[2.45895875],[18.76280064]
[9.77823389],[2.47895767],[19.64459885]
[9.92500422],[2.49736151],[20.34234169]
[9.97188154],[2.53833],[21.00447941]
[10.17238977],[2.55700348],[21.65234551]
[10.32024086],[2.614707],[22.3451549]
[10.39915568],[2.63014022],[22.92354176]
[10.49877965],[2.6984737],[23.45175444]
[10.52097818],[2.72680443],[23.81378461]
[10.64127121],[2.77605089],[24.18137458]
[10.7851002],[2.78247543],[24.44590584]
[10.91184071],[2.78513147],[24.65409249]
[11.0004505],[2.75472907],[24.75340403]
[11.12292556],[2.70124501],[24.96275193]
[11.18326715],[2.66449525],[24.99709466]
[11.17674679],[2.62914188],[24.96465663]
[11.2163959],[2.59104085],[24.83291177]
[11.18839611],[2.55294756],[24.51583855]
[11.19601099],[2.51450334],[24.10917902]
[11.19145225],[2.47456774],[23.6377526]
[11.1983667],[2.43023843],[23.06685663]
[11.21327314],[2.3883182],[22.41653429]
[11.21829388],[2.35041726],[21.64590504]
[11.03143807],[2.31515168],[20.8765855]
[10.70807435],[2.27727235],[20.14051043]
[10.41607215],[2.22171414],[19.43579911]
[10.19127395],[2.18008181],[18.76582033]
[10.03311634],[2.13723249],[18.01306548]
[9.54211327],[2.084667],[16.99672514]
[8.67703368],[2.03261598],[15.12992736]
[0.],[0.],[0.]
[0.58257775],[0.0264624],[0.00589861]
[2.49705625],[0.91175632],[1.53177205]
[3.35179973],[1.11030874],[2.64807243]
[4.09950434],[1.25499917],[3.30998611]
[4.38791824],[1.30078543],[4.03812947]
[4.77434468],[1.35745188],[4.7404797]
[5.09757448],[1.47366806],[5.32576469]
[5.35316939],[1.59342024],[5.99074092]
[5.66158336],[1.66953515],[6.59399972]
[5.83646671],[1.75101591],[7.2208148]
[6.22754676],[1.81154964],[7.83163473]
[6.52362878],[1.86009151],[8.53217943]
[6.82029808],[1.9073282],[9.12719567]
[7.09485826],[1.94524316],[9.94220442]
[7.35856303],[1.99941173],[10.68963619]
[7.6264157],[2.10144517],[11.52687258]
[7.96895232],[2.1795828],[12.52488156]
[8.15339704],[2.26438719],[13.3949235]
[8.45252662],[2.31604398],[14.30686948]
[8.73664866],[2.3531315],[15.18015099]
[8.99261592],[2.38624269],[16.09482512]
[9.24982655],[2.4149119],[17.10621869]
[9.55600142],[2.44281211],[18.0599891]
[9.70958232],[2.46672823],[19.03301875]
[9.9641439],[2.49033218],[20.07857371]
[10.09843551],[2.53364492],[20.9804638]
[10.26227958],[2.56702421],[21.89272794]
[10.40886139],[2.65407446],[22.72043367]
[10.53442018],[2.67877609],[23.32826005]
[10.65633604],[2.75255612],[24.06872381]
[10.72570476],[2.77830201],[24.59737209]
[10.89392225],[2.8261079],[25.18578266]
[11.00737987],[2.85127113],[25.64146201]
[11.1391222],[2.8846781],[26.11679124]
[11.31581324],[2.89557449],[26.42844971]
[11.49901433],[2.89442278],[26.74813519]
[11.67101825],[2.86800925],[26.95048015]
[11.79580578],[2.82742607],[27.17065748]
[11.83416317],[2.79216145],[27.29538242]
[11.93511093],[2.75773918],[27.31367672]
[11.94946302],[2.72054011],[27.23124735]
[11.98309861],[2.68065004],[27.02230693]
[11.91612781],[2.64554052],[26.52920942]
[11.92620075],[2.61093578],[26.01528259]
[11.90036393],[2.57206027],[25.42591897]
[11.87632607],[2.53523157],[24.78359464]
[11.8738617],[2.49766692],[24.08538194]
[11.87078859],[2.45998494],[23.12449307]
[11.61691137],[2.41831184],[22.13085952]
[11.21492358],[2.37610544],[21.2591183]
[10.82324044],[2.32751477],[20.45106202]
[10.59267224],[2.26567026],[19.66502178]
[9.99292666],[2.1808214],[18.54051144]
[9.03681478],[2.10059823],[16.53695165]
[0.],[0.],[0.]
[0.96131906],[0.07322238],[0.03597792]
[2.49665121],[0.50219965],[1.02636962]
[3.34448274],[0.65164135],[1.76879239]
[4.14731794],[0.73157492],[2.29035186]
[4.47805221],[0.94364374],[2.97785579]
[4.84349245],[1.05820032],[3.67097461]
[5.19097183],[1.13865065],[4.20169882]
[5.47426437],[1.21663513],[4.89306761]
[5.70520257],[1.28804771],[5.39317009]
[5.96543472],[1.34893142],[5.95579555]
[6.42339064],[1.43643231],[6.63339934]
[6.65112725],[1.52145318],[7.27840169]
[6.98236693],[1.62290197],[7.93642201]
[7.30534885],[1.7013389],[8.92072159]
[7.53531813],[1.77698113],[9.63895668]
[7.8070815],[1.8422693],[10.60171707]
[8.1349353],[1.91012531],[11.45852365]
[8.34318228],[1.96519837],[12.38174938]
[8.66359095],[2.00899264],[13.23712837]
[8.90767491],[2.07842844],[14.10248336]
[9.19873632],[2.14450627],[15.15079851]
[9.47003675],[2.21370431],[16.17575964]
[9.7368302],[2.29549584],[17.07862598]
[9.93556466],[2.35304466],[18.27436765]
[10.20798384],[2.40215563],[19.31618509]
[10.35741449],[2.45457031],[20.36880786]
[10.54485955],[2.49444891],[21.30844128]
[10.70768372],[2.5496576],[22.18309726]
[10.90041219],[2.59301643],[22.82338601]
[11.08964368],[2.63787647],[23.59488684]
[11.26397927],[2.67072376],[24.22462102]
[11.38675263],[2.71235323],[24.95687507]
[11.55513099],[2.74510626],[25.5534634]
[11.70979492],[2.77361571],[26.10696914]
[11.85796753],[2.79889706],[26.47615937]
[12.03545418],[2.82541575],[26.81048818]
[12.19788145],[2.83574954],[27.06242939]
[12.40667102],[2.83823505],[27.39467815]
[12.52144087],[2.83165643],[27.58099319]
[12.61979062],[2.81458153],[27.71493145]
[12.74149094],[2.77535538],[27.66587192]
[12.69752923],[2.72037552],[27.45675094]
[12.70150581],[2.65363716],[26.97936475]
[12.63477238],[2.60715684],[26.35013833]
[12.67713561],[2.56214309],[25.73092664]
[12.6147009],[2.52650889],[25.02402494]
[12.56728365],[2.49755456],[24.24888114]
[12.53875528],[2.46830957],[23.50192016]
[12.46654031],[2.43634367],[22.53521589]
[12.16611984],[2.40647806],[21.55055255]
[11.76395476],[2.3738071],[20.53754967]
[11.38437649],[2.33479465],[19.56902395]
[10.68292573],[2.26050006],[18.34575798]
[9.66512422],[2.15455151],[16.59185371]
