meltWidth,meltDepth,meltArea
[0.],[0.],[0.]
[0.],[0.],[0.]
[0.],[0.],[0.]
[0.],[0.],[0.]
[0.],[0.],[0.]
[0.],[0.],[0.]
[0.],[0.],[0.]
[0.],[0.],[0.]
[0.],[0.],[0.]
[0.],[0.],[0.]
[0.],[0.],[0.]
[0.],[0.],[0.]
[0.],[0.],[0.]
[0.],[0.],[0.]
[0.],[0.],[0.]
[0.],[0.],[0.]
[0.],[0.],[0.]
[0.],[0.],[0.]
[0.],[0.],[0.]
[0.],[0.],[0.]
[0.],[0.],[0.]
[0.],[0.],[0.]
[0.],[0.],[0.]
[0.],[0.],[0.]
[0.],[0.],[0.]
[0.],[0.],[0.]
[0.],[0.],[0.]
[0.],[0.],[0.]
[0.],[0.],[0.]
[0.],[0.],[0.]
[0.],[0.],[0.]
[0.],[0.],[0.]
[0.],[0.],[0.]
[0.],[0.],[0.]
[0.],[0.],[0.]
[0.],[0.],[0.]
[0.],[0.],[0.]
[0.],[0.],[0.]
[0.],[0.],[0.]
[0.],[0.],[0.]
[0.],[0.],[0.]
[0.],[0.],[0.]
[0.],[0.],[0.]
[0.],[0.],[0.]
[0.],[0.],[0.]
[0.],[0.],[0.]
[0.],[0.],[0.]
[0.],[0.],[0.]
[0.],[0.],[0.]
[0.],[0.],[0.]
[0.],[0.],[0.]
[0.],[0.],[0.]
[0.],[0.],[0.]
[0.],[0.],[0.]
[0.],[0.],[0.]
[0.],[0.],[0.]
[0.],[0.],[0.]
[1.72994597],[0.24370805],[0.2626001]
[1.79263188],[0.26081568],[0.31084466]
[1.87161499],[0.32484064],[0.40468813]
[1.98823489],[0.39798127],[0.52795404]
[2.0960573],[0.45641814],[0.63499209]
[2.18214707],[0.49815976],[0.69431002]
[2.31963906],[0.5138704],[0.76290183]
[2.34277388],[0.52704892],[0.77826867]
[2.40439431],[0.53960779],[0.81796021]
[2.41783711],[0.55088312],[0.83121253]
[2.50226026],[0.56069029],[0.86966334]
[2.52597878],[0.56996858],[0.87892877]
[2.62462482],[0.57696866],[0.91948892]
[2.6450551],[0.58114749],[0.93205986]
[2.71356323],[0.58622411],[0.95782588]
[2.71718207],[0.59211605],[0.97091053]
[2.76902497],[0.59726535],[0.99482712]
[2.7794903],[0.60063806],[1.01444774]
[2.81710701],[0.6037488],[1.02201041]
[2.84231151],[0.60740488],[1.04748836]
[2.84581034],[0.6106649],[1.04986609]
[2.86997031],[0.61301278],[1.07337244]
[2.86002025],[0.61489971],[1.06271126]
[2.88545918],[0.61765135],[1.08442009]
[2.87026301],[0.6185462],[1.0785732]
[2.90019092],[0.61864162],[1.09982838]
[2.8950611],[0.61787937],[1.09073131]
[2.91922093],[0.61565883],[1.10985016]
[2.94331447],[0.62177166],[1.13148612]
[2.96632392],[0.6231834],[1.15713097]
[2.96098706],[0.62905999],[1.15815775]
[2.97714445],[0.63553269],[1.16311713]
[2.95081878],[0.6424392],[1.17454082]
[2.95660297],[0.65221653],[1.19713269]
[2.95828517],[0.66461564],[1.2297039]
[2.9638571],[0.682927],[1.26280236]
[2.97342991],[0.69083868],[1.29144339]
[2.97565151],[0.68913165],[1.30169181]
[2.97617036],[0.68435722],[1.29107133]
[2.97202733],[0.68123185],[1.27353919]
[2.94534553],[0.68116205],[1.25559474]
[2.91747325],[0.68159585],[1.24400444]
[2.88510259],[0.68136464],[1.21639226]
[2.84968935],[0.67541638],[1.18768158]
[2.81200074],[0.67419867],[1.16033991]
[2.77547781],[0.66833488],[1.12594896]
[2.73402073],[0.65498496],[1.07359664]
[2.69560601],[0.64153822],[1.02782124]
[2.65031482],[0.62902466],[0.98616511]
[2.60263591],[0.61843254],[0.94222796]
[2.54649233],[0.6085872],[0.90351696]
[4.11007586],[0.1435182],[0.31809849]
[0.],[0.],[0.]
[0.],[0.],[0.]
[0.42860965],[0.10426316],[0.02169568]
[1.92909173],[0.32222996],[0.42098822]
[1.98381275],[0.41820778],[0.55753796]
[2.12089534],[0.51186314],[0.76492431]
[2.23470104],[0.62049166],[0.97338916]
[2.34885285],[0.69927405],[1.13130613]
[2.42020567],[0.74628785],[1.24155624]
[2.49719532],[0.7628873],[1.33993682]
[2.57061619],[0.77489545],[1.39963883]
[2.67281602],[0.78687726],[1.49771184]
[2.72515784],[0.79569717],[1.55428532]
[2.80880896],[0.80631109],[1.63461178]
[2.85222695],[0.81482018],[1.69258754]
[2.92183628],[0.82125909],[1.75577097]
[2.94624589],[0.82670896],[1.78722987]
[2.98552446],[0.83248705],[1.82488633]
[2.9818479],[0.83521937],[1.83820407]
[3.0143895],[0.83859157],[1.87520349]
[3.02245811],[0.8417908],[1.89110858]
[3.03998499],[0.84461966],[1.91610917]
[3.07883778],[0.84684097],[1.93666104]
[3.05989391],[0.84968353],[1.95087658]
[3.11561262],[0.8490547],[1.96674332]
[3.06408944],[0.84709367],[1.95304422]
[3.12199153],[0.84481818],[1.9559922]
[3.06166102],[0.84303986],[1.93086752]
[3.11082295],[0.84135637],[1.92636909]
[3.06066902],[0.838705],[1.9115035]
[3.10364385],[0.83727648],[1.89782702]
[3.09383526],[0.83013786],[1.91797424]
[3.1216937],[0.83263708],[1.90701453]
[3.09345081],[0.83065691],[1.89907257]
[3.10963541],[0.82902957],[1.86578343]
[3.06681835],[0.82706319],[1.83788016]
[3.06298444],[0.82483248],[1.82426637]
[3.05758756],[0.82326895],[1.81343439]
[3.05490871],[0.82162841],[1.80233138]
[3.0558653],[0.81739482],[1.79123205]
[3.05084742],[0.80890748],[1.77303015]
[3.04212855],[0.79914687],[1.7414965]
[3.02820747],[0.78899382],[1.70090941]
[3.00494402],[0.77853401],[1.66073047]
[2.97027124],[0.76943336],[1.61250733]
[2.94751182],[0.76396571],[1.57286597]
[2.92335461],[0.75829628],[1.53327816]
[2.90027013],[0.75119525],[1.49985091]
[2.88624138],[0.74390566],[1.46546916]
[2.86672787],[0.74095759],[1.42803695]
[2.8497116],[0.7402927],[1.39764964]
[2.82553961],[0.73743792],[1.36402]
[2.80622252],[0.73011682],[1.32935086]
[2.77668193],[0.71546441],[1.28383656]
[5.17368024],[0.84375493],[3.33426568]
[4.38508621],[0.29177084],[0.74695871]
[2.54714969],[0.12096028],[0.18875219]
[0.78419681],[0.18829694],[0.07359779]
[2.10497152],[0.39204612],[0.54552267]
[2.20907332],[0.50321328],[0.74310902]
[2.28026798],[0.61234703],[0.96429467]
[2.37280658],[0.70814446],[1.17480132]
[2.45219962],[0.77871488],[1.31915941]
[2.51409522],[0.82024566],[1.43844428]
[2.5715927],[0.83658613],[1.53731657]
[2.69646849],[0.84663021],[1.74924185]
[2.79263874],[0.85594406],[1.8705647]
[2.86447438],[0.85855641],[1.90007153]
[2.92266697],[0.86203286],[1.95117912]
[2.96883781],[0.864294],[1.98384449]
[3.01482189],[0.86699551],[2.0294168]
[3.04070938],[0.86968354],[2.03660391]
[3.06482765],[0.87258545],[2.06775751]
[3.07644035],[0.87503491],[2.07768618]
[3.08984031],[0.87786296],[2.10218498]
[3.10066982],[0.88045216],[2.11067038]
[3.10923943],[0.8831711],[2.12845795]
[3.13114397],[0.88547862],[2.14009927]
[3.11950128],[0.88719844],[2.1441339]
[3.14840252],[0.88638056],[2.15478779]
[3.12176505],[0.88467924],[2.1417992]
[3.15633209],[0.88285875],[2.13834673]
[3.12045914],[0.88114663],[2.10935487]
[3.14646436],[0.87961973],[2.10359925]
[3.11999465],[0.87723497],[2.08638261]
[3.13723869],[0.87597039],[2.06451857]
[3.13922934],[0.87000497],[2.08621564]
[3.14803118],[0.87186127],[2.05837419]
[3.13775557],[0.8700143],[2.06350533]
[3.13709602],[0.86848416],[2.01885637]
[3.1085102],[0.86664917],[1.99441822]
[3.104978],[0.86482458],[1.97966639]
[3.09992097],[0.86324415],[1.96225619]
[3.09734504],[0.86166351],[1.95185485]
[3.09446471],[0.85747085],[1.93662222]
[3.0937852],[0.85355015],[1.92084364]
[3.09063123],[0.84975454],[1.89742363]
[3.07997814],[0.84606891],[1.8652869]
[3.06040538],[0.84022854],[1.83193587]
[3.03749941],[0.83168204],[1.79065348]
[3.02548736],[0.82428977],[1.75914095]
[3.00924758],[0.81794646],[1.72382211]
[2.99627268],[0.81320322],[1.69734658]
[2.98271898],[0.8074787],[1.66443483]
[2.96849848],[0.80106502],[1.62752634]
[2.96158706],[0.79419858],[1.59700776]
[2.94671101],[0.78959441],[1.562784]
[2.93526146],[0.7845991],[1.53258661]
[2.92208853],[0.77718249],[1.50356068]
[7.32487412],[0.95225884],[4.99020394]
[5.26206248],[0.63171806],[1.78329571]
[3.96919836],[0.31419189],[0.74183939]
[2.27830815],[0.2102957],[0.24842611]
[2.28515666],[0.42823406],[0.67571954]
[2.36045635],[0.57854577],[0.92789157]
[2.37487134],[0.68038111],[1.11687694]
[2.44955997],[0.77557954],[1.33730215]
[2.51326899],[0.83687764],[1.46849155]
[2.55868637],[0.87457039],[1.58181665]
[2.63557451],[0.88445791],[1.71737394]
[2.7782856],[0.88673022],[2.13200061]
[2.88079984],[0.88868389],[2.27766321]
[2.94045362],[0.89063143],[2.27639324]
[2.98387082],[0.89162157],[2.29421338]
[3.04415625],[0.89279991],[2.28843862]
[3.07564178],[0.89611735],[2.32230178]
[3.1066419],[0.89810534],[2.29295341]
[3.11672954],[0.90079475],[2.32294362]
[3.13683573],[0.90363841],[2.3160587]
[3.13496861],[0.90688482],[2.34606434]
[3.15328244],[0.909397],[2.33661929]
[3.15089617],[0.91251781],[2.36758978]
[3.16610835],[0.91510886],[2.35287867]
[3.15653935],[0.91657877],[2.37982434]
[3.16510806],[0.91602242],[2.36239637]
[3.15655252],[0.91466979],[2.37389619]
[3.16627751],[0.91323778],[2.33445769]
[3.15467061],[0.91105093],[2.30214021]
[3.16348157],[0.90947079],[2.27870628]
[3.15383726],[0.90782615],[2.25705565]
[3.15918088],[0.905912],[2.2207981]
[3.17778724],[0.90409223],[2.26011201]
[3.16039302],[0.90270372],[2.19770721]
[3.17717651],[0.90068166],[2.220111]
[3.15797794],[0.8985384],[2.15400562]
[3.14956543],[0.89677348],[2.13393856]
[3.14769929],[0.89534515],[2.11802006]
[3.14077067],[0.89308938],[2.09267365]
[3.14246497],[0.8913401],[2.08607009]
[3.13998959],[0.88765542],[2.06810573]
[3.13646388],[0.88420283],[2.0482077]
[3.13315774],[0.88045132],[2.02063147]
[3.12283313],[0.87733237],[1.98754303]
[3.11014759],[0.87465267],[1.9592438]
[3.09032018],[0.87107331],[1.9218362]
[3.07957052],[0.866542],[1.8940832]
[3.06603953],[0.86246518],[1.86341983]
[3.05381346],[0.85629322],[1.8364547]
[3.04261337],[0.84921146],[1.80333826]
[3.03351657],[0.84221193],[1.77492876]
[3.02405363],[0.8372727],[1.74735814]
[3.01494374],[0.82633625],[1.7130642]
[3.0199815],[0.81884719],[1.69160154]
[3.01442207],[0.81051763],[1.66447591]
[7.53163881],[1.05754228],[5.3995582]
[5.7207365],[0.88403256],[2.93662155]
[4.36016529],[0.59032061],[1.47975883]
[3.07323531],[0.32535875],[0.66328395]
[2.48364915],[0.47651603],[0.80513926]
[2.55223074],[0.64697829],[1.14636336]
[2.50043258],[0.73957472],[1.29583566]
[2.53854009],[0.82521753],[1.49918435]
[2.57468234],[0.87057158],[1.60843666]
[2.60101181],[0.90445886],[1.70449309]
[2.68618474],[0.92691156],[1.92234816]
[2.84394569],[0.91447948],[2.36779077]
[2.9327808],[0.92828371],[2.5497561]
[3.00677603],[0.92052292],[2.53683443]
[3.04390135],[0.92604506],[2.55748065]
[3.10265522],[0.92470889],[2.53504215]
[3.13040454],[0.9323826],[2.58417517]
[3.1558998],[0.92486801],[2.52113003]
[3.16383904],[0.94045149],[2.59075848]
[3.18074356],[0.93540579],[2.55450067]
[3.18185928],[0.94918209],[2.62165423]
[3.19595759],[0.94763397],[2.58431579]
[3.19173586],[0.95842786],[2.65020191]
[3.19883818],[0.95432659],[2.60397709]
[3.18887663],[0.95955655],[2.66017355]
[3.19310364],[0.9532262],[2.60729399]
[3.18507125],[0.94556398],[2.6298096]
[3.19381344],[0.93977187],[2.57821494]
[3.18190145],[0.93554578],[2.56764096]
[3.19168438],[0.93430457],[2.53137543]
[3.18053138],[0.93330724],[2.52709452]
[3.18776896],[0.93153658],[2.46722364]
[3.20725647],[0.93182078],[2.51545095]
[3.19164963],[0.92918929],[2.42726193]
[3.20568155],[0.92771421],[2.43896207]
[3.18867237],[0.92570465],[2.35142196]
[3.17720219],[0.92426648],[2.3156628]
[3.1749116],[0.92328661],[2.28777699]
[3.16727796],[0.92127154],[2.24586221]
[3.16844819],[0.91984018],[2.22611751]
[3.1663697],[0.91679747],[2.19751522]
[3.16334166],[0.91388424],[2.16685193]
[3.15940785],[0.9100717],[2.12329825]
[3.15109826],[0.9069117],[2.08777389]
[3.13756595],[0.90416048],[2.05366591]
[3.11655022],[0.90026984],[2.01270914]
[3.10599534],[0.8951277],[1.9896741]
[3.09314942],[0.89025753],[1.9627008]
[3.08213445],[0.88466732],[1.93639645]
[3.0721264],[0.87805425],[1.90551122]
[3.05908436],[0.87281391],[1.87279802]
[3.04490451],[0.86711893],[1.83844105]
[3.02965878],[0.86117602],[1.80716471]
[3.03263712],[0.8510317],[1.78891995]
[3.03593249],[0.84245888],[1.76493421]
[7.68600694],[1.11120915],[5.77379384]
[5.87393078],[0.97781008],[3.2259043]
[4.60468653],[0.85456687],[1.86443797]
[3.19361433],[0.53519355],[0.95049562]
[2.32143216],[0.48327394],[1.05115539]
[2.64817231],[0.69971492],[1.28181812]
[2.58896693],[0.79432561],[1.44794267]
[2.59477695],[0.863135],[1.61370231]
[2.62839905],[0.90257416],[1.72085102]
[2.63918881],[0.93370444],[1.78575617]
[2.76844802],[1.01669347],[2.35346208]
[2.91943075],[0.97703886],[2.60345757]
[2.99867019],[1.04209141],[2.87478658]
[3.0632585],[0.99467797],[2.84326255]
[3.10257907],[1.04728239],[2.87750671]
[3.1539537],[1.0143651],[2.83014942]
[3.18574531],[1.04235029],[2.89898266]
[3.20390324],[1.01393678],[2.81502144]
[3.21583849],[1.0515472],[2.88511584]
[3.22769089],[1.02644292],[2.8312739]
[3.23334998],[1.06250138],[2.90724421]
[3.23972533],[1.0323468],[2.8440302]
[3.23858897],[1.07506407],[2.91951662]
[3.23832564],[1.03591019],[2.85181415]
[3.23213101],[1.0724638],[2.91439114]
[3.23255203],[1.03615032],[2.83605157]
[3.22799204],[1.05401443],[2.87584328]
[3.23206101],[1.02346939],[2.79244726]
[3.22361331],[1.01460766],[2.81661284]
[3.23065098],[1.00405194],[2.74598273]
[3.2257464],[0.9946387],[2.77363065]
[3.22695906],[0.97649009],[2.69749062]
[3.24424848],[0.98662067],[2.72253788]
[3.23590414],[0.95701073],[2.67561939]
[3.24202784],[0.95483134],[2.66240509]
[3.23033621],[0.9485285],[2.61402828]
[3.21619933],[0.94695218],[2.57269322]
[3.21304964],[0.94588798],[2.53951452]
[3.20520046],[0.94382269],[2.48916269]
[3.204956],[0.94234652],[2.45698938]
[3.20318121],[0.93985064],[2.41163889]
[3.20020076],[0.93728507],[2.36666672]
[3.19616682],[0.93443991],[2.30067197]
[3.18777488],[0.93224414],[2.24480183]
[3.17392059],[0.9302241],[2.19436719]
[3.15253626],[0.92595386],[2.13694253]
[3.14154708],[0.9212223],[2.10471544]
[3.12920302],[0.91680969],[2.06985315]
[3.11773076],[0.91154434],[2.03705488]
[3.10373091],[0.90474311],[2.00465691]
[3.09205257],[0.89749671],[1.97447703]
[3.08130757],[0.88750275],[1.9403644]
[3.06150029],[0.87872794],[1.89988687]
[3.06049611],[0.8722997],[1.87628268]
[3.05552477],[0.86408981],[1.85027027]
[7.76184546],[1.20608992],[6.24531465]
[5.95685665],[1.03453211],[3.57365067]
[4.69805589],[0.86041764],[2.07424575]
[3.32387853],[0.59140252],[1.08072997]
[1.98045951],[0.42743246],[0.93315379]
[2.50184224],[0.74121479],[1.33598054]
[2.62244052],[0.8365326],[1.55515264]
[2.60936752],[0.8984925],[1.68155321]
[2.6283182],[0.93002162],[1.78928882]
[2.62008621],[0.9542624],[1.81543645]
[2.77908811],[1.07678206],[2.38898739]
[2.94122059],[0.98168904],[2.5992509]
[3.03425931],[1.075776],[2.82184505]
[3.09477343],[0.99040647],[2.76292444]
[3.1318985],[1.07858812],[2.84363224]
[3.17481015],[0.99850275],[2.78278823]
[3.20521985],[1.08345865],[2.87725716]
[3.2248593],[0.99715416],[2.78298065]
[3.2391018],[1.08675766],[2.8749147]
[3.25181835],[1.0106285],[2.80679465]
[3.26084782],[1.09203827],[2.88882521]
[3.26883287],[1.02573437],[2.82658242]
[3.26664282],[1.09830942],[2.90420314]
[3.26691797],[1.04448614],[2.84702083]
[3.26300793],[1.09054485],[2.9088765]
[3.26389485],[1.04748266],[2.85022092]
[3.26161348],[1.06881351],[2.8715055]
[3.26606358],[1.03584745],[2.80862457]
[3.26215536],[1.04097693],[2.80910999]
[3.26708195],[1.01246634],[2.74809305]
[3.26277467],[1.02477438],[2.75830618]
[3.26734199],[0.99212493],[2.67770171]
[3.27571396],[0.99082527],[2.68727467]
[3.27624104],[0.97892646],[2.63523862]
[3.27376231],[0.97712222],[2.61495717]
[3.27074542],[0.97442452],[2.56535668]
[3.25579754],[0.973054],[2.51670391]
[3.2535011],[0.97208746],[2.48030467]
[3.24875139],[0.96993085],[2.4379322]
[3.24760496],[0.96830733],[2.41611897]
[3.24645737],[0.96548461],[2.38910859]
[3.24401244],[0.96261112],[2.35627512]
[3.24147857],[0.95939136],[2.3081035]
[3.23525543],[0.95675229],[2.26928973]
[3.22309599],[0.95452535],[2.23442787]
[3.20553113],[0.94983884],[2.19496416]
[3.19383843],[0.94530781],[2.17193785]
[3.18303643],[0.94040715],[2.1485359]
[3.17250086],[0.93516437],[2.12550479]
[3.16067393],[0.92905271],[2.09866297]
[3.14926274],[0.92261177],[2.06991527]
[3.13758506],[0.91522838],[2.04285662]
[3.12040694],[0.90408698],[2.00579844]
[3.11888806],[0.89275969],[1.97821245]
[3.11161804],[0.88200056],[1.94140163]
[7.80855942],[1.28010903],[6.69605263]
[5.99237052],[1.04386613],[3.84232159]
[4.77124561],[0.80846079],[2.35200049]
[3.43837405],[0.62365756],[1.29055652]
[1.98218035],[0.40254239],[0.74240482]
[2.36974073],[0.7436341],[1.29168946]
[2.59158467],[0.86279623],[1.6198213]
[2.59569513],[0.92260053],[1.72998239]
[2.60911923],[0.9518928],[1.84108619]
[2.60693003],[0.98479257],[1.8630107]
[2.79577807],[1.10866815],[2.40194379]
[2.97588907],[1.03152706],[2.64095864]
[3.06852734],[1.1025906],[2.87185937]
[3.12479474],[1.02409748],[2.79877008]
[3.1589328],[1.10037313],[2.87088006]
[3.19626694],[1.0182497],[2.80707115]
[3.22478692],[1.09629328],[2.89341594]
[3.24465209],[1.02948506],[2.80513732]
[3.2582965],[1.09093379],[2.89420856]
[3.27021941],[1.03913596],[2.83273073]
[3.28109935],[1.07952257],[2.90035832]
[3.28801245],[1.05069449],[2.85254041]
[3.29002729],[1.07091136],[2.89182217]
[3.2879857],[1.06504068],[2.85160755]
[3.28830804],[1.0744289],[2.88362947]
[3.28644777],[1.06202975],[2.82168105]
[3.28763324],[1.07015073],[2.81647585]
[3.28771302],[1.05228965],[2.73826834]
[3.28822358],[1.0549396],[2.73624509]
[3.28819854],[1.03621069],[2.66814648]
[3.28649173],[1.03976192],[2.67034015]
[3.28819369],[1.02384362],[2.58100635]
[3.28895802],[1.01864463],[2.59966363]
[3.29488864],[1.0151132],[2.55441765]
[3.28748224],[1.0121271],[2.56705143]
[3.29053519],[1.00823516],[2.52256996]
[3.27684831],[1.00527362],[2.50079581]
[3.27512391],[1.00305542],[2.48715052]
[3.27159179],[0.99917245],[2.46656422]
[3.27068528],[0.99603806],[2.45630485]
[3.27138729],[0.99132213],[2.44102963]
[3.27168353],[0.98553109],[2.41970118]
[3.27203247],[0.97914088],[2.38312033]
[3.26716824],[0.97382749],[2.33511176]
[3.25499457],[0.96987179],[2.29172627]
[3.24010103],[0.96396357],[2.24960733]
[3.23022383],[0.95886459],[2.22471067]
[3.22110942],[0.95397135],[2.19930156]
[3.2119505],[0.94857896],[2.17621646]
[3.20212675],[0.94222083],[2.15196653]
[3.19199703],[0.9360793],[2.12469699]
[3.18231355],[0.92896463],[2.09948038]
[3.16813907],[0.92065857],[2.06812816]
[3.16384959],[0.91359997],[2.04860746]
[3.15908926],[0.90377614],[2.02307817]
[7.795843],[1.31649545],[6.94811029]
[5.95286011],[1.04325054],[3.95232523]
[4.76046989],[0.83363686],[2.50746654]
[3.49691366],[0.70206362],[1.46745197]
[2.11341777],[0.50203392],[0.88564474]
[2.43617962],[0.76511423],[1.44454742]
[2.61948649],[0.88368654],[1.67122042]
[2.59997108],[0.93775052],[1.76415684]
[2.60898645],[0.96702373],[1.87458503]
[2.59499203],[1.00287741],[1.88835724]
[2.7582788],[1.11606097],[2.38715866]
[2.99027202],[1.03410797],[2.67014499]
[3.08470638],[1.09630353],[2.87815296]
[3.14307881],[1.02140178],[2.8035866]
[3.17592815],[1.08980901],[2.87453558]
[3.21388389],[1.04062814],[2.8168744]
[3.24465593],[1.07786489],[2.89618691]
[3.26725805],[1.05166308],[2.83527758]
[3.27724751],[1.06710554],[2.89102583]
[3.28832764],[1.06220393],[2.85495736]
[3.29694305],[1.06738559],[2.900515]
[3.31037009],[1.07049556],[2.87041217]
[3.30285112],[1.07998118],[2.90300104]
[3.31316743],[1.07714934],[2.86267047]
[3.30077092],[1.08628323],[2.88428421]
[3.30942454],[1.0794522],[2.81380793]
[3.30012212],[1.08222441],[2.7947597]
[3.31698901],[1.07102113],[2.74026006]
[3.3005435],[1.06645634],[2.74726623]
[3.3169326],[1.05866858],[2.68628149]
[3.29945645],[1.05294526],[2.69662165]
[3.30219215],[1.04723131],[2.63146563]
[3.29794823],[1.03915843],[2.6471045]
[3.30743729],[1.03624571],[2.61559609]
[3.29635594],[1.03085927],[2.61448345]
[3.30254784],[1.02701105],[2.57662306]
[3.2883412],[1.02414551],[2.55244091]
[3.28581609],[1.02205222],[2.53561963]
[3.28284879],[1.01834092],[2.51627898]
[3.28228891],[1.01547444],[2.50376706]
[3.28403197],[1.01064533],[2.48881252]
[3.28449678],[1.00466594],[2.46761404]
[3.28574341],[0.99838953],[2.43033205]
[3.28340424],[0.99339405],[2.3829824]
[3.27213889],[0.98816057],[2.33783268]
[3.2548807],[0.97978103],[2.2836575]
[3.24349755],[0.97391251],[2.26062094]
[3.23199691],[0.96904671],[2.2337228]
[3.22060159],[0.96373065],[2.20722632]
[3.20837831],[0.95750589],[2.17964755]
[3.195802],[0.95193586],[2.15056294]
[3.18385892],[0.94572355],[2.12441161]
[3.16628129],[0.93791566],[2.09080593]
[3.15926722],[0.93132914],[2.07003418]
[3.14863335],[0.9250261],[2.04446272]
[7.9725848],[1.36227338],[7.32640108]
[5.96366947],[1.11705379],[4.1898178]
[4.83757284],[0.88018651],[2.72124138]
[3.61397567],[0.77000206],[1.64776038]
[2.30308858],[0.60906701],[0.98109562]
[2.46934861],[0.77969828],[1.53898592]
[2.62496602],[0.90020622],[1.70262998]
[2.60598748],[0.95007632],[1.79418991]
[2.6180111],[0.98364132],[1.91105957]
[2.59963839],[1.01899966],[1.91577751]
[2.83013647],[1.13421482],[2.48165894]
[3.04291039],[1.05242196],[2.75182281]
[3.12319586],[1.11388943],[2.96583704]
[3.17505516],[1.04534244],[2.88871363]
[3.20172899],[1.10704621],[2.95946491]
[3.23925139],[1.06671927],[2.90502026]
[3.26691839],[1.09459077],[2.98481347]
[3.28548358],[1.08208017],[2.92968555]
[3.29380446],[1.09368568],[2.98456924]
[3.30258859],[1.10518602],[2.95514143]
[3.31097149],[1.11606698],[2.99998616]
[3.35168536],[1.12355091],[2.97326103]
[3.31600404],[1.13122117],[3.00224193]
[3.35826364],[1.1357084],[2.96495655]
[3.31458519],[1.1393309],[2.98331064]
[3.35566673],[1.14030599],[2.92040513]
[3.31265886],[1.13181957],[2.91671678]
[3.36297409],[1.11939294],[2.870559]
[3.31271135],[1.1023651],[2.87163721]
[3.3603006],[1.08614555],[2.8140136]
[3.31092828],[1.07972386],[2.8158052]
[3.33981108],[1.07285182],[2.74968039]
[3.3074925],[1.06426664],[2.75503586]
[3.33215109],[1.06136636],[2.7186541]
[3.30568522],[1.05545546],[2.7067666]
[3.31363629],[1.04876904],[2.6652037]
[3.30135999],[1.04338155],[2.64031875]
[3.30085371],[1.03958959],[2.6230613]
[3.29991584],[1.03590656],[2.60274584]
[3.29874427],[1.03262697],[2.58740164]
[3.3000514],[1.02796013],[2.57162087]
[3.30014568],[1.02162344],[2.54897069]
[3.30098787],[1.01508119],[2.50918309]
[3.29921979],[1.00952659],[2.45769253]
[3.28898036],[1.00342927],[2.40683998]
[3.27468612],[0.99498363],[2.35054782]
[3.26285538],[0.98706604],[2.30839887]
[3.25317626],[0.98028515],[2.27853603]
[3.24107312],[0.97455402],[2.25267517]
[3.22673858],[0.96831241],[2.2215841]
[3.21238973],[0.9627691],[2.18972036]
[3.1991719],[0.95646841],[2.16307686]
[3.18005174],[0.94912515],[2.12848316]
[3.17067448],[0.94331608],[2.10684015]
[3.15995384],[0.93728616],[2.08071497]
[7.99322742],[1.40085207],[7.62957118]
[5.97540118],[1.18912865],[4.41670138]
[4.71407199],[0.92563563],[2.84205127]
[3.56005426],[0.81467017],[1.72273984]
[2.28336907],[0.65213636],[1.01257274]
[2.54652201],[0.79251015],[1.60602171]
[2.63043011],[0.91195779],[1.72696459]
[2.61514114],[0.95820315],[1.81676138]
[2.62622069],[0.99434001],[1.9276741]
[2.60908095],[1.02834191],[1.93880846]
[2.89444989],[1.13384719],[2.5171008]
[3.09060781],[1.0382712],[2.78621385]
[3.15746248],[1.10150125],[2.98084419]
[3.20337961],[1.06052208],[2.8962712]
[3.23340509],[1.09302321],[2.96782533]
[3.26283424],[1.09360791],[2.93486959]
[3.28631132],[1.10901705],[2.99592775]
[3.30152287],[1.11719999],[2.96238917]
[3.30970735],[1.12851091],[3.0084858]
[3.34732813],[1.13968632],[2.98720033]
[3.32516079],[1.15049489],[3.02901676]
[3.39675141],[1.15794302],[3.00218659]
[3.34604698],[1.16476944],[3.02318885]
[3.40409279],[1.16853836],[2.9899965]
[3.34409089],[1.16898289],[2.99814846]
[3.39973233],[1.1658112],[2.97250347]
[3.33618661],[1.15960133],[2.98386941]
[3.40889879],[1.15284802],[2.95029618]
[3.32251338],[1.1349513],[2.94293104]
[3.3976126],[1.11993447],[2.89258322]
[3.32050831],[1.10222585],[2.88899503]
[3.39001202],[1.08754617],[2.83241604]
[3.32557727],[1.07903972],[2.82528167]
[3.42836574],[1.07677323],[2.81161473]
[3.31594092],[1.07098899],[2.77765647]
[3.42607399],[1.06442407],[2.76149579]
[3.31526582],[1.05876653],[2.70596931]
[3.31489699],[1.0543474],[2.68149621]
[3.31435861],[1.0478642],[2.66028339]
[3.3132937],[1.04338947],[2.64253057]
[3.31764798],[1.03896966],[2.62592015]
[3.31997552],[1.03322402],[2.60458975]
[3.3204685],[1.02677186],[2.56576099]
[3.32245171],[1.02112318],[2.51926593]
[3.30602525],[1.0141509],[2.46504538]
[3.29453959],[1.00562812],[2.40956258]
[3.28216114],[0.99749506],[2.35816329]
[3.27060153],[0.9898835],[2.3110424]
[3.25978574],[0.9840871],[2.28457469]
[3.24751265],[0.97737898],[2.2559519]
[3.23351757],[0.9716166],[2.22244446]
[3.21872226],[0.96498095],[2.19223316]
[3.19742555],[0.95762081],[2.15399665]
[3.18783381],[0.9515389],[2.13258549]
[3.17814903],[0.94627212],[2.10904457]
[8.01673733],[1.42452368],[7.81428635]
[6.04003886],[1.21097143],[4.52114441]
[4.77576965],[0.94031378],[2.9150227]
[3.54990497],[0.82405981],[1.76398728]
[2.27712375],[0.67039135],[1.05917636]
[2.60732738],[0.799269],[1.64853708]
[2.63725576],[0.92160875],[1.74582175]
[2.61748769],[0.96790554],[1.83349463]
[2.63129585],[1.00327228],[1.94062772]
[2.61796331],[1.04011747],[1.96612564]
[2.94538475],[1.13271154],[2.57422168]
[3.13015078],[1.05560577],[2.83368881]
[3.19143508],[1.09014071],[3.01149797]
[3.23603083],[1.07855096],[2.94064313]
[3.25983228],[1.11067817],[2.9934185]
[3.28313684],[1.13693946],[2.99260618]
[3.30512503],[1.1499675],[3.04266694]
[3.33236691],[1.15827299],[3.00764266]
[3.32390692],[1.16852234],[3.05174025]
[3.39813426],[1.17793316],[3.0325143]
[3.37521017],[1.18783083],[3.06471677]
[3.44474212],[1.1903802],[3.03985193]
[3.40016207],[1.19138228],[3.05510599]
[3.45775709],[1.19096264],[3.04444685]
[3.39332022],[1.18896943],[3.06752262]
[3.48121112],[1.18737572],[3.05687375]
[3.38541221],[1.1823139],[3.05693336]
[3.51988264],[1.17552182],[3.05395216]
[3.37821721],[1.16537985],[3.0264011]
[3.57681249],[1.15739657],[3.03537841]
[3.40520999],[1.14844357],[2.98786389]
[3.59207705],[1.13257015],[2.98992068]
[3.47245938],[1.09786226],[2.9365333]
[3.60709852],[1.09853295],[2.96037267]
[3.4773763],[1.08988347],[2.89313783]
[3.58583803],[1.08398506],[2.90090007]
[3.4661937],[1.07818084],[2.82022854]
[3.45460325],[1.07254208],[2.79287248]
[3.42983855],[1.06616523],[2.75630743]
[3.4303259],[1.06044349],[2.73234976]
[3.44894962],[1.05114261],[2.70982345]
[3.45394125],[1.04569661],[2.68790596]
[3.44488484],[1.03966058],[2.64779916]
[3.45417319],[1.03413246],[2.6055628]
[3.36976278],[1.02647767],[2.53540457]
[3.31104681],[1.01755903],[2.47231681]
[3.30157968],[1.00906499],[2.42432717]
[3.29271468],[1.00194119],[2.37707565]
[3.28101454],[0.99531675],[2.33192165]
[3.26689318],[0.98912403],[2.29508542]
[3.25522859],[0.98356791],[2.2637607]
[3.24303295],[0.97673476],[2.23257239]
[3.22548638],[0.96885074],[2.19701665]
[3.21437521],[0.96227532],[2.17496151]
[3.20290905],[0.95722877],[2.14752799]
[8.03332667],[1.42853829],[7.90840442]
[6.09949354],[1.21666944],[4.58418818]
[4.79213129],[0.95023255],[2.93825842]
[3.51479137],[0.82613514],[1.76588312]
[2.22623833],[0.66179137],[1.11852579]
[2.60921815],[0.81175615],[1.67038072]
[2.64010831],[0.93350994],[1.76757017]
[2.61449589],[0.97861066],[1.85723421]
[2.63295009],[1.01536795],[1.95913234]
[2.61756566],[1.05859384],[1.99864793]
[2.97489467],[1.13030972],[2.60766104]
[3.16724247],[1.07536203],[2.88008843]
[3.22503439],[1.09158141],[3.03226472]
[3.26672],[1.12163451],[2.98611779]
[3.28655926],[1.15207631],[3.0338719]
[3.30796394],[1.17405976],[3.04034155]
[3.32390246],[1.18552488],[3.07771909]
[3.39515172],[1.19285331],[3.0487315]
[3.36812512],[1.19688734],[3.07607648]
[3.49497061],[1.20214731],[3.07791826]
[3.44167107],[1.20619831],[3.08474359]
[3.57456045],[1.20845601],[3.11545821]
[3.49159432],[1.20772094],[3.12550095]
[3.60840972],[1.20876145],[3.15652456]
[3.52172478],[1.20872036],[3.15307871]
[3.62353932],[1.20705693],[3.17383798]
[3.54531825],[1.20261045],[3.15872747]
[3.65318473],[1.19490445],[3.17474514]
[3.56331289],[1.18445624],[3.1360025]
[3.69166831],[1.17652745],[3.1558942]
[3.59561286],[1.16813871],[3.10519473]
[3.70367471],[1.15923172],[3.11572486]
[3.63731554],[1.1397853],[3.06757368]
[3.71156614],[1.14001431],[3.08723383]
[3.6438244],[1.12318156],[3.0263561]
[3.69895835],[1.10449401],[3.02655314]
[3.6336751],[1.09329634],[2.94980429]
[3.61676271],[1.08806782],[2.91989986]
[3.59966238],[1.08210852],[2.88299584]
[3.59516711],[1.07657228],[2.85723962]
[3.60293177],[1.06714922],[2.83349035]
[3.60207467],[1.05687109],[2.79774432]
[3.58661868],[1.05145332],[2.74507524]
[3.58993793],[1.04610674],[2.70193654]
[3.44834674],[1.04013858],[2.60310223]
[3.32421369],[1.03254721],[2.52768028]
[3.31651576],[1.02486258],[2.4817606]
[3.30968974],[1.0165281],[2.43657049]
[3.30094452],[1.00822666],[2.39015707]
[3.28908973],[1.00156812],[2.34812731]
[3.27537505],[0.9961335],[2.30598202]
[3.26264078],[0.98946485],[2.27217595]
[3.24698555],[0.98188872],[2.23411022]
[3.2334989],[0.97588638],[2.20443929]
[3.22045141],[0.97083509],[2.17732591]
[8.12416052],[1.44077746],[8.08974434]
[6.22237262],[1.2304656],[4.73060819]
[4.89987582],[0.96272742],[3.04433513]
[3.5939171],[0.83146158],[1.84385156]
[2.26888081],[0.66940762],[1.15539754]
[2.62276959],[0.81653456],[1.6988499]
[2.65274276],[0.94440398],[1.79551975]
[2.62281807],[0.99050198],[1.88270104]
[2.64040883],[1.02874192],[1.99323028]
[2.69461289],[1.0959998],[2.34868969]
[3.0431183],[1.1463535],[2.76278163]
[3.21677409],[1.13517053],[3.00000841]
[3.26404861],[1.15887442],[3.14332781]
[3.2941163],[1.18317771],[3.09955447]
[3.30787272],[1.20358328],[3.13878129]
[3.33879228],[1.21528362],[3.13853304]
[3.33993287],[1.22188856],[3.17304897]
[3.50557733],[1.22485254],[3.16666991]
[3.4459079],[1.22890033],[3.17743594]
[3.61304461],[1.23355204],[3.20813303]
[3.58086925],[1.23772402],[3.21845286]
[3.67371588],[1.24003736],[3.25545443]
[3.62291815],[1.23857968],[3.26257031]
[3.70171049],[1.23902272],[3.29287222]
[3.6440018],[1.23871541],[3.28689211]
[3.71948479],[1.23739044],[3.31191143]
[3.65825543],[1.23480595],[3.29233616]
[3.76335098],[1.22831442],[3.32819337]
[3.67726606],[1.21928275],[3.27528793]
[3.78473912],[1.21184172],[3.30703383]
[3.70527877],[1.20378607],[3.24887498]
[3.79787668],[1.1946789],[3.27017757]
[3.76895769],[1.18460259],[3.23577906]
[3.80313264],[1.17859675],[3.24301668]
[3.77191829],[1.16983921],[3.1974533]
[3.79454943],[1.1591308],[3.19536353]
[3.76419701],[1.14980383],[3.13597075]
[3.74645225],[1.13823974],[3.10719506]
[3.73457609],[1.11992021],[3.0685248]
[3.73127064],[1.10191094],[3.04013708]
[3.73483842],[1.0896096],[3.01082299]
[3.73262746],[1.07722531],[2.97033676]
[3.72305089],[1.06475017],[2.90464342]
[3.7247422],[1.05807541],[2.84520013]
[3.65168212],[1.05191422],[2.75092564]
[3.50578478],[1.0443422],[2.63784001]
[3.36970924],[1.03676131],[2.55300225]
[3.32448472],[1.02907534],[2.50361144]
[3.31743453],[1.02152738],[2.46009043]
[3.30820062],[1.01224934],[2.41139427]
[3.29816476],[1.0058575],[2.36861842]
[3.2864843],[0.99871342],[2.33181597]
[3.2726505],[0.99174867],[2.29380475]
[3.2595859],[0.98647731],[2.26014409]
[3.24736369],[0.98136169],[2.22823206]
[8.16825166],[1.46478184],[8.35060534]
[6.26405318],[1.26965944],[4.94630002]
[4.93235479],[1.01068416],[3.15809007]
[3.60336403],[0.8457956],[1.89488074]
[2.24947965],[0.67847924],[1.09611234]
[2.62574042],[0.81543799],[1.7035501]
[2.65997533],[0.95745082],[1.81634225]
[2.62331063],[1.00120862],[1.90078859]
[2.64408596],[1.0445904],[2.01331733]
[2.82272761],[1.15239391],[2.47673023]
[3.11374574],[1.17670583],[2.86285989]
[3.25736218],[1.18590049],[3.09094751]
[3.29202504],[1.19173474],[3.18642432]
[3.31467787],[1.20729145],[3.15771813]
[3.32437827],[1.22464502],[3.19297033]
[3.41037533],[1.23642048],[3.19381256]
[3.4360953],[1.24317829],[3.22097557]
[3.62266725],[1.24601918],[3.24489628]
[3.59505694],[1.25010254],[3.25378848]
[3.70565684],[1.25451512],[3.30797132]
[3.69414944],[1.25820353],[3.331396]
[3.7582864],[1.26215793],[3.36805019]
[3.72627051],[1.26116469],[3.37661449]
[3.7924853],[1.26144621],[3.41730854]
[3.74011551],[1.26126934],[3.40088138]
[3.80989161],[1.2604724],[3.43967704]
[3.75045458],[1.25783295],[3.40761451]
[3.83836576],[1.25160968],[3.45195539]
[3.76943855],[1.24195593],[3.39239395]
[3.85392357],[1.23465528],[3.42618599]
[3.80376677],[1.22660767],[3.37337199]
[3.86655497],[1.21753702],[3.38885096]
[3.85641704],[1.20684683],[3.35993389]
[3.87020903],[1.20122679],[3.35954737]
[3.85763894],[1.19250089],[3.32074452]
[3.86351839],[1.18194235],[3.31287589]
[3.85027583],[1.17263977],[3.26186296]
[3.83305645],[1.16408143],[3.23435912]
[3.82302743],[1.15377262],[3.20144575]
[3.82081681],[1.14424228],[3.17800638]
[3.82231961],[1.12159295],[3.15036479]
[3.82336549],[1.0929876],[3.10168611]
[3.81703039],[1.07901812],[3.03526606]
[3.8203233],[1.06665613],[2.97264889]
[3.77933635],[1.06053106],[2.87869697]
[3.69359878],[1.0531869],[2.77328499]
[3.58861532],[1.04597994],[2.67280814]
[3.44484649],[1.03875186],[2.57573071]
[3.34514085],[1.03113615],[2.5142409]
[3.32435796],[1.0229567],[2.46933517]
[3.31626788],[1.01647632],[2.42458926]
[3.30716475],[1.00990972],[2.38821814]
[3.2957876],[1.00219122],[2.3502376]
[3.28381197],[0.99614303],[2.3143597]
[3.27384557],[0.99103807],[2.28240213]
[8.17137458],[1.48291958],[8.40404072]
[6.25769683],[1.28375672],[4.94709113]
[4.90190487],[1.02605349],[3.11114571]
[3.55934413],[0.84129787],[1.84103883]
[2.19788119],[0.67049769],[1.08052746]
[2.6258601],[0.82963249],[1.725123]
[2.65331709],[0.97783289],[1.84092124]
[2.61439253],[1.01496659],[1.92661012]
[2.64550358],[1.0680462],[2.04996257]
[2.94999495],[1.18974198],[2.60542723]
[3.15826327],[1.20681929],[2.93511386]
[3.28817925],[1.20870706],[3.15891353]
[3.31077019],[1.21030958],[3.22222766]
[3.34571458],[1.22775539],[3.21237194]
[3.33844778],[1.24707006],[3.23278733]
[3.57358841],[1.25723119],[3.27129827]
[3.60231607],[1.26339672],[3.28953195]
[3.72385411],[1.26550182],[3.3437245]
[3.71505814],[1.26952442],[3.36888506]
[3.79098058],[1.27531347],[3.42189377]
[3.78913627],[1.28091728],[3.44653063]
[3.83210616],[1.28371614],[3.48211114]
[3.8087316],[1.28308745],[3.49195566]
[3.85401044],[1.28316253],[3.52755438]
[3.81919132],[1.28310934],[3.51301185]
[3.86723581],[1.28203989],[3.54496123]
[3.83042693],[1.27971192],[3.52244884]
[3.8875966],[1.27256275],[3.5595248]
[3.84395467],[1.26256131],[3.51214776]
[3.89938323],[1.25482871],[3.53442083]
[3.8700751],[1.24611566],[3.4823682]
[3.91708368],[1.23707701],[3.48790018]
[3.92188881],[1.22455953],[3.45905798]
[3.91384002],[1.22011703],[3.45271987]
[3.91657768],[1.21130904],[3.41746446]
[3.90723022],[1.20170232],[3.40555531]
[3.90250492],[1.19234048],[3.35937311]
[3.88566389],[1.18337483],[3.33163678]
[3.87887639],[1.17287833],[3.30027288]
[3.87674707],[1.16327738],[3.27764283]
[3.87704753],[1.14259469],[3.25022877]
[3.87801384],[1.10558236],[3.20400835]
[3.87309677],[1.09142651],[3.13536395]
[3.87572409],[1.07862291],[3.072043]
[3.85104807],[1.06679479],[2.97962722]
[3.79072703],[1.06001068],[2.87806876]
[3.72061671],[1.05367684],[2.78583307]
[3.62582099],[1.04694157],[2.68970364]
[3.49118761],[1.04023528],[2.59626311]
[3.38040841],[1.03327314],[2.52588659]
[3.34571773],[1.02680851],[2.4796218]
[3.32459913],[1.02127689],[2.43728462]
[3.31462581],[1.01464434],[2.40302474]
[3.30466928],[1.00863552],[2.37038809]
[3.29538449],[1.00278464],[2.33542956]
[8.19839082],[1.49780483],[8.44990183]
[6.24742903],[1.29794544],[4.94589833]
[4.83489861],[1.05131139],[3.05684857]
[3.4871585],[0.83825759],[1.76455466]
[2.10116702],[0.65881505],[1.02314463]
[2.63932706],[0.84821168],[1.73825543]
[2.66379476],[1.00125088],[1.88006939]
[2.62419019],[1.03292234],[1.968954]
[2.77882353],[1.11918002],[2.54690531]
[3.06350448],[1.23069303],[2.83920283]
[3.20422073],[1.24532004],[3.10138384]
[3.31336649],[1.24718789],[3.27443216]
[3.32990621],[1.24911477],[3.33290653]
[3.47797714],[1.26455995],[3.33914943]
[3.48445299],[1.28212938],[3.35558709]
[3.66951119],[1.29054851],[3.40595254]
[3.70069602],[1.29638594],[3.43406122]
[3.79203726],[1.29815921],[3.48407728]
[3.79208899],[1.30375757],[3.51318984]
[3.84636002],[1.31286027],[3.56810101]
[3.85111807],[1.32140454],[3.60720306]
[3.89256176],[1.32668074],[3.65874791]
[3.87501029],[1.3302226],[3.67775886]
[3.91886874],[1.33400993],[3.74581111]
[3.90138112],[1.33934715],[3.74524014]
[3.94476808],[1.34270215],[3.80751979]
[3.95024716],[1.34344797],[3.80662409]
[3.99315308],[1.33820693],[3.85825661]
[4.0066836],[1.32491359],[3.82386736]
[4.03128734],[1.31376619],[3.84262626]
[4.06026706],[1.30043145],[3.78952806]
[4.09329011],[1.28770972],[3.77565421]
[4.14298534],[1.2706723],[3.73862618]
[4.05068377],[1.26217847],[3.68710977]
[4.09173516],[1.24911081],[3.63527323]
[4.01964161],[1.23607073],[3.58941332]
[4.03826109],[1.22712498],[3.53496388]
[3.9874099],[1.21856238],[3.48861173]
[3.96591179],[1.20886621],[3.4489734]
[3.95114167],[1.19970083],[3.42092075]
[3.94031043],[1.18122918],[3.39134804]
[3.93985099],[1.14657497],[3.34576257]
[3.92998401],[1.10635933],[3.27480028]
[3.92844428],[1.09237632],[3.2050781]
[3.91161788],[1.08153264],[3.11932576]
[3.86654616],[1.07075293],[3.01502178]
[3.820769],[1.06356505],[2.92300239]
[3.76349524],[1.05709403],[2.8350967]
[3.682685],[1.05083214],[2.73974167]
[3.53913006],[1.04444375],[2.63090341]
[3.4115085],[1.03939177],[2.55293744]
[3.37293549],[1.03293923],[2.5061968]
[3.33097346],[1.02609678],[2.46154158]
[3.32276174],[1.0184619],[2.42686438]
[3.3153113],[1.01183479],[2.39580952]
[8.22242353],[1.51251359],[8.57599187]
[6.25441696],[1.32175774],[5.01304792]
[4.7269234],[1.10549387],[3.03140509]
[3.38829274],[0.84322318],[1.69076896]
[1.9754295],[0.64694462],[0.98378283]
[2.64947691],[0.86223861],[1.74510203]
[2.67292023],[1.010736],[1.90610042]
[2.63316535],[1.04593013],[2.32078258]
[2.85250827],[1.16817415],[2.6850643]
[3.123087],[1.26261808],[2.96955003]
[3.23255871],[1.27763555],[3.2017524]
[3.32955334],[1.27525477],[3.35844001]
[3.34303911],[1.27526172],[3.40593928]
[3.57014586],[1.2869829],[3.43399671]
[3.58538201],[1.31764053],[3.45913017]
[3.72792122],[1.33191107],[3.52765311]
[3.76912675],[1.34376156],[3.61342196]
[3.85560276],[1.35156673],[3.68436935]
[3.87348726],[1.36061469],[3.73723889]
[3.91787553],[1.36893115],[3.81046299]
[3.94781971],[1.37741838],[3.85565961]
[3.99257623],[1.38182746],[3.93326224]
[4.01459106],[1.3851353],[3.96516405]
[4.04026891],[1.38861179],[4.0329838]
[4.07551099],[1.39415388],[4.06448667]
[4.0937946],[1.39723549],[4.11837178]
[4.142523],[1.39726388],[4.13874396]
[4.18189514],[1.39234455],[4.20568283]
[4.21294432],[1.3790012],[4.17794713]
[4.24526196],[1.36827419],[4.21429609]
[4.27134904],[1.35534638],[4.1561223]
[4.30874867],[1.34308831],[4.13786863]
[4.34136723],[1.32572582],[4.0920306]
[4.28991266],[1.31775444],[4.02337398]
[4.30843379],[1.3049433],[3.98036369]
[4.24161131],[1.29100965],[3.90474938]
[4.2614182],[1.27766703],[3.85627398]
[4.19722902],[1.26421804],[3.77266569]
[4.15587093],[1.25052985],[3.7070652]
[4.12698793],[1.23751664],[3.65239874]
[4.09772048],[1.21428277],[3.59513774]
[4.07640783],[1.17561283],[3.52326366]
[4.0523928],[1.13106199],[3.42825124]
[4.04011984],[1.09847059],[3.33856344]
[4.02714104],[1.08747444],[3.24064418]
[3.93719182],[1.07602037],[3.11670573]
[3.88459253],[1.06810675],[3.018349]
[3.84574156],[1.06224495],[2.93337871]
[3.79330037],[1.05596125],[2.84697253]
[3.70646937],[1.05087905],[2.74461427]
[3.60431893],[1.04633101],[2.65427078]
[3.46005352],[1.03983458],[2.56473412]
[3.38850454],[1.03314012],[2.5113547]
[3.34980827],[1.0262558],[2.47046509]
[3.33156128],[1.02004983],[2.43921102]
[8.34259265],[1.53945966],[8.74209728]
[6.3313884],[1.33441168],[5.05378845]
[4.71351806],[1.11900752],[3.02265418]
[3.33616623],[0.8450611],[1.65378735]
[1.90212717],[0.63065126],[0.9053671]
[2.64634234],[0.86513634],[1.73296415]
[2.66971375],[1.01431078],[1.91184339]
[2.63845961],[1.05404884],[2.35639639]
[2.89630411],[1.19185893],[2.74853904]
[3.15088718],[1.29054488],[3.03671655]
[3.24870537],[1.30796136],[3.27918798]
[3.36107907],[1.30673923],[3.44531958]
[3.4154204],[1.31903035],[3.50879857]
[3.62869485],[1.33786881],[3.57422389]
[3.6462329],[1.36442302],[3.63519104]
[3.7808126],[1.3764474],[3.71453242]
[3.84526557],[1.38566818],[3.79635311]
[3.91502032],[1.39312662],[3.88355666]
[3.95293134],[1.40194461],[3.93563034]
[4.00043986],[1.41015141],[4.01942829]
[4.06580887],[1.41762536],[4.07867904]
[4.1067193],[1.42145941],[4.15090491]
[4.1562967],[1.42459059],[4.21128854]
[4.1909078],[1.42788868],[4.31943788]
[4.2283914],[1.43296039],[4.36490566]
[4.25203354],[1.43621488],[4.42605744]
[4.27975735],[1.43708609],[4.45216551]
[4.31852496],[1.43277783],[4.51045792]
[4.33424712],[1.41983311],[4.49811065]
[4.36791494],[1.40893152],[4.52225546]
[4.3808198],[1.39616047],[4.48683422]
[4.41645121],[1.38418717],[4.45320957]
[4.44308521],[1.36849389],[4.40548473]
[4.41469743],[1.36102801],[4.33011433]
[4.41880189],[1.34850423],[4.26339438]
[4.37847464],[1.33497909],[4.18611836]
[4.38257517],[1.32214845],[4.11866424]
[4.34377569],[1.30927409],[4.0360128]
[4.3063166],[1.29601531],[3.97050218]
[4.28486612],[1.28300672],[3.91353205]
[4.26234258],[1.26092785],[3.85274409]
[4.2450466],[1.22416793],[3.77626932]
[4.21424916],[1.18112414],[3.67004462]
[4.19089985],[1.13634634],[3.54905621]
[4.17384772],[1.09867307],[3.42192448]
[4.04365169],[1.08448617],[3.26732799]
[3.95737563],[1.07123165],[3.13813985]
[3.89439652],[1.06665545],[3.02768548]
[3.84737513],[1.06123344],[2.92928127]
[3.78262262],[1.05656505],[2.82763237]
[3.7096903],[1.05217339],[2.74143586]
[3.60763828],[1.04618038],[2.65416247]
[3.44596508],[1.03947567],[2.56283408]
[3.3948832],[1.03286091],[2.51778827]
[3.36273951],[1.02753831],[2.48220887]
[8.43250126],[1.54542105],[8.80202286]
[6.37250057],[1.33863715],[5.02948124]
[4.64020833],[1.11673336],[2.95814282]
[3.24832278],[0.83848781],[1.5952223]
[1.92804233],[0.61086002],[0.95087574]
[2.64594329],[0.88013649],[1.73610365]
[2.65112723],[1.02141019],[1.91773695]
[2.64004195],[1.06444181],[2.38805369]
[2.93509245],[1.21422889],[2.79330752]
[3.17414704],[1.31415977],[3.08144863]
[3.25888243],[1.33859079],[3.32881283]
[3.45310248],[1.35059565],[3.54232922]
[3.51861983],[1.36656094],[3.64754509]
[3.70099665],[1.38200407],[3.73676509]
[3.7501697],[1.4063584],[3.8113498]
[3.85481041],[1.4156481],[3.88458054]
[3.91870868],[1.42277166],[3.96604793]
[4.0179759],[1.42772593],[4.07370513]
[4.07958107],[1.43383522],[4.13344549]
[4.13267055],[1.43957627],[4.22589315]
[4.22336792],[1.44610522],[4.30484629]
[4.26518207],[1.44989231],[4.4114508]
[4.29387835],[1.45277145],[4.46590783]
[4.33076679],[1.45579143],[4.55532909]
[4.35182035],[1.46063026],[4.607664]
[4.37969647],[1.46446752],[4.66907456]
[4.39260775],[1.46589896],[4.70372394]
[4.43007657],[1.46108154],[4.75706634]
[4.43557249],[1.44804479],[4.7505111]
[4.46798878],[1.43748878],[4.76852678]
[4.47113832],[1.4238292],[4.73902146]
[4.50554208],[1.4119107],[4.70574372]
[4.52754857],[1.39472994],[4.6585967]
[4.52335635],[1.38729227],[4.58157887]
[4.51074897],[1.3755608],[4.51291584]
[4.48812683],[1.36294436],[4.42143804]
[4.48293307],[1.35097896],[4.35328727]
[4.46129197],[1.33902945],[4.2620152]
[4.42750882],[1.3263016],[4.18449306]
[4.41104456],[1.31401865],[4.12104113]
[4.39331973],[1.29191038],[4.05992588]
[4.37708569],[1.25743809],[3.98171278]
[4.35420261],[1.2175346],[3.88144386]
[4.33701916],[1.17553494],[3.76475726]
[4.31592319],[1.13833336],[3.6255059]
[4.22228834],[1.09773094],[3.44590416]
[4.09171495],[1.084318],[3.29116369]
[3.99905661],[1.07214146],[3.16739888]
[3.91772449],[1.0664947],[3.05156486]
[3.85828558],[1.060901],[2.93610754]
[3.79013613],[1.05530429],[2.83633733]
[3.706084],[1.04931447],[2.74248881]
[3.59926765],[1.04286391],[2.64741855]
[3.49122465],[1.03709235],[2.57255823]
[3.41766495],[1.03285308],[2.52860568]
[8.58618559],[1.55630883],[8.93867732]
[6.48733862],[1.34399322],[5.07992459]
[4.67591197],[1.11686425],[2.97028172]
[3.24873785],[0.83547198],[1.60735945]
[1.94302821],[0.61271641],[0.99209542]
[2.65256778],[0.88954262],[1.75063953]
[2.65883474],[1.0287703],[1.93481993]
[2.6796674],[1.08911211],[2.4963431]
[2.98815006],[1.25028063],[2.93063124]
[3.20816839],[1.35890853],[3.20339265]
[3.28158304],[1.39478895],[3.49113786]
[3.52793128],[1.40537114],[3.72229423]
[3.62622899],[1.42065412],[3.87403492]
[3.77800991],[1.43523977],[3.93372119]
[3.82966178],[1.4568044],[4.01387745]
[3.91234081],[1.46271177],[4.10942309]
[4.01808312],[1.4668303],[4.20106585]
[4.13955591],[1.46762679],[4.34424601]
[4.22438748],[1.47185779],[4.41083644]
[4.27864658],[1.47714975],[4.52777657]
[4.33432197],[1.48329079],[4.5987151]
[4.37547133],[1.48648452],[4.68088854]
[4.39245746],[1.48909359],[4.74776301]
[4.42783423],[1.49247673],[4.83628567]
[4.43987004],[1.496944],[4.90081769]
[4.46758547],[1.50083823],[4.95595994]
[4.47256334],[1.50426701],[4.9947209]
[4.5093204],[1.49918881],[5.04111379]
[4.50897519],[1.48607403],[5.03719369]
[4.55406567],[1.47400905],[5.04490132]
[4.54020217],[1.46046695],[5.01587213]
[4.60874062],[1.44882313],[4.99671551]
[4.62063293],[1.43220382],[4.94887286]
[4.64951924],[1.42575328],[4.88413851]
[4.60671794],[1.41443504],[4.81211014]
[4.60494191],[1.40305771],[4.72684127]
[4.56641021],[1.39331218],[4.66165452]
[4.56606119],[1.38482267],[4.58300003]
[4.51470861],[1.37554944],[4.50785921]
[4.50600209],[1.3664067],[4.4538287]
[4.49635804],[1.34861673],[4.39558753]
[4.48783128],[1.31765887],[4.31869829]
[4.47407962],[1.28174854],[4.21315714]
[4.46548988],[1.24308088],[4.07689701]
[4.45011487],[1.20217356],[3.94213273]
[4.3906548],[1.16241243],[3.75646662]
[4.3051904],[1.12210878],[3.56822319]
[4.19118753],[1.09562265],[3.40705749]
[4.06173207],[1.08454772],[3.26659232]
[3.96168534],[1.07427263],[3.13574795]
[3.90460247],[1.06740682],[3.0284769]
[3.8409385],[1.06081997],[2.92122007]
[3.74107523],[1.05312117],[2.79945977]
[3.6319487],[1.04663249],[2.6986392]
[3.50488153],[1.04097323],[2.61703927]
[8.6720188],[1.57218394],[9.13253875]
[6.55357998],[1.35955753],[5.18898682]
[4.63730753],[1.14807174],[2.98086036]
[3.15914302],[0.84841467],[1.58369338]
[1.95552719],[0.60880507],[0.99686629]
[2.65259316],[0.89782816],[1.75409559]
[2.67713436],[1.03192746],[1.95302849]
[2.74530445],[1.11633256],[2.54624252]
[3.04070475],[1.28867677],[3.00065731]
[3.24120058],[1.40123239],[3.31074021]
[3.33349803],[1.43787997],[3.63611428]
[3.63192249],[1.44852007],[3.88565378]
[3.7304704],[1.46400909],[4.05703703]
[3.84512584],[1.47737752],[4.1237403]
[3.90067993],[1.49271104],[4.20404172]
[3.99283789],[1.49845794],[4.32657107]
[4.14048912],[1.50279548],[4.43435229]
[4.28229949],[1.50433287],[4.61636936]
[4.34293569],[1.50770628],[4.68339368]
[4.3908707],[1.51368573],[4.79069124]
[4.42642645],[1.52006985],[4.87319933]
[4.46636919],[1.5236818],[4.96305047]
[4.47521554],[1.52684445],[5.03199715]
[4.50765333],[1.53075201],[5.12264954]
[4.51310788],[1.53453908],[5.18566237]
[4.54754903],[1.5379016],[5.25194081]
[4.54102379],[1.54262578],[5.28491642]
[4.60735078],[1.5385165],[5.35716264]
[4.57948038],[1.52665598],[5.35302483]
[4.66475953],[1.51524918],[5.38478905]
[4.62921233],[1.50126781],[5.34525082]
[4.71982801],[1.48985003],[5.34256192]
[4.72355038],[1.47252321],[5.29162315]
[4.78373069],[1.46656599],[5.23328881]
[4.73212908],[1.45606186],[5.16222855]
[4.75682853],[1.444817],[5.09169855]
[4.70723205],[1.4349205],[5.02446312]
[4.7312196],[1.42642516],[4.957575]
[4.67489412],[1.41736667],[4.87968646]
[4.66355221],[1.40854056],[4.82257457]
[4.65005976],[1.3896481],[4.75821777]
[4.63729711],[1.36052072],[4.67742902]
[4.62144683],[1.327817],[4.56516625]
[4.60906968],[1.28974737],[4.42135351]
[4.58826477],[1.2544199],[4.22621203]
[4.5252681],[1.21475988],[4.03051108]
[4.45953509],[1.17420685],[3.84903353]
[4.38088819],[1.13490113],[3.66272952]
[4.28291401],[1.10184073],[3.50050268]
[4.13920879],[1.09003951],[3.33585932]
[4.0239654],[1.07700554],[3.2093289]
[3.9482297],[1.06895701],[3.09344216]
[3.88449656],[1.06044835],[2.97079267]
[3.80659579],[1.05408196],[2.8557514]
[3.71975904],[1.04787153],[2.76946333]
[8.79572366],[1.60006114],[9.32483019]
[6.66201475],[1.37732084],[5.30508418]
[4.73175843],[1.16309613],[3.01398249]
[3.10893179],[0.8508972],[1.56806232]
[1.92031828],[0.60380802],[0.96476972]
[2.65999412],[0.90096433],[1.75191462]
[2.69638419],[1.03795334],[1.97689279]
[2.80786525],[1.15878132],[2.63511731]
[3.09278755],[1.32782387],[3.1465818]
[3.30765308],[1.44074342],[3.45631646]
[3.39446467],[1.47890251],[3.79088755]
[3.71847824],[1.48926434],[4.04341991]
[3.81332184],[1.50249079],[4.30263778]
[3.90374043],[1.51504155],[4.39453489]
[3.98912608],[1.52880913],[4.43263489]
[4.09077246],[1.53689641],[4.59260935]
[4.28278904],[1.54242795],[4.74243812]
[4.39843132],[1.54474706],[4.90117881]
[4.44230089],[1.54839197],[4.99420246]
[4.48398819],[1.55269702],[5.09814951]
[4.50681599],[1.55996533],[5.18673421]
[4.54579426],[1.56384628],[5.27644965]
[4.54775246],[1.56844214],[5.35427298]
[4.60880286],[1.57337511],[5.46261064]
[4.5876559],[1.5787518],[5.55360393]
[4.66436825],[1.58399444],[5.66444286]
[4.63169685],[1.59024748],[5.71660108]
[4.73140903],[1.58725948],[5.82598091]
[4.69686198],[1.57881111],[5.83244223]
[4.80527274],[1.56432575],[5.89341061]
[4.75891346],[1.55062919],[5.82260005]
[4.88697671],[1.53851426],[5.84487344]
[4.87914438],[1.51996969],[5.77406189]
[4.98952058],[1.51288198],[5.74298048]
[4.91562138],[1.50047287],[5.62036515]
[4.96132635],[1.48790976],[5.55237258]
[4.87798806],[1.47750937],[5.44373427]
[4.92859419],[1.46878287],[5.38209114]
[4.84319241],[1.46008103],[5.27796947]
[4.83240131],[1.45169304],[5.21299188]
[4.8191442],[1.43335711],[5.14482167]
[4.80528997],[1.40531878],[5.06415371]
[4.79056756],[1.37409542],[4.95223761]
[4.77760445],[1.34410595],[4.81280909]
[4.75293575],[1.31074183],[4.60718861]
[4.696858],[1.27271455],[4.37363582]
[4.62706924],[1.23518938],[4.15571099]
[4.52735955],[1.19983109],[3.97256195]
[4.45906329],[1.16163853],[3.79275406]
[4.36520865],[1.12540572],[3.60720564]
[4.25449699],[1.0933276],[3.44740305]
[4.11132736],[1.07958765],[3.29754084]
[3.99454458],[1.07119087],[3.16074671]
[3.94160439],[1.06512024],[3.05458777]
[3.88000096],[1.05893362],[2.95737675]
[8.88067743],[1.60863566],[9.44748217]
[6.80255889],[1.38558384],[5.34392018]
[4.75788327],[1.16700375],[2.97707134]
[2.98165664],[0.84580068],[1.51902041]
[1.97728354],[0.5967535],[1.02584678]
[2.6665848],[0.92193667],[1.78195438]
[2.69475847],[1.05163292],[2.00741652]
[2.90486824],[1.20528773],[2.79646466]
[3.14423678],[1.37019551],[3.29261122]
[3.37666032],[1.47990493],[3.60222044]
[3.54825865],[1.51684668],[3.94161757]
[3.79714507],[1.52594544],[4.21148592]
[3.88881517],[1.5390827],[4.5603179]
[3.98750504],[1.5546121],[4.67120416]
[4.11614336],[1.57055039],[4.71263823]
[4.26676159],[1.57923992],[4.89944979]
[4.41011363],[1.58669262],[5.07833794]
[4.50000701],[1.59192922],[5.26374698]
[4.52722799],[1.59789287],[5.37811163]
[4.57965497],[1.60394838],[5.50128199]
[4.58369567],[1.61145588],[5.60583184]
[4.68532077],[1.61694721],[5.74879469]
[4.66075202],[1.62271218],[5.83962054]
[4.76022019],[1.62750326],[5.99060737]
[4.72541375],[1.63251432],[6.07220132]
[4.82917978],[1.64131463],[6.21721896]
[4.78032536],[1.65396823],[6.26806903]
[4.92151504],[1.66504728],[6.40327655]
[4.84627029],[1.67763552],[6.40774045]
[5.01116708],[1.65268261],[6.4985059]
[4.94280443],[1.62209243],[6.39709963]
[5.08091906],[1.59640647],[6.44865761]
[5.08246796],[1.56756591],[6.35555817]
[5.15382856],[1.56062621],[6.30707899]
[5.13069876],[1.54801739],[6.1538677]
[5.1433164],[1.53479182],[6.07560263]
[5.09113068],[1.52450219],[5.94923249]
[5.11651851],[1.51355375],[5.88779315]
[5.06133227],[1.50339605],[5.76343848]
[5.04501709],[1.49356723],[5.68678639]
[5.02991803],[1.47479505],[5.6070096]
[5.01384441],[1.4541479],[5.51472691]
[4.99586551],[1.42864557],[5.39028988]
[4.98002563],[1.40045096],[5.23112138]
[4.9441156],[1.37009314],[5.00620744]
[4.88417408],[1.3312995],[4.75866644]
[4.81886412],[1.29537437],[4.5184314]
[4.72727881],[1.26038447],[4.28324485]
[4.62428239],[1.22309194],[4.08988542]
[4.52691958],[1.18633429],[3.8960709]
[4.45459696],[1.15037194],[3.71161406]
[4.36652021],[1.11274662],[3.55282855]
[4.23780659],[1.08167836],[3.38200037]
[4.08367727],[1.07568571],[3.24281]
[3.99677901],[1.06951375],[3.13485606]
[9.11852377],[1.62531805],[9.66457844]
[6.98889051],[1.39717233],[5.47667636]
[4.89942694],[1.17480193],[3.05492533]
[2.98535731],[0.8441558],[1.54591773]
[2.02852397],[0.61213615],[1.09288345]
[2.68633093],[0.94054919],[1.82176858]
[2.72317236],[1.07287778],[2.05724277]
[2.98788504],[1.26390968],[3.01825865]
[3.19790894],[1.42230108],[3.50707259]
[3.47817073],[1.52321483],[3.80287179]
[3.65449737],[1.56141402],[4.14021874]
[3.85828175],[1.57244084],[4.45246549]
[3.96260112],[1.59228271],[4.91275336]
[4.07874249],[1.61062303],[5.06792128]
[4.25968158],[1.62578177],[5.16074918]
[4.40149379],[1.63437531],[5.34830692]
[4.51428824],[1.64193113],[5.57065542]
[4.60276438],[1.64662886],[5.79985666]
[4.62694435],[1.65951581],[5.96359665]
[4.73599111],[1.67100807],[6.0999869]
[4.72175364],[1.6848789],[6.23329462]
[4.8473503],[1.69762087],[6.34596796]
[4.80262674],[1.71125798],[6.46099141]
[4.94243886],[1.72235187],[6.58707817]
[4.86580787],[1.73601924],[6.7024262]
[5.02472488],[1.74880315],[6.83269193]
[4.95674331],[1.76309478],[6.92554799]
[5.09807774],[1.76967573],[7.0496396]
[5.05205076],[1.78276816],[7.08996507]
[5.16477763],[1.7616951],[7.17252066]
[5.13717147],[1.72714917],[7.12751859]
[5.23727469],[1.6964401],[7.15657462]
[5.26812228],[1.64222744],[7.09385627]
[5.32218259],[1.63526445],[7.04561611]
[5.33803281],[1.60313285],[6.86238518]
[5.32951636],[1.59004085],[6.74485782]
[5.29345316],[1.58015743],[6.58153247]
[5.2859152],[1.56969589],[6.49233302]
[5.24522248],[1.55941072],[6.35297176]
[5.21159897],[1.55016416],[6.25292251]
[5.18960352],[1.530309],[6.15099776]
[5.16783929],[1.50667312],[6.04054169]
[5.14886987],[1.48093224],[5.90602622]
[5.13496925],[1.45487422],[5.7535331]
[5.10053545],[1.42705561],[5.52536967]
[5.0548846],[1.39537877],[5.2267373]
[5.00441588],[1.36490837],[4.99316116]
[4.91908254],[1.33231618],[4.74129418]
[4.80252509],[1.29639735],[4.4882047]
[4.68860768],[1.26114605],[4.25134573]
[4.58323396],[1.22601155],[4.05509033]
[4.5194656],[1.18903456],[3.86771939]
[4.43323177],[1.13140115],[3.67203233]
[4.33118142],[1.09163604],[3.51995951]
[4.19579217],[1.08377917],[3.36608121]
[9.27255076],[1.64987642],[9.9339681]
[7.04011457],[1.4166499],[5.64251927]
[4.92558267],[1.21169958],[3.13423675]
[3.00099655],[0.86738565],[1.56263216]
[2.07314093],[0.6110732],[1.11810035]
[2.70964609],[0.95792824],[1.85457199]
[2.7939228],[1.12533071],[2.13256382]
[3.06715907],[1.31365105],[3.17620515]
[3.26788589],[1.47186387],[3.68455625]
[3.59158814],[1.56778619],[4.00191767]
[3.76826384],[1.60824047],[4.355425]
[3.9397911],[1.62399988],[4.7935161]
[4.09776593],[1.64229472],[5.2532856]
[4.25135746],[1.6584596],[5.46542915]
[4.41352886],[1.67181678],[5.65598739]
[4.52925168],[1.68228377],[5.85008169]
[4.60909324],[1.73238598],[6.18407699]
[4.74740313],[1.75464416],[6.39954174]
[4.7536395],[1.77130658],[6.58952216]
[4.88344236],[1.78349749],[6.69410022]
[4.84760856],[1.79780608],[6.85281953]
[5.02453429],[1.81110121],[6.98771551]
[4.9702444],[1.82587913],[7.11378209]
[5.1069754],[1.83766675],[7.27031514]
[5.06611091],[1.85212841],[7.40445583]
[5.17367524],[1.86570141],[7.58755358]
[5.14737824],[1.88054552],[7.71836187]
[5.25490566],[1.88624199],[7.86311343]
[5.24778956],[1.89839194],[7.95435909]
[5.33960211],[1.88656291],[7.98922976]
[5.34639207],[1.85837658],[8.03179577]
[5.41922686],[1.83277084],[7.96646555]
[5.46845873],[1.77184334],[7.96236695]
[5.50272986],[1.76469377],[7.89639879]
[5.54838714],[1.71209748],[7.7429996]
[5.52423228],[1.69530866],[7.57327104]
[5.50219677],[1.6793696],[7.42253152]
[5.47038397],[1.66294594],[7.28824267]
[5.44366165],[1.64814674],[7.11165245]
[5.40285503],[1.6287478],[6.95353916]
[5.3768617],[1.61198149],[6.79953422]
[5.35041292],[1.59378876],[6.65473332]
[5.32395722],[1.55881367],[6.48560105]
[5.30210243],[1.50795184],[6.2899869]
[5.2602208],[1.47917518],[6.05447247]
[5.20384186],[1.4478166],[5.73760267]
[5.15072745],[1.41854029],[5.43459876]
[5.08806085],[1.38818008],[5.16051921]
[4.99729856],[1.35525586],[4.90173294]
[4.87188402],[1.32149211],[4.61503942]
[4.76155302],[1.28628287],[4.3736798]
[4.65723245],[1.24683186],[4.15242478]
[4.57260021],[1.19818293],[3.94692605]
[4.5032663],[1.16182249],[3.76851305]
[4.4153513],[1.11169374],[3.61004268]
[9.43179083],[1.69787896],[10.24861716]
[7.14742698],[1.43880518],[5.80428705]
[5.02170774],[1.23719262],[3.23227192]
[3.13594344],[0.88389451],[1.60056929]
[2.07558281],[0.61487729],[1.11622445]
[2.74142965],[0.97401852],[1.89292769]
[2.90734824],[1.17795614],[2.25914228]
[3.14964255],[1.35824507],[3.33857139]
[3.35607006],[1.51551193],[3.89718225]
[3.69448679],[1.60787514],[4.20461674]
[3.8679813],[1.64909437],[4.59610083]
[4.05028066],[1.66424174],[5.08598259]
[4.25190538],[1.68311222],[5.59313529]
[4.41501012],[1.69944705],[5.86867713]
[4.53317152],[1.72764345],[6.15072359]
[4.63685031],[1.7714342],[6.38054604]
[4.70779063],[1.81915177],[6.72953852]
[4.89510146],[1.84144838],[6.95199839]
[4.88078443],[1.85838836],[7.18376074]
[5.05091003],[1.87065007],[7.3432067]
[5.02044751],[1.88520778],[7.47907822]
[5.16204418],[1.89879904],[7.67485428]
[5.139496],[1.91389462],[7.80185363]
[5.23933811],[1.92652272],[7.97953119]
[5.23448957],[1.94133184],[8.15095928]
[5.32275411],[1.95518179],[8.32502306]
[5.36872242],[1.97096549],[8.5173289]
[5.41923253],[1.97556381],[8.66261532]
[5.56292211],[1.98928619],[8.81871864]
[5.5501688],[1.98607264],[8.8432377]
[5.68847434],[1.96295259],[8.95569373]
[5.65626287],[1.94190945],[8.89489249]
[5.7717636],[1.89126476],[8.9629139]
[5.82739997],[1.88491238],[8.90340755]
[5.86217987],[1.83016166],[8.81668974]
[5.88651253],[1.82328602],[8.6267378]
[5.82472726],[1.8029296],[8.42788989]
[5.71964483],[1.78267483],[8.19154224]
[5.67757859],[1.76462237],[8.0136865]
[5.60141463],[1.74029978],[7.81824572]
[5.57113906],[1.72525336],[7.65875786]
[5.54103886],[1.71199149],[7.48700545]
[5.50918445],[1.69384468],[7.26752323]
[5.48003505],[1.6436238],[7.02948972]
[5.43299119],[1.57129548],[6.72101738]
[5.37536926],[1.50469104],[6.32439526]
[5.32147419],[1.4708723],[5.9894362]
[5.25597865],[1.44203919],[5.66962812]
[5.15833146],[1.41084365],[5.36665837]
[5.07381164],[1.37863425],[5.06724205]
[4.97582394],[1.34542424],[4.79321998]
[4.84685595],[1.30477981],[4.51478666]
[4.73363707],[1.26541929],[4.27679515]
[4.63384372],[1.22887051],[4.0730632]
[4.57490674],[1.17757262],[3.88676049]
[9.53682205],[1.71746738],[10.45833333]
[7.22184768],[1.44785342],[5.85417963]
[5.04784883],[1.25054622],[3.26481913]
[3.20889417],[0.89547965],[1.6215765]
[2.13403405],[0.60630906],[1.2073608]
[2.75769102],[0.99660727],[1.93604579]
[2.99458282],[1.23702985],[2.43191189]
[3.25129903],[1.40514823],[3.51971274]
[3.46151905],[1.55839666],[4.09314113]
[3.80241411],[1.64677251],[4.43338205]
[4.00274192],[1.68664513],[4.86930448]
[4.17298315],[1.70335577],[5.41390459]
[4.40306357],[1.72329238],[5.97640443]
[4.54695344],[1.75939042],[6.34823729]
[4.6306907],[1.81269331],[6.68297201]
[4.79533265],[1.85448822],[6.92901129]
[4.84280487],[1.89992159],[7.25408972]
[5.06826373],[1.92056684],[7.54920541]
[5.06616946],[1.93783309],[7.78742366]
[5.1867022],[1.95030203],[7.98646182]
[5.17779357],[1.96499336],[8.12128332]
[5.28734189],[1.97874071],[8.3269821]
[5.31537442],[1.99447484],[8.4991655]
[5.39381923],[2.00785706],[8.70574231]
[5.42342362],[2.02354185],[8.92949237]
[5.51288684],[2.03701426],[9.11255005]
[5.77572254],[2.05306554],[9.3898526]
[5.88846583],[2.0604838],[9.58534451]
[6.01545668],[2.07265816],[9.81489065]
[6.0848763],[2.07174279],[9.9201488]
[6.14268397],[2.05312056],[10.04898015]
[6.22397016],[2.03581056],[10.09441868]
[6.27464234],[1.99622125],[10.14410203]
[6.4054601],[1.98828526],[10.17156265]
[6.42925406],[1.94439273],[10.08806951]
[6.42917138],[1.94127589],[9.9892498]
[6.32245798],[1.92358269],[9.76269821]
[6.26365061],[1.90564889],[9.54522078]
[6.1331089],[1.88895489],[9.27344394]
[6.06711604],[1.86832213],[9.02616044]
[5.97274342],[1.84998737],[8.74348483]
[5.90416365],[1.82856401],[8.49523529]
[5.82816554],[1.79712549],[8.22615042]
[5.75176065],[1.752326],[7.95015546]
[5.60785186],[1.70179326],[7.61867606]
[5.54949999],[1.64332116],[7.15541454]
[5.49484291],[1.57082311],[6.59857819]
[5.43649609],[1.49494007],[6.23873928]
[5.3399759],[1.46344089],[5.89560494]
[5.23923911],[1.43275778],[5.54875793]
[5.16014163],[1.40088471],[5.2460216]
[5.0797207],[1.35917482],[4.95556134]
[4.95916897],[1.32606244],[4.66992126]
[4.82785653],[1.2869161],[4.42337639]
[4.72321131],[1.23502242],[4.19420808]
[9.70006844],[1.74448308],[10.8320445]
[7.35431772],[1.46431901],[6.01077717]
[5.18379396],[1.26984557],[3.39063602]
[3.34191835],[0.91387943],[1.71702743]
[2.20786149],[0.6223837],[1.31639873]
[2.80196075],[1.01689029],[1.99380806]
[3.10928095],[1.30414114],[2.6776317]
[3.37158237],[1.45729368],[3.75718064]
[3.6122858],[1.60545217],[4.3583998]
[3.89627409],[1.68419341],[4.78464173]
[4.14047481],[1.72288374],[5.25963762]
[4.34718303],[1.73929381],[5.8189126]
[4.52062773],[1.78282756],[6.41386433]
[4.65736026],[1.83138615],[6.82383012]
[4.74246507],[1.88540135],[7.17957339]
[4.94702981],[1.92593766],[7.48197509]
[4.99263056],[1.96757148],[7.80001445]
[5.19033173],[1.98955553],[8.16250475]
[5.20126452],[2.00950395],[8.43017992]
[5.29790922],[2.02393531],[8.65288874]
[5.32913877],[2.04059156],[8.82655325]
[5.42735142],[2.05510749],[9.05326096]
[5.48856703],[2.07031831],[9.27231153]
[5.54641985],[2.08339972],[9.48340854]
[5.74288254],[2.09942127],[9.75623171]
[5.89345484],[2.11427795],[10.02702694]
[6.09998157],[2.12835434],[10.36678191]
[6.29317155],[2.13608067],[10.68258312]
[6.39082693],[2.14574313],[10.91769661]
[6.5393053],[2.14574863],[11.19474314]
[6.58366604],[2.13149696],[11.31484214]
[6.66527087],[2.11707285],[11.53978629]
[6.74568922],[2.08485018],[11.58844373]
[6.81520257],[2.07685189],[11.66185756]
[6.91951336],[2.04152209],[11.57128374]
[6.96214817],[2.0400726],[11.50855107]
[6.9928226],[2.02515095],[11.36156563]
[6.86973833],[2.00996372],[11.13963056]
[6.79369687],[1.99545478],[10.8545351]
[6.64851916],[1.97796529],[10.59271504]
[6.49383689],[1.96108202],[10.25971193]
[6.33123802],[1.94203157],[9.92692519]
[6.25533764],[1.9050833],[9.57165656]
[6.17708734],[1.86857229],[9.2332315]
[6.02386025],[1.8264704],[8.85502175]
[5.84795239],[1.76875986],[8.33818462]
[5.69600809],[1.70619882],[7.63387841]
[5.59847187],[1.64229795],[7.03064879]
[5.50561435],[1.56715063],[6.5489374]
[5.40563464],[1.49225699],[6.15857488]
[5.31615486],[1.46132543],[5.82788878]
[5.22588874],[1.4230247],[5.50710341]
[5.14315841],[1.39379923],[5.20687236]
[5.04537572],[1.35257978],[4.92979102]
[4.91967515],[1.30355],[4.65232972]
[10.13903171],[1.77079113],[11.31064116]
[7.39894977],[1.48882142],[6.20949341]
[5.21421949],[1.30482986],[3.54009263]
[3.41634017],[0.95586551],[1.79838098]
[2.29360858],[0.65211711],[1.41749475]
[2.84763142],[1.03812287],[2.05143879]
[3.22007405],[1.35496052],[2.88908226]
[3.51852687],[1.50254922],[3.95433072]
[3.74220737],[1.64642377],[4.60579302]
[4.00109229],[1.71807979],[5.0771209]
[4.28625754],[1.75661457],[5.61158169]
[4.48406227],[1.77330113],[6.24855579]
[4.6179575],[1.8635077],[6.87340186]
[4.80396599],[1.91276562],[7.33315486]
[4.87119624],[1.96274824],[7.70508227]
[5.09780704],[1.99944454],[8.08092925]
[5.14454512],[2.03824085],[8.40166028]
[5.28719565],[2.05905414],[8.80065375]
[5.3364949],[2.07972278],[9.08744876]
[5.43044005],[2.0941897],[9.35646989]
[5.48704385],[2.10918422],[9.56937922]
[5.5680181],[2.12204869],[9.80857923]
[5.72037877],[2.13827694],[10.09872862]
[5.86026119],[2.15198807],[10.42490509]
[6.05954105],[2.16803881],[10.78551595]
[6.2770313],[2.18362533],[11.22294132]
[6.42587901],[2.19869229],[11.55275367]
[6.67701027],[2.20922024],[12.07280489]
[6.78055927],[2.22205311],[12.36880023]
[6.86164254],[2.22745178],[12.74503487]
[6.95604663],[2.22657293],[12.91291792]
[7.01971217],[2.19415482],[13.15107454]
[7.16706262],[2.17272324],[13.28180828]
[7.22002101],[2.16313781],[13.31432472]
[7.37050998],[2.13664354],[13.36297923]
[7.42147717],[2.13205193],[13.24883403]
[7.46805407],[2.11920162],[13.16825787]
[7.40430796],[2.10613725],[12.92780608]
[7.36955048],[2.09346684],[12.69135474]
[7.25161694],[2.07913896],[12.36883326]
[7.17493783],[2.06497648],[12.10265623]
[6.98895155],[2.0493529],[11.69381125]
[6.83166786],[2.01318439],[11.31023711]
[6.66527874],[1.98212459],[10.91136082]
[6.50038972],[1.94447183],[10.45435515]
[6.33392283],[1.89355987],[9.91407413]
[6.10065023],[1.84005406],[9.15274672]
[5.94981041],[1.77668809],[8.21281262]
[5.69875841],[1.71228436],[7.43625181]
[5.54635817],[1.65127153],[6.84305181]
[5.46416222],[1.57946312],[6.42342999]
[5.37665582],[1.49273866],[6.06156956]
[5.27168211],[1.45942235],[5.73322604]
[5.20273498],[1.41615077],[5.43934079]
[5.1182741],[1.36689175],[5.13816362]
[11.08488849],[1.85707696],[11.98879119]
[7.4479058],[1.51629268],[6.45417338]
[5.37507135],[1.33767728],[3.70104776]
[3.54271457],[0.98725568],[1.90323613]
[2.33535833],[0.67620511],[1.50351495]
[2.90618962],[1.05448058],[2.10447282]
[3.3304412],[1.39825273],[3.07924319]
[3.65423508],[1.54008175],[4.19866108]
[3.86142554],[1.6794734],[4.87760526]
[4.10676639],[1.74741488],[5.37777257]
[4.40186692],[1.78903947],[5.99529742]
[4.5862259],[1.82385782],[6.65244119]
[4.71401385],[1.92741826],[7.29144961]
[4.9429347],[1.97704854],[7.83501785]
[5.02297793],[2.02690079],[8.23245962]
[5.2142465],[2.06313807],[8.67924181]
[5.25995584],[2.10168205],[9.03018666]
[5.38781458],[2.12243444],[9.42249067]
[5.47945967],[2.14204728],[9.76728748]
[5.55899588],[2.15514767],[10.05990927]
[5.70220229],[2.17092328],[10.30884444]
[5.82551451],[2.18670349],[10.66261065]
[6.02653126],[2.20314715],[11.08201047]
[6.22815762],[2.21671132],[11.5541154]
[6.38834535],[2.23456376],[11.9256633]
[6.65222976],[2.25431972],[12.50471045]
[6.79075216],[2.3131448],[12.87775494]
[6.94373547],[2.32538101],[13.42610774]
[7.11643433],[2.39015792],[13.79870788]
[7.20460699],[2.41293805],[14.27075685]
[7.37543274],[2.45833075],[14.5947155]
[7.44390233],[2.41083135],[14.90278961]
[7.56557322],[2.36490668],[15.15527596]
[7.60614569],[2.33223942],[15.20001459]
[7.6709897],[2.29431091],[15.20699612]
[7.77890362],[2.25933431],[15.17239873]
[7.82639518],[2.22791654],[15.03358053]
[7.90729301],[2.19587902],[14.89378528]
[7.79079749],[2.17345866],[14.57144385]
[7.7426116],[2.16048975],[14.26408633]
[7.61781853],[2.14791273],[13.92484772]
[7.53107726],[2.13445349],[13.55997907]
[7.38263228],[2.11267499],[13.13650572]
[7.25012213],[2.08569413],[12.70749777]
[7.1139159],[2.04923623],[12.24131236]
[6.97686925],[2.00391622],[11.66833795]
[6.74805696],[1.9559119],[10.95168486]
[6.39886118],[1.89959924],[9.93745035]
[6.18413348],[1.83906225],[8.79596532]
[5.8677103],[1.77130965],[7.81833666]
[5.6177017],[1.71338292],[7.22709082]
[5.53410367],[1.65573744],[6.7228168]
[5.43432901],[1.57625825],[6.33036289]
[5.33299872],[1.49410277],[5.99491702]
[5.25717657],[1.42912032],[5.68694039]
[11.81909907],[1.90437414],[12.66815477]
[8.15751112],[1.53026167],[6.61809393]
[5.43857759],[1.35895211],[3.78918761]
[3.61714942],[1.01099594],[1.96689722]
[2.44144654],[0.73944015],[1.67195135]
[3.04756809],[1.1054519],[2.21598827]
[3.41900231],[1.44500366],[3.29542315]
[3.77342892],[1.58169405],[4.47326267]
[4.00632403],[1.7133797],[5.15862826]
[4.22812594],[1.77717819],[5.68582411]
[4.50185354],[1.83703153],[6.40009062]
[4.72047712],[1.89726645],[7.11171505]
[4.83217246],[1.99109396],[7.74738033]
[5.09118416],[2.04146152],[8.38043411]
[5.17610918],[2.09068389],[8.85879592]
[5.31484791],[2.12366264],[9.30935272]
[5.3874387],[2.15575971],[9.66367249]
[5.51238804],[2.17325052],[10.05979055]
[5.65213051],[2.19299036],[10.44334353]
[5.84379013],[2.20709023],[10.87313101]
[6.03586504],[2.22391332],[11.30799077]
[6.22306692],[2.23944394],[11.77409259]
[6.36486204],[2.28852246],[12.1912243]
[6.63096326],[2.30552764],[12.83724207]
[6.76799399],[2.36938189],[13.25176393]
[6.93503966],[2.40204693],[13.84854136]
[7.10948799],[2.47365789],[14.32159277]
[7.26659454],[2.51087294],[14.93356241]
[7.53472752],[2.58098909],[15.50775958]
[7.63935614],[2.59606589],[15.98731175]
[7.72036462],[2.63048022],[16.34962586]
[7.78943705],[2.60491011],[16.70158326]
[7.86968155],[2.56726636],[16.98821851]
[8.01128883],[2.54008334],[17.22378342]
[8.08236275],[2.49805684],[17.25582958]
[8.24131538],[2.45835119],[17.31432578]
[8.29864064],[2.40840262],[17.13438148]
[8.3662927],[2.37346679],[17.013216]
[8.32541599],[2.33548781],[16.65780456]
[8.26548887],[2.30196976],[16.36668801]
[8.15175359],[2.27047358],[15.9155197]
[8.08495756],[2.24019335],[15.58162837]
[7.93657416],[2.21647322],[15.05619695]
[7.7979958],[2.19553987],[14.60605822]
[7.66678783],[2.15713152],[14.13974992]
[7.539632],[2.09696037],[13.56865587]
[7.3458072],[2.05146708],[12.86529726]
[7.01617719],[2.00083995],[11.97015279]
[6.6871167],[1.94738562],[10.6478731]
[6.4182627],[1.88724402],[9.18244369]
[6.05521599],[1.82466349],[8.17275848]
[5.79589494],[1.76810119],[7.54755489]
[5.60624436],[1.70916855],[7.0085965]
[5.50379427],[1.65218336],[6.59948272]
[5.40280936],[1.57299722],[6.24021007]
[12.49820904],[1.9529994],[13.49206968]
[9.42716765],[1.54771991],[7.34651155]
[5.65281701],[1.38055773],[3.98629495]
[3.82047985],[1.03951538],[2.10676873]
[2.56428685],[0.77559821],[1.85665251]
[3.25741449],[1.19237657],[2.41302853]
[3.55566007],[1.49646493],[3.5488077]
[3.90354265],[1.62987994],[4.81666293]
[4.1455545],[1.748934],[5.50035821]
[4.37858083],[1.81845545],[6.09595617]
[4.60250257],[1.88598031],[6.86430055]
[4.85285452],[1.97482384],[7.5768067]
[4.94601772],[2.05600913],[8.24927288]
[5.20530328],[2.10671331],[8.97390189]
[5.28781291],[2.14942667],[9.4753325]
[5.4157651],[2.17741327],[9.90936283]
[5.53775885],[2.20525371],[10.30186341]
[5.68660883],[2.22353503],[10.73910596]
[6.00254662],[2.25250664],[11.36451554]
[6.21119611],[2.27052582],[11.94122641]
[6.38134212],[2.329385],[12.41655271]
[6.63229317],[2.34837112],[13.07178265]
[6.75181603],[2.41585485],[13.51678128]
[6.94016778],[2.45632583],[14.18535795]
[7.09132641],[2.52992334],[14.6786868]
[7.25093191],[2.5545174],[15.29902994]
[7.50662361],[2.62890075],[15.90015444]
[7.68663012],[2.64881183],[16.51300108]
[7.82958504],[2.70988566],[17.05343156]
[7.9882818],[2.72496149],[17.56986958]
[8.0459421],[2.74612229],[17.91479378]
[8.27524838],[2.73268974],[18.43657125]
[8.35547414],[2.70471764],[18.74665493]
[8.44449657],[2.6818248],[19.10215193]
[8.49008613],[2.65495042],[19.19739295]
[8.54295858],[2.63205161],[19.27384533]
[8.61664368],[2.60123997],[19.19100041]
[8.66469712],[2.57553551],[19.07738684]
[8.83134173],[2.53750242],[18.88592623]
[8.65007628],[2.49977653],[18.51467252]
[8.60797602],[2.46763212],[18.12720671]
[8.47657123],[2.42432075],[17.67611277]
[8.41309699],[2.37982514],[17.17332657]
[8.27832585],[2.35442028],[16.64672829]
[8.19563006],[2.31680443],[16.16867958]
[8.10455986],[2.24917719],[15.6019453]
[7.97098062],[2.17693943],[14.92695443]
[7.68370683],[2.08935704],[13.99727281]
[7.32990254],[2.04039424],[12.866652]
[6.92478851],[1.98901848],[11.34598076]
[6.49683262],[1.93440758],[9.64051591]
[6.13505031],[1.87682464],[8.54124486]
[5.88464113],[1.81714873],[7.88997743]
[5.68594378],[1.76380008],[7.33348566]
[5.55363329],[1.70819638],[6.91852076]
[13.00436325],[1.99444995],[14.72467382]
[9.93662816],[1.56734564],[8.09670011]
[5.69571148],[1.40874505],[4.21866177]
[3.95222508],[1.08963545],[2.26793431]
[2.69185268],[0.81462372],[2.02799889]
[3.4799482],[1.27224623],[2.65072763]
[3.75871926],[1.53904162],[3.824661]
[4.03754753],[1.67494873],[5.10801079]
[4.2894023],[1.78213118],[5.80211715]
[4.50758319],[1.87117852],[6.51189314]
[4.71683332],[1.97253588],[7.3513209]
[4.9991265],[2.05931735],[8.11254563]
[5.09968691],[2.12561758],[8.80017318]
[5.29780732],[2.16908218],[9.55508494]
[5.40095701],[2.21829631],[10.0947538]
[5.54260798],[2.24223281],[10.55765319]
[5.81598178],[2.26594047],[11.05478612]
[6.02186967],[2.30097887],[11.68027837]
[6.25284044],[2.37083151],[12.35317535]
[6.59003825],[2.39148645],[13.16420106]
[6.77070295],[2.47134587],[13.79194874]
[6.96394927],[2.49897863],[14.47979821]
[7.0984108],[2.58271587],[14.97398599]
[7.24740205],[2.60422037],[15.61246117]
[7.47571697],[2.67193378],[16.25842248]
[7.66774517],[2.69841522],[16.90491345]
[7.82978074],[2.74890339],[17.48978067]
[8.00160913],[2.77205332],[18.11638241]
[8.1217969],[2.81479254],[18.61971507]
[8.44582218],[2.83051204],[19.32626186]
[8.53631509],[2.85749],[19.68022593]
[8.61537059],[2.85247628],[20.23145249]
[8.67050753],[2.830207],[20.5511454]
[8.71685348],[2.80749551],[20.86557865]
[8.89430111],[2.78525064],[21.12862647]
[8.96285458],[2.75418461],[21.19047835]
[9.12496565],[2.72302758],[21.29883578]
[9.18847051],[2.69957724],[21.13323967]
[9.26526476],[2.6728176],[20.98517956]
[9.2439581],[2.64804897],[20.64272419]
[9.17553839],[2.6217286],[20.34669926]
[9.06927402],[2.5991527],[19.84212512]
[8.99524621],[2.56679172],[19.44653177]
[8.85076606],[2.54149293],[18.86894645]
[8.7200563],[2.51761503],[18.35592689]
[8.57302804],[2.47696397],[17.76149414]
[8.42494056],[2.40082638],[17.13125324]
[8.18783024],[2.26614734],[16.20493927]
[7.91506016],[2.15693847],[15.06355965]
[7.61632817],[2.07212242],[13.71166179]
[7.19122407],[2.0222988],[12.03618016]
[6.58720897],[1.97217567],[10.01376848]
[6.19061528],[1.91679066],[8.82311152]
[5.95985434],[1.86467729],[8.19377189]
[5.7660263],[1.81413673],[7.6248153]
[13.57356344],[2.06677521],[16.44793364]
[10.52519622],[1.5914405],[9.01637131]
[5.77045363],[1.43699528],[4.4822807]
[4.1290182],[1.14191751],[2.44520395]
[2.76903457],[0.8413653],[2.17460953]
[3.65730759],[1.31795273],[2.8690127]
[3.95392389],[1.57692827],[4.08076768]
[4.15126252],[1.71113437],[5.35006398]
[4.42249563],[1.82613628],[6.09214801]
[4.64353107],[1.91559504],[6.91700569]
[4.82771047],[2.06267618],[7.77881671]
[5.14421936],[2.1301674],[8.61504928]
[5.2197599],[2.19056138],[9.33635046]
[5.38654665],[2.23598136],[10.08199178]
[5.57783821],[2.2785921],[10.72012965]
[5.78829096],[2.29970244],[11.27126806]
[6.08594544],[2.36219393],[11.92751817]
[6.27932176],[2.43388382],[12.6277883]
[6.51737052],[2.54288463],[13.43749672]
[6.91183477],[2.56271923],[14.47316922]
[7.1087731],[2.63773685],[15.16778441]
[7.28442784],[2.66336901],[15.90216576]
[7.48097873],[2.71984676],[16.51972411]
[7.65421753],[2.74375134],[17.1832598]
[7.8144977],[2.7888716],[17.83759209]
[7.97047765],[2.81229853],[18.50243006]
[8.0939526],[2.8522536],[19.05999666]
[8.43504224],[2.87933242],[19.86534455]
[8.57803919],[2.91792021],[20.41760549]
[8.72333877],[2.94681911],[21.07353322]
[8.82008937],[2.97498523],[21.50503371]
[8.96672761],[2.98069755],[22.00976409]
[9.19057643],[2.98017661],[22.55519444]
[9.258523],[3.00012493],[22.94408114]
[9.34456725],[3.01810891],[23.31357224]
[9.39438161],[2.96524363],[23.43110166]
[9.43203016],[2.92125536],[23.52163126]
[9.47313669],[2.86968815],[23.35773188]
[9.48486591],[2.82430579],[23.14328292]
[9.72532117],[2.79364935],[22.95618129]
[9.52318912],[2.76748409],[22.50532189]
[9.48073989],[2.74028673],[22.09660077]
[9.32099296],[2.71114927],[21.6131646]
[9.25763854],[2.68822739],[21.09427432]
[9.16794848],[2.67075534],[20.56602218]
[9.08250802],[2.64395202],[19.96352698]
[8.9888974],[2.58734389],[19.33450057]
[8.79982859],[2.50623268],[18.56070907]
[8.4978694],[2.41223011],[17.61589557]
[8.16172849],[2.26008603],[16.12851467]
[7.87780909],[2.15178864],[14.60469524]
[7.35503806],[2.06122387],[12.6479383]
[6.7030225],[2.00901457],[10.44906559]
[6.27524455],[1.95652364],[9.21571869]
[6.03316337],[1.90247397],[8.46633053]
