meltWidth,meltDepth,meltArea
[1.5688102],[0.22653326],[0.32282337]
[1.77539184],[0.30761908],[0.40534957]
[1.81876999],[0.3563597],[0.4782848]
[1.89928255],[0.42196199],[0.58403692]
[1.98872605],[0.53362434],[0.74759998]
[2.09976541],[0.59622981],[0.86678309]
[2.15913996],[0.64564146],[0.95109277]
[2.2476927],[0.67292497],[1.03603289]
[2.2404847],[0.71220681],[1.10260607]
[2.31571523],[0.73722842],[1.19136463]
[2.27515976],[0.75553116],[1.2308196]
[2.35966537],[0.77066304],[1.29109212]
[2.3243673],[0.79819403],[1.29992183]
[2.40470497],[0.78940494],[1.33451385]
[2.3673104],[0.79721086],[1.32815336]
[2.46625873],[0.79258727],[1.37014042]
[2.39744207],[0.78986856],[1.33219177]
[2.51631067],[0.78335664],[1.38601274]
[2.41700077],[0.78562436],[1.33020906]
[2.528343],[0.77943423],[1.38518021]
[2.42059646],[0.78128117],[1.32470058]
[2.54347615],[0.78197491],[1.39053448]
[2.43060252],[0.78943826],[1.33962266]
[2.56089626],[0.78851428],[1.40716358]
[2.43478054],[0.79380023],[1.35394176]
[2.57679178],[0.78832906],[1.42578475]
[2.4402733],[0.80207306],[1.36678198]
[2.5903531],[0.78962155],[1.44041483]
[2.44625641],[0.80535003],[1.3790078]
[2.59916015],[0.79499585],[1.45117531]
[2.52637206],[0.80374133],[1.44320407]
[2.58974003],[0.80582785],[1.4589038]
[2.52443739],[0.8087576],[1.43041348]
[2.51168502],[0.81180024],[1.4240231]
[2.511511],[0.81077989],[1.42974101]
[2.51120077],[0.81402465],[1.43364313]
[2.51077438],[0.81623882],[1.42754462]
[2.50935413],[0.81166723],[1.41888137]
[2.50024196],[0.81404921],[1.41579682]
[2.50301287],[0.81578515],[1.41090202]
[2.4924741],[0.81728775],[1.39293117]
[2.49140695],[0.81422731],[1.38357572]
[2.48109378],[0.81801881],[1.38446787]
[2.46204742],[0.81462668],[1.37046957]
[2.45208223],[0.80647934],[1.3608739]
[2.44905877],[0.7983182],[1.35466303]
[2.45099357],[0.78979161],[1.35026126]
[2.45723133],[0.78101233],[1.34110789]
[2.46884892],[0.76983746],[1.33382482]
[2.48027319],[0.76287898],[1.33102638]
[2.4971678],[0.7624096],[1.33720688]
[2.49297567],[0.71566008],[1.26960615]
[2.23644168],[0.64878764],[1.07026369]
[0.],[0.],[0.]
[0.],[0.],[0.]
[1.51328548],[0.14972],[0.10067252]
[1.83569953],[0.36652811],[0.4392486]
[1.96357296],[0.54654731],[0.74995428]
[2.13560827],[0.63307038],[1.06653206]
[2.22476294],[0.96310149],[1.64640258]
[2.33187494],[1.05965628],[1.97662116]
[2.3917055],[1.10984046],[2.17662181]
[2.44044911],[1.1217697],[2.25147149]
[2.432718],[1.12682548],[2.27888258]
[2.45312606],[1.11968621],[2.26942605]
[2.44444584],[1.1074574],[2.27399509]
[2.47640831],[1.11275015],[2.29801825]
[2.45659272],[1.11330455],[2.30069653]
[2.58757099],[1.12254537],[2.40193191]
[2.47217696],[1.12496344],[2.3716052]
[2.70686483],[1.12936774],[2.52000474]
[2.48335232],[1.1344253],[2.48181503]
[2.75897872],[1.14573801],[2.64438198]
[2.49231848],[1.15028741],[2.56692331]
[2.79171692],[1.1553663],[2.69751127]
[2.49554728],[1.15597078],[2.5724529]
[2.78440652],[1.16003558],[2.68280219]
[2.49715548],[1.15622795],[2.55684109]
[2.78046581],[1.1523172],[2.65481798]
[2.49683484],[1.1444879],[2.5097762]
[2.77493409],[1.14166734],[2.62413081]
[2.49893257],[1.12850908],[2.46482714]
[2.76665516],[1.12317217],[2.58884]
[2.50087291],[1.1162817],[2.43031555]
[2.75082944],[1.10868795],[2.52776908]
[2.50166031],[1.11250392],[2.39350894]
[2.74050689],[1.10279742],[2.47215643]
[2.50316907],[1.10058982],[2.37917836]
[2.50279113],[1.09457337],[2.36015844]
[2.50548823],[1.09341251],[2.371038]
[2.50720954],[1.09363418],[2.38858188]
[2.51091823],[1.08695615],[2.39580047]
[2.51393492],[1.08623798],[2.42151876]
[2.51729455],[1.08349229],[2.4417956]
[2.56397065],[1.07034425],[2.4709971]
[2.53872013],[1.05261761],[2.3968732]
[2.56197721],[1.03783754],[2.32403731]
[2.589136],[1.02888903],[2.24763669]
[2.61413798],[1.01038883],[2.17716333]
[2.63880346],[0.99502781],[2.12901667]
[2.69576761],[0.98770024],[2.10307808]
[2.75567888],[0.98738369],[2.11303683]
[2.758026],[0.98575595],[2.06260921]
[2.78823495],[0.98886908],[2.06376328]
[2.81705778],[0.98280733],[2.08608195]
[2.85274935],[0.96848127],[2.10521452]
[2.87197783],[0.95703695],[2.0664198]
[2.52780281],[0.94805492],[1.83659539]
[0.99590801],[0.23269919],[0.12188159]
[0.],[0.],[0.]
[1.40664726],[0.23424028],[0.2002486]
[1.96592668],[0.46092656],[0.59602211]
[2.12158811],[0.6839648],[0.98478196]
[2.26849621],[0.76752736],[1.32617084]
[2.35596676],[1.02253851],[1.80412891]
[2.45316057],[1.13801792],[2.1859576]
[2.50191641],[1.21764092],[2.44671628]
[2.59134875],[1.23639056],[2.56934424]
[2.52474742],[1.23560244],[2.59310712]
[2.61679677],[1.2281225],[2.62853915]
[2.56541704],[1.22247242],[2.61606241]
[2.72281141],[1.23647627],[2.71019304]
[2.62893542],[1.24502815],[2.68380596]
[2.91435689],[1.25209962],[2.86132196]
[2.70122047],[1.25976419],[2.81464712]
[2.99808523],[1.25917189],[2.97574799]
[2.75515414],[1.26095473],[2.86240268]
[3.03766093],[1.26521073],[2.99631141]
[2.80339412],[1.26679517],[2.87773706]
[3.06859851],[1.2639365],[3.00536075]
[2.82862276],[1.26369545],[2.87026261]
[3.06944255],[1.26653171],[3.0010504]
[2.83665602],[1.26668204],[2.86480219]
[3.06722749],[1.26039153],[2.98972742]
[2.83171518],[1.2563462],[2.83382669]
[3.06438554],[1.25540995],[2.96247498]
[2.82685288],[1.24771148],[2.78899739]
[3.05682313],[1.24252764],[2.92244738]
[2.82341682],[1.23976652],[2.75465788]
[3.04454708],[1.22992701],[2.87727165]
[2.90209257],[1.22626623],[2.77912662]
[3.0379194],[1.21294262],[2.83621894]
[2.91701073],[1.2016081],[2.73462023]
[2.87276241],[1.18612429],[2.67444625]
[2.86582674],[1.17361532],[2.64205546]
[2.85613318],[1.16437774],[2.60754183]
[2.84426534],[1.1464861],[2.56293879]
[2.85262647],[1.13207089],[2.52828733]
[2.86543712],[1.12052152],[2.49516364]
[2.9111389],[1.10393525],[2.47778826]
[2.88871275],[1.07835136],[2.38120681]
[2.89027938],[1.05787413],[2.30534207]
[2.88931616],[1.03545996],[2.22253959]
[2.89006119],[0.99153451],[2.07412249]
[2.89684612],[0.98538734],[2.03964805]
[2.89800342],[0.98365744],[2.02658953]
[2.92490869],[0.9839286],[2.04015088]
[2.9030926],[0.97993217],[2.00263029]
[2.93535131],[0.97946421],[2.00787875]
[2.96767848],[0.98465955],[2.02373416]
[3.00908938],[0.98263466],[2.03930435]
[3.04118842],[0.98538653],[2.05447892]
[2.6960746],[0.98151912],[1.9362708]
[2.78858232],[1.0502018],[1.89069416]
[0.06228208],[0.01333225],[0.00014884]
[1.50306732],[0.26797203],[0.29972587]
[2.0261178],[0.59110793],[0.76416915]
[2.22062434],[0.78794492],[1.2009763]
[2.36957571],[0.86160639],[1.57341707]
[2.44375995],[1.08012107],[2.03300965]
[2.51106973],[1.21246259],[2.43959112]
[2.61752514],[1.29351742],[2.74650669]
[2.75192649],[1.31167589],[2.88314504]
[2.72590844],[1.31673103],[2.94802]
[2.8153349],[1.31464956],[3.01748449]
[2.80627783],[1.30557351],[3.09813405]
[2.92315138],[1.30568386],[3.15890193]
[2.88356921],[1.30369023],[3.1439885]
[3.09685028],[1.30333874],[3.2511471]
[2.99359922],[1.30624198],[3.19613426]
[3.18290787],[1.30466161],[3.25398368]
[3.07434274],[1.30562655],[3.18427731]
[3.22194231],[1.30821915],[3.27501779]
[3.13778645],[1.30763806],[3.21452277]
[3.25298678],[1.30431285],[3.28492252]
[3.18684906],[1.30397067],[3.22279913]
[3.26436084],[1.30598961],[3.28513547]
[3.19413274],[1.30365481],[3.22165221]
[3.2653048],[1.29802548],[3.2734203]
[3.19358712],[1.29422346],[3.19355996]
[3.26519892],[1.29323049],[3.25195643]
[3.18627411],[1.28527877],[3.16545102]
[3.26182582],[1.28013038],[3.23632486]
[3.18431594],[1.27732083],[3.1492933]
[3.25455614],[1.26731963],[3.21450657]
[3.24594756],[1.26431762],[3.1779855]
[3.25300583],[1.25145903],[3.18741117]
[3.24786199],[1.23996684],[3.13759254]
[3.20685676],[1.22394554],[3.07786647]
[3.19785141],[1.21110356],[3.04453707]
[3.18915245],[1.20159403],[3.01377077]
[3.17777437],[1.1830905],[2.97248884]
[3.17126606],[1.16827373],[2.93745149]
[3.15654149],[1.15498136],[2.89699036]
[3.15550263],[1.13693195],[2.86304526]
[3.13055711],[1.11116909],[2.78458015]
[3.12437297],[1.09053081],[2.72750313]
[3.11575357],[1.06906932],[2.6662153]
[3.1042756],[1.033261],[2.5505403]
[3.09847344],[1.00253248],[2.38623025]
[3.08564882],[0.99227942],[2.24313141]
[3.08535619],[0.98464812],[2.20927301]
[3.04289676],[0.9731853],[2.1284419]
[3.03645428],[0.96922651],[2.10253368]
[3.05652339],[0.97387017],[2.10067884]
[3.09104502],[0.9690325],[2.10316484]
[3.13246093],[0.96926616],[2.10755973]
[2.76304384],[0.97363975],[1.94733278]
[3.27508683],[1.14366472],[2.37609738]
[0.79986607],[0.38890837],[0.1477445]
[1.53062687],[0.30632228],[0.36386167]
[2.1028024],[0.67770521],[0.93227898]
[2.29821464],[0.84809348],[1.37518881]
[2.42914461],[0.93741914],[1.74725975]
[2.48996392],[1.13991781],[2.28163617]
[2.55905494],[1.27879336],[2.6755206]
[2.7473451],[1.35767931],[3.02303512]
[2.88645606],[1.37435887],[3.17409091]
[2.89280285],[1.37590642],[3.32251477]
[2.98308635],[1.36992429],[3.4660817]
[3.00410451],[1.35961924],[3.54344985]
[3.13330616],[1.3562449],[3.62649628]
[3.12812248],[1.35530297],[3.59179454]
[3.25899513],[1.35663415],[3.6295031]
[3.2651623],[1.35983834],[3.60883701]
[3.3294784],[1.35880054],[3.65850894]
[3.35799762],[1.35852005],[3.61273305]
[3.39321336],[1.36031625],[3.66564732]
[3.41781055],[1.36007387],[3.63266191]
[3.45991288],[1.35765139],[3.66552694]
[3.45203395],[1.35756838],[3.62506724]
[3.47199242],[1.35685974],[3.64417794]
[3.4557789],[1.35425478],[3.5994065]
[3.47269344],[1.3503219],[3.60606989]
[3.45718521],[1.34804043],[3.53822322]
[3.47643881],[1.34702725],[3.53256983]
[3.45147131],[1.34058631],[3.46771106]
[3.47161301],[1.33704577],[3.48919139]
[3.45233164],[1.3351317],[3.4517259]
[3.4599952],[1.3274611],[3.46661641]
[3.49401886],[1.32069409],[3.44843464]
[3.46166276],[1.31215374],[3.44233383]
[3.49113123],[1.30072993],[3.41196808]
[3.45240996],[1.28582574],[3.36740082]
[3.43534778],[1.27347737],[3.33975484]
[3.4243133],[1.26338445],[3.31495921]
[3.40521611],[1.2461366],[3.28169113]
[3.39853086],[1.23116462],[3.24924401]
[3.385678],[1.21588109],[3.2160248]
[3.37231385],[1.19653463],[3.18590754]
[3.35723896],[1.17029021],[3.13274085]
[3.34427214],[1.1489201],[3.08508051]
[3.32738604],[1.12573791],[3.03436292]
[3.30716362],[1.08824265],[2.96026346]
[3.29684268],[1.05641182],[2.88614851]
[3.28265226],[1.0342911],[2.80791391]
[3.26768002],[1.01024343],[2.73148639]
[3.22294045],[0.99039833],[2.57746958]
[3.18833318],[0.98757383],[2.46301255]
[3.15126787],[0.98526536],[2.35735606]
[3.13596677],[0.98237365],[2.29572376]
[3.15832241],[0.97783459],[2.26786622]
[2.80728131],[0.97251973],[2.08256159]
[3.52878258],[1.18270176],[2.73627014]
[1.00120724],[0.53329948],[0.25280072]
[1.56300305],[0.37710481],[0.45966905]
[2.19583659],[0.73658192],[1.10515928]
[2.36633001],[0.88874408],[1.53754834]
[2.47975492],[1.00861279],[2.2460988]
[2.52586706],[1.20944656],[2.53403217]
[2.6370806],[1.34462838],[2.96204554]
[2.88220599],[1.41299757],[3.34244537]
[3.09080521],[1.43018044],[3.57695013]
[3.12012576],[1.43228926],[3.7797877]
[3.23234536],[1.43133706],[3.87335948]
[3.26624755],[1.42467366],[3.92864232]
[3.3353377],[1.42275691],[3.95725813]
[3.39659316],[1.42452833],[3.95220957]
[3.47634352],[1.42592178],[4.06090795]
[3.52590001],[1.4288253],[4.03906187]
[3.60841246],[1.42690854],[4.09326814]
[3.61687609],[1.42638284],[4.04678105]
[3.6947669],[1.42762444],[4.10183857]
[3.67915891],[1.42735898],[4.07535337]
[3.74336308],[1.42562385],[4.1088958]
[3.69959633],[1.42334665],[4.0629336]
[3.75335834],[1.42149637],[4.08982302]
[3.70036502],[1.41904793],[4.04224362]
[3.75020237],[1.41585304],[4.05311671]
[3.70070257],[1.41357646],[3.99189271]
[3.75397951],[1.41347999],[4.00153499]
[3.69330532],[1.40836863],[3.90625399]
[3.74766395],[1.40528987],[3.91086204]
[3.69487136],[1.40412348],[3.82683631]
[3.74008232],[1.39788352],[3.77812257]
[3.73589803],[1.39217648],[3.80460844]
[3.74140561],[1.3847734],[3.75683873]
[3.73324698],[1.37504528],[3.72507491]
[3.72819725],[1.36195457],[3.67807576]
[3.69648783],[1.35137571],[3.64129123]
[3.68515846],[1.34252867],[3.61216408]
[3.66639655],[1.32732785],[3.57400013]
[3.65679585],[1.31368532],[3.53823039]
[3.64460977],[1.30108162],[3.50288694]
[3.63095205],[1.28419579],[3.46833665]
[3.6133289],[1.26078667],[3.41821097]
[3.60187002],[1.24062722],[3.37300233]
[3.58441085],[1.22128602],[3.32534107]
[3.55904175],[1.19058352],[3.26287229]
[3.54502437],[1.16426965],[3.20565332]
[3.53030134],[1.13967379],[3.15198954]
[3.50946672],[1.11071279],[3.09582161]
[3.46229837],[1.07331275],[3.0099522]
[3.41746465],[1.0438028],[2.93990639]
[3.37244514],[1.03035454],[2.87417066]
[3.32562031],[1.01359221],[2.81416359]
[3.29374961],[1.00443342],[2.76249544]
[2.89128624],[1.00065301],[2.53503319]
[3.68771522],[1.21321762],[3.24173873]
[1.45764263],[0.67649301],[0.47799582]
[1.54236611],[0.42552613],[0.43614884]
[2.25394959],[0.75430205],[1.20495138]
[2.4039973],[0.91742109],[1.64202135]
[2.5110412],[1.07187289],[2.43335056]
[2.55583752],[1.2605038],[2.7824424]
[2.80817076],[1.38463393],[3.22781055]
[3.11784203],[1.4496346],[3.68480536]
[3.31493415],[1.46578074],[3.87286156]
[3.37846137],[1.4697484],[4.04052158]
[3.46038056],[1.46961201],[4.13682829]
[3.51451434],[1.464792],[4.15963853]
[3.60397012],[1.46183388],[4.21905267]
[3.62940117],[1.46465221],[4.2028549]
[3.74245837],[1.46595824],[4.2858287]
[3.75589798],[1.46782018],[4.25050135]
[3.86835233],[1.46618568],[4.29823713]
[3.83990405],[1.46647084],[4.27103846]
[3.95255198],[1.46800477],[4.33537041]
[3.89632021],[1.46810599],[4.29255647]
[3.98728879],[1.46610531],[4.3327008]
[3.90786478],[1.46309152],[4.27110914]
[3.99359694],[1.46180712],[4.31030204]
[3.90765592],[1.4606508],[4.25472581]
[3.9856054],[1.45824517],[4.29419823]
[3.90744291],[1.45545287],[4.22553515]
[3.99071806],[1.4545738],[4.24357298]
[3.90052493],[1.44964878],[4.12346112]
[3.98306961],[1.44679432],[4.14310164]
[3.90244299],[1.44573607],[4.04313425]
[3.97823171],[1.4403973],[4.03712642]
[3.94982442],[1.43339963],[4.02332969]
[3.98134457],[1.42678244],[4.01675873]
[3.95544405],[1.41724237],[3.98124099]
[3.96918469],[1.40481822],[3.935755]
[3.92406342],[1.39462118],[3.88840941]
[3.90775738],[1.38616438],[3.85283006]
[3.88766577],[1.37188355],[3.80703681]
[3.8763584],[1.358192],[3.76635026]
[3.86655035],[1.34551669],[3.72549824]
[3.85204165],[1.32940001],[3.68594984]
[3.83204181],[1.30830112],[3.63206361]
[3.82047378],[1.29029766],[3.58627247]
[3.8040383],[1.27264352],[3.53389847]
[3.78001734],[1.24326731],[3.46737282]
[3.7656867],[1.2170688],[3.40738246]
[3.75240843],[1.19330517],[3.34680285]
[3.73419947],[1.16535774],[3.28474109]
[3.69185191],[1.13114808],[3.20495151]
[3.64483617],[1.10370219],[3.13672848]
[3.59477199],[1.08378125],[3.07375673]
[3.54356385],[1.05873643],[3.00693278]
[3.50636872],[1.03410599],[2.95427533]
[3.09836647],[1.02362622],[2.73835308]
[3.76567824],[1.34899411],[3.63233365]
[1.53841387],[0.85231986],[0.70639057]
[1.3262355],[0.45337419],[0.31735196]
[2.25868759],[0.74061543],[1.19825064]
[2.41929815],[0.94394136],[2.00492135]
[2.52531374],[1.12896127],[2.5544455]
[2.56404093],[1.29686333],[2.87775158]
[2.9922225],[1.41317914],[3.36750036]
[3.24625272],[1.47509419],[3.7630147]
[3.45835215],[1.49017356],[3.99059758]
[3.54923854],[1.50009321],[4.20018401]
[3.65553974],[1.50079942],[4.31265217]
[3.68727016],[1.49588044],[4.32127497]
[3.80805846],[1.49172455],[4.38670347]
[3.81347763],[1.4898234],[4.35749031]
[3.95265449],[1.48624711],[4.43931521]
[3.94493599],[1.48487468],[4.39615201]
[4.09365941],[1.48255253],[4.45438667]
[4.04371389],[1.48135564],[4.41126384]
[4.17133763],[1.48183574],[4.48664494]
[4.09630352],[1.48074083],[4.42971736]
[4.18356893],[1.47824173],[4.47427447]
[4.09568133],[1.4731787],[4.40003286]
[4.1885216],[1.47033948],[4.44828416]
[4.09556994],[1.46615944],[4.36407442]
[4.18093256],[1.46182648],[4.38679929]
[4.09491249],[1.45736051],[4.27399934]
[4.1850133],[1.45565947],[4.3057624]
[4.08731509],[1.44820799],[4.21534473]
[4.1777438],[1.44315072],[4.28295116]
[4.09371912],[1.43978396],[4.20513629]
[4.17642368],[1.43127805],[4.25501626]
[4.13842463],[1.42478623],[4.26237789]
[4.17856424],[1.41704958],[4.22575133]
[4.1392583],[1.41184716],[4.23578536]
[4.16441944],[1.40264286],[4.16073095]
[4.12668571],[1.39616312],[4.10760027]
[4.11534277],[1.3901013],[4.07614399]
[4.09933935],[1.37672439],[4.0272309]
[4.08875274],[1.36564859],[3.98104337]
[4.08061932],[1.35724603],[3.93391989]
[4.06921016],[1.34324257],[3.88468226]
[4.05070147],[1.32442392],[3.82338144]
[4.0409849],[1.30314497],[3.76489707]
[4.02490982],[1.28401043],[3.70003446]
[3.99839675],[1.25464584],[3.62055065]
[3.9797173],[1.22880967],[3.55283082]
[3.96775648],[1.20846991],[3.48977448]
[3.94517647],[1.1889315],[3.42759859]
[3.90896966],[1.16640328],[3.34740507]
[3.86458002],[1.14594803],[3.27400338]
[3.81312343],[1.12634367],[3.20556893]
[3.75471917],[1.10254655],[3.13310808]
[3.71022928],[1.0806825],[3.06598788]
[3.31744952],[1.06139451],[2.82882805]
[3.8777105],[1.4398396],[3.96406993]
[1.66636347],[0.94986221],[0.92428958]
[0.95604364],[0.47561783],[0.23457343]
[2.24810443],[0.73988892],[1.21236715]
[2.42158601],[0.96763525],[2.08989774]
[2.52766727],[1.17509964],[2.59956379]
[2.56756752],[1.32649675],[2.93936974]
[3.07749801],[1.43472596],[3.4665928]
[3.30818965],[1.49051168],[3.83243708]
[3.5334657],[1.50550873],[4.10445151]
[3.63100833],[1.51396291],[4.30822266]
[3.74228143],[1.51152554],[4.43255119]
[3.76087675],[1.501658],[4.41707826]
[3.89098388],[1.4919634],[4.47006408]
[3.88360007],[1.4803254],[4.41446082]
[4.03513348],[1.47549664],[4.43385866]
[4.02669922],[1.47425521],[4.31337061]
[4.1581307],[1.470288],[4.29722427]
[4.11122706],[1.46787929],[4.24214148]
[4.24094669],[1.467201],[4.34085587]
[4.1764775],[1.46450716],[4.29628948]
[4.25627619],[1.45995253],[4.36448375]
[4.1821354],[1.45332188],[4.30922724]
[4.26650392],[1.44962248],[4.38292639]
[4.18849232],[1.45313471],[4.31674967]
[4.26431759],[1.43588183],[4.37182674]
[4.19402856],[1.45785247],[4.31250957]
[4.2755045],[1.43828986],[4.37714851]
[4.19497485],[1.46186119],[4.29325187]
[4.27417314],[1.44296903],[4.3593586]
[4.20698185],[1.46585893],[4.30546448]
[4.2787243],[1.44610323],[4.33777402]
[4.25947618],[1.45243864],[4.41565269]
[4.28739644],[1.44320718],[4.34084764]
[4.26890993],[1.43344193],[4.38308043]
[4.2800492],[1.4230914],[4.28429382]
[4.26249392],[1.41182797],[4.22904417]
[4.24634792],[1.40125467],[4.19924381]
[4.23343048],[1.38362271],[4.14881637]
[4.22490239],[1.36401017],[4.11531122]
[4.21957864],[1.34853689],[4.06824621]
[4.21144985],[1.33796355],[4.01718174]
[4.19614752],[1.32448107],[3.95213865]
[4.1889784],[1.31175813],[3.90340283]
[4.17654135],[1.30025478],[3.84524073]
[4.15867361],[1.28143456],[3.77208888]
[4.14759174],[1.26324254],[3.69849777]
[4.13745666],[1.24646445],[3.61880244]
[4.12103402],[1.23021944],[3.54286168]
[4.08922714],[1.20796113],[3.44568583]
[4.05747182],[1.18724563],[3.34999986]
[4.00521702],[1.16710789],[3.26827195]
[3.94472213],[1.14292769],[3.18414246]
[3.89620849],[1.120813],[3.1129691]
[3.51477217],[1.10395954],[2.87842693]
[4.03538022],[1.50092671],[4.23404962]
[1.93214474],[0.98845766],[1.08071611]
[0.93911917],[0.49116395],[0.30517244]
[2.25301527],[0.77078818],[1.2691998]
[2.42695525],[1.01629455],[2.29867559]
[2.53366273],[1.22677066],[2.7536186]
[2.59808717],[1.35343012],[3.0913759]
[3.1259173],[1.45054384],[3.62469058]
[3.3461654],[1.50821661],[3.94807256]
[3.58245818],[1.52301921],[4.25511111]
[3.67604648],[1.53269097],[4.45409231]
[3.79353393],[1.52955581],[4.55948592]
[3.80681646],[1.5197413],[4.54043348]
[3.94305095],[1.51009185],[4.59376278]
[3.9444112],[1.49840918],[4.54262929]
[4.07912034],[1.49387089],[4.5824808]
[4.06323002],[1.49344],[4.44650812]
[4.20015072],[1.48978557],[4.41218109]
[4.15875048],[1.48725319],[4.36369852]
[4.28158692],[1.4867034],[4.46765449]
[4.22137717],[1.48505236],[4.42202938]
[4.29504123],[1.48068694],[4.52566583]
[4.22720298],[1.48783396],[4.50390077]
[4.30621925],[1.4719566],[4.59757129]
[4.23500652],[1.49257633],[4.54198659]
[4.30449399],[1.47450224],[4.60072065]
[4.23955118],[1.49613456],[4.54515843]
[4.31519702],[1.47865807],[4.6075653]
[4.24029066],[1.49538159],[4.52794972]
[4.31340621],[1.48289514],[4.58996973]
[4.25127212],[1.49493224],[4.52978486]
[4.31721784],[1.48461862],[4.57763487]
[4.30331527],[1.4859973],[4.60743641]
[4.35292316],[1.4806003],[4.58373117]
[4.32248443],[1.47484737],[4.58451695]
[4.36922181],[1.46730305],[4.54480998]
[4.34953215],[1.45672548],[4.48074277]
[4.33427081],[1.44463337],[4.44405777]
[4.29957117],[1.42834981],[4.36846283]
[4.26893153],[1.41002026],[4.32056037]
[4.2635524],[1.39104003],[4.26097189]
[4.25582075],[1.37173695],[4.19493584]
[4.24048959],[1.35067358],[4.12620665]
[4.23290739],[1.33750577],[4.07092318]
[4.22175584],[1.32546943],[4.00553115]
[4.20031291],[1.30782622],[3.91913797]
[4.18216301],[1.28949894],[3.84487108]
[4.17147981],[1.27243028],[3.76595964]
[4.15694402],[1.25508096],[3.68359573]
[4.13601979],[1.23636877],[3.58605117]
[4.11915357],[1.21979061],[3.49608571]
[4.07970216],[1.20029328],[3.39792925]
[4.02095152],[1.17904505],[3.30959125]
[3.97313382],[1.16288221],[3.23796398]
[3.59267216],[1.14683322],[3.01663269]
[4.21872234],[1.54671506],[4.5921287]
[2.12117832],[1.07602903],[1.25989134]
[0.98739665],[0.50547744],[0.39971253]
[2.26108739],[0.7942263],[1.31266483]
[2.43139428],[1.03975116],[2.39338451]
[2.53551813],[1.23904586],[2.80100298]
[2.6431287],[1.36195533],[3.15083546]
[3.16522996],[1.45964055],[3.69019483]
[3.38224576],[1.51956741],[4.04127883]
[3.63333302],[1.53471374],[4.36047768]
[3.72177586],[1.54495615],[4.5323332]
[3.84518728],[1.53780923],[4.64135626]
[3.85212498],[1.52666575],[4.61336513]
[4.00582168],[1.51642713],[4.67204205]
[3.99808073],[1.5020773],[4.612245]
[4.12071482],[1.49746646],[4.59276652]
[4.09969468],[1.49979534],[4.39006185]
[4.24594216],[1.49391308],[4.47499209]
[4.2100899],[1.50877842],[4.46220328]
[4.32385448],[1.49419179],[4.59228106]
[4.26852334],[1.51623636],[4.57599358]
[4.33514759],[1.49894355],[4.66868996]
[4.27303606],[1.51952525],[4.64181154]
[4.34621216],[1.50274358],[4.72627786]
[4.28077188],[1.52001467],[4.66816354]
[4.34494969],[1.50705342],[4.72551596]
[4.28420236],[1.5195909],[4.66401454]
[4.38603793],[1.51122163],[4.74791692]
[4.2841903],[1.51817581],[4.6532448]
[4.40200775],[1.51100035],[4.74826305]
[4.30342462],[1.51796603],[4.66881955]
[4.42636475],[1.50833625],[4.74884601]
[4.41013946],[1.50960511],[4.75286306]
[4.45331477],[1.50391524],[4.76132159]
[4.44454633],[1.49832207],[4.749279]
[4.46429899],[1.49211765],[4.724665]
[4.46001861],[1.48606782],[4.67476734]
[4.44404962],[1.47614711],[4.63553208]
[4.41414489],[1.4603532],[4.56311761]
[4.37911195],[1.4418208],[4.49452797]
[4.34265026],[1.4240602],[4.41869068]
[4.29820915],[1.40529201],[4.33045296]
[4.28128075],[1.38335397],[4.24915459]
[4.27400489],[1.36032101],[4.17907596]
[4.26029323],[1.34641081],[4.11251033]
[4.23667301],[1.32875424],[4.02037043]
[4.22005745],[1.30950596],[3.94279587]
[4.20825826],[1.29171022],[3.85349457]
[4.1919023],[1.27359442],[3.76979136]
[4.16714417],[1.25310728],[3.67276658]
[4.15237634],[1.23553783],[3.58413904]
[4.11928796],[1.21930949],[3.4940562]
[4.07903683],[1.20116431],[3.3952769]
[4.03172929],[1.18574248],[3.32078069]
[3.65171106],[1.16946623],[3.08659319]
[4.34854397],[1.58849706],[4.93048144]
[2.30945159],[1.1007207],[1.45567958]
[1.06806795],[0.53861005],[0.52400346]
[2.27186823],[0.81775036],[1.35556358]
[2.43675489],[1.04873265],[2.42852569]
[2.54319581],[1.24830449],[2.84015462]
[2.69871755],[1.36716711],[3.20709034]
[3.19743238],[1.46604106],[3.75247311]
[3.42007268],[1.52632827],[4.12034028]
[3.67726343],[1.53995171],[4.42470416]
[3.766557],[1.54715397],[4.60009628]
[3.90017243],[1.53781889],[4.70609116]
[3.92388677],[1.52642497],[4.68667617]
[4.05347366],[1.51553512],[4.733253]
[4.0392272],[1.51289724],[4.63198964]
[4.167509],[1.50354232],[4.57697978]
[4.15286028],[1.52632148],[4.45303941]
[4.29021236],[1.5125497],[4.60385418]
[4.26046408],[1.53475792],[4.60587598]
[4.37441886],[1.52140794],[4.73161015]
[4.31432533],[1.54061547],[4.70230072]
[4.40645423],[1.52632867],[4.80705854]
[4.31770432],[1.53868491],[4.7536441]
[4.44191477],[1.5303795],[4.86913865]
[4.34138288],[1.53620682],[4.78217048]
[4.4545336],[1.53254932],[4.87511514]
[4.37225919],[1.53544969],[4.79733164]
[4.48260908],[1.53214868],[4.89564368]
[4.39435508],[1.53406282],[4.80250977]
[4.49262987],[1.53121462],[4.892974]
[4.42774814],[1.53402393],[4.83012195]
[4.50889464],[1.52919786],[4.90241521]
[4.50615603],[1.52999473],[4.90561622]
[4.52741421],[1.5244589],[4.91297964]
[4.53026997],[1.5188395],[4.89676911]
[4.53525009],[1.51261227],[4.87561677]
[4.53928863],[1.50657822],[4.83130585]
[4.52274038],[1.49894919],[4.79384213]
[4.4971414],[1.48950694],[4.72880081]
[4.47189931],[1.47110594],[4.66222312]
[4.44587687],[1.45324072],[4.58464324]
[4.41516639],[1.4351253],[4.49888109]
[4.36567512],[1.4141227],[4.40028339]
[4.32997859],[1.3913687],[4.31454838]
[4.29656281],[1.36731841],[4.22503321]
[4.27293746],[1.34672831],[4.1253743]
[4.25647902],[1.32744111],[4.04917322]
[4.24438934],[1.30891978],[3.95718662]
[4.22879942],[1.29002444],[3.86017049]
[4.20493537],[1.26891517],[3.76325458]
[4.19118384],[1.25064302],[3.67869712]
[4.15591505],[1.23509918],[3.58729326]
[4.11278489],[1.21880995],[3.48830615]
[4.07929114],[1.20463969],[3.40699426]
[3.70809912],[1.19014388],[3.16360034]
[4.31576699],[1.61703783],[5.08748875]
[2.3020418],[1.15942189],[1.59993596]
[1.20902004],[0.62628237],[0.53696163]
[2.2588206],[0.81556554],[1.35020214]
[2.42577879],[1.04859408],[2.42028346]
[2.54483547],[1.26086145],[2.88370868]
[2.76841208],[1.37275749],[3.28899075]
[3.21639714],[1.47247169],[3.81488091]
[3.45391538],[1.53251658],[4.17618217]
[3.73025412],[1.54619654],[4.50218966]
[3.84760136],[1.55226297],[4.69944884]
[3.9911764],[1.54409865],[4.81209202]
[3.99777138],[1.53281655],[4.78528596]
[4.11644458],[1.52254881],[4.82455692]
[4.08652914],[1.54155964],[4.70192526]
[4.23589931],[1.53277092],[4.67916478]
[4.22947272],[1.55362485],[4.65367331]
[4.41058014],[1.54123374],[4.8063395]
[4.36180082],[1.55739325],[4.77642126]
[4.50832921],[1.54953943],[4.92802559]
[4.44703621],[1.55921084],[4.88022685]
[4.52988653],[1.55409054],[4.99173311]
[4.46819551],[1.55776802],[4.94014461]
[4.5514259],[1.55350636],[5.04187852]
[4.49249449],[1.5548698],[4.97341747]
[4.55773417],[1.55124923],[5.04883798]
[4.50836528],[1.5529389],[4.98568358]
[4.57586549],[1.55050987],[5.06112163]
[4.52039499],[1.55057462],[4.98860673]
[4.58031212],[1.54964736],[5.0649155]
[4.53955437],[1.55073142],[5.01504943]
[4.59009712],[1.54862442],[5.07339589]
[4.59693692],[1.54863583],[5.08108102]
[4.60169243],[1.54421116],[5.08976796]
[4.61263486],[1.5390961],[5.07208454]
[4.60681724],[1.53273953],[5.06019813]
[4.61693542],[1.52638882],[5.01449597]
[4.60067653],[1.51872072],[4.96994985]
[4.58225335],[1.50954168],[4.91105752]
[4.56517809],[1.4989355],[4.85286698]
[4.54649587],[1.48313218],[4.7821576]
[4.52593515],[1.4659116],[4.70339975]
[4.49082672],[1.44668962],[4.60875574]
[4.46629615],[1.4252503],[4.5307789]
[4.43772409],[1.40392206],[4.44844699]
[4.39194741],[1.3723633],[4.32896302]
[4.35217503],[1.34907099],[4.23158826]
[4.31351552],[1.33153644],[4.11722552]
[4.28628241],[1.31318984],[4.00113521]
[4.26165759],[1.29291221],[3.89394154]
[4.25056154],[1.27480062],[3.81181745]
[4.22121732],[1.2601652],[3.72242378]
[4.17508539],[1.24356522],[3.62320955]
[4.13731767],[1.2294588],[3.53673576]
[3.77622657],[1.21597891],[3.29052407]
[4.28329488],[1.63404976],[5.11618305]
[2.24502258],[1.18145144],[1.60175165]
[1.23246634],[0.65850298],[0.58029391]
[2.27347257],[0.84563938],[1.40454124]
[2.43307218],[1.07526489],[2.49217841]
[2.58464688],[1.28113985],[2.97977086]
[2.85386049],[1.3876774],[3.41818848]
[3.2368361],[1.48505838],[3.89658891]
[3.48415722],[1.54420624],[4.26355675]
[3.79904948],[1.5572915],[4.60865397]
[3.91672044],[1.56215214],[4.81066811]
[4.03941144],[1.55451974],[4.91848795]
[4.03853721],[1.56264677],[4.90016183]
[4.16419558],[1.55154078],[4.95574141]
[4.13809384],[1.56899604],[4.88089803]
[4.28601425],[1.56637352],[4.89707389]
[4.30347467],[1.57580372],[4.85951344]
[4.503701],[1.57237866],[5.02284847]
[4.48136606],[1.57905984],[4.99599841]
[4.57857786],[1.57662768],[5.12733192]
[4.54010299],[1.5808739],[5.08786948]
[4.59394857],[1.57623024],[5.18139233]
[4.552827],[1.57928117],[5.1411403]
[4.6100155],[1.57544399],[5.24097742]
[4.56952905],[1.57622942],[5.17196123]
[4.61304583],[1.57257706],[5.25514028]
[4.57849686],[1.57332673],[5.18205976]
[4.62636718],[1.57215539],[5.27327659]
[4.5859198],[1.57011083],[5.18324175]
[4.62767195],[1.57170384],[5.28134551]
[4.5978363],[1.56957913],[5.21872156]
[4.63321503],[1.57062982],[5.30084149]
[4.64454482],[1.56922765],[5.30456892]
[4.64061989],[1.56466929],[5.32984828]
[4.65596905],[1.5597401],[5.30696664]
[4.64411071],[1.55333323],[5.29872468]
[4.65755991],[1.54766974],[5.26440733]
[4.63822912],[1.54047106],[5.19991898]
[4.62479642],[1.53113984],[5.13211539]
[4.61435462],[1.52017934],[5.06338996]
[4.6007792],[1.51046703],[4.98052663]
[4.58448629],[1.50042292],[4.89690762]
[4.55674468],[1.48490201],[4.81004635]
[4.53747815],[1.46473784],[4.73630917]
[4.51595448],[1.445886],[4.65856505]
[4.48059303],[1.4197921],[4.55549396]
[4.45078784],[1.38767201],[4.46897997]
[4.42210944],[1.35630115],[4.37390761]
[4.38811909],[1.33827583],[4.24206781]
[4.33567575],[1.31978999],[4.0966003]
[4.2994341],[1.30512435],[3.98401545]
[4.2647568],[1.291378],[3.89552377]
[4.22291667],[1.27489101],[3.80303943]
[4.18710542],[1.26168451],[3.72063323]
[3.82635412],[1.24910312],[3.4737362]
[4.16688327],[1.64759326],[5.15172648]
[2.17253878],[1.23728357],[1.68246197]
[1.08265599],[0.69039614],[0.57714596]
[2.28660771],[0.87561452],[1.43864455]
[2.44330162],[1.08165707],[2.53088968]
[2.65232175],[1.28968807],[3.06180895]
[2.93037351],[1.39333852],[3.50036893]
[3.25526076],[1.49679985],[3.954187]
[3.57138799],[1.5512172],[4.33553029]
[3.87434982],[1.56295873],[4.69485699]
[3.96994165],[1.57278666],[4.89336402]
[4.07561004],[1.56559378],[5.00902284]
[4.06956153],[1.58046617],[4.99164275]
[4.21077212],[1.57854845],[5.05618387]
[4.19066826],[1.58462373],[4.94002858]
[4.41314563],[1.58736834],[5.04306773]
[4.43506307],[1.59068593],[5.03486521]
[4.57258633],[1.59112209],[5.17357002]
[4.55810818],[1.5936396],[5.15493421]
[4.62112716],[1.59500357],[5.26913707]
[4.591479],[1.59440495],[5.23971407]
[4.6286162],[1.59436207],[5.34913093]
[4.59814744],[1.59273621],[5.30823353]
[4.64006631],[1.59427226],[5.43927976]
[4.60956295],[1.59088845],[5.36463493]
[4.64054403],[1.59308329],[5.4730592]
[4.61400471],[1.59246428],[5.41146843]
[4.65023481],[1.59676608],[5.53818289]
[4.61844609],[1.59499923],[5.4615708]
[4.65058126],[1.60094212],[5.62125139]
[4.63325988],[1.60061686],[5.58841031]
[4.6669514],[1.60522643],[5.73038518]
[4.68726882],[1.6045988],[5.77265034]
[4.6851305],[1.60063744],[5.83068572]
[4.73852181],[1.59338554],[5.85459664]
[4.71491331],[1.58434463],[5.82473204]
[4.77513086],[1.57365024],[5.78863713]
[4.75256237],[1.56322954],[5.68969719]
[4.73474692],[1.55017995],[5.5646639]
[4.68807411],[1.5398293],[5.40797218]
[4.64901362],[1.53053546],[5.23067081]
[4.62457051],[1.5208918],[5.09996387]
[4.60079805],[1.51093696],[4.98419938]
[4.58900887],[1.49564265],[4.90709355]
[4.57816467],[1.47741763],[4.83566807]
[4.55338217],[1.45390126],[4.74524876]
[4.53328182],[1.42342588],[4.66083624]
[4.51426798],[1.39503245],[4.57791514]
[4.49292456],[1.36930645],[4.46870884]
[4.45800349],[1.34515278],[4.32698514]
[4.4341246],[1.32950879],[4.20230381]
[4.38514537],[1.31536331],[4.07628099]
[4.27783404],[1.29837353],[3.93678479]
[4.24144502],[1.28402108],[3.85489134]
[3.8794099],[1.27016769],[3.60660592]
[4.09254489],[1.68422899],[5.19287663]
[2.09910204],[1.27171984],[1.74768992]
[0.89279799],[0.74798774],[0.50099639]
[2.27959881],[0.88127186],[1.42672326]
[2.44038238],[1.07367605],[2.53549758]
[2.67697846],[1.29905879],[3.12510694]
[2.97274444],[1.43006736],[3.57796813]
[3.27198238],[1.52656683],[4.00621673]
[3.65027284],[1.57316721],[4.41828296]
[3.94110722],[1.57620808],[4.78918861]
[4.02649895],[1.59443746],[5.00765078]
[4.14306596],[1.59084484],[5.12454504]
[4.13113849],[1.60108478],[5.10310963]
[4.33985459],[1.59920849],[5.20692774]
[4.34238758],[1.60371757],[5.09726032]
[4.52841174],[1.60664218],[5.23257884]
[4.55401136],[1.61031798],[5.23603223]
[4.63416102],[1.61210824],[5.36272238]
[4.6204191],[1.61683239],[5.35358718]
[4.66360604],[1.61972491],[5.51546362]
[4.64101221],[1.62197421],[5.51857958]
[4.66736533],[1.62388051],[5.70750813]
[4.65102622],[1.62609316],[5.71301365]
[4.68803876],[1.62825785],[5.89550156]
[4.67493517],[1.62844417],[5.87127087]
[4.70018496],[1.63070631],[5.99882213]
[4.69057538],[1.63269201],[5.97585667]
[4.73301427],[1.6364647],[6.09020378]
[4.73401714],[1.63673322],[6.05072901]
[4.76549123],[1.64171142],[6.17537134]
[4.77805445],[1.64338404],[6.18104232]
[4.80468015],[1.64753877],[6.28931471]
[4.90280067],[1.64946254],[6.3583904]
[4.84205146],[1.64514317],[6.38633432]
[4.9862451],[1.63748631],[6.45793999]
[4.92585588],[1.62879925],[6.40462204]
[5.03937435],[1.61925328],[6.44056455]
[5.00430777],[1.6098759],[6.36564541]
[4.97934242],[1.59651891],[6.26324234]
[4.93772941],[1.584011],[6.11728605]
[4.8424107],[1.57176342],[5.92107855]
[4.79980295],[1.55719087],[5.73678149]
[4.74373574],[1.5411387],[5.52783868]
[4.69683577],[1.52406901],[5.34711984]
[4.67110796],[1.50997937],[5.18259516]
[4.64109792],[1.48838705],[5.03136622]
[4.6166352],[1.46107107],[4.89450106]
[4.59970054],[1.43790586],[4.79863713]
[4.58867331],[1.41416505],[4.69690557]
[4.56690089],[1.38959651],[4.57706425]
[4.55170587],[1.36295388],[4.46496551]
[4.52845244],[1.3439097],[4.33795924]
[4.46417859],[1.32650383],[4.18405057]
[4.38568841],[1.31165764],[4.05756498]
[3.96130848],[1.29734083],[3.76762396]
[4.10788068],[1.69542769],[5.30239366]
[2.0687819],[1.30308577],[1.92031098]
[1.14146118],[0.81874109],[0.59355471]
[2.30402317],[0.90579309],[1.470784]
[2.45804624],[1.09751901],[2.62774603]
[2.73699447],[1.32009573],[3.24260013]
[3.03954115],[1.47324887],[3.69005713]
[3.31013092],[1.56176428],[4.09333928]
[3.71703473],[1.59618972],[4.52326041]
[3.98146644],[1.60341109],[4.91449413]
[4.05845194],[1.61534765],[5.13079324]
[4.19026591],[1.61302046],[5.25257715]
[4.19589918],[1.62302472],[5.24728651]
[4.45012329],[1.62950697],[5.40112889]
[4.4618158],[1.63891032],[5.35613854]
[4.58973636],[1.64413103],[5.50517375]
[4.60818077],[1.64939488],[5.5849582]
[4.68152687],[1.65226459],[5.86875617]
[4.68577497],[1.65724113],[5.89254787]
[4.72016769],[1.66063189],[6.09605663]
[4.72861084],[1.66403994],[6.11430257]
[4.75573337],[1.66610895],[6.27056249]
[4.76580972],[1.66989824],[6.29597992]
[4.80030182],[1.67188709],[6.43507423]
[4.81687317],[1.67305524],[6.44290974]
[4.83275631],[1.67426944],[6.53312059]
[4.85969793],[1.67836018],[6.53530544]
[4.91591119],[1.68221978],[6.64142953]
[4.94283004],[1.68560037],[6.64983187]
[4.98209821],[1.69097161],[6.77196014]
[5.0132194],[1.6962885],[6.82454573]
[5.0525595],[1.7022848],[6.95713551]
[5.14202115],[1.72153144],[7.1349765]
[5.12729176],[1.72702225],[7.15718769]
[5.20899067],[1.7416273],[7.30625231]
[5.20507193],[1.73129907],[7.26586848]
[5.27075723],[1.71467799],[7.3238294]
[5.2977682],[1.6975986],[7.26962105]
[5.27873545],[1.6797917],[7.1753367]
[5.26261411],[1.66522189],[7.02604538]
[5.19858313],[1.63863703],[6.79765717]
[5.12975352],[1.61298734],[6.55467528]
[5.05033266],[1.59932841],[6.31002777]
[4.97029432],[1.58301576],[6.10070946]
[4.88679545],[1.56576449],[5.90482829]
[4.80974321],[1.54685963],[5.70438868]
[4.76517197],[1.524641],[5.52515183]
[4.7198925],[1.50354789],[5.34914585]
[4.68629508],[1.47690336],[5.16360509]
[4.6570829],[1.44820161],[4.95146254]
[4.63222874],[1.42067363],[4.78477472]
[4.60487613],[1.39599144],[4.64998635]
[4.55201683],[1.37078974],[4.47892869]
[4.50340358],[1.34315919],[4.33125936]
[4.10617503],[1.32812743],[4.01887901]
[4.13869839],[1.72023069],[5.58814581]
[2.07417804],[1.36011144],[2.19523455]
[1.39374473],[0.94120698],[0.82868314]
[2.33454528],[0.92762139],[1.53499886]
[2.48607488],[1.14023398],[2.69441956]
[2.79319811],[1.33465141],[3.32315567]
[3.0850911],[1.49774147],[3.76758534]
[3.42626743],[1.58538736],[4.18238743]
[3.77330335],[1.61299849],[4.60376859]
[4.01516234],[1.62279064],[5.02516583]
[4.09092802],[1.63724917],[5.2468543]
[4.33395586],[1.64608011],[5.4632719]
[4.35598789],[1.65896414],[5.49507488]
[4.54361294],[1.66743675],[5.68026334]
[4.57798886],[1.67592095],[5.73853238]
[4.67072378],[1.68137727],[6.05965181]
[4.69870901],[1.68694141],[6.17809152]
[4.77487415],[1.69008045],[6.44713852]
[4.82905254],[1.69652228],[6.50463855]
[4.87524182],[1.70005502],[6.65029695]
[4.93213224],[1.70511868],[6.69961529]
[4.96076021],[1.70805804],[6.83802596]
[4.993902],[1.72360677],[6.91496254]
[5.04294302],[1.74440776],[7.08355466]
[5.06887396],[1.76920913],[7.16426469]
[5.09723235],[1.78857624],[7.30675888]
[5.12537417],[1.7994889],[7.38779363]
[5.17560122],[1.80450456],[7.55038406]
[5.19387562],[1.80982943],[7.60183662]
[5.25288792],[1.82084055],[7.76284323]
[5.26644206],[1.83120149],[7.83783252]
[5.35104061],[1.83899576],[8.04295977]
[5.40081615],[1.85391075],[8.19379407]
[5.45211312],[1.85873013],[8.31627406]
[5.48757299],[1.86894044],[8.39852391]
[5.55533272],[1.86263451],[8.48005467]
[5.57411371],[1.8479169],[8.47415125]
[5.67819338],[1.83291314],[8.51327335]
[5.62713913],[1.81390511],[8.38447133]
[5.62133085],[1.79170928],[8.23684125]
[5.57561149],[1.76228649],[7.95402179]
[5.48076838],[1.73630158],[7.65064694]
[5.37938514],[1.70729813],[7.32614812]
[5.29097566],[1.67208591],[7.0340427]
[5.20913982],[1.63302537],[6.76301259]
[5.1436924],[1.60413683],[6.4948884]
[5.08109396],[1.58268682],[6.25239485]
[5.00967583],[1.56148252],[6.02042503]
[4.93587586],[1.53972557],[5.81910536]
[4.83391155],[1.51614831],[5.58945746]
[4.78886943],[1.48895529],[5.3427769]
[4.74736791],[1.45990715],[5.0925503]
[4.68618921],[1.4276969],[4.88471551]
[4.65211445],[1.39503279],[4.73043891]
[4.2720556],[1.36368133],[4.392103]
[4.26115204],[1.8557872],[5.95244339]
[2.24040132],[1.40005106],[2.46278825]
[1.51446322],[1.02637494],[1.05560875]
[2.35743268],[0.94786951],[1.59697859]
[2.50543763],[1.20035088],[2.76331617]
[2.85652147],[1.37295666],[3.40560659]
[3.14876482],[1.51760708],[3.83958622]
[3.52984199],[1.60880295],[4.2807486]
[3.83052325],[1.64223006],[4.72880137]
[4.05470726],[1.65652001],[5.18050225]
[4.21330605],[1.6706775],[5.46945119]
[4.48329296],[1.68045654],[5.7895159]
[4.54074392],[1.69260621],[5.89884668]
[4.65598989],[1.70370367],[6.23146826]
[4.68084427],[1.71588855],[6.34650992]
[4.74027206],[1.72134118],[6.62726193]
[4.8290161],[1.72854526],[6.78072103]
[5.00736135],[1.73794945],[7.03804109]
[5.1048468],[1.769777],[7.20538793]
[5.16794216],[1.79046239],[7.39153337]
[5.20443914],[1.81408389],[7.52907991]
[5.24220213],[1.83516627],[7.73497072]
[5.25999412],[1.8559123],[7.87560329]
[5.3390916],[1.87140552],[8.11040955]
[5.34766436],[1.88926498],[8.21975673]
[5.43560923],[1.90494522],[8.45487052]
[5.43273272],[1.91320796],[8.51727504]
[5.53694236],[1.91865849],[8.7960232]
[5.52811961],[1.92365729],[8.81250099]
[5.65572758],[1.93141046],[9.10963149]
[5.62774969],[1.94021289],[9.12957433]
[5.7887947],[1.94687275],[9.42808052]
[5.83109258],[1.96071462],[9.55350251]
[5.91996845],[1.96502849],[9.74327823]
[5.98616754],[1.97454134],[9.85608614]
[6.05263971],[1.96818149],[9.94389407]
[6.14558772],[1.95454148],[10.02221247]
[6.18811144],[1.94076846],[10.02026879]
[6.24012222],[1.92248196],[9.96562274]
[6.19088201],[1.89960343],[9.79329741]
[6.17420663],[1.87445567],[9.53495286]
[6.07963232],[1.84637365],[9.13066693]
[5.89353173],[1.81417921],[8.65381144]
[5.72505614],[1.78928723],[8.2697209]
[5.57381417],[1.7586124],[7.89834626]
[5.46290663],[1.71926787],[7.52893609]
[5.38103457],[1.66986779],[7.19945921]
[5.3052917],[1.61370172],[6.86227627]
[5.23453082],[1.59287751],[6.54101854]
[5.17389136],[1.57039275],[6.27777771]
[5.114662],[1.54770644],[6.0285976]
[5.05419618],[1.52527094],[5.77122179]
[4.96464423],[1.49770798],[5.49977713]
[4.83398432],[1.46730001],[5.22131301]
[4.41455611],[1.43405061],[4.81163984]
[4.45199641],[1.94186913],[6.31973193]
[2.48714709],[1.43386894],[2.80730059]
[1.50896212],[1.09484696],[1.24488615]
[2.36046137],[0.95372935],[1.61372544]
[2.51499832],[1.24031564],[2.80275464]
[2.88307502],[1.4127309],[3.49127057]
[3.20246108],[1.55574513],[3.96187215]
[3.58453183],[1.64513306],[4.47684836]
[3.88222619],[1.67562385],[4.98180587]
[4.20556895],[1.6905183],[5.45523034]
[4.40999569],[1.70576326],[5.86312666]
[4.62003208],[1.7173727],[6.39354777]
[4.66071064],[1.73694131],[6.57180039]
[4.73374585],[1.74777023],[6.8384362]
[4.79930747],[1.76387408],[6.99756153]
[4.94362544],[1.78317008],[7.28065045]
[5.12094205],[1.82461494],[7.57081981]
[5.26052037],[1.86825421],[7.93388023]
[5.34636931],[1.89763593],[8.18452587]
[5.48281718],[1.91438833],[8.46493793]
[5.49142609],[1.93119101],[8.59267492]
[5.59760284],[1.94646656],[8.89845868]
[5.58449651],[1.96277165],[9.04040496]
[5.74500213],[1.97626152],[9.44855213]
[5.76948117],[1.99223432],[9.59709355]
[5.88692133],[2.00467256],[9.90711149]
[5.92219256],[2.0139498],[10.02016483]
[6.02570306],[2.0204353],[10.30751644]
[6.07442419],[2.02563256],[10.40086901]
[6.1604939],[2.0318161],[10.63108022]
[6.23803574],[2.03971211],[10.74493778]
[6.32229117],[2.04553726],[10.95387224]
[6.44138633],[2.05717779],[11.20064336]
[6.47376282],[2.06073372],[11.34624424]
[6.57077866],[2.0699171],[11.52875304]
[6.62541646],[2.06442883],[11.58657247]
[6.723746],[2.05219464],[11.70019853]
[6.80975085],[2.03983509],[11.72744073]
[6.85645653],[2.02386117],[11.69853976]
[6.86385579],[2.00140146],[11.61094748]
[6.8284696],[1.97865261],[11.40872545]
[6.81362832],[1.95230521],[11.0709975]
[6.69406844],[1.92306143],[10.54588615]
[6.50204385],[1.89539606],[10.04546546]
[6.31646581],[1.86645517],[9.55455121]
[6.12508285],[1.83671742],[9.06050408]
[5.95288217],[1.79534326],[8.59803067]
[5.80087646],[1.74445319],[8.1547712]
[5.65566345],[1.69157454],[7.69374927]
[5.53750731],[1.62832376],[7.27312789]
[5.4532139],[1.60211791],[6.92483076]
[5.37247813],[1.58069451],[6.55241486]
[5.28550842],[1.55769209],[6.23434258]
[5.209638],[1.53372551],[5.95603976]
[4.77769187],[1.50733913],[5.52531418]
[4.7488635],[2.00912927],[6.65013525]
[2.64191359],[1.46464428],[3.00163156]
[1.52311722],[1.12978952],[1.47267871]
[2.38078729],[0.9706374],[1.66528337]
[2.52607045],[1.29324217],[2.91475408]
[2.91219112],[1.45920811],[3.63060383]
[3.25961462],[1.60131644],[4.12982675]
[3.66031051],[1.68697253],[4.75259927]
[3.93571144],[1.71969124],[5.26353553]
[4.32209387],[1.72996444],[5.82977843]
[4.52469329],[1.74890652],[6.43398095]
[4.68926269],[1.76209052],[6.93999781]
[4.72974888],[1.78262471],[7.1314493]
[4.82271692],[1.8069391],[7.40205701]
[4.98778453],[1.85152803],[7.68695813]
[5.14581673],[1.89710397],[8.09990516]
[5.26425935],[1.94258454],[8.42423644]
[5.42032162],[1.97554208],[8.82574814]
[5.54913759],[1.99756342],[9.13570672]
[5.76167044],[2.00973563],[9.62149255]
[5.76856313],[2.02450732],[9.82459794]
[5.90785425],[2.0382861],[10.24090808]
[5.92963953],[2.05313479],[10.41719203]
[6.09530577],[2.06554181],[10.76798315]
[6.24279677],[2.08045538],[11.0129023]
[6.41663681],[2.0907227],[11.35604103]
[6.48711117],[2.10026498],[11.59660004]
[6.57035719],[2.10721407],[11.86104049]
[6.61156417],[2.11164456],[12.07038861]
[6.70306396],[2.11608621],[12.2795587]
[6.73119789],[2.12270631],[12.43029071]
[6.86589832],[2.12794671],[12.66488901]
[6.91243544],[2.14228358],[12.86663772]
[7.03670084],[2.14337714],[13.07324987]
[7.08586778],[2.15539234],[13.20102076]
[7.21895043],[2.14369712],[13.38529372]
[7.25324164],[2.1331268],[13.42738508]
[7.34069525],[2.12189092],[13.54661556]
[7.3677952],[2.10613278],[13.46362747]
[7.42410461],[2.08524624],[13.41520324]
[7.50807035],[2.0636926],[13.26066907]
[7.46548791],[2.03996927],[12.96963261]
[7.31367609],[2.01351926],[12.50756925]
[7.11465415],[1.98870419],[11.90161667]
[6.88109177],[1.9620274],[11.33117485]
[6.67805282],[1.92875294],[10.76056966]
[6.48761675],[1.89359262],[10.22718835]
[6.31760713],[1.84965148],[9.71994332]
[6.13455615],[1.80342307],[9.1823747]
[5.94718026],[1.75013916],[8.5667356]
[5.79591714],[1.69655989],[8.04971881]
[5.63703841],[1.63692463],[7.61113875]
[5.52942245],[1.6153956],[7.10606759]
[5.44122916],[1.5924673],[6.70886273]
[4.96540213],[1.56836958],[6.18199395]
[4.92530821],[2.04601734],[6.96835687]
[2.73780515],[1.49558654],[3.2091422]
[1.54234661],[1.16366273],[1.73386368]
[2.41474552],[1.00025167],[1.75551676]
[2.61031567],[1.33874957],[3.03539046]
[3.00730574],[1.4965411],[3.76524925]
[3.36798422],[1.63526915],[4.31950313]
[3.75379811],[1.71300836],[4.97901076]
[4.02731107],[1.74698536],[5.51208818]
[4.43100716],[1.75997902],[6.22234992]
[4.61288801],[1.77996696],[6.85792635]
[4.74628244],[1.81420823],[7.32909829]
[4.81787646],[1.86379906],[7.58205469]
[4.97432095],[1.9047741],[7.96710993]
[5.14247739],[1.95310185],[8.35037341]
[5.26831666],[1.99400729],[8.77611039]
[5.36680767],[2.03179317],[9.11714099]
[5.5929347],[2.06011369],[9.56771056]
[5.79841272],[2.08293108],[10.05187889]
[6.00969789],[2.09556563],[10.68111151]
[6.10761752],[2.11020659],[11.0196476]
[6.21111709],[2.12340815],[11.40445271]
[6.32451651],[2.13718001],[11.74487369]
[6.50283957],[2.14861963],[12.12053556]
[6.61875627],[2.16188087],[12.46026375]
[6.76848566],[2.17039636],[12.79634814]
[6.80395388],[2.18356812],[13.05054787]
[6.96264026],[2.19565856],[13.41852429]
[6.96052932],[2.20199243],[13.61618751]
[7.18059944],[2.21051284],[14.01158292]
[7.18249952],[2.22014227],[14.11334707]
[7.35675557],[2.22681618],[14.49137611]
[7.40501693],[2.24264784],[14.65113783]
[7.47698895],[2.24537153],[14.89925733]
[7.53948406],[2.25788366],[15.02523595]
[7.58945986],[2.25808566],[15.14375312]
[7.69539149],[2.24729345],[15.22948465]
[7.7194278],[2.21521807],[15.23308946]
[7.90382929],[2.17959261],[15.28014063]
[7.94519885],[2.15995603],[15.14344474]
[8.05375464],[2.13850062],[15.10430321]
[8.0312594],[2.11606055],[14.78148108]
[7.95417103],[2.09200359],[14.353555]
[7.70042081],[2.06953105],[13.72403044]
[7.45911333],[2.04626439],[13.06353949]
[7.22662607],[2.01520277],[12.38988596]
[7.0348746],[1.9850261],[11.75265537]
[6.79068304],[1.94359699],[11.14536209]
[6.60157993],[1.90112318],[10.58246762]
[6.3920064],[1.85314218],[9.9296719]
[6.25325883],[1.80645918],[9.2514476]
[6.08735612],[1.75704083],[8.6578533]
[5.91288177],[1.69989518],[8.04003241]
[5.75045159],[1.63904414],[7.44499905]
[5.20846873],[1.60626672],[6.78102386]
[5.08087039],[2.08611651],[7.31872919]
[2.83650324],[1.52437046],[3.34744199]
[1.56545313],[1.18572468],[1.95561603]
[2.46360757],[1.03296421],[1.85312511]
[2.73303676],[1.37914922],[3.16137748]
[3.11994018],[1.53056405],[3.89642956]
[3.4878778],[1.66668073],[4.53847282]
[3.84916783],[1.74045294],[5.19059335]
[4.14314565],[1.7744336],[5.75747722]
[4.518411],[1.78812343],[6.59097159]
[4.68183738],[1.84235931],[7.2156532]
[4.81762583],[1.8984618],[7.73050517]
[4.97123283],[1.95760996],[8.13808561]
[5.1367973],[1.99458355],[8.60320205]
[5.25877707],[2.03537319],[8.98486029]
[5.38370956],[2.07136137],[9.38214597]
[5.51307883],[2.10407349],[9.75879542]
[5.83669958],[2.1282896],[10.49062112]
[6.0145415],[2.14938693],[11.03992942]
[6.25150583],[2.16112832],[11.68446241]
[6.43597326],[2.1803351],[12.26046883]
[6.58941884],[2.19805346],[12.6861116]
[6.68075156],[2.21721601],[13.03105077]
[6.85439103],[2.23343638],[13.41750243]
[6.92891702],[2.25218082],[13.72331643]
[7.22931379],[2.26920127],[14.23049644]
[7.28662868],[2.28802743],[14.48928506]
[7.44551987],[2.33505526],[14.99044609]
[7.46105602],[2.38073887],[15.19954727]
[7.56488174],[2.39712691],[15.61604843]
[7.62605222],[2.40608731],[15.79157348]
[7.73300002],[2.41474214],[16.11362546]
[7.89258046],[2.41990183],[16.38403217]
[7.94240637],[2.43135372],[16.5400806]
[8.08687676],[2.44213232],[16.80842559]
[8.13102371],[2.45498027],[16.87460587]
[8.21359888],[2.45139584],[17.03548136]
[8.24691388],[2.41521369],[17.00669789]
[8.29126445],[2.36774217],[16.98188345]
[8.35772621],[2.31995287],[16.84787337]
[8.39297025],[2.26869059],[16.68988633]
[8.46592802],[2.20234083],[16.47200772]
[8.38703973],[2.14769248],[16.0068337]
[8.29236563],[2.12582255],[15.46412932]
[8.10799967],[2.10451342],[14.76588494]
[7.87294097],[2.07546213],[13.98099609]
[7.57557598],[2.04705037],[13.25463774]
[7.35246037],[2.01155532],[12.5664318]
[7.15963273],[1.97369465],[11.89737318]
[6.92042455],[1.92425952],[11.16690562]
[6.69438299],[1.87725502],[10.4739612]
[6.53831785],[1.82880205],[9.7516077]
[6.37305389],[1.77583502],[9.07199431]
[6.20769645],[1.71864762],[8.37149167]
[5.67159008],[1.66144152],[7.4896122]
[5.32267834],[2.1169558],[7.70870516]
[2.9334394],[1.55132159],[3.5062945]
[1.56895729],[1.21108161],[2.09512704]
[2.4949377],[1.05017885],[1.91353531]
[2.83136771],[1.41048509],[3.25839707]
[3.19537636],[1.55894672],[4.01328601]
[3.56082173],[1.69395463],[4.73245394]
[3.93065489],[1.76640791],[5.38264323]
[4.25137318],[1.80066976],[6.03036658]
[4.58826966],[1.83365568],[6.94897263]
[4.77044676],[1.91536603],[7.58123699]
[4.98068492],[1.98377618],[8.26287785]
[5.13126292],[2.04032027],[8.76644118]
[5.26237695],[2.0725746],[9.22234561]
[5.3526013],[2.10871946],[9.6077721]
[5.53554905],[2.14257782],[10.06099946]
[5.69910652],[2.17225013],[10.59070598]
[6.00837486],[2.20430675],[11.40074122]
[6.25856022],[2.23726046],[12.06257761]
[6.52587827],[2.25307056],[12.83306061]
[6.7006597],[2.27196037],[13.43068556]
[6.92122333],[2.28978286],[13.97596847]
[6.99107524],[2.31080778],[14.29893321]
[7.30154169],[2.32993004],[14.86300372]
[7.39427593],[2.3783888],[15.16102423]
[7.57431835],[2.41303884],[15.68832413]
[7.69860502],[2.44892158],[16.03022426]
[7.81914604],[2.48050248],[16.4872815]
[7.96572038],[2.514085],[16.83085111]
[8.09881482],[2.52718707],[17.23290065]
[8.18042464],[2.53813509],[17.54987863]
[8.27920542],[2.55082577],[17.83476367]
[8.35334929],[2.5626052],[18.15402014]
[8.39181393],[2.57615439],[18.30617929]
[8.42419147],[2.58912963],[18.51780936]
[8.52619749],[2.59752659],[18.64187095]
[8.56234149],[2.59623022],[18.72618406]
[8.77278],[2.57130146],[18.85535968]
[8.82107016],[2.5353416],[18.80393012]
[8.93184156],[2.495311],[18.83644546]
[8.97993409],[2.45040612],[18.61276069]
[9.00902911],[2.37696926],[18.3992403]
[8.98570388],[2.28637331],[17.93304519]
[8.94769486],[2.21607104],[17.38759008]
[8.79535176],[2.15935188],[16.65568092]
[8.42821043],[2.13248449],[15.77193874]
[8.19677031],[2.10528508],[14.99377045]
[8.0202812],[2.07386153],[14.26857483]
[7.75306743],[2.04031472],[13.46483813]
[7.47891068],[1.9989859],[12.66860842]
[7.26337859],[1.9544721],[11.94349621]
[7.08724995],[1.90602162],[11.0930957]
[6.81807938],[1.85317606],[10.24332803]
[6.67341524],[1.79901643],[9.52753139]
[6.16986883],[1.74587174],[8.54855853]
[5.7563867],[2.14578561],[8.12337022]
[3.08648524],[1.57173074],[3.67409744]
[1.59314333],[1.23375674],[2.32543322]
[2.52468255],[1.11800028],[2.06621344]
[2.96010896],[1.45217729],[3.41932716]
[3.29948287],[1.59444625],[4.18376084]
[3.65148243],[1.72436577],[4.96084684]
[4.04506806],[1.79193062],[5.64315115]
[4.37259478],[1.8378434],[6.38501491]
[4.66575932],[1.89413452],[7.29630753]
[4.88901372],[1.98057541],[7.99208841]
[5.1180507],[2.05276163],[8.80924877]
[5.24734371],[2.10783774],[9.3788777]
[5.35367518],[2.1374016],[9.82755943]
[5.47261578],[2.17445793],[10.29494744]
[5.74603964],[2.21609255],[10.99547856]
[5.9320772],[2.26246362],[11.61108116]
[6.21661176],[2.29868407],[12.37140712]
[6.51853481],[2.32907837],[13.21491628]
[6.7567594],[2.34647128],[13.96407923]
[6.95154483],[2.369743],[14.63644243]
[7.29983253],[2.40285811],[15.40022116]
[7.39597897],[2.44227737],[15.73606118]
[7.57834675],[2.47702188],[16.2844451]
[7.70633492],[2.5131386],[16.66658271]
[7.90028439],[2.54044542],[17.16251216]
[8.1595002],[2.57143458],[17.68960325]
[8.31102749],[2.5989459],[18.15217366]
[8.37160566],[2.62915836],[18.55053109]
[8.45698634],[2.64254658],[18.95130829]
[8.49327116],[2.65806675],[19.26487053]
[8.71158227],[2.67285947],[19.6874581]
[8.81931608],[2.68754133],[19.99689072]
[8.98393022],[2.70297518],[20.36161361]
[9.03447839],[2.71727594],[20.52690948]
[9.10001741],[2.72793289],[20.72652743]
[9.14705239],[2.71863126],[20.77061128]
[9.18272877],[2.69532007],[20.84996016]
[9.21951665],[2.66315],[20.78139923]
[9.23488368],[2.63339103],[20.68970575]
[9.44394526],[2.59893444],[20.5843928]
[9.47835125],[2.53452775],[20.29191435]
[9.50057312],[2.45648257],[19.94761682]
[9.3805531],[2.37912933],[19.32079599]
[9.32172944],[2.30431548],[18.6114325]
[9.10735713],[2.23061466],[17.75429117]
[8.94373331],[2.16361268],[16.92305641]
[8.68812883],[2.12665796],[16.03224866]
[8.34772313],[2.09548176],[15.20107237]
[8.13259237],[2.05928404],[14.37045649]
[7.94071874],[2.02161964],[13.54829154]
[7.6681636],[1.97780858],[12.68279566]
[7.40926101],[1.92645306],[11.68087533]
[7.20714731],[1.86978995],[10.80788891]
[6.92731714],[1.81738421],[9.79507192]
[6.04463437],[2.17496553],[8.57046836]
[3.36208723],[1.59370418],[4.08793206]
[1.82386237],[1.26673019],[2.68737118]
[2.52911367],[1.18829855],[2.41672565]
[3.08482752],[1.48561529],[3.5623695]
[3.41875524],[1.62874916],[4.39350106]
[3.75043664],[1.75131325],[5.15814734]
[4.17340871],[1.81635326],[5.91244121]
[4.4732964],[1.88079019],[6.79439713]
[4.77540108],[1.96204776],[7.69743918]
[5.0542643],[2.04774742],[8.49374707]
[5.2352415],[2.11837011],[9.3418767]
[5.33824717],[2.16908457],[9.95445191]
[5.48319341],[2.20819124],[10.5145963]
[5.60701727],[2.26204821],[11.03997819]
[5.94722441],[2.30921729],[11.90678151]
[6.16762186],[2.35702421],[12.59562664]
[6.47779095],[2.40137694],[13.47299257]
[6.7337285],[2.44017871],[14.3339109]
[7.02379783],[2.47275088],[15.20669552]
[7.323523],[2.51237492],[15.96081252]
[7.58205375],[2.5465498],[16.78545103]
[7.71431627],[2.58173616],[17.26438255]
[7.89268491],[2.61056684],[17.79325947]
[8.14850133],[2.6434559],[18.36829804]
[8.32917518],[2.67245602],[18.89457509]
[8.43898815],[2.69908942],[19.36547308]
[8.62010778],[2.71276412],[19.90990626]
[8.64591027],[2.73937021],[20.27894296]
[8.96507963],[2.75951424],[20.93156663]
[9.0119274],[2.78553776],[21.24642604]
[9.16768224],[2.81127328],[21.78679296]
[9.23646092],[2.82769421],[22.12119853]
[9.28669943],[2.84366441],[22.43079355]
[9.32700986],[2.8577865],[22.63021031]
[9.33853477],[2.87015504],[22.72877632]
[9.58378346],[2.85759646],[22.91050293]
[9.67757718],[2.83893346],[22.95809583]
[9.81508205],[2.80176699],[23.09667859]
[9.87684751],[2.76688587],[22.97178952]
[9.93549128],[2.73011359],[22.89043595]
[9.98446335],[2.67061028],[22.5882944]
[9.96410337],[2.60163106],[22.21528665]
[9.95924924],[2.53412445],[21.6693498]
[9.92160859],[2.46783758],[20.91886163]
[9.86349407],[2.39241885],[20.00526158]
[9.60919797],[2.32029712],[18.95970106]
[9.17124783],[2.24760445],[18.00190187]
[9.03761022],[2.16667828],[17.18613628]
[8.83049464],[2.12290413],[16.25075314]
[8.50033845],[2.08977487],[15.32207772]
[8.22136768],[2.05320654],[14.42728636]
[8.04131145],[2.00749572],[13.47675462]
[7.82687324],[1.95690087],[12.38533019]
[7.45172617],[1.9056283],[11.17157423]
[6.32671828],[2.21497245],[9.16807687]
[3.60594387],[1.63090947],[4.39554927]
[1.91384422],[1.29267587],[2.94824201]
[2.53400531],[1.25303338],[2.69429881]
[3.21355288],[1.51770157],[3.71058237]
[3.53891307],[1.66240804],[4.61469823]
[3.86473408],[1.77702715],[5.37463471]
[4.29971694],[1.84981392],[6.21310699]
[4.57420806],[1.91986839],[7.18068399]
[4.88645893],[2.02076709],[8.08774737]
[5.18162651],[2.10792594],[9.02553956]
[5.32870592],[2.17229125],[9.81691844]
[5.42288633],[2.25390617],[10.5208596]
[5.64101059],[2.30324114],[11.26282695]
[5.88288783],[2.36295377],[12.00452818]
[6.14191886],[2.41885204],[12.83987574]
[6.45952829],[2.49975965],[13.77610441]
[6.74802352],[2.5739891],[14.72834787]
[6.94053124],[2.61988356],[15.55708203]
[7.37107925],[2.6455781],[16.62764522]
[7.59784321],[2.67512993],[17.38345851]
[7.91050968],[2.70165373],[18.26987954]
[8.15735352],[2.729605],[19.02549526]
[8.33334725],[2.75265138],[19.59936838]
[8.44328356],[2.77899641],[20.13185553]
[8.62124809],[2.80257082],[20.71326735]
[8.74302993],[2.824799],[21.12713637]
[9.09837804],[2.83787921],[21.91319649]
[9.19370876],[2.87070057],[22.32013455]
[9.28660271],[2.89347801],[22.89562224]
[9.34389191],[2.92758693],[23.29016803]
[9.39132815],[2.95607115],[23.78831031]
[9.58953878],[2.97328391],[24.33845955]
[9.70854286],[2.99320229],[24.69518885]
[9.87647943],[3.00657976],[25.10327807]
[9.94269209],[3.02275459],[25.21802707]
[9.99968533],[3.01984059],[25.39449235]
[10.05250514],[3.00886135],[25.40698009]
[10.07872966],[2.97328044],[25.36920627]
[10.158652],[2.93553827],[25.24091499]
[10.21844297],[2.89488791],[25.04040176]
[10.45733193],[2.84533615],[25.04753683]
[10.41844879],[2.77986351],[24.62560047]
[10.45768909],[2.70112099],[24.24059594]
[10.39168734],[2.62672694],[23.48990484]
[10.34313801],[2.55789319],[22.42670259]
[10.16968243],[2.49668281],[21.34025439]
[9.94948992],[2.44108204],[20.36242675]
[9.77158239],[2.35694157],[19.3623353]
[9.40706077],[2.23929409],[18.23138014]
[9.10320035],[2.15320888],[17.26160545]
[8.94586013],[2.11930567],[16.30301816]
[8.68040223],[2.07813567],[15.19706238]
[8.30700078],[2.03269489],[14.05110696]
[8.0283976],[1.98406431],[12.72541235]
[6.70616154],[2.25485397],[9.8672417]
[3.88142369],[1.66049685],[4.76290601]
[2.04034377],[1.3170684],[3.17102583]
[2.53775324],[1.28807125],[2.92133732]
[3.30143916],[1.54526526],[3.84929233]
[3.62836372],[1.69039316],[4.80559657]
[3.93994528],[1.79919153],[5.60353018]
[4.36813154],[1.88313125],[6.55257319]
[4.65476541],[1.99740831],[7.56337375]
[5.0356611],[2.08959247],[8.48510549]
[5.27663959],[2.16718612],[9.48799111]
[5.45405657],[2.23947087],[10.30890931]
[5.55176161],[2.33265746],[11.1237315]
[5.90039194],[2.38404574],[12.08612846]
[6.09589546],[2.44991649],[12.87242487]
[6.40009924],[2.52884941],[13.80369084]
[6.71220976],[2.60948843],[14.84206461]
[6.99171983],[2.67391479],[15.80734692]
[7.23098201],[2.71898034],[16.66806086]
[7.60729125],[2.74493396],[17.77053107]
[7.8657939],[2.7744513],[18.69088786]
[8.28471601],[2.80066708],[19.7526408]
[8.44705297],[2.82801024],[20.56640298]
[8.61744727],[2.85035525],[21.28636895]
[8.71888517],[2.87562524],[21.75181071]
[9.0904104],[2.90654304],[22.63313868]
[9.21459027],[2.9434081],[23.07391752]
[9.3383726],[2.97676607],[23.7137844]
[9.43474841],[3.01150116],[24.18825294]
[9.62379375],[3.03917943],[24.83912107]
[9.81304325],[3.08056143],[25.4742818]
[9.95426637],[3.11077559],[26.06268401]
[10.05074547],[3.12760386],[26.6119914]
[10.12458443],[3.15008423],[27.00085838]
[10.16245342],[3.1675148],[27.31618981]
[10.22383],[3.19373811],[27.5540488]
[10.27345756],[3.20644611],[27.69073335]
[10.46212045],[3.20361218],[27.97461927]
[10.57648676],[3.16420817],[27.98276675]
[10.70551343],[3.12607046],[28.09239464]
[10.78262162],[3.08683613],[27.879448]
[10.81817139],[3.04692313],[27.72707877]
[10.87449806],[2.99812213],[27.31288807]
[10.83041449],[2.92814113],[26.88505857]
[10.86461158],[2.83321344],[26.15913777]
[10.81537815],[2.73107815],[25.24894171]
[10.80426041],[2.65540929],[24.19482377]
[10.61992951],[2.59353748],[22.96439843]
[10.27213018],[2.5203195],[21.66273767]
[9.97606082],[2.42240591],[20.60199282]
[9.82163031],[2.30710241],[19.54706078]
[9.55225672],[2.18490405],[18.37878352]
[9.1238307],[2.14569992],[17.13525965]
[8.99243704],[2.10680618],[15.9760103]
[8.70176093],[2.06457633],[14.5326878]
[7.35339731],[2.28608955],[10.81066909]
[4.32004751],[1.69136543],[5.2266257]
[2.13033932],[1.33566185],[3.46752467]
[2.54159076],[1.34592587],[3.15524983]
[3.32380236],[1.58966684],[4.02908466]
[3.74931979],[1.72588648],[5.07644332]
[4.03727854],[1.82537646],[5.89038406]
[4.48389919],[1.91904799],[6.95717924]
[4.76827394],[2.06132872],[8.00049073]
[5.18233574],[2.16098458],[8.98729906]
[5.41448455],[2.23911476],[9.98693564]
[5.59643172],[2.3160235],[10.9277505]
[5.80083235],[2.41417987],[11.86582343]
[6.0924465],[2.47773882],[12.88841383]
[6.38071875],[2.55976914],[13.91125773]
[6.71315893],[2.63067017],[14.94121624]
[6.90847415],[2.70343852],[15.86650569]
[7.32529508],[2.76204613],[17.00939864]
[7.56233754],[2.80190902],[17.90894851]
[7.83629147],[2.82525961],[18.95763883]
[8.25554469],[2.85486399],[20.13045007]
[8.51709539],[2.88515827],[21.14025226]
[8.72430481],[2.92524199],[21.98952819]
[9.08927558],[2.96091497],[23.05803426]
[9.21146948],[2.9996902],[23.59901757]
[9.34189497],[3.03311766],[24.30179147]
[9.44170087],[3.07138504],[24.81927823]
[9.73006786],[3.10580879],[25.56305279]
[9.96976289],[3.14376458],[26.29420929]
[10.11312725],[3.17454227],[26.96210331]
[10.16863001],[3.23187913],[27.53361726]
[10.25032905],[3.2692277],[28.17049502]
[10.31764322],[3.28838548],[28.70955824]
[10.47494842],[3.31426114],[29.36684679]
[10.61313456],[3.33384027],[29.78646728]
[10.77723327],[3.35820847],[30.24721029]
[10.86030348],[3.36723832],[30.41214847]
[10.89898157],[3.36186491],[30.61042796]
[10.99058206],[3.330062],[30.626793]
[11.06261046],[3.30244348],[30.61212359]
[11.18096287],[3.27295928],[30.53646154]
[11.27648788],[3.24228131],[30.41991429]
[11.34689707],[3.20921932],[30.23787599]
[11.35620557],[3.15037483],[29.88693622]
[11.34239616],[3.0678639],[29.44511194]
[11.35219811],[2.96191829],[28.52114122]
[11.31793448],[2.85619264],[27.35349734]
[11.25942162],[2.76702816],[25.82523255]
[11.00435761],[2.68479523],[24.50022145]
[10.70254962],[2.6039346],[23.22418032]
[10.38031891],[2.51088477],[21.90276237]
[10.06671691],[2.3975313],[20.68111352]
[9.85427642],[2.230674],[19.42861323]
[9.62816756],[2.16616731],[18.09134825]
[9.0382078],[2.12883398],[16.2776276]
[7.85174586],[2.3128289],[11.85952227]
[4.75763551],[1.72550616],[5.9480192]
[2.76856662],[1.36911415],[4.06679645]
[2.54446513],[1.40101487],[3.47170369]
[3.3269815],[1.62924802],[4.15954147]
[3.8786164],[1.75667863],[5.33865445]
[4.15934306],[1.86875205],[6.23337907]
[4.61937156],[1.98540066],[7.44795843]
[4.88174403],[2.13477958],[8.44237613]
[5.34468294],[2.23042473],[9.55520648]
[5.55414701],[2.29571453],[10.51314462]
[5.81874989],[2.39439895],[11.67718525]
[6.06883976],[2.51099879],[12.74025346]
[6.33997011],[2.57554204],[13.8483635]
[6.68682009],[2.6563139],[15.04766349]
[6.94975513],[2.71953441],[16.04352944]
[7.17231119],[2.78506954],[16.95227125]
[7.59326512],[2.83618341],[18.15583948]
[7.83477409],[2.87295153],[19.12848402]
[8.22570879],[2.91638084],[20.31324272]
[8.50718936],[2.96217505],[21.46293572]
[8.8804657],[2.99933033],[22.63733015]
[9.18140897],[3.04224108],[23.71631384]
[9.35363013],[3.08100288],[24.68209349]
[9.44954435],[3.12471003],[25.348002]
[9.72550431],[3.16380039],[26.13779446]
[9.97834302],[3.21187729],[26.94623463]
[10.14017488],[3.25249232],[27.64062825]
[10.23967863],[3.29653745],[28.26773129]
[10.4331553],[3.33697766],[29.01026097]
[10.54338258],[3.38504714],[29.63663472]
[10.78645048],[3.41037181],[30.58795189]
[10.89441712],[3.43909792],[31.20256997]
[10.96558026],[3.47709053],[31.8789762]
[11.06053108],[3.50029845],[32.34000771]
[11.13891838],[3.52470314],[32.74877332]
[11.26599272],[3.5346425],[33.01777534]
[11.35812285],[3.5242018],[33.20589165]
[11.44428643],[3.50342564],[33.39758858]
[11.57188327],[3.4765354],[33.50801119]
[11.64546294],[3.44850375],[33.60188558]
[11.80738021],[3.41040874],[33.62183336]
[11.91706527],[3.37817386],[33.47345667]
[11.95972536],[3.3337317],[33.26148062]
[11.95378966],[3.27694047],[32.97059921]
[11.95494638],[3.19340963],[32.41887813]
[11.95346029],[3.11729679],[31.31938775]
[11.9211776],[3.01141525],[29.82842543]
[11.79686921],[2.91363589],[28.08205859]
[11.39548469],[2.81519926],[26.10515328]
[11.06722771],[2.72352829],[24.62073192]
[10.75701826],[2.63189253],[23.37413562]
[10.42079087],[2.46904498],[21.87995053]
[10.11428964],[2.29983854],[20.37403613]
[9.70767571],[2.19452316],[18.62173311]
[8.30189564],[2.34213053],[13.04124752]
[5.20404102],[1.7880744],[6.93248097]
[3.26295476],[1.40510347],[4.78025991]
[2.54801289],[1.45817271],[3.73694477]
[3.33048569],[1.66922181],[4.2859445]
[4.00559971],[1.78241857],[5.59512036]
[4.34422067],[1.89932489],[6.66139853]
[4.74728715],[2.05153802],[7.90748948]
[5.09061407],[2.19746265],[8.91942662]
[5.50896129],[2.28952998],[10.11569446]
[5.74003574],[2.34756327],[11.1223763]
[6.04969807],[2.5066062],[12.47340762]
[6.35966312],[2.61340848],[13.72886275]
[6.65505858],[2.67812106],[14.9639738]
[6.89101055],[2.74969795],[16.08629239]
[7.25872336],[2.80534607],[17.2140444]
[7.52739885],[2.86363536],[18.19923572]
[7.8142249],[2.9062176],[19.32874026]
[8.21770348],[2.95989278],[20.55655925]
[8.50540652],[3.00648722],[21.73660771]
[8.71972463],[3.06865693],[22.80740256]
[9.21349628],[3.10884518],[24.30143735]
[9.42671869],[3.15065962],[25.27979747]
[9.70272941],[3.19841269],[26.33275534]
[9.97091835],[3.24595974],[27.33999615]
[10.14732567],[3.288543],[28.10293708]
[10.24729585],[3.33489718],[28.77667678]
[10.45085718],[3.37447255],[29.56800882]
[10.65570782],[3.42076657],[30.27974488]
[10.92085077],[3.47001812],[31.33370677]
[11.06539168],[3.52799893],[32.03433273]
[11.169912],[3.56775349],[32.89888173]
[11.30907962],[3.6058321],[33.68880022]
[11.41638388],[3.64775935],[34.42420392]
[11.51535491],[3.66527611],[35.11920296]
[11.648858],[3.6900863],[35.65889181]
[11.73176627],[3.70330307],[36.10394994]
[11.87624409],[3.70004261],[36.42084418]
[11.96293436],[3.70978939],[36.68851073]
[12.11710198],[3.70749776],[36.87544861]
[12.28327669],[3.67195936],[37.03217151]
[12.40731604],[3.63215206],[37.18791817]
[12.60933018],[3.58940809],[37.23515933]
[12.64251234],[3.54864142],[37.08367106]
[12.66366738],[3.49528152],[36.81082434]
[12.71873249],[3.4217221],[36.48476897]
[12.84437543],[3.33417687],[35.8676784]
[12.83779146],[3.24230524],[34.78661121]
[12.87304281],[3.15641252],[33.02514343]
[12.73059452],[3.06604416],[30.74816172]
[11.95760356],[2.97021588],[28.46084587]
[11.45282386],[2.8760487],[26.37814206]
[11.10899581],[2.73308155],[24.68269142]
[10.79412446],[2.56700736],[23.25503216]
[10.31424398],[2.39202397],[21.16877051]
[8.90360086],[2.37435283],[15.26864298]
[5.86662375],[1.83561456],[8.09704154]
[3.96564541],[1.44364442],[5.64823096]
[2.55098536],[1.485582],[4.00165195]
[3.3343286],[1.69692864],[4.38274549]
[4.09189806],[1.80068514],[5.83778654]
[4.46882183],[1.92185265],[7.06800301]
[4.82778512],[2.10262247],[8.3001825]
[5.24987665],[2.25056225],[9.46307581]
[5.63767733],[2.33561634],[10.62507215]
[5.95826155],[2.40616464],[11.82449583]
[6.26948692],[2.59581502],[13.28180765]
[6.62666476],[2.69825602],[14.68300686]
[6.9235295],[2.75863614],[15.92683532]
[7.12696791],[2.82401119],[17.06340749]
[7.5407816],[2.8746622],[18.3344664]
[7.76433751],[2.92220203],[19.34586698]
[8.13771162],[2.98287425],[20.57471235]
[8.47913019],[3.04874717],[21.91849352]
[8.74969178],[3.11612739],[23.11059989]
[9.13020579],[3.18477097],[24.41799347]
[9.40047131],[3.24882494],[25.71765089]
[9.77668854],[3.28926229],[26.93701057]
[10.09956764],[3.33055211],[28.23140741]
[10.24620218],[3.37480534],[29.21584004]
[10.42922943],[3.4126325],[30.0621705]
[10.61546845],[3.46531751],[30.80133004]
[10.91459396],[3.51378474],[31.9166838]
[11.10281501],[3.57027799],[32.69548773]
[11.28033131],[3.62108357],[33.61466776]
[11.47747916],[3.67786261],[34.48871406]
[11.67286885],[3.72142827],[35.4437245]
[11.75913369],[3.76615834],[36.36787801]
[11.91337757],[3.8069238],[37.25518929]
[11.99124068],[3.82724365],[38.0428659]
[12.14412469],[3.85376942],[38.76931094]
[12.27684505],[3.88237268],[39.37485077]
[12.40421603],[3.91334063],[40.00604295]
[12.60438804],[3.94303102],[40.49531444]
[12.72474734],[3.94668224],[40.80423383]
[12.89282612],[3.90466039],[40.9958053]
[13.05925326],[3.86727962],[41.2029791]
[13.19294627],[3.82423923],[41.47374469]
[13.33900243],[3.78323109],[41.52969015]
[13.33536251],[3.734756],[41.48448315]
[13.57956236],[3.67316457],[41.41826844]
[13.77147055],[3.57855246],[41.11172344]
[13.88402594],[3.48500558],[40.54879756]
[13.85210031],[3.3890028],[39.35720471]
[13.89815217],[3.29417161],[37.57952792]
[13.8593477],[3.21105712],[35.14344481]
[13.30105937],[3.13288664],[31.46936067]
[12.2144142],[3.00463859],[28.78556249]
[11.51220792],[2.84242596],[26.39567503]
[10.98593866],[2.6606865],[24.10585512]
[9.56757614],[2.39416346],[17.60907133]
[6.45476654],[1.87203536],[9.46490687]
[4.71374577],[1.4802422],[6.97035414]
[2.55503977],[1.53418402],[4.39201428]
[3.33772914],[1.72793831],[4.50749217]
[4.10841868],[1.82177271],[6.0712165]
[4.66382194],[1.9803086],[7.58184731]
[5.04510646],[2.15714468],[8.80331237]
[5.47066862],[2.30476465],[10.09365211]
[5.86967435],[2.37628417],[11.29688139]
[6.21427408],[2.50604247],[12.66015056]
[6.52997565],[2.68214553],[14.2157309]
[6.87277083],[2.77478815],[15.66331409]
[7.21942372],[2.83057166],[16.93795768]
[7.46907822],[2.88812927],[18.16547516]
[7.7454523],[2.9287133],[19.41174098]
[8.09477134],[3.00068792],[20.64345395]
[8.44761102],[3.07111323],[22.0054692]
[8.66002278],[3.14036588],[23.17234399]
[9.12991594],[3.23660421],[24.75066739]
[9.38313556],[3.31564418],[25.98036688]
[9.67681175],[3.35658435],[27.22595982]
[10.09804696],[3.39907033],[28.79807315]
[10.33697462],[3.4394795],[29.94579661]
[10.56648899],[3.49182309],[31.06768761]
[10.89310123],[3.5400915],[32.38136407]
[11.0816702],[3.59684352],[33.18616743]
[11.23935147],[3.64895972],[34.10651054]
[11.47902271],[3.71000153],[35.05639624]
[11.73599971],[3.76233513],[36.05298136]
[11.89777768],[3.82332148],[37.11442935]
[12.11142758],[3.87701886],[38.17884648]
[12.25578057],[3.93359529],[39.28089048]
[12.38615322],[3.97907065],[40.35546321]
[12.55277928],[4.0088565],[41.40368042]
[12.67503055],[4.04138807],[42.42820575]
[12.86957181],[4.07330149],[43.23377619]
[13.03070868],[4.10089489],[43.91823235]
[13.1867547],[4.12511154],[44.56097805]
[13.38456129],[4.12724209],[45.17091332]
[13.51469026],[4.09969154],[45.51314047]
[13.67388241],[4.07127429],[45.79252459]
[13.85603137],[4.04049071],[46.11283466]
[13.97153169],[4.00802574],[46.31120582]
[14.14492922],[3.9743391],[46.47853794]
[14.42100077],[3.92368228],[46.58663509]
[14.69040397],[3.83440513],[46.49990025]
[14.85928043],[3.7277671],[46.17017494]
[14.92651018],[3.62494518],[45.48827413]
[14.94187607],[3.52622025],[44.37791567]
[14.93192481],[3.43621719],[42.4093669]
[14.92851746],[3.34412545],[39.89670268]
[14.67713579],[3.24357533],[36.53214974]
[13.67256229],[3.13547967],[31.85039634]
[12.56604522],[2.94229085],[28.52018916]
[10.0962942],[2.50942543],[22.2631617]
[7.14811719],[1.91805438],[11.83742629]
[5.47255123],[1.51704476],[8.42580206]
[3.30446465],[1.57321373],[6.06863398]
[3.3411582],[1.75516074],[4.64867099]
[4.11194399],[1.84067645],[6.3000405]
[4.8605187],[2.05863158],[8.11637629]
[5.31403245],[2.21517659],[9.4813896]
[5.69637784],[2.34923011],[10.73196891]
[6.0994148],[2.42869623],[12.06658853]
[6.46278593],[2.60620487],[13.6003938]
[6.81397762],[2.76104535],[15.19657992]
[7.14190869],[2.84354019],[16.65686243]
[7.52566354],[2.89011419],[17.987106]
[7.77091223],[2.94035813],[19.31414742]
[7.99894892],[3.00553906],[20.58834617]
[8.4116309],[3.07804663],[22.06873214]
[8.67845777],[3.14757447],[23.3591183]
[9.03632142],[3.26598859],[24.77602241]
[9.3683181],[3.3626273],[26.29750715]
[9.6471499],[3.42346004],[27.56380163]
[10.07831129],[3.46281718],[29.14057467]
[10.29943542],[3.51447004],[30.46439802]
[10.75412173],[3.56184921],[31.93810187]
[11.04457484],[3.61758074],[33.30425448]
[11.2034785],[3.66930918],[34.46359159]
[11.45327182],[3.72621923],[35.48254519]
[11.67380453],[3.77742536],[36.46348338]
[11.87874723],[3.84061123],[37.59929015]
[12.12340059],[3.89274784],[38.67129583]
[12.33579956],[3.95407263],[39.88482093]
[12.56838707],[4.02126479],[41.09648817]
[12.80189265],[4.08399099],[42.41578931]
[12.97515563],[4.12611409],[43.7644281]
[13.1479818],[4.1520603],[44.86118529]
[13.35414802],[4.19199031],[45.97818883]
[13.48017078],[4.22455007],[47.01610937]
[13.6632441],[4.26215903],[47.99832894]
[13.84122006],[4.28821123],[48.8289018]
[13.98568198],[4.28254959],[49.36964109]
[14.17463261],[4.26109981],[49.9886737]
[14.3046328],[4.23754656],[50.57006369]
[14.46733323],[4.19675762],[51.09538315]
[14.72107588],[4.16619524],[51.54963861]
[15.00897636],[4.14213957],[51.92018228]
[15.26035754],[4.09714953],[52.18383612]
[15.48042973],[4.0406048],[52.26689002]
[15.75336078],[3.97078777],[52.13786229]
[15.94559205],[3.8903388],[51.58980682]
[15.94031066],[3.77148465],[50.47585784]
[15.98150631],[3.66073701],[49.10727123]
[15.9291491],[3.56529479],[47.28170997]
[15.93496997],[3.46269506],[44.34121202]
[15.81386895],[3.36644862],[41.15851522]
[15.04558283],[3.21004981],[36.79682536]
[10.56501617],[2.88536652],[27.39992761]
[8.32232143],[2.37976034],[17.51093524]
[6.08810406],[1.58753291],[10.15530236]
[4.50446206],[1.61075051],[7.80291342]
[3.34504674],[1.77669652],[4.78361246]
[4.11540655],[1.8586724],[6.54491247]
[4.87079185],[2.12831276],[8.54970541]
[5.57259006],[2.26655271],[10.15493767]
[5.95020098],[2.39132183],[11.48762362]
[6.32739807],[2.4980502],[12.86896525]
[6.69990519],[2.70355166],[14.59971705]
[7.11047011],[2.8341055],[16.26513228]
[7.43687641],[2.90098848],[17.68716253]
[7.78046498],[2.94521974],[19.04981658]
[8.10143562],[3.02321444],[20.5665273]
[8.37024347],[3.07997706],[22.00030259]
[8.6202019],[3.16164723],[23.46107264]
[9.05160722],[3.2746427],[25.00836386]
[9.34538468],[3.38806879],[26.51368176]
[9.55222],[3.46625353],[27.73192219]
[10.04539607],[3.54565721],[29.48893081]
[10.29540605],[3.58597559],[30.8123077]
[10.65091398],[3.63780127],[32.29290206]
[11.01269255],[3.68803801],[33.93435771]
[11.33218767],[3.74532017],[35.34715108]
[11.6217237],[3.79553627],[36.68367304]
[11.84178821],[3.85374389],[38.00332473]
[12.07393776],[3.90660937],[39.09754239]
[12.29574997],[3.97041695],[40.36711305]
[12.49430257],[4.03892295],[41.51673869]
[12.80647407],[4.11571877],[43.01892844]
[13.11487196],[4.18244031],[44.58667881]
[13.38240473],[4.2332838],[46.00017577]
[13.62022587],[4.27790186],[47.45628278]
[13.78542838],[4.31591306],[48.79836086]
[13.95689446],[4.36127464],[49.98196823]
[14.15636171],[4.4003174],[51.13146475]
[14.27692054],[4.44340722],[52.10460038]
[14.45802996],[4.46684679],[53.1659645]
[14.63452067],[4.47519018],[54.10920499]
[14.82847824],[4.49088322],[54.97182073]
[15.03886633],[4.46200781],[55.72609437]
[15.32364525],[4.41376479],[56.47593705]
[15.61803185],[4.37107427],[57.08282081]
[15.8565706],[4.32888954],[57.55441848]
[16.11487372],[4.28584686],[57.88920477]
[16.38464744],[4.23815286],[57.99967288]
[16.61755655],[4.16736677],[57.94227863]
[16.83746813],[4.08421486],[57.61815567]
[16.98002202],[3.99517854],[56.99110449]
[16.97074103],[3.92160264],[55.82284404]
[16.95853635],[3.83406555],[54.23555557]
[16.91455013],[3.71997764],[52.09436823]
[16.83524224],[3.60645431],[49.25551763]
[16.70618375],[3.44871806],[45.5489299]
[11.27938259],[3.27816516],[33.50463062]
[9.34803599],[2.91737162],[23.61353426]
[6.69884304],[2.32619503],[16.19489932]
[5.20855128],[1.47245072],[9.06000375]
[3.34690273],[1.41185505],[4.17442242]
[4.11654475],[1.64701121],[5.85913459]
[4.8725073],[1.91123681],[7.86525649]
[5.65353484],[2.03874135],[9.54720203]
[6.14638376],[2.19531112],[10.96556105]
[6.53923143],[2.35522983],[12.36478619]
[6.91386691],[2.60423789],[14.16308421]
[7.34440332],[2.71283445],[15.79761515]
[7.66363944],[2.79548658],[17.25133915]
[8.01761779],[2.86717982],[18.69154299]
[8.37844131],[2.97255833],[20.38950596]
[8.62684248],[3.05721834],[21.76989844]
[8.84292568],[3.16973186],[23.35331896]
[9.30221913],[3.26760489],[24.97118579]
[9.53197155],[3.36092842],[26.37820015]
[9.96837497],[3.44926313],[27.86884671]
[10.25912665],[3.52998865],[29.46918336]
[10.64103154],[3.57891697],[30.91788285]
[11.00560184],[3.62343709],[32.63874656]
[11.23662246],[3.66890198],[33.95851991]
[11.66858317],[3.71854841],[35.72385526]
[11.98005731],[3.76890001],[37.23650801]
[12.21203111],[3.82136622],[38.7545827]
[12.42745095],[3.8968842],[39.96773491]
[12.70429275],[3.98080123],[41.47055729]
[12.95990946],[4.04960393],[42.98810735]
[13.26265496],[4.11689441],[44.6071882]
[13.61693748],[4.18074724],[46.18144233]
[13.91136126],[4.23941064],[47.7556453]
[14.17593388],[4.29721233],[49.23225954]
[14.38856153],[4.33669361],[50.61481751]
[14.56055062],[4.38522114],[51.95141432]
[14.72385689],[4.43366107],[53.21541481]
[14.95202554],[4.48985531],[54.47882535]
[15.18375783],[4.5383816],[55.65147099]
[15.39793277],[4.6042967],[56.90951927]
[15.67604621],[4.65398632],[58.09210433]
[15.96986853],[4.62318135],[59.10797918]
[16.21167015],[4.57637283],[60.11157876]
[16.44055404],[4.53981607],[60.85808317]
[16.72482622],[4.49867371],[61.41078595]
[16.98077271],[4.45701291],[61.78351058]
[17.18523703],[4.40840674],[61.88083516]
[17.40599453],[4.34407492],[61.84867919]
[17.64371566],[4.25444276],[61.66498752]
[17.77159317],[4.15291888],[61.14410173]
[17.82831707],[4.05527506],[60.41891899]
[17.78154161],[3.96278996],[59.39196985]
[17.75799881],[3.89408391],[57.76796273]
[17.67047186],[3.82421512],[55.62853554]
[17.5798345],[3.70597295],[52.55244661]
