meltWidth,meltDepth,meltArea
[1.38956841],[0.26427127],[0.21830723]
[1.66954659],[0.37070377],[0.39507375]
[1.74703287],[0.39512582],[0.46477886]
[1.83678144],[0.42850089],[0.53592995]
[1.89409829],[0.44150854],[0.58083588]
[1.96357238],[0.45187728],[0.61980339]
[1.98077121],[0.4690184],[0.64893661]
[2.05404132],[0.46485953],[0.67700874]
[2.06250225],[0.46978911],[0.69055]
[2.09473883],[0.45854635],[0.68889209]
[2.07072569],[0.45818803],[0.6794975]
[2.10166205],[0.46346563],[0.68808361]
[2.08329292],[0.45991113],[0.68162712]
[2.15167557],[0.47586934],[0.71005744]
[2.10651426],[0.48261512],[0.71164946]
[2.18780844],[0.49483994],[0.73747754]
[2.1331767],[0.4919926],[0.72588416]
[2.19986877],[0.49645575],[0.74284398]
[2.15298553],[0.49315194],[0.73024968]
[2.19939012],[0.49747411],[0.73975458]
[2.15908589],[0.49592691],[0.72966158]
[2.2022832],[0.49723602],[0.74025298]
[2.17349613],[0.49638339],[0.73383245]
[2.21305114],[0.49957835],[0.7422764]
[2.18088886],[0.49919954],[0.73566589]
[2.22416732],[0.49889765],[0.74503071]
[2.1924416],[0.49941215],[0.73683513]
[2.22849234],[0.49903912],[0.74401876]
[2.20516446],[0.50385099],[0.74350099]
[2.23163641],[0.50085816],[0.74462139]
[2.22471477],[0.50596467],[0.75814074]
[2.23016731],[0.50636031],[0.74921083]
[2.21836116],[0.50703209],[0.74745904]
[2.21438998],[0.50811616],[0.74487389]
[2.21328624],[0.50709585],[0.74381002]
[2.21309153],[0.50772349],[0.74512902]
[2.21067731],[0.50934601],[0.74351756]
[2.209407],[0.5087808],[0.74289823]
[2.2092786],[0.51022821],[0.74570097]
[2.21070846],[0.51044921],[0.74762645]
[2.20794098],[0.50906098],[0.74553247]
[2.2024913],[0.50266366],[0.73883478]
[2.19643193],[0.49729967],[0.73329704]
[2.1882554],[0.4911058],[0.72355958]
[2.18306075],[0.48514559],[0.71783846]
[2.18039776],[0.48045764],[0.71630615]
[2.17963112],[0.47284414],[0.71215742]
[2.1757986],[0.46489266],[0.70490779]
[2.17600108],[0.45700275],[0.70013861]
[2.17791417],[0.45157779],[0.69901197]
[2.17962117],[0.45203598],[0.69875791]
[2.17948206],[0.45635983],[0.70356651]
[2.05616358],[0.45575451],[0.68900325]
[0.],[0.],[0.]
[0.],[0.],[0.]
[1.52384766],[0.18151689],[0.21044969]
[1.90320341],[0.45454464],[0.58788733]
[1.9556726],[0.55388759],[0.74842459]
[2.06962977],[0.59903971],[0.8640011]
[2.14621502],[0.63158232],[0.96655481]
[2.24060251],[0.67345342],[1.05096349]
[2.2795755],[0.6876626],[1.10944142]
[2.35918157],[0.69769729],[1.16001603]
[2.35454482],[0.71417112],[1.19345023]
[2.39116828],[0.71417376],[1.22556577]
[2.37948586],[0.72800098],[1.25149378]
[2.41362475],[0.7290191],[1.27740751]
[2.39659356],[0.75240208],[1.30102967]
[2.4313138],[0.75865397],[1.32654975]
[2.41280631],[0.78640101],[1.35294437]
[2.46166476],[0.78773105],[1.37453124]
[2.42783451],[0.81116448],[1.38577505]
[2.50630518],[0.79880242],[1.40451509]
[2.43954206],[0.81878501],[1.40184138]
[2.53760716],[0.80620044],[1.42181022]
[2.44157187],[0.82556111],[1.41117757]
[2.55582318],[0.81146324],[1.43760657]
[2.4667277],[0.8307296],[1.42487315]
[2.57432214],[0.81774771],[1.4514769]
[2.47687611],[0.83618997],[1.43402187]
[2.59274309],[0.8220197],[1.46470569]
[2.49755246],[0.8414786],[1.44842054]
[2.61103023],[0.8246142],[1.47514715]
[2.51878602],[0.8406123],[1.4538622]
[2.6130614],[0.82361436],[1.47120877]
[2.58226547],[0.83079596],[1.46414331]
[2.61371951],[0.82985558],[1.47433426]
[2.58463889],[0.82873895],[1.45991891]
[2.56493635],[0.82872862],[1.45397573]
[2.5604644],[0.82639137],[1.44993603]
[2.55550354],[0.82527318],[1.44719843]
[2.54873442],[0.82526203],[1.44300158]
[2.54597316],[0.82292234],[1.43884345]
[2.54113666],[0.82155504],[1.43453193]
[2.54204368],[0.81494582],[1.42454325]
[2.52185549],[0.80708154],[1.40207769]
[2.50798924],[0.79582475],[1.38255989]
[2.4956877],[0.7858543],[1.3652708]
[2.48050818],[0.77560115],[1.34280442]
[2.46703036],[0.76412639],[1.32075839]
[2.4478665],[0.75403266],[1.29896427]
[2.4408062],[0.74474558],[1.2885909]
[2.41864997],[0.73767815],[1.27785191]
[2.41299801],[0.72931449],[1.26966207]
[2.40875156],[0.72597443],[1.26103468]
[2.40348837],[0.72511755],[1.25389369]
[2.39769882],[0.7230346],[1.25111563]
[2.2451896],[0.72239713],[1.23010651]
[0.],[0.],[0.]
[0.],[0.],[0.]
[1.53843666],[0.24591746],[0.30129638]
[1.9492098],[0.47404041],[0.63626581]
[2.0072355],[0.60069838],[0.81356526]
[2.16073938],[0.67448342],[0.98022796]
[2.2770833],[0.71700527],[1.12904946]
[2.36596943],[0.72755762],[1.21147829]
[2.39574878],[0.76361893],[1.2847992]
[2.47159042],[0.76679515],[1.33749204]
[2.43830112],[0.80055905],[1.38304068]
[2.53825184],[0.79950499],[1.43240666]
[2.48782197],[0.83060816],[1.46320347]
[2.61227382],[0.82597074],[1.52559051]
[2.56633578],[0.85506723],[1.54403748]
[2.68831653],[0.85134968],[1.60293167]
[2.64589742],[0.87681298],[1.61968965]
[2.76263003],[0.87472099],[1.6845068]
[2.72663508],[0.89521435],[1.68445701]
[2.83895168],[0.88522892],[1.7381727]
[2.81270411],[0.90175532],[1.73332628]
[2.89525932],[0.89277067],[1.77185927]
[2.84858079],[0.90875821],[1.7583299]
[2.91945846],[0.89934808],[1.79497251]
[2.88109857],[0.91516662],[1.78641296]
[2.94117434],[0.90607247],[1.81257538]
[2.8986976],[0.92113677],[1.79835746]
[2.96513423],[0.91183408],[1.83158281]
[2.91908403],[0.92757985],[1.81429658]
[2.99243245],[0.91483462],[1.84231896]
[2.94733912],[0.92537795],[1.81647126]
[2.9905994],[0.91242725],[1.83265138]
[2.99780099],[0.91610171],[1.82831888]
[2.98690248],[0.91467764],[1.82640186]
[2.99381981],[0.91325148],[1.81087509]
[2.95317087],[0.91222164],[1.79596776]
[2.94947354],[0.91008728],[1.78939585]
[2.9448302],[0.90864992],[1.7843907]
[2.93430727],[0.90760285],[1.77496056]
[2.93347397],[0.90545875],[1.76766124]
[2.92717629],[0.90176771],[1.75840268]
[2.92360167],[0.89454493],[1.74331267]
[2.9094601],[0.88537262],[1.71573461]
[2.90169024],[0.87462564],[1.69059755]
[2.89174784],[0.86493157],[1.66542374]
[2.87308275],[0.85663786],[1.63399654]
[2.86240049],[0.84669847],[1.60507078]
[2.84604836],[0.83816804],[1.57650176]
[2.83391502],[0.83051442],[1.55177521]
[2.80765652],[0.82363963],[1.52281631]
[2.77877788],[0.81571391],[1.49820751]
[2.75370538],[0.81021125],[1.47989592]
[2.73347026],[0.80513229],[1.46234634]
[2.73396642],[0.79770601],[1.44858564]
[2.55589933],[0.79522668],[1.3945632]
[0.],[0.],[0.]
[0.],[0.],[0.]
[1.53584294],[0.26850417],[0.31806475]
[1.97169735],[0.51385844],[0.67740457]
[2.0810935],[0.64928625],[0.92298755]
[2.25714209],[0.73194543],[1.13186783]
[2.35370391],[0.79345366],[1.2974405]
[2.44095676],[0.81410049],[1.39378462]
[2.5103999],[0.84521135],[1.47171536]
[2.62773875],[0.85192943],[1.54589074]
[2.60228006],[0.87741758],[1.59108628]
[2.7126826],[0.8777631],[1.66344254]
[2.69285089],[0.90183919],[1.69324664]
[2.80545521],[0.89983414],[1.77201655]
[2.79725867],[0.92389783],[1.79803385]
[2.90635389],[0.92228134],[1.86967944]
[2.91034513],[0.94308055],[1.89148805]
[3.00163448],[0.94317309],[1.95494232]
[3.02387374],[0.95519333],[1.96319523]
[3.10341529],[0.9513868],[2.01447341]
[3.14282049],[0.96033558],[2.0231658]
[3.19433728],[0.95827282],[2.06097468]
[3.2107301],[0.96566983],[2.05866377]
[3.24600563],[0.96278023],[2.09704393]
[3.27117754],[0.96896906],[2.09650563]
[3.27597401],[0.96663616],[2.12223046]
[3.27094759],[0.97265443],[2.11171589]
[3.27392578],[0.97088817],[2.14259478]
[3.25875242],[0.97639594],[2.1276872]
[3.26653325],[0.97285724],[2.15432496]
[3.25024262],[0.97500025],[2.13217026]
[3.24074541],[0.97090341],[2.13902033]
[3.28785457],[0.97059089],[2.14487124]
[3.23484204],[0.96962446],[2.12742068]
[3.27740364],[0.96865749],[2.12287725]
[3.22123349],[0.96747742],[2.10202375]
[3.21626047],[0.9666646],[2.09504705]
[3.21132535],[0.96569594],[2.09013337]
[3.19883681],[0.96450063],[2.07883649]
[3.2001373],[0.96368665],[2.07139001]
[3.19377277],[0.96099244],[2.06184101]
[3.18680303],[0.95652425],[2.0446232]
[3.17637416],[0.94981209],[2.01269573]
[3.16836727],[0.94102927],[1.98102824]
[3.15831767],[0.93306468],[1.94922687]
[3.13331385],[0.92524616],[1.9070882]
[3.11242226],[0.91623462],[1.87071528]
[3.08533724],[0.90872837],[1.83936403]
[3.05942251],[0.90081452],[1.81032583]
[3.02828179],[0.89330189],[1.77660189]
[3.00039451],[0.883546],[1.74529847]
[2.97282664],[0.87605449],[1.71566161]
[2.94085479],[0.87080441],[1.683566]
[2.92034757],[0.86457441],[1.65626932]
[2.68197235],[0.8597946],[1.56797583]
[0.38795571],[0.53615079],[0.09729424]
[0.],[0.],[0.]
[1.51732237],[0.24066331],[0.28619035]
[2.02625899],[0.54948921],[0.74888796]
[2.15481895],[0.7166251],[1.05495667]
[2.32216573],[0.80487522],[1.27646649]
[2.41129645],[0.86876606],[1.45533624]
[2.54770736],[0.88647586],[1.57346461]
[2.67203364],[0.91578148],[1.67569363]
[2.79772711],[0.92347461],[1.76928679]
[2.79941282],[0.94675076],[1.82881055]
[2.89383646],[0.94839213],[1.91948828]
[2.91085608],[0.96717368],[1.95183349]
[3.0034885],[0.96799142],[2.02937662]
[3.0343534],[0.97772067],[2.06131746]
[3.12127013],[0.97588378],[2.12936006]
[3.16550233],[0.98150888],[2.1551018]
[3.23435952],[0.97942205],[2.20953944]
[3.31954332],[0.9861489],[2.23271546]
[3.39486553],[0.9837826],[2.30402506]
[3.43269181],[0.98997882],[2.33132971]
[3.45990654],[0.98753012],[2.36182803]
[3.45119203],[0.99360977],[2.3659591]
[3.46736585],[0.99092596],[2.39623909]
[3.4528052],[0.99654373],[2.39823913]
[3.46515988],[0.99441478],[2.41653162]
[3.45112133],[0.9999794],[2.40829972]
[3.46383007],[0.99827636],[2.43808401]
[3.4409007],[1.00348487],[2.41561723]
[3.45665409],[1.00022844],[2.44801761]
[3.43525836],[1.00236036],[2.4143023]
[3.42910545],[0.99818817],[2.43053971]
[3.4680778],[0.9978422],[2.42886675]
[3.42217722],[0.99673459],[2.41284261]
[3.4589298],[0.99562592],[2.40447706]
[3.40831829],[0.99435176],[2.36648481]
[3.3985161],[0.99335193],[2.35561751]
[3.39256386],[0.99223954],[2.34521549]
[3.37754054],[0.99095036],[2.32782477]
[3.37979748],[0.98994859],[2.31917008]
[3.37417061],[0.98706895],[2.30613792]
[3.3678348],[0.98247726],[2.289854]
[3.35976174],[0.97769068],[2.25454649]
[3.35262275],[0.97400683],[2.22454881]
[3.34116541],[0.97081237],[2.19824799]
[3.30974334],[0.96759724],[2.16129992]
[3.29148787],[0.9643215],[2.12871755]
[3.26549805],[0.96227443],[2.09806599]
[3.23951143],[0.95982799],[2.06621106]
[3.20989248],[0.95410907],[2.02616571]
[3.18282685],[0.94695244],[1.99140869]
[3.15554132],[0.94063338],[1.95968313]
[3.11947782],[0.93365325],[1.92064514]
[3.09927409],[0.92547686],[1.88596132]
[2.8140264],[0.92023729],[1.75837001]
[0.67261277],[0.66658777],[0.21205896]
[0.],[0.],[0.]
[1.55225134],[0.30536554],[0.37977761]
[2.08730118],[0.58293923],[0.83942685]
[2.22330744],[0.78336974],[1.18767773]
[2.38174804],[0.86350124],[1.43010426]
[2.46524371],[0.92294235],[1.61095759]
[2.65926423],[0.93981836],[1.7563391]
[2.81006056],[0.96936693],[1.88561652]
[2.93929214],[0.9804382],[2.00432613]
[2.96795426],[0.98939378],[2.06783522]
[3.059325],[0.98980201],[2.16293993]
[3.10129418],[0.99598593],[2.19720037]
[3.17907078],[0.99453099],[2.26485338]
[3.24011394],[1.00054369],[2.30338592]
[3.32440464],[0.99990793],[2.36623877]
[3.40743992],[1.00638515],[2.41860336]
[3.47489489],[1.00704469],[2.48701495]
[3.50578694],[1.01297977],[2.52609562]
[3.57585295],[1.01726054],[2.6717976]
[3.5742115],[1.0280581],[2.60406701]
[3.61319097],[1.03531671],[2.76024451]
[3.58175176],[1.04589168],[2.65091387]
[3.61233532],[1.05377752],[2.82139012]
[3.57872163],[1.0611388],[2.71664015]
[3.6064954],[1.06600083],[2.85430235]
[3.57537783],[1.07326647],[2.73705182]
[3.60530587],[1.08068852],[2.88028659]
[3.56313096],[1.08528179],[2.76076304]
[3.5973959],[1.08955728],[2.89630668]
[3.56065263],[1.08962962],[2.77934963]
[3.57325673],[1.08382757],[2.88086222]
[3.60097054],[1.08595838],[2.85638154]
[3.56927862],[1.07619324],[2.86093014]
[3.5936013],[1.07155958],[2.83227196]
[3.55230883],[1.0650096],[2.7825783]
[3.53316257],[1.06030221],[2.76747166]
[3.52585488],[1.05710409],[2.75438836]
[3.50850762],[1.05042245],[2.73368903]
[3.50985045],[1.0458329],[2.72403578]
[3.50439806],[1.04271568],[2.70878907]
[3.49764159],[1.03262335],[2.69677874]
[3.49016429],[1.01259738],[2.63629566]
[3.4856082],[0.9972806],[2.54930468]
[3.46869966],[0.99377247],[2.48201691]
[3.43788202],[0.99025301],[2.40949545]
[3.41806411],[0.98675353],[2.34875957]
[3.39019526],[0.98453839],[2.30846575]
[3.36153497],[0.98234544],[2.27391687]
[3.33062957],[0.98021607],[2.23064493]
[3.30307808],[0.97789041],[2.20197798]
[3.27577671],[0.97602271],[2.17457969]
[3.24002194],[0.97427419],[2.14375557]
[3.22057567],[0.97264989],[2.1169986]
[2.89917138],[0.97163871],[1.96643752]
[0.62781211],[0.80447624],[0.27485544]
[0.],[0.],[0.]
[1.57276738],[0.34910228],[0.44463654]
[2.16110644],[0.61611241],[0.92430995]
[2.32417068],[0.8367244],[1.33648798]
[2.44266615],[0.91046583],[1.57256796]
[2.51121323],[0.95842527],[1.73949834]
[2.79341473],[0.9776233],[1.92864525]
[2.95794539],[0.99358629],[2.07459837]
[3.08966316],[0.99966132],[2.19258797]
[3.14451955],[1.00933675],[2.26688121]
[3.22878729],[1.01259865],[2.36846704]
[3.30566271],[1.01972199],[2.41239429]
[3.39731064],[1.02142479],[2.53622356]
[3.47699616],[1.02861926],[2.56774002]
[3.5542383],[1.04235256],[2.7728081]
[3.58116879],[1.06619493],[2.71174068]
[3.65944959],[1.08214836],[2.91687458]
[3.67707126],[1.0992637],[2.88932591]
[3.784847],[1.11343693],[3.04889473]
[3.76338309],[1.12382137],[3.01832454]
[3.82990208],[1.1307023],[3.11159957]
[3.77083762],[1.13661887],[3.06576804]
[3.83497803],[1.14454651],[3.15297484]
[3.77003252],[1.15167963],[3.11089022]
[3.82873308],[1.15630846],[3.17675688]
[3.76965437],[1.16257534],[3.13318422]
[3.83349877],[1.16934505],[3.20098656]
[3.76285151],[1.17385366],[3.15728743]
[3.82801293],[1.17738757],[3.21272379]
[3.76696327],[1.17786653],[3.16844716]
[3.8222761],[1.17249001],[3.20163967]
[3.80880885],[1.17227699],[3.1939077]
[3.82580378],[1.16442708],[3.1814939]
[3.80307642],[1.15978476],[3.16794233]
[3.79938382],[1.15355787],[3.13354948]
[3.76112823],[1.14884675],[3.11338018]
[3.74936715],[1.14535946],[3.0972401]
[3.73098186],[1.13901631],[3.07499546]
[3.72304175],[1.13422705],[3.05885071]
[3.71528465],[1.12996768],[3.03916597]
[3.7042045],[1.11924003],[3.01426991]
[3.68731324],[1.09934164],[2.96798269]
[3.67382786],[1.08135076],[2.91608741]
[3.65683375],[1.06418801],[2.86069242]
[3.62863731],[1.04373579],[2.79060586]
[3.59777102],[1.02699307],[2.72203845]
[3.55779395],[1.01591866],[2.66530986]
[3.51467251],[1.00422408],[2.59794863]
[3.46561674],[1.00014263],[2.52462883]
[3.4319603],[0.99728445],[2.46180383]
[3.39759523],[0.99504239],[2.40164567]
[3.35223232],[0.99296271],[2.33700961]
[3.32829905],[0.99101742],[2.2875558]
[2.98648703],[0.98936551],[2.11018246]
[0.9677723],[0.8432357],[0.47349144]
[0.],[0.],[0.]
[1.59512296],[0.38805733],[0.51903446]
[2.23346624],[0.67743845],[1.05286309]
[2.37925033],[0.8668653],[1.44137803]
[2.48596231],[0.93512161],[1.67428466]
[2.54235758],[0.97951664],[1.83257309]
[2.88238807],[0.99210005],[2.0403947]
[3.08475295],[1.01178852],[2.20127472]
[3.23431006],[1.02028796],[2.32636096]
[3.32313896],[1.03117486],[2.4225094]
[3.43417815],[1.03186161],[2.67943727]
[3.52641711],[1.04897598],[2.65993858]
[3.63740985],[1.07066074],[2.91339086]
[3.66938698],[1.09067023],[2.89051198]
[3.79430265],[1.10834444],[3.07968915]
[3.79635939],[1.13178879],[3.08182011]
[3.91421459],[1.14801636],[3.22506495]
[3.89759058],[1.16530907],[3.23309476]
[4.04032919],[1.17894387],[3.34050763]
[3.97595473],[1.18958553],[3.3396873]
[4.06950937],[1.1969288],[3.40413137]
[3.98183491],[1.20408021],[3.39608747]
[4.07683787],[1.21189467],[3.44787193]
[3.98185437],[1.21909337],[3.43843177]
[4.06937742],[1.22386444],[3.4762801]
[3.98162255],[1.22996436],[3.46922993]
[4.07588076],[1.23651264],[3.50743326]
[3.97423133],[1.240279],[3.49346347]
[4.0683984],[1.24151872],[3.5214442]
[3.98072845],[1.24274945],[3.50448112]
[4.06887219],[1.23876763],[3.51174818]
[4.02315477],[1.2414025],[3.51337824]
[4.07725955],[1.23400931],[3.50377233]
[4.02289255],[1.23058351],[3.48120582]
[4.04755771],[1.22501935],[3.45384914]
[3.99289543],[1.2208416],[3.42334344]
[3.98059134],[1.21775916],[3.40423244]
[3.96053971],[1.21203898],[3.37961252]
[3.94907289],[1.20773466],[3.3596924]
[3.94100331],[1.20389888],[3.33741483]
[3.928189],[1.19330873],[3.30440784]
[3.90726674],[1.17413756],[3.25709482]
[3.89653919],[1.15665575],[3.20905415]
[3.87927616],[1.14020059],[3.15624905]
[3.85377858],[1.12059164],[3.0926762]
[3.82924576],[1.10696547],[3.03924859]
[3.79290482],[1.09500657],[2.99007399]
[3.75046273],[1.08252274],[2.93910508]
[3.69857006],[1.0685161],[2.8787734]
[3.6541365],[1.05607368],[2.82360302]
[3.60655127],[1.04431289],[2.76705167]
[3.54662629],[1.03044179],[2.69796298]
[3.49911897],[1.01773168],[2.62858488]
[3.13243888],[1.00582157],[2.39467932]
[1.1712909],[0.902046],[0.67616986]
[0.],[0.],[0.]
[1.60177114],[0.41029002],[0.55885861]
[2.27560763],[0.72051419],[1.14900249]
[2.42371056],[0.88603988],[1.53505473]
[2.52313944],[0.95544684],[1.76509597]
[2.65622467],[1.00091799],[1.93900347]
[2.97307369],[1.0119401],[2.15350192]
[3.19687406],[1.03199145],[2.3144148]
[3.36768315],[1.03879339],[2.48913093]
[3.47945559],[1.07004137],[2.64292387]
[3.61521416],[1.08882663],[2.96994183]
[3.67696089],[1.1132107],[2.99551289]
[3.82496208],[1.13341622],[3.17120321]
[3.83612325],[1.15195767],[3.18050269]
[3.97085549],[1.16822779],[3.31871044]
[3.95781844],[1.18901824],[3.33817131]
[4.10251864],[1.20381341],[3.45319827]
[4.06776012],[1.22015031],[3.4788139]
[4.20490866],[1.23278837],[3.57652611]
[4.13607028],[1.24289909],[3.58004865]
[4.22005976],[1.25091417],[3.64033393]
[4.1385999],[1.25811198],[3.63439818]
[4.22464275],[1.26562811],[3.68716322]
[4.13664126],[1.27284766],[3.67550307]
[4.21568652],[1.27754101],[3.71720321]
[4.13350986],[1.28289387],[3.70598532]
[4.21894124],[1.28655274],[3.74858887]
[4.12466517],[1.28726027],[3.7263093]
[4.21004732],[1.28862674],[3.76235999]
[4.12882063],[1.28974258],[3.73724982]
[4.20747771],[1.28578022],[3.75487588]
[4.17231984],[1.28908018],[3.74758464]
[4.21031017],[1.28026298],[3.74597985]
[4.17534382],[1.27686192],[3.71531596]
[4.19267223],[1.27192176],[3.697522]
[4.14925688],[1.26848193],[3.65748752]
[4.13315301],[1.26642566],[3.63830118]
[4.11392173],[1.26141758],[3.61227136]
[4.10148749],[1.25781573],[3.59168745]
[4.09471252],[1.25446384],[3.56962377]
[4.0819731],[1.24382151],[3.53428537]
[4.05907845],[1.22492903],[3.48376369]
[4.04811808],[1.20783481],[3.4305844]
[4.03138805],[1.19108972],[3.37885277]
[4.00628065],[1.17185059],[3.31792725]
[3.98709019],[1.15971481],[3.27236491]
[3.95884186],[1.14824681],[3.22638279]
[3.91699514],[1.13630463],[3.17821076]
[3.86615091],[1.1232352],[3.12285872]
[3.82256407],[1.11129276],[3.07276368]
[3.7747197],[1.09992464],[3.02272522]
[3.7162256],[1.08663732],[2.96283063]
[3.66691736],[1.07477842],[2.90692567]
[3.29545512],[1.0631789],[2.6958766]
[1.34941273],[0.91200088],[0.74810883]
[0.],[0.],[0.]
[1.61153188],[0.45102225],[0.6150715]
[2.33264444],[0.76136857],[1.26211012]
[2.46030408],[0.90424582],[1.6175301]
[2.55112212],[0.97991237],[1.84663137]
[2.77011834],[1.02053199],[2.04482376]
[3.09640395],[1.02900515],[2.29571902]
[3.33049658],[1.04718451],[2.47199423]
[3.51501343],[1.0826827],[2.84096914]
[3.61115799],[1.13406057],[2.9674568]
[3.75164356],[1.15279188],[3.20522736]
[3.79207987],[1.17613743],[3.25359612]
[3.94049082],[1.1940893],[3.38709016]
[3.91269243],[1.21069062],[3.40736887]
[4.04706734],[1.22538138],[3.51337635]
[4.01496402],[1.24366602],[3.54596893]
[4.14883661],[1.25722243],[3.64611102]
[4.10888289],[1.27200634],[3.67036878]
[4.23658061],[1.28259643],[3.7665012]
[4.1723902],[1.29438038],[3.76982236]
[4.25062168],[1.30273066],[3.83236638]
[4.17357926],[1.3094173],[3.82167169]
[4.25504672],[1.3160337],[3.88364046]
[4.17232747],[1.32032149],[3.8613195]
[4.24699621],[1.32262523],[3.91017487]
[4.1692429],[1.32471361],[3.88507185]
[4.25111095],[1.32788837],[3.93702101]
[4.16099449],[1.32846455],[3.90199164]
[4.24316956],[1.3304837],[3.95104729]
[4.16528505],[1.33180688],[3.91608985]
[4.24139836],[1.32793792],[3.94650078]
[4.21160942],[1.33066545],[3.93616705]
[4.24706598],[1.32303935],[3.94154178]
[4.21854674],[1.31995912],[3.90641648]
[4.23271614],[1.31529654],[3.89168054]
[4.1976331],[1.31189308],[3.84886364]
[4.18128063],[1.30968682],[3.82867706]
[4.16422688],[1.30481008],[3.80149535]
[4.1536741],[1.30101498],[3.78005921]
[4.14680309],[1.29800359],[3.75756151]
[4.13407526],[1.28925635],[3.72166816]
[4.11232185],[1.27344167],[3.67001428]
[4.10391981],[1.25970254],[3.61877247]
[4.09002302],[1.24565961],[3.56118999]
[4.06801166],[1.22758341],[3.49640727]
[4.05308865],[1.21586641],[3.45011991]
[4.03300019],[1.20462845],[3.40634928]
[3.99401348],[1.19248473],[3.3587023]
[3.94646992],[1.1790341],[3.30476931]
[3.91084882],[1.16688177],[3.25701227]
[3.86865184],[1.15517404],[3.20900595]
[3.81313317],[1.1417772],[3.15276767]
[3.76796184],[1.13043116],[3.10384957]
[3.3922656],[1.11994826],[2.89755547]
[1.48952167],[0.92449049],[0.83901636]
[0.],[0.],[0.]
[1.61711369],[0.48839763],[0.66296504]
[2.36648688],[0.79249435],[1.34859625]
[2.48890785],[0.91818239],[1.67840597]
[2.60040761],[0.99102275],[1.90299461]
[2.86247786],[1.03065297],[2.12333418]
[3.2089398],[1.03813732],[2.44048556]
[3.44736172],[1.0707844],[2.63837802]
[3.64243417],[1.12731132],[3.01490039]
[3.70372867],[1.17553831],[3.13396604]
[3.8505612],[1.19567042],[3.34378218]
[3.85067532],[1.21853327],[3.40007573]
[3.98368327],[1.23500688],[3.51567148]
[3.94718809],[1.25012026],[3.54516554]
[4.08863999],[1.26358712],[3.64534122]
[4.05176603],[1.28015622],[3.67700172]
[4.1836671],[1.29114371],[3.77690209]
[4.14896877],[1.30220772],[3.79902838]
[4.26756598],[1.31130719],[3.89674791]
[4.20848388],[1.32245557],[3.89557899]
[4.28113803],[1.32894291],[3.96203324]
[4.20845223],[1.33262957],[3.94630952]
[4.28563746],[1.33710598],[4.0111128]
[4.20817656],[1.34089012],[3.9838913]
[4.27875731],[1.34271404],[4.03793456]
[4.20782559],[1.34444941],[4.00956001]
[4.28555494],[1.3470869],[4.06734028]
[4.20245764],[1.34804822],[4.02840174]
[4.27958563],[1.35056464],[4.08370922]
[4.20901525],[1.35170954],[4.04499962]
[4.28044117],[1.34805132],[4.07831047]
[4.2568909],[1.34985637],[4.07061523]
[4.28588068],[1.34320143],[4.07468478]
[4.26372723],[1.34023392],[4.03584148]
[4.27322625],[1.33605609],[4.02330805]
[4.24054348],[1.33305153],[3.97530551]
[4.21998909],[1.33106139],[3.95227454]
[4.20075813],[1.32681666],[3.92177841]
[4.18877077],[1.3229969],[3.89752508]
[4.18146508],[1.32019552],[3.87284768]
[4.16830252],[1.31259815],[3.83421145]
[4.1452204],[1.29880834],[3.78084328]
[4.13544228],[1.28489355],[3.72682411]
[4.12029769],[1.27157781],[3.66594413]
[4.09857344],[1.25753745],[3.6029463]
[4.08447325],[1.24679204],[3.55717776]
[4.06967362],[1.23475794],[3.50950724]
[4.03221253],[1.22235156],[3.45967085]
[3.98600135],[1.2086637],[3.40393426]
[3.95198057],[1.19622782],[3.35429589]
[3.91251774],[1.18415011],[3.3046874]
[3.86357854],[1.17056885],[3.24725824]
[3.8229246],[1.15945954],[3.19706834]
[3.44686845],[1.1487407],[2.97911756]
[1.70603633],[0.93890862],[0.92579213]
[0.],[0.],[0.]
[1.62151201],[0.51369961],[0.69782087]
[2.38394723],[0.81076636],[1.40217646]
[2.50476483],[0.93082018],[1.72261451]
[2.65214196],[1.00059949],[1.94778533]
[2.92707746],[1.03947813],[2.19173186]
[3.28300017],[1.04886156],[2.65140203]
[3.52872263],[1.11380675],[2.80508901]
[3.72399924],[1.16712432],[3.16427724]
[3.76852843],[1.21056959],[3.27250516]
[3.89880101],[1.22988382],[3.46239053]
[3.88359028],[1.24912799],[3.52552031]
[4.02120487],[1.26223119],[3.63175215]
[3.97942796],[1.27399086],[3.66004495]
[4.12316356],[1.2839614],[3.75758351]
[4.08587811],[1.29740993],[3.78288843]
[4.21829827],[1.30658844],[3.88592944]
[4.18876223],[1.31733652],[3.90023012]
[4.29878143],[1.327334],[3.99434872]
[4.24657765],[1.33603347],[3.98630532]
[4.31626881],[1.34000685],[4.05244306]
[4.24692357],[1.34376936],[4.03743009]
[4.32292291],[1.34834466],[4.10769059]
[4.24780373],[1.3523393],[4.07730001]
[4.31577456],[1.35437946],[4.13670209]
[4.24508426],[1.35621807],[4.10428092]
[4.32154219],[1.35897313],[4.16551401]
[4.23855914],[1.3602524],[4.12215817]
[4.31448492],[1.36310726],[4.18180196]
[4.2437304],[1.36442034],[4.1416816]
[4.31400469],[1.36112131],[4.1788392]
[4.29231793],[1.36270625],[4.16922135]
[4.31817797],[1.35626507],[4.1752709]
[4.29930836],[1.35329154],[4.13552407]
[4.3054376],[1.34919064],[4.11724475]
[4.27733287],[1.34622987],[4.06918827]
[4.25441566],[1.34463846],[4.04767515]
[4.23549397],[1.34042836],[4.01727727]
[4.22369562],[1.33674726],[3.99218698]
[4.21654442],[1.33381688],[3.96519116]
[4.20287465],[1.32614631],[3.92543239]
[4.17970315],[1.31302916],[3.86814397]
[4.16965073],[1.29991854],[3.81185895]
[4.15485829],[1.28733901],[3.75167375]
[4.13192645],[1.27531173],[3.69202513]
[4.11650454],[1.26538091],[3.64310612]
[4.10467393],[1.25603538],[3.59617313]
[4.06821071],[1.24614372],[3.5442253]
[4.02291425],[1.23481804],[3.4870711]
[3.99036136],[1.22362837],[3.43888429]
[3.95237617],[1.21193079],[3.38902499]
[3.90500591],[1.19870696],[3.33105206]
[3.86640481],[1.18693693],[3.28042702]
[3.49605291],[1.17596253],[3.06226122]
[1.86586706],[0.94860696],[1.00694353]
[0.],[0.],[0.]
[1.61803937],[0.51871656],[0.70178755]
[2.3840505],[0.81325461],[1.41718061]
[2.51053401],[0.9479436],[1.75695181]
[2.68188668],[1.01162476],[1.99090976]
[2.97917002],[1.04912755],[2.3178601]
[3.3497141],[1.08734672],[2.83677049]
[3.58345475],[1.14721024],[2.97590256]
[3.81651791],[1.19752939],[3.29773907]
[3.83047282],[1.23643567],[3.40381401]
[3.95623596],[1.25411629],[3.58629318]
[3.93489918],[1.27235514],[3.64722141]
[4.08053275],[1.28498451],[3.74755945]
[4.03097626],[1.29612283],[3.7696088]
[4.17283094],[1.30572831],[3.87022698]
[4.14223066],[1.31889267],[3.88958089]
[4.2706425],[1.32743847],[3.99656758]
[4.25073021],[1.33655605],[4.01252873]
[4.35582654],[1.34523617],[4.10784667]
[4.30523049],[1.35390064],[4.09867927]
[4.36925209],[1.35750794],[4.17134202]
[4.30511509],[1.36187452],[4.16092076]
[4.37464387],[1.3665713],[4.23259485]
[4.30660138],[1.37060683],[4.20189216]
[4.36762358],[1.37217151],[4.25938121]
[4.30378278],[1.37403564],[4.22756778]
[4.37344491],[1.37677613],[4.28879711]
[4.29785947],[1.37904793],[4.24759536]
[4.36629653],[1.38273474],[4.30818222]
[4.30228302],[1.38478536],[4.27069135]
[4.36584229],[1.38187627],[4.30935549]
[4.35148413],[1.3829946],[4.33352727]
[4.36948006],[1.37695904],[4.30970486]
[4.35788194],[1.3743405],[4.30184422]
[4.35904891],[1.37012541],[4.25315652]
[4.3387828],[1.36705269],[4.20124071]
[4.31302289],[1.36496214],[4.17275416]
[4.29470161],[1.36048032],[4.13796989]
[4.2835031],[1.35671756],[4.11156681]
[4.27641568],[1.35344119],[4.08457081]
[4.26286329],[1.34618996],[4.04659001]
[4.23964329],[1.33473175],[3.99022484]
[4.2289675],[1.32167684],[3.93580138]
[4.21443805],[1.30896712],[3.87635058]
[4.19119982],[1.29759223],[3.81628569]
[4.1753334],[1.28749895],[3.76372994]
[4.16456708],[1.27839822],[3.71377685]
[4.13341415],[1.26844972],[3.65578079]
[4.08677422],[1.25718554],[3.59321419]
[4.05331388],[1.24726564],[3.5389653]
[4.01455008],[1.23804998],[3.48631276]
[3.9679644],[1.22709536],[3.42955218]
[3.93020366],[1.2175499],[3.38023398]
[3.56172485],[1.20710081],[3.16221337]
[1.97915747],[1.00966549],[1.12946797]
[0.],[0.],[0.]
[1.62135731],[0.53741251],[0.72841015]
[2.39530651],[0.82940186],[1.45532484]
[2.51990844],[0.96086482],[1.79018602]
[2.72604302],[1.02230825],[2.06049747]
[3.03808944],[1.06266325],[2.48097958]
[3.39391527],[1.12420172],[2.95502246]
[3.63761305],[1.18110143],[3.10954063]
[3.8670835],[1.22844047],[3.40333263]
[3.86251906],[1.26367286],[3.52929204]
[3.99329347],[1.28155112],[3.70486561]
[3.96767854],[1.29844327],[3.76731713]
[4.11268999],[1.31035682],[3.87028752]
[4.06315455],[1.32061185],[3.88834834]
[4.20416724],[1.32966502],[3.9990286]
[4.18056638],[1.34002777],[4.01995208]
[4.30742893],[1.34660963],[4.12993438]
[4.29095822],[1.35632617],[4.1459802]
[4.38830319],[1.36511141],[4.24401795]
[4.33978638],[1.37350023],[4.23537834]
[4.39956563],[1.37608936],[4.31326062]
[4.33994372],[1.38009776],[4.29819567]
[4.40537359],[1.38479278],[4.37332891]
[4.34173207],[1.38912456],[4.33930356]
[4.39832111],[1.39059303],[4.40017178]
[4.33854845],[1.39255192],[4.36554272]
[4.40410866],[1.39543699],[4.43033484]
[4.33293402],[1.39887033],[4.38801092]
[4.39705679],[1.4026503],[4.4539462]
[4.33717486],[1.40520338],[4.41767015]
[4.39611954],[1.40325965],[4.46173993]
[4.38621046],[1.40520234],[4.5102501]
[4.39968285],[1.39851728],[4.47547974]
[4.39326892],[1.39561148],[4.4841551]
[4.39131145],[1.3916245],[4.41525856]
[4.37585843],[1.38869347],[4.36108404]
[4.34784891],[1.38666042],[4.3286443]
[4.32945772],[1.38216897],[4.28924995]
[4.31838476],[1.3784879],[4.25820319]
[4.31078682],[1.37480544],[4.22675578]
[4.29737575],[1.3672465],[4.18443954]
[4.27415594],[1.35623356],[4.11975738]
[4.26319108],[1.34403663],[4.06517748]
[4.24856379],[1.33274069],[4.01050917]
[4.22533587],[1.32159605],[3.95138094]
[4.20964432],[1.31170038],[3.89912888]
[4.19903484],[1.30229512],[3.8473729]
[4.17220149],[1.29242782],[3.78537386]
[4.12631602],[1.28124549],[3.7188744]
[4.09324535],[1.27175782],[3.66184558]
[4.05482566],[1.26282661],[3.60690534]
[4.00753742],[1.25328374],[3.54674064]
[3.96956966],[1.24497082],[3.49343745]
[3.60199489],[1.23679308],[3.2722619]
[1.90298407],[1.0835669],[1.230308]
[0.],[0.],[0.]
[1.62504709],[0.55443981],[0.75063736]
[2.40544578],[0.84386567],[1.48551273]
[2.52839114],[0.97337505],[1.81838867]
[2.76298706],[1.03061168],[2.0999937]
[3.07667252],[1.08874598],[2.54635306]
[3.43253932],[1.14742099],[3.01928641]
[3.67758448],[1.20397411],[3.19432264]
[3.91316832],[1.25026339],[3.47516755]
[3.89430089],[1.28384234],[3.61534075]
[4.02954006],[1.30228242],[3.79462518]
[4.0001131],[1.31799654],[3.85993459]
[4.14415977],[1.32947295],[3.96851656]
[4.09973513],[1.3383124],[3.98133918]
[4.24029762],[1.34541655],[4.09716664]
[4.22078061],[1.35669714],[4.12271772]
[4.34295489],[1.36328063],[4.23083131]
[4.33076224],[1.37288886],[4.24692836]
[4.42116132],[1.38143619],[4.34201126]
[4.37545779],[1.38995166],[4.33399916]
[4.43055732],[1.39272484],[4.41142259]
[4.37500053],[1.39737376],[4.39970477]
[4.43634406],[1.40290211],[4.47646468]
[4.3771228],[1.40782619],[4.44807087]
[4.42929231],[1.40892407],[4.50963544]
[4.37360583],[1.41107121],[4.48110229]
[4.43507509],[1.41420659],[4.55124263]
[4.36785308],[1.41833148],[4.50624356]
[4.42759844],[1.42241912],[4.58979429]
[4.37174261],[1.42620696],[4.55308101]
[4.42706426],[1.42415855],[4.60040243]
[4.42157513],[1.42562759],[4.64109706]
[4.43037207],[1.41961096],[4.61334649]
[4.42863304],[1.41663916],[4.61669383]
[4.42332972],[1.41248254],[4.55498892]
[4.41290627],[1.40948685],[4.50389567]
[4.38336615],[1.40748398],[4.47170662]
[4.36553661],[1.40235394],[4.4232149]
[4.35455977],[1.3983381],[4.39559088]
[4.34629223],[1.3940815],[4.36127672]
[4.33221449],[1.3869676],[4.31508128]
[4.30865196],[1.37583818],[4.23775169]
[4.29703909],[1.36249977],[4.16569381]
[4.28307383],[1.35097402],[4.10589642]
[4.25984406],[1.34018992],[4.05090318]
[4.24415193],[1.33081615],[3.99890101]
[4.2334276],[1.3215129],[3.94904298]
[4.21066129],[1.31163057],[3.88913071]
[4.16589734],[1.30053404],[3.81416584]
[4.13252526],[1.29070877],[3.7536653]
[4.09456155],[1.28153569],[3.69500227]
[4.04757279],[1.2716817],[3.63377968]
[4.00922462],[1.26366566],[3.58025042]
[3.64142641],[1.25544619],[3.3535174]
[1.83240508],[1.1260793],[1.24155524]
[0.],[0.],[0.]
[1.62125251],[0.5499555],[0.74288016]
[2.40605444],[0.84405388],[1.4920286]
[2.53052681],[0.98242924],[1.83715984]
[2.78799527],[1.03891084],[2.14271645]
[3.11189678],[1.11504154],[2.62503666]
[3.45890504],[1.16962926],[3.08909628]
[3.70831569],[1.22520215],[3.28952458]
[3.95022914],[1.272121],[3.55018361]
[3.94060538],[1.30488354],[3.70758646]
[4.08885197],[1.32463879],[3.90307034]
[4.0551581],[1.3399947],[3.97194147]
[4.1988598],[1.3493676],[4.08952506]
[4.16235676],[1.35691722],[4.10226794]
[4.29490315],[1.36391946],[4.21874986]
[4.28318533],[1.37605995],[4.24618152]
[4.39803506],[1.38310124],[4.35125103]
[4.38930286],[1.3925326],[4.36643955]
[4.47158187],[1.40182546],[4.46050531]
[4.43344775],[1.40992958],[4.47781981]
[4.48125264],[1.41276255],[4.56557449]
[4.43256266],[1.41766377],[4.56687821]
[4.48707059],[1.42330433],[4.6403873]
[4.43528859],[1.42834479],[4.61462506]
[4.47961961],[1.42965133],[4.67910548]
[4.43076674],[1.43181031],[4.65024066]
[4.48816684],[1.43546639],[4.72105196]
[4.42607453],[1.43960097],[4.67408769]
[4.49638544],[1.4437947],[4.76585795]
[4.42943859],[1.44854581],[4.7143518]
[4.51260713],[1.44692588],[4.78881416]
[4.50631578],[1.44802173],[4.81152338]
[4.53180576],[1.44250787],[4.80765578]
[4.53285376],[1.43957126],[4.80415934]
[4.53692308],[1.43551519],[4.76152438]
[4.52350241],[1.43255883],[4.70719145]
[4.48858219],[1.43037478],[4.67254252]
[4.46521992],[1.42569197],[4.62592871]
[4.45153498],[1.42148008],[4.59407202]
[4.42696951],[1.41723336],[4.54869394]
[4.39117472],[1.40922714],[4.48474683]
[4.36761545],[1.39799441],[4.40672765]
[4.35540731],[1.3848329],[4.33874996]
[4.34143078],[1.37353354],[4.27487039]
[4.31819788],[1.36139169],[4.18067177]
[4.30251144],[1.35208125],[4.12279246]
[4.291302],[1.3432298],[4.07393207]
[4.27491719],[1.33386243],[4.01919518]
[4.23329147],[1.32292374],[3.9472145]
[4.1994914],[1.31347849],[3.88345617]
[4.16189512],[1.30438153],[3.81599579]
[4.11482398],[1.29473859],[3.74686575]
[4.07630995],[1.28636688],[3.68964166]
[3.70878522],[1.27830324],[3.46237797]
[1.79684428],[1.15342425],[1.263522]
[0.],[0.],[0.]
[1.6244286],[0.5697704],[0.76375077]
[2.41698523],[0.8608535],[1.52331625]
[2.53967421],[0.99361167],[1.86532079]
[2.82255992],[1.04744012],[2.26518318]
[3.1524327],[1.14878553],[2.73891788]
[3.49259256],[1.20165503],[3.18476963]
[3.74259576],[1.25514053],[3.41748552]
[3.98603191],[1.29997746],[3.66300626]
[3.97453729],[1.3294698],[3.82839301]
[4.12242003],[1.34700607],[4.03511374]
[4.09043381],[1.35827901],[4.09934295]
[4.23498157],[1.36736264],[4.22770177]
[4.20345605],[1.37545327],[4.24227691]
[4.33104804],[1.38429949],[4.36037847]
[4.32412519],[1.39746879],[4.38782245]
[4.43448673],[1.40429067],[4.49900348]
[4.42807627],[1.41290605],[4.52353945]
[4.50279866],[1.42212965],[4.65181795]
[4.46328156],[1.42928716],[4.6627839]
[4.50779084],[1.4322317],[4.75491628]
[4.45823604],[1.43760653],[4.7457769]
[4.53031283],[1.44328942],[4.8349052]
[4.46021425],[1.44841687],[4.79459132]
[4.53508462],[1.44898643],[4.87787696]
[4.46690433],[1.45114008],[4.82759841]
[4.55468605],[1.45589976],[4.92438027]
[4.47903098],[1.46017077],[4.8611663]
[4.55809971],[1.46444221],[4.95852149]
[4.50167892],[1.46986598],[4.91274516]
[4.56832415],[1.46843716],[4.97915233]
[4.5720506],[1.46948273],[5.00071813]
[4.5809613],[1.4644],[4.99415784]
[4.5898303],[1.46154734],[4.99227466]
[4.5842963],[1.45802839],[4.9536315]
[4.58235265],[1.45515476],[4.91177589]
[4.55121178],[1.45272706],[4.87873678]
[4.53469418],[1.44777302],[4.83590958]
[4.52390759],[1.44335821],[4.80787455]
[4.50522911],[1.43924063],[4.76991674]
[4.48250159],[1.43093271],[4.71144585]
[4.44223336],[1.41973797],[4.62593959]
[4.41351373],[1.40769778],[4.54560967]
[4.37683355],[1.39656153],[4.46613286]
[4.35271462],[1.38384989],[4.37745411]
[4.33701803],[1.37300132],[4.29475329]
[4.32514943],[1.36469806],[4.22496235]
[4.31142491],[1.35565536],[4.16547178]
[4.27192299],[1.34548729],[4.08722194]
[4.23840643],[1.33735879],[4.02140799]
[4.20135159],[1.3294653],[3.95631294]
[4.15446194],[1.32009117],[3.88090389]
[4.11592191],[1.31187196],[3.81780369]
[3.74838403],[1.30378454],[3.58739267]
[1.72112831],[1.19800857],[1.3337142]
[0.],[0.],[0.]
[1.62793325],[0.59140593],[0.7879383]
[2.42718315],[0.86999336],[1.54757841]
[2.54802783],[1.00386574],[1.89077907]
[2.85628547],[1.05430534],[2.33767486]
[3.18932689],[1.17305326],[2.80250049]
[3.52549794],[1.2243658],[3.24959672]
[3.77717724],[1.27754672],[3.51156947]
[4.02181908],[1.31943293],[3.74662118]
[4.00691228],[1.34580642],[3.91793193]
[4.1572551],[1.36382816],[4.1277042]
[4.13189248],[1.37402237],[4.19825585]
[4.27163064],[1.38355966],[4.33001765]
[4.24499351],[1.39321573],[4.3497178]
[4.36740448],[1.40295621],[4.46925067]
[4.36513733],[1.41610336],[4.50088434]
[4.47084251],[1.42297005],[4.62261891]
[4.45383541],[1.43218745],[4.67298688]
[4.54350662],[1.44228848],[4.81077681]
[4.48701005],[1.44944482],[4.80833246]
[4.56025625],[1.45297325],[4.91337488]
[4.50040932],[1.45855094],[4.89644139]
[4.57686808],[1.46469099],[4.98603982]
[4.51806313],[1.46962186],[4.94716427]
[4.57869218],[1.47022052],[5.0248423]
[4.52781606],[1.47222352],[4.98191704]
[4.59312537],[1.47769731],[5.06553689]
[4.53510154],[1.4839536],[5.02346779]
[4.59432568],[1.48984843],[5.10981228]
[4.55049554],[1.49757068],[5.08126992]
[4.60144337],[1.4959748],[5.14185543]
[4.60708653],[1.4948862],[5.15852442]
[4.61035514],[1.48769588],[5.16674383]
[4.62055457],[1.48394137],[5.14638892]
[4.61371597],[1.48008293],[5.10256525]
[4.61649973],[1.47721445],[5.06125126]
[4.58959696],[1.47445163],[5.02855848]
[4.57721329],[1.46955256],[4.99013096]
[4.56761816],[1.46486745],[4.95870956]
[4.55465206],[1.46075535],[4.92313324]
[4.53853922],[1.45209203],[4.8734423]
[4.50877012],[1.44067551],[4.80050123]
[4.4883384],[1.42953416],[4.72973263]
[4.46258874],[1.41893324],[4.66210763]
[4.42000149],[1.40613385],[4.56706561]
[4.38388519],[1.39446527],[4.46416774]
[4.35621259],[1.38356109],[4.35700923]
[4.34593033],[1.37352639],[4.2783917]
[4.31004387],[1.36334006],[4.20141461]
[4.27742243],[1.3547435],[4.13059367]
[4.24063491],[1.34721038],[4.05867621]
[4.19385891],[1.33818518],[3.98404167]
[4.15556836],[1.33004192],[3.91667104]
[3.78762115],[1.3221057],[3.67773541]
[1.62963021],[1.22984199],[1.33294633]
[0.],[0.],[0.]
[1.63339839],[0.61254545],[0.81399641]
[2.43778244],[0.87984909],[1.57321307]
[2.55377636],[1.01107118],[1.90902812]
[2.89000549],[1.06320489],[2.40304164]
[3.22670752],[1.19680182],[2.87640625]
[3.56151812],[1.24650932],[3.31777804]
[3.81183685],[1.29342026],[3.59935312]
[4.05815958],[1.33404147],[3.82950562]
[4.0396511],[1.35894299],[4.00465738]
[4.19293025],[1.37738329],[4.21863682]
[4.17338715],[1.38668891],[4.29753064]
[4.3080099],[1.39693655],[4.42862061]
[4.28653483],[1.40810161],[4.45275585]
[4.40375936],[1.41803587],[4.58127014]
[4.40245241],[1.4328312],[4.63131917]
[4.51085695],[1.44082358],[4.77910742]
[4.48746719],[1.4485778],[4.81791379]
[4.59366068],[1.45909871],[4.95852919]
[4.55580236],[1.46727053],[4.96494769]
[4.60659329],[1.4724373],[5.06181957]
[4.5643018],[1.48113329],[5.05417686]
[4.61942271],[1.49004035],[5.14643435]
[4.57764553],[1.49792092],[5.13018074]
[4.62094486],[1.50191149],[5.23471916]
[4.58458193],[1.50907974],[5.20434363]
[4.63482437],[1.51843015],[5.36317724]
[4.60259861],[1.52570456],[5.30925242]
[4.65040877],[1.5323008],[5.48686483]
[4.63123585],[1.54108725],[5.45213756]
[4.67152325],[1.53909943],[5.5905692]
[4.69167169],[1.53810279],[5.60565758]
[4.69067532],[1.5307823],[5.64382468]
[4.71491272],[1.52490551],[5.62228779]
[4.70530969],[1.51798045],[5.56864607]
[4.72108843],[1.51193926],[5.47973527]
[4.68569282],[1.50492782],[5.38857448]
[4.66548367],[1.49631534],[5.28895988]
[4.64215946],[1.48756402],[5.20101475]
[4.60948434],[1.48043266],[5.12252857]
[4.57947935],[1.46928087],[5.02204037]
[4.55012662],[1.45752519],[4.93888737]
[4.53638409],[1.44715506],[4.87922621]
[4.5201869],[1.43605915],[4.82296633]
[4.48949182],[1.42327163],[4.74359876]
[4.46289697],[1.41158947],[4.6540474]
[4.43815123],[1.40040187],[4.55352083]
[4.40998844],[1.38895579],[4.4406267]
[4.33617808],[1.37795987],[4.30920255]
[4.31337241],[1.36936754],[4.23752521]
[4.27992995],[1.36179318],[4.16562405]
[4.23315277],[1.35283319],[4.08267256]
[4.19487416],[1.34504037],[4.01114637]
[3.82684882],[1.33759722],[3.77171206]
[1.57058119],[1.26240715],[1.3844548]
[0.],[0.],[0.]
[1.63435317],[0.61405668],[0.81610556]
[2.43655112],[0.8889635],[1.58545885]
[2.55501699],[1.01932036],[1.92547167]
[2.91805328],[1.07289506],[2.48347487]
[3.26637736],[1.21781624],[2.9790893]
[3.58975849],[1.26470248],[3.39399196]
[3.8416511],[1.30996554],[3.6924607]
[4.08951775],[1.35151061],[3.92412479]
[4.07113172],[1.3760179],[4.10791013]
[4.22674335],[1.39544982],[4.33062786]
[4.22733649],[1.40525764],[4.42421421]
[4.36233094],[1.41788387],[4.56994283]
[4.34966956],[1.43095066],[4.59228611]
[4.4524147],[1.44164858],[4.74401436]
[4.46107074],[1.45929102],[4.82598637]
[4.59682007],[1.47495877],[5.00601795]
[4.59331141],[1.49517665],[5.06964853]
[4.65899935],[1.50196375],[5.21316362]
[4.6490428],[1.51214462],[5.25510953]
[4.686336],[1.51968837],[5.45026902]
[4.67329785],[1.52971409],[5.45788992]
[4.71055328],[1.53974392],[5.61473318]
[4.69942212],[1.54754342],[5.59640344]
[4.72479541],[1.55167247],[5.73787506]
[4.71713722],[1.55849476],[5.73025713]
[4.74531868],[1.56640145],[5.87553685]
[4.73490527],[1.57393661],[5.86720978]
[4.75699731],[1.58076844],[6.00234219]
[4.75877521],[1.59006321],[6.01217632]
[4.78880623],[1.59013549],[6.11984057]
[4.85240408],[1.58843809],[6.16574346]
[4.82273734],[1.58061017],[6.15951294]
[4.95598259],[1.57319728],[6.16428036]
[4.87641546],[1.56651544],[6.09663382]
[5.01946904],[1.56048628],[6.07029628]
[4.92113307],[1.55374734],[5.95676527]
[4.84683495],[1.54486528],[5.8537826]
[4.81612343],[1.53562656],[5.76202039]
[4.76196433],[1.52480572],[5.65576412]
[4.71089883],[1.51154966],[5.51394658]
[4.6759366],[1.49478761],[5.33919151]
[4.6440624],[1.47967717],[5.18582291]
[4.60892337],[1.46312184],[5.06421321]
[4.56896995],[1.44730648],[4.9418746]
[4.54662896],[1.43520274],[4.8537945]
[4.52624365],[1.42342288],[4.76773926]
[4.50521252],[1.41169399],[4.67230819]
[4.46260154],[1.39897848],[4.54840713]
[4.40073884],[1.3896243],[4.41166023]
[4.33857363],[1.38233107],[4.30997512]
[4.3000729],[1.37359204],[4.2235385]
[4.26187743],[1.365915],[4.14952443]
[3.89356549],[1.35863823],[3.90490346]
[1.59095475],[1.28471714],[1.503126]
[0.],[0.],[0.]
[1.63934053],[0.62777473],[0.83861526]
[2.44299694],[0.89738617],[1.60997972]
[2.5577515],[1.02598264],[1.94133781]
[2.95975533],[1.09756241],[2.59422712]
[3.28756757],[1.24111286],[3.09502537]
[3.61548158],[1.28831667],[3.49270823]
[3.86902355],[1.33248943],[3.8152741]
[4.11482377],[1.3724718],[4.06218554]
[4.10025154],[1.39484598],[4.25207265]
[4.25459127],[1.41536277],[4.49570533]
[4.2581052],[1.42898238],[4.5889034]
[4.38878254],[1.44401215],[4.75080836]
[4.37340241],[1.47413185],[4.82491202]
[4.51692494],[1.48380427],[5.0348502]
[4.53307382],[1.52474383],[5.1401993]
[4.64381604],[1.52986078],[5.32874517]
[4.66643955],[1.55068358],[5.40115655]
[4.72757492],[1.55074356],[5.69897452]
[4.74047958],[1.56679607],[5.76229703]
[4.75964507],[1.56715798],[5.92185639]
[4.75686987],[1.58393979],[5.94820685]
[4.78515342],[1.58514669],[6.08619505]
[4.80062724],[1.59682178],[6.11255447]
[4.82054563],[1.59684447],[6.23210926]
[4.84063949],[1.61131748],[6.26423133]
[4.89280225],[1.61264027],[6.39307616]
[4.93049475],[1.62799814],[6.42664474]
[4.97478049],[1.62761128],[6.54879312]
[5.01413099],[1.64109264],[6.59797419]
[5.06245149],[1.6436906],[6.68686651]
[5.15891261],[1.64221808],[6.78048198]
[5.13424915],[1.63110491],[6.7427885]
[5.21845594],[1.62090383],[6.78482123]
[5.19675785],[1.61251992],[6.70750622]
[5.25907314],[1.60448377],[6.70043314]
[5.23375109],[1.5965713],[6.57573973]
[5.19476497],[1.58809043],[6.47087687]
[5.14584052],[1.57989946],[6.3677845]
[5.06422513],[1.56859982],[6.23893292]
[4.96757952],[1.55604772],[6.07644697]
[4.83217946],[1.53995716],[5.88943565]
[4.77494182],[1.5259634],[5.7356336]
[4.7209015],[1.50846298],[5.58267798]
[4.67837589],[1.48739728],[5.41907966]
[4.64508132],[1.46786377],[5.26928847]
[4.60959794],[1.44907014],[5.08261716]
[4.57509119],[1.43356935],[4.90778779]
[4.53578495],[1.42142771],[4.78151366]
[4.48296243],[1.41140408],[4.66067008]
[4.41470693],[1.40311812],[4.53239899]
[4.32620894],[1.39446973],[4.39486124]
[4.29895644],[1.38708084],[4.32398326]
[3.93063341],[1.38064519],[4.08260555]
[1.65749035],[1.3095832],[1.65487005]
[0.],[0.],[0.]
[1.64367474],[0.64769294],[0.86431143]
[2.44809158],[0.90218719],[1.62404491]
[2.56016342],[1.02963106],[1.95078193]
[2.99003515],[1.10544136],[2.63008347]
[3.30054612],[1.25107997],[3.14079554]
[3.63146126],[1.30015317],[3.52998817]
[3.89286135],[1.34372014],[3.86411621]
[4.13564485],[1.38329176],[4.1191615]
[4.12634365],[1.41069151],[4.31573894]
[4.27500067],[1.43681335],[4.57826589]
[4.27933774],[1.45979669],[4.69646402]
[4.40136041],[1.48154347],[4.90014088]
[4.38293786],[1.51998273],[5.01274373]
[4.55319988],[1.52803447],[5.25824538]
[4.58790479],[1.56981539],[5.37302873]
[4.6941477],[1.57448804],[5.64579675]
[4.72429886],[1.59458014],[5.76044472]
[4.76907223],[1.59166707],[6.03517128]
[4.8030373],[1.61149188],[6.13387727]
[4.82429061],[1.60902232],[6.29159721]
[4.84635219],[1.63034703],[6.3575407]
[4.90810523],[1.62691618],[6.50186091]
[4.9594874],[1.64364246],[6.56894989]
[4.99755233],[1.64840587],[6.69368372]
[5.03047786],[1.66439802],[6.76720147]
[5.08748136],[1.67993937],[6.9059061]
[5.10665469],[1.70647654],[6.96803171]
[5.15005896],[1.72059],[7.10860073]
[5.17043103],[1.74304929],[7.18701725]
[5.21281764],[1.75712817],[7.31493765]
[5.27437255],[1.77477969],[7.45841812]
[5.26546696],[1.77037726],[7.44228328]
[5.31901995],[1.75362227],[7.50004144]
[5.3245632],[1.73156974],[7.42329291]
[5.3652724],[1.70946353],[7.39033425]
[5.39717513],[1.68537766],[7.25202805]
[5.35301855],[1.66051622],[7.1056105]
[5.29760776],[1.64383876],[6.97294837]
[5.21424356],[1.62662781],[6.81849998]
[5.1459035],[1.60020658],[6.6102495]
[5.03932182],[1.57927108],[6.37186312]
[4.91931835],[1.56515073],[6.16861238]
[4.82139087],[1.54908363],[5.99011954]
[4.75335624],[1.53051955],[5.80934271]
[4.69662475],[1.51301021],[5.64313716]
[4.66661293],[1.49304321],[5.47951827]
[4.63470469],[1.47378689],[5.27552147]
[4.58884695],[1.45533515],[5.03577667]
[4.52607525],[1.44062797],[4.87948432]
[4.45486892],[1.42965044],[4.73943931]
[4.37590368],[1.41783654],[4.57100903]
[4.31008453],[1.40674294],[4.43461227]
[3.94899825],[1.39768325],[4.18870413]
[1.72392043],[1.32826241],[1.7359433]
[0.],[0.],[0.]
[1.65151881],[0.67149847],[0.89909162]
[2.45445273],[0.90689965],[1.63964026]
[2.5625792],[1.03325207],[1.95906073]
[3.01726338],[1.10946334],[2.65631842]
[3.31215233],[1.25517988],[3.1733322]
[3.64744289],[1.30459045],[3.55206086]
[3.92621895],[1.34680831],[3.89655026]
[4.15638252],[1.38806539],[4.15869749]
[4.15216952],[1.42497903],[4.37075477]
[4.29687273],[1.45714814],[4.64647906]
[4.29608283],[1.48425813],[4.80883241]
[4.43643521],[1.50373535],[5.05529064]
[4.45678885],[1.55469014],[5.19074326]
[4.61669451],[1.56370068],[5.4242265]
[4.66063237],[1.60109231],[5.54591108]
[4.74173089],[1.60444819],[5.88689714]
[4.7722573],[1.62295016],[6.02727292]
[4.82591543],[1.62044659],[6.28704818]
[4.95744717],[1.64075095],[6.4156093]
[5.0031295],[1.63879745],[6.56668856]
[5.04267454],[1.65999527],[6.66950634]
[5.09769296],[1.66118579],[6.8325251]
[5.12626858],[1.69445805],[6.9274404]
[5.16395038],[1.70554189],[7.06577207]
[5.18445314],[1.73147928],[7.16286821]
[5.23242214],[1.74682284],[7.34460871]
[5.24099203],[1.77336769],[7.42879352]
[5.27992577],[1.7882664],[7.59124301]
[5.28910311],[1.80975723],[7.67573521]
[5.33716981],[1.82626642],[7.81954318]
[5.38074982],[1.84784859],[7.94142083]
[5.41969002],[1.8476908],[7.96499503]
[5.44971206],[1.83308629],[8.01234631]
[5.50188619],[1.81416855],[7.99116734]
[5.51827878],[1.79481234],[7.93456025]
[5.58371769],[1.77342899],[7.81960947]
[5.55026514],[1.74822017],[7.62887777]
[5.48859636],[1.72471543],[7.47890627]
[5.39330147],[1.70003488],[7.29903803]
[5.29997062],[1.65939039],[7.06695644]
[5.20138929],[1.62263596],[6.78587084]
[5.11923732],[1.59560423],[6.56894278]
[5.02388679],[1.57613676],[6.36779289]
[4.87088239],[1.55992883],[6.13918116]
[4.79823646],[1.54444657],[5.96071262]
[4.74743314],[1.52803536],[5.8063996]
[4.69849467],[1.51225786],[5.6228815]
[4.66688587],[1.49303681],[5.41683941]
[4.62435939],[1.47606179],[5.19821168]
[4.56379404],[1.46108089],[4.99542028]
[4.47756285],[1.44515574],[4.83163556]
[4.38894537],[1.4311349],[4.66818191]
[3.97778968],[1.41727788],[4.32299139]
[1.83149504],[1.34613145],[1.8627715]
[0.],[0.],[0.]
[1.65038696],[0.65536734],[0.88562666]
[2.4486576],[0.90951408],[1.63778451]
[2.55970156],[1.03744162],[1.96211116]
[3.01945362],[1.10970733],[2.67014675]
[3.31771311],[1.25992631],[3.20412471]
[3.65539972],[1.31083651],[3.57672617]
[3.94687461],[1.35815155],[3.94718011]
[4.17470197],[1.40421976],[4.23018243]
[4.17858857],[1.44954129],[4.46202228]
[4.32260056],[1.48440899],[4.7766013]
[4.3321963],[1.52582721],[4.98548687]
[4.52665664],[1.53790339],[5.25425244]
[4.5710824],[1.59151256],[5.39129483]
[4.68512346],[1.60099604],[5.65488267]
[4.72584887],[1.63458736],[5.84243479]
[4.78661564],[1.63635951],[6.16564805]
[4.86451252],[1.65552804],[6.34307606]
[5.02209474],[1.6519526],[6.60267976]
[5.1321837],[1.67387771],[6.75754537]
[5.17935969],[1.67097685],[6.93366566]
[5.19894761],[1.69901912],[7.06150357]
[5.24671693],[1.72627376],[7.27215887]
[5.26057321],[1.75863079],[7.39355683]
[5.29475854],[1.77281995],[7.56535508]
[5.30383709],[1.79750245],[7.68046967]
[5.36045612],[1.8123829],[7.86585431]
[5.35279671],[1.83653365],[7.94215559]
[5.43884767],[1.85687599],[8.1316822]
[5.42492354],[1.87545493],[8.20176324]
[5.51690138],[1.88988582],[8.40378895]
[5.53692423],[1.90804384],[8.49072339]
[5.6024433],[1.91281308],[8.59404436]
[5.60462351],[1.89961918],[8.60839728]
[5.72557684],[1.88683399],[8.67829234]
[5.73519125],[1.87419146],[8.61528098]
[5.82714983],[1.85972744],[8.58423884]
[5.82889226],[1.84311519],[8.38116995]
[5.7499423],[1.82718188],[8.21315534]
[5.61294659],[1.809663],[8.01897308]
[5.52722666],[1.77183556],[7.79279371]
[5.43705401],[1.72671914],[7.50382947]
[5.35307198],[1.68581148],[7.25559778]
[5.27075242],[1.64653549],[7.01942282]
[5.18998747],[1.5958124],[6.74239876]
[5.11542613],[1.58100091],[6.49280001]
[5.02118582],[1.56525591],[6.2682771]
[4.91793077],[1.5496178],[6.05897301]
[4.81308548],[1.53250405],[5.82608824]
[4.75775842],[1.51694873],[5.62561598]
[4.68616111],[1.50096458],[5.41131362]
[4.62691849],[1.48358242],[5.15190234]
[4.57112614],[1.46797394],[4.99039483]
[4.17120815],[1.45287578],[4.66454514]
[1.90747833],[1.3597028],[1.99751919]
[0.],[0.],[0.]
[1.65554832],[0.66970422],[0.90592973]
[2.45379637],[0.91310995],[1.64731106]
[2.56116095],[1.04042363],[1.96876193]
[3.03574347],[1.11796761],[2.71492598]
[3.32235156],[1.27130576],[3.26017976]
[3.66434912],[1.32765666],[3.64543838]
[3.96323216],[1.3806522],[4.043011]
[4.18618563],[1.42862879],[4.36281212]
[4.19316667],[1.49662663],[4.60986262]
[4.35039704],[1.51419251],[4.9934259]
[4.40896693],[1.57400543],[5.21198688]
[4.59853861],[1.58493378],[5.48163638]
[4.6456669],[1.62709954],[5.60399763]
[4.73418941],[1.63835925],[5.98858768]
[4.77388923],[1.66712385],[6.19479566]
[4.84733187],[1.66959213],[6.49497179]
[5.05047987],[1.68806899],[6.70558363]
[5.18201636],[1.68383864],[6.94822087]
[5.25484947],[1.7053912],[7.17051389]
[5.29997242],[1.72740588],[7.4304026]
[5.30954621],[1.75953563],[7.5801514]
[5.36569322],[1.78472771],[7.79002807]
[5.36291206],[1.81632865],[7.88974575]
[5.44596981],[1.83235823],[8.1051191]
[5.43164187],[1.85626929],[8.20488066]
[5.52870366],[1.87417763],[8.45088934]
[5.50848353],[1.89792617],[8.5122246]
[5.6129164],[1.919933],[8.77538367]
[5.58351296],[1.94011394],[8.8396048]
[5.73728831],[1.9559263],[9.14902575]
[5.75642479],[1.97152366],[9.24729049]
[5.8474997],[1.97965918],[9.43330755]
[5.86116519],[1.9709299],[9.48777491]
[5.93958253],[1.96233083],[9.58868334]
[5.99868891],[1.95152131],[9.57229007]
[6.05940184],[1.93832157],[9.5538732]
[6.13929629],[1.92458278],[9.46116948]
[6.10582332],[1.91160806],[9.26806266]
[5.99210378],[1.89310953],[9.05328619]
[5.87837907],[1.86328035],[8.77753006]
[5.76294231],[1.82685122],[8.4378434]
[5.64344848],[1.78689701],[8.11319682]
[5.54600812],[1.74226963],[7.81363005]
[5.45132416],[1.68589333],[7.51008423]
[5.3625307],[1.62100168],[7.20997919]
[5.26384879],[1.59768276],[6.9238335]
[5.19682559],[1.58257234],[6.66556267]
[5.1049539],[1.56670771],[6.33359494]
[5.00929137],[1.55187706],[6.07670303]
[4.8356755],[1.53730728],[5.84680038]
[4.72162438],[1.52120681],[5.61456287]
[4.67493193],[1.50772611],[5.40037124]
[4.29446044],[1.49033909],[4.98409156]
[2.06467348],[1.38522421],[2.17113538]
[0.],[0.],[0.]
[1.66063462],[0.68434021],[0.92679515]
[2.45892183],[0.91512409],[1.65528056]
[2.56782114],[1.04221597],[1.97360622]
[3.05265989],[1.1236843],[2.73613974]
[3.32700575],[1.28655164],[3.30600057]
[3.69599051],[1.34667426],[3.72584768]
[3.97806204],[1.40809325],[4.13590051]
[4.19885429],[1.45953117],[4.48458524]
[4.23684963],[1.5379248],[4.78632158]
[4.43632773],[1.5543848],[5.19017884]
[4.49746947],[1.61046427],[5.40398371]
[4.65025838],[1.6201],[5.69455043]
[4.69284077],[1.65976484],[5.92439042]
[4.76588472],[1.66986048],[6.30214674]
[4.80905842],[1.69946388],[6.51911857]
[4.99182862],[1.69979013],[6.83260137]
[5.17095339],[1.72304242],[7.06840678]
[5.28882542],[1.75660905],[7.37465512]
[5.34124459],[1.78103641],[7.68167345]
[5.42846174],[1.80481126],[7.94258908]
[5.42498597],[1.83849106],[8.08102935]
[5.52562232],[1.86428759],[8.37841587]
[5.5175642],[1.89636828],[8.49496266]
[5.62514227],[1.91354108],[8.80464917]
[5.592077],[1.94150485],[8.91447325]
[5.75536508],[1.96390274],[9.29277855]
[5.72872236],[1.98719202],[9.38503609]
[5.87735155],[2.0033495],[9.70957694]
[5.87564132],[2.01882751],[9.79973865]
[5.97555198],[2.03148992],[10.06931575]
[6.04870743],[2.04716962],[10.23795043]
[6.10927642],[2.0531404],[10.3970415]
[6.19719361],[2.04888528],[10.54655131]
[6.23241919],[2.04119274],[10.61394482]
[6.36291884],[2.03109923],[10.73911342]
[6.38684564],[2.01808393],[10.68662631]
[6.49635836],[2.00382286],[10.68201492]
[6.49209096],[1.99254575],[10.46648948]
[6.37495665],[1.97434924],[10.21737076]
[6.25941991],[1.95063982],[9.90855323]
[6.13582852],[1.92128348],[9.53490212]
[6.02206677],[1.89119067],[9.16942608]
[5.90831632],[1.85530127],[8.83186855]
[5.80075136],[1.80376577],[8.46073835]
[5.68319019],[1.74472372],[8.08561294]
[5.5535283],[1.68791901],[7.71926346]
[5.45185251],[1.62629114],[7.37443521]
[5.34098305],[1.59920985],[7.00605768]
[5.25120413],[1.5843329],[6.64328954]
[5.15449376],[1.5698762],[6.32125209]
[4.93850475],[1.55573235],[6.01545894]
[4.76959889],[1.5432147],[5.78403852]
[4.38300941],[1.52683314],[5.40214429]
[2.17130315],[1.44300969],[2.33914944]
[0.],[0.],[0.]
[1.66351276],[0.69092458],[0.93835815]
[2.46227833],[0.91733409],[1.6623354]
[2.58394581],[1.04537675],[1.98293589]
[3.0721222],[1.13487152],[2.77044583]
[3.33348789],[1.29999871],[3.35844161]
[3.73083325],[1.36226018],[3.80005772]
[4.00454745],[1.44086937],[4.219363]
[4.24510877],[1.49109474],[4.59962233]
[4.29282198],[1.56923923],[4.93656897]
[4.5109357],[1.58720777],[5.344407]
[4.56877732],[1.64006235],[5.57247879]
[4.6924411],[1.64996169],[5.97180164]
[4.73478604],[1.68733083],[6.21863325]
[4.79483936],[1.69820735],[6.58399022]
[4.90480856],[1.72885053],[6.84029651]
[5.12022056],[1.7478555],[7.16776474]
[5.26254362],[1.79860953],[7.50673651]
[5.36804994],[1.83128674],[7.90907269]
[5.43072356],[1.85947205],[8.20345724]
[5.56115829],[1.88233553],[8.56470723]
[5.55365327],[1.91384106],[8.73604779]
[5.77095145],[1.93793727],[9.16554928]
[5.81960798],[1.96855039],[9.31398195]
[5.93111597],[1.99077636],[9.6722839]
[5.94657174],[2.01458936],[9.82785186]
[6.04740273],[2.0333302],[10.15530878]
[6.10807786],[2.05509719],[10.32907313]
[6.20321207],[2.07028008],[10.62473745]
[6.30611248],[2.08490945],[10.80683675]
[6.40550615],[2.09649469],[11.06364007]
[6.52217119],[2.11159783],[11.32228396]
[6.56102427],[2.11581184],[11.47438005]
[6.63310832],[2.11345559],[11.67867412]
[6.65430305],[2.10604322],[11.75127839]
[6.69461069],[2.09690376],[11.85612621]
[6.76206972],[2.08496055],[11.85547378]
[6.78278753],[2.07188134],[11.79339921]
[6.84294344],[2.05949913],[11.69290012]
[6.76314651],[2.03896217],[11.43338137]
[6.64648787],[2.01713752],[11.13442847]
[6.53463416],[1.98975096],[10.72799701]
[6.41617006],[1.96331584],[10.30814872]
[6.29324048],[1.93110607],[9.87786122]
[6.16924735],[1.88989421],[9.4708984]
[6.05434568],[1.83791036],[9.09130128]
[5.93118638],[1.77968956],[8.66072353]
[5.81644732],[1.7233762],[8.23404206]
[5.65124484],[1.65774929],[7.77235075]
[5.52678701],[1.61265496],[7.33677929]
[5.41707097],[1.59832047],[6.9266118]
[5.2275524],[1.58527572],[6.50741485]
[5.04795819],[1.57211878],[6.18459569]
[4.48487948],[1.55525607],[5.75845043]
[2.32125224],[1.49681107],[2.55034601]
[0.],[0.],[0.]
[1.66289872],[0.67780044],[0.92658687]
[2.4585537],[0.91985768],[1.66232877]
[2.56519627],[1.05067485],[1.98978011]
[3.07141385],[1.14308437],[2.79939731]
[3.34317909],[1.3137894],[3.41031708]
[3.77868237],[1.3797274],[3.88391899]
[4.03159279],[1.47620196],[4.31028706]
[4.28482872],[1.52616223],[4.72688659]
[4.37052354],[1.60427291],[5.09597124]
[4.58377051],[1.62041769],[5.50746791]
[4.63978522],[1.67396299],[5.81914542]
[4.73754178],[1.684446],[6.29614895]
[4.77816056],[1.72331356],[6.58456562]
[4.84844309],[1.7338469],[6.95225814]
[5.06755151],[1.78033301],[7.24722663]
[5.24642697],[1.83520254],[7.69261121]
[5.35893407],[1.88419027],[8.09445643]
[5.51759765],[1.91479176],[8.49918325]
[5.58872451],[1.94046457],[8.80621775]
[5.81566565],[1.95882686],[9.36580696]
[5.87743267],[1.98776667],[9.59095718]
[6.02633083],[2.00952048],[9.96081713]
[6.17939297],[2.03906268],[10.18412601]
[6.30981782],[2.05992768],[10.52741739]
[6.42810343],[2.08188127],[10.80131815]
[6.53171863],[2.09929451],[11.13590875]
[6.58736558],[2.11876114],[11.4037607]
[6.67981283],[2.13121667],[11.70561445]
[6.7176426],[2.14364827],[11.95307626]
[6.7878348],[2.15481931],[12.20066323]
[6.82971763],[2.17510775],[12.43069079]
[6.92074845],[2.17623371],[12.6083463]
[6.94945383],[2.17795266],[12.7713775]
[7.0834153],[2.16772449],[12.93321304]
[7.10677975],[2.15861928],[12.99891624]
[7.24230426],[2.14647368],[13.1562839]
[7.26454365],[2.13455117],[13.07499062]
[7.34119424],[2.12186153],[13.06875906]
[7.29313582],[2.1034455],[12.8228814]
[7.19553595],[2.08293335],[12.51389948]
[6.96553687],[2.05623912],[12.05636415]
[6.8167111],[2.03137373],[11.58483303]
[6.69973796],[2.00160992],[11.1273016]
[6.58697657],[1.96602918],[10.67016493]
[6.47643225],[1.92170783],[10.25424699]
[6.34228598],[1.87531878],[9.82247606]
[6.21903484],[1.8230116],[9.32730353]
[6.07586049],[1.75999294],[8.7743036]
[5.93461836],[1.70165969],[8.28714027]
[5.7993629],[1.6384321],[7.69788659]
[5.57496929],[1.62049952],[7.2067768]
[5.32247818],[1.6069534],[6.79228945]
[4.82377952],[1.58988623],[6.257538]
[2.43225699],[1.53083304],[2.7347122]
[0.],[0.],[0.]
[1.66814439],[0.68457358],[0.94064161]
[2.4634558],[0.92638384],[1.67591875]
[2.63757663],[1.05844705],[2.03523372]
[3.10290285],[1.16311824],[2.8908572]
[3.37691558],[1.33758643],[3.50909652]
[3.83241275],[1.40773558],[4.01810158]
[4.06598658],[1.52744577],[4.4757578]
[4.37518737],[1.57344972],[5.00040071]
[4.49140594],[1.64783803],[5.36396406]
[4.65230542],[1.66295853],[5.81458865]
[4.71033421],[1.71176918],[6.27460073]
[4.78853189],[1.72522213],[6.72964701]
[4.85443672],[1.75741459],[7.02773263]
[5.05634295],[1.80671641],[7.38380717]
[5.22434836],[1.8631772],[7.82792864]
[5.3659834],[1.91577234],[8.3173872]
[5.4718209],[1.9607538],[8.67354766]
[5.7568399],[1.98823853],[9.13312668]
[5.87892615],[2.01213642],[9.54471996]
[6.02980882],[2.03050638],[10.11645679]
[6.17615668],[2.05428776],[10.43026848]
[6.38317954],[2.07376746],[10.80685722]
[6.57552723],[2.10277381],[11.16020653]
[6.69855946],[2.1240823],[11.50963838]
[6.74461958],[2.14511365],[11.8337152]
[6.83272175],[2.16141835],[12.19453439]
[6.85069029],[2.17931728],[12.50858484]
[7.01322379],[2.19461267],[12.8598141]
[7.01261592],[2.21120725],[13.10669043]
[7.24369592],[2.22430621],[13.48123709]
[7.28982322],[2.24406087],[13.70758933]
[7.40246427],[2.24068607],[13.99321027]
[7.44110943],[2.23730536],[14.13154179]
[7.49655686],[2.22454777],[14.31657008]
[7.52001968],[2.2157559],[14.35145341]
[7.56644273],[2.20436058],[14.46026848]
[7.662676],[2.19152404],[14.46991705]
[7.68809465],[2.17723659],[14.38060194]
[7.8616343],[2.15948837],[14.29149496]
[7.70633843],[2.13834918],[13.95872461]
[7.5177382],[2.11448603],[13.51928903]
[7.33580774],[2.09140141],[13.0175895]
[7.17284343],[2.06412556],[12.46964623]
[6.97299374],[2.03092294],[11.90973012]
[6.84478565],[1.98946342],[11.46699261]
[6.7331548],[1.94765244],[11.01332558]
[6.63047681],[1.90344162],[10.5380289]
[6.51463944],[1.85042299],[9.96336416]
[6.37703753],[1.79193946],[9.40116245]
[6.23753828],[1.73300129],[8.81905127]
[6.06035145],[1.66930031],[8.06881964]
[5.62677614],[1.63731919],[7.46594409]
[5.02480357],[1.62077306],[6.88043713]
[2.57124343],[1.55568475],[2.97904485]
[0.],[0.],[0.]
[1.67541084],[0.69622588],[0.96447476]
[2.47460456],[0.93676649],[1.70139004]
[2.74548293],[1.06950581],[2.12254535]
[3.15954087],[1.1947768],[3.02485957]
[3.48699311],[1.3705192],[3.65476324]
[3.91085441],[1.44476812],[4.18386001]
[4.13087761],[1.56944208],[4.71181041]
[4.50826942],[1.61189751],[5.27913956]
[4.61203272],[1.68410956],[5.64776118]
[4.7274752],[1.69818926],[6.22941409]
[4.77995439],[1.74045347],[6.69341502]
[4.84625619],[1.76469639],[7.10703523]
[5.05448981],[1.82987646],[7.4558903]
[5.2218486],[1.88330524],[7.92413291]
[5.34132733],[1.93857167],[8.39105299]
[5.49009296],[1.98532566],[8.85896972]
[5.6396372],[2.03187234],[9.2300041]
[5.98240263],[2.05712089],[9.82662692]
[6.10534045],[2.08611519],[10.29732925]
[6.29130977],[2.10632889],[10.8778971]
[6.51512779],[2.12841271],[11.40606531]
[6.7054829],[2.14809821],[11.82270109]
[6.80398169],[2.17440557],[12.20813009]
[6.97232062],[2.20506755],[12.62778051]
[6.9846073],[2.23548538],[12.98921911]
[7.20381946],[2.25939153],[13.43976322]
[7.19755422],[2.28480301],[13.80111048]
[7.39805075],[2.29999491],[14.32198041]
[7.42038269],[2.31560575],[14.57655559]
[7.54347935],[2.32804404],[14.99334533]
[7.58663993],[2.34723694],[15.21372804]
[7.63668714],[2.34378425],[15.46937313]
[7.73987804],[2.33462632],[15.67218011]
[7.77950596],[2.31781695],[15.81506883]
[7.97855682],[2.30334087],[15.98982238]
[8.03670406],[2.2871779],[16.02094029]
[8.16292016],[2.27131067],[16.13360308]
[8.21603688],[2.25355598],[16.0851592]
[8.2818051],[2.23404417],[15.98281345]
[8.29459361],[2.20151699],[15.72225849]
[8.16804515],[2.17181281],[15.28962707]
[7.95744016],[2.15134135],[14.72485775]
[7.65964932],[2.12724427],[14.0425337]
[7.45045483],[2.09778802],[13.39111515]
[7.32096366],[2.06143357],[12.87754898]
[7.19132972],[2.02415927],[12.35426221]
[7.0281917],[1.98459202],[11.81206984]
[6.83922538],[1.93884996],[11.23748424]
[6.72921404],[1.89249695],[10.59970009]
[6.64188888],[1.84296485],[9.9809392]
[6.51781458],[1.79086131],[9.25159065]
[6.34183019],[1.74109962],[8.49778155]
[5.35942761],[1.6869824],[7.55962234]
[2.63487766],[1.5975308],[3.15630375]
[0.],[0.],[0.]
[1.68619121],[0.71013473],[0.99959845]
[2.49569192],[0.9512951],[1.73986208]
[2.86641879],[1.08088879],[2.26556919]
[3.22057598],[1.22632897],[3.16434589]
[3.6149448],[1.41084293],[3.82043777]
[3.97960481],[1.48304248],[4.35126165]
[4.21560931],[1.60923068],[4.96330749]
[4.60227541],[1.64672028],[5.53764918]
[4.70361975],[1.71305373],[5.94740308]
[4.78775421],[1.72691837],[6.61647427]
[4.83938957],[1.77577138],[7.0719134]
[5.04083085],[1.83421443],[7.50139883]
[5.21006504],[1.89780498],[7.97824984]
[5.34434654],[1.94993311],[8.4742959]
[5.43256254],[2.00445436],[8.8905568]
[5.6830106],[2.04915556],[9.36791651]
[5.92294817],[2.09676376],[9.83214656]
[6.14894661],[2.12571174],[10.47328427]
[6.37184692],[2.1536932],[11.03725228]
[6.58919595],[2.18342754],[11.72761034]
[6.75116496],[2.21641856],[12.3540378]
[6.95734564],[2.24587377],[12.83661478]
[7.03281107],[2.28439214],[13.25241785]
[7.34758887],[2.31753496],[13.8466498]
[7.38679315],[2.3513753],[14.25625922]
[7.52550704],[2.37770194],[14.82411618]
[7.55249439],[2.40263977],[15.24393357]
[7.63821899],[2.41777494],[15.78010037]
[7.69541913],[2.43311295],[16.13366845]
[7.79428488],[2.44518351],[16.54136973]
[7.98090003],[2.47254115],[16.90766932]
[8.05370967],[2.48432051],[17.11767116]
[8.19929508],[2.50643418],[17.43654195]
[8.25685143],[2.49437414],[17.57258916]
[8.33114061],[2.4768436],[17.75357974]
[8.37217542],[2.45233701],[17.79636264]
[8.40946607],[2.42516329],[17.8160183]
[8.51455387],[2.39607263],[17.81431038]
[8.59634682],[2.36601895],[17.69009052]
[8.81209226],[2.33290818],[17.60867804]
[8.66330095],[2.27705569],[17.09300223]
[8.37999422],[2.22537628],[16.49561534]
[8.23152216],[2.19010492],[15.83588436]
[8.04853492],[2.15290602],[15.11431596]
[7.81544797],[2.11962557],[14.40898931]
[7.61807556],[2.08552179],[13.76353442]
[7.47719545],[2.04942647],[13.17379318]
[7.32957696],[2.00829938],[12.56579469]
[7.19578182],[1.96460371],[11.9253758]
[7.05326599],[1.9215616],[11.18059429]
[6.83104386],[1.87655646],[10.40279315]
[6.70195193],[1.82839862],[9.59234027]
[5.99157731],[1.77892033],[8.56470904]
[2.70065876],[1.63368752],[3.34126833]
[0.],[0.],[0.]
[1.69501139],[0.706115],[1.01442916]
[2.52024751],[0.96440309],[1.7735077]
[2.93411945],[1.0928749],[2.37639071]
[3.25083372],[1.27088083],[3.27675013]
[3.69766184],[1.45264593],[3.97092871]
[4.0284595],[1.52955993],[4.53457813]
[4.35275766],[1.64981861],[5.23648953]
[4.6804597],[1.68623231],[5.81104569]
[4.78169732],[1.74593597],[6.35317334]
[4.84085155],[1.76875639],[6.98964304]
[5.03562427],[1.85225751],[7.49072933]
[5.20824815],[1.91174572],[8.04150001]
[5.32793872],[1.97094047],[8.53504373]
[5.43695909],[2.01634682],[8.97577795]
[5.55925481],[2.06734752],[9.40542296]
[5.9232312],[2.10679054],[9.95911715]
[6.09160308],[2.15287786],[10.51114187]
[6.35906697],[2.18966913],[11.15743161]
[6.63924985],[2.24454796],[11.88757246]
[6.7918261],[2.28058429],[12.63677242]
[6.9082394],[2.3202579],[13.31137291]
[7.29080178],[2.35512143],[14.02832046]
[7.41389721],[2.3983371],[14.55833071]
[7.59545547],[2.43698214],[15.2215832]
[7.65442509],[2.49695061],[15.71382257]
[7.75669617],[2.54059029],[16.27304263]
[7.85405433],[2.57716929],[16.77724349]
[7.99868733],[2.60076826],[17.27057206]
[8.14432723],[2.62582848],[17.80259574]
[8.26713554],[2.64348202],[18.22115331]
[8.36431437],[2.66245108],[18.66279918]
[8.41289389],[2.67064722],[18.89905064]
[8.46044518],[2.65993315],[19.15883395]
[8.53122511],[2.65117011],[19.3343962]
[8.57794018],[2.62160812],[19.44824776]
[8.81649919],[2.59753015],[19.66151391]
[8.89262325],[2.5733185],[19.66848737]
[9.01294603],[2.54850983],[19.75363113]
[9.07727413],[2.52248927],[19.61457285]
[9.13232363],[2.49551553],[19.46832627]
[9.15236156],[2.44478926],[19.11629032]
[9.01340557],[2.39144117],[18.57161752]
[8.78963594],[2.33453477],[17.83138832]
[8.43842728],[2.26401714],[16.96429978]
[8.2667519],[2.20671947],[16.20994016]
[8.14318652],[2.15004519],[15.51799657]
[7.99588082],[2.11701687],[14.80409038]
[7.78798239],[2.0791998],[14.02570203]
[7.58397977],[2.03906038],[13.33619698]
[7.43177293],[1.99916739],[12.58713615]
[7.2869909],[1.95750636],[11.77802697]
[7.05299123],[1.91475186],[10.88663422]
[6.56064974],[1.87110309],[9.80583326]
[2.95476534],[1.68336379],[3.58468747]
[0.],[0.],[0.]
[1.705075],[0.71059228],[1.03949329]
[2.54788282],[0.98217263],[1.8218762]
[3.02450208],[1.11696478],[2.5549973]
[3.35692472],[1.33804572],[3.46757951]
[3.78647212],[1.50637368],[4.15638672]
[4.10185449],[1.58724507],[4.8366837]
[4.46900925],[1.69567188],[5.54892757]
[4.74260497],[1.72823322],[6.22288636]
[4.83673177],[1.77908686],[6.80351861]
[5.01190163],[1.84296312],[7.42102478]
[5.18886385],[1.92443036],[8.00782826]
[5.32671388],[1.98225823],[8.62890047]
[5.41771529],[2.03976169],[9.08417825]
[5.58576166],[2.0817249],[9.52194771]
[5.80114624],[2.1314862],[9.97728454]
[6.09015987],[2.1672214],[10.67256283]
[6.31752444],[2.22247214],[11.28448449]
[6.6434608],[2.28071585],[11.98628114]
[6.82126754],[2.33742249],[12.85862125]
[7.0681557],[2.37505838],[13.65507424]
[7.22957946],[2.41727281],[14.48864244]
[7.55903884],[2.45859242],[15.36349253]
[7.67179094],[2.52644683],[15.95336975]
[7.83375905],[2.58346511],[16.57995988]
[8.08884448],[2.6393769],[17.20586634]
[8.23291849],[2.68099075],[17.75082031]
[8.32356644],[2.71533208],[18.35977871]
[8.41199073],[2.73835282],[18.85994473]
[8.46394918],[2.76344245],[19.42238056]
[8.5413167],[2.77963499],[19.94414371]
[8.60254846],[2.79525787],[20.40226493]
[8.82436627],[2.81153885],[20.81684175]
[8.91036843],[2.82681186],[21.07396938]
[9.04979735],[2.81361947],[21.39838137]
[9.12482723],[2.78082251],[21.53585022]
[9.18721047],[2.7536867],[21.70634451]
[9.23841175],[2.72359485],[21.73331712]
[9.26280194],[2.69335694],[21.70934377]
[9.34264358],[2.66231738],[21.58907203]
[9.47722703],[2.6282828],[21.40522076]
[9.71258412],[2.58288303],[21.25779498]
[9.49746307],[2.53497787],[20.57996142]
[9.2073732],[2.48514252],[19.84334844]
[9.07416495],[2.43295704],[19.02475313]
[8.881801],[2.3850093],[18.18714621]
[8.56364312],[2.3341242],[17.31729809]
[8.34184406],[2.25052204],[16.52796654]
[8.23481368],[2.13941139],[15.74729914]
[8.11349784],[2.10354473],[14.97340729]
[7.9627469],[2.06663103],[14.16412469]
[7.7554479],[2.0264704],[13.13292008]
[7.47450271],[1.98781138],[12.26013474]
[7.10019993],[1.94795112],[11.08704444]
[3.44280489],[1.7415206],[3.90068524]
[0.14110469],[0.78296554],[0.04555934]
[1.71478356],[0.71795837],[1.06812541]
[2.55163303],[0.99774262],[1.89592466]
[3.10081344],[1.17698612],[2.70521471]
[3.50613944],[1.38638934],[3.6344999]
[3.86294512],[1.54786434],[4.33711201]
[4.25818632],[1.63280213],[5.1497026]
[4.5559301],[1.73426161],[5.87194462]
[4.79303806],[1.76114497],[6.65604352]
[4.99757404],[1.82451751],[7.29460296]
[5.17503491],[1.92538293],[7.88798243]
[5.30435961],[2.00168568],[8.57930797]
[5.41932548],[2.05657677],[9.15783932]
[5.51610506],[2.11152872],[9.6522278]
[5.83234474],[2.14959071],[10.13375241]
[6.0205469],[2.19730508],[10.74964319]
[6.26798046],[2.24428523],[11.44318819]
[6.59382507],[2.31731729],[12.19017567]
[6.83486413],[2.37797831],[13.02981942]
[7.02486372],[2.43562816],[13.90388937]
[7.37542478],[2.4918535],[14.91090689]
[7.54320697],[2.55781319],[15.87011372]
[7.74801874],[2.6091298],[16.65499568]
[8.06328594],[2.66508821],[17.43945102]
[8.29093047],[2.71035684],[18.09881287]
[8.42710149],[2.75505782],[18.78301757]
[8.52649938],[2.78954934],[19.3438322]
[8.56709629],[2.81832049],[19.93582154]
[8.77385674],[2.84182504],[20.55966988]
[8.7968473],[2.87299179],[21.08912668]
[9.06776927],[2.91173606],[21.88646063]
[9.15327315],[2.95129981],[22.38685149]
[9.22851539],[2.97102316],[22.84191188]
[9.28444873],[2.98809605],[23.1422973]
[9.31587907],[2.96924028],[23.39418002]
[9.36501745],[2.93138164],[23.56338902]
[9.39938384],[2.9043213],[23.66514971]
[9.73181612],[2.87350413],[23.93387242]
[9.84207923],[2.8430453],[23.9131597]
[9.95770691],[2.81144572],[23.94663918]
[10.05405903],[2.77550505],[23.72429628]
[10.19442105],[2.73502372],[23.4910734]
[10.31445183],[2.68854979],[23.11355611]
[10.03666614],[2.63329455],[22.36386581]
[9.69808803],[2.57412965],[21.29374593]
[9.23441921],[2.52345836],[20.25955914]
[9.11688589],[2.4795995],[19.40793707]
[8.9588854],[2.43473379],[18.55445157]
[8.74451709],[2.31983862],[17.62148825]
[8.45733072],[2.18169161],[16.6893071]
[8.28510929],[2.13442754],[15.79307825]
[8.16612424],[2.09894419],[14.77815637]
[8.01379898],[2.06332937],[13.81619064]
[7.47552622],[2.02948378],[12.48494491]
[4.2550727],[1.86412271],[4.37762904]
[0.30240623],[0.83678342],[0.16138812]
[1.72544271],[0.72721975],[1.09797094]
[2.55596403],[1.01354372],[1.96463526]
[3.19825247],[1.23270511],[2.86080295]
[3.62431058],[1.43235677],[3.80347158]
[3.92505347],[1.5870701],[4.54148862]
[4.38107473],[1.67564165],[5.44256481]
[4.62595288],[1.76511064],[6.18481751]
[4.84149061],[1.79647851],[7.05367162]
[5.15021789],[1.89638047],[7.71561927]
[5.29846564],[1.9941418],[8.38283474]
[5.393745],[2.06816091],[9.09775755]
[5.52310263],[2.12093182],[9.66359227]
[5.67879949],[2.17474506],[10.20479426]
[6.03145583],[2.21009249],[10.8904633]
[6.22359844],[2.27903401],[11.54797665]
[6.53394639],[2.34347291],[12.25432115]
[6.78819087],[2.4215003],[13.23029835]
[7.05699937],[2.51011471],[14.07678061]
[7.30922429],[2.59623791],[15.08693279]
[7.59443859],[2.64895047],[16.24267695]
[7.75287573],[2.69839283],[17.17416186]
[8.13593822],[2.73768283],[18.12065258]
[8.40110996],[2.78052419],[19.07126353]
[8.54647174],[2.81908178],[19.71518556]
[8.63451235],[2.85958574],[20.34214353]
[9.00549688],[2.89931935],[21.12127948]
[9.08387708],[2.93893225],[21.70410703]
[9.22962907],[2.9712805],[22.51051038]
[9.28442807],[3.01610504],[23.07482591]
[9.36112889],[3.07008499],[23.82935305]
[9.41727367],[3.11368244],[24.41600109]
[9.43411741],[3.13782727],[24.86771951]
[9.70443411],[3.16273842],[25.44105281]
[9.81266934],[3.14203995],[25.71710461]
[9.96276921],[3.10598803],[26.05829056]
[10.05269357],[3.06961215],[26.16469845]
[10.11556966],[3.03042899],[26.30086519]
[10.30365217],[2.99749323],[26.30296003]
[10.56379322],[2.96634584],[26.33904547]
[10.72412555],[2.93325359],[26.45022629]
[10.82814322],[2.88886715],[26.22933178]
[10.87274466],[2.84440345],[25.89198872]
[10.9098072],[2.78418891],[25.29886369]
[10.71613323],[2.72296808],[24.14207866]
[10.17436893],[2.67084755],[22.81786557]
[9.82955797],[2.62140919],[21.73527004]
[9.31391005],[2.57434531],[20.64371531]
[9.15168991],[2.49599711],[19.71968463]
[9.03028949],[2.40320114],[18.8291218]
[8.88366647],[2.27700459],[17.77330934]
[8.67374494],[2.15649859],[16.51220111]
[8.38013964],[2.12124915],[15.31615151]
[8.00351711],[2.08690686],[13.93837739]
[5.28653885],[1.94544761],[5.3469357]
[0.45065386],[0.91175288],[0.29959589]
[1.73027067],[0.50571435],[0.77814059]
[2.55918629],[0.70246581],[1.45917834]
[3.27936716],[0.96257538],[2.36234539]
[3.69365882],[1.16499995],[3.20082721]
[3.98043637],[1.31949727],[3.95095191]
[4.46456434],[1.47408757],[4.82492266]
[4.68685232],[1.62168923],[5.63710623]
[5.0050186],[1.71347554],[6.48182027]
[5.26796796],[1.80692712],[7.16637616]
[5.39261449],[1.88936757],[7.88797958]
[5.46702113],[1.97623324],[8.52300074]
[5.69232706],[2.03144971],[9.08625885]
[5.93860543],[2.08388269],[9.77968077]
[6.17773656],[2.14198006],[10.45238388]
[6.47326599],[2.21001875],[11.16480871]
[6.75684785],[2.27276322],[12.0151519]
[6.93543],[2.38846146],[12.96571214]
[7.31816632],[2.47767086],[13.95477849]
[7.53679251],[2.54508555],[15.08848118]
[7.8043294],[2.58547414],[16.1135164]
[8.11933359],[2.62707309],[17.22872422]
[8.42750655],[2.66940162],[18.21718414]
[8.59797636],[2.72827831],[19.12144212]
[8.98267107],[2.78087271],[20.00820831]
[9.14702469],[2.83793892],[20.66102172]
[9.31465637],[2.88822617],[21.48239426]
[9.40318535],[2.94595128],[22.12997108]
[9.44473433],[2.99408403],[22.835744]
[9.54484866],[3.05180987],[23.48156816]
[9.77163193],[3.10805486],[24.26208626]
[9.95250194],[3.1431146],[25.09532188]
[10.04317147],[3.16717829],[25.59355752]
[10.11736675],[3.18670115],[26.12590522]
[10.21023095],[3.20821524],[26.42955577]
[10.34040136],[3.18895182],[26.73428709]
[10.60043529],[3.18954528],[27.18364004]
[10.79378591],[3.16124603],[27.47286474]
[10.8821581],[3.13451735],[27.7837096]
[11.06908495],[3.10362465],[27.77440789]
[11.31834965],[3.07405733],[27.84625005]
[11.4867193],[3.03860623],[27.94034369]
[11.59467595],[2.99821484],[27.67886734]
[11.55650057],[2.95541365],[27.21161221]
[11.58991789],[2.87530727],[26.42015835]
[11.33530969],[2.79184584],[24.68376648]
[10.84428042],[2.70799385],[23.18619338]
[10.33285891],[2.64141297],[21.75165701]
[9.90589011],[2.57734803],[20.63513524]
[9.51537838],[2.50486745],[19.5157124]
[9.18462675],[2.41227062],[18.53306006]
[9.08418245],[2.27666878],[17.36126562]
[8.96856519],[2.12031305],[16.03551944]
[8.56764331],[2.01849175],[14.48531626]
