meltWidth,meltDepth,meltArea
[0.],[0.],[0.]
[0.],[0.],[0.]
[0.],[0.],[0.]
[0.],[0.],[0.]
[0.],[0.],[0.]
[0.],[0.],[0.]
[0.],[0.],[0.]
[0.],[0.],[0.]
[0.],[0.],[0.]
[0.],[0.],[0.]
[0.],[0.],[0.]
[0.],[0.],[0.]
[0.],[0.],[0.]
[0.],[0.],[0.]
[0.],[0.],[0.]
[0.],[0.],[0.]
[0.],[0.],[0.]
[0.],[0.],[0.]
[0.],[0.],[0.]
[0.],[0.],[0.]
[0.],[0.],[0.]
[0.],[0.],[0.]
[0.],[0.],[0.]
[0.],[0.],[0.]
[0.],[0.],[0.]
[0.],[0.],[0.]
[0.],[0.],[0.]
[0.],[0.],[0.]
[0.],[0.],[0.]
[0.],[0.],[0.]
[0.],[0.],[0.]
[0.],[0.],[0.]
[0.],[0.],[0.]
[0.],[0.],[0.]
[0.],[0.],[0.]
[0.],[0.],[0.]
[0.],[0.],[0.]
[0.],[0.],[0.]
[0.],[0.],[0.]
[0.],[0.],[0.]
[0.],[0.],[0.]
[0.],[0.],[0.]
[0.],[0.],[0.]
[0.],[0.],[0.]
[0.],[0.],[0.]
[0.],[0.],[0.]
[0.],[0.],[0.]
[0.],[0.],[0.]
[0.],[0.],[0.]
[0.],[0.],[0.]
[0.],[0.],[0.]
[0.],[0.],[0.]
[0.],[0.],[0.]
[0.],[0.],[0.]
[0.],[0.],[0.]
[0.],[0.],[0.]
[0.47502563],[0.08579877],[0.01978529]
[1.91784086],[0.26547067],[0.30726335]
[2.02497195],[0.31726702],[0.39963861]
[2.12225414],[0.37219603],[0.50812101]
[2.19376221],[0.41151807],[0.59055255]
[2.27427135],[0.45118113],[0.68490517]
[2.38143102],[0.48641996],[0.75677651]
[2.48118956],[0.50766172],[0.81307383]
[2.60755249],[0.51913815],[0.86288237]
[2.69882417],[0.53285486],[0.89263155]
[2.741144],[0.54484081],[0.94546488]
[2.78861461],[0.5537549],[0.94881549]
[2.82448371],[0.55799886],[1.00272831]
[2.86009529],[0.56341279],[0.98933245]
[2.88820841],[0.56728412],[1.03889159]
[2.89668026],[0.5726039],[1.0235005]
[2.95135755],[0.57787233],[1.07270333]
[2.93977931],[0.58322713],[1.06162139]
[3.00459784],[0.58636581],[1.10598333]
[2.99021384],[0.58874138],[1.08780324]
[3.06300805],[0.59145246],[1.12919384]
[3.03506247],[0.59383627],[1.11430268]
[3.09711179],[0.59516164],[1.14939057]
[3.05361133],[0.59752415],[1.12565666]
[3.11401564],[0.59971554],[1.15595652]
[3.06510227],[0.60059337],[1.13629774]
[3.12528252],[0.60168831],[1.16217161]
[3.09095751],[0.60307184],[1.14794618]
[3.14560777],[0.60252739],[1.17014228]
[3.13901426],[0.60937056],[1.1860055]
[3.19187633],[0.61113989],[1.21493912]
[3.16805367],[0.61686128],[1.21558131]
[3.21140155],[0.6232635],[1.23095169]
[3.18886629],[0.63151096],[1.24451025]
[3.20288866],[0.641281],[1.26933934]
[3.21208024],[0.65005005],[1.29813199]
[3.2211556],[0.65981682],[1.32374295]
[3.23938323],[0.67136274],[1.35667967]
[3.24864716],[0.68541441],[1.39421548]
[3.25497373],[0.69871451],[1.42829365]
[3.26444316],[0.71294413],[1.46047893]
[3.25593399],[0.71927818],[1.47498691]
[3.20614626],[0.715485],[1.46389005]
[3.16296388],[0.70764939],[1.44159813]
[3.12759938],[0.69632537],[1.41380287]
[3.09122301],[0.68658074],[1.38722393]
[3.05874022],[0.68252652],[1.36457378]
[3.02647605],[0.68034065],[1.33956379]
[2.99770579],[0.67580121],[1.31897508]
[2.95761762],[0.66708283],[1.28637861]
[2.9069323],[0.65724309],[1.23323066]
[2.84992134],[0.64718701],[1.17794979]
[3.70168918],[0.12401482],[0.28164542]
[0.],[0.],[0.]
[0.],[0.],[0.]
[1.20481684],[0.25657165],[0.14086558]
[2.16866518],[0.4444472],[0.60810747]
[2.25145598],[0.55530649],[0.80483926]
[2.37806507],[0.65381124],[1.08653084]
[2.43408023],[0.69879871],[1.24509709]
[2.50753078],[0.74690035],[1.41330168]
[2.57079364],[0.8763715],[1.57086938]
[2.69536355],[0.99650423],[2.16717755]
[2.83900803],[1.04102766],[2.42901262]
[2.90843974],[1.03647739],[2.54127405]
[2.94900518],[1.01003735],[2.62743456]
[2.97564248],[1.01693044],[2.65821671]
[3.01038844],[0.99001214],[2.67572153]
[3.02686388],[1.02770667],[2.72107251]
[3.06453113],[0.99409044],[2.73932088]
[3.0471971],[1.04439796],[2.76069813]
[3.11834365],[1.00098969],[2.78649774]
[3.07490243],[1.05764455],[2.7949008]
[3.1617666],[1.01424051],[2.817917]
[3.11981785],[1.06605034],[2.82605185]
[3.2188869],[1.02508598],[2.85472332]
[3.1612155],[1.07306673],[2.85026847]
[3.25527655],[1.03521416],[2.87269226]
[3.18152058],[1.07472521],[2.85134244]
[3.27287446],[1.02199906],[2.85832571]
[3.18619],[1.05166359],[2.81260408]
[3.27716112],[1.00367098],[2.81836473]
[3.19788538],[1.02417344],[2.7847358]
[3.27754692],[0.9914794],[2.78571047]
[3.23705792],[0.99730837],[2.76466923]
[3.29560168],[0.98324346],[2.78233909]
[3.24676549],[0.98557849],[2.74428813]
[3.29245853],[0.97275947],[2.76293185]
[3.24759112],[0.96723375],[2.71029102]
[3.24897926],[0.96231404],[2.69969263]
[3.2431412],[0.95508564],[2.68361558]
[3.24483252],[0.95351376],[2.67495326]
[3.25187799],[0.9489367],[2.67030773]
[3.25096758],[0.9447926],[2.65422808]
[3.24750264],[0.93708028],[2.6222039]
[3.24917644],[0.92544735],[2.60540843]
[3.22849191],[0.91903391],[2.58893935]
[3.19944905],[0.90863534],[2.55009195]
[3.16534095],[0.90455919],[2.51019039]
[3.12197854],[0.8985716],[2.47068216]
[3.08575355],[0.89520326],[2.43553402]
[3.05132904],[0.89355105],[2.39374811]
[3.01990651],[0.89254743],[2.34076755]
[2.99593827],[0.89181645],[2.27193257]
[2.98178845],[0.88202586],[2.19363743]
[2.97280581],[0.86926232],[2.10965632]
[2.95616888],[0.84924589],[1.99532846]
[5.74199759],[0.83216365],[2.96992965]
[4.57550029],[0.31174906],[0.80676673]
[3.02949312],[0.16731382],[0.31551477]
[1.4112816],[0.30016465],[0.25507206]
[2.4227077],[0.56712646],[0.84285788]
[2.55880947],[0.66645602],[1.07257828]
[2.57392208],[0.74164888],[1.34410855]
[2.57914469],[0.77922624],[1.48285367]
[2.60684021],[0.82322937],[1.60295023]
[2.65164063],[0.92741077],[2.06237273]
[2.77221823],[1.09424319],[2.52087512]
[2.91663154],[1.14066826],[2.81098574]
[2.98530142],[1.16501066],[2.94105684]
[3.01838761],[1.10887829],[2.98503743]
[3.0421169],[1.13850053],[3.00439516]
[3.06465303],[1.09587035],[3.02275227]
[3.07783076],[1.14763165],[3.0429697]
[3.08634469],[1.1091092],[3.04966062]
[3.10007437],[1.15882961],[3.06715419]
[3.13319578],[1.12021729],[3.08117065]
[3.11972744],[1.17079872],[3.08988813]
[3.17860674],[1.12945335],[3.10649744]
[3.13715184],[1.17996137],[3.10452948]
[3.2333557],[1.13908707],[3.14264862]
[3.17410841],[1.18977031],[3.12708671]
[3.2557348],[1.14467319],[3.15212644]
[3.18445882],[1.18773115],[3.12517053]
[3.27294901],[1.12956202],[3.14375663]
[3.1915248],[1.16696493],[3.09147678]
[3.27978368],[1.1169548],[3.1044971]
[3.20578269],[1.14021941],[3.06748002]
[3.28487073],[1.10049389],[3.06993181]
[3.24903566],[1.1140184],[3.05359452]
[3.301441],[1.09264523],[3.06420089]
[3.26341835],[1.09985911],[3.03569272]
[3.30158168],[1.07863355],[3.05069364]
[3.27408656],[1.07187916],[3.00076497]
[3.27585582],[1.06507505],[2.9837496]
[3.27426658],[1.05484181],[2.96091506]
[3.27946749],[1.05070949],[2.9472571]
[3.28893998],[1.04352504],[2.93839014]
[3.2932755],[1.03560267],[2.91514752]
[3.2947261],[1.02268338],[2.88122972]
[3.30295683],[1.00521222],[2.8565895]
[3.29015817],[0.98648679],[2.79893422]
[3.26766769],[0.96524365],[2.72119669]
[3.24989331],[0.95983098],[2.67508889]
[3.23588722],[0.95082331],[2.66252125]
[3.21465159],[0.94136912],[2.63531654]
[3.18242099],[0.93775648],[2.59173423]
[3.16362622],[0.93398904],[2.58165045]
[3.14585956],[0.92988253],[2.55433481]
[3.1189719],[0.92062203],[2.49356436]
[3.11022754],[0.9219645],[2.44838279]
[3.10142328],[0.91388832],[2.36627262]
[8.53152609],[0.98874355],[5.82076712]
[5.78677773],[0.57499553],[1.83719964]
[4.57739648],[0.32187412],[0.93349432]
[3.03782987],[0.27419104],[0.53017932]
[2.56066355],[0.6058463],[0.96477174]
[2.78556673],[0.73569075],[1.30154686]
[2.67634021],[0.80185282],[1.82472146]
[2.65861357],[0.86744418],[2.02589286]
[2.63550993],[0.93816003],[2.20811941]
[2.67047512],[1.0236141],[2.4092149]
[2.76473964],[1.18954199],[2.78470742]
[2.93226317],[1.2388016],[3.066132]
[3.00479624],[1.25802496],[3.18835201]
[3.04821675],[1.21649306],[3.25611358]
[3.06135638],[1.23768324],[3.26732775]
[3.10108896],[1.19007284],[3.27665624]
[3.10786991],[1.23664484],[3.29237124]
[3.13175746],[1.19632549],[3.29053342]
[3.13170371],[1.24248767],[3.30945248]
[3.15546998],[1.20221411],[3.3084718]
[3.1523796],[1.24820943],[3.33005108]
[3.17191604],[1.20826927],[3.31690871]
[3.16836402],[1.25329634],[3.34035294]
[3.2169238],[1.21455029],[3.34662237]
[3.17329023],[1.25784278],[3.3425896]
[3.22892795],[1.21094417],[3.34174689]
[3.18066082],[1.25045854],[3.33097899]
[3.24844549],[1.19835565],[3.33501453]
[3.19493072],[1.23285696],[3.30788214]
[3.26505158],[1.1733344],[3.30729712]
[3.21395396],[1.21058054],[3.29077036]
[3.28141756],[1.15971076],[3.28193805]
[3.2603821],[1.17069383],[3.28184707]
[3.30396523],[1.15298492],[3.28335256]
[3.27773483],[1.16081532],[3.27048674]
[3.31668154],[1.14207242],[3.28142934]
[3.28325429],[1.13648382],[3.2341581]
[3.28350771],[1.13087022],[3.21288117]
[3.27936816],[1.12122888],[3.1880246]
[3.28168483],[1.11828201],[3.17279128]
[3.28990449],[1.11158409],[3.16323193]
[3.29318668],[1.10368314],[3.1377417]
[3.29480123],[1.0869088],[3.08927598]
[3.30320299],[1.06541417],[3.05683759]
[3.28827039],[1.04196106],[3.01330938]
[3.26769979],[1.01589611],[2.93756426]
[3.25601602],[0.99992386],[2.86538316]
[3.24793898],[0.98588844],[2.8121804]
[3.23339648],[0.97605967],[2.77795053]
[3.22200831],[0.96859265],[2.75629664]
[3.2172286],[0.96191462],[2.76286145]
[3.20618568],[0.95675603],[2.75392368]
[3.18080722],[0.94795398],[2.71761875]
[3.18270654],[0.9494051],[2.68282861]
[3.18369043],[0.94538567],[2.6101503]
[8.5913348],[1.18244771],[6.46995424]
[6.66535985],[0.90741459],[3.70301144]
[5.38714249],[0.52923065],[1.75466449]
[3.81620259],[0.3607989],[0.9597414]
[2.66066948],[0.62186657],[1.2675632]
[2.85476327],[0.79000688],[1.50364877]
[2.77765659],[0.92554275],[2.21421462]
[2.7393222],[0.97062161],[2.35212915]
[2.70323512],[1.05307015],[2.51917228]
[2.69640866],[1.106238],[2.69592031]
[2.69387804],[1.26582605],[2.95849694]
[2.93364383],[1.30504956],[3.26794296]
[3.01285734],[1.32636875],[3.40509848]
[3.0729457],[1.28111904],[3.4904526]
[3.08557403],[1.30179088],[3.49156187]
[3.13871246],[1.25343457],[3.49083442]
[3.14195694],[1.29467167],[3.499949]
[3.17040559],[1.25936062],[3.49938571]
[3.1658711],[1.29901456],[3.50441467]
[3.19477994],[1.26415317],[3.51447754]
[3.18832074],[1.30398216],[3.5231106]
[3.21142704],[1.27068277],[3.5210748]
[3.20213152],[1.30899942],[3.52579055]
[3.22815782],[1.27528402],[3.52803615]
[3.20356307],[1.30868977],[3.51704424]
[3.2399981],[1.26729809],[3.51323641]
[3.20369894],[1.30205479],[3.49360561]
[3.26028651],[1.25679564],[3.50254497]
[3.20453289],[1.28635356],[3.46356967]
[3.27909307],[1.23231919],[3.47743394]
[3.2229577],[1.26575487],[3.45284702]
[3.29975799],[1.20573035],[3.45846157]
[3.27510014],[1.22065769],[3.46189988]
[3.32477517],[1.18355399],[3.46503387]
[3.29272595],[1.19667143],[3.45327964]
[3.32727861],[1.18260713],[3.45353142]
[3.28746137],[1.17044143],[3.40484334]
[3.28722611],[1.16600964],[3.38045477]
[3.28198631],[1.15658176],[3.35098176]
[3.2821928],[1.15404031],[3.33369965]
[3.28525761],[1.14793962],[3.31943722]
[3.28570578],[1.13957297],[3.29130184]
[3.28073918],[1.12345248],[3.23873046]
[3.28281702],[1.10249889],[3.20157221]
[3.26298261],[1.07993081],[3.15045382]
[3.23312253],[1.05147924],[3.05785953]
[3.21248782],[1.03160089],[2.97491497]
[3.20290844],[1.00733259],[2.90053929]
[3.19447592],[0.98479563],[2.83743817]
[3.19417218],[0.97590629],[2.77976358]
[3.19664412],[0.96930187],[2.79252519]
[3.2032102],[0.9640582],[2.80519094]
[3.20835444],[0.95473883],[2.80508222]
[3.22718298],[0.95477651],[2.7933383]
[3.23180267],[0.95292837],[2.77668426]
[8.83666562],[1.27485777],[7.05226023]
[6.84334473],[1.06931457],[4.34439018]
[5.76644478],[0.86559562],[2.73142862]
[4.41370164],[0.51358171],[1.40902753]
[2.65424654],[0.59724631],[1.47867548]
[2.90418244],[0.8336188],[1.76484717]
[2.85274605],[1.00862679],[2.39304124]
[2.79822854],[1.04168067],[2.54155082]
[2.75270516],[1.12860197],[2.70688497]
[2.72734224],[1.18858171],[2.91488421]
[2.6942475],[1.3259439],[3.12987318]
[2.89665789],[1.35769092],[3.43793358]
[3.01467475],[1.37546954],[3.59779704]
[3.09463443],[1.33779896],[3.68623807]
[3.1242065],[1.35513325],[3.68973475]
[3.18816601],[1.31489026],[3.68705301]
[3.19349696],[1.34943929],[3.68241354]
[3.22039826],[1.32166314],[3.67495807]
[3.21666785],[1.35409283],[3.67272049]
[3.24494437],[1.32775353],[3.69160656]
[3.23879552],[1.35930513],[3.69593891]
[3.25791583],[1.33445258],[3.70270235]
[3.24622426],[1.36368051],[3.70020037]
[3.25801776],[1.33800575],[3.70278088]
[3.24424697],[1.36358352],[3.69330901]
[3.26751479],[1.3331584],[3.6925592]
[3.24289608],[1.35859995],[3.68100296]
[3.29149384],[1.32571944],[3.69561642]
[3.2443902],[1.3469393],[3.65814549]
[3.31363112],[1.30658977],[3.67491987]
[3.24973044],[1.33216193],[3.64311966]
[3.33757154],[1.2859795],[3.65772941]
[3.3075614],[1.29762038],[3.66321643]
[3.39535918],[1.26452594],[3.67274509]
[3.32423042],[1.27713707],[3.65502292]
[3.38577156],[1.26651345],[3.65847953]
[3.32021224],[1.25573626],[3.61134145]
[3.31908393],[1.24531903],[3.58670402]
[3.31412204],[1.23316387],[3.56210977]
[3.3138912],[1.22135426],[3.54772917]
[3.31844209],[1.20871698],[3.53577407]
[3.31910619],[1.1902085],[3.51323058]
[3.31520685],[1.1772692],[3.46636014]
[3.31809932],[1.15935213],[3.42935442]
[3.29763282],[1.13973585],[3.38371038]
[3.26412566],[1.11348816],[3.30482389]
[3.24657472],[1.09789608],[3.2202434]
[3.23175127],[1.07851928],[3.13913317]
[3.22717493],[1.06086162],[3.06215724]
[3.23764638],[1.03788764],[2.98018718]
[3.24763207],[1.01402194],[2.93819011]
[3.25011907],[1.00240995],[2.88949984]
[3.24825506],[0.98486029],[2.87929322]
[3.26803446],[0.98430653],[2.8686245]
[3.28526474],[0.97930831],[2.87270664]
[8.94616053],[1.41602142],[7.84215978]
[6.9264561],[1.14085428],[4.88390338]
[5.91127192],[1.01949558],[3.25610252]
[4.59795074],[0.80705112],[1.91028634]
[3.02323431],[0.54481555],[1.65780948]
[2.81176744],[0.85314634],[1.84477642]
[2.878259],[1.02865786],[2.48316822]
[2.80426698],[1.0822528],[2.62852366]
[2.75080597],[1.17715326],[2.79009063]
[2.72299124],[1.23117724],[2.97248228]
[2.69500927],[1.35551396],[3.24471853]
[2.97968799],[1.39162675],[3.5804684]
[3.07312976],[1.40466559],[3.73221794]
[3.14929919],[1.37221573],[3.83508452]
[3.17016556],[1.38516817],[3.8249428]
[3.23099641],[1.34691489],[3.81786251]
[3.23815389],[1.37397475],[3.80120538]
[3.26643498],[1.35168784],[3.79834074]
[3.26472402],[1.37532539],[3.78572082]
[3.29171803],[1.35582684],[3.81531819]
[3.28921185],[1.37833989],[3.80909703]
[3.30573874],[1.35939091],[3.82554872]
[3.29657673],[1.38064177],[3.8110315]
[3.30550791],[1.36051558],[3.82731193]
[3.2961834],[1.37812726],[3.80496863]
[3.30422256],[1.35195818],[3.80661944]
[3.29592818],[1.37075304],[3.79160033]
[3.32669734],[1.34270277],[3.81355576]
[3.29827905],[1.3601048],[3.76707674]
[3.37741402],[1.32786929],[3.79701015]
[3.30445888],[1.34787448],[3.75253909]
[3.4382788],[1.3129035],[3.79301302]
[3.34067169],[1.32137016],[3.76590041]
[3.49245428],[1.29674066],[3.80357791]
[3.35354383],[1.30787503],[3.75591181]
[3.47230094],[1.29862576],[3.77484828]
[3.35172268],[1.28870371],[3.70486135]
[3.35212407],[1.27849769],[3.67761078]
[3.34833446],[1.26733179],[3.64856969]
[3.34848842],[1.25649709],[3.63062383]
[3.35279577],[1.24564916],[3.61700161]
[3.35447987],[1.2253239],[3.58687589]
[3.35437658],[1.19598277],[3.53882648]
[3.35907497],[1.17761417],[3.50592657]
[3.34051208],[1.15756974],[3.44072198]
[3.30900309],[1.13286975],[3.34667794]
[3.29707202],[1.11815092],[3.28016391]
[3.29411655],[1.09864049],[3.21967543]
[3.29142121],[1.07916287],[3.14988896]
[3.29006134],[1.05758091],[3.05377219]
[3.29881149],[1.03664024],[2.99459562]
[3.3105522],[1.01442611],[2.93430527]
[3.31302591],[0.99376754],[2.87636835]
[3.32648797],[1.00055151],[2.8566251]
[3.33462583],[0.98492264],[2.85547316]
[8.99417071],[1.52694841],[8.61022985]
[6.98912293],[1.19132385],[5.40706392]
[6.01203261],[1.04622391],[3.73610641]
[4.7559025],[0.83142566],[2.40759143]
[3.30382131],[0.59204944],[1.58092726]
[2.60074842],[0.82076304],[1.82856361]
[2.79079577],[1.02836729],[2.32877666]
[2.79517227],[1.12149969],[2.6571919]
[2.7317872],[1.19438401],[2.83628058]
[2.70675144],[1.24522006],[3.03881484]
[2.77265347],[1.35924529],[3.36676017]
[3.08389455],[1.40651088],[3.73659683]
[3.15866231],[1.41414958],[3.88296603]
[3.23243377],[1.38444167],[4.00293362]
[3.24994756],[1.39356985],[3.98475629]
[3.29920549],[1.35445008],[3.97445341]
[3.30270243],[1.37747513],[3.94625545]
[3.32259272],[1.35229665],[3.9412314]
[3.31493586],[1.37895436],[3.92620812]
[3.33410686],[1.35410451],[3.95345443]
[3.33077401],[1.38072981],[3.94677154]
[3.35736318],[1.35685245],[3.95959601]
[3.33742461],[1.38273022],[3.94817398]
[3.37265361],[1.35881946],[3.96593167]
[3.33553905],[1.38107492],[3.94194538]
[3.36844256],[1.35005247],[3.94332255]
[3.33325386],[1.37243906],[3.92424365]
[3.44470438],[1.33796363],[3.96520129]
[3.33479332],[1.36103495],[3.89930314]
[3.51461021],[1.32312859],[3.96009751]
[3.33997423],[1.34698421],[3.88127209]
[3.57099183],[1.30661924],[3.94859839]
[3.48297184],[1.31727552],[3.91285962]
[3.60355236],[1.28940028],[3.93969294]
[3.4999412],[1.30082048],[3.89210197]
[3.58936706],[1.29167082],[3.87960634]
[3.49195915],[1.28308664],[3.81048143]
[3.48022695],[1.27523474],[3.76712171]
[3.46204909],[1.26604305],[3.71442542]
[3.45986838],[1.25710578],[3.68225788]
[3.47341968],[1.2451925],[3.65686318]
[3.47385209],[1.22761119],[3.60571895]
[3.45884028],[1.19662603],[3.52372379]
[3.47152556],[1.17899951],[3.46776383]
[3.40968253],[1.15850669],[3.3639021]
[3.35788175],[1.13383032],[3.24189249]
[3.34545765],[1.11241606],[3.17110616]
[3.34216477],[1.08977577],[3.11516073]
[3.33989483],[1.06827388],[3.05623555]
[3.33984163],[1.04612768],[2.99382914]
[3.34541136],[1.02419755],[2.94955793]
[3.34947521],[1.0017785],[2.89732915]
[3.34744911],[0.97250341],[2.83180808]
[3.35227175],[0.96299418],[2.78080596]
[3.35883088],[0.95041309],[2.74095979]
[9.03106639],[1.49050366],[8.96803021]
[7.07467238],[1.24185873],[5.6492147]
[5.95792923],[1.02074216],[3.99535679]
[4.78882936],[0.88009677],[2.72658883]
[3.39411664],[0.7329612],[1.7873293]
[2.5026623],[0.83456187],[2.00673118]
[2.7656446],[0.99733026],[2.19803116]
[2.76872536],[1.09544333],[2.61231577]
[2.71262769],[1.1763665],[2.84020495]
[2.701814],[1.2402603],[3.04244979]
[2.8722027],[1.35455462],[3.36264976]
[3.1503152],[1.41199009],[3.77889211]
[3.22081576],[1.41466396],[3.97603886]
[3.28356735],[1.38433974],[4.07975972]
[3.2889778],[1.39011034],[4.04822984]
[3.33137166],[1.34823676],[4.02570895]
[3.32830513],[1.36470552],[3.97642178]
[3.34622057],[1.33419847],[3.92676262]
[3.33639722],[1.36248568],[3.90184594]
[3.39893403],[1.34011406],[3.90951901]
[3.34872936],[1.36202223],[3.90450877]
[3.45809224],[1.34165878],[3.90393119]
[3.39199773],[1.35961656],[3.88531026]
[3.51745754],[1.34352153],[3.90733531]
[3.39469002],[1.35285382],[3.85188673]
[3.53492067],[1.3381175],[3.86064045]
[3.41711926],[1.33881129],[3.8041957]
[3.57080111],[1.33359093],[3.8167184]
[3.4516857],[1.32691485],[3.72233404]
[3.59354901],[1.32296327],[3.73126071]
[3.50725756],[1.31833606],[3.70874481]
[3.64174696],[1.31219826],[3.72908588]
[3.55956441],[1.30403288],[3.68975042]
[3.66296831],[1.30118482],[3.72912005]
[3.54698315],[1.29515719],[3.6585028]
[3.65582283],[1.28773243],[3.69750815]
[3.55023547],[1.28005361],[3.620181]
[3.5430399],[1.268888],[3.59771664]
[3.52556556],[1.25657779],[3.56118333]
[3.52860654],[1.24478468],[3.53997356]
[3.54828594],[1.23029717],[3.52548717]
[3.5447127],[1.1986157],[3.48169161]
[3.52781529],[1.17891146],[3.41451971]
[3.53413428],[1.16257989],[3.36434681]
[3.48133149],[1.14055386],[3.2737106]
[3.37642779],[1.11241273],[3.16894565]
[3.37165693],[1.09044204],[3.10466291]
[3.3671614],[1.0659273],[3.04754269]
[3.36374419],[1.04015151],[2.99149928]
[3.35945134],[1.0298829],[2.92902442]
[3.35738961],[1.02182384],[2.87688927]
[3.36028531],[1.01274548],[2.82371914]
[3.36144812],[1.00153483],[2.75763964]
[3.3624554],[0.99181907],[2.7073984]
[3.36297785],[0.98018587],[2.64949974]
[9.32455553],[1.52653773],[9.38413732]
[7.21587698],[1.31306296],[6.01035924]
[5.98863913],[1.06101622],[4.23113152]
[4.84520682],[0.93060367],[2.92720077]
[3.50098992],[0.805675],[2.00255634]
[2.52939875],[0.88447836],[2.25401799]
[2.79264354],[1.01395607],[2.57665592]
[2.77120456],[1.138044],[2.73770787]
[2.72277623],[1.21032878],[2.97255502]
[2.77415184],[1.29608935],[3.20256389]
[2.97053849],[1.38144575],[3.52414202]
[3.2104403],[1.43816781],[3.91493951]
[3.26216032],[1.43857669],[4.08358722]
[3.31530137],[1.41453374],[4.19014472]
[3.31495757],[1.41721414],[4.15097813]
[3.35185737],[1.38242457],[4.13098444]
[3.34725717],[1.39505041],[4.08129837]
[3.39149336],[1.36826169],[4.0640446]
[3.3518251],[1.39307375],[4.03691777]
[3.50265191],[1.37207555],[4.07429906]
[3.409266],[1.39236125],[4.04563717]
[3.60019703],[1.37257872],[4.08382648]
[3.51621584],[1.38692797],[4.05446434]
[3.64320717],[1.37193161],[4.0794832]
[3.55132802],[1.3814712],[4.03766705]
[3.65130365],[1.36491877],[4.03258269]
[3.57744508],[1.36691569],[3.99129488]
[3.68111969],[1.36041984],[3.98654333]
[3.59950422],[1.35466004],[3.91218798]
[3.71874469],[1.349882],[3.91561194]
[3.63782459],[1.34494048],[3.87550835]
[3.75092963],[1.33884969],[3.88912012]
[3.69269203],[1.33120147],[3.84871757]
[3.76783685],[1.32894087],[3.88149127]
[3.70985179],[1.32321923],[3.82794985]
[3.76412091],[1.31636804],[3.84160954]
[3.71070687],[1.31057026],[3.78276127]
[3.69912105],[1.30552964],[3.75819713]
[3.68897552],[1.29860796],[3.71966092]
[3.69085446],[1.2926029],[3.69980298]
[3.70091875],[1.28295975],[3.69353964]
[3.70069885],[1.25399431],[3.64983328]
[3.68022396],[1.22194939],[3.57510786]
[3.68559015],[1.19304754],[3.51906075]
[3.61633859],[1.17248186],[3.41542305]
[3.48049267],[1.14403119],[3.28102839]
[3.39088488],[1.12209246],[3.1946473]
[3.38698381],[1.09797119],[3.13727228]
[3.3854033],[1.07335075],[3.0784662]
[3.38365005],[1.04651126],[3.01663074]
[3.38198746],[1.03695469],[2.96384962]
[3.382939],[1.02794127],[2.9081953]
[3.38463281],[1.01731999],[2.84482422]
[3.38665078],[1.00832861],[2.80511078]
[3.37865033],[0.99862147],[2.75353101]
[9.36512612],[1.5572293],[9.66885613]
[7.22641262],[1.36631754],[6.2035812]
[6.08942763],[1.15961868],[4.39332857]
[4.86660376],[0.96807802],[3.01502793]
[3.51243986],[0.84528213],[2.08592529]
[2.58475636],[0.89791175],[2.41871516]
[2.87789584],[1.02666214],[2.69085947]
[2.77859139],[1.1545081],[2.8063113]
[2.73536457],[1.25275356],[3.05232824]
[2.88382427],[1.32995891],[3.31250898]
[3.07553037],[1.39622878],[3.62617992]
[3.25839185],[1.4523965],[3.95975241]
[3.29771782],[1.45376664],[4.15172956]
[3.34391086],[1.43048213],[4.24963572]
[3.34128354],[1.43188071],[4.20705286]
[3.37384846],[1.39741069],[4.18402574]
[3.36470969],[1.40739799],[4.12938734]
[3.53046774],[1.39000902],[4.13694906]
[3.43884336],[1.40456486],[4.06767751]
[3.62985866],[1.39520129],[4.12930339]
[3.57921222],[1.40385557],[4.11229207]
[3.70361203],[1.39565173],[4.12626658]
[3.6541461],[1.39824238],[4.10845131]
[3.73567554],[1.39434111],[4.12002577]
[3.67615953],[1.39182885],[4.08290796]
[3.73884428],[1.38785254],[4.07003312]
[3.6897474],[1.38409767],[4.02703972]
[3.77995732],[1.38107183],[4.0188141]
[3.70606176],[1.37341746],[3.92961685]
[3.80641381],[1.3679752],[3.92538968]
[3.73419705],[1.36250199],[3.88556269]
[3.82829344],[1.35594419],[3.88752613]
[3.80124212],[1.34786503],[3.86366753]
[3.84193188],[1.3456166],[3.87709848]
[3.81316268],[1.34008275],[3.83953917]
[3.8411738],[1.33341542],[3.84749835]
[3.81382513],[1.32783209],[3.79606769]
[3.79944026],[1.32310695],[3.77607593]
[3.79291213],[1.31602358],[3.74088383]
[3.79450782],[1.30925618],[3.72009396]
[3.80298211],[1.30055827],[3.70615546]
[3.80542921],[1.27599601],[3.66513051]
[3.79391348],[1.2486927],[3.59317864]
[3.79821224],[1.21766598],[3.53186105]
[3.75863225],[1.18155677],[3.44093664]
[3.63644088],[1.14670509],[3.30698749]
[3.50270998],[1.12350885],[3.20193854]
[3.42543732],[1.0973817],[3.1327613]
[3.40285372],[1.07117582],[3.07342515]
[3.40341858],[1.05561963],[3.00937955]
[3.40451612],[1.04742883],[2.96013599]
[3.40836088],[1.03836425],[2.90589231]
[3.41126401],[1.02754703],[2.84513456]
[3.41295369],[1.01820659],[2.80143031]
[3.40928554],[1.00932414],[2.7487997]
[9.42634832],[1.57833637],[9.87314774]
[7.25570987],[1.38568262],[6.33998692]
[6.1728029],[1.1851062],[4.51730975]
[4.92687675],[0.97085726],[3.09577092]
[3.54941049],[0.85972979],[2.11660233]
[2.6592288],[0.91195712],[2.53006777]
[2.87884265],[1.04586338],[2.77073699]
[2.77980498],[1.18080185],[2.90518912]
[2.78973356],[1.28521921],[3.15364127]
[3.00435896],[1.35644747],[3.45477817]
[3.14688768],[1.41229492],[3.72813469]
[3.29754099],[1.46685358],[4.02998397]
[3.33066468],[1.46703616],[4.22554503]
[3.36716186],[1.44483335],[4.31572583]
[3.36043936],[1.44459626],[4.26918904]
[3.53220607],[1.41232841],[4.29961495]
[3.50188061],[1.42113412],[4.232424]
[3.65764702],[1.41498576],[4.23228421]
[3.60390764],[1.41681523],[4.16561385]
[3.72992696],[1.41902191],[4.19448486]
[3.70444709],[1.42026743],[4.18029033]
[3.78684559],[1.41999041],[4.18437744]
[3.75945391],[1.41922208],[4.17592519]
[3.81616655],[1.41760269],[4.18097031]
[3.77210335],[1.41458026],[4.14162628]
[3.82983964],[1.41054452],[4.14408821]
[3.77944087],[1.40712221],[4.06841752]
[3.85477543],[1.40420866],[4.09374086]
[3.79042429],[1.39629825],[3.98209555]
[3.87234302],[1.39009135],[3.99041657]
[3.8118541],[1.38373202],[3.93315734]
[3.88765019],[1.37644731],[3.93707111]
[3.87758241],[1.36672528],[3.90499761]
[3.89847972],[1.36530733],[3.91075429]
[3.88551037],[1.36002882],[3.87848327]
[3.89889026],[1.35334232],[3.87837338]
[3.88697683],[1.34752887],[3.8324963]
[3.87459705],[1.3422412],[3.80758095]
[3.87073569],[1.33462145],[3.77288429]
[3.87190637],[1.32796577],[3.75128598]
[3.87785739],[1.31952345],[3.73557216]
[3.88165831],[1.29530434],[3.69670121]
[3.87420168],[1.26665116],[3.63338003]
[3.87789878],[1.23845605],[3.58198752]
[3.85732887],[1.21063098],[3.5033296]
[3.78486511],[1.1761753],[3.38338249]
[3.68920594],[1.13416522],[3.26969084]
[3.55091187],[1.1052786],[3.16672156]
[3.46078541],[1.08440096],[3.09597789]
[3.42267857],[1.0681024],[3.03338692]
[3.41552112],[1.05807104],[2.97873127]
[3.41881287],[1.04973843],[2.92557103]
[3.42346792],[1.03937579],[2.86412241]
[3.4267195],[1.03005436],[2.81786841]
[3.43064715],[1.02110577],[2.76594162]
[9.4811071],[1.57218961],[10.00259143]
[7.29371721],[1.38423112],[6.41615335]
[6.20634021],[1.19733663],[4.58088366]
[4.93816298],[0.97507138],[3.13295569]
[3.53742372],[0.85486517],[2.35891071]
[2.76068425],[0.93619286],[2.62059637]
[2.87052718],[1.07257689],[2.85639387]
[2.75992981],[1.21197455],[2.99061045]
[2.90916252],[1.31163508],[3.2763031]
[3.0986258],[1.38041839],[3.5942492]
[3.21048634],[1.43193832],[3.83159932]
[3.32612502],[1.48090576],[4.10011212]
[3.35185424],[1.47724992],[4.2869299]
[3.42733767],[1.4560335],[4.39007452]
[3.41194037],[1.45395905],[4.33738529]
[3.66747974],[1.43272264],[4.39590767]
[3.65616892],[1.43118147],[4.32401114]
[3.75826562],[1.43254526],[4.27799214]
[3.7279742],[1.43438607],[4.20981282]
[3.81299947],[1.43705511],[4.21744003]
[3.80270163],[1.43855319],[4.20567192]
[3.85693359],[1.43886966],[4.20224358]
[3.84033465],[1.43744281],[4.18118889]
[3.88163492],[1.43616595],[4.22113278]
[3.84783175],[1.43391646],[4.16221621]
[3.88911724],[1.43136393],[4.18045434]
[3.85006294],[1.42856156],[4.10854259]
[3.90538441],[1.42472157],[4.11773892]
[3.85750097],[1.41715732],[4.01884021]
[3.91393659],[1.41081151],[4.01535315]
[3.87498265],[1.40382878],[3.98345387]
[3.92741094],[1.39715001],[3.97147491]
[3.94310839],[1.38568531],[3.95356951]
[3.93780072],[1.38383946],[3.94281366]
[3.9406943],[1.37701801],[3.90589901]
[3.93924258],[1.36970886],[3.89866897]
[3.93616088],[1.36365668],[3.84739277]
[3.92374499],[1.35737726],[3.82203292]
[3.92047555],[1.34958256],[3.79296665]
[3.92172776],[1.34288093],[3.77695633]
[3.92658073],[1.33508043],[3.7612038]
[3.93048259],[1.31119368],[3.72745617]
[3.9243945],[1.28241294],[3.66935931]
[3.92519567],[1.25342175],[3.61244926]
[3.91072813],[1.22570325],[3.54034186]
[3.85961815],[1.19458676],[3.43710455]
[3.79249917],[1.16383128],[3.33544427]
[3.70408198],[1.12026171],[3.22383946]
[3.59039359],[1.09591624],[3.12090629]
[3.48398972],[1.08079542],[3.03712417]
[3.45644015],[1.06829897],[2.97486264]
[3.4242258],[1.06049187],[2.91617112]
[3.41301846],[1.05107045],[2.84929595]
[3.41743685],[1.04144489],[2.7993748]
[3.42462151],[1.03264023],[2.7459962]
[9.59857918],[1.58628454],[10.17791607]
[7.41040134],[1.39594614],[6.56881765]
[6.32403661],[1.21295501],[4.72008158]
[5.0888569],[0.98564042],[3.24417327]
[3.59874611],[0.85435031],[2.5752562]
[2.76936745],[0.94968029],[2.73100563]
[2.88843844],[1.13357079],[3.02224818]
[2.77435948],[1.26535136],[3.13036288]
[3.00968563],[1.35078365],[3.4323058]
[3.18223565],[1.41695767],[3.75745914]
[3.26801456],[1.46487838],[4.01818271]
[3.35536303],[1.51183377],[4.25550068]
[3.37467776],[1.50430686],[4.40455784]
[3.57647539],[1.48938043],[4.55506564]
[3.58016414],[1.4795646],[4.51338173]
[3.75805842],[1.46247815],[4.53570849]
[3.75679118],[1.46141445],[4.47203305]
[3.82734557],[1.46274946],[4.4646414]
[3.81103833],[1.46434775],[4.39457262]
[3.86943154],[1.46626801],[4.40075163]
[3.86924258],[1.46766338],[4.38854424]
[3.91083797],[1.46798842],[4.41020157]
[3.89659653],[1.46612394],[4.39464236]
[3.93249804],[1.46494363],[4.42745542]
[3.90157344],[1.46327178],[4.38759908]
[3.93593666],[1.46044634],[4.39024373]
[3.90170264],[1.45686127],[4.32199572]
[3.95360878],[1.45211051],[4.32966676]
[3.92374077],[1.44474121],[4.19909323]
[3.97073516],[1.43825893],[4.20710543]
[3.9610165],[1.43128864],[4.15707929]
[4.00303664],[1.42411713],[4.12808647]
[4.05769892],[1.41312474],[4.12523155]
[4.01668669],[1.41086901],[4.09646493]
[4.04206069],[1.40409237],[4.06959206]
[4.00639889],[1.39619185],[4.04829468]
[4.02641299],[1.38864105],[4.00513455]
[3.99041682],[1.38187556],[3.96625411]
[3.98025257],[1.37392141],[3.93170642]
[3.97627964],[1.36746647],[3.90782711]
[3.97507394],[1.35989613],[3.88626015]
[3.97454098],[1.33855148],[3.85022087]
[3.96967761],[1.31204657],[3.78968284]
[3.97008448],[1.2860587],[3.72580418]
[3.96163444],[1.25953546],[3.65606649]
[3.92779302],[1.228817],[3.56223728]
[3.88292547],[1.19913332],[3.46811317]
[3.82683719],[1.16770156],[3.36916204]
[3.74217543],[1.13482335],[3.25988792]
[3.62887307],[1.10141016],[3.14695599]
[3.51894983],[1.08693326],[3.06264401]
[3.48743113],[1.07137499],[2.99692769]
[3.4489669],[1.06255303],[2.92914854]
[3.43312918],[1.05408947],[2.88245721]
[3.44426027],[1.04444412],[2.82847934]
[9.59086396],[1.60917807],[10.32893648]
[7.41347562],[1.41699848],[6.66053952]
[6.2944497],[1.26023639],[4.74928452]
[4.9976204],[1.02270583],[3.19142598]
[3.50702359],[0.85525895],[2.54872096]
[2.773392],[0.96118415],[2.74071626]
[2.8950518],[1.17852421],[3.11498318]
[2.78371021],[1.30421421],[3.23559216]
[3.09336795],[1.3831107],[3.56924432]
[3.24282269],[1.44785038],[3.89662013]
[3.30847719],[1.49479811],[4.139612]
[3.4000953],[1.53677871],[4.38422502]
[3.45891731],[1.52714193],[4.53657602]
[3.68732965],[1.51771629],[4.69383395]
[3.70220894],[1.50345798],[4.66055803]
[3.82945747],[1.49148321],[4.67494318]
[3.84005909],[1.4854609],[4.61544308]
[3.88575252],[1.48576977],[4.61239858]
[3.88111576],[1.48727357],[4.55877192]
[3.91828675],[1.48917205],[4.53238625]
[3.92654246],[1.49062362],[4.51789892]
[3.96439102],[1.49324548],[4.5217829]
[3.97172082],[1.49473574],[4.53413075]
[4.00434774],[1.49720227],[4.58732767]
[4.0118984],[1.49947437],[4.59921673]
[4.03304269],[1.50031915],[4.62054192]
[4.04926117],[1.50025665],[4.60966179]
[4.07049449],[1.49777808],[4.62785604]
[4.10251765],[1.48953517],[4.56561284]
[4.13396138],[1.48024784],[4.56482034]
[4.17850527],[1.46896113],[4.52409192]
[4.21634653],[1.45809389],[4.48688267]
[4.29901362],[1.44290073],[4.46067731]
[4.24905479],[1.43739625],[4.39577514]
[4.27543069],[1.4273034],[4.33280076]
[4.19318729],[1.41654205],[4.25844709]
[4.22178162],[1.40880208],[4.20021463]
[4.14062242],[1.40149802],[4.12498344]
[4.09853695],[1.39330239],[4.07431084]
[4.08436359],[1.38575761],[4.03912402]
[4.0718118],[1.37740297],[4.00952215]
[4.06416742],[1.35590294],[3.96635233]
[4.05464791],[1.32956958],[3.89985576]
[4.05066022],[1.30421321],[3.82950003]
[4.0406309],[1.27843475],[3.73659711]
[3.99575941],[1.24836767],[3.64125752]
[3.94852419],[1.21826825],[3.54622309]
[3.91192428],[1.18685007],[3.45132706]
[3.86067215],[1.15470187],[3.34750519]
[3.76985768],[1.11786745],[3.22306307]
[3.69686556],[1.10040571],[3.13166648]
[3.60399866],[1.08471186],[3.03898087]
[3.51946188],[1.07121139],[2.9500843]
[3.48980943],[1.06254114],[2.89127017]
[3.47140871],[1.05338574],[2.82769352]
[9.64259398],[1.63214745],[10.35871724]
[7.50835724],[1.42498022],[6.6971431]
[6.33401515],[1.27515183],[4.67232156]
[4.87174841],[1.02764723],[3.04696838]
[3.35291141],[0.84348847],[2.48435584]
[2.74380812],[0.97713282],[2.64659794]
[2.86960079],[1.22238422],[3.15106738]
[2.8657661],[1.34024413],[3.35126825]
[3.1455023],[1.4118984],[3.68654734]
[3.29095281],[1.4759717],[4.01078409]
[3.34101964],[1.52049757],[4.24360804]
[3.52567811],[1.55581542],[4.52488514]
[3.6063246],[1.54279976],[4.67272783]
[3.77680065],[1.53694771],[4.81490744]
[3.80123395],[1.52802304],[4.79522136]
[3.89409521],[1.52546012],[4.81179734]
[3.91700241],[1.52304393],[4.7922438]
[3.96221207],[1.52518154],[4.80542309]
[3.99729362],[1.52865143],[4.80765498]
[4.0371465],[1.53230783],[4.82208924]
[4.09840471],[1.53584557],[4.86221706]
[4.14409155],[1.53928012],[4.87475624]
[4.19954878],[1.54168121],[4.91565698]
[4.23579263],[1.5437356],[4.93411026]
[4.26194324],[1.54550433],[4.94960425]
[4.28481354],[1.54518308],[4.94541683]
[4.30239854],[1.5448203],[4.95000594]
[4.34289786],[1.54194157],[4.97687395]
[4.3531212],[1.53416486],[4.93869209]
[4.39127589],[1.52546875],[4.94267421]
[4.40202121],[1.51470037],[4.91564587]
[4.44089009],[1.50424464],[4.88990991]
[4.48302203],[1.48855859],[4.87857308]
[4.47532953],[1.48241721],[4.8046156]
[4.47901072],[1.47113255],[4.74970704]
[4.44288464],[1.45953227],[4.66208039]
[4.44409292],[1.44835363],[4.60036008]
[4.41043893],[1.43740023],[4.50431624]
[4.37504106],[1.42559733],[4.42572976]
[4.35526627],[1.41498901],[4.36163498]
[4.33414804],[1.40402465],[4.29953801]
[4.31650809],[1.37913567],[4.22607369]
[4.28615426],[1.35019604],[4.12964238]
[4.26284052],[1.32094955],[4.03311423]
[4.22671057],[1.29307612],[3.91153234]
[4.14949399],[1.26306398],[3.75411987]
[4.05368347],[1.23386506],[3.62362447]
[3.97505194],[1.20360128],[3.51324101]
[3.93142589],[1.17070244],[3.40927652]
[3.87264605],[1.13446505],[3.28752376]
[3.82704622],[1.10705357],[3.18587398]
[3.77387922],[1.09428105],[3.0917731]
[3.69010396],[1.07933803],[2.97840409]
[3.58946104],[1.07095502],[2.88597948]
[3.53588501],[1.06193407],[2.80188395]
[9.93209971],[1.64801774],[10.59696068]
[7.77242778],[1.44134089],[6.86893618]
[6.55993154],[1.2962202],[4.76850051]
[4.94973982],[1.04137245],[3.04562964]
[3.30112102],[0.83454442],[2.53946608]
[2.75097385],[0.99608538],[2.64014483]
[2.89184068],[1.27560026],[3.26894028]
[2.99592096],[1.38308605],[3.52212038]
[3.20396879],[1.4483923],[3.83584583]
[3.37367864],[1.51078207],[4.18225154]
[3.40726239],[1.55176072],[4.4141359]
[3.64391506],[1.58104564],[4.70893793]
[3.72434327],[1.57490887],[4.8742521]
[3.87338516],[1.58406378],[5.04913371]
[3.92421528],[1.58517887],[5.08100746]
[4.01297376],[1.58377967],[5.10755039]
[4.11328788],[1.58226403],[5.13793174]
[4.15367187],[1.58379092],[5.16633621]
[4.22920007],[1.5865844],[5.1721074]
[4.27503353],[1.58981829],[5.21988988]
[4.33639062],[1.59261519],[5.24355602]
[4.38468015],[1.59377619],[5.28952321]
[4.40414327],[1.59434986],[5.30861769]
[4.44032353],[1.59533486],[5.37084953]
[4.4449901],[1.59723369],[5.3803806]
[4.47268605],[1.59657991],[5.43260192]
[4.47118535],[1.59615813],[5.4307263]
[4.51011001],[1.5934687],[5.47855253]
[4.50743577],[1.58603361],[5.44163327]
[4.55128089],[1.57765686],[5.44683783]
[4.54147473],[1.56715933],[5.40497563]
[4.60753742],[1.5576866],[5.39977562]
[4.62359699],[1.54342659],[5.38174607]
[4.67121591],[1.53856204],[5.3281598]
[4.64276012],[1.52924067],[5.27065936]
[4.64428668],[1.5189435],[5.19585854]
[4.60428393],[1.50971663],[5.13409167]
[4.60566272],[1.50072741],[5.04897993]
[4.55523698],[1.49043607],[4.96202103]
[4.54664447],[1.48140052],[4.90727288]
[4.53939095],[1.47098257],[4.85349621]
[4.53228539],[1.4486945],[4.78616727]
[4.51849183],[1.42146553],[4.68127379]
[4.50733406],[1.39305979],[4.57233665]
[4.47915923],[1.36320075],[4.41066244]
[4.43367103],[1.3288751],[4.21494016]
[4.35673223],[1.29456369],[4.0386836]
[4.24588586],[1.2573886],[3.84797366]
[4.11292493],[1.21956061],[3.67173842]
[4.00864084],[1.17696781],[3.51471854]
[3.94660762],[1.1411721],[3.38193879]
[3.89086857],[1.10650588],[3.24857743]
[3.82524031],[1.0905599],[3.12433637]
[3.76244619],[1.08000895],[3.02942047]
[3.68740017],[1.07279711],[2.93040273]
[10.04290448],[1.67665268],[10.85842131]
[7.86278089],[1.46115034],[7.03274213]
[6.66061047],[1.33091307],[4.84034644]
[4.90713883],[1.06929884],[3.00823167]
[3.21718547],[0.82266746],[2.56473114]
[2.75500432],[1.01701977],[2.63392898]
[2.90475871],[1.30819275],[3.33692658]
[3.06662217],[1.41447426],[3.63401981]
[3.24271315],[1.47804569],[3.95284052]
[3.4307187],[1.54644829],[4.32093169]
[3.45434726],[1.59533064],[4.58183339]
[3.71537443],[1.61519067],[4.91188023]
[3.81949406],[1.62142514],[5.1047295]
[3.951927],[1.62765251],[5.26944465]
[4.02474444],[1.62898203],[5.33122837]
[4.11888748],[1.62800116],[5.38691729]
[4.2577446],[1.62743177],[5.42322304]
[4.31688471],[1.62788699],[5.48825796]
[4.36270486],[1.63067534],[5.50347279]
[4.40769068],[1.63351069],[5.56876571]
[4.44376469],[1.63618542],[5.60649356]
[4.4869252],[1.63744155],[5.65823311]
[4.49580963],[1.63838665],[5.69875963]
[4.53206931],[1.63956249],[5.76082495]
[4.5312426],[1.64027773],[5.80668593]
[4.57184404],[1.6396117],[5.88199533]
[4.5543595],[1.64427004],[5.90011701]
[4.62637973],[1.64204863],[5.97372002]
[4.59543687],[1.63694325],[5.95597761]
[4.68420114],[1.62835542],[5.99144218]
[4.64699061],[1.61936978],[5.94961557]
[4.74207865],[1.61035867],[5.96741926]
[4.75146824],[1.59618961],[5.93305423]
[4.82874726],[1.59239833],[5.90763736]
[4.7980821],[1.58332484],[5.83733125]
[4.83166869],[1.57340831],[5.76679135]
[4.77728048],[1.56424464],[5.68983404]
[4.80951193],[1.55521686],[5.60653474]
[4.75036769],[1.54509753],[5.49837186]
[4.73932163],[1.53670603],[5.4286136]
[4.72772931],[1.52617043],[5.35820515]
[4.71655374],[1.50547183],[5.28355751]
[4.7015053],[1.48052553],[5.1795035]
[4.68593131],[1.45487057],[5.06506791]
[4.65099525],[1.42503197],[4.89845424]
[4.59384647],[1.38975616],[4.67492487]
[4.53605693],[1.35518098],[4.45077025]
[4.46894623],[1.31955309],[4.24154234]
[4.38434905],[1.28276372],[4.04323097]
[4.26075959],[1.24091204],[3.82192271]
[4.12402489],[1.19905027],[3.63959319]
[4.02857135],[1.14288682],[3.48163722]
[3.98059327],[1.10185192],[3.32899433]
[3.92949396],[1.08504482],[3.20006108]
[3.86415939],[1.07724072],[3.0713702]
[10.15982925],[1.72553671],[11.10983788]
[7.96775143],[1.47954535],[7.14312649]
[6.81517782],[1.34981591],[4.88201358]
[4.99328974],[1.07400232],[2.99540357]
[3.16839945],[0.80985996],[2.54380093]
[2.74192075],[1.02625508],[2.62167262]
[2.95134199],[1.32337797],[3.36601191]
[3.13391092],[1.4339485],[3.71596054]
[3.27920032],[1.5125557],[4.06056176]
[3.49397507],[1.58101364],[4.46882081]
[3.57841769],[1.62660641],[4.76634568]
[3.80850889],[1.63927483],[5.09260024]
[3.90816176],[1.65001767],[5.30867463]
[4.02414959],[1.65617656],[5.46300636]
[4.135414],[1.65798193],[5.54780173]
[4.26278355],[1.65752794],[5.60648894]
[4.38219269],[1.66541264],[5.69058468]
[4.43711959],[1.6714183],[5.76266127]
[4.46378952],[1.67817009],[5.79518407]
[4.5050083],[1.68424529],[5.85403911]
[4.52392811],[1.69234262],[5.92617273]
[4.56592156],[1.69957382],[5.96500466]
[4.56765064],[1.70740838],[6.07737877]
[4.63704029],[1.71347333],[6.15657443]
[4.60926321],[1.72089835],[6.25119586]
[4.68978611],[1.72798534],[6.31767803]
[4.6556227],[1.73586377],[6.38637545]
[4.7592089],[1.7317722],[6.44771458]
[4.72087595],[1.72658303],[6.46526901]
[4.8342272],[1.71575564],[6.49696975]
[4.78503014],[1.68831281],[6.46173787]
[4.9189472],[1.6719702],[6.48395994]
[4.90961078],[1.63860439],[6.44425919]
[5.01910064],[1.63525929],[6.45069108]
[4.99386108],[1.6266867],[6.34121955]
[5.03644915],[1.61693699],[6.2894038]
[4.96619565],[1.60783458],[6.17368893]
[5.01019143],[1.59878054],[6.10636273]
[4.93658176],[1.5888177],[5.97213358]
[4.92126526],[1.57999779],[5.8967747]
[4.90561848],[1.56940339],[5.82094601]
[4.88952452],[1.54914152],[5.73708424]
[4.8745715],[1.52482793],[5.62160145]
[4.86019664],[1.4999039],[5.4856]
[4.81973654],[1.47130721],[5.29657126]
[4.76540674],[1.43886588],[5.05904941]
[4.70918774],[1.40447341],[4.83456552]
[4.62561471],[1.36819992],[4.59676632]
[4.54525491],[1.33209269],[4.37404386]
[4.46486153],[1.29179222],[4.13864127]
[4.37279099],[1.25079406],[3.9373245]
[4.25389185],[1.19272502],[3.72294143]
[4.11093849],[1.13730242],[3.5305123]
[4.04404108],[1.09906806],[3.38041841]
[4.0023795],[1.08550785],[3.25292532]
[10.25927807],[1.73935227],[11.25325688]
[8.08646261],[1.48823439],[7.16720298]
[6.90998109],[1.35677044],[4.82773289]
[5.0152865],[1.06704045],[2.92893414]
[3.04806522],[0.79869072],[2.53131839]
[2.73418576],[1.04013196],[2.60390976]
[2.98321409],[1.34773598],[3.40869132]
[3.17484113],[1.46501039],[3.80598215]
[3.32857599],[1.54311391],[4.18607357]
[3.61096176],[1.60956846],[4.63245164]
[3.70798144],[1.65150724],[4.9578274]
[3.8957693],[1.66201146],[5.26693982]
[3.99382122],[1.67286155],[5.4831148]
[4.1264287],[1.67939433],[5.64871567]
[4.28093334],[1.68177694],[5.7608806]
[4.40712191],[1.70509298],[5.84339175]
[4.48479708],[1.72358244],[5.98195235]
[4.53089285],[1.73303039],[6.05080017]
[4.54667209],[1.74394469],[6.15860453]
[4.59849315],[1.75296413],[6.2116211]
[4.60297701],[1.76107827],[6.35584729]
[4.70663838],[1.76855069],[6.40722331]
[4.68866991],[1.77651311],[6.54840681]
[4.79223253],[1.78400372],[6.60642658]
[4.75323731],[1.79525801],[6.73859806]
[4.85797442],[1.80578446],[6.81516872]
[4.80526057],[1.81592645],[6.90592923]
[4.95028045],[1.81507773],[6.98912779]
[4.87053725],[1.81398219],[7.02112962]
[5.03572186],[1.80683585],[7.04577031]
[4.96939574],[1.77719434],[7.01188448]
[5.10364998],[1.75478437],[7.00832277]
[5.10563842],[1.70047695],[6.95762228]
[5.17626992],[1.69731792],[6.97507426]
[5.18272932],[1.66208398],[6.85264361]
[5.21114625],[1.65724167],[6.79837709]
[5.16600616],[1.64054713],[6.67180667]
[5.1792105],[1.63272106],[6.60022216]
[5.13292834],[1.62285573],[6.45844951]
[5.11909067],[1.6140522],[6.35899983]
[5.10650245],[1.60331935],[6.26911212]
[5.09368512],[1.58306924],[6.17356516]
[5.07855559],[1.55931146],[6.05160441]
[5.06264587],[1.53501422],[5.90854873]
[5.01368215],[1.50588196],[5.69871227]
[4.95408309],[1.47446592],[5.41963186]
[4.89617063],[1.44287467],[5.17378411]
[4.82627524],[1.40800408],[4.93785563]
[4.72262115],[1.37221373],[4.68895259]
[4.61164627],[1.33234916],[4.43243477]
[4.5478029],[1.29173977],[4.21065125]
[4.47415471],[1.23243798],[4.00258223]
[4.36710041],[1.18552657],[3.76670949]
[4.23520633],[1.13140706],[3.57142579]
[4.10958134],[1.09428028],[3.41392432]
[10.50422931],[1.76465683],[11.51627465]
[8.35609512],[1.50263745],[7.27927088]
[7.04204403],[1.36215413],[4.8974184]
[5.14500987],[1.06211617],[2.96770896]
[3.09136201],[0.79255057],[2.65232774]
[2.75885356],[1.09690823],[2.67782423]
[3.06173036],[1.38609108],[3.54439479]
[3.26452675],[1.50073681],[3.94692745]
[3.41996267],[1.58016612],[4.3498262]
[3.73255897],[1.64079026],[4.85873173]
[3.83018524],[1.69050101],[5.19947791]
[3.97375764],[1.69621362],[5.49635911]
[4.11234259],[1.70349192],[5.73765706]
[4.27223537],[1.71096623],[5.94905652]
[4.43325557],[1.74298425],[6.15513862]
[4.54321131],[1.7696458],[6.24769798]
[4.59282164],[1.78754041],[6.4608539]
[4.6676707],[1.79753903],[6.54557809]
[4.66243736],[1.80943339],[6.66175745]
[4.76429631],[1.82085027],[6.74440804]
[4.74255347],[1.83187277],[6.87864433]
[4.86773044],[1.84194326],[6.95297727]
[4.83033004],[1.85307861],[7.07893012]
[4.97445268],[1.86268781],[7.19247395]
[4.89703138],[1.87434296],[7.30683171]
[5.05201446],[1.88525304],[7.43872437]
[4.9813909],[1.89484203],[7.51000438]
[5.12043163],[1.8959929],[7.65439346]
[5.07319769],[1.89738814],[7.66735371]
[5.18620738],[1.89107258],[7.74100075]
[5.157034],[1.86332131],[7.69540474]
[5.2563425],[1.84480742],[7.71663233]
[5.28540151],[1.79807796],[7.67797976]
[5.3399377],[1.79268257],[7.67668947]
[5.37016463],[1.73770837],[7.55047801]
[5.39689331],[1.73031019],[7.46381849]
[5.36722489],[1.70349847],[7.31330696]
[5.35647626],[1.68476538],[7.22457159]
[5.32245354],[1.66581594],[7.06654072]
[5.29149771],[1.65361484],[6.94939441]
[5.27181661],[1.64447355],[6.8335321]
[5.25248476],[1.62616344],[6.70455084]
[5.23104124],[1.60409941],[6.54737036]
[5.20493149],[1.5805737],[6.39361274]
[5.16263579],[1.55299107],[6.20099454]
[5.11604976],[1.52343852],[5.92159031]
[5.0712332],[1.49421123],[5.64826705]
[5.01973449],[1.46215221],[5.39409384]
[4.90998966],[1.42939777],[5.11895099]
[4.79761735],[1.39030017],[4.84816338]
[4.69561789],[1.34841298],[4.5958277]
[4.62083869],[1.29683647],[4.3784136]
[4.5503396],[1.24746456],[4.13151317]
[4.4666916],[1.19356488],[3.90769055]
[4.35655348],[1.14253528],[3.68834623]
[10.70547177],[1.7933669],[11.82160035]
[8.52462528],[1.52138066],[7.45271418]
[7.10750089],[1.38165904],[4.97820823]
[5.16704786],[1.07885653],[2.99222475]
[3.14365665],[0.79678926],[2.72713035]
[2.79021702],[1.16067209],[2.7355705]
[3.16961645],[1.4249504],[3.68099366]
[3.37913728],[1.54015878],[4.11503876]
[3.51255175],[1.62051138],[4.54518993]
[3.84653754],[1.67435208],[5.10556511]
[3.95868187],[1.72391002],[5.4793985]
[4.10864427],[1.73079357],[5.78983166]
[4.27661874],[1.74790325],[6.0607876]
[4.46083083],[1.78289021],[6.38976889]
[4.58045731],[1.81451655],[6.61677397]
[4.68291784],[1.84327592],[6.77542405]
[4.72572193],[1.86338837],[6.97338991]
[4.84118486],[1.87527357],[7.08855301]
[4.81600957],[1.88918694],[7.21265783]
[4.94753979],[1.90059158],[7.33494653]
[4.89172164],[1.91190704],[7.45588776]
[5.06028593],[1.92216238],[7.59092276]
[5.01831093],[1.93351872],[7.69623686]
[5.14367639],[1.94351603],[7.85240198]
[5.09907981],[1.95536076],[7.96220343]
[5.20111211],[1.96655779],[8.13919985]
[5.17326633],[1.97520015],[8.23056982]
[5.2765902],[1.97820314],[8.37521767]
[5.2676267],[1.98214213],[8.44065551]
[5.35961898],[1.97614124],[8.50982811]
[5.36373713],[1.9559232],[8.51144376]
[5.43379354],[1.94001211],[8.52047781]
[5.47886499],[1.90954967],[8.51577354]
[5.51347086],[1.89941888],[8.4749084]
[5.56195407],[1.85824132],[8.39628555]
[5.58041328],[1.8496118],[8.25744446]
[5.57389293],[1.82212421],[8.10651116]
[5.53961363],[1.79366231],[7.95665712]
[5.51947814],[1.76416331],[7.78282881]
[5.47963716],[1.73204494],[7.62823954]
[5.45609916],[1.70636765],[7.48329917]
[5.43329343],[1.68561787],[7.32928428]
[5.40839666],[1.64889287],[7.1478777]
[5.37775875],[1.61672195],[6.9407203]
[5.32025807],[1.59175227],[6.70145431]
[5.25870952],[1.56245239],[6.38932809]
[5.20909089],[1.53372363],[6.09339675]
[5.17413379],[1.50197454],[5.81144218]
[5.10352558],[1.47114613],[5.52040941]
[4.99998744],[1.43390624],[5.21692154]
[4.88247427],[1.3904844],[4.9467428]
[4.7826714],[1.33796818],[4.68328796]
[4.68646452],[1.29178098],[4.41905179]
[4.63146146],[1.234853],[4.17302685]
[4.56119215],[1.18373825],[3.94510355]
[10.90708953],[1.86047669],[12.21378969]
[8.70971487],[1.54464605],[7.63921071]
[7.23545497],[1.39413303],[5.07883953]
[5.26620063],[1.08293662],[3.04445117]
[3.26444068],[0.80477227],[2.79578055]
[2.81709126],[1.21453671],[2.8050483]
[3.26893341],[1.46110615],[3.82583039]
[3.48368909],[1.57473327],[4.29315501]
[3.64458009],[1.6523899],[4.80502759]
[3.93340022],[1.70634858],[5.34119001]
[4.09049052],[1.75306538],[5.73666143]
[4.21560655],[1.76310546],[6.0951885]
[4.42570546],[1.80767285],[6.42040304]
[4.59103786],[1.84312528],[6.84280815]
[4.69018617],[1.87778151],[7.07929848]
[4.84898682],[1.90942164],[7.28527382]
[4.87899682],[1.92854601],[7.50252628]
[5.02174507],[1.93953968],[7.69494058]
[4.98154039],[1.95541335],[7.81476887]
[5.12763583],[1.96752102],[7.98301921]
[5.09138988],[1.97921176],[8.08591937]
[5.20918509],[1.9899367],[8.26076718]
[5.19924125],[2.00177212],[8.36460791]
[5.3040045],[2.01216504],[8.55736133]
[5.29922482],[2.02490031],[8.70340421]
[5.37822853],[2.03709522],[8.87041787]
[5.38262402],[2.0465681],[9.0252972]
[5.45286904],[2.05170228],[9.17715982]
[5.50644592],[2.05760377],[9.29917682]
[5.5358387],[2.05334243],[9.3447745]
[5.62531707],[2.03759581],[9.3977029]
[5.63316337],[2.02128591],[9.37071138]
[5.75236811],[1.99431659],[9.44967962]
[5.81994428],[1.9843194],[9.40136912]
[5.89848098],[1.95354023],[9.40297479]
[5.90888161],[1.94303035],[9.26278914]
[5.93798767],[1.91878876],[9.09453555]
[5.86003539],[1.89321065],[8.84543448]
[5.80517685],[1.86664126],[8.64125428]
[5.69448951],[1.83671142],[8.40811882]
[5.64565908],[1.80737368],[8.2255939]
[5.61969066],[1.77514925],[8.03345093]
[5.59138856],[1.72873454],[7.82239203]
[5.55739129],[1.68480286],[7.59068719]
[5.49194298],[1.63809265],[7.3223957]
[5.42579331],[1.60066222],[6.97608419]
[5.36720075],[1.57435438],[6.59527385]
[5.32109211],[1.5438309],[6.29366634]
[5.26032051],[1.51220948],[5.9887395]
[5.18568364],[1.47593276],[5.64869779]
[5.10375075],[1.43261015],[5.35386498]
[4.9922291],[1.38758695],[5.06715617]
[4.86865064],[1.33939302],[4.76049504]
[4.77211707],[1.28337219],[4.49708596]
[4.70836435],[1.23462659],[4.24820931]
[11.03808107],[1.88702705],[12.48386754]
[8.82975182],[1.55282158],[7.74750476]
[7.3325161],[1.39591845],[5.11475646]
[5.31492178],[1.08413876],[3.06355448]
[3.33231631],[0.80754242],[2.86387527]
[2.82340443],[1.27543821],[2.85962265]
[3.33442086],[1.49836383],[3.9675803]
[3.56346995],[1.61046252],[4.48615745]
[3.77169937],[1.68297909],[5.06456278]
[4.02302223],[1.73800924],[5.58063705]
[4.21459874],[1.78200191],[6.02721868]
[4.37277338],[1.79707282],[6.44125108]
[4.54444984],[1.86295009],[6.86332945]
[4.70658082],[1.90452136],[7.28059416]
[4.805926],[1.93930248],[7.58339706]
[4.9985878],[1.97080281],[7.85961815]
[5.03371939],[1.99007088],[8.08823725]
[5.16136526],[2.00143148],[8.34082621]
[5.14269632],[2.01784261],[8.4754073]
[5.24471564],[2.02966734],[8.66988687]
[5.23961413],[2.04181905],[8.80364704]
[5.34600299],[2.05306323],[8.97859732]
[5.3843158],[2.06527736],[9.13798767]
[5.47104057],[2.07665086],[9.30691215]
[5.49703083],[2.09072037],[9.50135882]
[5.55216239],[2.1037555],[9.657419]
[5.70197943],[2.11439817],[9.87479747]
[5.82450039],[2.12136538],[10.07044533]
[5.9361384],[2.12614923],[10.26939466]
[5.99790702],[2.12320348],[10.38640263]
[6.06064206],[2.11093157],[10.48492199]
[6.15014053],[2.09530198],[10.53719218]
[6.21590257],[2.07275742],[10.59615138]
[6.34876661],[2.06234604],[10.61764886]
[6.38904465],[2.03560523],[10.55109073]
[6.507751],[2.02384373],[10.53468902]
[6.40618342],[2.00485538],[10.31097287]
[6.41372055],[1.98295087],[10.11654403]
[6.28815547],[1.95858796],[9.81991744]
[6.24407016],[1.93134187],[9.58305511]
[6.13342167],[1.90470129],[9.28944938]
[6.05998389],[1.87605554],[9.01823299]
[5.97170137],[1.82635691],[8.70150834]
[5.86416367],[1.77533454],[8.38451547]
[5.66593094],[1.72201949],[8.01338858]
[5.59634518],[1.66535387],[7.61640282]
[5.53283458],[1.60890242],[7.20534795]
[5.4868391],[1.57961545],[6.79629525]
[5.43407967],[1.54888099],[6.45079485]
[5.34915506],[1.51307444],[6.11117957]
[5.26799142],[1.46840699],[5.78089089]
[5.20134073],[1.43237332],[5.47325195]
[5.09749052],[1.38435882],[5.13992511]
[4.97586252],[1.32928352],[4.82959785]
[4.86830756],[1.27718636],[4.55227305]
[11.1783162],[1.92614845],[12.90181806]
[8.93819249],[1.56929136],[7.94362817]
[7.45031499],[1.40471513],[5.25125361]
[5.53656322],[1.10141662],[3.18049313]
[3.48118098],[0.83186729],[3.04727336]
[2.92311932],[1.33575246],[3.1419704]
[3.4637546],[1.54110788],[4.16992912]
[3.70498003],[1.64815543],[4.7452345]
[3.8966923],[1.71409121],[5.32239817]
[4.14285521],[1.7716072],[5.83852792]
[4.35368205],[1.82023131],[6.35515478]
[4.51454734],[1.84378139],[6.88004927]
[4.65591768],[1.9266118],[7.33921775]
[4.84898253],[1.96672528],[7.78077188]
[4.93141496],[2.00543528],[8.12570302]
[5.14974699],[2.03253347],[8.49455735]
[5.1805722],[2.05273805],[8.75019983]
[5.27374566],[2.06524307],[9.03731392]
[5.26909036],[2.0825217],[9.20360629]
[5.36642651],[2.09473353],[9.3840845]
[5.40042599],[2.10693186],[9.55157981]
[5.48315598],[2.11824617],[9.72979455]
[5.57285018],[2.13067269],[9.93211338]
[5.61670055],[2.14120536],[10.09729888]
[5.80794261],[2.15383097],[10.34665609]
[5.93213756],[2.16456023],[10.60753987]
[6.11127296],[2.17179379],[10.92741945]
[6.29020666],[2.17854558],[11.22835354]
[6.38079794],[2.18530511],[11.45383609]
[6.52212512],[2.18759412],[11.70619719]
[6.54185629],[2.17987266],[11.81079012]
[6.6735836],[2.16571846],[12.06956699]
[6.72052513],[2.14770418],[12.06228654]
[6.79093455],[2.13710415],[12.12378068]
[6.86667401],[2.11508931],[12.08630561]
[6.92214221],[2.10294253],[11.97260191]
[7.0108474],[2.08585904],[11.8332217]
[6.92236305],[2.06835825],[11.58982072]
[6.84950998],[2.04934347],[11.28222983]
[6.72407405],[2.02737453],[10.99430669]
[6.63911205],[2.00287149],[10.66348457]
[6.5522395],[1.97687314],[10.33718234]
[6.4701357],[1.93247208],[9.97878022]
[6.39277195],[1.87053801],[9.6238896]
[6.18992096],[1.8123984],[9.17381018]
[5.96517829],[1.75165934],[8.60551318]
[5.749124],[1.69645207],[7.99646638]
[5.64539142],[1.64445225],[7.46696563]
[5.59939667],[1.59745902],[7.051813]
[5.52237366],[1.56261349],[6.65169183]
[5.44212724],[1.52009212],[6.33015925]
[5.35549001],[1.482236],[6.01082879]
[5.27575814],[1.43486934],[5.64835292]
[5.19270893],[1.38525548],[5.34040025]
[5.0898209],[1.33264667],[5.01207837]
[11.77898446],[1.96507203],[13.49683773]
[8.98109852],[1.59330724],[8.19741911]
[7.45699114],[1.4288772],[5.41703144]
[5.59066367],[1.13579385],[3.2810637]
[3.55205136],[0.86555249],[3.18603668]
[3.10431838],[1.38948087],[3.42446615]
[3.58297529],[1.57915066],[4.34709759]
[3.83429175],[1.68021505],[5.00203781]
[4.03606932],[1.74295932],[5.58725397]
[4.26516232],[1.81097089],[6.14257843]
[4.48488166],[1.87584927],[6.75011332]
[4.64513471],[1.95097636],[7.36009014]
[4.76374066],[2.02453795],[7.84233949]
[4.97829995],[2.04892191],[8.36529064]
[5.08012114],[2.0995703],[8.7539671]
[5.2713381],[2.10000473],[9.19298346]
[5.29722487],[2.12099742],[9.46887112]
[5.38544405],[2.13362806],[9.7377308]
[5.46559832],[2.15070872],[9.94869344]
[5.51167271],[2.16311068],[10.12320237]
[5.6350538],[2.17541337],[10.31703826]
[5.66182054],[2.18679151],[10.53913109]
[5.89008248],[2.1976081],[10.84652475]
[5.9935358],[2.20637111],[11.17482253]
[6.16416633],[2.21680013],[11.48950991]
[6.3436126],[2.22646994],[11.82692219]
[6.48949358],[2.23456175],[12.15091784]
[6.75301219],[2.24158508],[12.67189712]
[6.85819216],[2.24749769],[12.90444992]
[6.93544479],[2.2485969],[13.22553674]
[7.0072558],[2.2430584],[13.3712455]
[7.07503694],[2.23019175],[13.59804149]
[7.19850117],[2.2165119],[13.73261674]
[7.22503864],[2.20672762],[13.74542895]
[7.39164726],[2.18837089],[13.80931024]
[7.43601983],[2.17697873],[13.70390483]
[7.53426774],[2.1623228],[13.62838356]
[7.51191758],[2.14721775],[13.38215482]
[7.47470271],[2.13219003],[13.13488027]
[7.35417414],[2.11604429],[12.76172138]
[7.27203363],[2.0972981],[12.45921393]
[7.07943775],[2.07602525],[12.02027922]
[6.96555025],[2.03940184],[11.59577068]
[6.88618585],[1.98404022],[11.17677139]
[6.71934266],[1.91891795],[10.69918998]
[6.49450391],[1.86286887],[10.05738994]
[6.28210342],[1.80541228],[9.24246933]
[6.06972086],[1.74481879],[8.49737549]
[5.90143627],[1.69236847],[7.75003588]
[5.69411678],[1.63388132],[7.24464891]
[5.61922335],[1.56609738],[6.85080158]
[5.53785392],[1.52907783],[6.50524174]
[5.43910381],[1.48097184],[6.13887875]
[5.35470868],[1.43340756],[5.7889173]
[5.28379035],[1.37992262],[5.45064692]
[12.3385454],[2.03954028],[14.21717775]
[9.0163522],[1.61919075],[8.47539734]
[7.49552919],[1.45788135],[5.60474379]
[5.71683167],[1.16261055],[3.4127811]
[3.67555465],[0.88522173],[3.30905785]
[3.24771683],[1.42310149],[3.61302587]
[3.6761469],[1.60987883],[4.49843827]
[3.93603474],[1.70444464],[5.22086529]
[4.14691395],[1.7682777],[5.81098199]
[4.40150635],[1.84759122],[6.43024702]
[4.60319624],[1.95554986],[7.13082066]
[4.77979181],[2.03138135],[7.77741099]
[4.8751882],[2.10277211],[8.31700313]
[5.11903018],[2.123717],[8.89580795]
[5.21566211],[2.16679442],[9.3321116]
[5.36423295],[2.16869389],[9.79338591]
[5.42093872],[2.18840728],[10.09035147]
[5.51094342],[2.20193925],[10.41534504]
[5.68762122],[2.21983223],[10.73831107]
[5.74738626],[2.23137995],[10.98080001]
[5.94803543],[2.24171384],[11.33908756]
[6.02517736],[2.25095004],[11.60350165]
[6.19144346],[2.27321491],[12.00622752]
[6.3619616],[2.26975878],[12.40865921]
[6.4840186],[2.31433725],[12.76603226]
[6.73001205],[2.30506119],[13.27540965]
[6.86679054],[2.35722217],[13.59876639]
[7.03037228],[2.35400983],[14.04476095]
[7.20874922],[2.40019535],[14.41731411]
[7.30795756],[2.4076967],[14.76841194]
[7.4481933],[2.43902208],[15.08001474]
[7.53168245],[2.43198395],[15.31182473]
[7.6525232],[2.37513332],[15.53826268]
[7.68688873],[2.32952706],[15.55333343]
[7.75372245],[2.28526532],[15.57324716]
[7.84562372],[2.23944919],[15.48933588]
[7.90714375],[2.22602322],[15.37405285]
[8.05601446],[2.21231155],[15.24695246]
[7.97705074],[2.19867737],[14.92400082]
[7.93838801],[2.18371015],[14.64504178]
[7.80613625],[2.16767652],[14.27188734]
[7.73501554],[2.15123546],[13.89431165]
[7.58125411],[2.12228529],[13.42302872]
[7.45887156],[2.07379599],[12.97217064]
[7.3338343],[2.01582904],[12.48077647]
[7.20002775],[1.96297622],[11.88936304]
[6.93303212],[1.91108496],[11.05972852]
[6.59663496],[1.85155813],[10.00640097]
[6.39496636],[1.79034224],[9.06053345]
[6.19040945],[1.72950888],[8.04538683]
[5.94442005],[1.67036098],[7.48531986]
[5.72377705],[1.60571794],[7.06338462]
[5.63222292],[1.53036837],[6.66783492]
[5.53528498],[1.48459444],[6.31018774]
[5.43678014],[1.43560183],[5.94897832]
[12.76045111],[2.06934152],[14.72506831]
[9.29537385],[1.62531145],[8.71581359]
[7.47612579],[1.47197683],[5.69782435]
[5.75665509],[1.17855383],[3.48666445]
[3.75095153],[0.91688231],[3.44842115]
[3.38038301],[1.46706465],[3.85317615]
[3.77650549],[1.64161725],[4.6760371]
[4.0246531],[1.72952978],[5.44543672]
[4.2392138],[1.80906562],[6.09108199]
[4.53849734],[1.88628842],[6.76764771]
[4.71837322],[2.02927751],[7.53011181]
[4.90392395],[2.10907849],[8.23651593]
[4.97447175],[2.17615323],[8.79566667]
[5.23274865],[2.197809],[9.43648266]
[5.31718128],[2.23528808],[9.893752]
[5.472118],[2.23270423],[10.35852174]
[5.60008362],[2.25278031],[10.7632854]
[5.72429567],[2.25836849],[11.17654529]
[6.0019503],[2.30889931],[11.67933265]
[6.09317221],[2.29434243],[11.99144207]
[6.23881509],[2.35948119],[12.39602224]
[6.39333914],[2.34046535],[12.82179041]
[6.51091895],[2.40709774],[13.20125539]
[6.75940163],[2.38717885],[13.7854746]
[6.87766659],[2.45967711],[14.14827891]
[7.0373296],[2.45177982],[14.65493695]
[7.19955034],[2.51824561],[15.08261756]
[7.36482045],[2.5226319],[15.56218933]
[7.61634074],[2.5749713],[16.07925815]
[7.73708459],[2.58434411],[16.48584833]
[7.80712826],[2.60774115],[16.81764791]
[7.85816459],[2.60931927],[17.0925152]
[7.93515899],[2.56432183],[17.30007148]
[8.05556998],[2.52373511],[17.46802383]
[8.11385419],[2.46891878],[17.44347543]
[8.30618392],[2.40745539],[17.45401343]
[8.37511515],[2.35800132],[17.28656944]
[8.47184818],[2.3125648],[17.17072855]
[8.48905404],[2.27363045],[16.84393893]
[8.4559888],[2.24265633],[16.60553809]
[8.37343567],[2.22808133],[16.20626003]
[8.31412332],[2.2131601],[15.8695512]
[8.21132436],[2.18921879],[15.335522]
[8.11751445],[2.14543933],[14.87242373]
[8.02146188],[2.09668158],[14.3562689]
[7.86312172],[2.05266593],[13.7006169]
[7.64697893],[2.00181891],[12.97594447]
[7.32081384],[1.94534447],[12.02565271]
[6.97825821],[1.88847915],[10.6757792]
[6.63469225],[1.82262938],[9.45832351]
[6.38870856],[1.76568449],[8.30599013]
[6.09875404],[1.70798943],[7.72175942]
[5.88526421],[1.64403427],[7.23850789]
[5.72036029],[1.56428855],[6.82757819]
[5.62508351],[1.49036463],[6.45158822]
[13.50158296],[2.1082504],[15.56830965]
[9.89984172],[1.65281015],[9.20105839]
[7.49110003],[1.49259632],[5.88563543]
[5.8227772],[1.19796014],[3.63312939]
[4.03061719],[0.94653253],[3.69390944]
[3.57171156],[1.50902667],[4.23878654]
[3.95137878],[1.67713852],[4.93579909]
[4.15079408],[1.75611035],[5.69313099]
[4.36429703],[1.85329733],[6.39766278]
[4.67666875],[1.94601048],[7.18893604]
[4.84822075],[2.09837898],[7.96174008]
[5.05177418],[2.17708109],[8.71938386]
[5.16252774],[2.24186745],[9.33340272]
[5.34154118],[2.26336092],[9.95877202]
[5.45869696],[2.29803498],[10.46375772]
[5.60591945],[2.295782],[11.0120344]
[5.84222294],[2.36380145],[11.56199404]
[6.06571465],[2.36053672],[12.11406545]
[6.25839304],[2.4466876],[12.6967398]
[6.42385443],[2.43023665],[13.19801662]
[6.53588419],[2.51440721],[13.6095384]
[6.7738186],[2.50191575],[14.21100557]
[6.89127689],[2.56879146],[14.59179847]
[7.05554982],[2.56170665],[15.16865907]
[7.22093609],[2.61647203],[15.63060574]
[7.3768638],[2.61694374],[16.15129227]
[7.61277645],[2.67101253],[16.6939138]
[7.78616727],[2.67355425],[17.22050868]
[7.92806316],[2.72035314],[17.69772355]
[8.06041527],[2.72411847],[18.15974866]
[8.10029712],[2.74294438],[18.41922783]
[8.31892802],[2.74887436],[18.89690063]
[8.40516172],[2.71749314],[19.12889401]
[8.52684886],[2.68347805],[19.41522726]
[8.57961284],[2.64277688],[19.46142357]
[8.64022623],[2.59974381],[19.45692516]
[8.69104355],[2.54960784],[19.30728547]
[8.74590004],[2.49769452],[19.13995406]
[8.92332739],[2.45068516],[18.96828169]
[8.90990072],[2.4069319],[18.62535392]
[8.88773197],[2.37219902],[18.31141617]
[8.69208004],[2.33624315],[17.81945945]
[8.65198545],[2.29936372],[17.35641907]
[8.52375213],[2.26656473],[16.7958053]
[8.44626208],[2.21408327],[16.27601134]
[8.35252859],[2.14388073],[15.63420136]
[8.2281515],[2.09050361],[14.91170037]
[8.00652411],[2.03816122],[13.99045932]
[7.67290409],[1.98454309],[12.85705099]
[7.33725542],[1.92393174],[11.35997137]
[6.86103214],[1.86017194],[10.02775525]
[6.43053491],[1.80218985],[8.711155]
[6.17705224],[1.74220726],[7.98496491]
[5.98584138],[1.68365757],[7.51193465]
[5.81776143],[1.62902409],[7.09772385]
[13.91332578],[2.14349469],[16.40491374]
[10.39082549],[1.68685446],[9.84336076]
[7.46624629],[1.52153486],[6.12711969]
[5.81528684],[1.23535507],[3.80351115]
[4.08780755],[0.98561052],[3.92177125]
[3.64502633],[1.55331403],[4.62062449]
[4.12497727],[1.71198339],[5.21269521]
[4.26964209],[1.78455974],[5.94637582]
[4.50561446],[1.90111628],[6.7706914]
[4.81064139],[2.04434248],[7.65373248]
[4.97335425],[2.17417844],[8.44860777]
[5.22063498],[2.25329401],[9.26295991]
[5.33313425],[2.31199254],[9.8862048]
[5.5073208],[2.33340256],[10.53115796]
[5.64382916],[2.35951642],[11.12982093]
[5.80939021],[2.36080172],[11.75413658]
[6.12850333],[2.49671701],[12.50989035]
[6.32003524],[2.49845659],[13.14689075]
[6.54245137],[2.56948775],[13.79422711]
[6.787277],[2.56782845],[14.47342495]
[6.90901033],[2.6290172],[14.89037284]
[7.07385394],[2.62727],[15.49464126]
[7.23719524],[2.68255724],[15.98249894]
[7.39835371],[2.68588258],[16.54917557]
[7.63366129],[2.73134095],[17.17424089]
[7.81468633],[2.74433767],[17.77200898]
[7.93459751],[2.78465242],[18.27183079]
[8.10056822],[2.80053387],[18.83957733]
[8.22593975],[2.83253254],[19.25954846]
[8.52687441],[2.84040295],[19.95887884]
[8.58445429],[2.85408431],[20.24324316]
[8.71231093],[2.85615032],[20.75151446]
[8.76289085],[2.83507376],[21.02713403]
[8.80051097],[2.80947024],[21.27502558]
[8.9118972],[2.78099196],[21.48292984]
[8.98281693],[2.74707437],[21.4722829]
[9.20206047],[2.70697371],[21.56534488]
[9.27082863],[2.67108688],[21.37757017]
[9.35625315],[2.63910293],[21.24029213]
[9.3858818],[2.60759596],[20.93415038]
[9.36393907],[2.56989559],[20.66283613]
[9.27391458],[2.52744796],[20.16017092]
[9.19280094],[2.48039834],[19.70559346]
[9.09766803],[2.43279938],[19.1133866]
[9.00200054],[2.38582238],[18.54823048]
[8.90007008],[2.30254092],[17.84719568]
[8.77578675],[2.22279273],[17.1030954]
[8.46927622],[2.14027059],[16.13155913]
[8.20051908],[2.08016732],[14.98878875]
[7.92965417],[2.02633586],[13.69302764]
[7.5692377],[1.97064177],[12.08767168]
[7.07607055],[1.91234543],[10.41554017]
[6.48435586],[1.85071146],[9.01008209]
[6.25726531],[1.7944792],[8.25530971]
[6.06247115],[1.74326172],[7.7539385]
[14.49094716],[2.20828426],[17.8257595]
[10.95873997],[1.7375116],[10.54222542]
[9.02208847],[1.55391656],[6.59172745]
[5.83921134],[1.27905679],[3.99488882]
[4.16812243],[1.01160393],[4.11265551]
[3.65032399],[1.58191905],[4.92801066]
[4.28679855],[1.73676793],[5.52289611]
[4.36767844],[1.81090153],[6.17388307]
[4.63431159],[1.98295465],[7.16919252]
[4.92543272],[2.11934865],[8.07769819]
[5.10660319],[2.23499781],[8.89758907]
[5.39753106],[2.3180704],[9.75456724]
[5.51618916],[2.3680258],[10.42983894]
[5.67846623],[2.38636012],[11.11916838]
[5.81646918],[2.47170707],[11.86268953]
[6.10916367],[2.4919423],[12.67602207]
[6.32175425],[2.62657369],[13.44936014]
[6.5788439],[2.63203041],[14.22787486]
[6.87682928],[2.69006359],[14.95304229]
[7.07836273],[2.69211083],[15.72021371]
[7.23757043],[2.74315299],[16.2967252]
[7.4050061],[2.75182341],[16.88517161]
[7.63665507],[2.79118203],[17.50823785]
[7.86355553],[2.80410751],[18.14087948]
[8.03685595],[2.83380509],[18.72811798]
[8.19468818],[2.85153439],[19.35054033]
[8.31891539],[2.8780867],[19.79099068]
[8.63124386],[2.89746409],[20.5735628]
[8.80094081],[2.91932214],[21.05676194]
[8.94152151],[2.93179956],[21.68619471]
[8.98709872],[2.96106283],[22.05252114]
[9.0303129],[2.97169606],[22.51638066]
[9.22969779],[2.95101172],[23.0403774]
[9.30041658],[2.96994117],[23.36471374]
[9.42896758],[2.99699509],[23.68560127]
[9.48684315],[2.94786007],[23.80270413]
[9.54123255],[2.90804891],[23.86172733]
[9.57899565],[2.85939945],[23.79563059]
[9.58960732],[2.81621835],[23.5672212]
[9.79299516],[2.77220177],[23.49090165]
[9.84768092],[2.74278064],[23.05464128]
[9.81290554],[2.71075569],[22.63266645]
[9.54021296],[2.67563677],[21.97830574]
[9.49748768],[2.64293896],[21.47592572]
[9.34942532],[2.60074742],[20.84692364]
[9.27988806],[2.55094888],[20.19225123]
[9.19535183],[2.47367847],[19.48984764]
[9.0421039],[2.36624812],[18.59777421]
[8.79780984],[2.23296559],[17.42290266]
[8.44859381],[2.13979229],[15.95545409]
[8.14722932],[2.06992718],[14.5055178]
[7.87560334],[2.01759872],[12.88204566]
[7.1777894],[1.95871747],[10.70177656]
[6.62300027],[1.90102974],[9.33997152]
[6.33683104],[1.84995316],[8.53607097]
[15.05306291],[2.22434149],[19.03067448]
[11.46989675],[1.73761429],[11.10278799]
[9.53463124],[1.56252294],[7.14592769]
[5.82831507],[1.30504321],[4.12678169]
[4.1877441],[1.08259921],[4.32817359]
[3.64188584],[1.62016892],[5.23460756]
[4.43375964],[1.76155003],[5.84994295]
[4.4741349],[1.84938744],[6.4176219]
[4.74210293],[2.07131295],[7.57782061]
[5.02921092],[2.18664649],[8.53147357]
[5.3345073],[2.29575395],[9.42371891]
[5.55983728],[2.37389668],[10.27834821]
[5.71023452],[2.41267309],[11.02292206]
[5.87419645],[2.43324365],[11.7995918]
[6.13883533],[2.59736864],[12.76461036]
[6.39661675],[2.62963646],[13.66378922]
[6.55549755],[2.7279024],[14.40669761]
[6.91910035],[2.74062908],[15.38173837]
[7.14429314],[2.78408202],[16.11398331]
[7.41502419],[2.7941256],[16.98723969]
[7.63450838],[2.83037117],[17.73541548]
[7.91254671],[2.84407371],[18.46550197]
[8.15122277],[2.87291804],[19.08594699]
[8.28440044],[2.88986562],[19.71958942]
[8.4232036],[2.9133824],[20.26682609]
[8.73460315],[2.93554735],[21.12260727]
[8.90562078],[2.9706796],[21.69790705]
[9.07736743],[2.99199545],[22.3593588]
[9.22672232],[3.02914879],[22.95226812]
[9.2793924],[3.04558811],[23.4877197]
[9.57224743],[3.0791712],[24.18471908]
[9.69854249],[3.09896143],[24.66840884]
[9.74456313],[3.14532684],[25.18151794]
[9.76223881],[3.20556908],[25.59729918]
[9.75512308],[3.22872432],[25.92488116]
[9.78794321],[3.18608787],[26.23469449]
[9.88783627],[3.15497584],[26.34971954]
[10.10333659],[3.11139953],[26.48839231]
[10.17526289],[3.06258722],[26.28133609]
[10.2503585],[3.00683467],[26.09957728]
[10.29874157],[2.96149036],[25.74304454]
[10.27882548],[2.91448442],[25.36978143]
[10.19203051],[2.86494588],[24.72461816]
[10.09569243],[2.81738232],[24.17807723]
[10.00804821],[2.76948809],[23.45823274]
[9.89984957],[2.72242582],[22.67766551]
[9.79721848],[2.67621855],[21.90782328]
[9.52311887],[2.59026939],[20.92767472]
[9.18899729],[2.48251288],[19.84295179]
[9.01670438],[2.34831313],[18.42585813]
[8.77379732],[2.20713799],[16.79857831]
[8.39838454],[2.1061131],[15.10509572]
[7.93919049],[2.04586118],[13.0144069]
[7.34127898],[1.99595312],[10.96618757]
[6.77370575],[1.94318206],[9.60686875]
[15.89427659],[2.26704116],[21.02320568]
[12.21582988],[1.77050499],[12.12565053]
[10.21314781],[1.58276948],[7.95684813]
[5.88400175],[1.33447801],[4.3591138]
[4.2874385],[1.16136607],[4.68556331]
[3.65872396],[1.65395419],[5.57239514]
[4.49481657],[1.78704028],[6.21967375]
[4.66230548],[1.88650301],[6.77939889]
[4.88583876],[2.14437043],[8.0487848]
[5.21479504],[2.24277924],[9.03508518]
[5.54368142],[2.35209146],[9.97245897]
[5.7176915],[2.41643651],[10.8226461]
[5.92995187],[2.46993898],[11.69795731]
[6.20514831],[2.57534126],[12.6935451]
[6.44637292],[2.70319765],[13.74166104]
[6.67077599],[2.7430701],[14.67418942]
[6.8431756],[2.81144151],[15.42088944]
[7.16335617],[2.83253935],[16.45725071]
[7.4956135],[2.86286879],[17.38798813]
[7.88965541],[2.87870244],[18.39311463]
[8.16657715],[2.9084373],[19.30182863]
[8.37050767],[2.93014022],[20.14159422]
[8.55164079],[2.96394447],[20.74686536]
[8.82445477],[2.98461343],[21.58354128]
[9.00434766],[3.01831558],[22.2106551]
[9.17437554],[3.04081008],[22.95422009]
[9.35105228],[3.0744139],[23.63216205]
[9.42656019],[3.09793258],[24.24233932]
[9.80667474],[3.12510197],[25.09484231]
[9.92401465],[3.14921456],[25.67927912]
[10.04809973],[3.19711906],[26.2964317]
[10.10153983],[3.27745505],[26.889703]
[10.08643456],[3.34691954],[27.41613683]
[10.33729816],[3.39848072],[28.0400058]
[10.40281542],[3.42385414],[28.38552179]
[10.48518522],[3.38699019],[28.74920208]
[10.49726522],[3.35221534],[28.86641865]
[10.45132913],[3.31058379],[28.93923588]
[10.47651834],[3.2700866],[28.98575729]
[10.5327995],[3.23404904],[28.85962203]
[10.67665685],[3.1977476],[28.66791833]
[10.79487451],[3.15868563],[28.17974412]
[10.77626723],[3.11824266],[27.50425426]
[10.54991297],[3.06309926],[26.64048494]
[10.44787397],[3.0047758],[25.96713405]
[10.25142775],[2.94386525],[25.16798003]
[10.16479333],[2.89181646],[24.38302079]
[10.06634745],[2.83697909],[23.50529202]
[9.87488711],[2.73865399],[22.45445424]
[9.56362433],[2.5416732],[21.05821905]
[9.18067804],[2.44928463],[19.38881572]
[8.99146158],[2.33039327],[17.64230695]
[8.74867353],[2.17035027],[15.61824173]
[8.08726829],[2.07559344],[13.36866348]
[7.47905341],[2.02519366],[11.3108502]
[16.24038168],[2.30693554],[23.41339161]
[12.80995754],[1.80255458],[14.32919951]
[10.7717001],[1.60454421],[8.79206271]
[5.88319033],[1.38898843],[4.64986592]
[4.30689762],[1.22497489],[5.04569963]
[3.67891086],[1.69174358],[5.86768811]
[4.51338387],[1.80919416],[6.49101197]
[4.84629871],[1.94210046],[7.17767092]
[5.01967345],[2.20914736],[8.54688331]
[5.42782418],[2.31263102],[9.61211143]
[5.72996707],[2.39959398],[10.57516782]
[5.93731588],[2.46913274],[11.46124084]
[6.17733827],[2.53203429],[12.57499853]
[6.52780293],[2.69249322],[13.70984861]
[6.72018686],[2.79287421],[14.73862534]
[6.99731457],[2.83851904],[15.78095613]
[7.18185016],[2.88638609],[16.58982876]
[7.5787779],[2.92313235],[17.69536025]
[8.12308598],[2.95654074],[18.96335924]
[8.34633102],[2.97382859],[20.0051257]
[8.63292784],[3.0113691],[21.00522285]
[8.90677806],[3.02892961],[22.0408181]
[9.10697352],[3.06774544],[22.7348873]
[9.25050277],[3.0803157],[23.49361039]
[9.4401827],[3.11037445],[24.22016045]
[9.51155425],[3.13161263],[24.92453041]
[9.91079846],[3.15894263],[25.89008716]
[10.04650164],[3.18823011],[26.5745759]
[10.28597407],[3.27100572],[27.37626457]
[10.27233047],[3.34614603],[28.08184214]
[10.37211748],[3.4432352],[28.75340664]
[10.72733969],[3.52226141],[29.67277768]
[10.82731315],[3.57663457],[30.19676676]
[10.85429018],[3.60958282],[30.63062648]
[10.8726115],[3.63156634],[30.96377839]
[10.8795827],[3.60885827],[31.33788606]
[10.94174939],[3.56491904],[31.70835723]
[10.93842258],[3.5246181],[31.81083648]
[11.04169596],[3.46545256],[31.87509302]
[11.11175465],[3.41277241],[31.69632495]
[11.16220193],[3.36863946],[31.51438954]
[11.24541326],[3.32658136],[31.27305625]
[11.27864178],[3.28656958],[30.88568198]
[11.23359098],[3.25103684],[30.15844331]
[11.04098194],[3.21821442],[29.35151646]
[10.96970623],[3.18257508],[28.46691935]
[10.85099117],[3.1484784],[27.53197934]
[10.7024893],[3.10990899],[26.48376358]
[10.28248969],[3.01503288],[25.11396002]
[10.0383184],[2.84167696],[23.64322419]
[9.85558686],[2.58238566],[22.12080162]
[9.58483804],[2.4985762],[20.38555972]
[9.1587072],[2.39615056],[18.27641908]
[8.93118847],[2.23344851],[16.2079092]
[8.18105621],[2.13211135],[13.84096658]
[16.62230831],[2.35619997],[27.04258141]
[13.44559965],[1.88539811],[17.81682647]
[11.42112486],[1.63845601],[10.02333614]
[5.91082859],[1.43775761],[5.31949629]
[4.35415991],[1.24599234],[5.27121936]
[3.68601619],[1.70765747],[6.04469176]
[4.51211588],[1.82141737],[6.62580897]
[4.92909409],[2.00068256],[7.4737152]
[5.07077906],[2.25276047],[8.87894753]
[5.52680992],[2.36113091],[10.01240302]
[5.81376858],[2.44282675],[11.04696118]
[6.1195905],[2.52760919],[12.08743312]
[6.36656728],[2.66316583],[13.38359022]
[6.76639598],[2.79149815],[14.62271299]
[6.97283634],[2.87317296],[15.68087011]
[7.24543294],[2.91751276],[16.77251647]
[7.74032871],[2.9808943],[17.90922527]
[8.06004257],[3.0051323],[19.12060452]
[8.50359372],[3.04719421],[20.49218246]
[8.76623423],[3.06939577],[21.65123185]
[9.10981306],[3.0997373],[22.82123951]
[9.29112129],[3.12523278],[23.91337941]
[9.50224915],[3.15184137],[24.75883222]
[9.56230201],[3.17523199],[25.52836252]
[9.92391556],[3.23545478],[26.50895489]
[10.08989604],[3.30758403],[27.40315888]
[10.34987838],[3.39047595],[28.37075683]
[10.35272071],[3.45627956],[29.26612531]
[10.51964457],[3.5452065],[30.0832461]
[10.79943571],[3.60893331],[31.06740764]
[11.02108959],[3.69819677],[31.74329143]
[11.09305285],[3.75823482],[32.41375145]
[11.24529937],[3.80472876],[33.02001624]
[11.34520041],[3.82884463],[33.52634952]
[11.43535532],[3.83244624],[34.01527198]
[11.52654496],[3.83353155],[34.3818761]
[11.53452939],[3.80105112],[34.61605899]
[11.53775646],[3.78306151],[34.76803206]
[11.50757983],[3.71989136],[34.86212541]
[11.58054364],[3.65302735],[34.91899304]
[11.64111511],[3.59613236],[34.82787735]
[11.72587965],[3.53470666],[34.55858451]
[11.84694306],[3.47808734],[34.18969686]
[11.91916872],[3.43141126],[33.67872176]
[11.874501],[3.38602436],[32.82308167]
[11.68918467],[3.3448256],[31.88362076]
[11.56280322],[3.30865113],[30.96735352]
[11.36454235],[3.2726257],[29.90609847]
[11.02897161],[3.22244219],[28.71508176]
[10.73986497],[3.15151626],[27.2721747]
[10.34211867],[2.94501562],[25.37381391]
[10.01717],[2.64645644],[23.18705655]
[9.8477177],[2.56585475],[21.38330763]
[9.60710963],[2.48208439],[19.29181313]
[9.18479089],[2.38727494],[16.93972153]
