meltWidth,meltDepth,meltArea
[0.],[0.],[0.]
[0.],[0.],[0.]
[0.],[0.],[0.]
[0.],[0.],[0.]
[0.],[0.],[0.]
[0.],[0.],[0.]
[0.],[0.],[0.]
[0.],[0.],[0.]
[0.],[0.],[0.]
[0.],[0.],[0.]
[0.],[0.],[0.]
[0.],[0.],[0.]
[0.],[0.],[0.]
[0.],[0.],[0.]
[0.],[0.],[0.]
[0.],[0.],[0.]
[0.],[0.],[0.]
[0.],[0.],[0.]
[0.],[0.],[0.]
[0.],[0.],[0.]
[0.],[0.],[0.]
[0.],[0.],[0.]
[0.],[0.],[0.]
[0.],[0.],[0.]
[0.],[0.],[0.]
[0.],[0.],[0.]
[0.],[0.],[0.]
[0.],[0.],[0.]
[0.],[0.],[0.]
[0.],[0.],[0.]
[0.],[0.],[0.]
[0.],[0.],[0.]
[0.],[0.],[0.]
[0.],[0.],[0.]
[0.],[0.],[0.]
[0.],[0.],[0.]
[0.],[0.],[0.]
[0.],[0.],[0.]
[0.],[0.],[0.]
[0.],[0.],[0.]
[0.],[0.],[0.]
[0.],[0.],[0.]
[0.],[0.],[0.]
[0.],[0.],[0.]
[0.],[0.],[0.]
[0.],[0.],[0.]
[0.],[0.],[0.]
[0.],[0.],[0.]
[0.],[0.],[0.]
[0.],[0.],[0.]
[0.],[0.],[0.]
[0.],[0.],[0.]
[0.],[0.],[0.]
[0.],[0.],[0.]
[0.],[0.],[0.]
[0.],[0.],[0.]
[0.73890698],[0.20539053],[0.0751099]
[2.28229939],[0.22603419],[0.32943246]
[2.45879007],[0.27953711],[0.44212152]
[2.51905715],[0.32986318],[0.55137605]
[2.57103856],[0.3507915],[0.62278722]
[2.7423396],[0.38926717],[0.72869788]
[2.82956753],[0.43637964],[0.81111324]
[2.9540682],[0.45047152],[0.89048562]
[3.04061702],[0.45972401],[0.94210302]
[3.0353071],[0.46988735],[0.9539425]
[3.06119975],[0.47827594],[1.0032381]
[3.04001084],[0.49911184],[1.00101611]
[3.11993182],[0.49743926],[1.05673169]
[3.10087057],[0.50803118],[1.0452242]
[3.19509149],[0.50509463],[1.089333]
[3.14823553],[0.51838865],[1.06834896]
[3.2404211],[0.51369384],[1.10234037]
[3.17770339],[0.52347286],[1.08656677]
[3.27182843],[0.51596177],[1.11494172]
[3.20242566],[0.52702937],[1.08989443]
[3.2930935],[0.51946808],[1.11804944]
[3.19875089],[0.52806921],[1.09389787]
[3.28183753],[0.52096071],[1.12006165]
[3.19207837],[0.53181342],[1.09750008]
[3.28912291],[0.52541597],[1.12795181]
[3.1865348],[0.53505779],[1.10792001]
[3.27848906],[0.52864623],[1.13612199]
[3.1932695],[0.53710763],[1.11995747]
[3.28351585],[0.53199267],[1.14720863]
[3.23364776],[0.538444],[1.15780152]
[3.30591504],[0.53829822],[1.17385614]
[3.2423294],[0.54121347],[1.17002249]
[3.30285128],[0.54487519],[1.17730764]
[3.24733862],[0.55130334],[1.18193892]
[3.25055854],[0.55923276],[1.19666861]
[3.2454384],[0.56743415],[1.21270683]
[3.24631501],[0.57674047],[1.23081527]
[3.25565849],[0.58447109],[1.24563323]
[3.25587857],[0.58824782],[1.25456958]
[3.24897584],[0.59371197],[1.25809484]
[3.24604683],[0.60450343],[1.27169685]
[3.22983794],[0.61588096],[1.28662519]
[3.20631016],[0.6240817],[1.29545551]
[3.19489877],[0.62352276],[1.28996614]
[3.16487799],[0.61885013],[1.26234892]
[3.07427732],[0.61376242],[1.21939926]
[2.97519356],[0.61283984],[1.16856812]
[2.91111055],[0.61386845],[1.12988454]
[2.85869506],[0.61732409],[1.08744994]
[2.799086],[0.61824882],[1.03770498]
[2.72628802],[0.61561127],[0.98009738]
[2.66285662],[0.59723567],[0.92085156]
[5.20943511],[0.13735154],[0.38959851]
[2.76377043],[0.10114183],[0.14901095]
[0.],[0.],[0.]
[1.81596272],[0.30789303],[0.20960971]
[2.71712496],[0.40469323],[0.76022243]
[2.80583589],[0.51934289],[1.04963576]
[2.87469398],[0.62769026],[1.32755322]
[2.9839501],[0.76085145],[1.53475283]
[3.09694489],[0.92783521],[2.1280705]
[3.20370673],[1.01908195],[2.41388542]
[3.27505524],[1.08428906],[2.65063671]
[3.31506653],[1.09681661],[2.79855132]
[3.28980735],[1.11835812],[2.87331469]
[3.28636697],[1.11429214],[2.95648637]
[3.25399057],[1.14194429],[2.98058045]
[3.28543989],[1.13906853],[3.04642075]
[3.23980555],[1.16614889],[3.04681653]
[3.33034535],[1.15769767],[3.12645793]
[3.27095313],[1.17727957],[3.11163654]
[3.35041423],[1.16731367],[3.18830393]
[3.2801007],[1.1856187],[3.14227782]
[3.37339829],[1.17588827],[3.2127608]
[3.28965697],[1.19144899],[3.15923624]
[3.43849675],[1.18258914],[3.23868023]
[3.2922639],[1.19637416],[3.15727117]
[3.43023869],[1.17822216],[3.21027099]
[3.29188771],[1.18703481],[3.13202386]
[3.43289181],[1.16633591],[3.17683427]
[3.27963512],[1.17748203],[3.09771263]
[3.4076283],[1.1547995],[3.14524561]
[3.27768554],[1.1667516],[3.08658]
[3.39943191],[1.14170783],[3.12576698]
[3.33165437],[1.14727125],[3.10494526]
[3.40832382],[1.12862527],[3.12913598]
[3.33318096],[1.13450484],[3.10247505]
[3.39079732],[1.12791076],[3.11070737]
[3.32100156],[1.12150269],[3.06316866]
[3.31480741],[1.1151223],[3.04312482]
[3.30259232],[1.10850338],[3.0260671]
[3.29731206],[1.10205568],[3.01523341]
[3.30215575],[1.09225724],[3.00504108]
[3.29596994],[1.0762641],[2.98020492]
[3.27778953],[1.0595583],[2.94712872]
[3.2532254],[1.03882289],[2.91579545]
[3.22914899],[1.02804665],[2.88099297]
[3.20467564],[1.02391559],[2.84948478]
[3.19257323],[1.02521001],[2.84118254]
[3.18587001],[1.02479727],[2.84480603]
[3.1607827],[1.0178897],[2.8187968]
[3.12379327],[1.01127234],[2.78307545]
[3.09862255],[1.01108106],[2.76603135]
[3.06711919],[0.99809323],[2.72954533]
[3.01674361],[0.97950925],[2.65947236]
[2.95618527],[0.9577129],[2.55628761]
[2.89882403],[0.93110079],[2.4229623]
[5.57536037],[0.85880265],[4.94344106]
[5.01439267],[0.79524631],[1.98485594]
[4.07963229],[0.26873132],[0.64685224]
[2.27937729],[0.29024432],[0.47243877]
[2.78380115],[0.4934585],[0.99792357]
[2.90500139],[0.61633114],[1.38947577]
[2.95651067],[0.71905314],[1.619377]
[3.0371197],[0.85454874],[2.12253408]
[3.13958903],[0.97202747],[2.39266618]
[3.24310107],[1.09935447],[2.7215462]
[3.33936356],[1.20418071],[2.9895863]
[3.38966102],[1.24059994],[3.17594693]
[3.35923923],[1.26808896],[3.2736815]
[3.34277561],[1.26079754],[3.38518891]
[3.30432883],[1.28542962],[3.41372097]
[3.30113772],[1.27416758],[3.44675518]
[3.27440414],[1.29806865],[3.46025469]
[3.30733788],[1.28445724],[3.5179267]
[3.24630513],[1.30945939],[3.49618825]
[3.31688091],[1.29467247],[3.54966348]
[3.25160071],[1.31956747],[3.51689707]
[3.31820304],[1.30433239],[3.56473704]
[3.25637441],[1.32778855],[3.5274703]
[3.3414831],[1.31313093],[3.5824013]
[3.25611951],[1.33210908],[3.51423622]
[3.33380863],[1.3079276],[3.55126403]
[3.25585153],[1.3233896],[3.48191188]
[3.34783024],[1.29507057],[3.51924088]
[3.24358542],[1.31163688],[3.44565041]
[3.32589693],[1.28195034],[3.48173883]
[3.24139074],[1.29984313],[3.42696258]
[3.32014433],[1.26834017],[3.45624736]
[3.26650784],[1.27584261],[3.43895083]
[3.33645106],[1.25466412],[3.46124344]
[3.26483789],[1.26211034],[3.43403099]
[3.32019398],[1.25552043],[3.44952592]
[3.26072853],[1.24860295],[3.39886274]
[3.26006641],[1.24128838],[3.37922237]
[3.25448773],[1.23094048],[3.35840411]
[3.25244566],[1.21996925],[3.34488046]
[3.25620382],[1.2009195],[3.32832371]
[3.25412796],[1.17264279],[3.29759127]
[3.24572853],[1.15834722],[3.25396883]
[3.23037176],[1.14477671],[3.21682548]
[3.21052291],[1.13095773],[3.17626651]
[3.18393666],[1.11307851],[3.11672926]
[3.16544004],[1.10714681],[3.08403523]
[3.15557724],[1.10298878],[3.07565988]
[3.14364527],[1.10002387],[3.06827026]
[3.11986799],[1.09264778],[3.03811368]
[3.09094298],[1.08299659],[3.01833893]
[3.05392789],[1.07790755],[2.99606555]
[3.00793186],[1.06503339],[2.95776632]
[2.97070043],[1.05543352],[2.90397453]
[2.93654808],[1.04024468],[2.8490409]
[8.92760374],[1.06229384],[7.41621164]
[4.80189511],[0.85263038],[4.00593343]
[4.33647589],[0.47145971],[1.12500908]
[4.03962874],[0.28953584],[0.92599833]
[2.79585301],[0.52719326],[1.2702443]
[2.96380758],[0.68610784],[1.58408716]
[2.98646696],[0.76982888],[1.79588234]
[3.04256999],[0.92226149],[2.40409019]
[3.08933147],[1.00884319],[2.61401234]
[3.20233496],[1.1434282],[2.96228777]
[3.3061957],[1.28707828],[3.19767012]
[3.36810538],[1.31541555],[3.4368487]
[3.35859455],[1.34015787],[3.56215886]
[3.34829706],[1.33150649],[3.66277539]
[3.29437301],[1.35402897],[3.66488832]
[3.28115382],[1.34105695],[3.68752009]
[3.25913336],[1.36412651],[3.71418805]
[3.24686959],[1.34889966],[3.71438531]
[3.23928162],[1.37157738],[3.72111674]
[3.24739851],[1.35711346],[3.72383652]
[3.22241512],[1.38008032],[3.72329021]
[3.25651816],[1.36641818],[3.73732961]
[3.21298078],[1.38846303],[3.71253901]
[3.26772433],[1.37419407],[3.73864397]
[3.21210914],[1.39244691],[3.68962618]
[3.26681242],[1.36994709],[3.70297593]
[3.21812805],[1.38472754],[3.65850258]
[3.2755481],[1.35770492],[3.67329954]
[3.20789276],[1.3741792],[3.62443187]
[3.26283374],[1.34445866],[3.63948785]
[3.20428586],[1.36377246],[3.60828479]
[3.25714228],[1.32603569],[3.61768437]
[3.23102899],[1.33534949],[3.62899196]
[3.26923226],[1.30857762],[3.63302459]
[3.23390899],[1.3172423],[3.62126279]
[3.26254592],[1.30782657],[3.62184884]
[3.22441584],[1.29914586],[3.57670877]
[3.22318262],[1.29042422],[3.55115284]
[3.21655148],[1.28102696],[3.52996733]
[3.21553397],[1.27081913],[3.51701132]
[3.21943143],[1.25415631],[3.50796856]
[3.21668247],[1.22996803],[3.48269383]
[3.20890595],[1.19837587],[3.44416623]
[3.19674722],[1.17700102],[3.41261762]
[3.18017494],[1.16455339],[3.37300937]
[3.15538243],[1.14745977],[3.31404255]
[3.13907893],[1.13782015],[3.27314865]
[3.1261482],[1.12332743],[3.23623336]
[3.11023962],[1.11018682],[3.21202407]
[3.07916235],[1.10249096],[3.17290992]
[3.05435789],[1.09731422],[3.16218951]
[3.02591466],[1.09134285],[3.13541025]
[2.99606788],[1.08305363],[3.08202556]
[2.96567773],[1.07688418],[3.02260746]
[2.93557538],[1.06973587],[2.96930256]
[9.93871404],[1.24580621],[8.26863552]
[7.1621459],[0.95307467],[5.34899447]
[5.13000358],[0.83872564],[3.50455179]
[4.21723434],[0.46570192],[1.25317236]
[3.05579139],[0.48985629],[1.50265403]
[2.98926341],[0.70761752],[1.76303923]
[3.00439597],[0.81446509],[2.18719517]
[3.01495143],[0.97489049],[2.61509934]
[3.0274014],[1.07360113],[2.78727109]
[3.11708679],[1.21185772],[3.1337621]
[3.23756044],[1.35464317],[3.37319976]
[3.31944073],[1.37926933],[3.65742863]
[3.30361828],[1.40238979],[3.76108871]
[3.29547268],[1.39122201],[3.84463748]
[3.25752593],[1.41109033],[3.87906623]
[3.26820143],[1.40190871],[3.92645758]
[3.25923165],[1.42033621],[3.93068959]
[3.25506968],[1.4092952],[3.92057998]
[3.24573173],[1.42752381],[3.91960791]
[3.23708333],[1.41724322],[3.91155447]
[3.24056816],[1.43616703],[3.93023448]
[3.23275076],[1.4265962],[3.91021125]
[3.23596352],[1.44402676],[3.92302947]
[3.22506856],[1.43350733],[3.90350402]
[3.22773293],[1.44824526],[3.90407655]
[3.21832543],[1.4258306],[3.86721381]
[3.22151773],[1.44071573],[3.87262435]
[3.22265348],[1.41099601],[3.84021991]
[3.20788993],[1.42738422],[3.83697148]
[3.20933583],[1.39483049],[3.80194216]
[3.19906571],[1.41360136],[3.80989265]
[3.20688298],[1.37781462],[3.77785082]
[3.20361428],[1.385687],[3.79472424]
[3.22116707],[1.36091766],[3.78781732]
[3.20067711],[1.3693846],[3.7850007]
[3.21448858],[1.36010699],[3.77393735]
[3.1813415],[1.35106939],[3.72812022]
[3.17889778],[1.34178539],[3.69847839]
[3.17509984],[1.331602],[3.67500776]
[3.17347164],[1.32120877],[3.66022273]
[3.17279917],[1.30550478],[3.64771955]
[3.17203231],[1.28098235],[3.62243706]
[3.16870753],[1.25387104],[3.58483071]
[3.1593646],[1.22262308],[3.5516664]
[3.15262053],[1.19153288],[3.52130303]
[3.13458029],[1.17059982],[3.4715241]
[3.11153769],[1.15384936],[3.42541749]
[3.08733057],[1.13558845],[3.38474145]
[3.05820946],[1.11724986],[3.35015902]
[3.02644188],[1.09742832],[3.29929087]
[2.99673536],[1.085488],[3.24333551]
[2.96641363],[1.08115269],[3.21140806]
[2.91166888],[1.07179168],[3.15751282]
[2.82453679],[1.06394528],[3.06905566]
[2.71010391],[1.05331879],[2.95611642]
[10.12537525],[1.32505786],[8.96584262]
[7.92114704],[1.05636629],[5.86749048]
[6.88201762],[0.96037129],[4.3215894]
[5.82043816],[0.85554491],[2.97323436]
[4.23575842],[0.5155716],[2.08673132]
[3.00385551],[0.74087042],[2.18079368]
[3.03694159],[0.87289442],[2.06951833]
[3.01929708],[1.05411037],[2.75831461]
[2.99832283],[1.16786463],[2.93970844]
[2.99204669],[1.28591199],[3.3089836]
[3.11473181],[1.41199655],[3.57379592]
[3.26336835],[1.44252421],[3.85198766]
[3.27621687],[1.45184392],[3.96865606]
[3.28902731],[1.45666658],[4.08447092]
[3.26438721],[1.46007718],[4.13180647]
[3.29128525],[1.46023534],[4.15563679]
[3.28349281],[1.46617033],[4.15287497]
[3.29553714],[1.4609236],[4.16810558]
[3.28207859],[1.47150534],[4.14710535]
[3.2851877],[1.4660051],[4.15029389]
[3.28387336],[1.47913103],[4.15392561]
[3.27986546],[1.47194227],[4.14420074]
[3.27587197],[1.48317853],[4.14272998]
[3.27220988],[1.47213051],[4.13572932]
[3.26794577],[1.4826153],[4.12375554]
[3.26350439],[1.46707029],[4.09936231]
[3.26277172],[1.47460179],[4.09662988]
[3.25589994],[1.45713015],[4.07270893]
[3.25323326],[1.46499078],[4.06520221]
[3.24513928],[1.44647638],[4.03481721]
[3.24882671],[1.45579549],[4.03806583]
[3.24033447],[1.43599605],[4.0086532]
[3.25331715],[1.43909188],[4.02927487]
[3.24581682],[1.42482587],[4.00883418]
[3.2506236],[1.42907285],[4.02581671]
[3.2415262],[1.42295455],[3.98738525]
[3.2324882],[1.41581925],[3.9715035]
[3.22959884],[1.40870735],[3.92980031]
[3.22602051],[1.4005329],[3.90821226]
[3.22332015],[1.39243588],[3.89050348]
[3.22179839],[1.3796208],[3.87034034]
[3.22028238],[1.358707],[3.8470637]
[3.21493624],[1.33521471],[3.81836581]
[3.20419955],[1.308846],[3.79773895]
[3.19276739],[1.27913602],[3.79146337]
[3.16649768],[1.24431993],[3.75297078]
[3.13902841],[1.20956253],[3.71184913]
[3.11081651],[1.17688046],[3.67414368]
[3.08265356],[1.15599182],[3.634541]
[3.04511564],[1.13815172],[3.57576564]
[3.01333937],[1.12475981],[3.53678701]
[2.97870876],[1.11094587],[3.49657033]
[2.92704159],[1.09544607],[3.41874881]
[2.88244452],[1.09044019],[3.36074147]
[2.77172744],[1.06917977],[3.25880847]
[10.14296819],[1.40570806],[9.7237292]
[7.97358327],[1.15851242],[6.41639676]
[6.94294908],[1.05034577],[4.78049643]
[5.89718789],[0.98043794],[3.3790482]
[4.41060926],[0.84418029],[2.91219364]
[3.1103193],[0.74158734],[2.66060421]
[3.05970721],[0.92831897],[2.38966342]
[3.03518971],[1.07594227],[2.8210082]
[3.00249095],[1.17515541],[3.05357394]
[2.94391154],[1.29177333],[3.37778488]
[2.86074604],[1.41553044],[3.6243429]
[3.15462477],[1.44955057],[3.96241848]
[3.21123389],[1.46590787],[4.11649591]
[3.29829539],[1.45841263],[4.24786584]
[3.41615413],[1.47077275],[4.30467227]
[3.36471994],[1.4646057],[4.32353533]
[3.36967837],[1.47523115],[4.30291821]
[3.32011431],[1.46727968],[4.30720189]
[3.30691799],[1.48020775],[4.28389247]
[3.32765051],[1.47281488],[4.30576391]
[3.3159224],[1.4887633],[4.30045461]
[3.32218613],[1.48033776],[4.30806906]
[3.31128457],[1.49460857],[4.29763995]
[3.31733626],[1.48183321],[4.30190148]
[3.30737167],[1.4943243],[4.28668229]
[3.3128321],[1.47565966],[4.26971586]
[3.30371864],[1.48523946],[4.26632494]
[3.30780561],[1.46441687],[4.24357202]
[3.29740312],[1.4743188],[4.23531268]
[3.30110472],[1.45248697],[4.20470329]
[3.29591299],[1.46402778],[4.21048916]
[3.29834116],[1.44060431],[4.17782783]
[3.29910591],[1.44495041],[4.18899447]
[3.30381299],[1.42872056],[4.17799287]
[3.29701179],[1.43434479],[4.17898995]
[3.29998149],[1.42786876],[4.15133301]
[3.28926834],[1.42197155],[4.12594815]
[3.28746023],[1.41599132],[4.0905961]
[3.2848141],[1.409581],[4.06662714]
[3.28147886],[1.40328248],[4.046288]
[3.28008937],[1.39161697],[4.02123979]
[3.27825257],[1.37162768],[3.98755611]
[3.27372123],[1.34694555],[3.94370167]
[3.26098434],[1.32130792],[3.91288602]
[3.24633891],[1.29394386],[3.8916986]
[3.21897396],[1.26240375],[3.86817578]
[3.18771972],[1.2358994],[3.85363437]
[3.15230949],[1.21812467],[3.84575404]
[3.11930303],[1.18624762],[3.82974097]
[3.07717464],[1.17250348],[3.77654194]
[3.0312579],[1.16115698],[3.72258596]
[2.98720538],[1.14685703],[3.67816337]
[2.91326615],[1.12010619],[3.58302266]
[2.85614588],[1.10407673],[3.51039259]
[2.75736813],[1.07691208],[3.414402]
[10.21232303],[1.49130982],[10.44375653]
[7.99610793],[1.25535024],[7.00967026]
[6.96967917],[1.14546476],[5.2496075]
[5.935848],[1.04177449],[3.73958151]
[4.45917325],[0.9090918],[3.05500777]
[3.18885907],[0.77541967],[2.81315875]
[2.99336334],[0.94835221],[2.46831874]
[3.03943539],[1.03407372],[2.7415441]
[2.98261016],[1.17649014],[3.11709247]
[2.9052164],[1.28374806],[3.43205064]
[2.87401569],[1.41120242],[3.6982268]
[3.02561074],[1.45941298],[4.05027874]
[3.23964797],[1.47353226],[4.21253201]
[3.34931804],[1.47119052],[4.34563618]
[3.51261568],[1.48065225],[4.40950583]
[3.44997029],[1.4794006],[4.43942311]
[3.45808181],[1.48668581],[4.422359]
[3.37702415],[1.48356354],[4.4289532]
[3.37463677],[1.4922152],[4.40516347]
[3.43656058],[1.4875922],[4.437983]
[3.38684838],[1.50149638],[4.42438339]
[3.46845965],[1.49343975],[4.44644146]
[3.40257576],[1.50802399],[4.41959171]
[3.48571643],[1.49546673],[4.45257039]
[3.4157181],[1.50879358],[4.41400692]
[3.49776263],[1.48922599],[4.43035099]
[3.42807768],[1.49920444],[4.40334751]
[3.54947146],[1.47610637],[4.42872684]
[3.4269134],[1.48675845],[4.3791776]
[3.52348628],[1.46188123],[4.37853179]
[3.41371997],[1.47451764],[4.35125103]
[3.49089515],[1.44808517],[4.33813788]
[3.43795682],[1.45285491],[4.34736314]
[3.47642738],[1.43415513],[4.33750653]
[3.42398325],[1.43904039],[4.32038443]
[3.44403349],[1.43075272],[4.30446238]
[3.40082616],[1.42279146],[4.26622826]
[3.38482139],[1.41550208],[4.2262398]
[3.36973696],[1.40700073],[4.19757177]
[3.35811963],[1.39762758],[4.17351777]
[3.3528364],[1.38304917],[4.14712015]
[3.34258407],[1.35918086],[4.10457621]
[3.32657],[1.33297254],[4.04821786]
[3.30867773],[1.30554853],[4.00358273]
[3.29011356],[1.27480804],[3.96090639]
[3.25583747],[1.23910915],[3.91457457]
[3.20033382],[1.21848219],[3.89164897]
[3.1244792],[1.19799979],[3.86536437]
[3.0331028],[1.17497165],[3.84054837]
[2.84098005],[1.15269866],[3.78339145]
[2.66924065],[1.14272243],[3.70718479]
[2.53780026],[1.11745751],[3.64527453]
[2.52154586],[1.08113421],[3.55588718]
[2.50675346],[1.05807928],[3.48133786]
[2.4912673],[1.00609909],[3.38290118]
[10.28493756],[1.52988789],[10.81122123]
[8.04570955],[1.30547893],[7.38641739]
[7.01443693],[1.21003819],[5.59412952]
[5.96005297],[1.09923813],[3.99451399]
[4.48332435],[0.91136694],[3.24327432]
[3.27138026],[0.79378127],[3.02216647]
[2.98966603],[0.97725238],[2.59364471]
[3.00545842],[1.042964],[2.8006573]
[2.92610593],[1.20880012],[3.14490446]
[2.86646894],[1.31195982],[3.45341693]
[2.95453215],[1.42202832],[3.78623626]
[3.06156325],[1.4821063],[4.12393582]
[3.29704113],[1.49100369],[4.30366399]
[3.40491909],[1.49300804],[4.44929199]
[3.56726916],[1.5005587],[4.50142536]
[3.46354741],[1.49976252],[4.51739353]
[3.4880599],[1.50581684],[4.50464927]
[3.43948165],[1.5001458],[4.52302137]
[3.40042007],[1.50816361],[4.48700226]
[3.54984009],[1.50280935],[4.54390533]
[3.48010412],[1.51516749],[4.51539518]
[3.61041874],[1.50872011],[4.56028]
[3.50812295],[1.52099413],[4.51287223]
[3.65255211],[1.50990138],[4.57687625]
[3.55949468],[1.51979935],[4.51729395]
[3.67361378],[1.50330442],[4.55765911]
[3.60190966],[1.51003742],[4.51447765]
[3.70818958],[1.48832577],[4.54608467]
[3.62573618],[1.49329865],[4.49739874]
[3.69926336],[1.4708946],[4.50030263]
[3.61087263],[1.47668252],[4.46712191]
[3.68124893],[1.45313062],[4.45857102]
[3.65093263],[1.45117614],[4.46731766]
[3.67552783],[1.43492164],[4.4485726]
[3.63560551],[1.43284346],[4.42734198]
[3.64896292],[1.42359199],[4.40148142]
[3.6042494],[1.41462465],[4.36121593]
[3.57597839],[1.40474168],[4.30701674]
[3.55218321],[1.39369784],[4.26944386]
[3.53549356],[1.38333161],[4.23526821]
[3.52815827],[1.36754548],[4.19987078]
[3.51347239],[1.34302296],[4.15166301]
[3.48450731],[1.31605548],[4.08290589]
[3.34052811],[1.28941059],[3.98574868]
[3.22141034],[1.25852355],[3.92669818]
[3.08208208],[1.22668457],[3.83393187]
[3.09359231],[1.20391018],[3.73395479]
[3.10232628],[1.1818422],[3.67102899]
[3.0979494],[1.1586486],[3.61335528]
[2.90083801],[1.14050828],[3.50963396]
[2.77178857],[1.12049305],[3.45253323]
[2.6253162],[1.05406504],[3.38069417]
[2.47683969],[1.03263709],[3.26369187]
[2.45732175],[1.01183187],[3.19103044]
[2.44112102],[0.9713924],[3.11245616]
[10.40830356],[1.56395623],[11.2247786]
[8.10289262],[1.35258868],[7.6741954]
[7.07037612],[1.26440736],[5.84238804]
[6.02379361],[1.1690847],[4.20051186]
[4.62623441],[0.95174012],[3.41897194]
[3.43887063],[0.81588172],[3.24258197]
[3.01261904],[0.98899146],[2.78089177]
[3.00278761],[1.06109195],[2.97056013]
[2.9202026],[1.24683278],[3.24929884]
[2.86109067],[1.34081177],[3.57368592]
[3.06924259],[1.44806499],[3.94529422]
[3.19186678],[1.51104772],[4.2632501]
[3.40212325],[1.51667223],[4.43130139]
[3.49953759],[1.52067325],[4.57293734]
[3.64867033],[1.52671928],[4.62325267]
[3.53154235],[1.52768418],[4.63231227]
[3.56621525],[1.5326821],[4.6204416]
[3.56510717],[1.52826286],[4.66627]
[3.49998469],[1.53550847],[4.62081935]
[3.68871314],[1.52935878],[4.6900664]
[3.63419532],[1.54015745],[4.66862141]
[3.73023125],[1.53392127],[4.69469765]
[3.67046331],[1.54466155],[4.66100124]
[3.75769096],[1.53493003],[4.70273717]
[3.70197552],[1.54366177],[4.65976676]
[3.76963274],[1.52864892],[4.67879272]
[3.72690395],[1.53465919],[4.64917956]
[3.79493566],[1.51497961],[4.66478007]
[3.74675371],[1.51858412],[4.63316578]
[3.79176132],[1.49847863],[4.6229166]
[3.73986477],[1.50253069],[4.60542967]
[3.78016928],[1.48095464],[4.58250091]
[3.77155055],[1.47789148],[4.5988211]
[3.77651443],[1.46330959],[4.57153351]
[3.76400429],[1.45963136],[4.56436356]
[3.76083355],[1.44985878],[4.52466206]
[3.74493902],[1.43943334],[4.50070562]
[3.71702],[1.42806331],[4.44429838]
[3.69979494],[1.41758881],[4.41137632]
[3.68693224],[1.40760521],[4.37957152]
[3.67918024],[1.39295658],[4.34193087]
[3.66890819],[1.36820003],[4.29274274]
[3.6475702],[1.34162811],[4.22977468]
[3.57795464],[1.31439165],[4.16378735]
[3.31376193],[1.29636863],[4.04368599]
[3.21492164],[1.27920654],[3.98333121]
[3.15902054],[1.26050753],[3.93122853]
[3.17245338],[1.24244959],[3.87130933]
[3.19740014],[1.22447305],[3.84756679]
[3.18816541],[1.20899287],[3.80711298]
[3.11853761],[1.19178657],[3.75123555]
[3.04893455],[1.16773774],[3.69873871]
[2.96556091],[1.11827163],[3.61217789]
[2.82855657],[1.06118948],[3.51888101]
[2.56900202],[1.02310856],[3.41441325]
[10.39717818],[1.59420235],[11.55340637]
[8.09321049],[1.38698586],[7.91495015]
[7.07279124],[1.30275157],[6.03060979]
[5.9090101],[1.21604905],[4.31908942]
[4.46951132],[0.98132153],[3.5620339]
[3.32385359],[0.8416245],[3.3462346]
[3.03693742],[0.99883061],[2.86411362]
[2.99897355],[1.07853716],[3.07828031]
[2.91107205],[1.26840408],[3.31307404]
[2.94403458],[1.35879961],[3.6920524]
[3.1506135],[1.46409098],[4.0598093]
[3.29869218],[1.52836173],[4.34992281]
[3.47515184],[1.53380379],[4.52476144]
[3.58119294],[1.53752909],[4.68450575]
[3.66452441],[1.54455072],[4.69283245]
[3.54228523],[1.54398559],[4.70720613]
[3.57108957],[1.55025442],[4.70419264]
[3.69293366],[1.54515797],[4.77113602]
[3.66226133],[1.55457793],[4.73537972]
[3.78448952],[1.5461703],[4.78277964]
[3.7559129],[1.55937198],[4.76625492]
[3.81388997],[1.55091835],[4.78061018]
[3.77779384],[1.56279933],[4.75235093]
[3.83142038],[1.5495757],[4.78044867]
[3.79929577],[1.56014541],[4.74331099]
[3.83828356],[1.54300435],[4.74984256]
[3.81506643],[1.55077325],[4.72752421]
[3.86084691],[1.52995672],[4.73187192]
[3.83321277],[1.53441065],[4.71063979]
[3.86313919],[1.51262156],[4.69070007]
[3.82931684],[1.51788754],[4.6837498]
[3.8583592],[1.49451306],[4.65574676]
[3.85578608],[1.49167886],[4.6712401]
[3.86242133],[1.47607931],[4.64934007]
[3.85215835],[1.47270322],[4.63924311]
[3.85015957],[1.46091912],[4.60396812]
[3.83812086],[1.44932071],[4.57718705]
[3.81212482],[1.43825831],[4.52224723]
[3.80057357],[1.42743573],[4.49014607]
[3.79153942],[1.41665244],[4.45843571]
[3.78609711],[1.39948713],[4.41849528]
[3.78041967],[1.37193466],[4.3688347]
[3.76409528],[1.34207408],[4.30758479]
[3.71847234],[1.31603134],[4.25082823]
[3.59467586],[1.29978062],[4.16795676]
[3.31539468],[1.28118464],[4.01863053]
[3.19768872],[1.2635513],[3.97110398]
[3.16972279],[1.24451588],[3.93394235]
[3.17449359],[1.22630543],[3.87971254]
[3.13820465],[1.20957783],[3.79603828]
[3.10120599],[1.19321412],[3.74680114]
[3.01397614],[1.16808726],[3.69103738]
[2.92971667],[1.11562306],[3.6031233]
[2.81069898],[1.07577464],[3.51375212]
[2.72608191],[1.03812794],[3.43267615]
[10.41783255],[1.62804007],[11.84206831]
[8.10545176],[1.4115863],[8.08764925]
[7.12381117],[1.3256576],[6.17476062]
[5.91597638],[1.24254268],[4.41318926]
[4.45820634],[1.00594058],[3.65649264]
[3.30809807],[0.84918344],[3.40759636]
[3.04748557],[1.00496881],[2.88515449]
[2.97908008],[1.10218275],[3.08457621]
[2.8922756],[1.28562081],[3.38107781]
[3.09085102],[1.37861373],[3.82031405]
[3.24417077],[1.47848116],[4.13587395]
[3.35900087],[1.54446868],[4.43016657]
[3.53411821],[1.54716548],[4.60736176]
[3.61682003],[1.55154639],[4.76122641]
[3.67720654],[1.55793626],[4.75807362]
[3.60816664],[1.55678253],[4.82638551]
[3.64285558],[1.56341424],[4.82147891]
[3.78909],[1.55664318],[4.86258466]
[3.77881548],[1.5665941],[4.8312338]
[3.86009499],[1.55818547],[4.86451135]
[3.84922323],[1.57134941],[4.85274146]
[3.88153006],[1.5637219],[4.85617446]
[3.86076313],[1.57499855],[4.83564174]
[3.89783733],[1.56304872],[4.86163725]
[3.87572785],[1.57241861],[4.81975539]
[3.90413152],[1.55544725],[4.83503752]
[3.88899223],[1.56218708],[4.80369757]
[3.92427318],[1.54101955],[4.81872413]
[3.907293],[1.54581703],[4.78207343]
[3.92822682],[1.52385154],[4.76798356]
[3.90616542],[1.52928027],[4.75573861]
[3.92491291],[1.50591965],[4.72963883]
[3.93218283],[1.50272788],[4.74142537]
[3.92989425],[1.48743817],[4.72106585]
[3.93258286],[1.48280523],[4.70890943]
[3.92394409],[1.47028194],[4.67122878]
[3.92454681],[1.45889878],[4.64975858]
[3.90356029],[1.44740396],[4.59619267]
[3.89402276],[1.43693135],[4.56594036]
[3.88698267],[1.42633515],[4.53519571]
[3.88330035],[1.40920179],[4.49722052]
[3.87746917],[1.38074408],[4.44645333]
[3.86331419],[1.34815571],[4.38545038]
[3.83602265],[1.32923572],[4.33650215]
[3.73862199],[1.31113336],[4.25505094]
[3.55433464],[1.29000424],[4.13534524]
[3.25854946],[1.2703514],[4.01382904]
[3.18941559],[1.25454985],[3.97270221]
[3.1877587],[1.23619316],[3.92102906]
[3.15240741],[1.21889332],[3.83125808]
[3.12584499],[1.19933302],[3.76108093]
[3.05157593],[1.17472557],[3.70281573]
[2.93658595],[1.12029301],[3.60561242]
[2.81484566],[1.09081877],[3.5138767]
[2.73137109],[1.05674861],[3.4420672]
[10.46551956],[1.64500558],[12.00665808]
[8.1035952],[1.42471782],[8.19005802]
[7.14813761],[1.33913708],[6.24922862]
[5.88627018],[1.25729104],[4.43404492]
[4.42912437],[1.00485948],[3.69212064]
[3.25797774],[0.85867287],[3.44048636]
[3.02044744],[1.0110692],[3.13637759]
[2.91554778],[1.12814074],[3.09281052]
[2.96749693],[1.30130659],[3.46776766]
[3.16273075],[1.39279764],[3.90188992]
[3.28670979],[1.48850384],[4.17770523]
[3.38533085],[1.55004186],[4.48654928]
[3.5671905],[1.55308702],[4.6616407]
[3.62208926],[1.55253676],[4.83249005]
[3.67595927],[1.55994664],[4.82649676]
[3.73900687],[1.55411303],[4.90131996]
[3.77542782],[1.55938774],[4.88912148]
[3.88059589],[1.55430768],[4.91728573]
[3.87373476],[1.56339673],[4.88396201]
[3.93342317],[1.55546963],[4.91468504]
[3.92632665],[1.5676941],[4.89826121]
[3.94708811],[1.56069029],[4.90890871]
[3.93266582],[1.56988247],[4.88315542]
[3.95549859],[1.55779941],[4.91355812]
[3.94485254],[1.5674011],[4.87140122]
[3.96244792],[1.55048489],[4.88928299]
[3.95787294],[1.55686056],[4.86048391]
[3.98112081],[1.53671349],[4.86883686]
[3.98454117],[1.54148882],[4.83794913]
[4.00030464],[1.51763199],[4.81821314]
[3.99298379],[1.52268215],[4.80241291]
[3.99060861],[1.49830657],[4.76942737]
[4.02357676],[1.49431341],[4.7792304]
[3.98008107],[1.47746457],[4.7396762]
[4.00823065],[1.47212704],[4.72796669]
[3.96127992],[1.45912207],[4.67639493]
[3.95466858],[1.44721792],[4.63904142]
[3.89565877],[1.43615767],[4.56777771]
[3.87781593],[1.42515866],[4.53079616]
[3.84794171],[1.41402951],[4.48619167]
[3.81128385],[1.39693152],[4.42913633]
[3.77005127],[1.36811278],[4.36222003]
[3.7447241],[1.34007198],[4.29148207]
[3.64509677],[1.32251769],[4.19315908]
[3.39998277],[1.30521437],[4.0584988]
[3.17166656],[1.28258894],[3.94475302]
[3.1485696],[1.26211589],[3.82918984]
[3.1338628],[1.2419948],[3.73192835]
[3.13578779],[1.22120329],[3.66260004]
[3.09528683],[1.20058605],[3.58701278]
[3.06682418],[1.17981856],[3.52437952]
[3.02497107],[1.15380097],[3.46936024]
[2.86798734],[1.09344393],[3.37164823]
[2.72565421],[1.03872004],[3.27907435]
[2.67872926],[1.01346169],[3.25650164]
[10.66609443],[1.66287817],[12.27840118]
[8.21629939],[1.4368208],[8.36587975]
[7.2229067],[1.35423904],[6.41107985]
[5.9548595],[1.27406724],[4.55064974]
[4.46293578],[1.00904317],[3.81621858]
[3.29679759],[0.87815403],[3.52866387]
[3.01998441],[1.0238927],[3.21967591]
[2.90907739],[1.17939637],[3.23906949]
[3.05864221],[1.33902443],[3.62016238]
[3.25045051],[1.42188126],[4.03763933]
[3.33782357],[1.51491082],[4.30505967]
[3.41164516],[1.57523819],[4.59457311]
[3.63701509],[1.57443461],[4.76352994]
[3.68024317],[1.57626221],[4.98454253]
[3.73363134],[1.58109604],[4.98244267]
[3.82866482],[1.57681943],[5.01941492]
[3.86057267],[1.58049686],[5.00654886]
[3.94173111],[1.57691648],[5.0309382]
[3.93671388],[1.58320696],[4.99080589]
[3.97745381],[1.57862955],[5.03106254]
[3.97839616],[1.58726531],[5.01130116]
[3.98841437],[1.58169644],[5.01860585]
[3.99515409],[1.58871508],[5.00538432]
[4.0129371],[1.57910438],[5.02695441]
[4.0285464],[1.58784753],[5.00190176]
[4.03334369],[1.57419067],[5.0147218]
[4.05501674],[1.57788364],[5.00374393]
[4.06410844],[1.56037079],[5.00192481]
[4.09256],[1.56287323],[4.98343896]
[4.11779639],[1.54406856],[4.95317233]
[4.11007101],[1.54644471],[4.94336254]
[4.09017581],[1.52387605],[4.90372525]
[4.15711894],[1.51677721],[4.91767285]
[4.06954354],[1.50089526],[4.87439147]
[4.14159195],[1.49463451],[4.869782]
[4.05557848],[1.48231531],[4.81074347]
[4.10585315],[1.47112011],[4.79195676]
[4.0408386],[1.46183579],[4.72797465]
[4.01995346],[1.45172754],[4.69269003]
[3.98834679],[1.4413011],[4.65168177]
[3.95201418],[1.42564213],[4.60140534]
[3.89191531],[1.40917343],[4.53671985]
[3.86426934],[1.39102994],[4.47362418]
[3.79432204],[1.37381675],[4.38851039]
[3.65462715],[1.3555082],[4.30879634]
[3.45413079],[1.3361919],[4.20278085]
[3.27671751],[1.31826257],[4.11304656]
[3.29742318],[1.30101524],[4.05881571]
[3.31698807],[1.28296738],[3.99610984]
[3.29182066],[1.26273901],[3.90367191]
[3.26743062],[1.24089454],[3.8294077]
[3.24978115],[1.21522825],[3.77013927]
[3.20671782],[1.16060303],[3.67029413]
[3.12076441],[1.10516476],[3.57301476]
[3.11425309],[1.07196491],[3.5405055]
[10.75700406],[1.6885344],[12.60225605]
[8.29123524],[1.45711165],[8.63189046]
[7.24255993],[1.38110665],[6.6496824]
[6.05933956],[1.30923886],[4.75955196]
[4.46008055],[1.04588659],[3.89098579]
[3.28004765],[0.89159454],[3.56963128]
[3.01026371],[1.03410865],[3.24208933]
[2.9199128],[1.22058169],[3.34246735]
[3.14548952],[1.36806435],[3.75164969]
[3.28756072],[1.44343872],[4.12743237]
[3.3633669],[1.53491618],[4.39588971]
[3.44578399],[1.58815015],[4.68941052]
[3.66862157],[1.58705267],[4.89004791]
[3.76218453],[1.58713551],[5.10081044]
[3.77850439],[1.59311488],[5.10446793]
[3.90745347],[1.588577],[5.12026336]
[3.93244663],[1.59259797],[5.09762011]
[3.99012014],[1.59139136],[5.12953585]
[4.01091145],[1.59916572],[5.11116736]
[4.04726095],[1.59875442],[5.15673198]
[4.08733354],[1.60918676],[5.16403211]
[4.10214916],[1.60789688],[5.17555084]
[4.15079174],[1.61646066],[5.18622797]
[4.19235551],[1.61207622],[5.20619597]
[4.22899393],[1.62172687],[5.21176709]
[4.25798858],[1.61254804],[5.22451276]
[4.28501379],[1.61379482],[5.22450481]
[4.32923264],[1.59709976],[5.22409734]
[4.34296044],[1.59459426],[5.20915817]
[4.38008578],[1.57570691],[5.17413632]
[4.36449441],[1.57216616],[5.15437722]
[4.36004377],[1.5489528],[5.10018972]
[4.3696629],[1.53965596],[5.09482225]
[4.31687518],[1.51862198],[5.02941654]
[4.33157333],[1.51006574],[5.01981556]
[4.26377976],[1.49473254],[4.9384741]
[4.27906492],[1.482211],[4.91739782]
[4.20236099],[1.47196508],[4.83377036]
[4.12811062],[1.46227426],[4.78439092]
[4.07769392],[1.4521258],[4.74755672]
[4.03781345],[1.44191392],[4.70211548]
[3.98819446],[1.4265593],[4.64283253]
[3.96182019],[1.4085761],[4.56967577]
[3.90794811],[1.39052766],[4.49044581]
[3.76232714],[1.37004306],[4.3942421]
[3.58934587],[1.35069172],[4.29993626]
[3.38606499],[1.33240792],[4.21222163]
[3.32501701],[1.31527503],[4.1498681]
[3.32238706],[1.29678557],[4.07033502]
[3.29644449],[1.27652294],[3.95805221]
[3.2823738],[1.25655266],[3.87063786]
[3.26716163],[1.23275965],[3.81126639]
[3.22623792],[1.17476737],[3.70869979]
[3.20562951],[1.12504177],[3.61659231]
[3.2022069],[1.09052784],[3.60538601]
[10.7238843],[1.73091307],[12.78221708]
[8.25980614],[1.47745491],[8.74732968]
[7.22130376],[1.40417184],[6.70472151]
[5.95374863],[1.321797],[4.75527293]
[4.41367073],[1.0528142],[3.81292574]
[3.18847014],[0.89880889],[3.47459901]
[2.97949289],[1.05052432],[3.17155124]
[3.00349144],[1.26139917],[3.47110314]
[3.16844686],[1.39685034],[3.85140072]
[3.29645662],[1.45106781],[4.18293501]
[3.36376693],[1.53739257],[4.44043781]
[3.52258111],[1.58644201],[4.76018551]
[3.70411185],[1.58590041],[4.98283683]
[3.8585644],[1.58565904],[5.18060866]
[3.88069673],[1.60045109],[5.20059217]
[3.97580164],[1.60121086],[5.22642784]
[4.03363614],[1.61105975],[5.23810687]
[4.16477958],[1.6101169],[5.29425229]
[4.23617181],[1.61812113],[5.29664303]
[4.27940023],[1.61661185],[5.32370883]
[4.27876665],[1.62577286],[5.31296486]
[4.32952892],[1.62412566],[5.33416309]
[4.31854389],[1.63139625],[5.32435025]
[4.34592171],[1.62862587],[5.34901295]
[4.35484168],[1.63783871],[5.35744228]
[4.4018604],[1.63018192],[5.39104608]
[4.392892],[1.63085299],[5.39121037]
[4.41016921],[1.61604813],[5.39333171]
[4.39574534],[1.61440206],[5.37302992]
[4.38961264],[1.59385208],[5.30872327]
[4.34731487],[1.59232697],[5.26508422]
[4.31524397],[1.56804697],[5.18691118]
[4.2896486],[1.561607],[5.17075044]
[4.20207903],[1.54069665],[5.08025389]
[4.16833617],[1.53375342],[5.05090029]
[4.04725355],[1.51868785],[4.95606172]
[4.03964184],[1.50360058],[4.90948321]
[3.95015141],[1.4892021],[4.81819093]
[3.91705332],[1.47293911],[4.76669314]
[3.87155003],[1.45718033],[4.70780948]
[3.81668284],[1.44569588],[4.64078066]
[3.75485949],[1.42345553],[4.55970116]
[3.71346943],[1.39930047],[4.46076727]
[3.60629812],[1.37675383],[4.347755]
[3.37827195],[1.35575893],[4.20804925]
[3.2751718],[1.33672739],[4.07875592]
[3.29367785],[1.31860476],[3.99133573]
[3.2857815],[1.30340481],[3.88660305]
[3.28691414],[1.28328118],[3.81773914]
[3.25756342],[1.26466159],[3.73568062]
[3.23348105],[1.24267264],[3.6639026]
[3.22183033],[1.21937412],[3.61235582]
[3.18063444],[1.16194619],[3.51982309]
[3.17495666],[1.12031624],[3.46446928]
[3.23475495],[1.08418503],[3.48967765]
[10.8331864],[1.74941663],[13.03115087]
[8.4117618],[1.49461557],[8.9704317]
[7.27657946],[1.42303493],[6.85472179]
[5.92024397],[1.33596669],[4.83466833]
[4.38290739],[1.06395623],[3.85083047]
[3.0963057],[0.91698036],[3.4592011]
[2.99557962],[1.11151463],[3.24480132]
[3.11367986],[1.31381197],[3.63816163]
[3.23377969],[1.43453279],[4.02163231]
[3.33763364],[1.48453141],[4.34296241]
[3.45333962],[1.56792471],[4.61817335]
[3.63332957],[1.6180136],[4.95129008]
[3.79443303],[1.62407673],[5.203019]
[3.93781273],[1.63410088],[5.40308926]
[3.97558721],[1.64477076],[5.46837081]
[4.07899023],[1.64852776],[5.48216678]
[4.23390322],[1.65396812],[5.54225466]
[4.38440806],[1.65403595],[5.59567967]
[4.42892094],[1.65624838],[5.59888426]
[4.48898633],[1.65746503],[5.62112399]
[4.47838726],[1.65945644],[5.61833073]
[4.52787688],[1.66424379],[5.64878049]
[4.5171233],[1.66559089],[5.65128042]
[4.55595448],[1.66980384],[5.70112028]
[4.55018557],[1.67205845],[5.74142642]
[4.60912388],[1.67258787],[5.79953448]
[4.57548767],[1.66618218],[5.80145872]
[4.62311456],[1.66081301],[5.82112622]
[4.55927263],[1.65110014],[5.78477826]
[4.61177104],[1.6392383],[5.73663248]
[4.54241211],[1.6338586],[5.66364634]
[4.57364269],[1.61547857],[5.60172641]
[4.4845687],[1.60801921],[5.5745764]
[4.43289405],[1.59038769],[5.45182043]
[4.38291051],[1.58351376],[5.45054875]
[4.31437673],[1.57037671],[5.29633329]
[4.29209742],[1.55855867],[5.29721173]
[4.18247683],[1.54695529],[5.14597449]
[4.13297892],[1.53703096],[5.08860742]
[4.07220804],[1.53188899],[5.03278489]
[4.01975601],[1.52267691],[4.97162677]
[3.9574134],[1.50393883],[4.89237313]
[3.92047779],[1.48326981],[4.80984667]
[3.84969578],[1.46077001],[4.71717545]
[3.64395114],[1.44022508],[4.59295986]
[3.41288819],[1.41752537],[4.4735837]
[3.43367485],[1.39658764],[4.3880693]
[3.45105271],[1.37451812],[4.31054318]
[3.46856532],[1.34715605],[4.23246351]
[3.4446961],[1.32425726],[4.12280399]
[3.42042923],[1.30136543],[4.01374729]
[3.40643306],[1.27754134],[3.937732]
[3.36412724],[1.22594765],[3.84039318]
[3.35767517],[1.19637671],[3.79067424]
[3.38894779],[1.16688696],[3.79731164]
[10.87018844],[1.76660536],[13.28694455]
[8.36662867],[1.51146036],[9.1333647]
[7.28275554],[1.43787517],[6.9666521]
[5.86440707],[1.35090151],[4.88806963]
[4.31975018],[1.08345667],[3.8681258]
[2.98976798],[0.93171684],[3.42652664]
[3.00341819],[1.15142916],[3.23880319]
[3.16113722],[1.34180602],[3.70899751]
[3.27810432],[1.46943199],[4.1574634]
[3.39848905],[1.52828319],[4.50379349]
[3.52166161],[1.60565361],[4.79427173]
[3.7300617],[1.65461653],[5.15378352]
[3.8738336],[1.65935454],[5.42964415]
[4.01197228],[1.67026528],[5.628013]
[4.07689677],[1.67945048],[5.69486329]
[4.20358711],[1.68466691],[5.74728364]
[4.36630172],[1.6851101],[5.8112869]
[4.4918103],[1.69017059],[5.84194019]
[4.52172499],[1.68753564],[5.90175067]
[4.57750779],[1.69410961],[5.92429527]
[4.57462394],[1.69034596],[5.94947096]
[4.6215376],[1.6989756],[5.98131578]
[4.60392409],[1.69607729],[5.99111266]
[4.67948024],[1.70441581],[6.09539743]
[4.64181688],[1.70387712],[6.13792255]
[4.74022622],[1.70820223],[6.21449761]
[4.68860392],[1.69920404],[6.20330363]
[4.78884251],[1.69554449],[6.24220534]
[4.72654098],[1.6839407],[6.19996705]
[4.81102981],[1.67473012],[6.16236163]
[4.72588751],[1.66517371],[6.07980196]
[4.79577023],[1.65224604],[6.0073692]
[4.70431492],[1.64357558],[5.95153221]
[4.68660322],[1.62845582],[5.84780981]
[4.61146573],[1.61943287],[5.8177649]
[4.57843124],[1.60697851],[5.68273991]
[4.5171977],[1.59593454],[5.65327994]
[4.46165077],[1.58560208],[5.52451935]
[4.38750284],[1.57985488],[5.44134412]
[4.30625794],[1.57568969],[5.36360525]
[4.2485113],[1.56792652],[5.28934379]
[4.16720256],[1.55142073],[5.2095587]
[4.11985229],[1.53353709],[5.12557881]
[4.06046595],[1.51455755],[5.04556165]
[3.92637695],[1.49618397],[4.93880963]
[3.76261069],[1.47605492],[4.82894906]
[3.62074072],[1.45608645],[4.75543745]
[3.55355644],[1.43596978],[4.67500976]
[3.55835387],[1.41068951],[4.57841881]
[3.52608781],[1.3850281],[4.45679562]
[3.49067836],[1.35446501],[4.32365804]
[3.45983904],[1.31645544],[4.19655226]
[3.43562181],[1.28043796],[4.06086332]
[3.43183724],[1.25753017],[3.99187344]
[3.44074929],[1.21619363],[3.94392962]
[10.94843667],[1.82923626],[13.57611677]
[8.3922853],[1.53036401],[9.26193778]
[7.3170121],[1.45258933],[7.04278103]
[5.83409371],[1.35948368],[4.8983502]
[4.27281025],[1.09828621],[3.79490132]
[2.94918084],[0.93902981],[3.36968474]
[3.01514748],[1.17287362],[3.2202431]
[3.19971848],[1.36569312],[3.76022401]
[3.31255069],[1.50339201],[4.28059083]
[3.44928174],[1.56115663],[4.64062437]
[3.58551418],[1.6279562],[4.94297878]
[3.82989025],[1.67422865],[5.32608742]
[3.95775708],[1.67895627],[5.60591187]
[4.08589601],[1.68935604],[5.81903912]
[4.18250857],[1.69805246],[5.89668054]
[4.35226523],[1.70543904],[5.98937147]
[4.4719084],[1.70335459],[6.04000271]
[4.58492631],[1.71132125],[6.12365736]
[4.60292814],[1.70626739],[6.17886614]
[4.66986827],[1.71510714],[6.19384976]
[4.64384095],[1.70971937],[6.22670553]
[4.74357309],[1.7193439],[6.26785767]
[4.69125406],[1.7184708],[6.26197563]
[4.79431772],[1.72732348],[6.37342707]
[4.74183325],[1.73471904],[6.41267126]
[4.8578201],[1.73784532],[6.50070395]
[4.78522389],[1.7276685],[6.48377045]
[4.92073248],[1.71600607],[6.53246303]
[4.82296906],[1.70426366],[6.46217741]
[4.96022474],[1.69656736],[6.46873005]
[4.868223],[1.68646404],[6.36443452]
[4.98308439],[1.67537331],[6.32895775]
[4.81622837],[1.6674342],[6.20838484]
[4.81508617],[1.65363025],[6.13111527]
[4.73139079],[1.64573301],[6.08309147]
[4.71372857],[1.63448341],[5.9730454]
[4.64051317],[1.6261],[5.94477272]
[4.60938685],[1.62011309],[5.85023309]
[4.53405124],[1.61598373],[5.78185731]
[4.49110903],[1.612289],[5.72890147]
[4.44251651],[1.60551007],[5.66376392]
[4.38265142],[1.59053389],[5.59857333]
[4.33945141],[1.57426616],[5.513969]
[4.28951585],[1.55665838],[5.42732238]
[4.139762],[1.53990294],[5.30799708]
[3.96842752],[1.52105641],[5.16732194]
[3.85630564],[1.50210831],[5.05677107]
[3.73596399],[1.48218807],[4.97617196]
[3.64804997],[1.45816412],[4.86916456]
[3.6149617],[1.43286175],[4.7408976]
[3.58014865],[1.40533386],[4.60333495]
[3.54825891],[1.36887943],[4.47404456]
[3.53123482],[1.32258829],[4.34737204]
[3.52966943],[1.30321005],[4.26285362]
[3.53143169],[1.27726714],[4.16878002]
[10.99457544],[1.84472677],[13.70759912]
[8.47376422],[1.5452022],[9.33406572]
[7.32979624],[1.46116147],[7.02189468]
[5.77773183],[1.3628099],[4.8246084]
[4.12864494],[1.09537449],[3.65814342]
[2.86076534],[0.95475998],[3.247496]
[3.0192546],[1.21857505],[3.21815136]
[3.21088513],[1.39992668],[3.86699752]
[3.34849877],[1.52168764],[4.38652494]
[3.48743822],[1.57903642],[4.74024679]
[3.65393896],[1.63538161],[5.06255504]
[3.88375317],[1.67706526],[5.42400412]
[4.01495144],[1.68317778],[5.711926]
[4.14603238],[1.69247252],[5.95472918]
[4.29771309],[1.70073908],[6.04338065]
[4.43394859],[1.70859613],[6.1331147]
[4.4904875],[1.70930059],[6.20816384]
[4.58514372],[1.71429091],[6.28855997]
[4.55455774],[1.71488124],[6.31739283]
[4.62164882],[1.71938369],[6.3323937]
[4.55976884],[1.72047668],[6.35429076]
[4.64048854],[1.7269437],[6.37429931]
[4.59777328],[1.7330575],[6.39782034]
[4.69155863],[1.7410506],[6.4866787]
[4.64512659],[1.75043027],[6.53453261]
[4.75749348],[1.75431441],[6.63702022]
[4.6746774],[1.74786267],[6.60297269]
[4.75124902],[1.733109],[6.66663809]
[4.66639595],[1.72318878],[6.59385565]
[4.6918344],[1.70431134],[6.56573115]
[4.61481225],[1.69514735],[6.46787156]
[4.68378922],[1.68395619],[6.42970487]
[4.61015794],[1.67729092],[6.3289493]
[4.58790109],[1.66541611],[6.27326269]
[4.52744616],[1.6578069],[6.19528906]
[4.49370146],[1.64879968],[6.1042834]
[4.44833022],[1.64129615],[6.06485179]
[4.38661289],[1.63739748],[5.97635172]
[4.32403179],[1.63317712],[5.90248608]
[4.27286022],[1.62929859],[5.8426001]
[4.21629362],[1.62208158],[5.7706592]
[4.13784824],[1.60659736],[5.6876881]
[4.09718126],[1.59049082],[5.59757926]
[4.03891687],[1.57392069],[5.50258501]
[3.89767228],[1.55784177],[5.37712926]
[3.82555086],[1.53910974],[5.24913855]
[3.79454427],[1.52091592],[5.14167473]
[3.76282777],[1.50139248],[5.02168826]
[3.72337732],[1.47838482],[4.88737606]
[3.68968083],[1.45428543],[4.76905375]
[3.65493136],[1.4273823],[4.63841894]
[3.62507045],[1.38814606],[4.50242994]
[3.60946621],[1.3542137],[4.39275581]
[3.61464047],[1.32195221],[4.30975452]
[3.6234796],[1.2869945],[4.21698275]
[11.10253031],[1.86483458],[13.92722697]
[8.60012322],[1.563153],[9.47519604]
[7.42901734],[1.47264306],[7.09574894]
[5.80802684],[1.36984742],[4.82996065]
[4.08038078],[1.09442328],[3.70784482]
[2.89319455],[0.97050131],[3.30872462]
[3.08284772],[1.27571584],[3.42976902]
[3.29845908],[1.44381651],[4.06659388]
[3.41784121],[1.56219272],[4.57114658]
[3.60031952],[1.61830165],[4.94214783]
[3.74031514],[1.66377237],[5.2912189]
[3.97931666],[1.70256924],[5.62309577]
[4.12863408],[1.70663271],[5.94353456]
[4.2920433],[1.71868032],[6.21817674]
[4.42475192],[1.7260522],[6.31808087]
[4.54999409],[1.73857285],[6.45515337]
[4.61000322],[1.74209379],[6.53309161]
[4.75971551],[1.74838597],[6.66186166]
[4.73052015],[1.74775936],[6.68263441]
[4.81014259],[1.75453441],[6.71581263]
[4.72709401],[1.75649654],[6.73097374]
[4.82462287],[1.76394231],[6.77358105]
[4.76349172],[1.77212365],[6.79793718]
[4.89087587],[1.78282401],[6.90609403]
[4.80791847],[1.79550971],[6.98685703]
[4.96169988],[1.80041367],[7.12887376]
[4.84415193],[1.80082423],[7.10996273]
[4.95238703],[1.79433876],[7.21439649]
[4.84544929],[1.77644396],[7.11396338]
[4.94727016],[1.75935159],[7.15495023]
[4.84781421],[1.74460712],[7.03492608]
[4.95699089],[1.72616538],[7.02210991]
[4.87000007],[1.71613351],[6.88073049]
[4.87205918],[1.70121057],[6.83660817]
[4.78889878],[1.69468777],[6.69572809]
[4.78622595],[1.68909694],[6.6406408]
[4.71391335],[1.68543412],[6.55734208]
[4.7038699],[1.68178013],[6.49961236]
[4.6251369],[1.67779988],[6.40450923]
[4.5849969],[1.67416228],[6.34352723]
[4.53866922],[1.6677453],[6.27476314]
[4.48201515],[1.65396902],[6.19886445]
[4.43593741],[1.63681902],[6.10162638]
[4.38615382],[1.62308216],[5.99395313]
[4.25399658],[1.60951735],[5.85512253]
[4.06899149],[1.59340436],[5.69334843]
[3.97154396],[1.57756642],[5.57798795]
[3.93071657],[1.56028696],[5.45438687]
[3.88568348],[1.54112263],[5.31558814]
[3.82486653],[1.51940572],[5.16340435]
[3.78300519],[1.49633953],[5.02601029]
[3.7583033],[1.46322511],[4.87976009]
[3.74624563],[1.43398246],[4.77905514]
[3.7547938],[1.4083093],[4.6927847]
[3.76392976],[1.37843409],[4.58703845]
[11.14811358],[1.89381423],[14.21373968]
[8.70966731],[1.58063895],[9.71309375]
[7.53831472],[1.4884609],[7.1752637]
[5.67400361],[1.38751578],[4.80693231]
[3.97144125],[1.13335356],[3.80720736]
[2.92830991],[0.98427662],[3.36055935]
[3.18282305],[1.32192573],[3.60655525]
[3.38871907],[1.47950693],[4.23861238]
[3.48794781],[1.59297152],[4.74472371]
[3.72317914],[1.64542783],[5.13646775]
[3.85464139],[1.68807203],[5.48886651]
[4.09024394],[1.72394385],[5.8092155]
[4.24415996],[1.73591686],[6.16800815]
[4.43130569],[1.74827708],[6.4802088]
[4.53038491],[1.77319458],[6.61676901]
[4.64307996],[1.78081132],[6.77704546]
[4.70383589],[1.79085223],[6.88250052]
[4.89651268],[1.79081083],[7.04331317]
[4.85972103],[1.79373118],[7.08369966]
[5.01273935],[1.8008703],[7.16969317]
[4.93044465],[1.8051982],[7.1995344]
[5.05833164],[1.81260076],[7.33064844]
[5.00913653],[1.83488328],[7.37375813]
[5.0951281],[1.84417623],[7.53633076]
[5.04965973],[1.8839784],[7.63198721]
[5.15513523],[1.88128299],[7.79831424]
[5.11756868],[1.89227195],[7.83310962]
[5.18233017],[1.89795078],[7.86955168]
[5.12212892],[1.8786704],[7.86427767]
[5.17768143],[1.86685487],[7.80998635]
[5.1166783],[1.8360811],[7.72938011]
[5.19757261],[1.82065532],[7.65591118]
[5.16955543],[1.79286125],[7.53574374]
[5.13729272],[1.77516834],[7.45648494]
[5.0796812],[1.74931569],[7.32371868]
[5.05843611],[1.73885309],[7.25424294]
[4.98540961],[1.72865152],[7.14452176]
[4.97295843],[1.72244874],[7.0882092]
[4.89780123],[1.71580456],[6.9606825]
[4.85249279],[1.70966299],[6.87127578]
[4.80780413],[1.70109834],[6.77741892]
[4.76744421],[1.68803507],[6.69047218]
[4.72423775],[1.67277808],[6.57999504]
[4.68417153],[1.65767282],[6.45493893]
[4.61308781],[1.64433724],[6.31105721]
[4.45620469],[1.62881755],[6.12798837]
[4.32093717],[1.61347565],[5.9633501]
[4.1866986],[1.59609373],[5.8140496]
[3.99875243],[1.57813675],[5.63818374]
[3.93144214],[1.55766513],[5.48639562]
[3.87599736],[1.53429384],[5.33093214]
[3.83463312],[1.50371699],[5.18234499]
[3.81907774],[1.47738539],[5.07224907]
[3.82996269],[1.4529023],[4.97218642]
[3.84125171],[1.42837026],[4.87392309]
[11.50106108],[1.96117555],[14.74787379]
[8.84190662],[1.61479736],[9.93818713]
[7.67283552],[1.50895222],[7.34298387]
[5.74906703],[1.40595921],[4.88559081]
[3.91415101],[1.15058384],[3.81906759]
[2.94220354],[0.99420744],[3.37110227]
[3.24482067],[1.35602069],[3.71088577]
[3.45057131],[1.50952355],[4.35356041]
[3.55325163],[1.61511012],[4.88484206]
[3.80171133],[1.66664475],[5.30471853]
[3.93862007],[1.70871864],[5.66634283]
[4.18221362],[1.74866632],[6.01069754]
[4.37211251],[1.77334049],[6.45934483]
[4.54065302],[1.78849681],[6.82172681]
[4.62558322],[1.82131687],[6.9849424]
[4.78036377],[1.82765415],[7.17443063]
[4.82103278],[1.87195078],[7.29511672]
[5.06360534],[1.83589164],[7.46786451]
[5.02388704],[1.87377918],[7.56720847]
[5.14072542],[1.8576295],[7.7031159]
[5.0726663],[1.88342145],[7.73872809]
[5.18736959],[1.88150317],[7.93113853]
[5.1557446],[1.91949798],[7.99761281]
[5.2308783],[1.93171063],[8.17593844]
[5.21030837],[1.97068472],[8.29591837]
[5.29795263],[1.97001987],[8.43162765]
[5.28946125],[1.98519757],[8.49802901]
[5.34871537],[1.9899045],[8.5175321]
[5.31706511],[1.97956951],[8.55049719]
[5.35107749],[1.96378765],[8.45334671]
[5.31561788],[1.93861567],[8.42172706]
[5.36770468],[1.91992981],[8.27909708]
[5.37771856],[1.89483891],[8.1782389]
[5.32581905],[1.87379912],[8.05148385]
[5.29670102],[1.8467002],[7.92853512]
[5.25623745],[1.83085328],[7.82054728]
[5.20686343],[1.80952789],[7.71936308]
[5.17327785],[1.79742462],[7.63755016]
[5.12214712],[1.78654881],[7.5305144]
[5.0555224],[1.77500986],[7.42890856]
[5.00835086],[1.7642684],[7.33366373]
[4.96165811],[1.75383502],[7.2289932]
[4.91204387],[1.73020767],[7.10468467]
[4.86453307],[1.69306097],[6.95384826]
[4.82027078],[1.67576562],[6.7673651]
[4.63888272],[1.66004728],[6.49419397]
[4.53109198],[1.6451815],[6.3182186]
[4.40697456],[1.62861444],[6.13724262]
[4.25224231],[1.61129095],[5.95617047]
[4.13787552],[1.59171069],[5.79412905]
[4.01785247],[1.56802236],[5.63338953]
[3.9416465],[1.5427163],[5.48409968]
[3.90828049],[1.51826465],[5.34291015]
[3.91175356],[1.49521693],[5.23181304]
[3.92561639],[1.47220371],[5.1265365]
[11.85672239],[1.99481176],[15.15242735]
[8.96023589],[1.62828413],[10.06222334]
[7.71475278],[1.51963946],[7.37365875]
[5.77916187],[1.41114901],[4.88618965]
[3.80547434],[1.14547391],[3.72591157]
[2.93705153],[1.00788983],[3.32468445]
[3.28740453],[1.40217638],[3.87049213]
[3.41432605],[1.53617414],[4.45527567]
[3.65228099],[1.62823739],[5.01237172]
[3.80270265],[1.67711467],[5.44368405]
[3.99832424],[1.71909132],[5.8167661]
[4.21520965],[1.77069738],[6.17819226]
[4.45866902],[1.81148574],[6.7564116]
[4.53364814],[1.82112716],[7.03674983]
[4.60139805],[1.89908356],[7.20311506]
[4.62744535],[1.90452418],[7.38868313]
[4.6771688],[1.94342012],[7.55122244]
[4.82815078],[1.91460982],[7.77375392]
[4.87334077],[1.9528882],[7.91961557]
[5.00601753],[1.92925402],[8.11135481]
[5.01733138],[1.96321758],[8.17049582]
[5.11053395],[1.95906045],[8.37870551]
[5.14006802],[1.99340025],[8.47193888]
[5.18813584],[2.00314969],[8.66558353]
[5.24495787],[2.04081561],[8.79422857]
[5.25026913],[2.03882056],[8.94285617]
[5.32260931],[2.05541352],[9.02716128]
[5.27112394],[2.06248004],[9.06779753]
[5.3672871],[2.05804001],[9.11350458]
[5.25857084],[2.03800634],[9.01582542]
[5.42725366],[2.01566082],[8.99060233]
[5.31159159],[1.9941585],[8.79355873]
[5.47058075],[1.97122401],[8.75094974]
[5.31303875],[1.9480688],[8.55989869]
[5.31712271],[1.92334194],[8.41543182]
[5.22171582],[1.90877447],[8.27491159]
[5.20664196],[1.88916324],[8.1416681]
[5.12133234],[1.87279019],[8.01332768]
[5.10363248],[1.85536347],[7.87107999]
[4.98872174],[1.83852599],[7.7197268]
[4.9365278],[1.82585392],[7.60564015]
[4.89038185],[1.81433352],[7.48685679]
[4.84913447],[1.78985511],[7.31609202]
[4.79935491],[1.75255697],[7.15005837]
[4.7339512],[1.71789009],[6.94695977]
[4.62745373],[1.68130866],[6.70788031]
[4.47717775],[1.65637891],[6.46529913]
[4.29098691],[1.64044938],[6.23238164]
[4.19835659],[1.62365055],[6.03249328]
[4.11090511],[1.60450897],[5.85955108]
[4.0673825],[1.58001282],[5.71106291]
[4.03368557],[1.55889346],[5.57026978]
[4.00632888],[1.53515905],[5.43633492]
[3.99218206],[1.51271164],[5.30096365]
[3.9962007],[1.4899793],[5.17315733]
[12.63731296],[2.02587785],[15.75405668]
[9.60469189],[1.64851681],[10.43699312]
[7.83830878],[1.53245124],[7.50232786]
[5.92132277],[1.41904906],[4.9672612]
[3.79925752],[1.13962161],[3.88005821]
[2.9758371],[1.02670679],[3.4529849]
[3.37513363],[1.45564246],[4.14466464]
[3.51650214],[1.57973434],[4.66765079]
[3.79462758],[1.66468917],[5.28200357]
[3.92545206],[1.71090308],[5.71183055]
[4.13677157],[1.75991431],[6.13160723]
[4.36401773],[1.82737458],[6.63302047]
[4.56823661],[1.90302806],[7.18628513]
[4.66392148],[1.91692457],[7.4933721]
[4.72047863],[1.98358473],[7.64768109]
[4.7905451],[1.99497453],[7.89513882]
[4.8423748],[2.02911847],[8.08218322]
[5.09225531],[2.00780909],[8.46032398]
[5.17764723],[2.04376789],[8.64736212]
[5.25883897],[2.02163065],[8.84985774]
[5.2960057],[2.05979462],[8.94900242]
[5.33185346],[2.04985534],[9.13387246]
[5.38243589],[2.0791845],[9.24502746]
[5.42323988],[2.08830142],[9.4444782]
[5.52249949],[2.12334763],[9.61069267]
[5.54369788],[2.1227072],[9.79194792]
[5.69721844],[2.14626101],[9.9258086]
[5.68080735],[2.15353744],[9.99602692]
[5.78377334],[2.15429084],[10.09426092]
[5.70765845],[2.13318241],[10.05239287]
[5.85551924],[2.11579123],[10.05584751]
[5.75146865],[2.08840936],[9.84390313]
[5.86658069],[2.06729383],[9.7963713]
[5.8160703],[2.04198376],[9.56973594]
[5.77378169],[2.02141425],[9.43275889]
[5.67499285],[2.00478776],[9.23065779]
[5.66108598],[1.98751421],[9.11753455]
[5.53637662],[1.97157449],[8.91901069]
[5.52801948],[1.95512202],[8.79886129]
[5.36632054],[1.93703869],[8.55028206]
[5.27798853],[1.91989731],[8.38300591]
[5.21641753],[1.90368665],[8.22089591]
[5.16900035],[1.87618292],[8.05777623]
[5.12051322],[1.84007731],[7.8737083]
[5.06820124],[1.80676971],[7.65075787]
[4.95505307],[1.7714684],[7.3684833]
[4.79599589],[1.7361022],[7.10746629]
[4.6604502],[1.69690082],[6.8458916]
[4.49882106],[1.663444],[6.56276702]
[4.29187022],[1.64639695],[6.29774544]
[4.20311506],[1.62408116],[6.09555764]
[4.14319285],[1.60498927],[5.92432307]
[4.11963975],[1.58383402],[5.80600037]
[4.1105836],[1.56404567],[5.67738622]
[4.11878695],[1.54431373],[5.539632]
[13.91141849],[2.05186511],[16.46435524]
[10.17064448],[1.6700693],[10.9019373]
[8.09162507],[1.54429904],[7.69836276]
[5.95514659],[1.432053],[5.0833787]
[3.77526648],[1.16135423],[4.02852342]
[3.01209512],[1.05001128],[3.53973228]
[3.46978447],[1.50302885],[4.34776817]
[3.61678074],[1.61991242],[4.90605088]
[3.90087863],[1.69713303],[5.51691431]
[4.0573416],[1.74485231],[5.9882742]
[4.27823665],[1.84523248],[6.50215589]
[4.49840638],[1.94049699],[7.11157358]
[4.68093868],[2.00644528],[7.61831418]
[4.87629055],[2.02308255],[7.98558526]
[4.82799186],[2.07857711],[8.17709207]
[5.02714927],[2.09543565],[8.52822846]
[5.11688488],[2.11856504],[8.7798733]
[5.30192216],[2.10949038],[9.19871896]
[5.39690725],[2.1349423],[9.41627499]
[5.45087745],[2.12566043],[9.64013068]
[5.52486651],[2.15414107],[9.77620056]
[5.56009468],[2.1431257],[9.98642115]
[5.66661895],[2.174871],[10.16312655]
[5.75199716],[2.17793608],[10.38052115]
[5.89515203],[2.21021268],[10.59708646]
[5.95885805],[2.22035641],[10.83504168]
[6.04437118],[2.27372656],[11.01490686]
[6.05256678],[2.33410431],[11.14369588]
[6.10238111],[2.36590681],[11.26504691]
[6.08600384],[2.35958147],[11.2478208]
[6.1813492],[2.29287634],[11.25303035]
[6.15182988],[2.2354016],[11.09697593]
[6.22956582],[2.18787727],[11.01731289]
[6.25351097],[2.14584967],[10.87361326]
[6.16955623],[2.12480523],[10.63876392]
[6.12071758],[2.10426163],[10.41712881]
[6.04103089],[2.08540598],[10.19078962]
[5.97495576],[2.0697189],[9.97567904]
[5.91631502],[2.05426435],[9.83686558]
[5.80316271],[2.03892341],[9.57578793]
[5.69227158],[2.022362],[9.36515248]
[5.60155306],[2.00695431],[9.15446257]
[5.53554613],[1.98418773],[8.95362573]
[5.45670919],[1.94102479],[8.71681234]
[5.40268077],[1.90513754],[8.46457669]
[5.27358375],[1.8679728],[8.12819235]
[5.0774182],[1.83456771],[7.79073342]
[4.91162678],[1.79632373],[7.4811178]
[4.77347659],[1.7563678],[7.18082252]
[4.65335379],[1.71209164],[6.86894648]
[4.53295789],[1.66602602],[6.57412711]
[4.38922642],[1.63866066],[6.33826645]
[4.23448651],[1.61795526],[6.14296228]
[4.17791044],[1.59919422],[5.97490338]
[4.18612132],[1.58024758],[5.84236889]
[16.36291524],[2.10209691],[17.73064166]
[11.40681033],[1.72417525],[11.52670028]
[8.95567516],[1.56412299],[8.07865585]
[6.07993346],[1.45273092],[5.20442858]
[3.8870601],[1.17531032],[4.09617568]
[3.03574815],[1.07021267],[3.60479846]
[3.54796357],[1.54088265],[4.48896761]
[3.69258945],[1.6463849],[5.0781553]
[4.00124249],[1.72087483],[5.71287895]
[4.15080606],[1.78207264],[6.2371093]
[4.42972256],[1.92464239],[6.9092178]
[4.61965711],[2.02342254],[7.52361892]
[4.77325259],[2.07626532],[8.00523944]
[5.00495911],[2.11018429],[8.4652029]
[4.98118864],[2.151088],[8.72731317]
[5.22242157],[2.17461995],[9.19576667]
[5.31308692],[2.18714136],[9.44623101]
[5.45292577],[2.18839288],[9.87311493]
[5.55259933],[2.20422864],[10.12563214]
[5.65929661],[2.20665701],[10.44756735]
[5.79381683],[2.22601721],[10.63505433]
[5.8763635],[2.24440736],[10.89828974]
[6.0128902],[2.30597755],[11.14364119]
[6.07786165],[2.36590848],[11.40505098]
[6.17457942],[2.40673117],[11.64877369]
[6.24993124],[2.4397445],[11.90330204]
[6.32952677],[2.47695878],[12.10301146]
[6.42312024],[2.5090241],[12.29883336]
[6.43265816],[2.53437486],[12.41814379]
[6.53946942],[2.54060004],[12.55507863]
[6.60207744],[2.51692109],[12.61117591]
[6.63353168],[2.48310592],[12.62364766]
[6.72987105],[2.44185168],[12.45805331]
[6.77686547],[2.39520237],[12.26913211]
[6.7587251],[2.32998726],[11.95628097]
[6.65309753],[2.26593206],[11.71536293]
[6.52413919],[2.21989162],[11.41948509]
[6.45899861],[2.1813382],[11.19387559]
[6.29040106],[2.15440717],[10.96510057]
[6.21654887],[2.13766746],[10.69505984]
[6.10188177],[2.12007834],[10.43902982]
[6.00778868],[2.10451732],[10.18583434]
[5.92102575],[2.08365559],[9.93477108]
[5.82671635],[2.04391272],[9.655561]
[5.74520943],[2.00423603],[9.35862123]
[5.63987362],[1.96589437],[8.99431619]
[5.43744282],[1.92924662],[8.54966937]
[5.22988732],[1.88512002],[8.1525249]
[5.0299689],[1.84445224],[7.77749567]
[4.89916091],[1.80044811],[7.43194773]
[4.77750179],[1.7559226],[7.1358227]
[4.65792294],[1.71183435],[6.85160312]
[4.50573959],[1.66508163],[6.55396336]
[4.34156807],[1.62998885],[6.30477796]
[4.26125249],[1.61173428],[6.12242959]
[17.23400936],[2.12843369],[18.80772407]
[12.68346927],[1.75027326],[12.18496636]
[10.00408072],[1.57481442],[8.4255281]
[6.12913094],[1.46256844],[5.22605348]
[3.92284311],[1.18130795],[4.09200023]
[3.06814986],[1.10423736],[3.66397176]
[3.5549634],[1.56370759],[4.55388722]
[3.83036396],[1.65535152],[5.22308824]
[4.10248317],[1.73269113],[5.84594742]
[4.24985532],[1.7989071],[6.42649052]
[4.58757828],[1.97575526],[7.2051395]
[4.74671121],[2.07937621],[7.82317465]
[4.86391582],[2.13035219],[8.27246756]
[5.08178594],[2.17203392],[8.74573038]
[5.1996925],[2.20511044],[9.12981695]
[5.38788796],[2.23001866],[9.6313458]
[5.47821887],[2.24297422],[9.91374596]
[5.58260826],[2.24676971],[10.35680533]
[5.76288425],[2.26826539],[10.72742131]
[5.93914272],[2.33832061],[11.11645105]
[6.06053708],[2.38788866],[11.35284084]
[6.12328144],[2.42277869],[11.63422661]
[6.21717225],[2.46157089],[11.87253635]
[6.28600671],[2.49621648],[12.14251797]
[6.37414067],[2.53052306],[12.38412416]
[6.50854038],[2.55794003],[12.69515223]
[6.62958482],[2.58827334],[12.93385026]
[6.82002629],[2.61410371],[13.28912107]
[6.8700522],[2.63593946],[13.43234935]
[6.91395877],[2.64121919],[13.62767462]
[7.02381352],[2.62085012],[13.70996911]
[7.05511963],[2.60080722],[13.78175749]
[7.25179367],[2.57033198],[13.78717747]
[7.3091112],[2.5391623],[13.6308745]
[7.41653315],[2.49678456],[13.42040059]
[7.28602836],[2.46043543],[13.04167189]
[7.21207353],[2.41476166],[12.71287294]
[7.05549691],[2.38009344],[12.41589982]
[6.96428507],[2.33700155],[12.1168576]
[6.80094228],[2.29467091],[11.77786162]
[6.66340921],[2.2539923],[11.41287164]
[6.50128902],[2.21474564],[11.08427365]
[6.36784252],[2.17880936],[10.76957367]
[6.23999472],[2.14605969],[10.44908704]
[6.12501806],[2.08132315],[10.12173113]
[6.02649354],[2.03914182],[9.71211841]
[5.83036003],[2.00066581],[9.15607203]
[5.53357051],[1.95714762],[8.64213125]
[5.35023714],[1.91465382],[8.20313756]
[5.13686526],[1.86699518],[7.76210358]
[4.96767448],[1.82117724],[7.40514028]
[4.82653876],[1.77791841],[7.10643753]
[4.74253554],[1.73212055],[6.80973738]
[4.63789531],[1.68691772],[6.52257909]
[4.56600255],[1.62060189],[6.2959009]
[17.97759577],[2.15506462],[19.96870824]
[13.49479069],[1.77656864],[12.95791463]
[10.99743416],[1.58811222],[9.14158468]
[6.27995939],[1.47537649],[5.34564989]
[4.06776658],[1.19386191],[4.28258767]
[3.13540027],[1.17155047],[3.87063348]
[3.65697019],[1.60601874],[4.79956024]
[3.97192077],[1.68613987],[5.47927122]
[4.22176896],[1.77448153],[6.10150946]
[4.43457523],[1.8728226],[6.80949857]
[4.73202441],[2.04298992],[7.6310715]
[4.87644326],[2.15425508],[8.27658698]
[4.99861851],[2.20463721],[8.78797888]
[5.26792913],[2.24482923],[9.37608343]
[5.38166547],[2.27625253],[9.80645148]
[5.52680655],[2.29895577],[10.32149308]
[5.6332948],[2.31252269],[10.67518376]
[5.77033435],[2.3505954],[11.17957635]
[6.04495997],[2.44931851],[11.67045468]
[6.16548184],[2.49493969],[12.08503308]
[6.25304091],[2.53402113],[12.35278729]
[6.3080074],[2.56174631],[12.64356445]
[6.38931209],[2.59239352],[12.9066524]
[6.52033479],[2.61925287],[13.26042674]
[6.60327673],[2.6485614],[13.57274661]
[6.87932306],[2.67141269],[14.06822769]
[6.9807064],[2.71316178],[14.35789231]
[7.10353553],[2.72093112],[14.64949817]
[7.24172723],[2.74494562],[14.86557684]
[7.29238082],[2.74029065],[15.09221366]
[7.46511757],[2.72574542],[15.33537154]
[7.51288921],[2.70920933],[15.51581519]
[7.6518476],[2.69509937],[15.63374508]
[7.69737526],[2.66851068],[15.54803403]
[7.75411416],[2.63585684],[15.35492264]
[7.80106824],[2.60590011],[15.05079264]
[7.70824157],[2.5701437],[14.71335646]
[7.64433573],[2.54471034],[14.34977424]
[7.5731211],[2.5181436],[14.07119265]
[7.43404764],[2.49068623],[13.67798585]
[7.34184284],[2.46100609],[13.33948881]
[7.15744593],[2.42854685],[12.91478388]
[6.99906538],[2.39821126],[12.54285429]
[6.85737839],[2.3691116],[12.13350266]
[6.74052956],[2.27563399],[11.72498891]
[6.61287065],[2.17654276],[11.23763866]
[6.42836052],[2.10550526],[10.5414514]
[5.92624408],[2.06029219],[9.71663639]
[5.66522159],[2.0111387],[9.15866359]
[5.49610416],[1.95873424],[8.66353734]
[5.34093351],[1.90796279],[8.21157249]
[5.18742163],[1.86231259],[7.81661872]
[5.03780231],[1.81658062],[7.43211568]
[4.90223363],[1.77194843],[7.11362331]
[4.84948225],[1.70100687],[6.84769267]
[18.30060461],[2.18044137],[21.46339197]
[13.90543455],[1.81910422],[13.7554317]
[11.46117091],[1.6028033],[9.79948895]
[6.33171802],[1.49337039],[5.54889263]
[4.11012961],[1.22846353],[4.4707638]
[3.29260847],[1.22679967],[4.09553669]
[3.76034397],[1.64721186],[5.00276073]
[4.12139854],[1.71631101],[5.74994286]
[4.3506275],[1.8174043],[6.38497969]
[4.64699684],[1.97819636],[7.31950676]
[4.84719805],[2.11623342],[8.08964681]
[5.02622718],[2.22773966],[8.78332654]
[5.1811938],[2.2777027],[9.36418131]
[5.42149815],[2.31653772],[10.0060118]
[5.52468696],[2.34104761],[10.54110665]
[5.66090708],[2.36239219],[11.08940726]
[5.83414856],[2.41864931],[11.56990356]
[6.04717724],[2.50649068],[12.15182425]
[6.23662094],[2.59311988],[12.67242591]
[6.33191013],[2.63176824],[13.08952092]
[6.40695602],[2.66330526],[13.42141448]
[6.52786545],[2.68609747],[13.81417378]
[6.59238662],[2.71134155],[14.11609253]
[6.87170515],[2.73339764],[14.62377199]
[6.97951458],[2.76690296],[14.91809356]
[7.14302548],[2.78230666],[15.41084064]
[7.31066687],[2.82225104],[15.76495827]
[7.50213531],[2.83103732],[16.14615194]
[7.67929805],[2.8513806],[16.48989387]
[7.73958284],[2.82964399],[16.78255261]
[7.81551005],[2.81974489],[17.05375347]
[7.85570807],[2.80651549],[17.31540488]
[7.94782306],[2.79817478],[17.49100028]
[8.08267676],[2.77602673],[17.57570239]
[8.1614798],[2.75668757],[17.45606994]
[8.33578234],[2.73360369],[17.28620991]
[8.25302988],[2.70826882],[16.88914508]
[8.2186067],[2.68413389],[16.55600652]
[8.02963089],[2.66227421],[16.15089231]
[7.95592826],[2.63950743],[15.76789145]
[7.78775763],[2.61617054],[15.34753254]
[7.68078185],[2.59032929],[14.9373233]
[7.51592333],[2.56605653],[14.529081]
[7.39399435],[2.54285328],[14.11326304]
[7.30074287],[2.48194218],[13.68804575]
[7.19290244],[2.41343275],[13.25872424]
[7.05996819],[2.32684768],[12.64133868]
[6.86514144],[2.22406428],[11.53669595]
[6.00742156],[2.12190117],[10.38117988]
[5.75406079],[2.06308832],[9.66214268]
[5.58332875],[2.00834205],[9.10531624]
[5.47087775],[1.95866467],[8.65449098]
[5.35201053],[1.91023488],[8.20962879]
[5.20329199],[1.86481861],[7.80037409]
[5.05426545],[1.79674278],[7.45210127]
[18.74296666],[2.22199393],[23.2427097]
[14.3987103],[1.91447775],[15.29015894]
[11.99489464],[1.64187388],[10.61483475]
[6.55401909],[1.52267003],[6.09091717]
[4.22895454],[1.2727598],[4.61123097]
[3.34219087],[1.25610689],[4.2314397]
[3.78826511],[1.66731275],[5.08946962]
[4.19465755],[1.73126351],[5.87487489]
[4.43859839],[1.84713041],[6.57121897]
[4.76617102],[2.04238107],[7.66328036]
[4.92480307],[2.17302308],[8.44054819]
[5.14875672],[2.28750077],[9.17537896]
[5.33010652],[2.33067463],[9.83223497]
[5.52956733],[2.36606891],[10.52434194]
[5.64273303],[2.41888208],[11.18730693]
[5.80410554],[2.46903109],[11.80317607]
[6.06182657],[2.56254821],[12.42846257]
[6.22867484],[2.63078354],[12.98614306]
[6.37151788],[2.70431982],[13.50520897]
[6.51041076],[2.73869319],[14.03894282]
[6.58832616],[2.76713604],[14.45925498]
[6.82501878],[2.78717625],[14.94428507]
[6.93943406],[2.81414656],[15.30804727]
[7.12499578],[2.83780817],[15.86004363]
[7.29303071],[2.86613597],[16.32106004]
[7.47788864],[2.88412503],[16.899468]
[7.72055718],[2.91615847],[17.4133639]
[7.86951269],[2.92632343],[17.85561839]
[7.96002805],[2.94259871],[18.23363989]
[8.09403565],[2.93495267],[18.59038247]
[8.11122134],[2.92455483],[18.7969178]
[8.33708213],[2.90278622],[19.19624503]
[8.43231706],[2.88763568],[19.47219602]
[8.54649366],[2.86859103],[19.65754343]
[8.60363475],[2.85668467],[19.63825769]
[8.66560108],[2.8365398],[19.46134835]
[8.68411618],[2.8217186],[19.13889987]
[8.64724919],[2.8017176],[18.73955118]
[8.57751465],[2.78454348],[18.35378133]
[8.48945054],[2.76681355],[17.95793616]
[8.36123741],[2.74851715],[17.51389875]
[8.25969061],[2.72810513],[17.11440015]
[8.08880256],[2.70863342],[16.63560752]
[7.92099657],[2.68953584],[16.15989843]
[7.77469893],[2.64320944],[15.69667313]
[7.65675963],[2.58590594],[15.23250504]
[7.53045244],[2.52731541],[14.61871106]
[7.41000516],[2.46776352],[13.84877625]
[6.95126427],[2.39489089],[12.47514406]
[6.07414143],[2.25416842],[10.90179031]
[5.82001622],[2.11943821],[10.14333816]
[5.66443599],[2.06361117],[9.53053888]
[5.5817162],[2.01164437],[9.02153992]
[5.48224243],[1.95750963],[8.56614503]
[5.37042955],[1.88496151],[8.12366364]
[19.01717147],[2.24678954],[24.88838296]
[14.56945383],[1.95089938],[16.37945925]
[12.15703115],[1.66057584],[11.18957777]
[6.55526421],[1.53855731],[6.34703671]
[4.1842877],[1.29501588],[4.66790678]
[3.27392666],[1.26943737],[4.23880103]
[3.74022326],[1.66313465],[5.0851129]
[4.27725418],[1.7240144],[5.90737056]
[4.54218425],[1.8760326],[6.65150262]
[4.84420382],[2.06241865],[7.79252249]
[4.99766357],[2.19447962],[8.58096993]
[5.25647144],[2.30072284],[9.32045982]
[5.42132947],[2.34649945],[9.91168271]
[5.59864705],[2.37776069],[10.63399552]
[5.74050686],[2.50140879],[11.41257744]
[5.95623716],[2.54966206],[12.10309674]
[6.17799135],[2.64237412],[12.76674475]
[6.32434516],[2.70070014],[13.29226733]
[6.44342476],[2.7805607],[13.81796096]
[6.62741371],[2.84226371],[14.46490111]
[6.73491144],[2.88199288],[14.98456644]
[6.99976442],[2.90949482],[15.5918025]
[7.10352649],[2.93710692],[16.03682916]
[7.29607962],[2.96066349],[16.64350984]
[7.51643161],[2.98519149],[17.27852793]
[7.75134714],[3.01204173],[17.89221049]
[7.91211246],[3.02916676],[18.51150568]
[8.04402176],[3.07636697],[18.99249159]
[8.14203955],[3.0863722],[19.40005729]
[8.44680747],[3.09506687],[19.87440164]
[8.48342763],[3.05678426],[20.11877566]
[8.6333165],[3.03700949],[20.56417947]
[8.70563632],[2.99734432],[20.85651387]
[8.76579495],[2.97026297],[21.1139307]
[8.82206584],[2.93435264],[21.2645657]
[8.86946599],[2.91225955],[21.15769196]
[9.0912816],[2.89216565],[20.97774966]
[8.99240622],[2.8675708],[20.44583165]
[8.96200759],[2.8502698],[20.07296697]
[8.78407263],[2.83529348],[19.54330075]
[8.72548447],[2.81990665],[19.15377229]
[8.57610789],[2.80259447],[18.67493595]
[8.49687293],[2.78630891],[18.23606642]
[8.36567399],[2.76752831],[17.69764954]
[8.28422228],[2.73355769],[17.24664467]
[8.17759982],[2.68268375],[16.76612496]
[8.06423454],[2.63308806],[16.24099041]
[7.9529625],[2.58275348],[15.50715606]
[7.752873],[2.51745412],[14.4751736]
[6.97134371],[2.44059986],[12.7531452]
[6.16360539],[2.35459214],[11.22954748]
[5.88436929],[2.19947774],[10.29783702]
[5.74616633],[2.08754605],[9.62566288]
[5.65900859],[2.03688978],[9.05565023]
[5.57847864],[1.9598524],[8.58598568]
[19.38591427],[2.27079531],[26.41751877]
[15.06005616],[1.96339941],[17.45389128]
[12.71842031],[1.66824017],[11.96285755]
[10.90662446],[1.54492524],[6.97227688]
[4.22855082],[1.30351372],[4.77728278]
[3.3582175],[1.30522147],[4.41372403]
[3.79384094],[1.67885654],[5.25531859]
[4.35150116],[1.73895191],[6.04201016]
[4.64219248],[1.92813887],[6.8732305]
[4.91550519],[2.10127349],[8.05364155]
[5.06834584],[2.23262426],[8.85844111]
[5.3493053],[2.33246899],[9.63161074]
[5.50151331],[2.37588138],[10.29367218]
[5.69294764],[2.44069069],[11.05776018]
[5.84214961],[2.58134685],[11.85600191]
[6.09234736],[2.62620889],[12.59752457]
[6.27525925],[2.71261966],[13.27295679]
[6.40658521],[2.76897874],[13.8322776]
[6.53360752],[2.8638643],[14.44941415]
[6.81262713],[2.92549292],[15.14902338]
[6.94831237],[2.96402718],[15.75810643]
[7.13923876],[2.99550666],[16.39004332]
[7.29568255],[3.02806698],[17.04672436]
[7.4712845],[3.08467862],[17.63711259]
[7.74997135],[3.10897294],[18.4623365]
[8.02843704],[3.17191591],[19.17505053]
[8.29782901],[3.19127511],[19.81579721]
[8.34321209],[3.24834109],[20.30976182]
[8.44484624],[3.26633253],[20.7575492]
[8.66605533],[3.2815149],[21.32331836]
[8.70707324],[3.24653082],[21.55390087]
[8.79491202],[3.21408964],[21.91128371]
[8.84953032],[3.1457825],[22.26908044]
[8.8989313],[3.10401331],[22.53410947]
[9.11631989],[3.0612191],[22.91563255]
[9.200108],[3.02372887],[22.88839807]
[9.36643734],[2.98292646],[22.69023257]
[9.39454246],[2.95280637],[22.26061852]
[9.35691225],[2.92925184],[21.87930691]
[9.21521976],[2.91169921],[21.34119864]
[9.13031757],[2.89182416],[20.87545435]
[8.95030643],[2.87163085],[20.32392096]
[8.87904101],[2.85331055],[19.90010599]
[8.64421641],[2.83926648],[19.30461073]
[8.55247713],[2.81086102],[18.82480041]
[8.43439743],[2.76778165],[18.31271459]
[8.30852365],[2.72241517],[17.76811905]
[8.2027184],[2.67774477],[17.10064742]
[8.05306063],[2.61723114],[16.18216435]
[7.59611591],[2.55211475],[14.53385519]
[6.7604961],[2.48273283],[12.76073441]
[6.04678773],[2.40242646],[11.41247853]
[5.89699211],[2.27488793],[10.50339244]
[5.76975117],[2.14474826],[9.8409001]
[5.69637705],[2.04425731],[9.27749401]
[19.51627612],[2.28296995],[27.85494843]
[15.2218426],[1.97557049],[18.65436406]
[13.05206439],[1.6761403],[13.07093874]
[11.24952669],[1.5522526],[7.5426937]
[4.17815977],[1.32502171],[4.91540619]
[3.44667567],[1.3349887],[4.56217491]
[3.85763266],[1.69448639],[5.39045194]
[4.43538585],[1.76272032],[6.19609158]
[4.72510831],[1.98851141],[7.14211084]
[5.00379165],[2.14823914],[8.36968761]
[5.13930914],[2.27447285],[9.16706151]
[5.43473033],[2.36697492],[9.98091011]
[5.57620902],[2.4234244],[10.69172828]
[5.78638039],[2.51800814],[11.48542421]
[5.98838356],[2.65342424],[12.36185978]
[6.20456825],[2.70092582],[13.14881303]
[6.36228823],[2.77959699],[13.88735976]
[6.50395954],[2.85759258],[14.48119677]
[6.63733922],[2.95339012],[15.22499058]
[6.97900983],[3.01390716],[15.92048032]
[7.10586902],[3.05134499],[16.70455383]
[7.30684299],[3.12703744],[17.41938232]
[7.49308902],[3.14686731],[18.16306695]
[7.88782409],[3.2050237],[18.84790089]
[8.53742495],[3.2287601],[19.78093181]
[8.58099014],[3.28188006],[20.51907642]
[8.81805137],[3.30920044],[21.15535245]
[8.87580703],[3.3600725],[21.75358639]
[9.04920387],[3.38697608],[22.23363571]
[9.05355271],[3.40882123],[22.68545425]
[9.10862127],[3.39704381],[22.96451098]
[9.09047911],[3.37682225],[23.32076577]
[9.24543242],[3.30963345],[23.77691277]
[9.31792111],[3.26637596],[24.09628132]
[9.47017154],[3.21706724],[24.46105465]
[9.52491662],[3.16807853],[24.54916945]
[9.59656562],[3.11147154],[24.39437999]
[9.62435515],[3.07295068],[23.94747192]
[9.58274764],[3.02735697],[23.50753596]
[9.49001783],[2.99107995],[22.96405887]
[9.39404123],[2.95800715],[22.47689057]
[9.28810042],[2.93849868],[21.94051029]
[9.19734046],[2.91936892],[21.45820467]
[9.06668973],[2.90058996],[20.88623691]
[8.95207577],[2.86726858],[20.36023262]
[8.82592999],[2.82519953],[19.82339428]
[8.6647323],[2.78391358],[19.21445211]
[8.49194015],[2.74169255],[18.51590783]
[8.31951918],[2.68744709],[17.64602482]
[8.02053147],[2.62882022],[16.32456626]
[7.32359078],[2.56579378],[14.32383483]
[6.54693598],[2.49444438],[12.62639757]
[6.02126686],[2.41624042],[11.40328259]
[5.87866596],[2.30767577],[10.53656386]
[5.77463733],[2.17319139],[9.87826996]
[19.80137812],[2.30590599],[30.13126944]
[15.51148413],[2.02533896],[20.42734926]
[13.47383375],[1.70345237],[14.41648433]
[11.82230534],[1.5674052],[8.66964544]
[4.19449163],[1.35071998],[5.00535176]
[3.47175953],[1.35503714],[4.6503683]
[3.87423282],[1.70326781],[5.46937662]
[4.49406189],[1.77834754],[6.29326433]
[4.79008781],[2.02721037],[7.32830091]
[5.07717402],[2.18189919],[8.58897585]
[5.20002797],[2.30006224],[9.40779846]
[5.5037624],[2.39599846],[10.27053398]
[5.66213124],[2.47640226],[11.10007488]
[5.86892521],[2.59281168],[11.87196626]
[6.11476639],[2.7259544],[12.90413263]
[6.29739166],[2.76846209],[13.65400129]
[6.43460224],[2.85230954],[14.54482205]
[6.60886345],[2.94626366],[15.11503347]
[6.7694433],[3.04434877],[16.00098846]
[7.11290217],[3.11465987],[16.73707451]
[7.28302941],[3.1709476],[17.72347932]
[7.67829308],[3.22765241],[18.50108906]
[8.48687843],[3.25098337],[19.453633]
[8.54568641],[3.30355272],[20.1850565]
[8.819114],[3.33519332],[21.09888866]
[8.98074105],[3.38828723],[21.86965306]
[9.1401964],[3.42174654],[22.49784035]
[9.28533954],[3.47287986],[23.1600325]
[9.47190103],[3.5082047],[23.66880419]
[9.36372047],[3.5344952],[24.11681481]
[9.51362664],[3.53254096],[24.49036964]
[9.57900301],[3.52101618],[24.87402955]
[9.72247398],[3.45888343],[25.34600606]
[9.75980568],[3.40600525],[25.59729202]
[9.80168792],[3.35603073],[25.8064752]
[9.83668193],[3.30096039],[25.98665876]
[9.86091218],[3.24885838],[25.98535176]
[9.90178081],[3.20226699],[25.79714629]
[9.81829192],[3.14547425],[25.199794]
[9.7070053],[3.10513791],[24.74414416]
[9.57439449],[3.07058837],[24.10941515]
[9.4946693],[3.03771818],[23.61516675]
[9.39859067],[3.00407065],[23.0387106]
[9.30763648],[2.97333441],[22.48513216]
[9.20165673],[2.95139216],[21.90693328]
[9.12168806],[2.90580447],[21.34890565]
[9.01378655],[2.83822977],[20.73384581]
[8.90457415],[2.79405014],[20.02821735]
[8.70733022],[2.74347849],[19.14410563]
[8.37284601],[2.69191081],[17.96205521]
[7.95376501],[2.63709302],[16.07800871]
[7.12596897],[2.57552516],[14.05020824]
[6.39443545],[2.51098172],[12.40455113]
[6.00303036],[2.44389915],[11.35404616]
[5.8894443],[2.36782707],[10.58612835]
