meltWidth,meltDepth,meltArea
[0.],[0.],[0.]
[0.],[0.],[0.]
[0.],[0.],[0.]
[0.],[0.],[0.]
[0.],[0.],[0.]
[0.],[0.],[0.]
[0.],[0.],[0.]
[0.],[0.],[0.]
[0.],[0.],[0.]
[0.],[0.],[0.]
[0.],[0.],[0.]
[0.],[0.],[0.]
[0.],[0.],[0.]
[0.],[0.],[0.]
[0.],[0.],[0.]
[0.],[0.],[0.]
[0.],[0.],[0.]
[0.],[0.],[0.]
[0.],[0.],[0.]
[0.],[0.],[0.]
[0.],[0.],[0.]
[0.],[0.],[0.]
[0.],[0.],[0.]
[0.],[0.],[0.]
[0.],[0.],[0.]
[0.],[0.],[0.]
[0.],[0.],[0.]
[0.],[0.],[0.]
[0.],[0.],[0.]
[0.],[0.],[0.]
[0.],[0.],[0.]
[0.],[0.],[0.]
[0.],[0.],[0.]
[0.],[0.],[0.]
[0.],[0.],[0.]
[0.],[0.],[0.]
[0.],[0.],[0.]
[0.],[0.],[0.]
[0.],[0.],[0.]
[0.],[0.],[0.]
[0.],[0.],[0.]
[0.],[0.],[0.]
[0.],[0.],[0.]
[0.],[0.],[0.]
[0.],[0.],[0.]
[0.],[0.],[0.]
[0.],[0.],[0.]
[0.],[0.],[0.]
[0.],[0.],[0.]
[0.],[0.],[0.]
[0.],[0.],[0.]
[0.],[0.],[0.]
[0.],[0.],[0.]
[0.],[0.],[0.]
[0.],[0.],[0.]
[0.],[0.],[0.]
[0.],[0.],[0.]
[0.],[0.],[0.]
[1.35393587],[0.35113819],[0.23719072]
[1.60388976],[0.38784387],[0.39038987]
[1.84238453],[0.43717872],[0.56452043]
[1.85753871],[0.50824413],[0.62641035]
[1.94249369],[0.53026513],[0.6858407]
[1.98653572],[0.53129929],[0.71790825]
[2.00328681],[0.54274257],[0.72597587]
[2.03138397],[0.55963477],[0.76649736]
[2.02284664],[0.58283253],[0.76559361]
[2.06881501],[0.59937933],[0.82406201]
[2.0824854],[0.6089901],[0.82121128]
[2.15104774],[0.62398291],[0.87709962]
[2.17627024],[0.63556616],[0.88112106]
[2.24713298],[0.64201333],[0.92494672]
[2.26564365],[0.64771309],[0.92206293]
[2.31277025],[0.65441523],[0.96041265]
[2.31742638],[0.6597954],[0.95611892]
[2.36400885],[0.66465188],[0.98839367]
[2.36767689],[0.66733187],[0.983196]
[2.41000351],[0.67010051],[1.01268675]
[2.40059263],[0.67244436],[1.00780415]
[2.42390345],[0.67492633],[1.0242761]
[2.4064426],[0.67423713],[1.01043718]
[2.42415083],[0.67234942],[1.02277763]
[2.40704646],[0.67118145],[1.00899358]
[2.42554408],[0.67019542],[1.02114595]
[2.40325101],[0.66801971],[1.00817122]
[2.45258484],[0.66878723],[1.01936332]
[2.41672726],[0.66497553],[1.01984645]
[2.45111742],[0.66262484],[1.01350777]
[2.41427712],[0.65886556],[1.00312559]
[2.41449073],[0.65538476],[0.99732674]
[2.41763146],[0.6524894],[0.99392033]
[2.42061113],[0.64889284],[0.99126511]
[2.43024185],[0.64528566],[0.98706457]
[2.4354643],[0.64213191],[0.9822414]
[2.43896811],[0.63722776],[0.97591577]
[2.44426759],[0.63115717],[0.96782355]
[2.42577872],[0.62521383],[0.95588072]
[2.40715397],[0.62053543],[0.94653541]
[2.37639878],[0.61485255],[0.92426695]
[2.33631839],[0.60060283],[0.8753172]
[2.30802707],[0.58451597],[0.84078308]
[2.28880557],[0.57615562],[0.8167282]
[2.27546468],[0.56744848],[0.79597068]
[2.2494315],[0.56085544],[0.76632602]
[2.2255235],[0.55790888],[0.74828016]
[2.18417554],[0.55056556],[0.73189947]
[2.13910262],[0.53062314],[0.69440013]
[2.0978813],[0.50622541],[0.6570022]
[3.1753967],[0.2719815],[0.59290266]
[0.],[0.],[0.]
[0.],[0.],[0.]
[0.],[0.],[0.]
[0.22828457],[0.04759053],[0.0049887]
[1.70193066],[0.34931349],[0.39201228]
[1.88620326],[0.41184221],[0.55292125]
[1.99848445],[0.50700417],[0.71510327]
[2.08622135],[0.6122427],[0.86770719]
[2.13636413],[0.63334305],[0.90713711]
[2.2163281],[0.65386445],[0.98332115]
[2.20880268],[0.67163662],[0.98045207]
[2.25442812],[0.68599826],[1.04161111]
[2.26374537],[0.69795996],[1.04274836]
[2.33124241],[0.70897243],[1.09858127]
[2.36409912],[0.71990226],[1.12142982]
[2.44462273],[0.73170696],[1.17277711]
[2.49736591],[0.73691928],[1.20760885]
[2.64022625],[0.74217878],[1.27735222]
[2.69856831],[0.74629398],[1.31115711]
[2.75320627],[0.75103447],[1.35268543]
[2.78198221],[0.75562227],[1.37514217]
[2.82559117],[0.76030559],[1.41170643]
[2.85384474],[0.7618732],[1.43620865]
[2.89082444],[0.76305628],[1.46602003]
[2.90815463],[0.76403137],[1.48515946]
[2.92023416],[0.76214064],[1.48842993]
[2.92381667],[0.75987652],[1.49220951]
[2.9186349],[0.75676468],[1.48212339]
[2.92970193],[0.75466229],[1.48302974]
[2.91810282],[0.75201761],[1.4696077]
[2.92626194],[0.74969585],[1.46823553]
[2.97426397],[0.74989105],[1.50210773]
[2.94384429],[0.74530745],[1.47370064]
[2.98466759],[0.74362846],[1.49856846]
[2.94975102],[0.74082634],[1.44356559]
[2.93069279],[0.73841103],[1.43688509]
[2.93587619],[0.73623318],[1.43476457]
[2.92832128],[0.73335166],[1.42517263]
[2.94297861],[0.73121095],[1.42896283]
[2.95140561],[0.7270071],[1.42403906]
[2.95549984],[0.7255596],[1.41896364]
[2.95095292],[0.72351817],[1.39358891]
[2.93247771],[0.7221997],[1.36555689]
[2.89610953],[0.71684185],[1.33514411]
[2.84387527],[0.70995904],[1.29420049]
[2.81707544],[0.70108743],[1.26403273]
[2.79052818],[0.6899706],[1.23195495]
[2.77341628],[0.67581493],[1.201084]
[2.7560053],[0.66358154],[1.17004877]
[2.72935189],[0.65439967],[1.13089519]
[2.70445727],[0.65175682],[1.10230636]
[2.67308896],[0.6504495],[1.07485847]
[2.65848063],[0.64849965],[1.05112672]
[2.63759254],[0.63474466],[1.01955984]
[4.70986483],[0.84691315],[2.4303175]
[0.],[0.],[0.]
[0.],[0.],[0.]
[0.],[0.],[0.]
[0.96243515],[0.15373301],[0.07218796]
[1.76258307],[0.36857201],[0.43017413]
[1.98317381],[0.47152775],[0.6634553]
[2.1030814],[0.60287891],[0.86348991]
[2.22824502],[0.71166267],[1.05907183]
[2.2716421],[0.73394372],[1.10901329]
[2.35519201],[0.75212655],[1.18315227]
[2.37357054],[0.76845],[1.206558]
[2.43382565],[0.77241042],[1.25066379]
[2.44789681],[0.7728475],[1.26379266]
[2.551432],[0.77513888],[1.31691183]
[2.66243758],[0.77893741],[1.36955323]
[2.77632623],[0.78259816],[1.43618385]
[2.83416317],[0.78663224],[1.49301085]
[2.92093541],[0.7874863],[1.54303109]
[2.97111148],[0.78804756],[1.58487325]
[3.00762092],[0.78875077],[1.61064621]
[3.02714971],[0.78955161],[1.6356835]
[3.05020491],[0.79033935],[1.6568219]
[3.07519453],[0.79168557],[1.68109244]
[3.08076086],[0.79326665],[1.69572209]
[3.1459977],[0.79423755],[1.71806085]
[3.11546419],[0.79192143],[1.71367471]
[3.1746374],[0.78910168],[1.72297585]
[3.12184883],[0.78575537],[1.70155587]
[3.18850059],[0.78369201],[1.7148243]
[3.14173595],[0.78073905],[1.69972301]
[3.1943706],[0.77879547],[1.70191833]
[3.18589501],[0.77716198],[1.72072623]
[3.21870972],[0.77455743],[1.71558881]
[3.19775163],[0.7724328],[1.71733341]
[3.2243599],[0.76993373],[1.69761983]
[3.19416094],[0.76780627],[1.68785886]
[3.19909083],[0.76565438],[1.68567528]
[3.1972711],[0.7636408],[1.67806728]
[3.20314623],[0.76178094],[1.67930607]
[3.20885633],[0.75797618],[1.6735854]
[3.21056321],[0.75482525],[1.66542857]
[3.20999076],[0.75161426],[1.645235]
[3.20417868],[0.74914295],[1.61694074]
[3.17891826],[0.74841585],[1.58757805]
[3.13823918],[0.74617934],[1.54353735]
[3.10104826],[0.74329511],[1.50818645]
[3.07115952],[0.74042905],[1.47717907]
[3.04447469],[0.73725842],[1.45113261]
[3.01066877],[0.73120179],[1.4146006]
[2.97978234],[0.72625987],[1.37962857]
[2.95257164],[0.71689405],[1.34859342]
[2.91099626],[0.7066971],[1.31324239]
[2.88176013],[0.7023005],[1.27792879]
[2.84766952],[0.68946601],[1.23129028]
[4.79813912],[1.50534575],[3.50491036]
[2.61079346],[0.5257282],[0.89673758]
[0.],[0.],[0.]
[0.],[0.],[0.]
[1.21530738],[0.2154227],[0.14836394]
[1.90954662],[0.4280653],[0.52478525]
[2.08741238],[0.57149872],[0.80578579]
[2.24323867],[0.68302935],[1.021934]
[2.37488688],[0.77034794],[1.21039408]
[2.43431401],[0.78769615],[1.28272351]
[2.58059003],[0.79612724],[1.36932204]
[2.65882451],[0.80559945],[1.41033577]
[2.75263398],[0.8075518],[1.46887715]
[2.81258117],[0.80652578],[1.5209341]
[2.87724586],[0.80654051],[1.56047943]
[2.94981431],[0.80911801],[1.62166415]
[3.01091046],[0.81160338],[1.67680401]
[3.05605904],[0.8144789],[1.71113882]
[3.09624617],[0.81728288],[1.76421504]
[3.12540343],[0.81863879],[1.78511575]
[3.13642759],[0.82060925],[1.80841351]
[3.14651758],[0.82255374],[1.81244111]
[3.15159395],[0.8239771],[1.82766119]
[3.20300788],[0.82506537],[1.83918941]
[3.18020936],[0.82628071],[1.85344237]
[3.26629547],[0.82662831],[1.87313338]
[3.21560015],[0.82471948],[1.87248231]
[3.29230285],[0.82167115],[1.87797531]
[3.22557644],[0.81915475],[1.86057764]
[3.30628451],[0.81702388],[1.86616918]
[3.24299528],[0.81408312],[1.85387577]
[3.3142181],[0.81228668],[1.85518233]
[3.28506381],[0.80882473],[1.87015962]
[3.33371703],[0.80862205],[1.86408613]
[3.29574814],[0.80657208],[1.8651999]
[3.33606066],[0.80416593],[1.84734994]
[3.29787451],[0.80196304],[1.83411431]
[3.30165419],[0.79972108],[1.83069736]
[3.30068508],[0.79731405],[1.82401445]
[3.30408864],[0.795133],[1.82188844]
[3.31050332],[0.79102762],[1.8157375]
[3.31247748],[0.78820447],[1.80774603]
[3.31093207],[0.78540582],[1.79560332]
[3.30923501],[0.78327636],[1.78861828]
[3.28671144],[0.78189992],[1.76780329]
[3.25750016],[0.77833068],[1.73226227]
[3.23255489],[0.77347641],[1.70153171]
[3.21203894],[0.7682475],[1.67020406]
[3.19082017],[0.76308141],[1.64106118]
[3.16851467],[0.75754955],[1.60478331]
[3.14990335],[0.75193512],[1.57116612]
[3.12710775],[0.7473631],[1.53667389]
[3.10001723],[0.74203207],[1.50018436]
[3.08206794],[0.73510076],[1.47151189]
[3.04768164],[0.72728318],[1.43516103]
[4.86344711],[1.55422769],[3.98827761]
[2.69086115],[1.01148088],[1.32105982]
[1.24236873],[0.35540112],[0.25918383]
[0.],[0.],[0.]
[1.3344226],[0.2636847],[0.21840564]
[2.02135489],[0.52785789],[0.64179458]
[2.25103475],[0.66555712],[0.98104281]
[2.3996996],[0.74293337],[1.20467847]
[2.50761534],[0.81363767],[1.36835164]
[2.60368589],[0.8305767],[1.46113089]
[2.79479235],[0.83706573],[1.56560949]
[2.88757083],[0.84787399],[1.62993782]
[2.96225212],[0.84958996],[1.70397892]
[3.02009834],[0.84793281],[1.74210378]
[3.06383284],[0.84849745],[1.7891502]
[3.11420753],[0.84843242],[1.82875556]
[3.14104971],[0.84798433],[1.87136746]
[3.17449362],[0.84963931],[1.89891176]
[3.19342114],[0.85206993],[1.93831021]
[3.22138678],[0.85375658],[1.94746767]
[3.22124297],[0.85533427],[1.96334619]
[3.24030003],[0.85667825],[1.96954182]
[3.23664138],[0.85792946],[1.97969841]
[3.31533816],[0.8587059],[2.00302814]
[3.26059783],[0.85826012],[1.99824697]
[3.35127607],[0.85792407],[2.02515514]
[3.27924798],[0.85618815],[2.00730784]
[3.39940203],[0.85377468],[2.0349078]
[3.28854088],[0.85164466],[1.99502072]
[3.42415746],[0.84983616],[2.02871583]
[3.30785524],[0.8480201],[1.98941604]
[3.43801006],[0.84612922],[2.01890472]
[3.35469489],[0.84293238],[2.01048718]
[3.4545821],[0.84220054],[2.02220392]
[3.375181],[0.83934761],[2.00392744]
[3.45468815],[0.83611643],[2.00279801]
[3.38677154],[0.83326411],[1.9741557]
[3.39119965],[0.83061513],[1.97075791]
[3.38749073],[0.82731084],[1.96153263]
[3.39353868],[0.82437024],[1.96044681]
[3.40541995],[0.81980019],[1.95645649]
[3.41145918],[0.81615932],[1.94887659]
[3.40836663],[0.81235832],[1.93381863]
[3.41139744],[0.8100667],[1.92930135]
[3.36732283],[0.8078936],[1.91301792]
[3.33633711],[0.80308136],[1.88506054]
[3.31210386],[0.79870333],[1.86147892]
[3.29454831],[0.79382428],[1.83703254]
[3.27379492],[0.78890578],[1.81225663]
[3.2496225],[0.78352428],[1.78154637]
[3.2310672],[0.77844014],[1.74808088]
[3.21361359],[0.77441387],[1.7164298]
[3.19563055],[0.76830934],[1.67757849]
[3.1831618],[0.76160199],[1.64118046]
[3.16242748],[0.75460446],[1.6029883]
[5.00809925],[1.46110212],[4.18910288]
[2.77999212],[1.10348646],[1.74693995]
[1.38301608],[0.64869662],[0.46321193]
[0.12277971],[0.07023908],[0.00303532]
[1.20200238],[0.18365574],[0.17254597]
[2.05490585],[0.57909693],[0.70870962]
[2.35639126],[0.70636951],[1.09653783]
[2.49489843],[0.77752826],[1.34292463]
[2.66318834],[0.84056493],[1.52165142]
[2.81339386],[0.8538304],[1.63224314]
[2.98555531],[0.85923203],[1.76864123]
[3.09878465],[0.86653115],[1.83040863]
[3.1382525],[0.86649229],[1.9053236]
[3.1784818],[0.86648773],[1.93973335]
[3.19231037],[0.86703991],[1.97769268]
[3.23742004],[0.86689439],[2.01262681]
[3.24336978],[0.86619092],[2.03830432]
[3.27456793],[0.86790144],[2.05045476]
[3.26826418],[0.8698963],[2.05767401]
[3.30728817],[0.87103223],[2.0717945]
[3.2938422],[0.87227997],[2.07623102]
[3.34716947],[0.87370996],[2.09230991]
[3.30790812],[0.87498937],[2.09032092]
[3.51003463],[0.87476234],[2.15233998]
[3.34737816],[0.87385993],[2.11485545]
[3.53576885],[0.87382532],[2.17362283]
[3.37748524],[0.87299562],[2.12513431]
[3.56898158],[0.87099396],[2.18617154]
[3.41175502],[0.86844098],[2.11984946]
[3.58580026],[0.86626555],[2.17938437]
[3.45443645],[0.86418446],[2.12026228]
[3.59653302],[0.86193298],[2.16954764]
[3.54636878],[0.85965197],[2.15998248]
[3.61118437],[0.85811786],[2.17499443]
[3.5598445],[0.85553707],[2.15256524]
[3.60787929],[0.85256986],[2.15393949]
[3.56316203],[0.84998721],[2.12113314]
[3.55694269],[0.84773567],[2.1149748]
[3.55163671],[0.84475912],[2.10355339]
[3.55450017],[0.84218703],[2.10069619]
[3.56339395],[0.83785196],[2.09598483]
[3.56678477],[0.83376987],[2.08647396]
[3.56225544],[0.82977571],[2.06846073]
[3.56221411],[0.8275591],[2.06072351]
[3.52706574],[0.82452718],[2.03896046]
[3.47586816],[0.81965967],[2.00921181]
[3.43167986],[0.81484247],[1.98466307]
[3.39891345],[0.80973321],[1.96023556]
[3.36008997],[0.80469431],[1.93342146]
[3.33851736],[0.79940945],[1.9050591]
[3.32354001],[0.79444924],[1.87848124]
[3.3060856],[0.78963987],[1.85175366]
[3.28778677],[0.78300568],[1.81894076]
[3.27910036],[0.77637883],[1.79310065]
[3.26237149],[0.77068012],[1.75480175]
[5.07972128],[1.51384505],[4.85929532]
[2.8818978],[1.02198732],[2.21214216]
[1.35522165],[0.73242035],[0.55022005]
[0.0924784],[0.04459786],[0.00113603]
[0.72184818],[0.06787199],[0.02296495]
[2.03318622],[0.58513523],[0.71572718]
[2.3716611],[0.72354812],[1.13501846]
[2.51972942],[0.79329244],[1.41400947]
[2.71707863],[0.85386753],[1.60567258]
[2.87570532],[0.86608707],[1.70062544]
[3.06350488],[0.87290146],[1.86649684]
[3.16410282],[0.87724862],[1.91316485]
[3.20660155],[0.87640714],[1.99900281]
[3.24495502],[0.87519996],[2.0265152]
[3.26150825],[0.87445941],[2.06862926]
[3.28711705],[0.87359219],[2.07718193]
[3.30477639],[0.87292593],[2.11660726]
[3.32639784],[0.87459408],[2.10536206]
[3.33714282],[0.87643503],[2.13737996]
[3.41342458],[0.87769502],[2.13528664]
[3.36984472],[0.87900159],[2.16165919]
[3.58050543],[0.88049361],[2.21117946]
[3.46254965],[0.88204388],[2.20968304]
[3.61576515],[0.88303885],[2.24943181]
[3.505479],[0.88292313],[2.24905587]
[3.62874453],[0.88919794],[2.28326084]
[3.53599003],[0.88254494],[2.26876623]
[3.64982009],[0.88885128],[2.2929781]
[3.55624869],[0.87814413],[2.26282575]
[3.65752189],[0.87618032],[2.27598174]
[3.59237896],[0.87459073],[2.25642574]
[3.67457954],[0.87218431],[2.2623981]
[3.66088213],[0.87053348],[2.28299347]
[3.70471063],[0.86880088],[2.28509277]
[3.68319294],[0.86701528],[2.28190639]
[3.71135381],[0.86425311],[2.276382]
[3.68553685],[0.86168317],[2.24548919]
[3.67619163],[0.85951843],[2.23910084]
[3.6723223],[0.85637644],[2.22725664]
[3.67241273],[0.853814],[2.22241487]
[3.6768756],[0.84990301],[2.21552341]
[3.6790759],[0.84642461],[2.20435769]
[3.67464466],[0.84309718],[2.18456239]
[3.67411049],[0.84120484],[2.17566248]
[3.64479337],[0.83791505],[2.15092641]
[3.59949001],[0.83316567],[2.11730337]
[3.55924677],[0.82885211],[2.08940751]
[3.52872551],[0.82425508],[2.06406106]
[3.49282828],[0.81892158],[2.03310772]
[3.43382018],[0.81325191],[1.99161082]
[3.38505496],[0.80798931],[1.95681411]
[3.36029304],[0.80251651],[1.92684975]
[3.33718666],[0.79515598],[1.89131118]
[3.3193166],[0.78818209],[1.86626679]
[3.29839459],[0.78086942],[1.83574141]
[5.1199481],[1.55806901],[5.36710022]
[2.8418384],[1.17652957],[2.43110571]
[1.44318666],[0.68764897],[0.55694703]
[0.20114962],[0.0587386],[0.00401781]
[0.95270207],[0.08234784],[0.0551901]
[2.0440588],[0.59412367],[0.72799494]
[2.40045025],[0.71829417],[1.15424524]
[2.53904572],[0.79024309],[1.42644692]
[2.7618316],[0.85356566],[1.62931364]
[2.92163177],[0.86496098],[1.73735967]
[3.10376023],[0.86978701],[1.91216933]
[3.20543749],[0.87391116],[1.96616549]
[3.24346375],[0.87335433],[2.05495381]
[3.26831872],[0.87382738],[2.06555791]
[3.29115368],[0.87471232],[2.11845329]
[3.30916859],[0.87503377],[2.11005775]
[3.32851717],[0.87632482],[2.15687692]
[3.34871645],[0.87881474],[2.13289442]
[3.35764063],[0.88228315],[2.18246492]
[3.49505045],[0.8878254],[2.19801583]
[3.41961524],[0.88763816],[2.22919157]
[3.61814287],[0.90241487],[2.2798864]
[3.49696268],[0.89753474],[2.27962045]
[3.64848119],[0.91652406],[2.32145113]
[3.54095735],[0.91183279],[2.32476482]
[3.66000317],[0.92309156],[2.35926729]
[3.57193807],[0.91198803],[2.34607154]
[3.68271127],[0.92395609],[2.37042418]
[3.59183177],[0.90718566],[2.34239906]
[3.69047085],[0.91033124],[2.35591428]
[3.6272545],[0.89596424],[2.33612936]
[3.70791582],[0.89615829],[2.33528497]
[3.6965623],[0.89298856],[2.36092231]
[3.7373853],[0.88508124],[2.3512631]
[3.71838557],[0.87953621],[2.34900334]
[3.74370012],[0.8764475],[2.33531242]
[3.7285825],[0.87447845],[2.30755882]
[3.72251535],[0.873133],[2.30588463]
[3.72296118],[0.87059331],[2.29956357]
[3.72708745],[0.86804099],[2.29956822]
[3.73222889],[0.86400727],[2.29553182]
[3.73409287],[0.86024486],[2.28628337]
[3.73117034],[0.85709475],[2.2725401]
[3.73112352],[0.85514667],[2.2588813]
[3.70669593],[0.85117346],[2.23073823]
[3.66588148],[0.84626896],[2.19904494]
[3.62879157],[0.84193822],[2.17023236]
[3.59207727],[0.83785391],[2.1417943]
[3.54687921],[0.83352839],[2.11006896]
[3.48632528],[0.82875187],[2.06865771]
[3.43778781],[0.82452062],[2.03285297]
[3.38651055],[0.8193704],[1.99942465]
[3.36420566],[0.81167168],[1.96315004]
[3.34650344],[0.80444545],[1.93579946]
[3.32847834],[0.79720382],[1.90517956]
[5.05172995],[1.5784314],[5.39525189]
[2.87840765],[1.18911104],[2.22186984]
[1.519193],[0.64804924],[0.47501843]
[0.36618775],[0.09668145],[0.01445256]
[1.16228872],[0.18723388],[0.13354547]
[2.08672465],[0.62174404],[0.77967108]
[2.42951886],[0.72916673],[1.21888066]
[2.55287667],[0.80273941],[1.47461466]
[2.79467066],[0.86831584],[1.68971651]
[2.95977716],[0.87631881],[1.80490096]
[3.1336997],[0.88272333],[1.97389548]
[3.23385907],[0.88634152],[2.02688621]
[3.25678605],[0.88612795],[2.10446614]
[3.27902404],[0.88684424],[2.10191549]
[3.29729023],[0.88715827],[2.15718478]
[3.31116128],[0.88775979],[2.14055299]
[3.3307667],[0.888909],[2.20616337]
[3.38165789],[0.8914732],[2.19080966]
[3.36534859],[0.89461027],[2.2539867]
[3.49673215],[0.90704293],[2.27060606]
[3.45726201],[0.90813356],[2.31121845]
[3.62189083],[0.92048556],[2.35568792]
[3.50566182],[0.91874534],[2.35559326]
[3.65566451],[0.93311269],[2.39813637]
[3.54927528],[0.93149614],[2.39893804]
[3.66726488],[0.938205],[2.43302847]
[3.5815313],[0.93089449],[2.4178047]
[3.69101289],[0.93899362],[2.44198086]
[3.60181154],[0.92622178],[2.41282521]
[3.69908825],[0.92692549],[2.42670615]
[3.63737357],[0.91527049],[2.40614755]
[3.71720852],[0.91423701],[2.40830122]
[3.70808576],[0.9107696],[2.42717004]
[3.74695699],[0.90072969],[2.42068588]
[3.72998265],[0.89807093],[2.41612439]
[3.75326357],[0.89055891],[2.40284192]
[3.73962587],[0.88684525],[2.37205852]
[3.73088306],[0.8853167],[2.36457]
[3.72685315],[0.88281297],[2.35028682]
[3.72631642],[0.88087003],[2.34378682]
[3.73137302],[0.87751694],[2.33826386]
[3.73319386],[0.87424255],[2.3292036]
[3.72971424],[0.87168181],[2.31707856]
[3.72902187],[0.86918912],[2.30397522]
[3.70314273],[0.86501014],[2.27472057]
[3.65945827],[0.86009854],[2.23896622]
[3.62322542],[0.8557301],[2.21338283]
[3.59416351],[0.85161727],[2.18872374]
[3.55940076],[0.84729392],[2.15583166]
[3.51470164],[0.84241347],[2.12005731]
[3.47260551],[0.8381178],[2.08490214]
[3.41555823],[0.83403788],[2.0487191]
[3.37406699],[0.82727874],[2.01130581]
[3.3558925],[0.82015363],[1.98472171]
[3.34052891],[0.81288554],[1.95489278]
[5.1623913],[1.59320409],[5.79304547]
[3.02991386],[1.27716912],[2.38385417]
[1.76216765],[0.75316855],[0.52872684]
[0.61976429],[0.15755474],[0.04319906]
[1.30477953],[0.2034152],[0.16902401]
[2.06973496],[0.63054666],[0.79834929]
[2.45288897],[0.7383839],[1.2678316]
[2.56520168],[0.815337],[1.51444]
[2.79893421],[0.87854508],[1.72403246]
[2.97285522],[0.88531336],[1.84275699]
[3.14642544],[0.89166222],[2.01816489]
[3.24494924],[0.8947313],[2.06597791]
[3.26813041],[0.89427823],[2.14600823]
[3.2918868],[0.8945834],[2.14633473]
[3.30936112],[0.89502063],[2.21192999]
[3.32429031],[0.89585373],[2.19792173]
[3.34172761],[0.89919461],[2.2680912]
[3.413742],[0.91218661],[2.25957473]
[3.40250094],[0.91575547],[2.32383095]
[3.56752177],[0.92690639],[2.35783292]
[3.49294921],[0.93034531],[2.3811103]
[3.61027275],[0.94079013],[2.40896867]
[3.5277175],[0.94163648],[2.42336823]
[3.64776155],[0.95399205],[2.45469724]
[3.52582714],[0.95379607],[2.45363037]
[3.66220272],[0.95797022],[2.48874266]
[3.56444887],[0.95299077],[2.47113686]
[3.68809495],[0.958613],[2.49735926]
[3.58711341],[0.94941194],[2.46888973]
[3.69667619],[0.94751836],[2.48363281]
[3.62686809],[0.93773609],[2.46085901]
[3.71569091],[0.93403364],[2.4618609]
[3.70417291],[0.93128219],[2.47635104]
[3.74602038],[0.9213643],[2.47331742]
[3.72748103],[0.91809889],[2.46359006]
[3.75280266],[0.91094978],[2.45439298]
[3.73850367],[0.9046667],[2.42113286]
[3.73134462],[0.89841163],[2.41194938]
[3.73165596],[0.89239577],[2.39642608]
[3.73599429],[0.89039153],[2.39172564]
[3.74660978],[0.88733373],[2.38779345]
[3.75254253],[0.88386677],[2.37680177]
[3.75268064],[0.88158708],[2.36017298]
[3.76141825],[0.87904214],[2.35327947]
[3.73941908],[0.87611754],[2.32570777]
[3.70098369],[0.87119117],[2.28733595]
[3.66898619],[0.86675355],[2.25959737]
[3.64226831],[0.86254739],[2.2368376]
[3.61079561],[0.85815597],[2.20853962]
[3.57068016],[0.85322625],[2.17556986]
[3.53902115],[0.84886375],[2.14227325]
[3.4935557],[0.84473528],[2.10711553]
[3.42946384],[0.8381514],[2.0636222]
[3.39198565],[0.83313234],[2.03863401]
[3.3755821],[0.82821526],[2.01063296]
[5.21592192],[1.68559719],[6.04874239]
[3.15492719],[1.33061716],[2.45679454]
[1.88769053],[0.76260286],[0.57948757]
[0.75329015],[0.19545684],[0.06656319]
[1.28783751],[0.20635963],[0.16872237]
[2.09226267],[0.63349666],[0.82312204]
[2.46177739],[0.7453063],[1.2999767]
[2.57209805],[0.82155808],[1.53887986]
[2.80045435],[0.88286219],[1.74479691]
[2.98368847],[0.88800934],[1.86334851]
[3.15956466],[0.89570814],[2.04132099]
[3.25665288],[0.89783535],[2.0824225]
[3.27923404],[0.89711558],[2.1759561]
[3.30536998],[0.89793171],[2.17047195]
[3.32087188],[0.89847486],[2.23915782]
[3.34453322],[0.90446159],[2.22725915]
[3.35413285],[0.91222664],[2.29933575]
[3.44598329],[0.92317366],[2.30053332]
[3.43980074],[0.92911987],[2.36403897]
[3.60715001],[0.93802367],[2.40538179]
[3.52374499],[0.94410193],[2.42150269]
[3.59545594],[0.95225413],[2.43088723]
[3.55641945],[0.95810132],[2.46640304]
[3.63913503],[0.96604492],[2.4799573]
[3.55212944],[0.97364306],[2.50033609]
[3.65547458],[0.97136753],[2.51609826]
[3.54264478],[0.97373075],[2.50176253]
[3.68405311],[0.97181384],[2.52518756]
[3.56896969],[0.96864568],[2.50064751]
[3.69343866],[0.9588779],[2.51158973]
[3.61351513],[0.95144629],[2.48859728]
[3.71285192],[0.94499704],[2.49115321]
[3.69940209],[0.94291179],[2.49862638]
[3.74516043],[0.93181132],[2.49877572]
[3.72471457],[0.92905045],[2.48627018]
[3.7521171],[0.92171403],[2.47861599]
[3.73652045],[0.91516952],[2.44364371]
[3.72915706],[0.90923118],[2.43519739]
[3.72942293],[0.90255959],[2.42053708]
[3.73428622],[0.89636665],[2.41382684]
[3.74589341],[0.89185],[2.40728993]
[3.75274102],[0.8894002],[2.39659424]
[3.75370499],[0.88779743],[2.37873442]
[3.76403392],[0.88536629],[2.3693275]
[3.77487079],[0.88253649],[2.36247324]
[3.74050273],[0.8787102],[2.32550188]
[3.71154425],[0.87544608],[2.29667608]
[3.68689424],[0.87141287],[2.27176783]
[3.65828321],[0.8669715],[2.2458858]
[3.62209812],[0.86200768],[2.21342282]
[3.58988908],[0.85783037],[2.18104651]
[3.55641956],[0.85365402],[2.15046641]
[3.50639261],[0.84723593],[2.11128351]
[3.45338517],[0.84218912],[2.07763092]
[3.41344156],[0.83730914],[2.04792708]
[5.39507858],[1.72978332],[5.90653923]
[3.20441281],[1.36511572],[2.47276752]
[1.950016],[0.7145293],[0.5917701]
[0.82391359],[0.19941608],[0.07546475]
[1.15076405],[0.17208334],[0.11910343]
[2.105966],[0.61871676],[0.82801043]
[2.46759051],[0.74514331],[1.31483664]
[2.57723501],[0.82213986],[1.55401991]
[2.80520798],[0.88681615],[1.76223082]
[2.98985172],[0.89371169],[1.87996369]
[3.16926027],[0.90091153],[2.06549846]
[3.26474414],[0.90273975],[2.09760864]
[3.28925017],[0.90192703],[2.21586789]
[3.31391034],[0.90291283],[2.19957961]
[3.32706668],[0.91346115],[2.27291685]
[3.37322504],[0.91799185],[2.26625508]
[3.36969379],[0.92920758],[2.34264446]
[3.47476541],[0.93676164],[2.34935066]
[3.47412642],[0.94637401],[2.41375709]
[3.60245395],[0.9517478],[2.44065395]
[3.5538879],[0.9664233],[2.47781543]
[3.60653791],[0.96698592],[2.47561268]
[3.58771514],[0.98358794],[2.5265189]
[3.63703335],[0.98883652],[2.52680392]
[3.58353403],[0.99796721],[2.55535873]
[3.65453215],[0.99273256],[2.55748275]
[3.57053256],[0.99833062],[2.55326789]
[3.6848753],[0.99368463],[2.56809158]
[3.56079078],[0.99551081],[2.54240426]
[3.69485536],[0.97657615],[2.55317625]
[3.61021922],[0.97725283],[2.53385144]
[3.71560724],[0.95918835],[2.53132314]
[3.70222287],[0.95790881],[2.53218382]
[3.74933023],[0.9454686],[2.53929976]
[3.72887151],[0.94381579],[2.52004811]
[3.75631155],[0.93629481],[2.51930462]
[3.74065658],[0.92946747],[2.48233108]
[3.73237121],[0.92281353],[2.4711838]
[3.7323627],[0.91586907],[2.45602969]
[3.73715388],[0.90955672],[2.44561065]
[3.74894581],[0.90340189],[2.43803125]
[3.75595354],[0.89549506],[2.42591774]
[3.75694541],[0.89364762],[2.40954571]
[3.76675732],[0.89091156],[2.39354887]
[3.79520994],[0.88845643],[2.39781438]
[3.77329095],[0.88501051],[2.36746357]
[3.74677869],[0.88207336],[2.33850743]
[3.72140999],[0.87977571],[2.31086426]
[3.69489941],[0.87695621],[2.28448757]
[3.66136479],[0.8725262],[2.25181987]
[3.63466599],[0.86851672],[2.22033589]
[3.60452806],[0.8643978],[2.19019249]
[3.56713352],[0.85853016],[2.15492958]
[3.52729023],[0.85339236],[2.12571764]
[3.48478894],[0.84846071],[2.09453024]
[5.44150043],[1.57772448],[4.9282731]
[3.20919901],[1.32573269],[2.01010538]
[1.8615885],[0.543644],[0.44617282]
[0.72894167],[0.15380355],[0.04968142]
[1.12685473],[0.16930487],[0.11122763]
[2.15159866],[0.62357646],[0.88569223]
[2.47595356],[0.75645906],[1.36484167]
[2.57870844],[0.83561108],[1.59733186]
[2.78212002],[0.89941506],[1.78472718]
[2.97715592],[0.90542375],[1.89620238]
[3.16258229],[0.91148714],[2.07542825]
[3.26961471],[0.91110416],[2.12091462]
[3.29079189],[0.91827167],[2.25566613]
[3.32013243],[0.91555558],[2.23802473]
[3.32995867],[0.93051175],[2.31871066]
[3.40333244],[0.93268118],[2.32334917]
[3.40573705],[0.94662362],[2.40028859]
[3.50482007],[0.95183979],[2.41195166]
[3.51022191],[0.96918394],[2.47974073]
[3.60705789],[0.96759704],[2.49353751]
[3.58904614],[0.99066835],[2.54292261]
[3.63731246],[0.99028628],[2.544481]
[3.62232512],[1.00661112],[2.58461047]
[3.64933494],[1.0106716],[2.57922888]
[3.61699305],[1.01964232],[2.6172444]
[3.66408325],[1.01362042],[2.61045367]
[3.60394084],[1.01812501],[2.61038417]
[3.69688622],[1.01492787],[2.62006616]
[3.58790913],[1.01353887],[2.58977229]
[3.7182484],[0.99960846],[2.61330804]
[3.61933323],[1.00132141],[2.58085082]
[3.74630733],[0.97564182],[2.59792852]
[3.71833609],[0.97888792],[2.58347211]
[3.7736288],[0.95976112],[2.60096469]
[3.739657],[0.95802564],[2.56177266]
[3.77320749],[0.95029583],[2.57354012]
[3.75151175],[0.94322044],[2.52978358]
[3.74220744],[0.93632093],[2.51817562]
[3.74241541],[0.92912136],[2.50263484]
[3.74784473],[0.9225688],[2.49183432]
[3.75965183],[0.91617453],[2.48404248]
[3.76642415],[0.90694259],[2.47275049]
[3.76601894],[0.90215152],[2.45164427]
[3.77418304],[0.89937053],[2.4331258]
[3.79941107],[0.89705573],[2.42845554]
[3.77133399],[0.89356386],[2.39424577]
[3.74369449],[0.89058358],[2.36387791]
[3.71944154],[0.88805768],[2.33663271]
[3.69172858],[0.88518279],[2.30213172]
[3.65619128],[0.88174653],[2.26520562]
[3.62788658],[0.87863237],[2.23405566]
[3.59654727],[0.87509206],[2.20470699]
[3.55700045],[0.86950424],[2.16983175]
[3.52012579],[0.86440417],[2.14371039]
[3.48854319],[0.85949509],[2.11830778]
[5.55202886],[1.58980876],[4.96767349]
[3.30856216],[1.25595071],[1.96505244]
[1.85523781],[0.52649963],[0.44689329]
[0.70778274],[0.14512947],[0.04535447]
[1.08215451],[0.16267834],[0.09621401]
[2.17910658],[0.62009158],[0.91574172]
[2.48559515],[0.76403487],[1.39488699]
[2.5834092],[0.84422193],[1.62200395]
[2.77562922],[0.90584789],[1.80527688]
[2.99366023],[0.91219023],[1.92405893]
[3.194352],[0.91852675],[2.13659892]
[3.29168032],[0.92913487],[2.1954609]
[3.30870972],[0.94249976],[2.34294398]
[3.35289091],[0.936378],[2.32431032]
[3.3443199],[0.95686355],[2.40314172]
[3.43514751],[0.95432549],[2.40353649]
[3.44109561],[0.98217688],[2.48533036]
[3.5366306],[0.9810729],[2.49745682]
[3.54369643],[1.00527914],[2.56125225]
[3.61733467],[1.00403466],[2.56840567]
[3.62132787],[1.02502331],[2.62540926]
[3.67046535],[1.0251996],[2.63490406]
[3.65035647],[1.03676597],[2.67269039]
[3.70126509],[1.04442428],[2.68729372]
[3.64602838],[1.04403215],[2.70305552]
[3.70723182],[1.04650098],[2.70917264]
[3.64577771],[1.04093572],[2.69813228]
[3.7434276],[1.04441592],[2.72178901]
[3.65232629],[1.03782033],[2.68977088]
[3.76253384],[1.03378349],[2.71805754]
[3.67997604],[1.0263252],[2.67519497]
[3.79250957],[1.01407754],[2.70113512]
[3.77824576],[1.01686002],[2.68450039]
[3.81674635],[0.98910686],[2.69572527]
[3.79283742],[0.99140872],[2.6560796]
[3.81522376],[0.97849614],[2.66459666]
[3.79387187],[0.96554149],[2.61165375]
[3.77998695],[0.95814102],[2.59477195]
[3.77411865],[0.95042321],[2.57313334]
[3.77441827],[0.94340292],[2.55777221]
[3.78323422],[0.93655696],[2.54792021]
[3.78640119],[0.9275588],[2.5347596]
[3.78045626],[0.91546043],[2.507387]
[3.78682957],[0.90549463],[2.48202916]
[3.79876719],[0.90270913],[2.46396923]
[3.79948256],[0.89909959],[2.44168716]
[3.78041612],[0.89604115],[2.41327173]
[3.75863261],[0.89333518],[2.38261494]
[3.73391429],[0.89035131],[2.34913017]
[3.70174641],[0.8868683],[2.31093448]
[3.67585261],[0.88457723],[2.27647933]
[3.64733209],[0.88296404],[2.24727301]
[3.61181356],[0.87840364],[2.21297624]
[3.57444709],[0.87357123],[2.1856074]
[3.54611082],[0.86856556],[2.15963281]
[5.54107392],[1.60153394],[5.01352335]
[3.27682284],[1.22340894],[1.91462719]
[1.73612534],[0.53494385],[0.42704343]
[0.59118447],[0.12307438],[0.03131986]
[0.83499644],[0.12208862],[0.04889285]
[2.18910332],[0.60958165],[0.91538851]
[2.49387466],[0.7687669],[1.41815652]
[2.58346212],[0.8500242],[1.63597913]
[2.77650131],[0.91214379],[1.8251942]
[3.02603281],[0.9198944],[1.96204372]
[3.22099131],[0.92787945],[2.19868749]
[3.30669784],[0.94638006],[2.25578723]
[3.32242546],[0.96517785],[2.41725339]
[3.38169213],[0.95295522],[2.39399695]
[3.36496191],[0.98294943],[2.46726691]
[3.46408396],[0.97127932],[2.46015427]
[3.47497302],[1.00849305],[2.54205765]
[3.58610004],[1.0046424],[2.56550723]
[3.57527897],[1.02882576],[2.62411679]
[3.67539827],[1.02677922],[2.65252076]
[3.65959967],[1.04411122],[2.69165837]
[3.74759793],[1.04739361],[2.73143956]
[3.71938177],[1.05441805],[2.75216739]
[3.77214057],[1.06291274],[2.77880417]
[3.73841582],[1.06117577],[2.79193172]
[3.77740162],[1.061301],[2.79862981]
[3.74923375],[1.05917579],[2.79602941]
[3.80016582],[1.05931515],[2.80776469]
[3.75549523],[1.05701324],[2.79051043]
[3.81585708],[1.04957341],[2.80588464]
[3.77015404],[1.04609026],[2.77605952]
[3.83962579],[1.03347008],[2.79101465]
[3.84000589],[1.03328095],[2.77843726]
[3.86116393],[1.01567779],[2.7856512]
[3.84939643],[1.01494694],[2.74625128]
[3.85965134],[1.00538933],[2.74914702]
[3.84803337],[0.99257663],[2.69977802]
[3.83299994],[0.97916365],[2.67882568]
[3.82810572],[0.96684678],[2.65572219]
[3.82835272],[0.95955118],[2.63926204]
[3.83625627],[0.95322069],[2.6295998]
[3.83886165],[0.94450087],[2.61625561]
[3.83356447],[0.9317398],[2.5861136]
[3.83787881],[0.91874055],[2.5567267]
[3.83163598],[0.90814774],[2.51803839]
[3.80923385],[0.90448551],[2.47794454]
[3.80959804],[0.90135282],[2.45766973]
[3.79137028],[0.89856647],[2.4293233]
[3.76797506],[0.8955158],[2.39744774]
[3.73869266],[0.89226055],[2.35737333]
[3.71265585],[0.8906168],[2.31729996]
[3.68633036],[0.88895092],[2.28406495]
[3.65296805],[0.88468975],[2.24892378]
[3.62243468],[0.88060159],[2.22275749]
[3.59681183],[0.87650432],[2.19679844]
[5.46598829],[1.52954702],[4.65254064]
[3.17175969],[1.02227283],[1.61306681]
[1.61563235],[0.45770033],[0.36613869]
[0.43828324],[0.08717676],[0.01556666]
[0.80311973],[0.12074754],[0.04644329]
[2.21674194],[0.6248454],[0.96779208]
[2.49892495],[0.78049437],[1.46492128]
[2.56982952],[0.86348605],[1.66269633]
[2.79041189],[0.92807894],[1.86401698]
[3.04883486],[0.93636651],[2.00921535]
[3.23693337],[0.94458163],[2.25640132]
[3.32165226],[0.96243288],[2.33168415]
[3.32911142],[0.99240073],[2.48700807]
[3.41475951],[0.96955764],[2.46482803]
[3.40599356],[1.00675189],[2.53109563]
[3.49984749],[0.99559234],[2.52746324]
[3.51530541],[1.03062254],[2.60677822]
[3.61610943],[1.02801769],[2.63884967]
[3.64704278],[1.04617644],[2.70873199]
[3.76079455],[1.04939143],[2.76337907]
[3.77077959],[1.06159653],[2.80131487]
[3.81473663],[1.06523423],[2.83221477]
[3.80791997],[1.07298313],[2.85762973]
[3.83183293],[1.08228585],[2.88351924]
[3.82126483],[1.08542962],[2.90941799]
[3.83537686],[1.08873215],[2.9220581]
[3.83073423],[1.09101864],[2.93802831]
[3.86294328],[1.09587066],[2.96223499]
[3.85375334],[1.09605957],[2.96293372]
[3.8825855],[1.08812004],[2.97426814]
[3.87664435],[1.08068145],[2.95249223]
[3.90753927],[1.06356149],[2.94322274]
[3.92838918],[1.0598005],[2.9271337]
[3.92305142],[1.03729091],[2.91212259]
[3.9171016],[1.03236246],[2.86639425]
[3.90774894],[1.02280366],[2.84784361]
[3.89819281],[1.01341421],[2.79353496]
[3.87712834],[1.00382607],[2.77234255]
[3.87165569],[0.99230723],[2.74886246]
[3.87082943],[0.97849138],[2.72869817]
[3.87783554],[0.97133413],[2.72159283]
[3.88241172],[0.96239088],[2.70883559]
[3.8814803],[0.94916743],[2.67960465]
[3.88504146],[0.93606061],[2.64821084]
[3.87759164],[0.92340145],[2.60517048]
[3.85531151],[0.91554966],[2.55524876]
[3.83375134],[0.91039106],[2.51602631]
[3.81008195],[0.90705107],[2.4783795]
[3.78300918],[0.90397926],[2.44384344]
[3.74809327],[0.90126925],[2.4006729]
[3.71808848],[0.89923668],[2.35704249]
[3.68518121],[0.89753239],[2.31637664]
[3.6487655],[0.89325353],[2.27362488]
[3.6156248],[0.88913307],[2.23818766]
[3.58839143],[0.88527246],[2.2105781]
[5.45204428],[1.57740772],[4.73162051]
[3.09298101],[1.06145833],[1.67079187]
[1.5764176],[0.50624305],[0.40722345]
[0.44145104],[0.10166245],[0.01888199]
[0.70646143],[0.10966298],[0.03689933]
[2.23595137],[0.62610229],[0.98750553]
[2.51548234],[0.78951909],[1.49889251]
[2.58369176],[0.87396134],[1.69014655]
[2.84295281],[0.93761794],[1.91140906]
[3.08685639],[0.946055],[2.06976864]
[3.27174271],[0.97871101],[2.36762944]
[3.35308581],[0.99623218],[2.45279993]
[3.34431099],[1.02998112],[2.57597529]
[3.44649431],[1.00943904],[2.56613474]
[3.44151264],[1.03793041],[2.6219858]
[3.53198049],[1.03343618],[2.62872505]
[3.5551327],[1.05657355],[2.70717136]
[3.70916246],[1.07023247],[2.78864603]
[3.75625307],[1.08563062],[2.87894864]
[3.83588038],[1.09432978],[2.94440794]
[3.86821908],[1.10687947],[3.00293489]
[3.89411973],[1.11714611],[3.04330029]
[3.91304496],[1.12398565],[3.08645383]
[3.92216711],[1.1362787],[3.11451905]
[3.94020836],[1.13634663],[3.14814006]
[3.93888413],[1.14396715],[3.16081081]
[3.95849061],[1.14318424],[3.18442527]
[3.95677466],[1.15200135],[3.19394359]
[3.97383467],[1.14876019],[3.20907397]
[3.96767377],[1.14682999],[3.19946628]
[3.98669284],[1.13610092],[3.19261117]
[3.98371612],[1.12435124],[3.16356861]
[4.04175301],[1.12153256],[3.15516107]
[3.99685371],[1.10080079],[3.12518388]
[4.01467461],[1.09618375],[3.08867388]
[3.98104219],[1.08307586],[3.0571635]
[3.97945054],[1.06992713],[3.00170177]
[3.95506692],[1.05645984],[2.96193257]
[3.94436296],[1.04156221],[2.91912829]
[3.93643502],[1.02739553],[2.88132192]
[3.93596],[1.01694903],[2.85536208]
[3.93400966],[0.996673],[2.82687176]
[3.92728497],[0.97045693],[2.78200172]
[3.92086175],[0.95687932],[2.73591533]
[3.90723611],[0.94538775],[2.68749014]
[3.88839996],[0.93161867],[2.63679978]
[3.87036885],[0.92061056],[2.59209278]
[3.85646534],[0.91618711],[2.5565837]
[3.83063989],[0.91203479],[2.51387986]
[3.80166337],[0.90853961],[2.473851]
[3.77633926],[0.90627545],[2.43740975]
[3.74882814],[0.90447709],[2.39607385]
[3.71398012],[0.90017059],[2.34991196]
[3.67943786],[0.89592474],[2.3059571]
[3.64749601],[0.8919174],[2.26827155]
[5.52486192],[1.6505758],[4.94277888]
[2.93867729],[1.12667714],[1.65692861]
[1.41280905],[0.52683918],[0.38854921]
[0.31734845],[0.09689445],[0.01264954]
[0.62202897],[0.09766953],[0.02871057]
[2.25576303],[0.62552973],[1.00548636]
[2.5334642],[0.79696899],[1.5290456]
[2.59820942],[0.88165926],[1.71213304]
[2.89470342],[0.9442312],[1.95797074]
[3.13680654],[0.9522343],[2.1349099]
[3.29989859],[1.00527695],[2.44673676]
[3.38413689],[1.02026395],[2.52598435]
[3.37965514],[1.04736239],[2.64059064]
[3.48090385],[1.03470302],[2.64489593]
[3.48526672],[1.06417288],[2.71073528]
[3.62499745],[1.07397012],[2.77723249]
[3.69850586],[1.10261167],[2.90207533]
[3.83107941],[1.1209189],[3.0132124]
[3.90516753],[1.13281005],[3.11088473]
[3.94599399],[1.14350374],[3.16337563]
[3.98941101],[1.15304117],[3.22622835]
[3.992049],[1.16481046],[3.25830499]
[4.02152193],[1.16885908],[3.30584141]
[4.0128971],[1.18105842],[3.32573256]
[4.0426214],[1.18035111],[3.3641481]
[4.02955932],[1.18951146],[3.38451203]
[4.07521774],[1.18836477],[3.4100205]
[4.07432299],[1.19892761],[3.43895704]
[4.12495204],[1.19491475],[3.45230514]
[4.12360761],[1.19707187],[3.45613053]
[4.175067],[1.183824],[3.45488346]
[4.18399684],[1.17562706],[3.42810166]
[4.27433037],[1.17220615],[3.42721573]
[4.21602078],[1.15259764],[3.37161321]
[4.24823061],[1.14825879],[3.33448282]
[4.14855325],[1.13581943],[3.26976826]
[4.18213389],[1.12329061],[3.22697522]
[4.08999035],[1.11046227],[3.16699599]
[4.06657676],[1.09627011],[3.12213736]
[4.04741608],[1.08323768],[3.08325506]
[4.03399908],[1.07561399],[3.05689912]
[4.02440211],[1.05607737],[3.01914192]
[4.00615571],[1.02759737],[2.95736689]
[3.98936217],[0.99817548],[2.88408352]
[3.97180063],[0.96997465],[2.81647122]
[3.9500204],[0.95233796],[2.74597797]
[3.92486348],[0.93559087],[2.6800647]
[3.9020298],[0.92426514],[2.62467433]
[3.88019545],[0.92007176],[2.57961418]
[3.85396975],[0.91506638],[2.53359109]
[3.83065218],[0.91100864],[2.49520532]
[3.80620141],[0.90880322],[2.46184193]
[3.77684961],[0.90409006],[2.41720374]
[3.74811036],[0.8997444],[2.37393407]
[3.72256406],[0.89578183],[2.33439885]
[5.61730485],[1.72048775],[5.20215572]
[2.88788164],[1.18294797],[1.696913]
[1.3939361],[0.55966583],[0.40222627]
[0.26493469],[0.09164145],[0.00977846]
[0.29938425],[0.04758023],[0.00628682]
[2.24998002],[0.61951257],[0.99406106]
[2.5376428],[0.80332141],[1.54697597]
[2.60188845],[0.88893863],[1.72815438]
[2.91487327],[0.95204344],[1.99287453]
[3.15786038],[0.96454828],[2.19649956]
[3.30889118],[1.02606169],[2.5158572]
[3.40615184],[1.05331457],[2.62105282]
[3.40725526],[1.08543173],[2.75794255]
[3.51514931],[1.08947392],[2.80130359]
[3.56478771],[1.115884],[2.90062478]
[3.75628292],[1.12597552],[3.01297539]
[3.83803021],[1.1511373],[3.13424531]
[3.92118727],[1.17023969],[3.22863834]
[3.99404219],[1.18036063],[3.32784477]
[4.01485291],[1.19230923],[3.37441462]
[4.07141917],[1.20028285],[3.44424394]
[4.09693917],[1.21392127],[3.50048854]
[4.16798217],[1.21802664],[3.56854044]
[4.18966306],[1.23078207],[3.62588478]
[4.23991779],[1.22935065],[3.6812609]
[4.24698477],[1.23886021],[3.71788312]
[4.28726614],[1.23705869],[3.75797383]
[4.30565809],[1.24943458],[3.7915647]
[4.33258173],[1.24456315],[3.81479261]
[4.34131304],[1.24850451],[3.80808957]
[4.36638249],[1.23332218],[3.80390851]
[4.37995551],[1.2276656],[3.77375938]
[4.4319093],[1.22259727],[3.76504024]
[4.41481297],[1.20663494],[3.71152033]
[4.42298245],[1.20162363],[3.66506069]
[4.37001023],[1.18946459],[3.58926188]
[4.37691768],[1.1773508],[3.53277165]
[4.32666329],[1.16502248],[3.45250579]
[4.28627517],[1.15150142],[3.38674221]
[4.25947019],[1.14057591],[3.33322776]
[4.23235475],[1.13323213],[3.29303381]
[4.20992102],[1.11517092],[3.24383413]
[4.178067],[1.08821624],[3.17836904]
[4.14985189],[1.06016227],[3.10113447]
[4.09448435],[1.03048222],[3.01363066]
[4.04396209],[0.99685274],[2.91644092]
[3.99138248],[0.96994174],[2.83525702]
[3.97200001],[0.95506974],[2.77603925]
[3.95021364],[0.94168051],[2.71794032]
[3.92401121],[0.92850132],[2.65879233]
[3.89461031],[0.92236745],[2.59957845]
[3.85831658],[0.91911422],[2.54446532]
[3.83045809],[0.91251854],[2.49817628]
[3.80710102],[0.9079394],[2.45734277]
[3.78737113],[0.90364757],[2.42064497]
[5.67186941],[1.65798999],[5.11310983]
[2.8805079],[1.05411866],[1.5679798]
[1.34540723],[0.52124121],[0.36920503]
[0.18823492],[0.06711526],[0.00467194]
[0.32909382],[0.05085939],[0.0074344]
[2.25623709],[0.63704876],[1.02665691]
[2.53610584],[0.81132],[1.57029237]
[2.59271447],[0.89954717],[1.74289611]
[2.91893745],[0.96156933],[2.01223173]
[3.16456725],[0.97885233],[2.23828693]
[3.31171764],[1.05502186],[2.57976339]
[3.42339668],[1.09030627],[2.72512756]
[3.45484406],[1.11930423],[2.87162941]
[3.63755961],[1.12907441],[2.96567014]
[3.71197012],[1.15066744],[3.06681023]
[3.83707109],[1.16351671],[3.17140781]
[3.91693485],[1.18505664],[3.28896483]
[3.97247896],[1.20788787],[3.37714449]
[4.04402762],[1.21504525],[3.47435392]
[4.1038218],[1.23228223],[3.55776755]
[4.21870208],[1.23779425],[3.65538537]
[4.26011245],[1.25623327],[3.7302835]
[4.30209004],[1.25783763],[3.8003374]
[4.32503805],[1.27561288],[3.86382358]
[4.35715829],[1.27345769],[3.92682219]
[4.37016141],[1.28653355],[3.98275265]
[4.39400641],[1.2844004],[4.014321]
[4.41588577],[1.29826234],[4.06530819]
[4.43211235],[1.29366917],[4.08054472]
[4.44307927],[1.29853013],[4.09070304]
[4.46041091],[1.27980455],[4.07036858]
[4.47352941],[1.27255262],[4.04876936]
[4.51508952],[1.26185681],[4.02093548]
[4.51526143],[1.24886209],[3.96478805]
[4.51674506],[1.24456669],[3.90870276]
[4.48424932],[1.23302267],[3.83482848]
[4.4773993],[1.221392],[3.77751222]
[4.4436931],[1.20947824],[3.69600911]
[4.40742411],[1.19664036],[3.62731193]
[4.38616636],[1.18844626],[3.57636033]
[4.36757458],[1.18220794],[3.5355478]
[4.35422924],[1.1658608],[3.48651215]
[4.33153902],[1.14147288],[3.4151309]
[4.3011243],[1.11694114],[3.32248733]
[4.25260736],[1.09119333],[3.223916]
[4.18495193],[1.06172219],[3.12694119]
[4.08233651],[1.03349554],[3.03095608]
[4.02341672],[1.00662814],[2.95137264]
[4.00309445],[0.98003203],[2.88805597]
[3.9826764],[0.96731951],[2.83111531]
[3.95455511],[0.9554525],[2.76386253]
[3.92090036],[0.94244738],[2.69336225]
[3.87353605],[0.92975848],[2.60994428]
[3.83957243],[0.92243269],[2.54656498]
[3.80717724],[0.91651802],[2.4925229]
[5.79540853],[1.72159587],[5.32427508]
[2.9694328],[1.12833258],[1.69156404]
[1.38640725],[0.58034052],[0.41302585]
[0.22359777],[0.08966672],[0.00799504]
[0.27911839],[0.04003158],[0.00478328]
[2.2634653],[0.63747765],[1.03222394]
[2.543395],[0.81488609],[1.58346138]
[2.60353171],[0.90274288],[1.75926951]
[2.96487607],[0.96898744],[2.06714806]
[3.18563207],[1.01890079],[2.33365136]
[3.32740543],[1.08697839],[2.68461986]
[3.47726747],[1.12895872],[2.85665988]
[3.53201387],[1.15246291],[3.00576694]
[3.73978982],[1.16781761],[3.13134249]
[3.81645567],[1.18293841],[3.23263837]
[3.90745292],[1.20075755],[3.33563844]
[3.9825364],[1.21680696],[3.45283535]
[4.02082371],[1.24668061],[3.53943048]
[4.14996685],[1.25083778],[3.66437651]
[4.25650104],[1.27308469],[3.79058565]
[4.33991427],[1.27539055],[3.88997597]
[4.38004107],[1.29697527],[3.96765094]
[4.40941605],[1.29633919],[4.03737591]
[4.43339207],[1.31501097],[4.12066563]
[4.45468533],[1.31165981],[4.17859295]
[4.47060062],[1.3268079],[4.24226524]
[4.48481812],[1.32368533],[4.29200102]
[4.50556568],[1.33982432],[4.34637978]
[4.51990571],[1.33526],[4.3715997]
[4.53224926],[1.34183325],[4.38463949]
[4.54530877],[1.32240372],[4.36732391]
[4.55962114],[1.31692891],[4.34487409]
[4.59126702],[1.30306039],[4.30862801]
[4.61033491],[1.29103133],[4.24270551]
[4.59855653],[1.28186069],[4.17416338]
[4.58634793],[1.27071553],[4.09562591]
[4.56713277],[1.26355322],[4.03722515]
[4.54689301],[1.256505],[3.95570315]
[4.51792262],[1.24778887],[3.89796485]
[4.5058599],[1.24215543],[3.8593653]
[4.49557881],[1.23757081],[3.82604783]
[4.48803349],[1.22163149],[3.77776428]
[4.47809434],[1.19906608],[3.7047852]
[4.45561458],[1.17452502],[3.60367265]
[4.42166201],[1.15048195],[3.48983207]
[4.37357023],[1.12256132],[3.3711354]
[4.28046639],[1.09980642],[3.25518292]
[4.15202565],[1.07738205],[3.15318632]
[4.07689714],[1.05245941],[3.07508447]
[4.04206007],[1.02993637],[3.00436063]
[4.02408456],[1.0066512],[2.93895798]
[3.99729033],[0.98483906],[2.86864375]
[3.96248106],[0.96846449],[2.78908083]
[3.91953776],[0.95673512],[2.70530117]
[3.88266102],[0.933983],[2.62553095]
[5.85929107],[1.83038675],[5.62724657]
[2.97868251],[1.23153827],[1.78453408]
[1.33865537],[0.61528039],[0.42271277]
[0.1529989],[0.07023847],[0.00385751]
[0.25797906],[0.0334995],[0.00355915]
[2.270271],[0.63939881],[1.03822364]
[2.55806205],[0.82258937],[1.60403333]
[2.61900703],[0.9109234],[1.7863584]
[3.01384485],[0.97777986],[2.13487385]
[3.22097066],[1.05383255],[2.43162321]
[3.35505537],[1.11542588],[2.79545294]
[3.58348127],[1.1614628],[2.99645253]
[3.67536128],[1.18005524],[3.1518007]
[3.82449514],[1.19993134],[3.27147854]
[3.90227456],[1.21049876],[3.37303951]
[3.9646575],[1.23420031],[3.47228581]
[4.0406318],[1.24856694],[3.58803947]
[4.09254228],[1.28386761],[3.70523337]
[4.29520581],[1.28570414],[3.873618]
[4.37680321],[1.30848347],[3.99705834]
[4.43865678],[1.30986035],[4.09395264]
[4.47928513],[1.32999832],[4.19036635]
[4.49944393],[1.33057779],[4.25736284]
[4.52139768],[1.34830779],[4.34736622]
[4.53815158],[1.34660782],[4.42198066]
[4.5530846],[1.3610248],[4.48800352]
[4.5679264],[1.36028904],[4.54766051]
[4.58832467],[1.37604501],[4.60024592]
[4.60035183],[1.37764484],[4.64778739]
[4.62570417],[1.38447298],[4.67645506]
[4.62259022],[1.37038098],[4.67978841]
[4.67235283],[1.36784302],[4.68269094]
[4.69514517],[1.35447752],[4.66334862]
[4.75731799],[1.34637245],[4.61805087]
[4.74712532],[1.33514043],[4.54902496]
[4.76330748],[1.32343899],[4.46655993]
[4.71558396],[1.31315818],[4.38837753]
[4.73156042],[1.30323543],[4.30503333]
[4.67606678],[1.29276766],[4.22774099]
[4.66011915],[1.28825058],[4.18280726]
[4.64652788],[1.28358445],[4.14198362]
[4.63340504],[1.26991708],[4.08435982]
[4.61676944],[1.24817328],[3.99734116]
[4.58514492],[1.22437115],[3.87429244]
[4.55126077],[1.19957667],[3.74387371]
[4.51532493],[1.17346071],[3.61749904]
[4.4533228],[1.15192455],[3.48797951]
[4.37219688],[1.13013295],[3.36752816]
[4.26737492],[1.10758254],[3.2679043]
[4.12758845],[1.08568273],[3.17069022]
[4.08074858],[1.06311705],[3.09810975]
[4.06416233],[1.04017149],[3.02814683]
[4.04061867],[1.01480499],[2.94331655]
[4.01015809],[0.9873079],[2.86158376]
[3.97395378],[0.95766997],[2.77431529]
[5.94358326],[1.91615515],[5.86762842]
[3.06997715],[1.2775957],[1.88136866]
[1.3412609],[0.64793282],[0.43502007]
[0.11311749],[0.05821777],[0.0021444]
[0.],[0.],[0.]
[2.26794539],[0.63780217],[1.03321092]
[2.56612065],[0.83366781],[1.62561307]
[2.65963938],[0.91989885],[1.81607591]
[3.05947506],[0.9892933],[2.21106933]
[3.25069874],[1.08865429],[2.52839382]
[3.38969852],[1.14711123],[2.91663539]
[3.68798393],[1.19755032],[3.15653165]
[3.78454473],[1.21254879],[3.31354246]
[3.89287699],[1.23422762],[3.42767546]
[3.97060442],[1.24381364],[3.53203987]
[4.01539636],[1.27186166],[3.62388661]
[4.11050175],[1.28573535],[3.76061394]
[4.25724078],[1.31981631],[3.92777314]
[4.4053316],[1.32194495],[4.09874534]
[4.47476545],[1.34323929],[4.23808531]
[4.52070665],[1.34726845],[4.33534333]
[4.55890053],[1.36661258],[4.43330227]
[4.57711708],[1.37144322],[4.52847565]
[4.59785639],[1.38982303],[4.62431794]
[4.61342421],[1.39301159],[4.7303931]
[4.64509321],[1.4084138],[4.80677125]
[4.64526683],[1.41126868],[4.89766871]
[4.71461645],[1.42655219],[4.96777355]
[4.70336081],[1.43084653],[5.03493686]
[4.78364385],[1.43699926],[5.07793587]
[4.75959488],[1.42611271],[5.09358915]
[4.84787953],[1.42156245],[5.12529809]
[4.85365246],[1.40886615],[5.14041022]
[4.99506261],[1.40152615],[5.09149212]
[4.96452171],[1.38930718],[4.99629609]
[5.04400281],[1.37787674],[4.93353316]
[4.89228529],[1.36796761],[4.815607]
[4.97646451],[1.35790143],[4.73998701]
[4.8642045],[1.34792031],[4.63126936]
[4.84713162],[1.33981901],[4.56727617]
[4.83227557],[1.33158098],[4.51070422]
[4.81833011],[1.31446482],[4.44563938]
[4.80127931],[1.29585085],[4.3576888]
[4.76595482],[1.27321779],[4.23181728]
[4.71445203],[1.24897369],[4.06599137]
[4.65656311],[1.22628506],[3.89846816]
[4.58941361],[1.20462504],[3.76122833]
[4.53276558],[1.1836842],[3.63467102]
[4.46778838],[1.16051343],[3.51015423]
[4.36920821],[1.13940529],[3.38905068]
[4.23755904],[1.11770449],[3.28323388]
[4.12850535],[1.095368],[3.19820521]
[4.10077536],[1.06795784],[3.11571837]
[4.08041764],[1.0366457],[3.0327107]
[4.05420744],[0.98656304],[2.93867159]
[6.01987834],[1.83063654],[5.7609005]
[3.10170056],[1.21523252],[1.82489282]
[1.37359938],[0.6266339],[0.41624515]
[0.05349291],[0.02560771],[0.00020097]
[0.],[0.],[0.]
[2.27694066],[0.66085326],[1.07855899]
[2.55910522],[0.85127878],[1.65547387]
[2.71599991],[0.93802865],[1.86804233]
[3.08931512],[1.00710341],[2.30963523]
[3.27386304],[1.12567568],[2.64486537]
[3.48175343],[1.17975088],[3.06535563]
[3.78105756],[1.23334046],[3.33465868]
[3.87677416],[1.24643881],[3.49640074]
[3.95230194],[1.27719599],[3.60860493]
[4.02618958],[1.28498985],[3.70934965]
[4.07379467],[1.31993833],[3.84181962]
[4.26017453],[1.33336855],[4.0267347]
[4.38836588],[1.36526024],[4.23120026]
[4.49332528],[1.37072418],[4.41297072]
[4.55740268],[1.39184279],[4.55955504]
[4.59875111],[1.39930604],[4.69601038]
[4.6526156],[1.41885783],[4.7958487]
[4.65787893],[1.42646094],[4.91020183]
[4.73606163],[1.44252494],[5.01396792]
[4.72458513],[1.44784924],[5.12279688]
[4.80831195],[1.4617374],[5.22029956]
[4.78348295],[1.46619668],[5.34026922]
[4.87945541],[1.47890413],[5.45509341]
[4.85174341],[1.48520617],[5.54865675]
[5.03611804],[1.48982337],[5.66339635]
[4.91904222],[1.4834392],[5.67594611]
[5.15673066],[1.4756885],[5.7725145]
[5.19315084],[1.4636318],[5.7801082]
[5.3079735],[1.45502945],[5.80114294]
[5.36382472],[1.44348151],[5.70470155]
[5.41072246],[1.43195082],[5.60525263]
[5.35378703],[1.42166387],[5.4556701]
[5.32746219],[1.41155528],[5.33633677]
[5.24603331],[1.40254317],[5.1737572]
[5.18805763],[1.39470959],[5.08704188]
[5.15008312],[1.38600912],[4.99908709]
[5.11468088],[1.3677405],[4.90099797]
[5.07588217],[1.34248493],[4.77824367]
[5.00324968],[1.32159971],[4.62774154]
[4.89247129],[1.29928328],[4.44113969]
[4.83585924],[1.27640056],[4.24445442]
[4.77802794],[1.25492981],[4.05946627]
[4.69512684],[1.23321794],[3.9118167]
[4.61059203],[1.21076273],[3.78253906]
[4.55054804],[1.1903985],[3.65165928]
[4.46809918],[1.16858043],[3.52424487]
[4.36808134],[1.14423204],[3.41158654]
[4.21825084],[1.11718562],[3.28919086]
[4.12709659],[1.0816938],[3.19047917]
[4.1069956],[1.03366213],[3.10161687]
[6.25641054],[1.94460716],[6.08196641]
[3.27681728],[1.26152893],[1.96420359]
[1.50932049],[0.66255339],[0.46051209]
[0.09364387],[0.04306528],[0.00105925]
[0.],[0.],[0.]
[2.29429147],[0.66398982],[1.0934091]
[2.57865698],[0.86420476],[1.68602099]
[2.79986412],[0.94668754],[1.93470605]
[3.1323593],[1.02745651],[2.43218379]
[3.30641572],[1.16874986],[2.80047418]
[3.57924994],[1.22016523],[3.26305594]
[3.84906452],[1.2788237],[3.54544184]
[3.94288117],[1.29840958],[3.72226912]
[4.00614418],[1.3318998],[3.86833781]
[4.10234791],[1.34862964],[4.0222319]
[4.24028937],[1.38188621],[4.24707086]
[4.4088241],[1.39685856],[4.47534767]
[4.52004877],[1.4258797],[4.66913914]
[4.60103588],[1.43279714],[4.87484511]
[4.68544651],[1.4496062],[5.02162093]
[4.71062587],[1.45764044],[5.16068816]
[4.82079374],[1.47414281],[5.2669779]
[4.81028791],[1.48352878],[5.4089437]
[4.94480004],[1.49735963],[5.55556704]
[4.8845149],[1.50646585],[5.69778857]
[5.1104468],[1.51899062],[5.88651132]
[5.03153669],[1.52636376],[6.01285743]
[5.23054502],[1.54034383],[6.21468582]
[5.21297409],[1.55301236],[6.34609722]
[5.36775283],[1.57250976],[6.47959]
[5.39315272],[1.57187214],[6.57394404]
[5.49906303],[1.55878082],[6.63945005]
[5.60325559],[1.52540591],[6.71084002]
[5.64738691],[1.52769134],[6.72846082]
[5.79957245],[1.50301201],[6.77099136]
[5.84623792],[1.49217784],[6.60693306]
[5.86888122],[1.47958477],[6.47977231]
[5.75727752],[1.46919905],[6.21688057]
[5.68437847],[1.45995619],[6.02063139]
[5.57553883],[1.45168513],[5.8802339]
[5.52882874],[1.44173872],[5.75831124]
[5.48586014],[1.42432554],[5.62856759]
[5.44119452],[1.40014893],[5.48052333]
[5.3638638],[1.37635698],[5.29899421]
[5.24830262],[1.35191363],[5.02027261]
[5.12979527],[1.32802447],[4.72327726]
[5.02749341],[1.30934316],[4.49470637]
[4.89135655],[1.28918116],[4.286263]
[4.77965499],[1.26680925],[4.09926346]
[4.68490117],[1.24610175],[3.94935833]
[4.61753353],[1.22457388],[3.81923163]
[4.55131248],[1.20081509],[3.68308278]
[4.45822139],[1.17476153],[3.54326166]
[4.3395822],[1.13756493],[3.41409309]
[4.17570141],[1.09335955],[3.29204683]
[6.3630986],[2.02542679],[6.4591999]
[3.33892995],[1.35193215],[2.09326971]
[1.5949049],[0.66951154],[0.48900653]
[0.04696803],[0.02046186],[6.57334494e-05]
[0.],[0.],[0.]
[2.31825498],[0.66946268],[1.1190095]
[2.60655223],[0.87668142],[1.72341412]
[2.89214944],[0.95823764],[2.02527613]
[3.18756282],[1.07370485],[2.58862842]
[3.3673999],[1.21875381],[3.0170667]
[3.69495539],[1.27186311],[3.48823313]
[3.93195609],[1.32962807],[3.7771166]
[4.02316134],[1.35641031],[3.99593901]
[4.07688083],[1.39126924],[4.22258021]
[4.26772791],[1.41056735],[4.45322175]
[4.40403685],[1.44188219],[4.67353337]
[4.5251948],[1.46086682],[4.91552195]
[4.61908224],[1.48825315],[5.10698602]
[4.69008945],[1.49737449],[5.32422171]
[4.84778805],[1.51064648],[5.52411637]
[4.85576654],[1.52074015],[5.70805887]
[5.10645039],[1.53567853],[5.88469004]
[5.08921675],[1.54789227],[6.06851294]
[5.27332655],[1.56873147],[6.26924326]
[5.28840861],[1.59149244],[6.49972344]
[5.42602349],[1.61169167],[6.68687942]
[5.46821428],[1.63449152],[6.9731048]
[5.55856911],[1.65299573],[7.11907981]
[5.6379361],[1.67163515],[7.40932136]
[5.71361228],[1.69760012],[7.4632208]
[5.84268328],[1.70454204],[7.71383167]
[5.91365698],[1.68518918],[7.727758]
[6.02066353],[1.65084274],[7.83734711]
[6.09421813],[1.65253404],[7.86823555]
[6.17242106],[1.61328328],[7.88047686]
[6.27749452],[1.61177223],[7.80598584]
[6.30384334],[1.59059925],[7.67006089]
[6.31535903],[1.56802875],[7.47903701]
[6.19857383],[1.54721923],[7.27210048]
[6.13000155],[1.52523216],[7.06591098]
[6.01573884],[1.50428709],[6.85941792]
[5.9399468],[1.48233076],[6.65075865]
[5.87125514],[1.45827089],[6.42219489]
[5.76384167],[1.43253959],[6.15035518]
[5.61285363],[1.40494473],[5.80450138]
[5.48832434],[1.37787749],[5.40027865]
[5.37077843],[1.35489304],[5.00630312]
[5.24426375],[1.33409101],[4.73172832]
[5.03807705],[1.31344615],[4.47386994]
[4.86328091],[1.29034612],[4.26144092]
[4.76686128],[1.26861397],[4.07969959]
[4.68437267],[1.24455817],[3.93570383]
[4.62379995],[1.21869658],[3.79504683]
[4.54609343],[1.17838094],[3.64767718]
[4.4449414],[1.1358761],[3.51002815]
[6.46888913],[2.06196228],[6.77246211]
[3.4525384],[1.3991879],[2.23002496]
[1.72323053],[0.68236711],[0.55363765]
[0.17857167],[0.07611587],[0.00472997]
[0.],[0.],[0.]
[2.33638493],[0.67307975],[1.13859134]
[2.64439702],[0.8891072],[1.76505757]
[2.99127491],[0.97140618],[2.13633334]
[3.23601122],[1.11297802],[2.73944843]
[3.48066556],[1.26208723],[3.21307101]
[3.78719587],[1.31711767],[3.69240914]
[3.99854788],[1.37819173],[4.0063834]
[4.09391671],[1.41486154],[4.31887428]
[4.23612445],[1.44784269],[4.61093133]
[4.40945314],[1.47221392],[4.87126985]
[4.52863417],[1.50249168],[5.09181541]
[4.61366874],[1.51978667],[5.36528636]
[4.70844347],[1.54279307],[5.59403275]
[4.79122871],[1.5797379],[5.91635589]
[5.08934338],[1.59161573],[6.14951399]
[5.1082836],[1.60532209],[6.4214975]
[5.31133038],[1.62462025],[6.57929911]
[5.38894754],[1.64852528],[6.88501406]
[5.52095434],[1.66877417],[7.04431454]
[5.60191034],[1.69818821],[7.4191296]
[5.67102558],[1.73407864],[7.58448243]
[5.8259568],[1.77186339],[8.01234245]
[5.91386251],[1.79781256],[8.17017785]
[6.01633186],[1.81939208],[8.54766407]
[6.10558962],[1.84479277],[8.63785418]
[6.17034569],[1.85541952],[8.91045745]
[6.31115987],[1.84543246],[8.96104359]
[6.37301022],[1.82129336],[9.10427845]
[6.5241968],[1.80004872],[9.19222057]
[6.58093551],[1.7721915],[9.17106449]
[6.71003333],[1.75073964],[9.18192816]
[6.75251693],[1.72647015],[9.04489299]
[6.79865862],[1.69670417],[8.88739053]
[6.72766192],[1.67281525],[8.63225621]
[6.69235941],[1.6464041],[8.45967338]
[6.58473749],[1.62054349],[8.19955101]
[6.49656826],[1.59563676],[7.96617255]
[6.4088],[1.54262374],[7.68687067]
[6.32640328],[1.49405655],[7.38786226]
[6.13315391],[1.46424369],[7.01017557]
[5.94125172],[1.43239681],[6.47749744]
[5.75607462],[1.40582033],[5.80398941]
[5.61040542],[1.38201334],[5.36067709]
[5.46364016],[1.35939636],[4.99662625]
[5.17005849],[1.33715567],[4.68873925]
[4.99402639],[1.31445368],[4.45637158]
[4.85602588],[1.28861734],[4.24916764]
[4.75019806],[1.26055324],[4.05989886]
[4.69273519],[1.2214197],[3.90974899]
[4.63018162],[1.18066027],[3.7720278]
[6.54422113],[2.05367889],[6.7074098]
[3.5303515],[1.36451954],[2.24480866]
[1.80309815],[0.66425659],[0.5818249]
[0.25637376],[0.10728076],[0.01076007]
[0.18298966],[0.0177207],[0.00099403]
[2.36457923],[0.70283673],[1.21031154]
[2.66944647],[0.90893518],[1.81162063]
[3.05567758],[0.99525706],[2.27538078]
[3.27755681],[1.17252053],[2.92032458]
[3.60735118],[1.30643186],[3.4299866]
[3.87888956],[1.377347],[3.91940154]
[4.05927169],[1.43230379],[4.30131265]
[4.25839229],[1.47438091],[4.71326036]
[4.40444966],[1.50663497],[4.99160217]
[4.52966647],[1.52636478],[5.32859771]
[4.62700652],[1.55839597],[5.53680364]
[4.69036279],[1.60540654],[5.90867443]
[4.83606327],[1.64200103],[6.12675372]
[4.93370522],[1.68274315],[6.53071914]
[5.2726465],[1.69699088],[6.82497048]
[5.36673328],[1.71742545],[7.20876899]
[5.51964244],[1.74593646],[7.41660324]
[5.67614502],[1.78120654],[7.82531427]
[5.81836839],[1.81094735],[8.0260288]
[5.94430028],[1.84485436],[8.47969557]
[6.02172068],[1.8749821],[8.68307375]
[6.10096142],[1.90647457],[9.12282448]
[6.23606236],[1.92707291],[9.362404]
[6.28162307],[1.94571083],[9.75325915]
[6.44239336],[1.96568841],[9.96213389]
[6.45704249],[1.9755763],[10.22463033]
[6.66508601],[1.97189499],[10.37372705]
[6.7283318],[1.95500412],[10.55870705]
[6.82673026],[1.93612421],[10.66736376]
[6.8839111],[1.91669717],[10.70851661]
[6.96445522],[1.89309398],[10.67826696]
[7.08080494],[1.87003595],[10.63353244]
[7.13273905],[1.846783],[10.45961436]
[7.2248309],[1.8222733],[10.29014174]
[7.1166667],[1.79694413],[10.02725012]
[7.09969947],[1.77530691],[9.79401236]
[6.9967911],[1.75303672],[9.51832568]
[6.91866713],[1.72760857],[9.20660952]
[6.83536456],[1.66871561],[8.86840955]
[6.6775725],[1.58165587],[8.43011203]
[6.48586803],[1.49188228],[7.81907825]
[6.29724765],[1.46184213],[7.15356799]
[6.11431389],[1.43331004],[6.39272973]
[5.93364419],[1.40753712],[5.75910219]
[5.55513727],[1.38240708],[5.24284264]
[5.2902829],[1.36006073],[4.90899448]
[5.13779255],[1.33477086],[4.65513344]
[4.95852854],[1.30191781],[4.40651503]
[4.83826656],[1.26283895],[4.197379]
[4.75272447],[1.22231162],[4.02671126]
[6.64701044],[2.08689538],[7.10888328]
[3.70474959],[1.43405176],[2.44075313]
[1.97134018],[0.71287758],[0.67980362]
[0.41998147],[0.16845529],[0.03056398]
[0.81360421],[0.08087991],[0.02993995]
[2.42182767],[0.7273994],[1.27972631]
[2.83869539],[0.92668821],[1.91002051]
[3.15152967],[1.03579214],[2.45648264]
[3.36556461],[1.24780211],[3.15293297]
[3.72765094],[1.36248789],[3.67241956]
[3.96739607],[1.44403568],[4.16753731]
[4.1940663],[1.48826724],[4.66821526]
[4.42037614],[1.5223187],[5.11793332]
[4.53784304],[1.55253503],[5.4405484]
[4.63205037],[1.6058],[5.88643327]
[4.71987977],[1.65282724],[6.08326014]
[4.78811676],[1.70973274],[6.50156037]
[5.05725893],[1.75776234],[6.82294409]
[5.2152441],[1.80550342],[7.26572171]
[5.43393499],[1.82646691],[7.59789282]
[5.63918933],[1.85377654],[8.09914103]
[5.80722257],[1.88076456],[8.36115901]
[6.01158185],[1.90929238],[8.83553713]
[6.15090948],[1.93431363],[9.08928389]
[6.2266585],[1.96297232],[9.53919302]
[6.38124122],[1.98854328],[9.85120345]
[6.41263319],[2.0153596],[10.26525117]
[6.61590249],[2.03250929],[10.63929973]
[6.69988688],[2.04992848],[11.06276129]
[6.79254872],[2.06549147],[11.35977751]
[6.92149486],[2.07255439],[11.68559226]
[6.93828318],[2.06826658],[11.85016781]
[7.12677365],[2.05287601],[12.11383582]
[7.17155541],[2.04042594],[12.20326661]
[7.29138522],[2.02261888],[12.37014635]
[7.33065931],[2.00303646],[12.35508625]
[7.49229363],[1.98523671],[12.35351167]
[7.55477901],[1.96659783],[12.24480243]
[7.62841918],[1.94695372],[12.08566259]
[7.59531716],[1.92852642],[11.83377737]
[7.57048016],[1.91069198],[11.58454109]
[7.49739752],[1.8934917],[11.24674031]
[7.42775124],[1.87451364],[10.91495665]
[7.3621999],[1.83022615],[10.57871607]
[7.16366004],[1.7556583],[10.14124112]
[6.98353938],[1.66540175],[9.55179443]
[6.81101778],[1.56865918],[8.73723307]
[6.64911081],[1.49371989],[7.91445994]
[6.47685311],[1.46454979],[7.02313479]
[6.21227058],[1.43663897],[6.19509654]
[5.62028444],[1.41068191],[5.57837858]
[5.37929065],[1.38417498],[5.19930522]
[5.22564587],[1.35270852],[4.88913602]
[5.07900929],[1.31514432],[4.63427602]
[4.92190886],[1.27589501],[4.4048836]
[6.67215928],[2.12039071],[7.44498594]
[3.78515146],[1.52632506],[2.62887324]
[2.05436805],[0.77360468],[0.76246927]
[0.50050113],[0.20604385],[0.04564305]
[1.41577072],[0.147027],[0.10617413]
[2.48879597],[0.75587011],[1.3597062]
[2.98232267],[0.94316336],[2.01806072]
[3.26533314],[1.07828242],[2.63846209]
[3.47424424],[1.3165314],[3.38190225]
[3.83526833],[1.42493285],[3.90578906]
[4.0460442],[1.50314744],[4.45990584]
[4.35448722],[1.54687008],[5.00195732]
[4.55089991],[1.57571016],[5.57794867]
[4.65143508],[1.64411287],[5.95585464]
[4.72493127],[1.70567569],[6.44559935]
[4.86627581],[1.75871637],[6.68666542]
[4.92472293],[1.81488975],[7.11125096]
[5.27073491],[1.86010755],[7.51888036]
[5.41016961],[1.90912412],[7.97020746]
[5.63270114],[1.93240187],[8.39917357]
[5.94867451],[1.96014145],[9.00677707]
[6.10943734],[1.98658787],[9.34609481]
[6.2503868],[2.01420032],[9.83308557]
[6.51044347],[2.0375316],[10.19883957]
[6.57294408],[2.06468964],[10.6524835]
[6.75275759],[2.08866182],[11.11436434]
[6.79713664],[2.11165089],[11.56718402]
[6.89950982],[2.12584178],[11.99089073]
[7.08689303],[2.14180576],[12.49207354]
[7.21431816],[2.15473281],[12.83456399]
[7.38512729],[2.15863295],[13.26876289]
[7.41199992],[2.15415349],[13.50096724]
[7.52556818],[2.14146056],[13.86588961]
[7.58804135],[2.13298296],[13.98255449]
[7.6484184],[2.11749447],[14.09187544]
[7.76640652],[2.10327267],[14.13249484]
[7.82237397],[2.0862953],[14.08685408]
[8.02897007],[2.0712742],[14.09113361]
[8.0350929],[2.05504256],[13.91039686]
[8.05781502],[2.0392493],[13.74343456]
[7.931312],[2.02269795],[13.38266983]
[7.91740732],[2.00796252],[13.11729905]
[7.81457293],[1.99269389],[12.71897625]
[7.75412924],[1.95929149],[12.33529255]
[7.62347842],[1.90091915],[11.92552357]
[7.46694483],[1.83471271],[11.427818]
[7.28667879],[1.75971976],[10.75599514]
[7.10068687],[1.67325903],[9.75628172]
[6.92833213],[1.57912814],[8.70706204]
[6.74090022],[1.49518222],[7.63935778]
[6.34019769],[1.46763805],[6.64183807]
[5.6623327],[1.43565767],[5.89522445]
[5.43380389],[1.39581401],[5.43667467]
[5.30202962],[1.35914893],[5.09982507]
[5.18992887],[1.31791041],[4.8145709]
[6.70156549],[2.15650585],[7.78338645]
[3.975257],[1.6041897],[2.84287238]
[2.19267948],[0.83011098],[0.86450093]
[0.63528016],[0.25695481],[0.07418906]
[1.59804822],[0.16504217],[0.14373167]
[2.53408864],[0.7740531],[1.412596]
[3.08584836],[0.96096193],[2.1233622]
[3.37725606],[1.11482423],[2.81045596]
[3.63773592],[1.37923653],[3.61069899]
[3.91538596],[1.48344442],[4.14212241]
[4.15736827],[1.5577508],[4.78923907]
[4.47298774],[1.60114756],[5.32614888]
[4.65630567],[1.64241821],[6.03327855]
[4.73669013],[1.73111743],[6.45350449]
[4.81538688],[1.79506238],[6.94345296]
[5.06792145],[1.84464762],[7.28192351]
[5.18665764],[1.89952506],[7.72891809]
[5.40772893],[1.9469881],[8.15752204]
[5.61447065],[1.99260203],[8.68301277]
[5.91726053],[2.0148687],[9.14063188]
[6.15098875],[2.04169788],[9.81876086]
[6.40718834],[2.06561837],[10.27985395]
[6.5357867],[2.09057261],[10.7836386]
[6.80299927],[2.11099463],[11.28037915]
[6.89621568],[2.13546296],[11.79217931]
[6.98019667],[2.15719324],[12.27027428]
[7.07809395],[2.17986281],[12.80894425]
[7.20026683],[2.19733642],[13.25378554]
[7.49159876],[2.22084005],[13.93801919]
[7.59089794],[2.24429052],[14.37694719]
[7.69785091],[2.26149222],[14.85692166]
[7.797755],[2.27099689],[15.22418298]
[7.87655171],[2.31331256],[15.62462716]
[8.07951131],[2.35802356],[15.94665729]
[8.14655758],[2.32258573],[16.06144441]
[8.26668557],[2.27234366],[16.19292679]
[8.31979652],[2.22204688],[16.16103913]
[8.3838496],[2.18001758],[16.13220159]
[8.41889262],[2.14026582],[15.93028193]
[8.45420978],[2.12720506],[15.7040941]
[8.44769456],[2.11293969],[15.37999957]
[8.41297526],[2.09883599],[15.05685142]
[8.34458218],[2.08458263],[14.65253795]
[8.27412545],[2.05716435],[14.24704103]
[8.1273965],[2.00701607],[13.80189178]
[7.87219599],[1.95140697],[13.24901071]
[7.67519017],[1.89380087],[12.57895585]
[7.56610501],[1.82750601],[11.7927739]
[7.42009222],[1.75323675],[10.78184329]
[7.20131435],[1.66803291],[9.56819009]
[6.97322008],[1.57342866],[8.26534357]
[6.36056043],[1.49018596],[7.09106726]
[5.67905377],[1.44745399],[6.24044364]
[5.47230896],[1.40789544],[5.72974999]
[5.3608811],[1.36488949],[5.35131702]
[8.70755736],[2.16430928],[8.19466735]
[4.06804887],[1.5781101],[2.89815645]
[2.28838285],[0.84417037],[0.91448079]
[0.71615827],[0.2853039],[0.09388964]
[1.78454507],[0.23097401],[0.27781852]
[2.67181582],[0.80913595],[1.5351357]
[3.1678239],[0.98645409],[2.23364745]
[3.50306761],[1.16347892],[3.04831793]
[3.76612806],[1.44339857],[3.87963048]
[3.99572313],[1.5446167],[4.4209032]
[4.30729396],[1.61419532],[5.14473586]
[4.57785072],[1.64868696],[5.74369752]
[4.73617705],[1.7324854],[6.50713971]
[4.86938674],[1.81617643],[6.95612281]
[4.93741296],[1.87782389],[7.50182667]
[5.25247156],[1.92679412],[7.929998]
[5.36558181],[1.98195087],[8.38236466]
[5.56264156],[2.02711796],[8.8415417]
[5.87074104],[2.06794828],[9.42887238]
[6.12274509],[2.08944423],[9.94075096]
[6.38789411],[2.114015],[10.69209166]
[6.7282146],[2.13583306],[11.39121957]
[6.85660024],[2.16389042],[11.98221631]
[6.9946508],[2.1882748],[12.49858026]
[7.19392969],[2.2260409],[13.0986469]
[7.3264507],[2.24966621],[13.60363877]
[7.47054951],[2.29000546],[14.30689181]
[7.59166486],[2.30998806],[14.82838369]
[7.76147748],[2.34359677],[15.48693565]
[7.9611658],[2.35902358],[16.04014617]
[8.12648728],[2.40251429],[16.5765631]
[8.31196118],[2.45818059],[17.10204466]
[8.39709175],[2.49934399],[17.4737058]
[8.47040184],[2.52048992],[17.86395704]
[8.51426758],[2.49697794],[18.05634887]
[8.55307508],[2.46704737],[18.16894781]
[8.67151581],[2.43813601],[18.22242473]
[8.77902981],[2.40751536],[18.14352037]
[8.98210645],[2.364421],[18.15617504]
[9.00801456],[2.32255054],[17.8678924]
[8.97113993],[2.27349357],[17.66811844]
[8.83317865],[2.22766766],[17.12923202]
[8.7661676],[2.18117811],[16.75766421]
[8.59803399],[2.1562204],[16.16684282]
[8.50975448],[2.12312132],[15.69343184]
[8.36839801],[2.07470609],[15.1547893]
[8.16035859],[2.01659974],[14.50655013]
[7.92234004],[1.93996529],[13.70415419]
[7.77471062],[1.88006167],[12.77213182]
[7.62696352],[1.81273098],[11.58605321]
[7.50443263],[1.73476685],[10.25349511]
[7.20154373],[1.65258633],[8.80194719]
[6.3796618],[1.54429108],[7.42738375]
[5.68928138],[1.45863427],[6.57526555]
[5.52171429],[1.41387635],[6.02210249]
[9.44102205],[2.20235893],[9.22097216]
[4.23095302],[1.6650671],[3.16737784]
[2.510057],[0.9072475],[1.05627289]
[0.92434995],[0.34178971],[0.14796356]
[1.96039739],[0.28661969],[0.41093599]
[2.89524104],[0.84182644],[1.6736119]
[3.3128767],[1.00948432],[2.38862099]
[3.66192211],[1.24899207],[3.32550327]
[3.88428204],[1.5075591],[4.18571207]
[4.11714417],[1.60649824],[4.78854388]
[4.45549118],[1.66467046],[5.52337928]
[4.67220239],[1.69442231],[6.19214543]
[4.83466577],[1.8185563],[6.99100146]
[5.06043942],[1.89215608],[7.5381664]
[5.18488522],[1.9539129],[8.1339354]
[5.38690371],[2.00277278],[8.57944805]
[5.55481916],[2.05562308],[9.08110875]
[5.78318291],[2.09708804],[9.55287067]
[6.10543545],[2.13437723],[10.22891926]
[6.39429513],[2.16025811],[10.84725689]
[6.72573861],[2.19883749],[11.70419613]
[6.94677439],[2.22292901],[12.52844549]
[7.1320819],[2.26246915],[13.27184027]
[7.32257853],[2.28434138],[13.81417968]
[7.57065423],[2.32383825],[14.56714592]
[7.68714968],[2.34512905],[15.12705782]
[7.75775855],[2.38700185],[15.77189986]
[7.95234562],[2.4059722],[16.38589514]
[8.16277903],[2.45592151],[17.0729859]
[8.44639196],[2.49756483],[17.84691378]
[8.56652629],[2.55951908],[18.40396517]
[8.62217346],[2.61803683],[18.89521941]
[8.71953297],[2.65570807],[19.330194]
[8.79885912],[2.68181268],[19.67508454]
[9.04238238],[2.66491793],[20.11928614]
[9.12078454],[2.63800039],[20.26395478]
[9.22253731],[2.60655098],[20.45129014]
[9.28327925],[2.57233988],[20.37464616]
[9.32338594],[2.537024],[20.28902065]
[9.35338514],[2.50439273],[20.06550273]
[9.32841034],[2.47081929],[19.77693054]
[9.2995435],[2.43519159],[19.37531673]
[9.26606553],[2.39529605],[18.9455779]
[9.20410928],[2.35335454],[18.44878181]
[9.0953299],[2.31187049],[17.9216489]
[8.93776173],[2.28146357],[17.30809308]
[8.81048519],[2.22884469],[16.65661376]
[8.53930677],[2.15675864],[15.84111195]
[8.28157457],[1.99722031],[14.84660969]
[8.06895022],[1.92349583],[13.71479546]
[7.87244472],[1.86255729],[12.64757006]
[7.69501504],[1.79625943],[11.01064491]
[7.14205779],[1.71778002],[9.22265848]
[6.38198779],[1.62901568],[7.82924581]
[5.71034905],[1.51547832],[6.88849426]
[10.04078167],[2.24589495],[10.26045258]
[4.2933593],[1.77994034],[3.50249388]
[2.58921531],[0.98997348],[1.20149646]
[1.00689625],[0.3826654],[0.18495679]
[2.13311652],[0.34542717],[0.55901934]
[3.11514521],[0.87365542],[1.82449757]
[3.44825449],[1.04110196],[2.56000517]
[3.79184815],[1.328012],[3.62405529]
[4.03439154],[1.56577943],[4.49505413]
[4.25892066],[1.6596019],[5.14407773]
[4.57643257],[1.70714733],[5.91699011]
[4.7789114],[1.79976833],[6.67742214]
[4.95397582],[1.90805305],[7.51379045]
[5.24115748],[1.97387079],[8.17545642]
[5.35560612],[2.03347763],[8.79460633]
[5.52753559],[2.08068142],[9.26842938]
[5.76951124],[2.12813021],[9.8132171]
[6.05530358],[2.16624707],[10.3684461]
[6.30674375],[2.20675278],[11.09373997]
[6.70995591],[2.26037124],[11.92210321]
[6.96095176],[2.29946347],[12.86025767]
[7.23055675],[2.32132579],[13.72822732]
[7.51022455],[2.36234311],[14.70464553]
[7.66215006],[2.38182233],[15.36656661]
[7.79771937],[2.42243311],[16.06146776]
[7.98972004],[2.44145093],[16.72777865]
[8.07723761],[2.52173257],[17.37532838]
[8.42872052],[2.54905783],[18.22329024]
[8.59224886],[2.62264283],[18.95310331]
[8.70955956],[2.66018291],[19.5610411]
[8.88990718],[2.7214256],[20.19490713]
[9.1350532],[2.78245536],[20.76299516]
[9.29037167],[2.81971931],[21.37170495]
[9.35862954],[2.84365224],[21.7565065]
[9.4120423],[2.84141247],[22.13906401]
[9.46638997],[2.82338072],[22.32812203]
[9.48297174],[2.79075693],[22.41812116]
[9.59583231],[2.74969705],[22.42901823]
[9.73585859],[2.71656039],[22.33133405]
[9.93591167],[2.68069315],[22.3866169]
[10.00616109],[2.646047],[22.09533404]
[10.00562945],[2.61200594],[21.90737625]
[9.89260062],[2.57512188],[21.34938511]
[9.85801157],[2.53984679],[20.90646296]
[9.75099199],[2.49973902],[20.25216251]
[9.45557959],[2.46686774],[19.50550427]
[9.27189927],[2.43677109],[18.84458144]
[8.97370587],[2.40690101],[18.00237115]
[8.77634602],[2.27749418],[17.04636816]
[8.51637352],[2.0790585],[15.90059134]
[8.38298839],[1.96146062],[14.65870949]
[8.22786422],[1.9096871],[13.36732613]
[7.83693699],[1.85117807],[11.60495524]
[7.16021059],[1.78928813],[9.68113833]
[6.39898044],[1.71287815],[8.20582547]
[10.70324573],[2.31083913],[11.87881052]
[4.37623561],[1.88558095],[3.85049224]
[2.70026339],[1.06231747],[1.36195112]
[1.12137179],[0.42838143],[0.240524]
[2.23674887],[0.37496693],[0.63427982]
[3.28068193],[0.90150858],[1.94554661]
[3.59714625],[1.09621156],[2.75354665]
[3.89682931],[1.39316383],[3.90218279]
[4.17025401],[1.61624206],[4.77786339]
[4.42569639],[1.69977546],[5.44725695]
[4.66489389],[1.7442938],[6.29367939]
[4.89542212],[1.87887046],[7.12730633]
[5.16663843],[1.97875495],[8.02901257]
[5.36727558],[2.04018975],[8.73444464]
[5.49696832],[2.1004007],[9.38605568]
[5.67236263],[2.14476666],[9.90477016]
[6.01912686],[2.18862813],[10.56324139]
[6.28234454],[2.24424691],[11.24860568]
[6.55219135],[2.31485132],[12.05437674]
[6.90658451],[2.36851445],[13.0197979]
[7.17529474],[2.41085918],[13.97905836]
[7.55361943],[2.43075461],[15.04242675]
[7.74860876],[2.50228598],[16.13393195]
[7.97725078],[2.53096503],[16.95283051]
[8.08668705],[2.60269193],[17.69630066]
[8.42938371],[2.63039308],[18.59626894]
[8.56186135],[2.69055941],[19.27660433]
[8.69951503],[2.71454866],[19.92579743]
[8.84823363],[2.77641778],[20.68159653]
[9.16481637],[2.82012022],[21.38717576]
[9.37409526],[2.88427513],[22.22803958]
[9.51055343],[2.94847749],[22.84547298]
[9.56989639],[2.9935314],[23.39608155]
[9.65537577],[3.01232552],[23.80534599]
[9.71920918],[3.03336567],[24.13487983]
[9.98203574],[3.06224209],[24.70667947]
[10.07306166],[3.04477868],[24.88172255]
[10.16676039],[3.00865838],[25.0726495]
[10.23252516],[2.95615399],[24.9875075]
[10.29310982],[2.91317018],[24.8297178]
[10.46537213],[2.86624781],[24.60373017]
[10.63538155],[2.82250648],[24.34589254]
[10.65591783],[2.77508461],[24.04456938]
[10.62585535],[2.72787158],[23.44366068]
[10.5852355],[2.68659401],[22.8677197]
[10.2729524],[2.64888427],[22.14728989]
[9.9278565],[2.62195145],[21.41829033]
[9.74595408],[2.58656709],[20.53568539]
[9.38800979],[2.51037115],[19.53179204]
[8.98019987],[2.39964786],[18.26668765]
[8.71797758],[2.21438604],[16.9939688]
[8.57111514],[1.99170713],[15.621758]
[8.43868328],[1.93883616],[13.92408522]
[7.95405659],[1.88324129],[12.05547704]
[7.25973833],[1.82072984],[10.07242473]
