meltWidth,meltDepth,meltArea
[1.97671966],[0.6134355],[0.82496722]
[2.11722754],[0.90035306],[1.39785135]
[2.22385366],[0.99006307],[1.69084088]
[2.34645781],[1.03726617],[1.86305619]
[2.37447833],[1.04230599],[1.91593129]
[2.44174717],[1.0480646],[1.96806064]
[2.46380924],[1.04949131],[1.99226641]
[2.48538051],[1.04959403],[1.99423507]
[2.47068306],[1.03394509],[1.96738452]
[2.48115984],[1.017818],[1.92171155]
[2.46240261],[0.99429564],[1.87988572]
[2.45642828],[0.98739616],[1.85810436]
[2.46464865],[0.97189541],[1.83027786]
[2.46111071],[0.9600016],[1.82470302]
[2.48535843],[0.94558932],[1.85059914]
[2.50257262],[0.93958892],[1.86899774]
[2.52766615],[0.92548558],[1.91720082]
[2.52124851],[0.93849283],[1.92556611]
[2.53924422],[0.92903613],[1.95366302]
[2.55132363],[0.94141379],[1.95369898]
[2.57109637],[0.93808961],[1.99580085]
[2.56358332],[0.95291671],[2.00405338]
[2.56792396],[0.94569452],[2.03112057]
[2.58218861],[0.95879285],[2.04377908]
[2.59053063],[0.95295241],[2.07661445]
[2.59467742],[0.96682331],[2.11279962]
[2.62990776],[0.96146803],[2.14194508]
[2.62311872],[0.97344151],[2.16758506]
[2.79274745],[0.98387001],[2.23602117]
[2.67524396],[0.98326972],[2.22003147]
[2.69372006],[0.97320425],[2.21995284]
[2.68668351],[0.96924937],[2.17991448]
[2.70302707],[0.9651142],[2.1358978]
[2.7479875],[0.95892257],[2.10740015]
[2.74777973],[0.95611383],[2.0727815]
[2.76883705],[0.94984526],[2.04596594]
[2.79960358],[0.93897568],[2.00932933]
[2.81224124],[0.93840974],[1.98735909]
[2.80878604],[0.93530533],[1.9903759]
[2.8197069],[0.93049389],[1.98716101]
[2.85242641],[0.92406127],[1.98216272]
[2.84768922],[0.92068563],[1.9569201]
[2.86287788],[0.91545086],[1.93639975]
[2.92729729],[0.90035739],[1.94451572]
[2.94386882],[0.91872428],[1.97397586]
[2.95223848],[0.92806189],[2.07604051]
[2.96588047],[0.94035572],[2.17616268]
[2.99177231],[0.95690878],[2.30126887]
[3.00879353],[0.97655453],[2.38969382]
[3.03078221],[0.99082364],[2.46916873]
[2.92595049],[1.00013043],[2.51268321]
[2.17823812],[1.00959455],[2.14732681]
[1.75415184],[1.01379213],[1.49666246]
[0.],[0.],[0.]
[1.88212124],[0.44480386],[0.60830853]
[2.29078009],[0.64171017],[0.99002331]
[2.52219465],[0.98066742],[1.57840105]
[2.69309733],[1.0905376],[1.93560644]
[2.72966396],[1.12868196],[2.08141789]
[2.74306477],[1.1046751],[2.15399039]
[2.80504346],[1.13422099],[2.19695465]
[2.82537155],[1.10591676],[2.24594458]
[2.79408955],[1.12435091],[2.22331957]
[2.79721837],[1.08194761],[2.20092665]
[2.80529566],[1.07240546],[2.10436647]
[2.78565907],[1.0106709],[2.00694457]
[2.77292859],[0.99889604],[1.93223945]
[2.79935845],[0.97066099],[1.92370201]
[2.7927771],[0.98262941],[1.90141835]
[2.82759818],[0.95856367],[1.91124913]
[2.87014584],[0.95901302],[1.89769711]
[2.90167054],[0.93623584],[1.90889358]
[2.89309505],[0.94745347],[1.90217516]
[2.92020234],[0.93455304],[1.92916288]
[2.97453304],[0.9472106],[1.94822152]
[2.99204761],[0.95105915],[2.02204507]
[2.98979073],[0.97359891],[2.02217788]
[2.98793248],[0.97067027],[2.0613955]
[3.00850608],[0.98102823],[2.06474226]
[3.0040627],[0.98123884],[2.10738412]
[3.01125319],[0.99472563],[2.09422819]
[3.02384461],[0.98530131],[2.14511576]
[3.02435939],[1.00476913],[2.12626444]
[3.07965679],[0.98729377],[2.22042589]
[3.04570125],[1.00499211],[2.16971736]
[3.05982973],[0.98757972],[2.158121]
[3.0542548],[0.97718032],[2.12401855]
[3.06132796],[0.96613013],[2.10414397]
[3.07384578],[0.94928541],[2.09227053]
[3.0746391],[0.94230381],[2.07574767]
[3.09695509],[0.93731752],[2.05719049]
[3.11111117],[0.92886519],[2.0494223]
[3.12584245],[0.91901661],[2.04002349]
[3.14077701],[0.9105611],[2.02271516]
[3.15421175],[0.90392133],[2.00834376]
[3.1620662],[0.89675056],[1.99866167]
[3.17277446],[0.89020615],[1.99328535]
[3.18892761],[0.88830237],[1.98815102]
[3.19193467],[0.88865397],[1.99006062]
[3.19476237],[0.89379402],[2.00363005]
[3.20409507],[0.91530888],[2.03561198]
[3.21445211],[0.9381764],[2.09449334]
[3.22157418],[0.96734085],[2.18069533]
[3.23675361],[0.99689813],[2.30831219]
[3.27078936],[1.03114171],[2.474835]
[3.16516046],[1.06317977],[2.62830334]
[2.43546604],[1.08835608],[2.33641378]
[1.77448966],[1.11215436],[1.76725717]
[0.],[0.],[0.]
[2.30931145],[0.47756863],[0.77044438]
[2.69512773],[0.6534613],[1.23900372]
[2.8691488],[1.01044752],[1.87427928]
[2.94214375],[1.09463784],[2.25415431]
[2.99230225],[1.12283723],[2.36822251]
[3.02495104],[1.10777855],[2.48501737]
[3.06929632],[1.12085196],[2.51470869]
[3.08328812],[1.11858916],[2.53725213]
[3.08142203],[1.12241276],[2.49328079]
[3.1032607],[1.09101747],[2.44309662]
[3.12220349],[1.07447443],[2.37373252]
[3.12225025],[1.03772231],[2.32278939]
[3.16466653],[1.01977124],[2.3096026]
[3.20754742],[0.99026906],[2.33333429]
[3.28133858],[1.00993519],[2.37969527]
[3.31075007],[1.00872753],[2.43711207]
[3.4275506],[1.03748732],[2.50376442]
[3.42653085],[1.03672195],[2.55234496]
[3.52807406],[1.0570469],[2.5984622]
[3.48459406],[1.04730316],[2.60817338]
[3.54116934],[1.06469995],[2.64655796]
[3.5043588],[1.05715211],[2.66811432]
[3.55860794],[1.07863838],[2.69384963]
[3.51712699],[1.05948224],[2.68857471]
[3.57036788],[1.07648622],[2.71131394]
[3.5236701],[1.05787097],[2.70449611]
[3.58310839],[1.081739],[2.73557633]
[3.54535645],[1.05511252],[2.74037421]
[3.59724758],[1.08929948],[2.77135366]
[3.58521474],[1.05836007],[2.80163561]
[3.62724272],[1.07953456],[2.7976194]
[3.63409052],[1.05878461],[2.78906934]
[3.64953827],[1.04754484],[2.76480879]
[3.6345364],[1.03799515],[2.74724443]
[3.63760025],[1.03564725],[2.73020303]
[3.64546628],[1.03377989],[2.72136764]
[3.65760666],[1.03191548],[2.71175373]
[3.66166635],[1.0264111],[2.69030078]
[3.66772609],[1.02003267],[2.68350378]
[3.67481024],[1.01449578],[2.66977289]
[3.68677961],[1.00964294],[2.658722]
[3.68836083],[1.0044922],[2.64289851]
[3.6941868],[1.00015099],[2.63478695]
[3.70190718],[0.99707915],[2.62237291]
[3.7052225],[0.99338507],[2.61407904]
[3.70870969],[0.98941788],[2.61261425]
[3.71477328],[0.98464619],[2.60747716]
[3.73045809],[0.98200802],[2.60862309]
[3.74255813],[1.00172047],[2.64988005]
[3.7555994],[1.02501647],[2.70918057]
[3.76520916],[1.05050562],[2.77658927]
[3.51137583],[1.08392416],[2.79812494]
[2.76665403],[1.11845384],[2.36463541]
[2.02949356],[1.14771922],[1.79766178]
[0.],[0.],[0.]
[2.32311312],[0.50663576],[0.88630641]
[2.87374026],[0.74789111],[1.51170823]
[2.99670731],[1.05046635],[2.17381489]
[3.06392635],[1.14215378],[2.5748262]
[3.11811639],[1.17022526],[2.71958542]
[3.26767707],[1.18402246],[2.85285129]
[3.39572669],[1.21745491],[2.91774663]
[3.40534784],[1.2112426],[2.94999268]
[3.50194998],[1.22110245],[2.97130177]
[3.4926554],[1.19180897],[2.92718291]
[3.6200779],[1.19166996],[2.94013963]
[3.60157219],[1.15655563],[2.90425255]
[3.76174187],[1.17278303],[2.96608213]
[3.74281413],[1.15546412],[2.99738863]
[3.8893027],[1.19817044],[3.09242856]
[3.84792161],[1.1872453],[3.13440244]
[3.98312515],[1.21166811],[3.21859239]
[3.93697909],[1.20436205],[3.24727487]
[4.04035229],[1.21912644],[3.30797713]
[3.99306451],[1.21003659],[3.31149892]
[4.08651459],[1.22133702],[3.38175748]
[4.01294846],[1.21486073],[3.37587369]
[4.10345979],[1.231541],[3.43729408]
[4.03052652],[1.21610673],[3.41619778]
[4.12747784],[1.22523847],[3.47876072]
[4.04145318],[1.20404795],[3.43926136]
[4.1433308],[1.22303781],[3.5079982]
[4.06185645],[1.19085168],[3.45922108]
[4.15783127],[1.20574349],[3.52351454]
[4.08134036],[1.20185808],[3.49206058]
[4.17212521],[1.20198359],[3.5448733]
[4.14729763],[1.20139133],[3.53022757]
[4.1886803],[1.19722382],[3.54449883]
[4.17196671],[1.19300799],[3.52561812]
[4.16495907],[1.18822033],[3.51823546]
[4.17230265],[1.18398935],[3.51816486]
[4.18028281],[1.17938729],[3.51625545]
[4.18529409],[1.16574434],[3.49708259]
[4.19292077],[1.15699454],[3.47679568]
[4.19818804],[1.14550223],[3.45274693]
[4.20982639],[1.13404813],[3.43029239]
[4.21305109],[1.11862537],[3.40035981]
[4.22157357],[1.10919761],[3.37928514]
[4.23067927],[1.09826783],[3.35868566]
[4.24042796],[1.08683872],[3.33351612]
[4.25062698],[1.08648892],[3.31991993]
[4.25431795],[1.09041433],[3.31006423]
[4.25582529],[1.08963156],[3.29772218]
[4.2494853],[1.08670579],[3.27657763]
[4.25086573],[1.08938865],[3.26813495]
[4.24842421],[1.10917181],[3.27592546]
[3.94699169],[1.12045932],[3.16213792]
[3.18747275],[1.13325917],[2.51390193]
[2.42698871],[1.14071345],[1.80148704]
[0.],[0.],[0.]
[2.35903274],[0.58164508],[1.09381094]
[2.96263037],[0.81130432],[1.74765293]
[3.08641062],[1.11752438],[2.52041393]
[3.159221],[1.21336672],[2.94053489]
[3.29290354],[1.270754],[3.18715131]
[3.47334175],[1.29613472],[3.39191833]
[3.6646329],[1.3381677],[3.51792939]
[3.64333444],[1.33461104],[3.54303559]
[3.78884874],[1.35499666],[3.59225283]
[3.76828363],[1.32763949],[3.5313364]
[3.95187847],[1.33341658],[3.52709045]
[3.89481497],[1.30600232],[3.48095836]
[4.01372654],[1.3183182],[3.54048828]
[3.98507925],[1.29897924],[3.51461558]
[4.09987143],[1.31650379],[3.5896279]
[4.07042541],[1.30702791],[3.61386755]
[4.20427947],[1.31506332],[3.76239812]
[4.19338],[1.31477181],[3.82261508]
[4.31239876],[1.32316667],[3.98051134]
[4.28328484],[1.32057021],[3.99914682]
[4.36974454],[1.3313202],[4.11593597]
[4.31136841],[1.3280284],[4.10875985]
[4.38209843],[1.33748748],[4.21681558]
[4.32955112],[1.32442149],[4.19282556]
[4.40163749],[1.33257421],[4.2770863]
[4.34396881],[1.3222038],[4.23230256]
[4.41563713],[1.33552143],[4.32334028]
[4.36299363],[1.31631891],[4.27538883]
[4.43081551],[1.33197454],[4.3497406]
[4.39001236],[1.31392988],[4.31906767]
[4.44236603],[1.32055639],[4.36373198]
[4.44010453],[1.30999081],[4.36491509]
[4.45018685],[1.30427555],[4.34198862]
[4.45304416],[1.29897907],[4.30843668]
[4.43193866],[1.29330847],[4.28022086]
[4.43847524],[1.28833315],[4.26933289]
[4.44615272],[1.28247269],[4.26208304]
[4.44946662],[1.27224203],[4.22836286]
[4.45961344],[1.25629579],[4.19755553]
[4.46502177],[1.24134084],[4.16572258]
[4.47454329],[1.228554],[4.12840585]
[4.4796355],[1.21952198],[4.0710094]
[4.48938854],[1.2108325],[4.02522808]
[4.50111639],[1.20170245],[3.98547658]
[4.50958539],[1.19166694],[3.92571137]
[4.52624108],[1.18233851],[3.89115941]
[4.53726086],[1.1729825],[3.86054742]
[4.54673791],[1.16490507],[3.831334]
[4.55299301],[1.16541554],[3.79064686]
[4.5561388],[1.17145773],[3.76562827]
[4.55463137],[1.1726141],[3.73145202]
[4.25832464],[1.1676369],[3.57324615]
[3.50641291],[1.19493065],[2.87540069]
[2.71904634],[1.21374757],[2.07853681]
[0.],[0.],[0.]
[2.38230939],[0.62919447],[1.23029894]
[3.01710879],[0.89201027],[1.97748894]
[3.14313878],[1.19594562],[2.85219458]
[3.21600503],[1.29851388],[3.31517326]
[3.39358112],[1.37080547],[3.58300066]
[3.59142033],[1.37566277],[3.76950594]
[3.89746269],[1.41540498],[3.94486715]
[3.86141605],[1.4040109],[3.94782755]
[3.99479564],[1.42676528],[3.99635841]
[3.94155993],[1.39380336],[3.92117008]
[4.06560417],[1.40356767],[3.95892513]
[4.01327814],[1.38222316],[3.98808619]
[4.14968163],[1.39043534],[4.11443676]
[4.13108075],[1.39073213],[4.15002412]
[4.28232838],[1.40779479],[4.28302432]
[4.27343672],[1.41520936],[4.34887468]
[4.42129635],[1.42872302],[4.49277265]
[4.44908109],[1.43112898],[4.5360065]
[4.55434134],[1.43860954],[4.63297986]
[4.56064609],[1.4356382],[4.64292128]
[4.6117764],[1.44242519],[4.71066209]
[4.58652249],[1.43712287],[4.70009367]
[4.62716978],[1.44368465],[4.76957576]
[4.60275889],[1.43268644],[4.75148293]
[4.64722831],[1.44137608],[4.80208234]
[4.61977101],[1.43341199],[4.78203323]
[4.66061401],[1.44497924],[4.8462495]
[4.63301479],[1.42818735],[4.82083417]
[4.67823567],[1.44335622],[4.87100266]
[4.66625195],[1.4274226],[4.85198999]
[4.68264654],[1.43594581],[4.88083669]
[4.71387361],[1.42661049],[4.87479573]
[4.6845059],[1.41899257],[4.85147671]
[4.71106978],[1.41134679],[4.82669184]
[4.67239112],[1.40039274],[4.78839704]
[4.67108661],[1.39336217],[4.77025881]
[4.67106167],[1.38264377],[4.75241166]
[4.66695121],[1.36295118],[4.71172233]
[4.6706537],[1.34434822],[4.67153978]
[4.66716459],[1.3292851],[4.63263449]
[4.66645276],[1.31451516],[4.59300135]
[4.66246888],[1.30223387],[4.53630255]
[4.65848216],[1.2913888],[4.49135252]
[4.6522806],[1.28128774],[4.45113891]
[4.64224195],[1.27061243],[4.39952255]
[4.64160514],[1.26127209],[4.36109401]
[4.6520278],[1.25181068],[4.32941916]
[4.66105487],[1.24232101],[4.2913456]
[4.66194375],[1.23163002],[4.23364296]
[4.66286677],[1.22120205],[4.18529358]
[4.66310629],[1.20900191],[4.14032033]
[4.34748345],[1.19353669],[3.91933019]
[3.59786458],[1.19153155],[3.09823669]
[2.84096535],[1.21518952],[2.23855269]
[0.],[0.],[0.]
[2.41755019],[0.67060312],[1.38304881]
[3.0630766],[0.96418317],[2.18681067]
[3.17867647],[1.2566903],[3.09002632]
[3.2386612],[1.3414117],[3.51962756]
[3.46997338],[1.41026844],[3.82409062]
[3.68210573],[1.41552011],[4.00922652]
[3.98464206],[1.46161806],[4.21467944]
[3.95770216],[1.45403525],[4.27981755]
[4.08553502],[1.4833537],[4.41014123]
[4.0734102],[1.47116688],[4.4556427]
[4.22684484],[1.48922634],[4.55057345]
[4.24885255],[1.48103991],[4.56148528]
[4.38999305],[1.49470521],[4.67770963]
[4.43758949],[1.48991916],[4.73779968]
[4.55412071],[1.50941856],[4.85385682]
[4.61903285],[1.51390161],[4.93026614]
[4.72891448],[1.52750175],[5.05910595]
[4.81127786],[1.52990625],[5.13293826]
[4.89177768],[1.53783241],[5.21914139]
[4.90574563],[1.5339692],[5.25287544]
[4.94345476],[1.54153835],[5.31400013]
[4.93650133],[1.53445963],[5.32769467]
[4.95770342],[1.54280758],[5.39081914]
[4.94527441],[1.53236356],[5.38912768]
[4.98095857],[1.54273568],[5.44490213]
[4.96734729],[1.53345287],[5.43363425]
[5.00099789],[1.54513283],[5.4919952]
[4.9789278],[1.5322005],[5.46984804]
[5.01618421],[1.54427493],[5.50341917]
[5.00244696],[1.53276721],[5.48510331]
[5.01843663],[1.53942871],[5.49611058]
[5.04527172],[1.53263138],[5.50462361]
[5.02561064],[1.52795445],[5.45743238]
[5.04418629],[1.52314153],[5.43825173]
[5.01896775],[1.51599269],[5.37663971]
[5.00278482],[1.51129053],[5.35076801]
[4.99867603],[1.502081],[5.32300812]
[4.98809715],[1.48694138],[5.27076263]
[4.9893663],[1.46839668],[5.22531898]
[4.98664468],[1.44903119],[5.17458241]
[4.9825519],[1.42978461],[5.12211805]
[4.97686974],[1.41219319],[5.0563564]
[4.97069845],[1.40143176],[5.00119708]
[4.95861177],[1.389432],[4.94640525]
[4.93807925],[1.37512722],[4.88761191]
[4.92774621],[1.36584568],[4.84437974]
[4.91321743],[1.35541583],[4.80005053]
[4.89172469],[1.34500562],[4.74982598]
[4.86508402],[1.33199907],[4.68586089]
[4.84204257],[1.32398256],[4.63222587]
[4.81946858],[1.31168109],[4.57591875]
[4.46722045],[1.29586276],[4.33535152]
[3.70044041],[1.28059533],[3.48603317]
[2.94279507],[1.26140572],[2.56991486]
[0.],[0.],[0.]
[2.4210251],[0.77013711],[1.5541033]
[3.07890045],[1.00816283],[2.33499413]
[3.19032537],[1.2971186],[3.23117313]
[3.28248256],[1.37642485],[3.66097403]
[3.59434556],[1.44380502],[4.01644602]
[3.83053401],[1.44691816],[4.22308284]
[4.12821891],[1.48730246],[4.41995952]
[4.18340615],[1.48997114],[4.53439848]
[4.31290984],[1.5213164],[4.67209865]
[4.37120133],[1.51261639],[4.72481617]
[4.50474634],[1.53330073],[4.8624057]
[4.54441358],[1.52949035],[4.90274361]
[4.64366617],[1.545454],[5.06313969]
[4.72893915],[1.54222395],[5.14817485]
[4.80762353],[1.55510593],[5.28596432]
[4.88035269],[1.55977557],[5.39233724]
[5.00209642],[1.56734821],[5.53709082]
[5.06771],[1.57062832],[5.62881662]
[5.17464431],[1.57646221],[5.72449557]
[5.1549392],[1.57595747],[5.76198348]
[5.22093855],[1.5796014],[5.85225001]
[5.18141601],[1.57817601],[5.86517825]
[5.23954792],[1.58192976],[5.95102771]
[5.19217115],[1.57958898],[5.92927226]
[5.26028696],[1.58253276],[6.01479032]
[5.21147457],[1.58243755],[5.9847418]
[5.28390634],[1.58829046],[6.07719614]
[5.22281778],[1.58549384],[6.03948985]
[5.29709068],[1.5919933],[6.11758165]
[5.24441598],[1.59122627],[6.08029543]
[5.29972884],[1.59166406],[6.12735506]
[5.28213853],[1.58898073],[6.10265188]
[5.29908683],[1.5857701],[6.07471148]
[5.27853164],[1.58256138],[6.02180603]
[5.2843014],[1.57781745],[5.94845024]
[5.25006397],[1.57632199],[5.9083424]
[5.24561284],[1.57112736],[5.8749305]
[5.23381524],[1.56264264],[5.82287713]
[5.2328528],[1.54872894],[5.78161796]
[5.2314277],[1.53373745],[5.72673878]
[5.22659481],[1.51887088],[5.6693382]
[5.21785098],[1.50287565],[5.59165028]
[5.21621278],[1.48708022],[5.52072745]
[5.20524759],[1.46925051],[5.45030833]
[5.18335465],[1.45045021],[5.37078492]
[5.17100252],[1.44069778],[5.3155718]
[5.15499813],[1.43112539],[5.25901582]
[5.13656858],[1.42162281],[5.20123476]
[5.11084888],[1.40970144],[5.12475685]
[5.0886861],[1.40286952],[5.0581673]
[5.06478555],[1.39050064],[4.990693]
[4.69953394],[1.37595714],[4.73056758]
[3.93064709],[1.36338068],[3.86636235]
[3.15687572],[1.34774232],[2.92117826]
[0.26873144],[0.10211093],[0.01325819]
[2.42453872],[0.8465668],[1.67670413]
[3.09340783],[1.03890393],[2.52256842]
[3.21114351],[1.34230362],[3.40131321]
[3.41679125],[1.42039462],[3.88380488]
[3.75260712],[1.48386923],[4.24043045]
[3.94723366],[1.48798142],[4.45345428]
[4.23801041],[1.52550944],[4.64748141]
[4.34478544],[1.52940701],[4.78400882]
[4.48604523],[1.55984367],[4.96331623]
[4.54460129],[1.55151386],[5.03089651]
[4.66629731],[1.56768328],[5.22214388]
[4.74367002],[1.56257324],[5.37979735]
[4.82278408],[1.57728433],[5.53032386]
[4.90607703],[1.57562789],[5.62011479]
[5.03541242],[1.58611342],[5.75196354]
[5.10782464],[1.59420863],[5.83302215]
[5.26631536],[1.59945714],[6.00634951]
[5.30173914],[1.60755603],[6.10083113]
[5.44418159],[1.60943678],[6.26246386]
[5.39004888],[1.61383759],[6.28501463]
[5.49090278],[1.6128433],[6.3983884]
[5.41725795],[1.61619669],[6.4010005]
[5.51377377],[1.61598771],[6.4919937]
[5.42837899],[1.61844912],[6.47267446]
[5.53240009],[1.61687153],[6.57813012]
[5.44597157],[1.6207978],[6.53289817]
[5.56042084],[1.62228011],[6.65310406]
[5.45559909],[1.63548711],[6.58874278]
[5.5641507],[1.62730935],[6.69078477]
[5.47243852],[1.65087636],[6.64295821]
[5.56192127],[1.63381989],[6.70989232]
[5.50731409],[1.64397699],[6.68350949]
[5.55947227],[1.64271865],[6.68838637]
[5.50456072],[1.64146179],[6.63295919]
[5.54013131],[1.64074284],[6.58652556]
[5.48874767],[1.63924867],[6.5428105]
[5.48340454],[1.63116217],[6.5194889]
[5.47057768],[1.62289371],[6.47554604]
[5.46731632],[1.5962449],[6.42457609]
[5.46868366],[1.58305723],[6.36390703]
[5.46318846],[1.56978912],[6.30197171]
[5.44945702],[1.55530548],[6.20748526]
[5.44762343],[1.54211457],[6.12317151]
[5.43831379],[1.52871269],[6.03944994]
[5.41511049],[1.51533488],[5.94546576]
[5.40151799],[1.50635343],[5.88669735]
[5.39138795],[1.4944081],[5.82642439]
[5.37653417],[1.48208392],[5.76712333]
[5.35475085],[1.47049817],[5.69992777]
[5.33721539],[1.46293569],[5.63796242]
[5.31650644],[1.45117635],[5.5699951]
[4.94786357],[1.43673643],[5.30134892]
[4.17563753],[1.42423149],[4.41340238]
[3.40402143],[1.40968136],[3.4043115]
[0.80398399],[0.29014009],[0.12773882]
[2.42750476],[0.91380503],[1.8148611]
[3.12879205],[1.06440814],[2.7888605]
[3.23846089],[1.36811349],[3.47767176]
[3.53224581],[1.44394775],[4.02510314]
[3.89851126],[1.50648015],[4.42645841]
[4.06780304],[1.50852514],[4.67466479]
[4.36657038],[1.55460721],[4.89384091]
[4.51965734],[1.55979927],[5.04773055]
[4.62286616],[1.58264324],[5.25916828]
[4.69975476],[1.58139509],[5.43673943]
[4.80545254],[1.59496226],[5.70798514]
[4.86892377],[1.59658448],[5.7622222]
[4.97110202],[1.60653707],[5.87674013]
[5.04559994],[1.60849557],[5.98833381]
[5.20426339],[1.61549361],[6.12857756]
[5.25586595],[1.62170692],[6.22529819]
[5.42430055],[1.62590849],[6.41605393]
[5.43995283],[1.6339705],[6.50554107]
[5.60056257],[1.6346137],[6.65857042]
[5.53459993],[1.64829358],[6.66989767]
[5.65504239],[1.6378863],[6.81501611]
[5.56605811],[1.66075514],[6.7884604]
[5.69006687],[1.64155732],[6.9395191]
[5.57791022],[1.67342363],[6.87001702]
[5.72162034],[1.64821667],[7.02910433]
[5.60521548],[1.68143076],[6.94123789]
[5.75770158],[1.66294795],[7.10710464]
[5.61702017],[1.70156615],[7.00122276]
[5.77180407],[1.6806857],[7.15540284]
[5.64968281],[1.71909836],[7.07277756]
[5.77762475],[1.69553693],[7.1950256]
[5.7078102],[1.71180286],[7.13576671]
[5.77326078],[1.71192469],[7.18686565]
[5.70269416],[1.71225823],[7.10201419]
[5.75177262],[1.71336765],[7.08169519]
[5.68653783],[1.71318068],[7.02639928]
[5.67653581],[1.70528004],[7.0053376]
[5.65674092],[1.69777783],[6.96063403]
[5.64863953],[1.67467015],[6.91172315]
[5.6510601],[1.6490916],[6.84319525]
[5.6424948],[1.62307499],[6.76890372]
[5.61975799],[1.59758299],[6.66292928]
[5.61800268],[1.58242882],[6.57329396]
[5.60583974],[1.57010592],[6.48284015]
[5.57946041],[1.55674948],[6.37854702]
[5.56636548],[1.54590789],[6.29397899]
[5.55943279],[1.53527998],[6.20869515]
[5.54533814],[1.52490415],[6.1261224]
[5.52278747],[1.51324749],[6.03728774]
[5.51350417],[1.50408734],[5.9731032]
[5.49843174],[1.48963274],[5.90179512]
[5.12946152],[1.47228207],[5.63045403]
[4.3572555],[1.45831787],[4.7261494]
[3.58920554],[1.44154938],[3.68939529]
[1.07841316],[0.42411765],[0.31019063]
[2.44256748],[0.95333116],[1.93764147]
[3.156149],[1.12617434],[2.97074471]
[3.26073084],[1.40414098],[3.57899604]
[3.63887751],[1.46716143],[4.20628475]
[4.04112874],[1.52743486],[4.65067557]
[4.20759652],[1.53901213],[4.88618559]
[4.50301103],[1.57793508],[5.16538367]
[4.66269204],[1.58651703],[5.39095493]
[4.75431132],[1.60717746],[5.73841168]
[4.83841645],[1.60349036],[5.90718047]
[4.93225051],[1.61620803],[6.0137222]
[4.99591723],[1.6160113],[6.0976993]
[5.14237363],[1.62473839],[6.22159641]
[5.20068533],[1.62909515],[6.33954681]
[5.35551581],[1.63187926],[6.49634878]
[5.38771187],[1.65437283],[6.6097025]
[5.56691502],[1.64853607],[6.7878757]
[5.55792564],[1.68601047],[6.8402758]
[5.72710355],[1.66901146],[7.03083413]
[5.65614765],[1.70191146],[7.00431437]
[5.78171011],[1.68242951],[7.20302554]
[5.68183903],[1.71644078],[7.15317245]
[5.81258917],[1.69487183],[7.34148399]
[5.69385942],[1.73011296],[7.25067111]
[5.83077979],[1.70200741],[7.42863259]
[5.71149057],[1.73405003],[7.31004687]
[5.8558707],[1.71583335],[7.48858986]
[5.71494993],[1.75394759],[7.35923308]
[5.86476468],[1.73724346],[7.53806597]
[5.74070846],[1.77710242],[7.44536295]
[5.86586654],[1.75304301],[7.57746319]
[5.80017859],[1.76674211],[7.51484101]
[5.85910018],[1.7677459],[7.57122409]
[5.79379098],[1.76869541],[7.47712049]
[5.83686025],[1.77040089],[7.47144488]
[5.77637723],[1.77088352],[7.41385006]
[5.76281943],[1.7644978],[7.39146208]
[5.74214218],[1.75778346],[7.34783171]
[5.73373755],[1.73657973],[7.30215058]
[5.73606928],[1.71279616],[7.24018532]
[5.72785696],[1.68904205],[7.16539316]
[5.70505412],[1.66558125],[7.05552812]
[5.70806842],[1.63774006],[6.95727275]
[5.6991967],[1.61243199],[6.85211464]
[5.66327925],[1.58848453],[6.73068877]
[5.63508652],[1.57694797],[6.64005666]
[5.62027824],[1.56682497],[6.55310223]
[5.59403076],[1.55667366],[6.46511799]
[5.57267426],[1.54533782],[6.35774581]
[5.56572839],[1.53536999],[6.26526028]
[5.55251874],[1.52407249],[6.16748535]
[5.1908584],[1.50899587],[5.88405976]
[4.42529973],[1.49100014],[4.95070554]
[3.65840591],[1.4711757],[3.8775019]
[1.04520338],[0.48701499],[0.33406323]
[2.45477061],[0.96850784],[2.01727056]
[3.17900298],[1.19079291],[3.11117463]
[3.32204815],[1.43483742],[3.6819472]
[3.73070279],[1.4936118],[4.40638044]
[4.14039248],[1.55252386],[4.8681708]
[4.36094978],[1.5594255],[5.11690042]
[4.62904113],[1.59495755],[5.61205857]
[4.81943788],[1.60880219],[5.86524579]
[4.8761917],[1.62559977],[6.06578486]
[4.93435789],[1.62671867],[6.18857243]
[5.05950075],[1.63764962],[6.30283697]
[5.10501613],[1.64129618],[6.3708634]
[5.2664873],[1.6497395],[6.53027402]
[5.30151256],[1.67319488],[6.63556452]
[5.4525828],[1.66517318],[6.81329216]
[5.46655605],[1.70785671],[6.89678037]
[5.65014792],[1.70329316],[7.12821433]
[5.65329043],[1.7347791],[7.16898402]
[5.82670669],[1.72330673],[7.40505232]
[5.7332944],[1.7477537],[7.35610054]
[5.86509734],[1.73751765],[7.57936991]
[5.75116195],[1.76287214],[7.50222415]
[5.89496923],[1.75180624],[7.71955688]
[5.76246286],[1.78037088],[7.61855777]
[5.90706899],[1.75806435],[7.82910517]
[5.77663426],[1.78186209],[7.70401307]
[5.93261476],[1.76889736],[7.89940398]
[5.78085606],[1.80251379],[7.74842488]
[5.94375558],[1.78994418],[7.94632259]
[5.80980964],[1.82129427],[7.85791087]
[5.95167388],[1.80129333],[7.97041934]
[5.89318069],[1.8133591],[7.89639753]
[5.95955409],[1.81407313],[7.95043012]
[5.90499854],[1.8148174],[7.86726735]
[5.95388292],[1.81579352],[7.86146912]
[5.9068143],[1.81637787],[7.78817833]
[5.89369533],[1.8118774],[7.76085511]
[5.87786666],[1.80531957],[7.70905663]
[5.87482318],[1.78918976],[7.67056346]
[5.87687273],[1.76714483],[7.61986767]
[5.87033308],[1.74449894],[7.55448523]
[5.84831405],[1.72079095],[7.4556918]
[5.85026315],[1.69582812],[7.36657182]
[5.84234747],[1.67136088],[7.25829203]
[5.81082187],[1.64620814],[7.13008263]
[5.77805771],[1.62178039],[7.02354788]
[5.75552547],[1.60105872],[6.92077149]
[5.72323696],[1.58152252],[6.81835491]
[5.67547755],[1.57019056],[6.70254453]
[5.65582217],[1.56019483],[6.60911564]
[5.62718318],[1.54917295],[6.50361616]
[5.2390656],[1.53322955],[6.18924945]
[4.46664396],[1.51854251],[5.19855707]
[3.69970944],[1.50037563],[4.07703102]
[1.07096664],[0.50786923],[0.35547594]
[2.464519],[0.98151323],[2.07353788]
[3.19352691],[1.25602073],[3.31430001]
[3.35727886],[1.47678545],[3.92329143]
[3.79609985],[1.53777799],[4.64867441]
[4.18822398],[1.57819736],[5.11856951]
[4.42727359],[1.59386045],[5.3803632]
[4.69039034],[1.62149544],[5.90411793]
[4.8612292],[1.6342209],[6.1037034]
[4.94160822],[1.64880618],[6.32550367]
[5.00173436],[1.64824207],[6.41738734]
[5.15147446],[1.65904439],[6.58253438]
[5.19994543],[1.67930054],[6.65958751]
[5.34525219],[1.67887076],[6.85296134]
[5.36555896],[1.71249422],[6.96613911]
[5.52755406],[1.70855446],[7.1762258]
[5.53509315],[1.74603458],[7.26643032]
[5.73291945],[1.74664561],[7.53496674]
[5.69622286],[1.77833365],[7.54447161]
[5.86806167],[1.76638197],[7.79227052]
[5.76455784],[1.79586948],[7.76078829]
[5.91100737],[1.78219766],[8.0156262]
[5.78619786],[1.81468681],[7.96196958]
[5.94134496],[1.80101341],[8.19575742]
[5.80281616],[1.8298224],[8.08333018]
[5.95513183],[1.80664279],[8.28712704]
[5.82212313],[1.82998034],[8.14373789]
[5.98464237],[1.81404421],[8.33340151]
[5.83020529],[1.84685545],[8.17189655]
[5.99930018],[1.83529434],[8.36688596]
[5.86296769],[1.86208467],[8.26244604]
[6.00842116],[1.84375498],[8.38754508]
[5.95454473],[1.85461147],[8.29688619]
[6.01689005],[1.85481304],[8.3759918]
[5.96677327],[1.85543898],[8.28903769]
[6.01127528],[1.8557983],[8.30986828]
[5.97041428],[1.85578163],[8.22351158]
[5.96021827],[1.85160163],[8.19838805]
[5.94961662],[1.84516426],[8.16299762]
[5.95248555],[1.83241775],[8.1322894]
[5.96732148],[1.81173054],[8.08468134]
[5.97306578],[1.79057706],[8.02012085]
[5.96208721],[1.76860155],[7.92737139]
[5.97746325],[1.74431837],[7.84484407]
[5.97956104],[1.72070385],[7.73475225]
[5.956536],[1.69719691],[7.61823938]
[5.93241215],[1.67630933],[7.51527863]
[5.91328547],[1.65851221],[7.41429138]
[5.88146022],[1.63951401],[7.31341754]
[5.82631486],[1.62036477],[7.1907126]
[5.79674128],[1.60110422],[7.08358616]
[5.75598331],[1.58347545],[6.96805157]
[5.36090602],[1.56767338],[6.64182658]
[4.5591859],[1.55476957],[5.59356173]
[3.7786591],[1.53814114],[4.40770114]
[1.28568337],[0.54558407],[0.44055254]
[2.47721387],[0.98688122],[2.14013843]
[3.21177768],[1.26828142],[3.44087504]
[3.40575602],[1.48984353],[4.06486616]
[3.86422187],[1.55616397],[4.80316532]
[4.23566939],[1.59354906],[5.28642473]
[4.49068909],[1.60583432],[5.59306887]
[4.75179815],[1.63839719],[6.06915526]
[4.90700024],[1.65253089],[6.28480551]
[5.017477],[1.66454224],[6.54881664]
[5.07513199],[1.68262265],[6.6766825]
[5.23430156],[1.68489655],[6.86345047]
[5.26977068],[1.71395509],[6.96724434]
[5.41813494],[1.71352704],[7.15099485]
[5.42898724],[1.747803],[7.25450761]
[5.59922061],[1.74592544],[7.50761456]
[5.58034849],[1.78760259],[7.55972234]
[5.77334029],[1.78510874],[7.83646025]
[5.7129902],[1.82188236],[7.86213879]
[5.91344397],[1.80938698],[8.16431978]
[5.79449695],[1.84065261],[8.12910361]
[5.95715188],[1.82933927],[8.38765368]
[5.81980497],[1.85954755],[8.32475157]
[5.98946781],[1.84885193],[8.55652676]
[5.84146979],[1.8732987],[8.44449513]
[6.00768917],[1.85434344],[8.64542397]
[5.86668193],[1.87570598],[8.50165157]
[6.04260864],[1.86172722],[8.693754]
[5.87819826],[1.89060883],[8.52345299]
[6.06075298],[1.8808109],[8.73057227]
[5.91645624],[1.90269269],[8.5990448]
[6.06891659],[1.88635534],[8.74259236]
[6.02049777],[1.89531767],[8.64147042]
[6.07836641],[1.89488806],[8.72622991]
[6.03586415],[1.89450981],[8.6187104]
[6.07624392],[1.89426738],[8.6542679]
[6.04419422],[1.89343064],[8.55976715]
[6.03044567],[1.88915148],[8.53385718]
[6.02050304],[1.88200332],[8.49661393]
[6.02512023],[1.87136129],[8.46589963]
[6.04210838],[1.85193884],[8.43092719]
[6.05092573],[1.8332507],[8.3778767]
[6.04081673],[1.81333622],[8.30208179]
[6.05987096],[1.79193254],[8.24311991]
[6.07068631],[1.77191127],[8.15809075]
[6.05959801],[1.75083444],[8.04585755]
[6.04491584],[1.7293637],[7.94675035]
[6.02652108],[1.71074126],[7.85088287]
[6.00003289],[1.69243524],[7.75695813]
[5.95539677],[1.67415385],[7.64898895]
[5.94811859],[1.65533998],[7.55772369]
[5.92192948],[1.63777616],[7.44497557]
[5.5216879],[1.60945778],[7.07410008]
[4.74131186],[1.58357474],[5.96802631]
[3.97415838],[1.5666132],[4.74693902]
[1.28038909],[0.55407577],[0.45312628]
[2.48917811],[1.0039041],[2.19137185]
[3.22380083],[1.30027748],[3.52709513]
[3.47216481],[1.50299874],[4.16051811]
[3.9027384],[1.56965417],[4.91672726]
[4.27950103],[1.59993474],[5.43166047]
[4.55837796],[1.61996922],[5.75392305]
[4.81302438],[1.64654592],[6.22719188]
[4.95568442],[1.67193894],[6.45650885]
[5.10891864],[1.67644741],[6.75516774]
[5.16986063],[1.7012087],[6.89612272]
[5.314932],[1.70553446],[7.07482719]
[5.33993513],[1.73523336],[7.18399444]
[5.49969419],[1.74010566],[7.39708249]
[5.50989295],[1.77755318],[7.48033059]
[5.6716071],[1.78065441],[7.73894332]
[5.61652638],[1.81904015],[7.78699387]
[5.83133429],[1.82056037],[8.13434424]
[5.7791316],[1.85256221],[8.1863786]
[5.99590174],[1.84768323],[8.47044356]
[5.91367796],[1.87057821],[8.43427006]
[6.06176204],[1.86409142],[8.69273353]
[5.95751789],[1.88909768],[8.63484819]
[6.10743225],[1.88192228],[8.88001629]
[6.00728306],[1.90128528],[8.75986811]
[6.14836204],[1.89042531],[8.96945098]
[6.06150186],[1.90567648],[8.81786452]
[6.22725797],[1.89576634],[9.04334038]
[6.11630899],[1.91918999],[8.85252286]
[6.26631647],[1.9110158],[9.08780226]
[6.1654474],[1.92922471],[8.92802775]
[6.25944493],[1.91355551],[9.08946834]
[6.23812594],[1.92163146],[8.99000798]
[6.25126564],[1.9209302],[9.0537568]
[6.2443835],[1.92046457],[8.95179531]
[6.24088938],[1.92077352],[8.95760024]
[6.25957655],[1.92033704],[8.88469814]
[6.23475616],[1.91723866],[8.85763824]
[6.23555042],[1.91082769],[8.82837932]
[6.24781939],[1.90020671],[8.80882982]
[6.26290452],[1.88062065],[8.7850963]
[6.28281565],[1.86283963],[8.75986385]
[6.30431451],[1.84409812],[8.71204818]
[6.3305471],[1.82464584],[8.67213405]
[6.36325844],[1.80527556],[8.61834824]
[6.38469059],[1.78474752],[8.5262443]
[6.39537396],[1.76552381],[8.4342046]
[6.34582249],[1.74472068],[8.32257418]
[6.2967134],[1.72555491],[8.21205886]
[6.23575905],[1.70695155],[8.07820718]
[6.1901995],[1.68771988],[7.96602165]
[6.10124595],[1.67005012],[7.84461253]
[5.66560315],[1.64476238],[7.41453158]
[4.86111002],[1.61368496],[6.25601672]
[4.05649454],[1.58803946],[4.98736191]
[1.32237031],[0.55754066],[0.47126591]
[2.49879892],[1.01935363],[2.22226606]
[3.23422343],[1.33097873],[3.64306531]
[3.57455849],[1.54238373],[4.39113276]
[3.94381943],[1.60401725],[5.07873781]
[4.32069991],[1.63190839],[5.58986956]
[4.61941394],[1.65715039],[5.93833144]
[4.8654044],[1.66850181],[6.40921448]
[5.01199879],[1.6935411],[6.6658126]
[5.17415923],[1.70022089],[6.98553225]
[5.23251144],[1.72391261],[7.13125845]
[5.37948543],[1.73352735],[7.32193718]
[5.39524137],[1.76210332],[7.4262664]
[5.56271785],[1.77783258],[7.6668384]
[5.54097758],[1.810987],[7.74238546]
[5.70569851],[1.81953066],[8.0381377]
[5.66071861],[1.85066835],[8.15006301]
[5.92003014],[1.85606087],[8.49395712]
[5.94219483],[1.88368946],[8.53498321]
[6.16569567],[1.88168191],[8.83673531]
[6.15198361],[1.90307868],[8.81398929]
[6.26688415],[1.89876114],[9.1048919]
[6.23318506],[1.92372181],[9.06204748]
[6.31960445],[1.91950185],[9.34745589]
[6.33175283],[1.94039173],[9.23476345]
[6.37163365],[1.93661335],[9.49987914]
[6.42543097],[1.95303004],[9.35686061]
[6.50111729],[1.95133369],[9.62901869]
[6.53510156],[1.97238432],[9.51781705]
[6.61232378],[1.9713012],[9.76347529]
[6.59503431],[1.98894166],[9.73641609]
[6.6271666],[1.97700445],[9.85236479]
[6.64403605],[1.98536001],[9.79708712]
[6.63377818],[1.98596376],[9.83016766]
[6.65055937],[1.98685792],[9.77344456]
[6.64587456],[1.9877669],[9.76714123]
[6.6805935],[1.98768241],[9.72740475]
[6.69876936],[1.98591756],[9.70078661]
[6.69356898],[1.98138437],[9.67239967]
[6.71459731],[1.97120293],[9.63951489]
[6.73467483],[1.94666795],[9.59433388]
[6.7595873],[1.92220999],[9.54565545]
[6.78503733],[1.90051838],[9.46980945]
[6.81115261],[1.87943571],[9.39882889]
[6.8399863],[1.85423891],[9.32232814]
[6.86596858],[1.82746909],[9.21343336]
[6.89190401],[1.80725637],[9.08617285]
[6.89015689],[1.78763998],[8.96350889]
[6.84002328],[1.76758555],[8.8703039]
[6.78271754],[1.74568182],[8.75942678]
[6.72733026],[1.72477429],[8.66190855]
[6.66499754],[1.70679637],[8.55096318]
[6.16940127],[1.68396031],[8.06137641]
[5.2942053],[1.65326041],[6.80065412]
[4.42268164],[1.62310673],[5.45635612]
[1.51024357],[0.5992875],[0.57798313]
[2.5086247],[1.03586801],[2.27022297]
[3.25379114],[1.36388862],[3.72754785]
[3.67019302],[1.56426016],[4.51407637]
[3.98631152],[1.62232285],[5.19010998]
[4.37304284],[1.65264645],[5.71288359]
[4.70348388],[1.67499074],[6.08001701]
[4.93281712],[1.69006677],[6.5831152]
[5.08502814],[1.72115693],[6.90112306]
[5.23881045],[1.73509091],[7.20557267]
[5.28492017],[1.76317088],[7.3501881]
[5.43969095],[1.78226059],[7.58779346]
[5.47146468],[1.80699372],[7.68187372]
[5.60797081],[1.82430278],[7.939523]
[5.5626107],[1.85295169],[8.06888737]
[5.78008008],[1.86380931],[8.41411775]
[5.77784676],[1.89154502],[8.51149171]
[6.05963284],[1.91006208],[8.8678252]
[6.18597563],[1.94234579],[8.95781007]
[6.34766594],[1.94191996],[9.33385695]
[6.49461384],[1.96970398],[9.44272462]
[6.59290443],[1.97168114],[9.8452415]
[6.61774465],[1.9997348],[9.93664209]
[6.72648286],[2.00186579],[10.19251249]
[6.76700342],[2.02261233],[10.27419525]
[6.92745837],[2.0225767],[10.48727951]
[6.95516745],[2.04039021],[10.55316665]
[7.13698925],[2.0400406],[10.78205308]
[7.15047348],[2.06138031],[10.85871318]
[7.30164353],[2.06094759],[11.07476229]
[7.305286],[2.07517114],[11.13391318]
[7.37258511],[2.06641668],[11.28364637]
[7.39319356],[2.07099155],[11.28450045]
[7.4096582],[2.07050369],[11.30533226]
[7.43122812],[2.07070607],[11.26555923]
[7.43145474],[2.0709792],[11.26498427]
[7.45889954],[2.07028307],[11.22263961]
[7.46147088],[2.06845619],[11.23090892]
[7.48364147],[2.06340914],[11.18662475]
[7.46960759],[2.05315889],[11.14456519]
[7.48130739],[2.03322096],[11.08286143]
[7.49235468],[2.00809144],[11.01308813]
[7.50409649],[1.98459115],[10.92297684]
[7.51995903],[1.96143992],[10.79509793]
[7.52992084],[1.93775773],[10.68628052]
[7.53788252],[1.91482828],[10.55837993]
[7.55392143],[1.89002836],[10.4011982]
[7.56289278],[1.86422382],[10.19793586]
[7.51966568],[1.83851583],[9.96073415]
[7.40863798],[1.81092284],[9.69992029]
[7.31041917],[1.78385916],[9.4776953]
[7.21278629],[1.75633422],[9.26326328]
[6.76926051],[1.73334782],[8.68495452]
[5.92478926],[1.71002332],[7.38732103]
[4.99023485],[1.67723577],[6.03789773]
[1.5488622],[0.65422562],[0.71466096]
[2.5095878],[1.0526828],[2.30983567]
[3.27830951],[1.39799294],[3.81939128]
[3.74213547],[1.58401176],[4.63426925]
[4.02033218],[1.63634527],[5.28002796]
[4.46553483],[1.66638105],[5.82735109]
[4.76309653],[1.6918722],[6.19717097]
[4.99989064],[1.70855247],[6.77732834]
[5.1439805],[1.74359017],[7.08797772]
[5.30039327],[1.77220215],[7.38889479]
[5.34752748],[1.8007295],[7.56699721]
[5.5187894],[1.8192116],[7.8443385]
[5.51856794],[1.8407691],[7.95527561]
[5.68025936],[1.86029357],[8.32237678]
[5.61879888],[1.8948666],[8.4828737]
[5.90268607],[1.91295068],[8.84906417]
[5.94391211],[1.96726082],[9.01492234]
[6.28152021],[1.99011145],[9.48671558]
[6.52999994],[2.02289839],[9.75850556]
[6.83588423],[2.03049222],[10.31483698]
[7.02112522],[2.05438886],[10.65374186]
[7.29774495],[2.06322117],[11.07279684]
[7.36171972],[2.08932522],[11.3152854]
[7.501077],[2.09619427],[11.68470661]
[7.57885496],[2.11262449],[11.89103595]
[7.71102679],[2.11868243],[12.16749897]
[7.80706237],[2.13105537],[12.31429809]
[7.89510522],[2.13318777],[12.53912919]
[7.95416955],[2.14915012],[12.67207614]
[8.0434084],[2.14876028],[12.86284143]
[8.07680682],[2.16035776],[13.00691151]
[8.11822771],[2.15280047],[13.0941129]
[8.13181639],[2.15391818],[13.16041908]
[8.12670329],[2.15233565],[13.12434601]
[8.14381482],[2.1508179],[13.13716228]
[8.12843169],[2.14918467],[13.06299663]
[8.14603158],[2.14671979],[13.07659679]
[8.14171425],[2.14459184],[13.02421936]
[8.14900137],[2.13959242],[13.00644442]
[8.14037759],[2.13024539],[12.91431555]
[8.12274627],[2.11428295],[12.82189123]
[8.12134443],[2.09574381],[12.72742241]
[8.11212976],[2.07284366],[12.6141321]
[8.11418511],[2.04882533],[12.49246236]
[8.11166424],[2.02194652],[12.3225491]
[8.10343906],[1.99451012],[12.11988285]
[8.10826351],[1.97105065],[11.91696351]
[8.11153169],[1.94661172],[11.67046129]
[8.11370443],[1.92242441],[11.41478392]
[8.03404607],[1.89572005],[11.1154797]
[7.9367857],[1.86848991],[10.81908198]
[7.83379381],[1.8396691],[10.55451904]
[7.34827374],[1.80967785],[9.88481282]
[6.49036237],[1.7809773],[8.46677435]
[5.6080361],[1.74192555],[6.98749763]
[1.54420068],[0.66966379],[0.73623069]
[2.51054923],[1.0638568],[2.34639858]
[3.2769814],[1.44636635],[3.91374223]
[3.78005139],[1.60094322],[4.75147746]
[4.03141012],[1.6494435],[5.35846581]
[4.52580318],[1.68302726],[5.92955625]
[4.80193254],[1.71181942],[6.33633124]
[5.05231597],[1.72828004],[6.95452423]
[5.1785846],[1.7735017],[7.28310587]
[5.3384244],[1.80692531],[7.61938673]
[5.42694056],[1.83741218],[7.85269127]
[5.58942788],[1.8576318],[8.25735321]
[5.57475378],[1.90256643],[8.49282242]
[5.79673929],[1.9265558],[8.88357246]
[5.77487029],[1.98241682],[9.12998011]
[6.14743206],[2.00992003],[9.62128176]
[6.32730376],[2.06013626],[9.96870808]
[6.70394929],[2.08771642],[10.60873277]
[7.07483626],[2.11729497],[11.10201303]
[7.47372061],[2.12627773],[11.62012162]
[7.77079524],[2.14935435],[12.21124091]
[7.96698023],[2.16016318],[12.76087969]
[8.08345736],[2.18150127],[13.1583286]
[8.20406858],[2.18808377],[13.48873926]
[8.22374593],[2.20308377],[13.81658487]
[8.34536509],[2.20907814],[14.07244422]
[8.34987808],[2.22004163],[14.30665384]
[8.49022337],[2.22363796],[14.54210089]
[8.46398163],[2.23512187],[14.71139481]
[8.61722977],[2.23714165],[14.93091637]
[8.58874908],[2.24429335],[15.08865201]
[8.69521603],[2.23749432],[15.28190999]
[8.69049682],[2.23655241],[15.32598664]
[8.74784214],[2.23379196],[15.36058102]
[8.73612126],[2.23123174],[15.28626288]
[8.77241878],[2.22834688],[15.26512928]
[8.75437613],[2.22506329],[15.18319564]
[8.79672113],[2.22105461],[15.18833668]
[8.77971865],[2.21378573],[15.07744432]
[8.78252521],[2.20505429],[14.99776346]
[8.75159679],[2.19415388],[14.84912793]
[8.739316],[2.1768726],[14.72700183]
[8.71961776],[2.1550318],[14.56597852]
[8.71026685],[2.13275071],[14.40967498]
[8.71493699],[2.1067514],[14.24608116]
[8.71696963],[2.08076215],[14.00665065]
[8.70458498],[2.0561141],[13.75346462]
[8.70730108],[2.03020232],[13.47783329]
[8.69084752],[2.00635348],[13.20027418]
[8.64011483],[1.98091295],[12.8490047]
[8.54538115],[1.95570368],[12.4988723]
[8.43836412],[1.92784679],[12.16009739]
[7.94501842],[1.8999625],[11.34874315]
[7.08606115],[1.87330072],[9.87621349]
[6.20947582],[1.83360314],[8.33427291]
[1.54938846],[0.68421099],[0.76447662]
[2.50910046],[1.07127871],[2.36206875]
[3.27442948],[1.49929568],[4.01087579]
[3.81657808],[1.62379871],[4.90429269]
[4.05406946],[1.67057182],[5.47929054]
[4.57430552],[1.70876341],[6.09094815]
[4.8378038],[1.73382505],[6.64285486]
[5.09357207],[1.75488593],[7.21421389]
[5.21611307],[1.82636455],[7.62361999]
[5.41681367],[1.86414299],[8.09412612]
[5.48495447],[1.91086144],[8.54361798]
[5.66543687],[1.94222427],[8.97975087]
[5.68663663],[1.99289486],[9.25642736]
[6.01097401],[2.0213153],[9.70837735]
[6.20999343],[2.07689371],[10.11654559]
[6.47532047],[2.10909383],[10.7838653]
[6.85589698],[2.15529392],[11.28863039]
[7.29525007],[2.18254667],[11.87227063]
[7.65436173],[2.208888],[12.53741832]
[7.99646509],[2.21905532],[13.20249227]
[8.21130242],[2.23881834],[13.89577767]
[8.45630422],[2.25068801],[14.54413695]
[8.53557655],[2.26834171],[15.11725575]
[8.73194621],[2.2774117],[15.59310578]
[8.78318789],[2.29077788],[15.95324845]
[8.85508782],[2.30336892],[16.31624676]
[8.97753811],[2.31683691],[16.58854194]
[8.98266633],[2.32334019],[16.86204893]
[9.14563731],[2.334028],[17.07845261]
[9.17890157],[2.34098795],[17.31378476]
[9.32734741],[2.34814554],[17.51507784]
[9.33499572],[2.35128592],[17.65143122]
[9.42852043],[2.34092145],[17.74627925]
[9.4289745],[2.33492734],[17.7436216]
[9.48165279],[2.32280865],[17.73019693]
[9.44201555],[2.31142239],[17.59503743]
[9.49091808],[2.30761],[17.56435079]
[9.45155384],[2.30252287],[17.46450734]
[9.50617088],[2.29469189],[17.40113361]
[9.43522032],[2.28490366],[17.2509858]
[9.46138507],[2.26960445],[17.12424712]
[9.40582722],[2.25358202],[16.93190899]
[9.38290751],[2.23274735],[16.73052022]
[9.36595091],[2.21158686],[16.53243797]
[9.35829728],[2.18655879],[16.32767216]
[9.36827836],[2.16218613],[16.10428224]
[9.35683842],[2.13876584],[15.82619678]
[9.35723224],[2.11392531],[15.5237793]
[9.3650809],[2.09014279],[15.20447186]
[9.33549919],[2.06511792],[14.83644449]
[9.19889141],[2.04044758],[14.47145556]
[9.07782182],[2.01440392],[14.08960836]
[8.53698627],[1.98976309],[13.16264122]
[7.67740825],[1.96524212],[11.57978188]
[6.81670596],[1.93150104],[9.95412951]
[1.58117387],[0.72141233],[0.86947337]
[2.50956888],[1.09372539],[2.40104198]
[3.2734446],[1.53839284],[4.10972442]
[3.85884788],[1.63441616],[5.01081097]
[4.16079731],[1.69912067],[5.66196906]
[4.63147696],[1.74431166],[6.47866434]
[4.89538698],[1.7816749],[7.13059161]
[5.1656385],[1.85447696],[7.68994602]
[5.35609075],[1.92498344],[8.33652965]
[5.5420356],[1.95763896],[8.97871395]
[5.59254775],[2.0085788],[9.41305282]
[5.91368965],[2.04230114],[9.85650209]
[6.05760941],[2.09489549],[10.28422526]
[6.33356946],[2.12879943],[10.95491377]
[6.6555068],[2.17610323],[11.47330725]
[7.08133099],[2.21542861],[12.04060759]
[7.3883324],[2.25762465],[12.71584035]
[7.75816782],[2.28061714],[13.47493325]
[8.0584651],[2.30086876],[14.19326261]
[8.36447132],[2.31811772],[14.95484103]
[8.57661586],[2.3380741],[15.77780189]
[8.8457356],[2.35272625],[16.49491911]
[8.9579466],[2.36542181],[17.2259307]
[9.13055916],[2.38345726],[17.78634032]
[9.5135339],[2.40630165],[18.30975891]
[9.48850807],[2.42882426],[18.64164961]
[9.67948978],[2.44459444],[19.06853647]
[9.62713745],[2.46319431],[19.31246874]
[9.83195955],[2.47553442],[19.65137959]
[9.83149147],[2.48903379],[19.83334326]
[9.974622],[2.50432423],[20.09820117]
[9.99014628],[2.5102532],[20.22120896]
[10.04801207],[2.51180306],[20.33465178]
[10.12717713],[2.49633751],[20.37879378]
[10.11996287],[2.48714771],[20.36298521]
[10.13812809],[2.46830319],[20.24795932]
[10.12846536],[2.4541371],[20.17779354]
[10.14992492],[2.43941893],[20.07206883]
[10.15016508],[2.42101125],[19.98016708]
[10.13958308],[2.41107342],[19.80840618]
[10.1150086],[2.40135206],[19.64570016]
[10.11777212],[2.3816348],[19.43399383]
[10.06849155],[2.34765693],[19.16993452]
[10.05147083],[2.31575136],[18.93222795]
[10.03755202],[2.28466264],[18.68602191]
[10.03789345],[2.24863424],[18.42129067]
[10.02405395],[2.21694095],[18.15782187]
[10.02520984],[2.19370427],[17.8519517]
[10.03174771],[2.17145651],[17.49353273]
[10.0325116],[2.1482607],[17.09337896]
[9.98050605],[2.12540085],[16.68680131]
[9.84790746],[2.10070358],[16.23170924]
[9.12358716],[2.07708592],[15.15451458]
[8.26455383],[2.05477313],[13.47802581]
[7.4008205],[2.02726448],[11.74336017]
[1.60553261],[0.74902064],[0.95434486]
[2.51482424],[1.19530645],[2.53758595]
[3.28084213],[1.59273061],[4.26528878]
[3.93147608],[1.68216067],[5.31933283]
[4.32039061],[1.74633106],[6.09897954]
[4.70916832],[1.78983908],[7.02789983]
[5.01095454],[1.87354995],[7.73001342]
[5.41688205],[1.94803696],[8.51280687]
[5.53306846],[2.01255135],[9.2419773]
[5.77043695],[2.05758157],[9.80118891]
[5.91337068],[2.10706322],[10.35559581]
[6.23435315],[2.14548319],[11.02522516]
[6.4239159],[2.19128344],[11.52394848]
[6.7925143],[2.23518386],[12.08182232]
[7.11778706],[2.28895663],[12.74552544]
[7.51724494],[2.32903179],[13.57026605]
[7.86706015],[2.36365638],[14.29384589]
[8.14614112],[2.38283436],[15.07893763]
[8.38431832],[2.40029055],[16.02517889]
[8.72005353],[2.44328132],[16.83656517]
[8.94524339],[2.47190243],[17.77319605]
[9.22278027],[2.50991956],[18.64495512]
[9.51450874],[2.52938234],[19.47758189]
[9.62054111],[2.56492141],[20.14817737]
[10.04241949],[2.58858464],[20.86312109]
[10.13949079],[2.61890001],[21.26207141]
[10.3299194],[2.63510287],[21.68486317]
[10.29001976],[2.64801312],[22.01129675]
[10.49042371],[2.66481667],[22.36723119]
[10.52329023],[2.67978552],[22.6583225]
[10.64891169],[2.69383066],[22.87551213]
[10.68345892],[2.69793429],[23.06256967]
[10.73889296],[2.69222354],[23.12856168]
[10.81886608],[2.6822676],[23.28673467]
[10.85708566],[2.67339682],[23.27331194]
[10.85571896],[2.66160215],[23.22623646]
[10.86617646],[2.65068333],[23.08475223]
[10.87154368],[2.64021013],[23.02297744]
[10.87301122],[2.62817622],[22.85360549]
[10.84938605],[2.61881928],[22.72056449]
[10.832779],[2.60806254],[22.46976213]
[10.82447243],[2.59438645],[22.28985966]
[10.80087378],[2.56635017],[21.96995575]
[10.77186797],[2.51880923],[21.6823074]
[10.76058034],[2.46718892],[21.38265699]
[10.75394056],[2.40677182],[21.05380703]
[10.72925414],[2.35435177],[20.71264777]
[10.71362642],[2.31556765],[20.36792576]
[10.71691163],[2.27850089],[20.00310193]
[10.71887448],[2.24014571],[19.55884845]
[10.72536342],[2.20566768],[19.13846327]
[10.6353845],[2.18207638],[18.64145604]
[9.73338439],[2.16134127],[17.33903026]
[8.85225578],[2.13712301],[15.53251848]
[7.9919995],[2.10951018],[13.69736239]
[1.6033699],[0.75742324],[0.97984554]
[2.52527263],[1.2974575],[2.73307094]
[3.28979836],[1.63932359],[4.46683065]
[4.03168043],[1.72624634],[5.671229]
[4.43824562],[1.78916165],[6.66144344]
[4.77129154],[1.85969241],[7.51235774]
[5.18861104],[1.95136944],[8.39924032]
[5.54003027],[2.03062291],[9.29549608]
[5.64487634],[2.09846821],[9.97733738]
[5.96611336],[2.14851297],[10.74361281]
[6.19481082],[2.20077518],[11.40690717]
[6.39196144],[2.25145573],[12.02940939]
[6.74063058],[2.30379358],[12.60746881]
[7.14121477],[2.34424972],[13.40887846]
[7.46411868],[2.38911377],[14.2324411]
[7.82186402],[2.42147119],[14.98565407]
[8.10928335],[2.45200457],[15.981286]
[8.42670522],[2.47865355],[16.86159427]
[8.74721087],[2.54179182],[17.89444108]
[8.96651308],[2.61048658],[18.87074635]
[9.43643348],[2.63723944],[19.87582223]
[9.5587135],[2.66593948],[20.73743162]
[10.03044125],[2.6852948],[21.74694993]
[10.11990325],[2.71468224],[22.38452509]
[10.51849188],[2.73877213],[23.25059735]
[10.63885437],[2.76470539],[23.80012719]
[10.95570102],[2.77983368],[24.35256682]
[10.86817804],[2.79317033],[24.67376308]
[11.12619307],[2.81096477],[25.12793066]
[11.14948481],[2.82018065],[25.42584021]
[11.31110983],[2.83298492],[25.70384331]
[11.31675774],[2.83132206],[25.87345913]
[11.43474473],[2.83002823],[26.04472551]
[11.49106772],[2.82167532],[26.15982092]
[11.56429716],[2.81622191],[26.27175569]
[11.53759249],[2.80842654],[26.17890078]
[11.56283143],[2.80132413],[26.1232737]
[11.54200651],[2.79397957],[25.93942849]
[11.56925606],[2.78543662],[25.81504042]
[11.51185505],[2.77725078],[25.57739127]
[11.53233301],[2.76707599],[25.4001603]
[11.4845804],[2.75319639],[25.10564445]
[11.49275863],[2.73069293],[24.83227623]
[11.4486316],[2.69072224],[24.47115385]
[11.42932061],[2.64672092],[24.15026369]
[11.41800627],[2.59947431],[23.79132865]
[11.39436587],[2.549616],[23.41129018]
[11.38850927],[2.49520498],[23.01282748]
[11.36950563],[2.43841297],[22.60636972]
[11.34873632],[2.39581913],[22.1705354]
[11.35214771],[2.35712329],[21.70282811]
[11.27003408],[2.31878547],[21.20109125]
[10.39041798],[2.28082076],[19.78836146]
[9.50279121],[2.24006582],[17.85834971]
[8.625258],[2.18955848],[15.87863954]
[1.62443412],[0.7662366],[1.03652914]
[2.53349152],[1.34899374],[2.82630528]
[3.29738741],[1.67342094],[4.63085738]
[4.05826124],[1.75958839],[5.91595282]
[4.53368095],[1.82095263],[7.03467404]
[4.82173164],[1.92542181],[7.88715546]
[5.30281997],[2.02667436],[8.97370355]
[5.63680335],[2.10949483],[9.84849015]
[5.83683325],[2.1847191],[10.6280303]
[6.19489252],[2.23732166],[11.52682103]
[6.35579325],[2.29392208],[12.1924772]
[6.70033838],[2.33971762],[12.88716379]
[7.02114931],[2.38545755],[13.68228957]
[7.39690042],[2.42127159],[14.49304145]
[7.73144431],[2.4651781],[15.43419811]
[8.04027194],[2.51718905],[16.44744633]
[8.34336246],[2.57770219],[17.47683154]
[8.64938694],[2.6307758],[18.58045481]
[9.08129339],[2.69431825],[19.6914252]
[9.23865694],[2.74412491],[20.61176485]
[9.74651674],[2.77447889],[21.79869636]
[9.8363144],[2.79705899],[22.5899373]
[10.28313693],[2.81884169],[23.75902234]
[10.400953],[2.83934276],[24.49304256]
[10.81992711],[2.8631554],[25.47565221]
[10.91302496],[2.87881663],[26.15841326]
[11.32751357],[2.89563596],[26.95559538]
[11.22451283],[2.90453703],[27.24105931]
[11.47825528],[2.9203536],[27.84816175]
[11.51040329],[2.93326898],[28.12157041]
[11.64444297],[2.943784],[28.50385087]
[11.70427221],[2.95101423],[28.66515309]
[11.77676634],[2.95317974],[28.86070912]
[11.88064599],[2.95264877],[29.00207726]
[11.92433564],[2.94098433],[29.13628758]
[11.964173],[2.93435697],[29.15612128]
[11.94656663],[2.92799085],[29.12239393]
[11.99333647],[2.92148548],[28.98497132]
[11.98133735],[2.91406413],[28.79328486]
[12.00733237],[2.90745557],[28.53910737]
[11.9733973],[2.90049279],[28.29992394]
[12.01308907],[2.89003727],[28.02731946]
[11.96102369],[2.86130519],[27.72164918]
[11.9831928],[2.82294925],[27.37783537]
[11.93057207],[2.79393415],[27.00291633]
[11.91578714],[2.75972272],[26.60934677]
[11.89634641],[2.72122067],[26.20662449]
[11.88803282],[2.67663653],[25.7735694]
[11.88205366],[2.629306],[25.31390715]
[11.863634],[2.57765081],[24.82615694]
[11.85526901],[2.53217415],[24.35003824]
[11.76323069],[2.49865935],[23.81317381]
[10.96333086],[2.46652513],[22.34677291]
[10.07497596],[2.43290013],[20.34665148]
[9.1882821],[2.39990478],[18.24408637]
[1.66540388],[0.81127087],[1.17015472]
[2.54313169],[1.40146212],[2.96317325]
[3.30621955],[1.69979264],[4.7900847]
[4.06677044],[1.78341178],[6.13941651]
[4.62638848],[1.87794834],[7.4078259]
[5.03138998],[1.98575393],[8.31669937]
[5.40039421],[2.10493981],[9.49259004]
[5.78259824],[2.18444647],[10.3863955]
[6.0865548],[2.25906166],[11.24371622]
[6.33349961],[2.30671596],[12.12173712]
[6.62829494],[2.35649944],[12.88942688]
[7.02998268],[2.3993805],[13.73210809]
[7.31189883],[2.44280015],[14.65319149]
[7.66578103],[2.48854382],[15.54083092]
[7.97867924],[2.56033309],[16.75432904]
[8.2709329],[2.61961812],[17.73973105]
[8.7279746],[2.69038908],[18.96330795]
[8.96894894],[2.74005678],[20.06879766]
[9.43692841],[2.80050715],[21.25536779]
[9.54556997],[2.84142974],[22.19112607]
[10.02126422],[2.87202595],[23.37018893]
[10.15837059],[2.89153391],[24.345875]
[10.55082142],[2.92736359],[25.50092469]
[10.70067165],[2.95153743],[26.36580021]
[11.12136616],[2.97238562],[27.52690155]
[11.23148701],[2.99157341],[28.218725]
[11.60870474],[3.01049332],[29.1936812]
[11.63042957],[3.02688844],[29.52237193]
[11.80532568],[3.05121003],[30.1930454]
[11.87727547],[3.06449414],[30.58687134]
[11.96524459],[3.0741021],[31.00008394]
[12.06943675],[3.08004769],[31.28976872]
[12.09928721],[3.0838883],[31.45848947]
[12.23072154],[3.0810474],[31.68036804]
[12.25670641],[3.07098089],[31.78004081]
[12.30885655],[3.06757196],[31.8907705]
[12.28561599],[3.06305718],[31.83952672]
[12.33551942],[3.05835042],[31.80709082]
[12.32001253],[3.05296895],[31.60103422]
[12.35307484],[3.04752735],[31.43170778]
[12.31921624],[3.04216881],[31.13445011]
[12.35683843],[3.03551997],[30.90920233]
[12.31787681],[3.00377448],[30.50011723]
[12.35120741],[2.96623797],[30.19555891]
[12.32591625],[2.92652412],[29.76449152]
[12.31767389],[2.88456119],[29.34398095]
[12.31015117],[2.84074779],[28.90420085]
[12.31346274],[2.80140429],[28.44138979]
[12.32017341],[2.76552765],[27.94223337]
[12.31404897],[2.72337845],[27.35952667]
[12.30405413],[2.68034135],[26.80678592]
[12.15209586],[2.63946015],[26.20982906]
[11.38658495],[2.60915496],[24.63686778]
[10.55000137],[2.5803221],[22.55814193]
[9.62478565],[2.55070515],[20.28777801]
[1.69656164],[0.84476892],[1.27594772]
[2.55238024],[1.45118702],[3.11500257]
[3.31470857],[1.72206194],[4.94186479]
[4.07494122],[1.80433867],[6.34817686]
[4.7050334],[1.92743949],[7.77118856]
[5.19645184],[2.05523904],[8.81066395]
[5.48050352],[2.1713522],[9.97516189]
[5.98884508],[2.25047966],[10.91493516]
[6.29499677],[2.31889965],[11.9211474]
[6.57533952],[2.3610471],[12.67821975]
[6.91741382],[2.40759533],[13.66015043]
[7.31705409],[2.44776073],[14.65249196]
[7.61585642],[2.50785788],[15.64656488]
[7.92302182],[2.56910897],[16.72147172]
[8.35114607],[2.64336221],[17.91373091]
[8.58845694],[2.71668185],[19.02346097]
[9.10295784],[2.82025535],[20.29887997]
[9.2688699],[2.86415295],[21.34058469]
[9.76332558],[2.90375545],[22.65611717]
[9.85874809],[2.93390408],[23.49761086]
[10.28798018],[2.96801704],[24.85802253]
[10.48024043],[2.99814908],[25.86044831]
[10.8363639],[3.02857449],[27.15270109]
[11.0047919],[3.0467452],[28.09221809]
[11.41771846],[3.0641852],[29.31040272]
[11.56624891],[3.08003759],[30.07009853]
[11.89662786],[3.10315259],[31.08571958]
[12.01231963],[3.12191516],[31.5912621]
[12.12870974],[3.14484847],[32.24786439]
[12.23006276],[3.1534549],[32.73069588]
[12.28986609],[3.16098829],[33.10917693]
[12.39531417],[3.16978838],[33.45596086]
[12.45169606],[3.18581294],[33.65054935]
[12.5480353],[3.19584326],[33.92161742]
[12.6110326],[3.20597108],[34.10367181]
[12.62780984],[3.20010754],[34.26763769]
[12.64182806],[3.1970629],[34.31196688]
[12.64855284],[3.19103031],[34.31564617]
[12.66207869],[3.18517139],[34.14435139]
[12.66022161],[3.18055964],[33.951705]
[12.6668736],[3.17564962],[33.67933305]
[12.66268825],[3.1711992],[33.43504413]
[12.66981415],[3.16543362],[33.09085222]
[12.66339982],[3.15177681],[32.75072985]
[12.67463255],[3.09850644],[32.30004109]
[12.64548282],[3.03943031],[31.80716335]
[12.64211571],[2.98824501],[31.33548803]
[12.64195418],[2.93893572],[30.85811105]
[12.64434256],[2.89810717],[30.35946423]
[12.64753426],[2.85574409],[29.74891297]
[12.65108146],[2.81288144],[29.14958556]
[12.47141273],[2.77368429],[28.50629067]
[11.72380377],[2.7354802],[26.83092623]
[10.95276732],[2.69974554],[24.62908217]
[10.08422932],[2.66179834],[22.2544767]
[1.68698534],[0.87285854],[1.30546059]
[2.56062728],[1.4966657],[3.27511115]
[3.32221232],[1.74464457],[5.09440648]
[4.08232052],[1.82625076],[6.55124421]
[4.81439572],[1.98216175],[8.16317638]
[5.30381084],[2.12222236],[9.30753019]
[5.55295627],[2.2314769],[10.41438108]
[6.16277487],[2.3098653],[11.49472494]
[6.46499463],[2.37176939],[12.48017471]
[6.8930487],[2.41102147],[13.33791444]
[7.21140385],[2.45438512],[14.53582785]
[7.58034709],[2.50926739],[15.50701359]
[7.90860232],[2.57877806],[16.76443257]
[8.16467027],[2.6417569],[17.76519378]
[8.73022859],[2.73897203],[19.13225608]
[8.95018024],[2.82832306],[20.25878256]
[9.42348504],[2.90002865],[21.50719754]
[9.57485921],[2.93916615],[22.59762692]
[10.03916681],[2.97422402],[23.89576579]
[10.17845889],[3.00255094],[24.90849717]
[10.55640166],[3.03455595],[26.27481916]
[10.76017169],[3.06274411],[27.36899465]
[11.13206738],[3.0909572],[28.7717044]
[11.2847493],[3.11488484],[29.69451997]
[11.68409782],[3.14200921],[31.0088226]
[11.88294044],[3.16881492],[31.8654372]
[12.19823864],[3.18716278],[32.96929366]
[12.32751682],[3.21145697],[33.58060075]
[12.47782821],[3.25386784],[34.20887322]
[12.5534666],[3.28804628],[34.77144892]
[12.63814343],[3.31210663],[35.26751434]
[12.71303251],[3.32595014],[35.71640871]
[12.80821618],[3.34287517],[35.97023622]
[12.86137906],[3.35270663],[36.21430662]
[12.95852114],[3.3569165],[36.39424123]
[12.93095926],[3.35557214],[36.5454573]
[12.97940056],[3.35379899],[36.61966349]
[12.94715803],[3.34799058],[36.61400446]
[12.99604598],[3.34300912],[36.50422496]
[12.96233876],[3.3386154],[36.31358149]
[13.00872423],[3.33420165],[36.09203282]
[12.96136895],[3.33032249],[35.82664813]
[13.01376912],[3.32430497],[35.51295187]
[12.96624499],[3.31477489],[35.16553519]
[13.01928693],[3.27221583],[34.80010928]
[12.96915559],[3.21987578],[34.32322858]
[12.96688932],[3.169104],[33.84732104]
[12.96718455],[3.11225168],[33.31142363]
[12.96470886],[3.05179598],[32.74420693]
[12.96933739],[2.98948876],[32.12136508]
[12.9742389],[2.94108609],[31.49084941]
[12.76316978],[2.90199379],[30.77263185]
[12.02005063],[2.86165116],[29.02154794]
[11.2767221],[2.82365225],[26.72815372]
[10.4535503],[2.78480133],[24.27251253]
[1.69768529],[0.8883974],[1.35545042]
[2.56747862],[1.53083016],[3.38344721]
[3.32878077],[1.76653528],[5.2048756]
[4.08846316],[1.84869078],[6.72205667]
[4.89580019],[2.04485467],[8.54547516]
[5.39182691],[2.17872545],[9.71042305]
[5.63184075],[2.28550522],[10.79819965]
[6.2757611],[2.35998594],[11.99278604]
[6.66364628],[2.41862473],[12.99997679]
[7.16463739],[2.4552334],[14.08345341]
[7.48265875],[2.51328898],[15.24785579]
[7.82741448],[2.57929254],[16.48017831]
[8.25082057],[2.65283287],[17.81474991]
[8.49272635],[2.73078225],[18.92309029]
[9.03756477],[2.83775841],[20.31597203]
[9.20849042],[2.90132163],[21.33107397]
[9.68671125],[2.96701224],[22.73987969]
[9.8303834],[3.00513292],[23.6901402]
[10.25418129],[3.03820939],[25.16713998]
[10.44365052],[3.06488391],[26.2025137]
[10.784184],[3.1024732],[27.63166865]
[10.99002046],[3.13818849],[28.84577081]
[11.36902323],[3.17630187],[30.30912505]
[11.5404645],[3.2050342],[31.26576403]
[11.89850903],[3.23400576],[32.62885354]
[12.14393468],[3.26488597],[33.66699923]
[12.4523914],[3.30872573],[34.80354548]
[12.60408529],[3.34381796],[35.54035277]
[12.80779674],[3.38042578],[36.29134495]
[12.84094189],[3.41043788],[36.86267485]
[12.96174457],[3.43249342],[37.44884459]
[13.0102225],[3.45626242],[37.84441871]
[13.15755076],[3.4848678],[38.20078894]
[13.22999568],[3.49956558],[38.463101]
[13.33468754],[3.50822513],[38.79916665]
[13.35451193],[3.51464267],[39.13105903]
[13.38142539],[3.50948906],[39.40790588]
[13.3777886],[3.50304349],[39.49420181]
[13.39898141],[3.49594488],[39.41566493]
[13.39774368],[3.48955649],[39.13987184]
[13.41304303],[3.48327383],[38.87629837]
[13.40164986],[3.47717714],[38.53076811]
[13.41508461],[3.47074963],[38.15347064]
[13.40886082],[3.44763169],[37.76766082]
[13.41962107],[3.41094933],[37.3533402]
[13.41838919],[3.36128589],[36.83605763]
[13.40119104],[3.31744972],[36.36363551]
[13.40658824],[3.27176347],[35.86349263]
[13.40956156],[3.22377836],[35.30485508]
[13.41567346],[3.1680093],[34.66139314]
[13.42362746],[3.10765603],[34.03003699]
[13.2157957],[3.04169854],[33.29015972]
[12.47433436],[2.98394987],[31.4613265]
[11.73547973],[2.94434665],[29.05895276]
[10.98210652],[2.90295278],[26.51284721]
[1.72532091],[0.91949954],[1.9150411]
[2.57572179],[1.57587924],[3.53213567]
[3.33677295],[1.78772463],[5.34793568]
[4.09260844],[1.88889621],[6.97082314]
[5.03680281],[2.11935018],[8.99083442]
[5.47395517],[2.24219896],[10.18085257]
[5.94230558],[2.34482075],[11.32651048]
[6.3659522],[2.41096432],[12.53149264]
[6.94446493],[2.46566887],[13.73305668]
[7.38206829],[2.51521196],[14.90107988]
[7.76834833],[2.58476676],[16.21593681]
[8.06649416],[2.6537211],[17.55047739]
[8.59420036],[2.75007867],[18.94310574]
[8.88592356],[2.83009482],[20.18082426]
[9.3577166],[2.91165548],[21.48655188]
[9.50578553],[2.97138862],[22.62737665]
[9.97324543],[3.03132851],[23.97115831]
[10.14047097],[3.07057923],[25.08587703]
[10.51909405],[3.11016074],[26.57315793]
[10.72414378],[3.14239078],[27.68773897]
[11.08320996],[3.17953016],[29.21168275]
[11.2552648],[3.21248141],[30.3634316]
[11.64821659],[3.24551632],[31.93730703]
[11.8335236],[3.29013041],[32.91124367]
[12.16838198],[3.33491925],[34.37779021]
[12.40951657],[3.37090222],[35.42693555]
[12.7460077],[3.41396041],[36.61864079]
[12.923089],[3.45435282],[37.46941685]
[13.16653058],[3.49777806],[38.38431181]
[13.26144675],[3.52754355],[38.97441841]
[13.36279148],[3.56611408],[39.70507356]
[13.47930234],[3.60086682],[40.3563586]
[13.57241965],[3.63318538],[40.91648272]
[13.72186091],[3.65120274],[41.4958237]
[13.84024018],[3.66464212],[42.01182213]
[13.91708274],[3.67308052],[42.51116359]
[13.91731326],[3.66850115],[43.04227353]
[13.97298389],[3.66102867],[43.41986639]
[13.94215443],[3.64971765],[43.54668544]
[13.960021],[3.64236752],[43.41610622]
[13.93760931],[3.63510831],[42.8959537]
[13.96690735],[3.62789697],[42.22695066]
[13.93970554],[3.62027855],[41.66083499]
[13.97318636],[3.60234613],[41.13499488]
[13.95492778],[3.56609537],[40.6116235]
[13.98812429],[3.51221848],[40.11766522]
[13.9779334],[3.45942784],[39.53990236]
[13.97460086],[3.40824992],[39.00023572]
[13.98256664],[3.3626079],[38.42409117]
[13.99362954],[3.31508464],[37.77082753]
[14.00663668],[3.26511583],[37.12983496]
[13.77865879],[3.21044014],[36.33032528]
[13.09169819],[3.14644009],[34.30379463]
[12.36853331],[3.08138015],[31.86954447]
[11.57612668],[3.01972783],[29.22659736]
[2.19854567],[0.99512928],[2.94578866]
[2.58313523],[1.61844275],[3.67016701]
[3.39905136],[1.80657231],[5.47761609]
[4.12932127],[1.93473911],[7.20979621]
[5.08639171],[2.18371627],[9.362628]
[5.60904367],[2.30144864],[10.65686413]
[6.20274425],[2.39722535],[11.95065179]
[6.70862254],[2.45708708],[13.11194052]
[7.14042452],[2.53429103],[14.63372123]
[7.60606432],[2.59502778],[15.77163112]
[8.03923254],[2.67190971],[17.41901134]
[8.31736411],[2.76808193],[18.63929988]
[8.93503067],[2.85227454],[20.22914356]
[9.17132143],[2.91621944],[21.36188721]
[9.66785543],[2.99120822],[22.88215954]
[9.80311465],[3.04569879],[23.86393868]
[10.24277381],[3.10438777],[25.35558664]
[10.44626236],[3.14619658],[26.54161671]
[10.78360332],[3.18251268],[28.0666281]
[11.00516114],[3.21227802],[29.2654727]
[11.37246753],[3.26698486],[30.85731022]
[11.55154889],[3.32057694],[32.00284833]
[11.89796667],[3.36487556],[33.64723521]
[12.14096782],[3.40108656],[34.70349455]
[12.43876489],[3.44728252],[36.17796773]
[12.68170382],[3.49208036],[37.22416541]
[13.03986258],[3.54211437],[38.65873498]
[13.25408647],[3.58350783],[39.48570945]
[13.56526717],[3.63091421],[40.62686504]
[13.75562167],[3.66922008],[41.53263285]
[13.81219883],[3.71540861],[42.44478583]
[14.02020662],[3.76405175],[43.34465406]
[14.17018888],[3.7862017],[44.16961956]
[14.32944842],[3.8074253],[45.12596706]
[14.53437323],[3.82681835],[46.04854359]
[14.58911967],[3.84289862],[46.69900911]
[14.64727025],[3.84064962],[47.26839055]
[14.72988994],[3.84988283],[47.86273961]
[14.74868607],[3.83518522],[48.17180603]
[14.6847139],[3.81727933],[48.12285013]
[14.68333216],[3.80324363],[47.90623321]
[14.64736032],[3.79372002],[47.39941758]
[14.68818461],[3.7832829],[46.68992213]
[14.65133075],[3.77381503],[46.06462597]
[14.69432359],[3.75014987],[45.53609084]
[14.66492194],[3.72515679],[44.94001109]
[14.70946389],[3.65404999],[44.27974601]
[14.69100553],[3.56823131],[43.47588088]
[14.68994011],[3.50859047],[42.72513783]
[14.70413283],[3.45302265],[41.96638734]
[14.72004032],[3.39909864],[41.17821071]
[14.48309043],[3.35161558],[40.26202241]
[14.11851484],[3.29676735],[38.15795764]
[13.41067564],[3.24247758],[35.57383659]
[12.70300901],[3.18469751],[32.76591587]
[2.77960068],[1.15650326],[4.0061226]
[2.58700003],[1.65662166],[3.7958821]
[3.48110116],[1.82513779],[5.62443858]
[4.17741413],[2.01586827],[7.49383116]
[5.14192397],[2.2467068],[9.73159135]
[5.65709097],[2.35651542],[11.12484976]
[6.36882498],[2.43908512],[12.58101785]
[6.99571211],[2.50997598],[13.84927718]
[7.37424242],[2.6085875],[15.40985571]
[7.85185549],[2.67445498],[16.77311412]
[8.32389715],[2.77536004],[18.44587832]
[8.63158004],[2.85163754],[19.8032388]
[9.22369797],[2.92833384],[21.36692289]
[9.4577746],[2.9884099],[22.59171709]
[9.9733622],[3.05646325],[24.14913957]
[10.12066766],[3.11123219],[25.22636618]
[10.51493688],[3.17537071],[26.81137223]
[10.74244586],[3.21564247],[28.06939838]
[11.07634757],[3.24937135],[29.70831386]
[11.28062859],[3.31580138],[30.86762449]
[11.64386838],[3.39628271],[32.65465482]
[11.8598767],[3.44124519],[33.79188769]
[12.14340302],[3.48893357],[35.4425218]
[12.42050051],[3.53052226],[36.65777694]
[12.70287362],[3.58961087],[38.12166307]
[12.95227502],[3.62775314],[39.37519291]
[13.31029472],[3.68619761],[40.78442506]
[13.64648137],[3.72377228],[41.83956036]
[14.01221953],[3.7807146],[43.30851296]
[14.29011916],[3.82221757],[44.50892437]
[14.5245183],[3.87734673],[45.74509565]
[14.64648541],[3.93779275],[47.0235003]
[14.84025491],[3.96595693],[48.21942086]
[15.00679216],[4.00090367],[49.3168599]
[15.15819805],[4.01533237],[50.34578852]
[15.34937901],[4.03748564],[51.29331971]
[15.31869178],[4.0440267],[51.89120699]
[15.55701964],[4.05557566],[52.55610297]
[15.66271149],[4.04982449],[53.21702014]
[15.66154006],[4.03835045],[53.60380903]
[15.67553072],[4.02859877],[53.63409493]
[15.66071856],[4.01627114],[53.42023333]
[15.666222],[4.00230775],[52.83061]
[15.63223208],[3.9903589],[52.23847804]
[15.65244197],[3.97822277],[51.58877405]
[15.62112807],[3.96106459],[50.95170339]
[15.64919717],[3.89114895],[50.27037158]
[15.60529722],[3.79918288],[49.52583588]
[15.64923473],[3.71337923],[48.69710467]
[15.60628698],[3.62889407],[47.83455116]
[15.60518672],[3.55702777],[47.0506291]
[15.59877872],[3.50357373],[46.10405785]
[15.17179609],[3.44551277],[43.72939168]
[14.46432379],[3.39213638],[40.48448633]
[13.75634701],[3.34407155],[37.4339294]
[3.62878759],[1.3608632],[5.58129719]
[2.58964285],[1.68954522],[4.28695726]
[3.46123257],[1.84465258],[5.70563947]
[4.1655131],[2.08015583],[7.71112287]
[5.16727468],[2.3007927],[10.04307391]
[5.74983542],[2.39971928],[11.50926467]
[6.51143086],[2.47394941],[13.11321191]
[7.12932902],[2.57599354],[14.60754729]
[7.64028075],[2.68612142],[16.21761363]
[8.02541337],[2.77005472],[17.74589183]
[8.5279189],[2.85359248],[19.3766017]
[8.93035267],[2.92525486],[20.88840376]
[9.44513571],[2.99738949],[22.44867906]
[9.69732413],[3.04977126],[23.71753037]
[10.18129633],[3.11769786],[25.34764055]
[10.37286159],[3.17754498],[26.60293503]
[10.72924708],[3.24123081],[28.23598296]
[10.95389973],[3.2778743],[29.52145636]
[11.31009329],[3.36144004],[31.27886426]
[11.48343942],[3.45240967],[32.44127226]
[11.85386328],[3.52531306],[34.29857917]
[12.09131227],[3.56181436],[35.58570898]
[12.35584156],[3.62738897],[37.21592374]
[12.61947448],[3.66398356],[38.49009919]
[12.93743242],[3.72429983],[40.16894437]
[13.20179619],[3.76445949],[41.41143831]
[13.56160491],[3.8209522],[42.9366877]
[13.96693584],[3.86271828],[44.45079564]
[14.43937762],[3.92185796],[46.1905149]
[14.77419974],[3.97104459],[47.82959079]
[15.0643038],[4.03986622],[49.48041078]
[15.28962238],[4.09662221],[50.77876581]
[15.42580073],[4.12348301],[52.10827734]
[15.60788153],[4.16104221],[53.35447003]
[15.78755006],[4.17797188],[54.46707917]
[15.93456325],[4.19917188],[55.64552805]
[16.16385035],[4.21339731],[56.69406151]
[16.44041178],[4.22493561],[57.66249453]
[16.69116566],[4.2303543],[58.74337277]
[16.80283175],[4.22592095],[59.5916697]
[16.75902772],[4.21417854],[60.11619201]
[16.81046949],[4.20466973],[60.33344958]
[16.76774262],[4.19450454],[60.2042522]
[16.79252408],[4.18572674],[59.71864901]
[16.74668115],[4.17497046],[59.07915534]
[16.77340361],[4.1434078],[58.36747031]
[16.7203492],[4.0992335],[57.52136948]
[16.73762048],[4.0373736],[56.75941981]
[16.71990861],[3.96801295],[55.87881712]
[16.73034374],[3.8841182],[54.92515834]
[16.72891163],[3.79104745],[53.9528247]
[16.69915275],[3.70011369],[52.78093699]
[16.20341274],[3.61287666],[50.41170691]
[15.74102239],[3.54069353],[47.56137685]
[15.36136657],[3.48673206],[44.16865758]
[5.10305816],[1.55795416],[7.9093009]
[3.21830669],[1.72901169],[6.09438202]
[3.54771224],[1.87654553],[5.89679397]
[4.2149352],[2.15588153],[8.02940582]
[5.25308248],[2.35747285],[10.41553334]
[5.82575274],[2.44201917],[11.96641846]
[6.78717326],[2.53690956],[13.74474129]
[7.17548303],[2.65125222],[15.42645943]
[7.84144669],[2.77802029],[17.31252074]
[8.22605896],[2.85076524],[18.69919731]
[8.82772251],[2.92931881],[20.59391221]
[9.17228261],[2.99673138],[21.96155838]
[9.71261557],[3.05669901],[23.70391601]
[9.95648111],[3.11007681],[24.89005814]
[10.44682031],[3.18601899],[26.81845521]
[10.69023413],[3.24383865],[28.09007398]
[11.00317969],[3.30594236],[29.82857524]
[11.23792521],[3.37534335],[31.13060283]
[11.57200464],[3.48740521],[33.01673087]
[11.78972223],[3.56896879],[34.289168]
[12.09030532],[3.65740183],[36.07092018]
[12.38494266],[3.69419021],[37.60580634]
[12.63974561],[3.75429768],[39.18185542]
[12.8873413],[3.78804543],[40.63134168]
[13.21293741],[3.84587701],[42.30002069]
[13.53548814],[3.8873431],[43.67211569]
[13.90252083],[3.9435368],[45.46102178]
[14.34473073],[3.9933444],[47.16642591]
[14.87033218],[4.06362656],[49.62182331]
[15.31427918],[4.12210784],[51.39100555]
[15.63983133],[4.18596616],[53.25562904]
[15.89096359],[4.24308085],[54.68494881]
[16.11154743],[4.2839043],[56.11189461]
[16.25734814],[4.330172],[57.52273691]
[16.46759577],[4.35553733],[58.9725037]
[16.77117077],[4.38072904],[60.48942939]
[17.0349105],[4.40170072],[61.98364051]
[17.34175034],[4.41981116],[63.40234976]
[17.66975951],[4.43035961],[64.68509278]
[17.84681219],[4.41979538],[65.75274746]
[17.91266149],[4.40775576],[66.54163001]
[17.91679986],[4.39669819],[67.08156732]
[17.92553747],[4.38512196],[67.37913344]
[17.92419754],[4.37430086],[67.17825281]
[17.90361873],[4.36392153],[66.61304665]
[17.90506984],[4.33003488],[65.94324224]
[17.87178827],[4.29191868],[65.2001495]
[17.88361686],[4.23662445],[64.4531117]
[17.84564971],[4.15366838],[63.69293863]
[17.87287936],[4.08004052],[62.85241537]
[17.83471632],[4.01679319],[61.92372687]
[17.86968862],[3.9413468],[60.7286978]
[17.29559549],[3.84562941],[58.0267883]
[17.08407472],[3.75108881],[54.66290579]
[16.49669218],[3.65862142],[51.24083808]
[8.50267384],[1.77747627],[12.70369763]
[4.26081245],[1.76161694],[9.63387443]
[3.67192763],[1.92054963],[7.58668211]
[4.28166189],[2.21297365],[8.34374509]
[5.28316123],[2.41542813],[10.74647904]
[5.89289511],[2.50164045],[12.40521992]
[6.83561022],[2.6227849],[14.40995624]
[7.44347554],[2.7468098],[16.32858748]
[8.11644817],[2.87289892],[18.40359709]
[8.48552874],[2.93817003],[19.84201682]
[9.08758704],[3.0063562],[21.74614761]
[9.41281816],[3.06098596],[23.20205178]
[9.99372733],[3.12349094],[24.98309007]
[10.24222888],[3.18301955],[26.37001115]
[10.73358173],[3.25447269],[28.34151097]
[10.95503114],[3.30972786],[29.61796059]
[11.28023108],[3.40815973],[31.53889466]
[11.51393402],[3.50012861],[33.00030769]
[11.83782852],[3.59737654],[34.8430857]
[12.08725955],[3.67876714],[36.24043142]
[12.35233849],[3.7711312],[38.06407891]
[12.65278802],[3.8093958],[39.60039548]
[12.92752035],[3.86463174],[41.30870723]
[13.16505659],[3.90406231],[42.73114085]
[13.50412483],[3.96017132],[44.48066074]
[13.88292488],[4.01582752],[46.26545199]
[14.33713704],[4.08587842],[48.34290871]
[14.75489633],[4.14043405],[50.44191199]
[15.26101074],[4.20844995],[52.82697608]
[15.7116911],[4.26779243],[54.91371777]
[16.20633075],[4.33439332],[57.0073453]
[16.49696859],[4.39199132],[58.81767451]
[16.70682641],[4.4400774],[60.47902584]
[16.97557444],[4.49145431],[62.08534206]
[17.271192],[4.52530381],[63.90336173]
[17.64193101],[4.55190357],[65.784091]
[17.96437495],[4.57901387],[67.44487818]
[18.26965407],[4.60009777],[69.04730485]
[18.54959263],[4.61268231],[70.55233833]
[18.84026462],[4.6421833],[71.92771625]
[19.05062289],[4.63949926],[73.03394758]
[19.03005175],[4.62790766],[73.91640813]
[19.08078334],[4.61972198],[74.70008181]
[19.04806235],[4.60846197],[75.05135111]
[19.09400364],[4.59716656],[75.02908786]
[19.04245393],[4.58468064],[74.66341613]
[19.0557093],[4.56792487],[73.8179675]
[19.015225],[4.4915652],[72.98288113]
[19.03086542],[4.39508212],[72.06802996]
[18.99405949],[4.33891749],[71.13080387]
[18.99998602],[4.27459414],[70.10342508]
[18.9752385],[4.18184484],[68.80847419]
[18.50658744],[4.10482979],[66.14310042]
[18.34039701],[4.0446897],[62.99697106]
[17.60069226],[3.94143069],[59.40075516]
[9.82415984],[2.23984966],[17.73803049]
[8.7809323],[1.87672086],[14.50032485]
[5.5268229],[1.66351352],[11.24680912]
[4.36705862],[1.90671093],[8.54940681]
[5.31455152],[2.08626664],[9.79534204]
[5.96154854],[2.22042945],[11.5054047]
[6.87401174],[2.40710577],[13.66214424]
[7.5423508],[2.536215],[15.68126304]
[8.30842563],[2.63814641],[17.78802493]
[8.75615949],[2.71499925],[19.37812686]
[9.26708611],[2.80653658],[21.12136631]
[9.71548049],[2.9057856],[22.71777708]
[10.20987293],[2.98033442],[24.54795473]
[10.54636695],[3.0326626],[25.97626292]
[10.94010845],[3.15397618],[27.95609261]
[11.22591709],[3.23675564],[29.47309998]
[11.55808252],[3.33480302],[31.41270807]
[11.78528158],[3.39871004],[32.90036762]
[12.07965003],[3.50564148],[34.62688573]
[12.38228168],[3.58791883],[36.23822904]
[12.62948108],[3.66342144],[37.89364994]
[12.91299256],[3.73768475],[39.51777817]
[13.2151399],[3.80743566],[41.23426976]
[13.4874963],[3.87006177],[42.69328158]
[13.82437464],[3.93392663],[44.76659584]
[14.27985268],[3.9951546],[46.8340823]
[14.75838074],[4.0636369],[49.32763935]
[15.19406783],[4.12319359],[51.30151449]
[15.68378431],[4.19254049],[53.86150924]
[16.1063623],[4.25070277],[55.92003633]
[16.59084248],[4.32086957],[58.3802406]
[17.0384694],[4.37685503],[60.47148268]
[17.44863116],[4.43420041],[62.61658947]
[17.79353301],[4.49367585],[64.72486467]
[18.13447657],[4.55381344],[66.66628993]
[18.50196467],[4.59325044],[68.72625571]
[18.81967993],[4.63343008],[70.54425915]
[19.14356781],[4.67541863],[72.24025968]
[19.47609011],[4.71685436],[74.10071902]
[19.75556615],[4.7474255],[75.62832861]
[19.99955643],[4.7512278],[77.14673818]
[20.17048331],[4.75939581],[78.46170963]
[20.19215171],[4.77252416],[79.47349899]
[20.21139047],[4.76882891],[80.30933544]
[20.22128927],[4.75793473],[80.78889809]
[20.22683262],[4.73861951],[80.90227554]
[20.21321634],[4.71552653],[80.55000824]
[20.18092004],[4.68830656],[79.78169987]
[20.1894863],[4.66250136],[78.77439645]
[20.15138089],[4.63430673],[77.69551577]
[20.1678501],[4.59933146],[76.57918173]
[20.0772137],[4.55582568],[75.02006655]
[19.58607834],[4.47681075],[72.29660995]
[19.29232516],[4.36794228],[69.18639877]
[18.52644943],[4.24418648],[65.92240417]
[11.03973871],[2.57576467],[22.0417941]
[9.97094151],[2.34368836],[18.58657317]
[8.51651157],[1.98694082],[14.01921389]
[7.11945876],[1.59592818],[10.75537935]
[5.32825903],[1.35857013],[7.0611858]
[5.9892012],[1.51728289],[7.45001398]
[6.88568024],[1.7299562],[9.24323843]
[7.55924708],[1.84295221],[10.77320543]
[8.44581671],[1.93202593],[12.41083192]
[8.95190126],[2.00443121],[13.50782466]
[9.48678163],[2.11309749],[15.17354606]
[9.86689797],[2.21809527],[16.38383807]
[10.37958461],[2.29680054],[18.25027247]
[10.7481215],[2.38772166],[19.34682104]
[11.16218591],[2.50477797],[21.40970794]
[11.48154346],[2.56759731],[22.7602901]
[11.79019143],[2.64946557],[24.47629368]
[12.04749357],[2.73374971],[25.87118869]
[12.31214257],[2.84059307],[27.52737379]
[12.59509701],[2.90121655],[28.85906709]
[12.85626941],[3.01924586],[30.45100441]
[13.11534423],[3.11041527],[31.87988763]
[13.4422335],[3.19212149],[33.46957835]
[13.76904181],[3.25329675],[35.05921992]
[14.170644],[3.31854016],[37.07642489]
[14.60286195],[3.37981014],[39.0705546]
[15.07593669],[3.44853386],[41.11660244]
[15.53347548],[3.50583123],[43.12636798]
[16.04243773],[3.57557996],[45.30118452]
[16.46079912],[3.63152956],[47.32679726]
[16.91467654],[3.70188524],[49.58560638]
[17.3974252],[3.75728965],[51.8279403]
[17.93332957],[3.82201018],[54.05574724]
[18.48285774],[3.89342175],[56.30429229]
[18.87093907],[3.95019308],[58.3280417]
[19.20060005],[3.98509522],[60.30259875]
[19.55729529],[4.02097614],[62.29274146]
[19.98229262],[4.05844442],[64.10623448]
[20.32623529],[4.0945564],[66.02574543]
[20.61485522],[4.11890264],[67.81031663]
[20.92157683],[4.16664597],[69.44830551]
[21.15724196],[4.20798388],[71.07482572]
[21.2936286],[4.24501452],[72.4818734]
[21.33047043],[4.24245181],[73.48132274]
[21.32065385],[4.2349563],[74.13332211]
[21.36673262],[4.22416661],[74.39281798]
[21.33509538],[4.20160409],[74.28085974]
[21.3549701],[4.17312212],[73.75027738]
[21.28761889],[4.14037521],[72.84402619]
[21.31023469],[4.11340393],[71.75400776]
[21.26012976],[4.07768019],[70.65760378]
[21.1248311],[4.04847722],[69.19813046]
[20.5580703],[4.01482069],[66.98504583]
[20.06640016],[3.97517338],[64.3360483]
[19.34609316],[3.8921587],[61.41974038]
