meltWidth,meltDepth,meltArea
[0.83385696],[0.1963812],[0.08079734]
[1.05301871],[0.25035067],[0.13048384]
[1.21561847],[0.31158329],[0.19333876]
[1.32939791],[0.32081102],[0.22792947]
[1.48820645],[0.36999215],[0.30363485]
[1.6412557],[0.38078797],[0.36582695]
[1.73389024],[0.40943592],[0.43131376]
[1.84941944],[0.39186257],[0.46209318]
[1.86722655],[0.40815157],[0.48009287]
[1.89452334],[0.38482824],[0.49059993]
[1.84991062],[0.40040398],[0.49499761]
[1.91386653],[0.38559463],[0.49356288]
[1.91920324],[0.40639815],[0.52455086]
[1.99001626],[0.40705178],[0.52722007]
[1.99491854],[0.41699098],[0.55907655]
[2.0834691],[0.41925388],[0.56658942]
[2.04520648],[0.41809192],[0.58279007]
[2.14707056],[0.43216171],[0.58581158]
[2.06528709],[0.43751909],[0.59987368]
[2.19339523],[0.44738081],[0.61061599]
[2.06418853],[0.4412181],[0.5973769]
[2.17554847],[0.44635445],[0.60312546]
[2.06645898],[0.44144688],[0.5988274]
[2.15393782],[0.44574734],[0.59949101]
[2.08599326],[0.43619629],[0.59300548]
[2.11893952],[0.43575708],[0.56966773]
[2.025481],[0.41347966],[0.55227566]
[2.02616717],[0.42456808],[0.52489058]
[1.92280967],[0.35842098],[0.46976249]
[1.83666692],[0.3312472],[0.39360173]
[1.72536499],[0.29910993],[0.33440748]
[1.55725862],[0.21813052],[0.23684705]
[1.3085253],[0.16290785],[0.15708234]
[1.07566831],[0.09851615],[0.08550339]
[0.85069396],[0.03667144],[0.02333164]
[0.],[0.],[0.]
[0.],[0.],[0.]
[0.],[0.],[0.]
[0.],[0.],[0.]
[0.],[0.],[0.]
[0.],[0.],[0.]
[0.],[0.],[0.]
[0.],[0.],[0.]
[0.],[0.],[0.]
[0.],[0.],[0.]
[0.],[0.],[0.]
[0.],[0.],[0.]
[0.],[0.],[0.]
[0.],[0.],[0.]
[0.],[0.],[0.]
[0.],[0.],[0.]
[0.],[0.],[0.]
[0.],[0.],[0.]
[0.],[0.],[0.]
[0.],[0.],[0.]
[1.33077094],[0.3180204],[0.28839421]
[1.79747503],[0.3490078],[0.41456426]
[1.91702861],[0.54270456],[0.67173247]
[2.06987644],[0.5186822],[0.76408692]
[2.13032314],[0.62556445],[0.91879814]
[2.2414021],[0.63604186],[0.99817328]
[2.2603809],[0.69568488],[1.07147739]
[2.43231935],[0.69593533],[1.14847297]
[2.31678222],[0.74104626],[1.15134754]
[2.53620684],[0.73803844],[1.25891469]
[2.38667977],[0.76892649],[1.20533624]
[2.62924409],[0.77267638],[1.34093874]
[2.4944654],[0.80392921],[1.26485321]
[2.69151799],[0.81141767],[1.39576017]
[2.57252334],[0.84464385],[1.32477045]
[2.74321118],[0.86879174],[1.47437091]
[2.63283594],[0.92827372],[1.45017117]
[2.77043882],[0.92143927],[1.61946453]
[2.6614485],[0.99824455],[1.64621383]
[2.78657582],[0.98645545],[1.81717829]
[2.65845927],[1.03781478],[1.83324959]
[2.79799928],[1.04590995],[1.95483197]
[2.68988304],[1.07385401],[1.94991912]
[2.8036556],[1.07541865],[2.04835194]
[2.70934801],[1.10439673],[2.01557817]
[2.79425142],[1.1012963],[2.14551949]
[2.70228754],[1.12808871],[2.08866134]
[2.75232193],[1.12089132],[2.22159779]
[2.65610042],[1.15067659],[2.15743384]
[2.66704978],[1.13410738],[2.27531834]
[2.63593978],[1.1489381],[2.27487167]
[2.59416976],[1.13867218],[2.29826556]
[2.47011206],[1.13011433],[2.22739447]
[2.23840196],[1.12190651],[2.12933553]
[2.04882514],[1.11655311],[2.04429581]
[2.07753342],[1.10621041],[1.97954143]
[2.1057022],[1.08979179],[1.92324048]
[2.12680809],[1.07598481],[1.86738089]
[2.14414779],[1.06089801],[1.80432263]
[2.16549307],[1.04010949],[1.73129717]
[2.17124973],[1.00475696],[1.62473646]
[2.17290055],[0.96121231],[1.47269359]
[2.17368117],[0.85017963],[1.31374196]
[2.17274889],[0.77627068],[1.20083562]
[2.16863898],[0.72064658],[1.11384711]
[2.16498553],[0.67383962],[1.05231576]
[2.16013505],[0.63218823],[0.99474025]
[2.15895015],[0.59150924],[0.94250352]
[2.16067073],[0.56414075],[0.90215909]
[2.16124042],[0.54298651],[0.86913765]
[2.16543043],[0.52256325],[0.8377812]
[2.1689902],[0.51307062],[0.81435545]
[2.17037264],[0.50360193],[0.79556249]
[0.],[0.],[0.]
[0.],[0.],[0.]
[1.4204861],[0.31804739],[0.32717231]
[2.06493495],[0.46105039],[0.66350788]
[2.15879054],[0.60237284],[0.91544324]
[2.33611611],[0.66776982],[1.07885734]
[2.47325046],[0.75075024],[1.25011839]
[2.69903398],[0.78636234],[1.3612252]
[2.84082566],[0.80836182],[1.42660286]
[2.93255966],[0.83094752],[1.53371018]
[2.92389169],[0.84627883],[1.54530613]
[2.98532646],[0.84293308],[1.66003978]
[2.9858351],[0.86538089],[1.62258608]
[3.03197843],[0.8656607],[1.73548745]
[3.06361911],[0.89742086],[1.74727038]
[3.11587431],[0.94321995],[1.89522768]
[3.15604376],[1.06366659],[2.01821203]
[3.20527208],[1.0894367],[2.11861054]
[3.23116196],[1.12154275],[2.17615211]
[3.30056592],[1.15037115],[2.26833915]
[3.31805663],[1.17984921],[2.32970155]
[3.40548831],[1.20177471],[2.40816196]
[3.39805266],[1.21927248],[2.44109908]
[3.48393878],[1.23232985],[2.49680794]
[3.44069025],[1.2537768],[2.5241731]
[3.49461882],[1.26854431],[2.55926864]
[3.41821792],[1.28624375],[2.57749739]
[3.46355157],[1.30181797],[2.56874581]
[3.38168768],[1.314498],[2.60015659]
[3.43215619],[1.32498544],[2.63910555]
[3.36135569],[1.33980653],[2.64790428]
[3.37792335],[1.34774647],[2.77997425]
[3.3216744],[1.36359477],[2.81717982]
[3.25632491],[1.35974446],[2.85398377]
[3.19061768],[1.35875446],[2.84969646]
[3.10510617],[1.35556266],[2.82637597]
[3.01931878],[1.34982451],[2.81486734]
[2.96339025],[1.34334444],[2.81090408]
[2.7361294],[1.33408544],[2.74998606]
[2.3813163],[1.3238294],[2.64372768]
[2.37780137],[1.31303612],[2.49681361]
[2.39742769],[1.29199847],[2.34955667]
[2.39766167],[1.26206092],[2.24503802]
[2.38478209],[1.23063195],[2.11802918]
[2.37326717],[1.19548361],[1.98894573]
[2.36385433],[1.12892048],[1.85661226]
[2.35129162],[1.07180136],[1.74218696]
[2.34140473],[1.01776844],[1.65016914]
[2.33824023],[0.96948415],[1.57776244]
[2.33102083],[0.92365092],[1.50530877]
[2.32601659],[0.88268183],[1.44122122]
[2.32969196],[0.8402419],[1.37919506]
[2.34035285],[0.80433793],[1.33188583]
[2.34888571],[0.77972411],[1.29140802]
[2.35347794],[0.75958907],[1.25826635]
[0.],[0.],[0.]
[0.],[0.],[0.]
[1.40356498],[0.31355461],[0.2929913]
[2.05333618],[0.47413509],[0.68199692]
[2.17903366],[0.65049656],[0.9736225]
[2.35173964],[0.71709033],[1.14602826]
[2.50952013],[0.78457241],[1.31328215]
[2.75985784],[0.81256926],[1.43903684]
[2.90098485],[0.8441183],[1.52628576]
[2.96153603],[0.86109903],[1.61353054]
[2.98522737],[0.89444514],[1.67986562]
[3.02834848],[0.89539943],[1.76632669]
[3.06959791],[0.94063354],[1.82563471]
[3.11854073],[0.98850678],[1.95632466]
[3.1604695],[1.09085893],[2.11813537]
[3.2469188],[1.12005909],[2.230504]
[3.28417733],[1.15718373],[2.32633067]
[3.36358179],[1.18374812],[2.40436754]
[3.37950579],[1.20768087],[2.46839735]
[3.48508169],[1.22451062],[2.5310207]
[3.48333038],[1.24003524],[2.59524661]
[3.61453828],[1.25046572],[2.64931369]
[3.55329677],[1.26054246],[2.69491028]
[3.63420474],[1.27178891],[2.73147307]
[3.5606968],[1.29066605],[2.77750644]
[3.62757994],[1.30414254],[2.79780703]
[3.53846554],[1.32088197],[2.81329683]
[3.60255242],[1.33626137],[2.78978765]
[3.49434758],[1.34952676],[2.81723555]
[3.52634459],[1.36034781],[2.78590068]
[3.37761317],[1.37538065],[2.78933205]
[3.36699585],[1.38113258],[2.86744646]
[3.29261071],[1.3897643],[2.89699011]
[3.2776326],[1.38196558],[2.94382649]
[3.21739136],[1.3803978],[2.9506696]
[3.17990779],[1.37669506],[2.94468562]
[3.0955095],[1.37264595],[2.940149]
[3.0353432],[1.36741712],[2.93364614]
[2.81919503],[1.35852108],[2.85731808]
[2.44069092],[1.34552151],[2.74290934]
[2.45960651],[1.32885205],[2.5580542]
[2.47667067],[1.29982314],[2.42343279]
[2.50250307],[1.26949138],[2.33129446]
[2.49506731],[1.24039942],[2.20711595]
[2.48840419],[1.18408634],[2.08970614]
[2.47878747],[1.13232989],[1.97618744]
[2.47072965],[1.08715302],[1.87196001]
[2.45858559],[1.04223639],[1.78549349]
[2.45765612],[1.0048873],[1.72045098]
[2.453719],[0.96153824],[1.6470451]
[2.45229996],[0.92289947],[1.57166609]
[2.45266061],[0.8831269],[1.50900209]
[2.44698101],[0.84696513],[1.45322753]
[2.43950528],[0.81273976],[1.39872669]
[2.42860304],[0.78705477],[1.34896956]
[0.31637281],[0.4353557],[0.06466525]
[0.],[0.],[0.]
[0.95507336],[0.28612085],[0.16300551]
[1.77571072],[0.48562909],[0.59489498]
[1.97618915],[0.67965498],[0.89616174]
[2.17480937],[0.75996513],[1.09167691]
[2.38221502],[0.82875521],[1.28759762]
[2.65156529],[0.86327667],[1.44838935]
[2.80866401],[0.90963925],[1.56652542]
[2.86762974],[0.91568059],[1.67666329]
[2.92161977],[0.96224907],[1.78469807]
[2.99094549],[1.04652455],[1.96625572]
[3.05461332],[1.12301852],[2.10143128]
[3.09862745],[1.15572771],[2.18050215]
[3.10722941],[1.18469396],[2.25862511]
[3.19128337],[1.20058093],[2.32802793]
[3.22354056],[1.22321194],[2.4138594]
[3.32457848],[1.2370077],[2.46578455]
[3.3347722],[1.25344068],[2.549249]
[3.46689158],[1.27132482],[2.6150056]
[3.42212422],[1.29057284],[2.69047612]
[3.52131217],[1.29845008],[2.74370792]
[3.45312932],[1.31010634],[2.7904964]
[3.54818026],[1.32279534],[2.85085463]
[3.47256876],[1.34370949],[2.87369255]
[3.55547079],[1.35854545],[2.93569856]
[3.4182091],[1.37495806],[2.9182164]
[3.47703879],[1.39019404],[2.94049408]
[3.35156399],[1.40051805],[2.93432407]
[3.40468909],[1.40145285],[2.9765854]
[3.29586723],[1.40202849],[2.95404671]
[3.34219287],[1.39920324],[3.04231463]
[3.27269416],[1.40446396],[3.06485746]
[3.28569694],[1.39322526],[3.09924343]
[3.20038476],[1.3874955],[3.07399252]
[2.96258519],[1.37745394],[2.97702094]
[2.68639412],[1.3682209],[2.89169099]
[2.48840508],[1.35794152],[2.76261947]
[2.50788988],[1.34348939],[2.53997868]
[2.54595317],[1.32592902],[2.5062483]
[2.58722471],[1.3041695],[2.46087335]
[2.71159237],[1.27154163],[2.40513915]
[2.80900843],[1.20640218],[2.30844352]
[2.80729219],[1.13386306],[2.1432362]
[2.79236555],[1.0843756],[2.0224314]
[2.76831371],[1.04249074],[1.92435544]
[2.74971679],[1.00428791],[1.83905358]
[2.72615068],[0.96788497],[1.7721352]
[2.7345323],[0.93843916],[1.72663289]
[2.69623337],[0.90967454],[1.66614698]
[2.61465818],[0.88386199],[1.59072156]
[2.55994234],[0.8597458],[1.53395586]
[2.53339042],[0.83595468],[1.48894691]
[2.51057993],[0.81316161],[1.4432727]
[2.49325049],[0.78786127],[1.39753031]
[0.57188535],[0.4708337],[0.12830802]
[0.],[0.],[0.]
[1.03447162],[0.28039242],[0.18465291]
[1.85660537],[0.52449664],[0.64537425]
[2.05918478],[0.74240239],[0.99584441]
[2.2769847],[0.81733693],[1.22804228]
[2.52028787],[0.89068617],[1.44808186]
[2.81038995],[0.91926081],[1.65025995]
[3.00764573],[0.96312585],[1.81834073]
[3.10241699],[1.07764021],[2.03717378]
[3.11815891],[1.14380876],[2.17956983]
[3.12707448],[1.16709656],[2.25537779]
[3.11612598],[1.19599897],[2.33349726]
[3.18798355],[1.22233425],[2.40355254]
[3.19429247],[1.24522014],[2.4996107]
[3.30689931],[1.26474413],[2.5650395]
[3.31386103],[1.29250194],[2.67096655]
[3.40533174],[1.30831055],[2.7368165]
[3.37813259],[1.32737531],[2.8251351]
[3.50141875],[1.34482767],[2.9485819]
[3.45531362],[1.35953145],[2.97084471]
[3.54471753],[1.36291105],[3.10691066]
[3.46783854],[1.37482429],[3.07233281]
[3.58068531],[1.39412056],[3.20595724]
[3.48642336],[1.41312316],[3.16963106]
[3.56819474],[1.42563638],[3.26727988]
[3.44525187],[1.43957772],[3.22250255]
[3.5201876],[1.45067494],[3.33618057]
[3.38933656],[1.44965222],[3.2818524]
[3.45737712],[1.44867287],[3.37617831]
[3.34198976],[1.44756118],[3.32664219]
[3.39693226],[1.4432251],[3.38659422]
[3.16397431],[1.44749834],[3.3142825]
[2.9510936],[1.43428174],[3.23650735]
[2.74878398],[1.42750961],[3.15819013]
[2.57397396],[1.4177316],[3.04600359]
[2.65423155],[1.40805318],[2.92152034]
[2.788684],[1.39889934],[2.88151106]
[2.87301744],[1.38633852],[2.87705275]
[2.95247758],[1.37178974],[2.87216077]
[3.00197873],[1.35330626],[2.83648951]
[3.03595934],[1.320887],[2.7703304]
[3.04001118],[1.25818049],[2.63058866]
[3.02201081],[1.16320239],[2.44759519]
[2.99344018],[1.11447181],[2.28355004]
[2.95508774],[1.07190049],[2.16035177]
[2.92558634],[1.03309095],[2.05976563]
[2.89081076],[1.00210153],[1.97863663]
[2.84982428],[0.97471173],[1.90130252]
[2.7894274],[0.94987651],[1.82785354]
[2.73556917],[0.9318852],[1.76326168]
[2.6902704],[0.91303168],[1.70789114]
[2.58794359],[0.89468862],[1.63669261]
[2.5795349],[0.87691975],[1.59203002]
[2.56325203],[0.85456829],[1.54592203]
[0.67150448],[0.47370444],[0.15151359]
[0.],[0.],[0.]
[1.12163925],[0.29003016],[0.23488204]
[1.9222052],[0.57521911],[0.72611124]
[2.10468793],[0.78167887],[1.07080891]
[2.39997017],[0.86128424],[1.36473177]
[2.66339153],[0.92701425],[1.64411267]
[2.92255206],[1.00202691],[1.89838612]
[3.1117404],[1.0665135],[2.10885444]
[3.21571267],[1.13784782],[2.25529301]
[3.1993149],[1.19990135],[2.36899805]
[3.2365252],[1.22635788],[2.46685077]
[3.22508564],[1.25798604],[2.57457662]
[3.31356955],[1.28777615],[2.64315528]
[3.2979146],[1.31308496],[2.75723681]
[3.38918203],[1.33324984],[2.88272628]
[3.3698562],[1.35740038],[2.9415547]
[3.47650884],[1.37351976],[3.10088511]
[3.43406036],[1.39256299],[3.12895127]
[3.57086966],[1.4079148],[3.2777949]
[3.48992548],[1.4156579],[3.26875196]
[3.59011225],[1.41836532],[3.39241622]
[3.51957058],[1.43686885],[3.36933199]
[3.62786259],[1.45593022],[3.50287223]
[3.53376634],[1.47577498],[3.47453712]
[3.59609689],[1.48839998],[3.5793136]
[3.47770227],[1.50045907],[3.54244771]
[3.55200146],[1.50345452],[3.64463189]
[3.42430111],[1.5020189],[3.58793532]
[3.49281002],[1.49992713],[3.67136856]
[3.31393303],[1.49730498],[3.57715225]
[3.17397939],[1.49170937],[3.52621343]
[2.9482322],[1.49167395],[3.46429254]
[2.69026483],[1.48044349],[3.34746738]
[2.96239207],[1.47282553],[3.41350347]
[3.01349141],[1.46230418],[3.30443228]
[3.07228365],[1.45246521],[3.25682147]
[3.12289474],[1.44163609],[3.24657571]
[3.15281001],[1.42676018],[3.22371448]
[3.1587452],[1.41266768],[3.16275628]
[3.15829169],[1.39749964],[3.09001438]
[3.15558236],[1.37277303],[2.99911177]
[3.15126887],[1.31443363],[2.85761049]
[3.14018624],[1.23561392],[2.67229323]
[3.11933536],[1.15167636],[2.50675486]
[3.08393821],[1.11001434],[2.36614184]
[3.07069702],[1.07308763],[2.26262864]
[3.05174829],[1.04071884],[2.17620829]
[3.03175919],[1.01362448],[2.10167267]
[3.00413581],[0.98769314],[2.02341312]
[2.97856891],[0.9652326],[1.95090285]
[2.94713231],[0.94055219],[1.88197381]
[2.88746879],[0.9219363],[1.80790786]
[2.87045187],[0.90444747],[1.76004499]
[2.8306239],[0.88448049],[1.70172113]
[0.94212868],[0.50701241],[0.2446301]
[0.],[0.],[0.]
[1.18878073],[0.32270294],[0.28121322]
[1.9815548],[0.62503501],[0.81469572]
[2.20953987],[0.82084082],[1.18682945]
[2.49949348],[0.89724109],[1.53405091]
[2.7659981],[0.98442782],[1.84544336]
[2.99997014],[1.06770322],[2.10814017]
[3.18541679],[1.13130166],[2.30711588]
[3.31828742],[1.19453872],[2.4474814]
[3.30659818],[1.25249213],[2.57352649]
[3.3522494],[1.27898413],[2.71549875]
[3.33060303],[1.31152091],[2.84391794]
[3.41540294],[1.33872928],[2.97213182]
[3.37169941],[1.36028362],[3.05171693]
[3.47625646],[1.37653016],[3.19953762]
[3.43793548],[1.39616417],[3.23279269]
[3.55348107],[1.41056753],[3.39496844]
[3.49906447],[1.43068436],[3.42072464]
[3.61718024],[1.4483942],[3.59613981]
[3.53680552],[1.46296406],[3.58825826]
[3.64591018],[1.4775825],[3.74970865]
[3.56108419],[1.50082529],[3.71504132]
[3.6839388],[1.52068707],[3.87148474]
[3.56399355],[1.53901206],[3.85314997]
[3.64063881],[1.5518985],[3.95392367]
[3.51014969],[1.55910591],[3.91966076]
[3.60002115],[1.55800693],[4.01625078]
[3.46094201],[1.55542605],[3.95103214]
[3.54352148],[1.55215648],[4.02447342]
[3.25146572],[1.54662857],[3.877712]
[3.14208258],[1.54141717],[3.89573908]
[3.22718759],[1.53366699],[3.88827172]
[3.2475895],[1.52731658],[3.77516706]
[3.26479717],[1.51920608],[3.73953003]
[3.26420089],[1.51014633],[3.56693175]
[3.2564087],[1.50066043],[3.48199993]
[3.26322906],[1.48986255],[3.4178873]
[3.26396218],[1.47765904],[3.34972022]
[3.27190363],[1.46486418],[3.29377094]
[3.27504688],[1.44799309],[3.22400711]
[3.27426133],[1.42159396],[3.14172962]
[3.27098455],[1.3644831],[3.01209006]
[3.27496494],[1.27174243],[2.8610768]
[3.27171055],[1.20369501],[2.73204531]
[3.2561347],[1.14641063],[2.59769331]
[3.24402764],[1.10023707],[2.48179912]
[3.23195882],[1.06234544],[2.38757315]
[3.22121831],[1.03129498],[2.30791699]
[3.20579942],[1.00173658],[2.23125438]
[3.18957279],[0.97621424],[2.156659]
[3.17074665],[0.95056292],[2.0892262]
[3.13966104],[0.92843125],[2.01525725]
[3.12375361],[0.9124013],[1.96529932]
[3.09832928],[0.89377774],[1.90473181]
[1.04729448],[0.53132749],[0.28466046]
[0.],[0.],[0.]
[1.03159786],[0.35072191],[0.2575251]
[1.90907829],[0.65128066],[0.83907105]
[2.10211195],[0.84196779],[1.17230551]
[2.37101309],[0.93221029],[1.44708486]
[2.6039966],[1.07674193],[1.82477105]
[2.8209188],[1.12623102],[2.01904462]
[3.03066193],[1.18024454],[2.25579224]
[3.174023],[1.23647201],[2.45475237]
[3.18815822],[1.29204149],[2.66045173]
[3.28746381],[1.31796294],[2.87841618]
[3.25819486],[1.35458951],[2.99361196]
[3.34717874],[1.3845852],[3.14995616]
[3.30883268],[1.40533347],[3.21030761]
[3.42263833],[1.42098556],[3.3865552]
[3.39000336],[1.44252661],[3.43260484]
[3.52493354],[1.46195275],[3.61850967]
[3.46714655],[1.48285228],[3.63983137]
[3.61274129],[1.49936023],[3.82715351]
[3.55286312],[1.51593653],[3.82748792]
[3.65969098],[1.52803754],[3.99488186]
[3.64127106],[1.5464328],[3.98975473]
[3.72807908],[1.56098449],[4.13122201]
[3.67192899],[1.57468869],[4.12905173]
[3.70343864],[1.58000918],[4.22327267]
[3.61510989],[1.57884082],[4.18844467]
[3.61797679],[1.57640823],[4.24099503]
[3.28350792],[1.5721265],[4.09003988]
[3.35277758],[1.56732673],[4.11348497]
[3.32241545],[1.56013077],[3.97561411]
[3.37133922],[1.55357246],[3.89156715]
[3.36313145],[1.54515131],[3.85607491]
[3.39985213],[1.53698326],[3.68741784]
[3.37740351],[1.52785621],[3.66239238]
[3.4051],[1.51753722],[3.52585111]
[3.38072302],[1.50676355],[3.45168643]
[3.38350034],[1.49397659],[3.39088293]
[3.38187668],[1.47678652],[3.31887614]
[3.38235934],[1.45165658],[3.24596182]
[3.38296067],[1.41985578],[3.14974047]
[3.37878243],[1.3596317],[2.99569463]
[3.37175034],[1.24408266],[2.82106959]
[3.37135507],[1.17583028],[2.69391254]
[3.36351042],[1.12656682],[2.60984846]
[3.34986276],[1.08395702],[2.53652734]
[3.33960047],[1.05404476],[2.47770704]
[3.33196198],[1.02546021],[2.4223732]
[3.32542656],[1.00094932],[2.37110628]
[3.31426777],[0.97653865],[2.31020898]
[3.30388274],[0.95549535],[2.24746632]
[3.29342261],[0.93303376],[2.18930508]
[3.27942345],[0.91669811],[2.13127123]
[3.26777467],[0.90105644],[2.08579641]
[3.25413399],[0.88659699],[2.04323233]
[1.33079227],[0.51192595],[0.36939564]
[0.],[0.],[0.]
[1.16808571],[0.38589473],[0.3204075]
[2.02350021],[0.69576528],[0.94347882]
[2.15865853],[0.87761293],[1.24830548]
[2.43719095],[0.99591822],[1.59401646]
[2.66694403],[1.14499515],[1.97716672]
[2.88927068],[1.19358739],[2.29990216]
[3.09683692],[1.25447266],[2.537891]
[3.21908567],[1.31615658],[2.79314794]
[3.21940788],[1.36642557],[3.00272394]
[3.30696519],[1.39654865],[3.19080198]
[3.28074882],[1.42997754],[3.33156911]
[3.37772312],[1.45224601],[3.49160082]
[3.36504345],[1.47212237],[3.577699]
[3.47124308],[1.48897757],[3.73729018]
[3.48315809],[1.51092557],[3.80279053]
[3.63813141],[1.5281838],[3.99070661]
[3.63373037],[1.54849912],[4.01945971]
[3.73422665],[1.56412373],[4.18695545]
[3.70537025],[1.57865678],[4.19200545]
[3.78315057],[1.58937015],[4.35002854]
[3.75969504],[1.60505056],[4.35323334]
[3.82743814],[1.61687199],[4.4601944]
[3.77107271],[1.62573454],[4.4483028]
[3.78781693],[1.62692231],[4.52902708]
[3.71259357],[1.62423963],[4.48458273]
[3.66395749],[1.62033393],[4.52339721]
[3.47069327],[1.61460916],[4.33783572]
[3.55801144],[1.60871991],[4.31790495]
[3.52242319],[1.60036801],[4.15882552]
[3.5891373],[1.59240333],[4.0735538]
[3.5848078],[1.58464121],[4.0220162]
[3.61287694],[1.57405513],[3.85340574]
[3.60248356],[1.56392885],[3.8189477]
[3.61389273],[1.55258338],[3.66846902]
[3.60642765],[1.541825],[3.5868272]
[3.593964],[1.52391225],[3.52077016]
[3.58975277],[1.49779913],[3.43846278]
[3.59160718],[1.47006938],[3.3599355]
[3.59397344],[1.43667711],[3.25194938]
[3.59163833],[1.36855337],[3.09046234]
[3.58026454],[1.26970147],[2.93548287]
[3.58275721],[1.2043737],[2.8152467]
[3.57103134],[1.15234489],[2.73231312]
[3.53684731],[1.10654256],[2.65548058]
[3.50077008],[1.07208748],[2.5898534]
[3.47092531],[1.04412481],[2.53276369]
[3.43705333],[1.02008479],[2.47590232]
[3.39580765],[0.99713896],[2.42016821]
[3.36684778],[0.97697529],[2.3690159]
[3.35286972],[0.95595997],[2.31163289]
[3.34147541],[0.9395079],[2.25402289]
[3.33189719],[0.92542428],[2.21153655]
[3.32087416],[0.91125026],[2.16659051]
[1.39191015],[0.59706813],[0.42995537]
[0.],[0.],[0.]
[1.37126505],[0.41837649],[0.4078772]
[2.11033041],[0.72905152],[1.02352392]
[2.21755443],[0.90251569],[1.31880631]
[2.49759141],[1.07349515],[1.81338444]
[2.73098014],[1.20356224],[2.16961945]
[2.97506827],[1.25459013],[2.53574486]
[3.18284695],[1.31898622],[2.82959572]
[3.30914175],[1.37646639],[3.0627735]
[3.31721756],[1.42307696],[3.27591152]
[3.39918274],[1.45262832],[3.49628917]
[3.3893098],[1.4875704],[3.64423144]
[3.48896753],[1.51155994],[3.81348221]
[3.48008881],[1.52747513],[3.8950201]
[3.6115139],[1.53992562],[4.06164117]
[3.61888759],[1.55640568],[4.10811558]
[3.75867515],[1.57107733],[4.28358565]
[3.75424032],[1.58871256],[4.30721952]
[3.83368449],[1.60137013],[4.46435738]
[3.81332267],[1.61364171],[4.46784984]
[3.87696247],[1.623518],[4.62904082]
[3.85905998],[1.63658704],[4.63462972]
[3.92226061],[1.64655282],[4.74462586]
[3.86023824],[1.65257466],[4.71539669]
[3.86523959],[1.6526649],[4.78716448]
[3.79336365],[1.64950081],[4.740745]
[3.68450286],[1.64477517],[4.75179584]
[3.64166955],[1.63816983],[4.53426634]
[3.70198935],[1.63185738],[4.49778721]
[3.67462464],[1.62280925],[4.32558588]
[3.71395937],[1.61509352],[4.23886585]
[3.72531287],[1.60777771],[4.19535826]
[3.72908421],[1.59613533],[4.03124259]
[3.73111349],[1.58641915],[3.98813581]
[3.72205948],[1.57525174],[3.84163812]
[3.7230881],[1.56144936],[3.75522095]
[3.6996555],[1.53575147],[3.67683924]
[3.6907118],[1.50903762],[3.58128426]
[3.68760221],[1.48060241],[3.48530159]
[3.68721169],[1.43733079],[3.34649943]
[3.68395785],[1.35363192],[3.17896924]
[3.67187161],[1.27172405],[3.04156164]
[3.67157225],[1.21552954],[2.93672604]
[3.66038928],[1.16384579],[2.84575678]
[3.62141062],[1.11990459],[2.75400439]
[3.58403749],[1.08574382],[2.68407608]
[3.552396],[1.05679957],[2.62318906]
[3.51984904],[1.03358365],[2.56874963]
[3.47687106],[1.01144315],[2.51147939]
[3.44578548],[0.9919172],[2.45746576]
[3.41038772],[0.9718598],[2.40644976]
[3.36638571],[0.95681502],[2.34902722]
[3.35442603],[0.94369665],[2.30395761]
[3.34546201],[0.93066675],[2.25808914]
[0.98375932],[0.72878632],[0.3394077]
[0.],[0.],[0.]
[1.53884138],[0.44911029],[0.5403855]
[2.18480681],[0.75015016],[1.13508083]
[2.26922278],[0.93378159],[1.44961006]
[2.58006752],[1.14595103],[2.1378066]
[2.84812615],[1.25819722],[2.48650596]
[3.10275576],[1.31402165],[2.80699136]
[3.29700093],[1.37336405],[3.11052292]
[3.43514576],[1.42553959],[3.33126602]
[3.41090559],[1.4663319],[3.53758482]
[3.49499706],[1.49257881],[3.77621597]
[3.47164962],[1.52994064],[3.92081695]
[3.59758673],[1.54642494],[4.10111998]
[3.5802251],[1.55919171],[4.17159626]
[3.73001256],[1.57029546],[4.34137538]
[3.74450619],[1.58401617],[4.38492265]
[3.85882777],[1.59546499],[4.53609195]
[3.85490902],[1.6089935],[4.55563179]
[3.92462886],[1.61802374],[4.70854451]
[3.90358648],[1.62871989],[4.70745291]
[3.95574708],[1.6394899],[4.86439182]
[3.93658881],[1.65243687],[4.87285637]
[3.97686838],[1.661817],[4.97129594]
[3.91068924],[1.66460714],[4.93290781]
[3.9076452],[1.66597954],[5.00937712]
[3.82652239],[1.6629138],[4.96963105]
[3.77491065],[1.65742992],[4.94694541]
[3.75013373],[1.65109085],[4.73271507]
[3.78819708],[1.64440745],[4.67378447]
[3.76920077],[1.6349754],[4.48750946]
[3.79463446],[1.62723243],[4.39610629]
[3.81265996],[1.61984028],[4.34076106]
[3.80182402],[1.60901859],[4.18485143]
[3.81006517],[1.59911882],[4.13148021]
[3.78897175],[1.5866104],[3.9904597]
[3.79407994],[1.56479763],[3.89052151]
[3.76447824],[1.53609407],[3.79153487]
[3.75191544],[1.5086227],[3.66944341]
[3.74590281],[1.47496509],[3.54864108]
[3.7412861],[1.42316303],[3.40243146]
[3.73543273],[1.33216931],[3.24059959]
[3.71834798],[1.26372814],[3.11026944]
[3.71117118],[1.20945532],[2.99232734]
[3.69458911],[1.16191684],[2.8883568]
[3.6557211],[1.12265513],[2.78857658]
[3.62028748],[1.08986061],[2.71628648]
[3.59006299],[1.06025479],[2.65295436]
[3.55758753],[1.03802121],[2.59780285]
[3.51548405],[1.01680137],[2.53880256]
[3.48402002],[0.99653302],[2.4870081]
[3.44905646],[0.97740248],[2.4403564]
[3.40527661],[0.96405172],[2.3810852]
[3.37018399],[0.95160092],[2.33552102]
[3.35871075],[0.93759495],[2.28819101]
[0.62795183],[0.78050334],[0.2243976]
[0.],[0.],[0.]
[1.24746282],[0.47695287],[0.42548321]
[1.967433],[0.77388577],[1.03402075]
[2.07947789],[0.93420487],[1.30782597]
[2.41447455],[1.1969954],[2.14588459]
[2.68709379],[1.30282583],[2.55348576]
[2.95278436],[1.35244529],[2.89873782]
[3.18606007],[1.40530715],[3.20911121]
[3.31141303],[1.44954231],[3.43493948]
[3.31031876],[1.48362984],[3.6467659]
[3.40738813],[1.51068704],[3.89349947]
[3.39897821],[1.541609],[4.03874218]
[3.53333443],[1.55356538],[4.23239989]
[3.52950594],[1.56224571],[4.28771616]
[3.66536543],[1.57078472],[4.43356463]
[3.68586151],[1.58215596],[4.47159615]
[3.80229956],[1.59373348],[4.60679717]
[3.81448991],[1.60592302],[4.62892487]
[3.87786415],[1.61487962],[4.77177845]
[3.86129338],[1.62484148],[4.79311569]
[3.89782199],[1.63550034],[4.94051316]
[3.83804026],[1.64834298],[4.92844492]
[3.87238919],[1.65638362],[5.04414527]
[3.7693156],[1.65649445],[5.00126766]
[3.78333405],[1.65545684],[4.93852055]
[3.78048743],[1.65199508],[4.77121905]
[3.81371646],[1.64627026],[4.71065635]
[3.79902064],[1.63920995],[4.55384604]
[3.81976583],[1.63192714],[4.4703848]
[3.8154763],[1.62222564],[4.32878612]
[3.83164688],[1.61332477],[4.21829236]
[3.8603893],[1.59636032],[4.19084507]
[3.84245878],[1.57721585],[4.0508835]
[3.85639149],[1.55345926],[3.98588188]
[3.82880846],[1.52883889],[3.81198566]
[3.83803065],[1.49531462],[3.66252434]
[3.80487306],[1.45129541],[3.52720285]
[3.79259814],[1.37150934],[3.35416602]
[3.78528276],[1.2991658],[3.22557177]
[3.77742904],[1.23750305],[3.11677446]
[3.76864622],[1.18778269],[3.02793911]
[3.75061149],[1.1474058],[2.94436758]
[3.7437632],[1.11441779],[2.85668635]
[3.73046128],[1.08494727],[2.77484207]
[3.69280341],[1.05821743],[2.6890467]
[3.65941809],[1.03590844],[2.62892492]
[3.63292255],[1.01445952],[2.57506435]
[3.60063721],[0.99572461],[2.52697222]
[3.55811152],[0.98231796],[2.48620352]
[3.52653192],[0.9714283],[2.4490127]
[3.49193718],[0.95883968],[2.41021648]
[3.44843781],[0.94670447],[2.35936646]
[3.41327078],[0.93575311],[2.32082498]
[3.38415037],[0.92577823],[2.27934022]
[0.17862188],[0.78998324],[0.07498028]
[0.],[0.],[0.]
[1.30179151],[0.49832728],[0.4603246]
[2.0175418],[0.79844245],[1.08582929]
[2.13160176],[0.96384898],[1.37769464]
[2.48599029],[1.25266799],[2.33806903]
[2.74154152],[1.3504882],[2.77131998]
[3.00204311],[1.39802246],[3.09396965]
[3.23643228],[1.44218795],[3.4044426]
[3.39094327],[1.47863545],[3.65416198]
[3.37871757],[1.50600723],[3.83322661]
[3.49583559],[1.53186288],[4.0873763]
[3.47901693],[1.56029152],[4.20551938]
[3.61383239],[1.57131384],[4.39342519]
[3.61134255],[1.57960653],[4.44219155]
[3.73750361],[1.5895362],[4.60019215]
[3.76433369],[1.60254687],[4.64855635]
[3.87332728],[1.6128139],[4.78217811]
[3.87910991],[1.62432559],[4.80886822]
[3.92322384],[1.63400835],[4.95508385]
[3.89384882],[1.64379461],[4.9709764]
[3.92638596],[1.65323448],[5.0976581]
[3.89191199],[1.66535537],[5.11586964]
[3.90537632],[1.67152104],[5.19573438]
[3.82568974],[1.67021391],[5.13535801]
[3.83585041],[1.66824708],[5.04963988]
[3.84390718],[1.66562022],[4.90507761]
[3.85548991],[1.65978028],[4.80827152]
[3.86129446],[1.65248637],[4.67979874]
[3.86272997],[1.64519544],[4.58405092]
[3.87732503],[1.6349065],[4.46973329]
[3.87802226],[1.62083067],[4.32207166]
[3.92232065],[1.59903387],[4.27510353]
[3.89542922],[1.57883687],[4.13670836]
[3.91394006],[1.55591333],[4.03720136]
[3.87952349],[1.52456943],[3.853059]
[3.88883443],[1.48648409],[3.69910277]
[3.84978908],[1.43420672],[3.54299925]
[3.83419382],[1.34850276],[3.38161866]
[3.82534368],[1.28319059],[3.26439434]
[3.81891731],[1.2270451],[3.1676874]
[3.81291951],[1.18571786],[3.08628027]
[3.79798567],[1.14639176],[3.00301885]
[3.79242047],[1.1163899],[2.92096297]
[3.78167653],[1.08560717],[2.84095858]
[3.74588306],[1.05985794],[2.7588849]
[3.71332328],[1.03797967],[2.69491629]
[3.68408048],[1.01735541],[2.63352607]
[3.64912586],[1.00161939],[2.57697597]
[3.6051753],[0.98900355],[2.52539144]
[3.57311959],[0.97831203],[2.48640177]
[3.5392668],[0.96589911],[2.44464297]
[3.49575445],[0.95393296],[2.39458159]
[3.46043967],[0.94464611],[2.35834715]
[3.43005762],[0.93469877],[2.31632338]
[0.30827129],[0.83297468],[0.18595427]
[0.],[0.],[0.]
[1.41436056],[0.51795415],[0.52021878]
[2.05866022],[0.81744351],[1.12962281]
[2.17645522],[0.98986989],[1.46499]
[2.54727349],[1.27231548],[2.45083209]
[2.81171178],[1.36227962],[2.88311428]
[3.04150325],[1.40546698],[3.18796157]
[3.28605563],[1.45074507],[3.50348258]
[3.48384025],[1.48737192],[3.77898441]
[3.45816394],[1.5181406],[3.9466942]
[3.57657637],[1.54469911],[4.20782447]
[3.54812495],[1.57232336],[4.3206145]
[3.69078284],[1.58217658],[4.52011102]
[3.6876668],[1.59037114],[4.58006159]
[3.8114124],[1.60033847],[4.73697188]
[3.82887039],[1.61316428],[4.77988761]
[3.93189771],[1.62445633],[4.92250893]
[3.93267638],[1.63871308],[4.95748807]
[3.96632524],[1.64917293],[5.09877531]
[3.93672085],[1.65850183],[5.1362699]
[3.96739294],[1.66846135],[5.27953366]
[3.9099991],[1.67982045],[5.29427311]
[3.90384738],[1.68360399],[5.36955707]
[3.87379463],[1.68519217],[5.30048797]
[3.8695175],[1.68310748],[5.20210504]
[3.88741305],[1.67947973],[5.07281357]
[3.88596146],[1.67347363],[4.96348663]
[3.90281854],[1.66558042],[4.84210789]
[3.89299132],[1.65808929],[4.72479847]
[3.91332435],[1.64198143],[4.62211344]
[3.90450838],[1.62580365],[4.4693643]
[3.95149631],[1.60213511],[4.39007564]
[3.92216192],[1.58164478],[4.2350395]
[3.94071994],[1.55469773],[4.10199281]
[3.90470918],[1.51916733],[3.93338173]
[3.91597492],[1.47928234],[3.77487369]
[3.87553239],[1.40608679],[3.60432768]
[3.86157549],[1.32914933],[3.46134181]
[3.85087193],[1.26941048],[3.34761189]
[3.84415466],[1.21739706],[3.2529087]
[3.83890438],[1.17748774],[3.16564566]
[3.82625538],[1.14405661],[3.09410876]
[3.81980267],[1.11508365],[3.0138813]
[3.81097367],[1.08831477],[2.93692536]
[3.77721252],[1.06273161],[2.85109945]
[3.74754595],[1.03812144],[2.77849201]
[3.71950202],[1.02017348],[2.71455267]
[3.68653789],[1.00729085],[2.65221631]
[3.64259448],[0.9956659],[2.58681999]
[3.61040321],[0.98514799],[2.53395939]
[3.57674812],[0.97311495],[2.4902637]
[3.53313112],[0.96280501],[2.43981802]
[3.49749461],[0.9534958],[2.40169705]
[3.46681647],[0.94366734],[2.36090712]
[0.38483923],[0.84736012],[0.22452142]
[0.],[0.],[0.]
[1.1569973],[0.52655935],[0.44810544]
[1.91013806],[0.82624633],[1.07736108]
[2.02166662],[0.99892858],[1.39903924]
[2.39782948],[1.2858762],[2.42197912]
[2.66169379],[1.35652002],[2.83038366]
[2.89874884],[1.39447582],[3.14689503]
[3.14188632],[1.4410665],[3.46226898]
[3.3258157],[1.47931106],[3.74306291]
[3.32832987],[1.51167659],[3.92436229]
[3.46976622],[1.53958589],[4.19592738]
[3.4744729],[1.5656325],[4.3117372]
[3.61169097],[1.57494766],[4.49817065]
[3.58139346],[1.58270578],[4.53709373]
[3.68820807],[1.59309013],[4.64163063]
[3.6720406],[1.60580358],[4.6015207]
[3.76814253],[1.61818141],[4.7293749]
[3.7559543],[1.63225815],[4.73254648]
[3.837675],[1.64438539],[4.86440788]
[3.85023732],[1.6548694],[4.90412422]
[3.90086109],[1.66461133],[5.03708957]
[3.89458705],[1.67601548],[5.05608662]
[3.90999542],[1.67867544],[5.13207283]
[3.91789942],[1.67448996],[5.03223683]
[3.90289138],[1.67083997],[4.90816036]
[3.92810102],[1.66747428],[4.8409506]
[3.91129791],[1.6566587],[4.7411576]
[3.94193547],[1.63900617],[4.67943594]
[3.93050378],[1.62214349],[4.5405554]
[3.94673165],[1.59578851],[4.40463595]
[3.94517154],[1.56950024],[4.22737118]
[3.98243478],[1.53530871],[4.09952401]
[3.95870805],[1.49614637],[3.9570365]
[3.97064986],[1.4464822],[3.79459997]
[3.93956115],[1.36151091],[3.63134787]
[3.9445501],[1.29597785],[3.474705]
[3.90177849],[1.2395674],[3.3603962]
[3.88573238],[1.1895826],[3.2586199]
[3.87680308],[1.1529308],[3.18447094]
[3.87155713],[1.12124077],[3.13427367]
[3.86595825],[1.10501043],[3.08857187]
[3.85222083],[1.08401939],[3.0416491]
[3.84494688],[1.06320072],[2.97607396]
[3.83718879],[1.04152427],[2.90769215]
[3.80812614],[1.01984337],[2.83174863]
[3.7802097],[1.00621179],[2.76848108]
[3.75442195],[0.99645743],[2.71711307]
[3.72537369],[0.98796704],[2.66529571]
[3.68269016],[0.98176612],[2.6085765]
[3.65028972],[0.97557601],[2.56026753]
[3.61702534],[0.96710825],[2.50812284]
[3.57347948],[0.95831749],[2.44946288]
[3.53813],[0.94951907],[2.41089521]
[3.5071091],[0.94051294],[2.3711796]
[0.202357],[0.81891611],[0.11655037]
[0.],[0.],[0.]
[1.22640238],[0.53254157],[0.48352182]
[1.95489382],[0.83049889],[1.1156268]
[2.07138217],[1.02388749],[1.49979209]
[2.46868994],[1.30956249],[2.57109148]
[2.72286268],[1.37792552],[2.94964442]
[2.96564829],[1.41695395],[3.27561963]
[3.17665839],[1.46109447],[3.58533963]
[3.36873744],[1.50000935],[3.870861]
[3.36542206],[1.53122759],[4.05570398]
[3.50916083],[1.55895491],[4.33397927]
[3.54596267],[1.58292297],[4.44529621]
[3.6746486],[1.59281162],[4.64131871]
[3.63836875],[1.60337783],[4.67544326]
[3.7428907],[1.61398729],[4.78897399]
[3.72944292],[1.627953],[4.76800785]
[3.82045186],[1.64127968],[4.89885642]
[3.8095203],[1.65555421],[4.9166857]
[3.88115199],[1.66752964],[5.04312616]
[3.8961785],[1.67687619],[5.09622746]
[3.92778879],[1.68937744],[5.22373666]
[3.94835241],[1.69994045],[5.26784442]
[3.9652755],[1.7025481],[5.32444127]
[3.988388],[1.7009204],[5.23973018]
[3.97556922],[1.69694422],[5.17897989]
[4.01783929],[1.69347323],[5.11475012]
[4.00743712],[1.68523248],[5.04807014]
[4.04744869],[1.66589497],[4.94651697]
[4.02193656],[1.64679433],[4.78670554]
[4.06603149],[1.60977045],[4.61971883]
[4.03828346],[1.57934241],[4.4042774]
[4.08116703],[1.54328182],[4.25480083]
[4.03581237],[1.49914564],[4.08327953]
[4.0486406],[1.43723506],[3.8918444]
[3.99937537],[1.35185725],[3.70975587]
[4.00670565],[1.28978461],[3.55784071]
[3.96913761],[1.23781036],[3.44721509]
[3.95753869],[1.19407501],[3.35695772]
[3.94755781],[1.15981279],[3.2896495]
[3.9402816],[1.14052955],[3.24236088]
[3.93475855],[1.12909068],[3.1985774]
[3.92199979],[1.10898219],[3.14856485]
[3.9148036],[1.08945642],[3.08569773]
[3.89968636],[1.068431],[3.00834135]
[3.84809496],[1.04531694],[2.90804596]
[3.8202904],[1.02410019],[2.83859696]
[3.79200439],[1.00745703],[2.7813859]
[3.76265531],[0.99671691],[2.72953293]
[3.72189518],[0.99049762],[2.6763624]
[3.68937065],[0.98418881],[2.6282971]
[3.65760465],[0.97667948],[2.57430001]
[3.61677011],[0.96803005],[2.50848812]
[3.58178184],[0.95926192],[2.45850012]
[3.55189437],[0.94997167],[2.41390157]
[0.34199779],[0.8262207],[0.17732796]
[0.],[0.],[0.]
[1.29266763],[0.53902248],[0.51582453]
[2.00705754],[0.85115139],[1.15950864]
[2.12435372],[1.04303364],[1.58241339]
[2.54667109],[1.32273035],[2.67101362]
[2.79816091],[1.38884659],[3.04133241]
[3.0391075],[1.42664338],[3.37682332]
[3.24620603],[1.47155295],[3.68941957]
[3.42633478],[1.5132695],[3.97740977]
[3.4190331],[1.54518601],[4.16388835]
[3.55594845],[1.57321657],[4.44995029]
[3.59590904],[1.59673629],[4.56693702]
[3.72177869],[1.60573815],[4.7629614]
[3.68459532],[1.61737199],[4.80647114]
[3.78551043],[1.63087005],[4.94310538]
[3.76837238],[1.64742441],[4.92178068]
[3.86238158],[1.66131173],[5.08856189]
[3.86756234],[1.67888503],[5.14927044]
[3.95010936],[1.6955658],[5.30363247]
[3.98334996],[1.7112715],[5.42923946]
[4.03382725],[1.72390481],[5.62016811]
[4.08969403],[1.73849449],[5.71635636]
[4.10344262],[1.74471519],[5.74396597]
[4.17012821],[1.75033642],[5.72625962]
[4.12535425],[1.75528434],[5.64809654]
[4.18256889],[1.75401151],[5.59321484]
[4.13862717],[1.76246774],[5.48926845]
[4.1957479],[1.74634208],[5.38406449]
[4.15277736],[1.71989264],[5.17481458]
[4.20810541],[1.65222648],[4.99137391]
[4.17556416],[1.6205305],[4.74516077]
[4.22679248],[1.57484748],[4.57752672]
[4.16466757],[1.5312839],[4.3923382]
[4.18594101],[1.46270832],[4.18693753]
[4.11516662],[1.37757172],[3.99509502]
[4.13051898],[1.31177437],[3.8244457]
[4.0809855],[1.25628405],[3.68550285]
[4.06052486],[1.22330867],[3.57539555]
[4.03972858],[1.20387069],[3.48974904]
[4.02103929],[1.18553407],[3.42010617]
[4.00522107],[1.17039462],[3.35418881]
[3.98317486],[1.14852582],[3.28963644]
[3.96551591],[1.128682],[3.2175795]
[3.94886084],[1.1084],[3.14019282]
[3.91033657],[1.08521967],[3.04561959]
[3.85842084],[1.0663471],[2.95442197]
[3.82341004],[1.04776609],[2.88531034]
[3.79480703],[1.02960826],[2.82580684]
[3.75648706],[1.00929561],[2.76873707]
[3.72371747],[0.99409055],[2.71339305]
[3.69221524],[0.986989],[2.6577494]
[3.65167252],[0.97891147],[2.59433295]
[3.61672287],[0.97007938],[2.54101971]
[3.58663456],[0.96003657],[2.48242235]
[0.47020592],[0.84142051],[0.2347232]
[0.],[0.],[0.]
[1.37174888],[0.54293762],[0.55343718]
[2.06292133],[0.87441503],[1.20337947]
[2.17381628],[1.0614346],[1.66405476]
[2.63208147],[1.32858461],[2.76377006]
[2.87021782],[1.39594034],[3.12976642]
[3.12474383],[1.43323595],[3.47760244]
[3.32955759],[1.47984004],[3.79525311]
[3.48791013],[1.52277866],[4.07772449]
[3.47176013],[1.55537684],[4.26298723]
[3.6031384],[1.58340131],[4.55912735]
[3.64745845],[1.60808521],[4.67184246]
[3.77073813],[1.61671345],[4.87595925]
[3.73420744],[1.63163541],[4.93768261]
[3.84229309],[1.64752406],[5.12196318]
[3.84408063],[1.67123965],[5.14692759]
[3.93693104],[1.69171172],[5.34726744]
[3.95409871],[1.71194232],[5.46866138]
[4.06434073],[1.72899356],[5.71466954]
[4.16396888],[1.74990251],[5.89900727]
[4.19521538],[1.77481015],[6.14646798]
[4.26003868],[1.79483653],[6.22232281]
[4.25611056],[1.81062541],[6.16065653]
[4.32804444],[1.811698],[6.13630764]
[4.29318236],[1.82102919],[6.05579186]
[4.34213326],[1.82131137],[6.00272674]
[4.31781267],[1.82627901],[5.88741044]
[4.35829745],[1.80995446],[5.76709853]
[4.32759566],[1.77457407],[5.51142193]
[4.36793109],[1.70410366],[5.312354]
[4.3655823],[1.66769677],[5.06740741]
[4.43868912],[1.6171954],[4.92806452]
[4.34658563],[1.57305518],[4.69808325]
[4.37453473],[1.50078733],[4.49833534]
[4.28536582],[1.41509497],[4.27724292]
[4.29039387],[1.34867634],[4.11340966]
[4.23308556],[1.31213234],[3.96138656]
[4.19838419],[1.27971037],[3.84674276]
[4.17007296],[1.25948424],[3.75504098]
[4.14141342],[1.24160003],[3.68112854]
[4.11621624],[1.22674753],[3.6042636]
[4.09402057],[1.20201252],[3.52376467]
[4.07365629],[1.17699419],[3.43111845]
[4.0587669],[1.15222418],[3.33392142]
[4.02046369],[1.12130804],[3.21849192]
[3.96483239],[1.09579195],[3.10298697]
[3.89428141],[1.07215879],[2.98821653]
[3.82785757],[1.0536237],[2.89642337]
[3.79065498],[1.0334864],[2.83293216]
[3.75844706],[1.01561542],[2.77656829]
[3.72710005],[0.99812279],[2.72103009]
[3.6866766],[0.98522514],[2.65828791]
[3.65185815],[0.97797635],[2.59898792]
[3.62159553],[0.97034724],[2.53585212]
[0.59036032],[0.8846087],[0.3184528]
[0.],[0.],[0.]
[1.13183193],[0.54762737],[0.47095546]
[1.91559451],[0.85155492],[1.12259231]
[2.0327349],[1.07105598],[1.5987421]
[2.5301146],[1.31139777],[2.72628505]
[2.74537711],[1.39002513],[3.09029349]
[3.01189873],[1.42466119],[3.44660136]
[3.20468669],[1.47242797],[3.76629109]
[3.33047961],[1.51742915],[4.04050157]
[3.38542033],[1.55154686],[4.20783782]
[3.65163496],[1.57859601],[4.45379484]
[3.71296083],[1.60687251],[4.5265213]
[3.82863928],[1.62096386],[4.70133005]
[3.813192],[1.64415236],[4.77333135]
[3.92153312],[1.66567318],[4.9790185]
[3.94670853],[1.69143367],[5.13313338]
[4.05912889],[1.71083944],[5.38377759]
[4.13709605],[1.72951458],[5.58756147]
[4.21829393],[1.75644911],[5.83786471]
[4.3136719],[1.78620499],[6.04601195]
[4.34115548],[1.82357245],[6.22706385]
[4.41337416],[1.84463461],[6.32804952]
[4.42445595],[1.85682268],[6.28683692]
[4.53082241],[1.85747545],[6.28952988]
[4.52709896],[1.8616265],[6.20703241]
[4.57868629],[1.857897],[6.11409967]
[4.57813278],[1.84125074],[5.93639314]
[4.61928711],[1.79779533],[5.75021847]
[4.60679327],[1.76074871],[5.54132703]
[4.6455317],[1.70641625],[5.39389613]
[4.63574206],[1.65980233],[5.17496211]
[4.67379679],[1.58103999],[4.9815124]
[4.63814813],[1.4897721],[4.75254887]
[4.6339306],[1.4259164],[4.58882735]
[4.5824682],[1.37806625],[4.41319756]
[4.57620976],[1.34880416],[4.29674624]
[4.52515397],[1.32872566],[4.16837032]
[4.47855638],[1.30823878],[4.0634179]
[4.44127745],[1.29042444],[3.97317549]
[4.40189078],[1.27458343],[3.90039697]
[4.36323272],[1.26127047],[3.8254319]
[4.31064849],[1.23622617],[3.73415964]
[4.26214651],[1.21412294],[3.63422028]
[4.22319313],[1.19103585],[3.53065607]
[4.14155728],[1.16368462],[3.40538612]
[4.08503795],[1.13846147],[3.29276765]
[4.03811695],[1.11299201],[3.18837176]
[3.98964053],[1.08750198],[3.08539798]
[3.9097732],[1.06100995],[2.96879765]
[3.83337691],[1.03686319],[2.86512417]
[3.77812675],[1.01757159],[2.78104475]
[3.72890422],[0.99980523],[2.71373147]
[3.69373767],[0.98379],[2.65251666]
[3.66300204],[0.96818733],[2.59096952]
[0.43018794],[0.90069748],[0.26734597]
[0.],[0.],[0.]
[1.18333181],[0.5465924],[0.49456344]
[1.95825359],[0.87052996],[1.15214849]
[2.06458749],[1.09512137],[1.70219896]
[2.57991812],[1.32846435],[2.83431288]
[2.78850489],[1.41028215],[3.19905874]
[3.08054053],[1.44687076],[3.58770117]
[3.27034797],[1.49559031],[3.90944651]
[3.4083009],[1.54093197],[4.20485787]
[3.47820371],[1.58138958],[4.39328323]
[3.74773295],[1.61263842],[4.71077586]
[3.80372687],[1.6461939],[4.80608626]
[3.93159207],[1.66448463],[5.02061408]
[3.95820102],[1.68733903],[5.18476071]
[4.07348369],[1.70621298],[5.41919208]
[4.14495778],[1.72732123],[5.62591316]
[4.23950647],[1.74677878],[5.90016263]
[4.32216799],[1.77932842],[6.10279426]
[4.34729819],[1.8199817],[6.29650128]
[4.4451673],[1.87247323],[6.50787637]
[4.50587561],[1.91473741],[6.67168108]
[4.63902088],[1.9325823],[6.80540565]
[4.69550949],[1.93917293],[6.84248094]
[4.76277514],[1.94076125],[6.84504696]
[4.75732844],[1.94234026],[6.77824782]
[4.78847474],[1.93970232],[6.67578593]
[4.77974909],[1.92441244],[6.48962026]
[4.80384322],[1.88216619],[6.28232841]
[4.78479241],[1.83830792],[6.02523825]
[4.80903874],[1.78183359],[5.86655501]
[4.79604356],[1.73158913],[5.63610098]
[4.81819635],[1.66774138],[5.46045497]
[4.80826359],[1.57534124],[5.23572972]
[4.79295869],[1.51188981],[5.05547938]
[4.77054695],[1.45584799],[4.88129871]
[4.75503141],[1.4128007],[4.75047681]
[4.73622569],[1.39266268],[4.62751431]
[4.70630739],[1.37230398],[4.52039409]
[4.67929024],[1.35520408],[4.42614774]
[4.65036147],[1.34089676],[4.34711378]
[4.62013918],[1.32713004],[4.26317332]
[4.58476691],[1.29838949],[4.16011808]
[4.55256456],[1.27079814],[4.04915536]
[4.51660233],[1.24616415],[3.91079625]
[4.44863671],[1.21849155],[3.74898367]
[4.33597642],[1.19272004],[3.59100055]
[4.18475999],[1.16730318],[3.43619213]
[4.12637692],[1.14207606],[3.32944685]
[4.06327716],[1.11657627],[3.2230746]
[4.00759497],[1.09280491],[3.1175549]
[3.94103963],[1.0689667],[3.00713913]
[3.85590453],[1.04274121],[2.88933721]
[3.79328131],[1.01897336],[2.79063619]
[3.73152124],[0.98314127],[2.69301382]
[0.50677885],[0.93726474],[0.3332614]
[0.],[0.],[0.]
[1.22838597],[0.54617193],[0.5151889]
[1.98933254],[0.87948421],[1.17148199]
[2.10541506],[1.0996159],[1.74442013]
[2.63727368],[1.32682989],[2.8783258]
[2.83865444],[1.41795301],[3.25528128]
[3.13468079],[1.45799255],[3.65534346]
[3.33109888],[1.51215256],[4.00294605]
[3.48325102],[1.5691772],[4.33288076]
[3.51041317],[1.61018192],[4.5656426]
[3.79864405],[1.64073213],[4.93533376]
[3.90571351],[1.67812125],[5.08294887]
[4.03784453],[1.69768034],[5.37414134]
[4.07551433],[1.71920633],[5.61909237]
[4.20287838],[1.73608551],[5.89926261]
[4.27653765],[1.78188754],[6.10187537]
[4.33702396],[1.8172941],[6.38384369]
[4.42782411],[1.86523578],[6.57960802]
[4.48306455],[1.91895766],[6.76770242]
[4.58545156],[1.97345062],[7.00459114]
[4.70876289],[2.00646083],[7.20329527]
[4.80075884],[2.02033776],[7.33570916]
[4.83724623],[2.02690289],[7.38779819]
[4.88655086],[2.02719569],[7.39948562]
[4.87945879],[2.02731837],[7.31702096]
[4.89802226],[2.02026798],[7.21491929]
[4.88806122],[2.00398826],[7.01561218]
[4.90418168],[1.96673209],[6.82450673]
[4.88581363],[1.93028297],[6.57443119]
[4.90149207],[1.8773144],[6.43186037]
[4.90260564],[1.82712152],[6.17993515]
[4.91972644],[1.77310453],[6.00948559]
[4.94850229],[1.67260726],[5.76616683]
[4.90176],[1.60818264],[5.57181507]
[4.89204073],[1.55150422],[5.37894224]
[4.8481165],[1.50498984],[5.23004461]
[4.8384912],[1.46445218],[5.09621404]
[4.81159873],[1.43955716],[4.98772055]
[4.79064896],[1.42215777],[4.8873399]
[4.76562533],[1.40906008],[4.80139751]
[4.73947691],[1.39510114],[4.71014265]
[4.70936368],[1.36749064],[4.59608506]
[4.67945678],[1.33797875],[4.47643827]
[4.64818582],[1.31058029],[4.33196757]
[4.59709964],[1.28132864],[4.14484286]
[4.52611302],[1.25573871],[3.95885317]
[4.41883119],[1.23078974],[3.76786737]
[4.2683322],[1.20612927],[3.60322652]
[4.16918617],[1.18180475],[3.47443542]
[4.09843073],[1.15917406],[3.36387885]
[4.05260625],[1.13680744],[3.26471766]
[3.98481735],[1.1113188],[3.14967302]
[3.90266513],[1.08792233],[3.02914221]
[3.83993749],[1.05368357],[2.9279407]
[0.63837026],[0.9504071],[0.38243853]
[0.],[0.],[0.]
[1.29953252],[0.54700654],[0.54622994]
[2.03429859],[0.89191902],[1.20077536]
[2.15492929],[1.10326809],[1.78759832]
[2.69560588],[1.32178879],[2.90859062]
[2.88634067],[1.42570642],[3.31061251]
[3.19470809],[1.47032289],[3.72778034]
[3.41251501],[1.5278515],[4.10390974]
[3.56093154],[1.58711222],[4.45350046]
[3.57865174],[1.62652027],[4.7294328]
[3.8781387],[1.65982858],[5.12167278]
[4.01481849],[1.69789074],[5.33784125]
[4.13948905],[1.71626782],[5.65701648]
[4.18586196],[1.73618866],[5.92425666]
[4.31380592],[1.76081256],[6.27502421]
[4.38323961],[1.82295142],[6.48138421]
[4.43946607],[1.86125771],[6.70932156]
[4.5300485],[1.91737149],[6.91935485]
[4.61003863],[1.96870522],[7.08556605]
[4.75630889],[2.02121182],[7.4016309]
[4.85220106],[2.04982465],[7.59584284]
[4.91886962],[2.06252949],[7.72040163]
[4.94229416],[2.06759636],[7.72001917]
[4.97587687],[2.06728872],[7.75241603]
[4.96763509],[2.06729236],[7.67177871]
[4.97870662],[2.06222628],[7.6277556]
[4.98367382],[2.0489032],[7.42696099]
[4.98285359],[2.01425609],[7.25001468]
[5.01540976],[1.97884973],[6.97735115]
[5.00745623],[1.92804806],[6.8366726]
[5.15311439],[1.87986127],[6.62610836]
[5.18364685],[1.82914071],[6.44750726]
[5.26941533],[1.73206075],[6.18739111]
[5.19327429],[1.66121635],[5.94263681]
[5.17448919],[1.6013405],[5.73946569]
[5.05375871],[1.55343918],[5.54859598]
[5.05089019],[1.51092067],[5.40978444]
[4.93402342],[1.47725209],[5.28589142]
[4.90240079],[1.46011391],[5.1829387]
[4.86655626],[1.44714606],[5.08578009]
[4.82810966],[1.43296202],[4.98443053]
[4.78767194],[1.40555003],[4.86626387]
[4.75618638],[1.37738006],[4.74162069]
[4.72389182],[1.34901067],[4.59448784]
[4.67758471],[1.31742334],[4.39005785]
[4.62314736],[1.29026198],[4.19480002]
[4.54270297],[1.26526525],[3.99864569]
[4.43289888],[1.24128587],[3.80841104]
[4.26472872],[1.21864242],[3.63766113]
[4.17912307],[1.19779688],[3.52341504]
[4.1165158],[1.17719549],[3.4184661]
[4.06363146],[1.15345779],[3.31966508]
[4.01084888],[1.1316229],[3.2191738]
[3.94617569],[1.09619148],[3.10700334]
[0.73574855],[1.00231067],[0.45668847]
[0.],[0.],[0.]
[1.10792142],[0.55120235],[0.47232269]
[1.8899707],[0.85387101],[1.11076059]
[2.03584281],[1.10016581],[1.69542642]
[2.57310205],[1.2984992],[2.81426666]
[2.75906309],[1.42575088],[3.25904424]
[3.07068501],[1.47196871],[3.68670309]
[3.27024562],[1.52765628],[4.0729571]
[3.50228239],[1.5884807],[4.40023501]
[3.64909302],[1.62596908],[4.65864983]
[3.94878757],[1.66084998],[5.00151369]
[4.10354132],[1.70038654],[5.21105142]
[4.24881133],[1.71814244],[5.55910514]
[4.3169253],[1.74316309],[5.8724045]
[4.40204316],[1.77487459],[6.17329728]
[4.46744548],[1.83711705],[6.38572114]
[4.54428653],[1.89053155],[6.62448278]
[4.62083927],[1.9510866],[6.84327073]
[4.78458411],[1.99933321],[7.12329691]
[4.86767568],[2.04702845],[7.40659349]
[4.94284202],[2.0678771],[7.61232538]
[4.99426656],[2.06839182],[7.72398634]
[5.01381083],[2.06697432],[7.73034453]
[5.04143862],[2.06451279],[7.79042574]
[5.08888129],[2.06193197],[7.64568291]
[5.07238275],[2.04913847],[7.53514451]
[5.23343904],[2.02635767],[7.34612698]
[5.19917538],[1.98711062],[7.26052282]
[5.3291737],[1.94335616],[7.07033059]
[5.31531482],[1.88060117],[6.95566527]
[5.39286855],[1.79986666],[6.73336893]
[5.42513723],[1.74264552],[6.59771383]
[5.46357756],[1.66264557],[6.3948249]
[5.44624791],[1.61246494],[6.17729886]
[5.4154031],[1.56676853],[5.9933372]
[5.36271685],[1.52825567],[5.83410236]
[5.33959041],[1.50078068],[5.70037659]
[5.27156188],[1.48189579],[5.54557393]
[5.20725063],[1.46709344],[5.42556759]
[5.1322324],[1.45537114],[5.30738039]
[5.04150476],[1.44071032],[5.19122301]
[4.92589018],[1.41671376],[5.06883722]
[4.88163747],[1.39418412],[4.95249569]
[4.82990518],[1.37013312],[4.82197165]
[4.75185642],[1.34225663],[4.63583001]
[4.70334107],[1.31541845],[4.43894347]
[4.65076777],[1.29118454],[4.2530102]
[4.58037831],[1.27002174],[4.0727417]
[4.48133384],[1.24833124],[3.88893487]
[4.35194985],[1.22862236],[3.72361037]
[4.24350037],[1.20904559],[3.59393992]
[4.17949934],[1.1856193],[3.48300471]
[4.12146712],[1.16282463],[3.38312629]
[4.0743072],[1.12753539],[3.28241494]
[0.4271943],[1.00350376],[0.33812656]
[0.],[0.],[0.]
[1.15883732],[0.54903286],[0.49411798]
[1.92991113],[0.86792796],[1.13472039]
[2.12829265],[1.12111896],[1.81288308]
[2.63379775],[1.31974017],[2.91732699]
[2.81126669],[1.45835209],[3.38638183]
[3.1699622],[1.5031998],[3.85853862]
[3.39875742],[1.55413796],[4.26601228]
[3.61013545],[1.61327095],[4.65385255]
[3.75406723],[1.65143863],[4.89021619]
[4.04293313],[1.68573589],[5.22534399]
[4.21151735],[1.72355013],[5.47120138]
[4.36166047],[1.73890674],[5.89158135]
[4.4253309],[1.77808421],[6.21433846]
[4.4831369],[1.81718145],[6.49520376]
[4.56494112],[1.88516431],[6.71436139]
[4.6374753],[1.94008762],[6.90983219]
[4.74993797],[1.99760515],[7.19571527]
[4.86701747],[2.04250883],[7.48189265]
[4.93317322],[2.08705378],[7.80588671]
[4.99020301],[2.10655871],[7.93327739]
[5.03232111],[2.10596485],[8.08299203]
[5.08835827],[2.10467454],[8.0929818]
[5.24411909],[2.10229138],[8.23319974]
[5.38418562],[2.09982196],[8.17791402]
[5.37175833],[2.09013179],[8.08485609]
[5.4542952],[2.06858274],[7.91517997]
[5.45758816],[2.03242168],[7.8138709]
[5.5007674],[1.99228807],[7.60714242]
[5.51481778],[1.93356014],[7.50706796]
[5.53335694],[1.86440596],[7.2464357]
[5.6062123],[1.79984306],[7.13054243]
[5.62512892],[1.7131966],[6.90368482]
[5.71245074],[1.66044569],[6.70751961]
[5.63156999],[1.61439101],[6.5062877]
[5.62010521],[1.57688867],[6.33180293]
[5.53968014],[1.54415449],[6.1829361]
[5.51245266],[1.52084945],[6.04466644]
[5.42585374],[1.50707881],[5.92681148]
[5.38443294],[1.49614967],[5.82417695]
[5.34666209],[1.48199837],[5.719846]
[5.29991482],[1.45641755],[5.59264106]
[5.25253113],[1.43491561],[5.4613757]
[5.15960503],[1.41202535],[5.29970747]
[4.97750492],[1.38444714],[5.04373266]
[4.85833903],[1.35813482],[4.80874064]
[4.79648156],[1.33190172],[4.60540547]
[4.71101445],[1.30861232],[4.39794853]
[4.65020871],[1.28623406],[4.21896513]
[4.56714064],[1.26648526],[4.03531973]
[4.46398907],[1.24665072],[3.85316523]
[4.31986955],[1.22339975],[3.68790762]
[4.25683143],[1.19786191],[3.57287948]
[4.19932525],[1.16346539],[3.46781836]
[0.55598058],[1.08854054],[0.47865867]
[0.],[0.],[0.]
[1.21994437],[0.54593287],[0.51800782]
[1.98854615],[0.89052917],[1.17361963]
[2.21260632],[1.15588394],[1.91920431]
[2.70195837],[1.33841272],[3.00746489]
[2.89004449],[1.48060602],[3.49548521]
[3.29488866],[1.52461361],[4.01508049]
[3.49596574],[1.57685023],[4.4470298]
[3.68959145],[1.6375171],[4.87012703]
[3.84473857],[1.67617592],[5.11576938]
[4.13307862],[1.70942889],[5.48596335]
[4.34425287],[1.74903049],[5.86203056]
[4.46210622],[1.7785632],[6.32778661]
[4.5152212],[1.83778575],[6.60150446]
[4.59231912],[1.8892939],[6.85860546]
[4.66052166],[1.95300524],[7.09071844]
[4.81866915],[2.00324486],[7.3674971]
[4.90222281],[2.05563008],[7.70023067]
[5.00368396],[2.09616279],[7.9817411]
[5.03810148],[2.13503618],[8.28431138]
[5.08831789],[2.15114506],[8.35341833]
[5.13274007],[2.15136412],[8.55552103]
[5.42995479],[2.14928805],[8.6684538]
[5.52097582],[2.14662033],[8.83157096]
[5.58995926],[2.14398196],[8.82970148]
[5.59446489],[2.13567538],[8.73224045]
[5.62371273],[2.11685772],[8.57763952]
[5.64921751],[2.08430081],[8.46307244]
[5.68349777],[2.04761041],[8.2862209]
[5.74433073],[1.99510162],[8.20505367]
[5.75477875],[1.94049332],[7.98971643]
[5.90739738],[1.87584357],[7.92783179]
[5.92402058],[1.78638445],[7.72991241]
[6.02898948],[1.72952147],[7.57070183]
[5.9939176],[1.67902448],[7.34806755]
[5.99629585],[1.64200919],[7.18968534]
[5.91841292],[1.60765491],[7.01097658]
[5.92175647],[1.58312316],[6.88550185]
[5.82261775],[1.55945486],[6.69767468]
[5.77227966],[1.54289404],[6.5565129]
[5.72101967],[1.52653744],[6.41233121]
[5.66939974],[1.50119095],[6.27044259]
[5.63147423],[1.47909941],[6.13379829]
[5.56514497],[1.45644483],[5.96546283]
[5.3983102],[1.43051569],[5.72596793]
[5.25761049],[1.40508891],[5.41161618]
[5.1378282],[1.37966044],[5.09489571]
[4.8818917],[1.35462119],[4.8172956]
[4.76160983],[1.33160892],[4.59003207]
[4.70243073],[1.31107428],[4.39732195]
[4.63098564],[1.2910664],[4.21225439]
[4.53348921],[1.26832157],[4.0036134]
[4.42648288],[1.2413056],[3.82479605]
[4.32412837],[1.20863935],[3.67807259]
[0.68480095],[1.13097989],[0.55793982]
[0.],[0.],[0.]
[1.29048215],[0.5429492],[0.54871789]
[2.05610593],[0.91427631],[1.21902592]
[2.3451412],[1.19130847],[2.04936394]
[2.78307015],[1.3568249],[3.10146047]
[2.98634795],[1.50036575],[3.60967753]
[3.40966291],[1.54350535],[4.17119499]
[3.58444149],[1.60081713],[4.63353673]
[3.77526097],[1.65683297],[5.05965885]
[3.94006366],[1.69730938],[5.3570028]
[4.24496154],[1.72892677],[5.80522363]
[4.43088116],[1.77696216],[6.22335782]
[4.52857972],[1.81536034],[6.63395925]
[4.60429825],[1.88772105],[6.95502797]
[4.68857368],[1.94141119],[7.18913057]
[4.79490556],[2.00040855],[7.49182293]
[4.9615581],[2.04819303],[7.8561532]
[5.0183452],[2.09811929],[8.21840994]
[5.11433625],[2.13589278],[8.44161673]
[5.13727547],[2.17007559],[8.71038347]
[5.28461624],[2.1857404],[8.82070542]
[5.46167657],[2.18887425],[9.08620765]
[5.65116768],[2.18792327],[9.24919404]
[5.70873364],[2.18747695],[9.42430573]
[5.78399814],[2.18686251],[9.48999996]
[5.83531283],[2.18234542],[9.48877651]
[5.86105234],[2.17127014],[9.42349509]
[5.96589881],[2.14100518],[9.38541915]
[6.03403582],[2.10656674],[9.26549529]
[6.11076378],[2.05711585],[9.24684072]
[6.14969542],[2.0094889],[9.06704455]
[6.22363394],[1.9593474],[9.00181377]
[6.25375451],[1.86679797],[8.81493845]
[6.29333715],[1.80531916],[8.62121615]
[6.34187439],[1.75052477],[8.40078614]
[6.29685175],[1.70020673],[8.16834098]
[6.27352523],[1.66169569],[7.97905003]
[6.22856838],[1.63526437],[7.82920235]
[6.19674159],[1.61428287],[7.65499103]
[6.15891772],[1.59433152],[7.50038474]
[6.12911076],[1.57724714],[7.3355761]
[6.09449783],[1.55096772],[7.15768776]
[6.06237975],[1.52446588],[6.97391729]
[6.00593649],[1.49961639],[6.77773718]
[5.86979597],[1.47149824],[6.48117437]
[5.68237543],[1.44561066],[6.08414101]
[5.52652487],[1.42045974],[5.68221114]
[5.34765564],[1.39513526],[5.33313551]
[5.06497548],[1.37085742],[4.98456536]
[4.83068242],[1.34955256],[4.73881336]
[4.75145257],[1.32689748],[4.51754573]
[4.68448118],[1.30389374],[4.32134289]
[4.6042872],[1.27457505],[4.11759548]
[4.51795879],[1.24324183],[3.92557764]
[0.76369133],[1.22023456],[0.66645221]
[0.],[0.],[0.]
[1.12947922],[0.54541095],[0.4823566]
[1.93622472],[0.87731367],[1.13465373]
[2.27547776],[1.17605418],[1.9987689]
[2.67255657],[1.35087761],[3.03387711]
[2.91115401],[1.49979564],[3.59035146]
[3.32177481],[1.54332725],[4.16065411]
[3.57533261],[1.59984188],[4.61843609]
[3.84187459],[1.65636704],[4.96997336]
[4.00506845],[1.69937234],[5.20548563]
[4.31949637],[1.73181671],[5.69870986]
[4.49369657],[1.79085725],[6.13169098]
[4.60232395],[1.85454851],[6.53622445]
[4.68414864],[1.92418249],[6.88287121]
[4.80527163],[1.97461008],[7.18019009]
[4.92779745],[2.03068878],[7.57425317]
[5.06351952],[2.07641614],[7.94136034]
[5.10047329],[2.12391491],[8.30473021]
[5.1808737],[2.1607809],[8.55431255]
[5.19691112],[2.18777244],[8.85684625]
[5.5607303],[2.197376],[9.11825957]
[5.69204121],[2.19800659],[9.37768587]
[5.8005653],[2.19868777],[9.56221978]
[5.99024719],[2.19863419],[9.77775904]
[6.16205782],[2.19899946],[9.89432106]
[6.22634122],[2.1872262],[9.99621013]
[6.27620322],[2.17147202],[9.96285247]
[6.30724592],[2.13399823],[9.99152653]
[6.34324844],[2.09366024],[9.91850605]
[6.36977966],[2.03505574],[9.91656473]
[6.44287693],[1.96740564],[9.78699831]
[6.47839507],[1.91009994],[9.72144704]
[6.59878571],[1.82996871],[9.60623362]
[6.65716646],[1.78150969],[9.44095051]
[6.81381881],[1.73808289],[9.34389663]
[6.8125233],[1.70226007],[9.13148667]
[6.80925977],[1.67239344],[8.98393989]
[6.70778974],[1.65125053],[8.76941197]
[6.69898909],[1.63457075],[8.61843246]
[6.59499755],[1.61674617],[8.41030277]
[6.53875806],[1.60000149],[8.23040312]
[6.47097368],[1.57719667],[8.0354089]
[6.43261593],[1.55425168],[7.82968829]
[6.39487326],[1.52774832],[7.59552763]
[6.25308021],[1.49845446],[7.2804747]
[6.10941822],[1.47255158],[6.91045255]
[5.99613207],[1.4471683],[6.51129508]
[5.85282428],[1.42314939],[5.95271885]
[5.55565658],[1.39940053],[5.5141535]
[5.22131844],[1.37751643],[5.16106224]
[4.93848728],[1.35458731],[4.85589696]
[4.79584435],[1.330164],[4.61837001]
[4.73870784],[1.30014522],[4.40370097]
[4.67434418],[1.27061182],[4.21919988]
[0.71264865],[1.2777765],[0.56091095]
[0.],[0.],[0.]
[1.18430934],[0.54246068],[0.50523393]
[2.00260576],[0.89202266],[1.16829078]
[2.38393533],[1.21339749],[2.12888317]
[2.73206424],[1.37304946],[3.13743342]
[3.02575458],[1.5238169],[3.73846657]
[3.40193537],[1.56851863],[4.33450383]
[3.64890017],[1.62939469],[4.81493593]
[3.91196757],[1.6813732],[5.24034129]
[4.07680565],[1.72864342],[5.47595773]
[4.3862081],[1.75624104],[6.03307416]
[4.54858715],[1.85008489],[6.49019699]
[4.67860553],[1.91365359],[6.89236942]
[4.76537421],[1.98583643],[7.27481021]
[4.94133031],[2.03568874],[7.68961773]
[5.01642005],[2.09167151],[8.13860719]
[5.13340257],[2.13589928],[8.46954315]
[5.15059783],[2.18161675],[8.84606422]
[5.2845293],[2.21249696],[9.1162727]
[5.4755508],[2.23909642],[9.47861864]
[5.75621646],[2.24891134],[9.81507405]
[5.89679089],[2.25077486],[10.09088917]
[6.14984694],[2.25221979],[10.39815369]
[6.32408142],[2.25486858],[10.75383146]
[6.42258978],[2.25697787],[10.95374515]
[6.44887695],[2.2573618],[11.07656835]
[6.55353129],[2.23509049],[11.12762291]
[6.53947641],[2.20110438],[11.13915148]
[6.73620634],[2.16377217],[11.18207549]
[6.71989961],[2.10147121],[11.12826444]
[6.89890639],[2.04565883],[11.11301915]
[6.95102956],[1.98669303],[11.01869615]
[7.02696583],[1.91305082],[10.91863265]
[7.07025129],[1.86121448],[10.74499593]
[7.11349077],[1.81312507],[10.58925521]
[7.18971854],[1.77286944],[10.39573216]
[7.17767738],[1.73788643],[10.21110605]
[7.16942653],[1.71318465],[10.0170486]
[7.08631367],[1.6923254],[9.81536975]
[7.06547797],[1.67120517],[9.60213198]
[6.99005764],[1.64886518],[9.38176618]
[6.95196659],[1.62216289],[9.1619797]
[6.9185115],[1.59819854],[8.92632856]
[6.87717982],[1.57076038],[8.67496982]
[6.77031556],[1.54112492],[8.31774146]
[6.62277437],[1.51262866],[7.8605557]
[6.42212634],[1.48675812],[7.39561462]
[6.27819464],[1.46117192],[6.83909534]
[6.10160928],[1.43586516],[6.24014558]
[5.65624769],[1.41344491],[5.70272472]
[5.33603545],[1.3888467],[5.35646519]
[5.11798174],[1.36205178],[5.03138126]
[4.8654198],[1.33264368],[4.74298709]
[4.79200365],[1.30182297],[4.51917524]
[0.93516279],[1.37675083],[0.7320357]
[0.],[0.],[0.]
[1.22976694],[0.53929505],[0.52511699]
[2.06022433],[0.90560994],[1.19839615]
[2.47429152],[1.23642911],[2.21223006]
[2.80469007],[1.39716663],[3.22182396]
[3.14967145],[1.54377756],[3.88136872]
[3.49377524],[1.59440141],[4.5175779]
[3.71035454],[1.66221294],[5.01122102]
[3.97588865],[1.7097381],[5.51224367]
[4.19452806],[1.76305182],[5.91799305]
[4.45466313],[1.8133811],[6.51075102]
[4.62412278],[1.93867266],[7.00357259]
[4.7793382],[2.00065274],[7.3796781]
[4.94679011],[2.07015963],[7.95664714]
[5.09475329],[2.11483566],[8.42126473]
[5.13681252],[2.16509058],[8.84943513]
[5.22847944],[2.2057241],[9.18485868]
[5.23415728],[2.24728527],[9.55565193]
[5.62210601],[2.27205546],[9.9565951]
[5.7431855],[2.29478318],[10.20666609]
[5.90337913],[2.30616528],[10.57667277]
[6.2509308],[2.30953194],[10.99989924]
[6.44520203],[2.31266957],[11.3972483]
[6.5232309],[2.33365297],[11.80076339]
[6.79586117],[2.36192883],[12.14275511]
[6.85242738],[2.40949179],[12.37345454]
[7.01432015],[2.42429765],[12.54574825]
[7.02894635],[2.34999078],[12.57858686]
[7.11665019],[2.30041446],[12.61104612]
[7.14879318],[2.22239716],[12.60739344]
[7.1891544],[2.16238231],[12.53280672]
[7.30402971],[2.07546887],[12.4916322]
[7.34493776],[2.04103417],[12.34192095]
[7.56721751],[1.96514415],[12.26612401]
[7.63431576],[1.9324426],[12.0999249]
[7.74262738],[1.87765904],[11.96281467]
[7.78309576],[1.82799459],[11.70891274]
[7.77620837],[1.78818945],[11.5186554]
[7.71454774],[1.76049701],[11.24845256]
[7.68026357],[1.73580939],[11.05431322]
[7.60226612],[1.71013748],[10.77158096]
[7.52234171],[1.67851506],[10.50278308]
[7.45386363],[1.64732125],[10.22753982]
[7.38767455],[1.61657115],[9.93690994]
[7.1973014],[1.58587747],[9.54378741]
[7.05075135],[1.55759313],[9.05900507]
[6.91877363],[1.52984994],[8.49870654]
[6.81692378],[1.50358526],[7.96290086]
[6.67539719],[1.47879631],[7.31918582]
[6.47398109],[1.45466352],[6.60263123]
[5.79826472],[1.42914169],[5.95703654]
[5.40761247],[1.40142058],[5.57874321]
[5.22035175],[1.37302524],[5.26195133]
[4.99099846],[1.34286694],[4.95198162]
[1.06301386],[1.48964984],[0.84529535]
[0.],[0.],[0.]
[1.2905294],[0.54923792],[0.55428406]
[2.13763073],[0.92786261],[1.24756254]
[2.58769537],[1.26899003],[2.34346679]
[2.89751699],[1.42882393],[3.35236993]
[3.29112282],[1.57240833],[4.07601794]
[3.60604104],[1.6229759],[4.75425813]
[3.82590411],[1.69503736],[5.26436569]
[4.1322273],[1.73540289],[5.82854664]
[4.33002466],[1.79074082],[6.3392303]
[4.52646145],[1.8760324],[6.90601603]
[4.71368334],[1.9973683],[7.4437626]
[4.97089716],[2.06245841],[7.961883]
[5.08061006],[2.13365177],[8.5978382]
[5.20817829],[2.17837325],[9.04235778]
[5.23449868],[2.22816759],[9.48584796]
[5.3345809],[2.26816708],[9.88058727]
[5.46890257],[2.30559139],[10.2360958]
[5.82386927],[2.32750926],[10.77159498]
[5.91721254],[2.34994438],[11.03027156]
[6.22774994],[2.36197338],[11.56027792]
[6.48464313],[2.39081116],[12.07613318]
[6.66305816],[2.44972799],[12.5617199]
[6.77688215],[2.50239841],[12.99688533]
[7.12163638],[2.54733742],[13.55774704]
[7.20087916],[2.57278673],[13.87248622]
[7.25820442],[2.57738637],[14.04798581]
[7.29619527],[2.55953423],[14.11818903]
[7.35626942],[2.48629218],[14.09226628]
[7.53724472],[2.40086114],[14.15383351]
[7.67017616],[2.33579161],[14.13412723]
[7.80382309],[2.25206683],[14.17042746]
[7.86425538],[2.21299299],[14.02934677]
[7.92370347],[2.14270956],[13.90785445]
[7.97422449],[2.11057121],[13.72466261]
[8.00247732],[2.06613521],[13.54365877]
[8.17094373],[2.01720355],[13.37001794]
[8.21857177],[1.9748146],[13.11826017]
[8.23456723],[1.9381812],[12.90125073]
[8.01784003],[1.90353717],[12.62458105]
[8.01635616],[1.86951108],[12.37766011]
[7.9145018],[1.82481324],[12.05788492]
[7.87219117],[1.77970499],[11.75776129]
[7.83194447],[1.70965568],[11.44583834]
[7.74541417],[1.66220224],[11.05221159]
[7.62440936],[1.60464532],[10.53302281]
[7.48279417],[1.57545031],[9.87113579]
[7.27962588],[1.54738974],[9.1331812]
[7.08490904],[1.51939331],[8.41734409]
[6.94574252],[1.49417389],[7.68695772]
[6.65310619],[1.46920096],[6.90814539]
[5.90295318],[1.43771104],[6.16628296]
[5.47604818],[1.40859628],[5.75140784]
[5.30204063],[1.37793331],[5.4365797]
[1.26748292],[1.57768919],[1.10162413]
[0.],[0.],[0.]
[1.16333125],[0.54674599],[0.50746255]
[2.0227146],[0.90028782],[1.17542857]
[2.5031012],[1.26549666],[2.31406159]
[2.80809407],[1.43165254],[3.33416904]
[3.20581372],[1.58022441],[4.13324169]
[3.6382444],[1.63074737],[4.78967596]
[3.84711783],[1.70233201],[5.31733138]
[4.21359935],[1.74181846],[5.91380805]
[4.41659428],[1.79911336],[6.40809145]
[4.57603996],[1.91918807],[6.95430806]
[4.84085092],[2.03853638],[7.5441168]
[5.09607017],[2.10552032],[8.1119249]
[5.17546723],[2.17652807],[8.72294259]
[5.28649102],[2.21826853],[9.17362548]
[5.3019494],[2.26311686],[9.67092672]
[5.63944995],[2.30129673],[10.18684545]
[5.75633173],[2.33880299],[10.61645473]
[5.94435561],[2.36091581],[11.18564891]
[6.1809306],[2.38616053],[11.5902647]
[6.47350271],[2.46852802],[12.18794497]
[6.61551879],[2.54851337],[12.75498044]
[6.98672859],[2.59064836],[13.35296524]
[7.14700197],[2.62198742],[13.8378211]
[7.30867291],[2.62823517],[14.31973086]
[7.50272896],[2.62833685],[14.61935206]
[7.67080594],[2.5922218],[14.88805129]
[7.77703769],[2.52068519],[15.10248584]
[7.86374744],[2.47553801],[15.15740593]
[7.916311],[2.41815811],[15.24766107]
[7.97841566],[2.36784088],[15.25453433]
[8.02448853],[2.30581816],[15.30798232]
[8.08184541],[2.27101525],[15.26482446]
[8.15814989],[2.21484585],[15.16853985]
[8.42287484],[2.1860036],[15.1963092]
[8.52920132],[2.1419378],[15.0529162]
[8.63679813],[2.10371399],[14.95875304]
[8.7146143],[2.07605236],[14.76179471]
[8.73603903],[2.0443764],[14.55502281]
[8.70828073],[2.01512376],[14.29154886]
[8.66199522],[1.98583288],[14.05002339]
[8.62036886],[1.95566734],[13.7229509]
[8.55639974],[1.92337373],[13.3923162]
[8.50923363],[1.86054886],[13.04938628]
[8.40926677],[1.78859714],[12.62404719]
[8.12716831],[1.702738],[12.06894323]
[7.86935259],[1.61099573],[11.38799033]
[7.76287392],[1.58024043],[10.55684274]
[7.66044696],[1.55196391],[9.75749093]
[7.5294169],[1.52438904],[8.91074274]
[7.31189021],[1.49887931],[8.07170485]
[6.80525066],[1.46752524],[7.19877748]
[6.10300075],[1.43598717],[6.39901515]
[5.55505458],[1.40523493],[5.92058912]
[1.4081019],[1.60326374],[0.99145716]
[0.],[0.],[0.]
[1.21700789],[0.54924965],[0.5354367]
[2.07664066],[0.91541545],[1.22728907]
[2.58590202],[1.29530147],[2.43365765]
[2.89656868],[1.45624665],[3.43776958]
[3.29880377],[1.60420179],[4.28889587]
[3.67645344],[1.65413243],[4.93228855]
[3.91114948],[1.72425085],[5.48960072]
[4.27793114],[1.75849086],[6.1480573]
[4.46228196],[1.83190934],[6.67952103]
[4.60258474],[1.95564895],[7.20296387]
[4.92233025],[2.0746751],[7.90397919]
[5.15461121],[2.1453606],[8.49774159]
[5.21110992],[2.21966844],[9.07418048]
[5.2998065],[2.26108123],[9.53761571]
[5.31131034],[2.30918187],[10.05571849]
[5.72962193],[2.34922833],[10.72850653]
[5.82876923],[2.3822629],[11.17612997]
[5.98033192],[2.43270662],[11.78552305]
[6.32968772],[2.53741173],[12.36376295]
[6.55766298],[2.61324942],[13.09221744]
[6.67323694],[2.67672422],[13.73052716]
[7.11930709],[2.70803847],[14.4673656]
[7.2691794],[2.73323819],[14.98125076]
[7.40473908],[2.74441741],[15.46601572]
[7.77364239],[2.74037117],[15.92435904]
[7.9164552],[2.73175701],[16.30752997]
[7.96602016],[2.66408726],[16.50709401]
[8.05324986],[2.60445471],[16.64003248]
[8.07000401],[2.53722024],[16.7121358]
[8.34758348],[2.4812968],[16.8502843]
[8.4523854],[2.4219417],[17.00105007]
[8.55964519],[2.37745936],[17.11907793]
[8.62238215],[2.32556905],[17.05088122]
[8.7014519],[2.29139787],[16.95300055]
[8.77791996],[2.2543932],[16.76703996]
[8.85680957],[2.2141881],[16.55246336]
[9.1692051],[2.18299939],[16.60469067]
[9.33757972],[2.15305329],[16.36179924]
[9.39011338],[2.12373032],[16.14786233]
[9.3500083],[2.0981828],[15.75481192]
[9.29496754],[2.07235099],[15.46231161]
[9.23451903],[2.04387612],[15.05870824]
[9.16612846],[1.98293416],[14.7070619]
[9.09423191],[1.91469399],[14.2932047]
[8.68765312],[1.84181382],[13.75539269]
[8.50161888],[1.75665198],[13.13111526]
[8.32785765],[1.65399976],[12.30715764]
[8.09307779],[1.5968061],[11.27138384]
[7.87763762],[1.56760986],[10.28185456]
[7.77847281],[1.53895562],[9.37507996]
[7.53826002],[1.50405017],[8.43113254]
[6.9832956],[1.47315585],[7.51496808]
[6.32678317],[1.43819915],[6.65092202]
[1.64036874],[1.65049215],[1.34221726]
[0.],[0.],[0.]
[1.27225314],[0.56790572],[0.56661918]
[2.13594857],[0.93708392],[1.28743998]
[2.67022409],[1.31289758],[2.52014384]
[3.02386995],[1.47652295],[3.54260182]
[3.3915035],[1.62364029],[4.43073201]
[3.71790567],[1.67546174],[5.08446325]
[4.01921464],[1.74636446],[5.67170112]
[4.32736663],[1.7761598],[6.38349855]
[4.49826161],[1.88850894],[6.98035926]
[4.64167088],[2.00574055],[7.50825784]
[4.98498353],[2.11928693],[8.28917785]
[5.19813314],[2.18738896],[8.89339374]
[5.2558343],[2.25959057],[9.45117772]
[5.35644628],[2.30084686],[9.92432745]
[5.4481611],[2.34687198],[10.45558861]
[5.82291314],[2.38488241],[11.22513778]
[5.91924003],[2.42189763],[11.7174449]
[6.14999753],[2.51906061],[12.36652606]
[6.46667909],[2.61026737],[13.04177757]
[6.64967279],[2.67967334],[13.79358841]
[6.88365159],[2.73834799],[14.43274479]
[7.25091424],[2.76703673],[15.23632369]
[7.39302543],[2.79264872],[15.78115474]
[7.73665746],[2.81579094],[16.37747187]
[7.94764102],[2.81513029],[16.9363209]
[8.06300936],[2.80279801],[17.33653023]
[8.08503974],[2.78933505],[17.58167966]
[8.3878356],[2.72451301],[17.83231642]
[8.44683686],[2.64372268],[17.90204612]
[8.60168334],[2.58140662],[18.20074526]
[8.67755129],[2.52502861],[18.35382476]
[8.73282222],[2.47578953],[18.45170381]
[8.78449714],[2.42551384],[18.4101188]
[8.82034736],[2.38087545],[18.27945818]
[9.13364409],[2.33690462],[18.3489892]
[9.29684052],[2.29525588],[18.26910472]
[9.43278622],[2.26186062],[18.17334694]
[9.53416254],[2.2317788],[17.94581967]
[9.64355848],[2.20447713],[17.70347542]
[9.73750056],[2.17819694],[17.40402184]
[9.54388805],[2.15273274],[17.0482501]
[9.58246943],[2.12840657],[16.6879436]
[9.45053166],[2.0957541],[16.3086859]
[9.39698659],[2.03121979],[15.87343947]
[9.22904094],[1.97924583],[15.36628177]
[8.85297046],[1.91514354],[14.64091136]
[8.57190637],[1.79353948],[13.7388426]
[8.44604067],[1.69380625],[12.72224424]
[8.29203888],[1.6107818],[11.76974119]
[8.08290519],[1.57863694],[10.68463082]
[7.78270454],[1.54309866],[9.62051621]
[7.49411744],[1.50959035],[8.70582311]
[6.9289171],[1.47574338],[7.70162347]
[1.63979725],[1.68925271],[1.5763153]
[0.],[0.],[0.]
[1.33240224],[0.59124076],[0.6006656]
[2.19816234],[0.95719808],[1.34802088]
[2.76697515],[1.33222829],[2.61393353]
[3.14612039],[1.49567257],[3.66057105]
[3.48029298],[1.64017763],[4.56430852]
[3.84251698],[1.69541043],[5.23575402]
[4.12281289],[1.76053255],[5.868722]
[4.37084818],[1.79438771],[6.59224297]
[4.53350056],[1.9203027],[7.22928163]
[4.72190754],[2.03967404],[7.84326037]
[5.03786609],[2.15159072],[8.59028169]
[5.23701227],[2.22089015],[9.18418404]
[5.29071486],[2.2957522],[9.74406358]
[5.52111518],[2.33792454],[10.34527347]
[5.64064],[2.38436153],[10.93097779]
[5.90805131],[2.41573604],[11.76529573]
[6.01681864],[2.52548579],[12.29788022]
[6.35369979],[2.60608343],[13.05054464]
[6.57704359],[2.68552868],[13.76178592]
[6.80952199],[2.74770961],[14.53920832]
[7.10212004],[2.79917619],[15.20701145]
[7.35830092],[2.82497205],[16.0360042]
[7.65229828],[2.86639361],[16.63794467]
[7.95992692],[2.90060599],[17.37239419]
[8.0809672],[2.90437627],[17.9486364]
[8.18827458],[2.90543185],[18.38874003]
[8.3111066],[2.8812522],[18.6480342]
[8.63578758],[2.85188382],[19.09595714]
[8.70027984],[2.75828027],[19.20747126]
[8.78071175],[2.68042559],[19.42539939]
[8.83646723],[2.62057965],[19.5615486]
[8.86408563],[2.57023831],[19.65439465]
[9.16831042],[2.5199701],[19.81680156]
[9.2803853],[2.47417524],[19.84647104]
[9.41662579],[2.43266181],[19.91026554]
[9.52998076],[2.3880602],[19.75797431]
[9.61227579],[2.35064867],[19.55030012]
[9.92489339],[2.32463667],[19.43543457]
[10.08905169],[2.29788362],[19.20712967]
[10.16073145],[2.26900154],[18.90912431]
[10.12715583],[2.24132914],[18.53865917]
[10.07880327],[2.21517384],[18.15713333]
[10.03047439],[2.18638544],[17.75128753]
[9.96162915],[2.12160425],[17.312886]
[9.69570548],[2.09059765],[16.73542896]
[9.29837275],[2.05395737],[16.060757]
[9.00578667],[1.92505927],[15.1861175]
[8.67416718],[1.81194323],[13.92793812]
[8.51935611],[1.72340618],[12.89655962]
[8.39759705],[1.63589746],[11.84438419]
[8.08701641],[1.57354012],[10.64416129]
[7.71858605],[1.53868291],[9.61094499]
[7.34300796],[1.50198612],[8.61706752]
[1.71378659],[1.72162253],[1.72612747]
[0.],[0.],[0.]
[1.20813171],[0.39420963],[0.38333144]
[2.06952371],[0.6499296],[0.91508389]
[2.67006173],[1.01585711],[2.12672679]
[3.04548105],[1.23351603],[3.11452032]
[3.44308593],[1.36388564],[4.00480873]
[3.76021744],[1.41989827],[4.64064471]
[4.07433895],[1.47164581],[5.30583683]
[4.39978685],[1.61858594],[5.99536498]
[4.55631493],[1.7711378],[6.57926313]
[4.79976559],[1.85151594],[7.17511538]
[5.07781173],[1.95602116],[7.93965048]
[5.26731677],[2.01566768],[8.47732704]
[5.31907541],[2.0917797],[9.04382789]
[5.6521893],[2.14885495],[9.69885384]
[5.76199395],[2.26466741],[10.33433829]
[5.96161136],[2.34972466],[11.17327357]
[6.14299433],[2.45369355],[11.8206651]
[6.47686977],[2.5271334],[12.66197642]
[6.64475228],[2.6035446],[13.36953599]
[7.00121166],[2.66891808],[14.2253379]
[7.23256354],[2.73409382],[14.92030117]
[7.42226837],[2.81097553],[15.7704661]
[7.84668705],[2.86692167],[16.48514657]
[8.08457519],[2.90388101],[17.27195801]
[8.16452742],[2.86018416],[17.91495219]
[8.51369009],[2.88856025],[18.63565927]
[8.6564394],[2.83904273],[19.1338395]
[8.83069938],[2.797543],[19.60169817]
[8.87516586],[2.75019602],[19.87509686]
[8.91886951],[2.7321511],[20.1135199]
[9.17165612],[2.69330598],[20.42105593]
[9.31072245],[2.64589967],[20.67314102]
[9.45376365],[2.58236354],[20.97398558]
[9.537053],[2.55367746],[21.01697716]
[9.58893078],[2.52202608],[20.99443456]
[9.81304822],[2.48615188],[20.93055642]
[10.03381406],[2.45159902],[20.86556357]
[10.1748181],[2.4202419],[20.84946261]
[10.27404356],[2.39959613],[20.6423468]
[10.38860214],[2.37741526],[20.36961873]
[10.54192993],[2.35145524],[20.02504421]
[10.42174227],[2.32546134],[19.63392907]
[10.42055074],[2.30332831],[19.22049125]
[10.25461304],[2.27984374],[18.72123668]
[10.10153199],[2.25327345],[18.19921829]
[9.8471784],[2.22120855],[17.50802922]
[9.37933022],[2.1319764],[16.58813646]
[9.12856177],[1.93590211],[15.45654539]
[8.78069118],[1.81985838],[14.0919316]
[8.57984165],[1.73485368],[12.86632487]
[8.44858307],[1.64388822],[11.6850029]
[7.9055723],[1.5800264],[10.43013812]
[7.65916365],[1.51989874],[9.45930196]
