meltWidth,meltDepth,meltArea
[0.],[0.],[0.]
[0.],[0.],[0.]
[0.],[0.],[0.]
[0.],[0.],[0.]
[0.],[0.],[0.]
[0.],[0.],[0.]
[0.],[0.],[0.]
[0.],[0.],[0.]
[0.],[0.],[0.]
[0.],[0.],[0.]
[0.],[0.],[0.]
[0.],[0.],[0.]
[0.08831661],[0.01377152],[0.00049199]
[0.],[0.],[0.]
[0.],[0.],[0.]
[0.],[0.],[0.]
[0.],[0.],[0.]
[0.],[0.],[0.]
[0.],[0.],[0.]
[0.],[0.],[0.]
[0.],[0.],[0.]
[0.],[0.],[0.]
[0.],[0.],[0.]
[0.],[0.],[0.]
[0.],[0.],[0.]
[0.],[0.],[0.]
[0.],[0.],[0.]
[0.],[0.],[0.]
[0.],[0.],[0.]
[0.],[0.],[0.]
[0.],[0.],[0.]
[0.],[0.],[0.]
[0.],[0.],[0.]
[0.],[0.],[0.]
[0.],[0.],[0.]
[0.],[0.],[0.]
[0.],[0.],[0.]
[0.],[0.],[0.]
[0.],[0.],[0.]
[0.],[0.],[0.]
[0.],[0.],[0.]
[0.],[0.],[0.]
[0.],[0.],[0.]
[0.],[0.],[0.]
[0.],[0.],[0.]
[0.],[0.],[0.]
[0.],[0.],[0.]
[0.],[0.],[0.]
[0.],[0.],[0.]
[0.],[0.],[0.]
[0.],[0.],[0.]
[0.],[0.],[0.]
[0.],[0.],[0.]
[0.],[0.],[0.]
[0.],[0.],[0.]
[0.],[0.],[0.]
[0.],[0.],[0.]
[0.5957249],[0.36910275],[0.10625802]
[1.58698764],[0.67451756],[0.58241136]
[1.7536145],[0.71302185],[0.88123121]
[1.90814271],[0.77020068],[1.09290705]
[2.00025965],[0.95528224],[1.30003774]
[2.02433702],[0.93983935],[1.40142987]
[2.11313767],[0.97445694],[1.53159381]
[2.13727084],[1.00659332],[1.58970065]
[2.21445227],[1.0552016],[1.73055574]
[2.21276214],[1.09622873],[1.76487578]
[2.30442425],[1.14627776],[1.92350526]
[2.30164996],[1.16988048],[1.88966085]
[2.40317775],[1.17123943],[1.98268566]
[2.38433315],[1.16039883],[1.92505291]
[2.4808985],[1.14535411],[1.98157851]
[2.47472076],[1.13166095],[1.90303728]
[2.55871102],[1.11915133],[1.96572238]
[2.5725286],[1.11106658],[1.9140545]
[2.64071707],[1.10776299],[1.95343121]
[2.66102253],[1.08470138],[1.88730206]
[2.71873432],[1.09963181],[1.93036346]
[2.75163926],[1.06315817],[1.88424003]
[2.7839318],[1.09069229],[1.89557864]
[2.80188207],[1.04037003],[1.82022132]
[2.81389641],[1.08392752],[1.84884767]
[2.83270141],[1.02313233],[1.78064349]
[2.84360932],[1.0128721],[1.79096656]
[2.86043855],[1.00502357],[1.75156237]
[2.88127476],[1.00519911],[1.76162334]
[2.91059029],[0.98904454],[1.75489267]
[2.90546696],[0.98187641],[1.72527792]
[2.93228003],[0.97414483],[1.70286712]
[2.91112981],[0.9643905],[1.67009599]
[2.92084112],[0.9567809],[1.65122906]
[2.92742932],[0.94852081],[1.63778846]
[2.93762402],[0.94173627],[1.61510746]
[2.95328266],[0.93785858],[1.60214626]
[2.9649275],[0.93213178],[1.58836186]
[2.98117955],[0.92299405],[1.5784199]
[2.99776855],[0.91136504],[1.55511451]
[2.99592975],[0.89939091],[1.5342482]
[2.96909815],[0.88963453],[1.50323296]
[2.94214608],[0.8757216],[1.46584737]
[2.90172081],[0.84958124],[1.42002042]
[2.85963942],[0.8201115],[1.36961082]
[2.8184577],[0.7875645],[1.32032557]
[2.78616432],[0.76685868],[1.28458891]
[2.75627432],[0.75011812],[1.2589995]
[2.71914437],[0.71794082],[1.21549974]
[2.68304401],[0.68550046],[1.16072797]
[2.64355103],[0.64228195],[1.07460778]
[1.85420862],[0.63359861],[0.59599755]
[0.],[0.],[0.]
[0.],[0.],[0.]
[0.],[0.],[0.]
[1.36936648],[0.86305134],[0.58277864]
[1.77741032],[0.92276121],[0.88879621]
[1.93948287],[1.01150261],[1.42167454]
[2.03434582],[1.10788473],[1.66221589]
[2.15398332],[1.18110018],[1.89572343]
[2.16947788],[1.22569359],[2.00731963]
[2.30389854],[1.2455495],[2.22134552]
[2.31721401],[1.25919187],[2.31396554]
[2.41271208],[1.27365956],[2.45651068]
[2.41081111],[1.28999213],[2.4765605]
[2.51468708],[1.30886599],[2.56688038]
[2.55812207],[1.31495885],[2.59425118]
[2.68334975],[1.30445684],[2.65594157]
[2.67363907],[1.2966099],[2.63692472]
[2.74758462],[1.28606619],[2.6537491]
[2.73881142],[1.27799267],[2.63042647]
[2.80508715],[1.27075112],[2.65004788]
[2.81998479],[1.26584342],[2.63077528]
[2.86278655],[1.25823453],[2.62762987]
[2.89482678],[1.25210355],[2.60239071]
[2.92028864],[1.24517343],[2.60860277]
[2.94525747],[1.2400272],[2.56200438]
[2.95577224],[1.23104743],[2.53969098]
[2.99342465],[1.20940844],[2.48963685]
[2.97643637],[1.18529395],[2.46338429]
[3.01102915],[1.16923167],[2.39984261]
[2.9957468],[1.1425166],[2.3622987]
[3.02578216],[1.12384057],[2.2936916]
[3.02969806],[1.12577872],[2.28239983]
[3.07032577],[1.08448891],[2.22695845]
[3.04624126],[1.06829071],[2.17189615]
[3.07656483],[1.05155588],[2.11503184]
[3.03973079],[1.03650205],[2.05007954]
[3.04401433],[1.01984235],[2.00669424]
[3.04255791],[1.00460206],[1.97179663]
[3.04698085],[0.99616171],[1.94071806]
[3.05358279],[0.9913214],[1.92121784]
[3.0501434],[0.98436978],[1.89409335]
[3.03886759],[0.97555933],[1.86741815]
[3.03600368],[0.96810063],[1.82862843]
[3.02973617],[0.95531388],[1.7937946]
[3.01876465],[0.94451957],[1.76001216]
[3.00871334],[0.93512862],[1.71504973]
[2.97630292],[0.92296987],[1.67578795]
[2.94289704],[0.91066229],[1.64674974]
[2.90913445],[0.89324899],[1.61537523]
[2.87835509],[0.87093407],[1.56504262]
[2.84687665],[0.84325047],[1.51306804]
[2.81099877],[0.8165042],[1.46414346]
[2.78184711],[0.79880371],[1.42380215]
[2.75863647],[0.76838125],[1.37754435]
[4.13768588],[1.1560233],[4.07008178]
[1.47767403],[0.34698375],[0.23445244]
[0.],[0.],[0.]
[0.37209941],[0.15256824],[0.02668267]
[1.84081182],[0.97834511],[1.3104602]
[1.94079188],[1.05831205],[1.51621919]
[2.09541254],[1.12809381],[1.78621784]
[2.18905791],[1.20287767],[2.02621507]
[2.32764816],[1.26900524],[2.2937985]
[2.39702874],[1.30552366],[2.46286391]
[2.53056767],[1.32296907],[2.63607135]
[2.60000185],[1.33515545],[2.74453986]
[2.74447222],[1.35508914],[2.87549251]
[2.78807826],[1.37168244],[2.94468029]
[2.88730548],[1.38703683],[3.03830601]
[2.91788078],[1.38203681],[3.07802108]
[2.99485306],[1.36839908],[3.11812711]
[3.04521072],[1.35913479],[3.12874312]
[3.05607206],[1.34720436],[3.11482965]
[3.12559684],[1.34054036],[3.12151061]
[3.12478512],[1.33407747],[3.11124586]
[3.19106326],[1.32967383],[3.10851462]
[3.17273751],[1.32212114],[3.06971833]
[3.26212846],[1.31752382],[3.06656643]
[3.22694174],[1.31199328],[3.03146846]
[3.35024615],[1.30756881],[3.04121755]
[3.30880146],[1.30022186],[2.99861146]
[3.40108033],[1.29237891],[2.99837907]
[3.32910115],[1.28324316],[2.92753828]
[3.401041],[1.26923538],[2.91371132]
[3.33974856],[1.24173729],[2.83879963]
[3.40207564],[1.22388056],[2.8221687]
[3.36222585],[1.22503797],[2.77584853]
[3.42263999],[1.17998223],[2.72310764]
[3.36951306],[1.16245945],[2.6449399]
[3.4185498],[1.14421489],[2.58180496]
[3.37234065],[1.12784588],[2.48550479]
[3.37449153],[1.11021831],[2.4233083]
[3.36966622],[1.09442556],[2.39388244]
[3.37011784],[1.08956041],[2.37018188]
[3.37628531],[1.08446773],[2.35375511]
[3.37257018],[1.0760445],[2.32914208]
[3.35769087],[1.06749292],[2.3046345]
[3.34819559],[1.05833512],[2.25507145]
[3.33222958],[1.04203309],[2.20560917]
[3.31016088],[1.02998669],[2.14801991]
[3.29812615],[1.01040758],[2.07393003]
[3.29580766],[0.98854401],[2.02500661]
[3.2857243],[0.97813417],[1.9932283]
[3.26888479],[0.9629999],[1.958756]
[3.22729267],[0.94573042],[1.90511979]
[3.16800858],[0.9270968],[1.85991437]
[3.11023167],[0.90587014],[1.81015038]
[3.05911886],[0.88264846],[1.7496818]
[3.01270462],[0.8523494],[1.68300127]
[4.70262706],[1.46555916],[5.40922488]
[3.00462188],[0.94336441],[1.81362918]
[1.18646951],[0.29543919],[0.16946094]
[0.28561329],[0.25857156],[0.23558496]
[1.98382869],[1.02573235],[1.39334737]
[2.06185745],[1.11537015],[1.584077]
[2.23169085],[1.18348849],[1.84664619]
[2.34423718],[1.25060139],[2.10735695]
[2.48547824],[1.28903487],[2.2947993]
[2.55997024],[1.32528075],[2.45684917]
[2.78284952],[1.34703024],[2.6525823]
[2.880782],[1.36140186],[2.76690832]
[2.97305879],[1.37895825],[2.86763979]
[3.00436134],[1.39561401],[2.9320417]
[3.06698136],[1.38693486],[2.98667734]
[3.10909267],[1.37694901],[3.00830736]
[3.14120438],[1.36099403],[3.02016301]
[3.23310828],[1.35032912],[3.02777574]
[3.21400148],[1.34194863],[3.00515457]
[3.3013682],[1.33304587],[2.99484807]
[3.2619805],[1.32369859],[2.95479901]
[3.36819804],[1.31687879],[2.9550377]
[3.3250686],[1.30389829],[2.90369387]
[3.48152559],[1.2863691],[2.90870161]
[3.40126411],[1.26935606],[2.85392582]
[3.48729402],[1.25613749],[2.84575926]
[3.40437942],[1.23964287],[2.7908549]
[3.50994882],[1.22606186],[2.77443973]
[3.41581504],[1.21132313],[2.73023349]
[3.52131137],[1.19925463],[2.69642661]
[3.43281902],[1.18149695],[2.64777098]
[3.52617084],[1.16818304],[2.62784641]
[3.47312638],[1.16833935],[2.59515995]
[3.54401163],[1.13545323],[2.57110854]
[3.48587909],[1.12217619],[2.51508665]
[3.54170642],[1.1080588],[2.4911286]
[3.49421102],[1.09518054],[2.43109276]
[3.49704912],[1.08262322],[2.40090736]
[3.49296494],[1.06877463],[2.3765029]
[3.49625574],[1.06439687],[2.35955459]
[3.50550941],[1.05921284],[2.34821478]
[3.50566187],[1.05062624],[2.32920305]
[3.4969194],[1.04012661],[2.305041]
[3.49253081],[1.02761115],[2.26284628]
[3.47693703],[1.01371481],[2.22337489]
[3.45310601],[0.99920009],[2.18028174]
[3.44701233],[0.98138069],[2.13994132]
[3.4607687],[0.9638274],[2.11096382]
[3.46030702],[0.94705015],[2.07808979]
[3.45256457],[0.93003849],[2.04766144]
[3.46005521],[0.92048381],[2.02117757]
[3.44754084],[0.90788096],[1.99346615]
[3.41465608],[0.89269942],[1.94690093]
[3.33648096],[0.87602419],[1.89214302]
[3.26201509],[0.85714011],[1.83758563]
[5.65306598],[1.6151688],[6.11085314]
[3.70272509],[1.06741002],[2.39561953]
[1.9616414],[0.84442287],[0.78492117]
[0.76102141],[0.8236092],[0.71499678]
[2.11374453],[1.13100513],[1.64291097]
[2.24929526],[1.23737155],[1.93253115]
[2.38754935],[1.28333505],[2.157113]
[2.50303137],[1.31975278],[2.3908834]
[2.61831993],[1.34964529],[2.5446331]
[2.71201488],[1.38322018],[2.71698899]
[2.94622841],[1.40791465],[2.90170395]
[3.05201556],[1.4269997],[3.04395636]
[3.11197329],[1.44305712],[3.13232771]
[3.15019653],[1.44457546],[3.1877446]
[3.18585402],[1.43276413],[3.22725718]
[3.25198915],[1.42244006],[3.25416774]
[3.25745736],[1.40784071],[3.24597681]
[3.36623706],[1.40127229],[3.27262451]
[3.32031194],[1.39355254],[3.22277547]
[3.44543078],[1.3865064],[3.22542561]
[3.37750864],[1.37837369],[3.17804721]
[3.54612059],[1.37051227],[3.19813894]
[3.45360076],[1.36120574],[3.12959874]
[3.60154594],[1.35347675],[3.15007637]
[3.47785409],[1.34582997],[3.07779002]
[3.58778236],[1.3348897],[3.08917461]
[3.48127919],[1.31524668],[3.03044814]
[3.62488017],[1.29629536],[3.03582633]
[3.49732525],[1.27827377],[2.97499536]
[3.64043109],[1.26435768],[2.97077094]
[3.52648665],[1.24490411],[2.90270592]
[3.65089068],[1.22686982],[2.89892498]
[3.59786901],[1.23539628],[2.86968993]
[3.66898936],[1.19148699],[2.83280323]
[3.6113503],[1.17762309],[2.77433077]
[3.66298098],[1.16231311],[2.75036192]
[3.61360772],[1.14950909],[2.6815831]
[3.6111034],[1.13574412],[2.64652068]
[3.60257936],[1.12421235],[2.62252622]
[3.60207715],[1.12276035],[2.60604812]
[3.60781876],[1.11633028],[2.58921951]
[3.60467904],[1.11153538],[2.5704686]
[3.5939129],[1.1011195],[2.54501856]
[3.59052101],[1.0918035],[2.50788541]
[3.5812576],[1.07845237],[2.4718519]
[3.56190841],[1.06198121],[2.43216595]
[3.55295717],[1.04201125],[2.3875053]
[3.56670297],[1.01579624],[2.3506849]
[3.571437],[0.99291668],[2.31372798]
[3.58072422],[0.97475668],[2.28317632]
[3.58981466],[0.95948934],[2.25247752]
[3.58450611],[0.94552258],[2.23055305]
[3.56918588],[0.93151131],[2.19991777]
[3.56284466],[0.91827136],[2.1723214]
[3.55553027],[0.90029117],[2.13429543]
[5.82696126],[1.65986583],[6.78611732]
[4.02347541],[1.18968199],[2.96392874]
[2.52923999],[0.9801622],[1.20820336]
[1.04200608],[0.86147115],[0.87021181]
[2.15514401],[1.20489215],[1.78653165]
[2.3796295],[1.30001674],[2.16201339]
[2.50082818],[1.33833506],[2.37295398]
[2.62045702],[1.36982312],[2.58226223]
[2.71586347],[1.4059304],[2.73822491]
[2.89097262],[1.44162181],[2.92585706]
[3.09432348],[1.46192573],[3.14049846]
[3.20542945],[1.47275224],[3.27581294]
[3.25056478],[1.4790745],[3.35226802]
[3.28898946],[1.47891923],[3.40495452]
[3.31265926],[1.46919105],[3.44957087]
[3.3957392],[1.46242921],[3.48019844]
[3.38602386],[1.45018574],[3.47646168]
[3.52173621],[1.4445558],[3.4945863]
[3.44796623],[1.43555778],[3.43497427]
[3.64437443],[1.42885831],[3.48231129]
[3.52160402],[1.42083889],[3.39698786]
[3.73361835],[1.41444158],[3.47361679]
[3.63523262],[1.40550411],[3.38184127]
[3.73243875],[1.39913843],[3.40272253]
[3.60807758],[1.38963239],[3.31418307]
[3.73258251],[1.38250742],[3.3466099]
[3.62013488],[1.37342032],[3.27443409]
[3.76348097],[1.36559485],[3.31341842]
[3.62862596],[1.34386088],[3.22715239]
[3.77358658],[1.32758706],[3.25425301]
[3.65737095],[1.31155035],[3.15968166]
[3.77923353],[1.28418862],[3.17381687]
[3.72697813],[1.30621831],[3.14768904]
[3.79128872],[1.2458699],[3.10372515]
[3.73819092],[1.22665577],[3.03241302]
[3.78298063],[1.20816153],[3.00638331]
[3.73788226],[1.1905322],[2.9269125]
[3.73253742],[1.16836694],[2.88147756]
[3.72249355],[1.16242558],[2.85703081]
[3.719206],[1.16217103],[2.83715733]
[3.72523826],[1.15936237],[2.82657112]
[3.72371844],[1.15672034],[2.80808315]
[3.70869189],[1.14995715],[2.78263577]
[3.70300076],[1.13982182],[2.74155135]
[3.69006724],[1.12783542],[2.70247962]
[3.6672372],[1.1163112],[2.65798092]
[3.65624728],[1.10272975],[2.61288247]
[3.67100485],[1.07882519],[2.57421608]
[3.67363365],[1.05831849],[2.53202818]
[3.6663617],[1.03350794],[2.48135703]
[3.68355929],[1.01157451],[2.44375072]
[3.70849171],[0.98591633],[2.4102684]
[3.72232762],[0.96773896],[2.38382804]
[3.7013281],[0.95234293],[2.34926101]
[3.68145176],[0.93738153],[2.31948622]
[5.94838706],[1.71714517],[7.46751413]
[4.1878731],[1.26558953],[3.54235427]
[2.79908619],[1.04233712],[1.62065557]
[1.53015971],[0.57714481],[0.61332234]
[1.99781389],[1.22603652],[1.74220428]
[2.45242881],[1.32824104],[2.29343291]
[2.60963948],[1.36499913],[2.53543169]
[2.70561106],[1.39379525],[2.7193865]
[2.79505926],[1.46115293],[2.87251601]
[3.02205697],[1.44878306],[3.06376838]
[3.19943821],[1.50200578],[3.276677]
[3.31790895],[1.47335684],[3.4066928]
[3.35756608],[1.49763047],[3.47049956]
[3.39666844],[1.47602702],[3.51766317]
[3.4087783],[1.49634992],[3.54977548]
[3.51018688],[1.470606],[3.58196172]
[3.49068455],[1.48508857],[3.58163347]
[3.69450546],[1.46146864],[3.64634562]
[3.56032989],[1.47944024],[3.5694005]
[3.80624217],[1.44933233],[3.66161613]
[3.70676687],[1.46252041],[3.57299365]
[3.86632454],[1.43239724],[3.64494875]
[3.76884516],[1.44093915],[3.54654762]
[3.86834886],[1.41643232],[3.58290102]
[3.76077994],[1.42272906],[3.4986613]
[3.87777095],[1.40111752],[3.54586271]
[3.76899309],[1.39982132],[3.46918322]
[3.90850634],[1.38239711],[3.51452917]
[3.78119676],[1.378877],[3.42559383]
[3.92445394],[1.3484418],[3.46494579]
[3.81289597],[1.34628764],[3.37547848]
[3.93018741],[1.30410391],[3.39263086]
[3.88133695],[1.31829489],[3.36513247]
[3.93643455],[1.25485115],[3.3027545]
[3.8886886],[1.23417993],[3.22088358]
[3.92562171],[1.2176667],[3.18571801]
[3.88609509],[1.20166026],[3.10249994]
[3.87850422],[1.18433852],[3.06443917]
[3.86668229],[1.18560629],[3.0427656]
[3.86264799],[1.18689077],[3.02724537]
[3.86654376],[1.1822336],[3.01462377]
[3.86649395],[1.18211351],[3.00033583]
[3.84964992],[1.17927264],[2.9805464]
[3.84125213],[1.17543681],[2.95081293]
[3.82710989],[1.16534861],[2.91458029]
[3.79323083],[1.15726606],[2.86947208]
[3.76147083],[1.14899614],[2.81509644]
[3.76023528],[1.12546754],[2.7706697]
[3.75253655],[1.105269],[2.72003829]
[3.73328491],[1.08602329],[2.67146106]
[3.72924651],[1.06654025],[2.61423144]
[3.71769676],[1.04258908],[2.55858356]
[3.70157159],[1.01839787],[2.50501471]
[3.69503714],[0.99721434],[2.46101071]
[3.69431676],[0.97600543],[2.41969664]
[6.21916768],[1.77312701],[8.04343592]
[4.28584385],[1.41360551],[4.11003721]
[2.88110939],[1.18259419],[2.08798264]
[1.65659722],[0.75393013],[0.7085129]
[1.83313577],[1.22394879],[1.58666266]
[2.52238696],[1.3122375],[2.26878453]
[2.68927154],[1.35488202],[2.53108005]
[2.75781652],[1.3781462],[2.71402802]
[2.82640499],[1.46383315],[2.82838657]
[3.04695637],[1.43888145],[2.97745939]
[3.26105579],[1.46225086],[3.16497734]
[3.38442578],[1.43126369],[3.27732553]
[3.41931229],[1.44223988],[3.30120567]
[3.46793074],[1.42729695],[3.34222085]
[3.47443962],[1.43552771],[3.3578623]
[3.52412234],[1.42119051],[3.39567441]
[3.49910215],[1.42172877],[3.40181914]
[3.60728753],[1.40801374],[3.44582482]
[3.55323053],[1.41046528],[3.40764891]
[3.74970495],[1.37675947],[3.44773024]
[3.61709339],[1.38717154],[3.35857833]
[3.86557711],[1.3551641],[3.4252429]
[3.7925336],[1.36017243],[3.33831938]
[3.91759722],[1.29635939],[3.35729675]
[3.80228387],[1.30851697],[3.26203726]
[3.92228455],[1.24937724],[3.28386338]
[3.80243423],[1.25773844],[3.20453666]
[3.94873405],[1.19359143],[3.2253023]
[3.79729193],[1.22067307],[3.13847825]
[3.95182501],[1.15725564],[3.15567637]
[3.82388505],[1.17102128],[3.08016786]
[3.96293718],[1.12167582],[3.09021044]
[3.90759341],[1.13067457],[3.07054437]
[3.98015615],[1.09745588],[3.03839422]
[3.92954598],[1.08378749],[2.98807544]
[3.97726475],[1.07471025],[2.96042647]
[3.93377089],[1.05989098],[2.89648762]
[3.9301312],[1.05135379],[2.86903658]
[3.9161196],[1.05406691],[2.84816421]
[3.91378103],[1.05162017],[2.83409748]
[3.92345247],[1.05141466],[2.82581637]
[3.92260988],[1.05113036],[2.80831371]
[3.89869103],[1.04819756],[2.7820793]
[3.8917256],[1.04181142],[2.74847376]
[3.87089077],[1.03473978],[2.71193836]
[3.83525674],[1.03018832],[2.66692239]
[3.8044853],[1.02510284],[2.6228769]
[3.79499964],[1.01204533],[2.57910386]
[3.78149056],[0.99756204],[2.54163403]
[3.75417121],[0.98331776],[2.49762977]
[3.75447645],[0.97153072],[2.46137789]
[3.74453412],[0.95777989],[2.42317513]
[3.72414525],[0.94565379],[2.3769551]
[3.72340161],[0.9324508],[2.33929837]
[3.72379461],[0.91593968],[2.30059925]
[6.49919079],[1.80417075],[8.53432927]
[4.47628168],[1.49780911],[4.59628094]
[3.07125568],[1.34054886],[2.45983005]
[1.9114288],[0.93446751],[1.01042851]
[2.00488088],[1.23497935],[1.78940105]
[2.56322494],[1.31674755],[2.32510556]
[2.71887546],[1.40190853],[2.61211388]
[2.78716514],[1.42650172],[2.81654859]
[2.84973304],[1.49829757],[2.92305457]
[3.08518354],[1.45946912],[3.06031539]
[3.29996985],[1.47283156],[3.24013497]
[3.42280865],[1.44529989],[3.35384246]
[3.45658494],[1.45486499],[3.39031018]
[3.50786063],[1.45025983],[3.44167702]
[3.51371472],[1.44806171],[3.46349059]
[3.54858877],[1.44317311],[3.49358256]
[3.54291362],[1.4333909],[3.48651406]
[3.62524398],[1.41659598],[3.51153575]
[3.57355254],[1.41741171],[3.4633802]
[3.76047567],[1.38453836],[3.4927937]
[3.62951943],[1.39162615],[3.39858823]
[3.87880805],[1.35694237],[3.45355976]
[3.7874728],[1.35535596],[3.36284274]
[3.92939792],[1.29304188],[3.38424991]
[3.79244925],[1.30794722],[3.29108263]
[3.91800103],[1.25207631],[3.30926647]
[3.77755983],[1.25972415],[3.22607004]
[3.93951666],[1.19910093],[3.24761802]
[3.76717126],[1.22468928],[3.16017566]
[3.93934397],[1.16057537],[3.17828062]
[3.79356007],[1.1775946],[3.10260705]
[3.95018744],[1.12408448],[3.10884756]
[3.88861426],[1.13564411],[3.09043736]
[3.97956681],[1.10400356],[3.06422958]
[3.91060062],[1.09094035],[3.00504169]
[3.98251615],[1.08177047],[2.98837212]
[3.92909021],[1.06498162],[2.92598504]
[3.92996939],[1.06262799],[2.90851193]
[3.92147687],[1.06463077],[2.89242983]
[3.92739711],[1.06036985],[2.88464164]
[3.94304113],[1.06026181],[2.8814546]
[3.93951957],[1.05912456],[2.86330018]
[3.91213459],[1.05685334],[2.83731378]
[3.90725876],[1.05152612],[2.80229927]
[3.88601779],[1.04674136],[2.76608413]
[3.84627215],[1.04335276],[2.72555431]
[3.81987837],[1.03968386],[2.69491512]
[3.81668062],[1.02949659],[2.6620615]
[3.81827564],[1.01501504],[2.62258765]
[3.79804074],[1.00151928],[2.57765231]
[3.79342464],[0.99047467],[2.53911993]
[3.78001511],[0.97691883],[2.49878374]
[3.75977519],[0.96592936],[2.4572653]
[3.75232101],[0.95422711],[2.42450721]
[3.75826515],[0.93971323],[2.39264377]
[6.72419795],[1.9219879],[9.04427416]
[4.64480926],[1.55313894],[4.98989144]
[3.26335589],[1.45264783],[2.82514695]
[2.10542472],[1.05886505],[1.24316958]
[2.16635558],[1.23988606],[1.97454767]
[2.59448399],[1.33074821],[2.40050817]
[2.74806037],[1.43994456],[2.6964373]
[2.8146099],[1.46072604],[2.89450767]
[2.88232438],[1.50738059],[2.98930556]
[3.16106161],[1.47180629],[3.15568687]
[3.35408053],[1.48182338],[3.34206383]
[3.47054705],[1.46744503],[3.46516016]
[3.50312221],[1.46413621],[3.4980145]
[3.55652641],[1.4614294],[3.54858768]
[3.56392673],[1.45806863],[3.56997122]
[3.61185288],[1.4440594],[3.58653048]
[3.58840843],[1.44159812],[3.56669073]
[3.69256535],[1.41639299],[3.59246853]
[3.62080849],[1.41878302],[3.52127357]
[3.84615688],[1.38640912],[3.56479162]
[3.70380362],[1.39441498],[3.463658]
[3.94111946],[1.35169725],[3.52768796]
[3.81227959],[1.35031408],[3.41717962]
[3.92873415],[1.28924533],[3.4263008]
[3.7715622],[1.30335627],[3.33375998]
[3.91535629],[1.24901629],[3.35221953]
[3.75017149],[1.25673375],[3.26661434]
[3.95618327],[1.19741905],[3.29719152]
[3.73787145],[1.21757808],[3.19042812]
[3.97268814],[1.15877188],[3.22537991]
[3.77077988],[1.1732597],[3.13508522]
[4.00557785],[1.12887813],[3.17591677]
[3.93347971],[1.1399351],[3.14840005]
[4.04314132],[1.10506839],[3.13930092]
[3.98255572],[1.09169824],[3.07799359]
[4.04876156],[1.08106368],[3.06565111]
[3.98298361],[1.07014175],[2.99695924]
[3.96868935],[1.06860598],[2.97566851]
[3.94479244],[1.06889217],[2.95575881]
[3.93836302],[1.06932591],[2.94466988]
[3.94989102],[1.06541043],[2.93205037]
[3.94044952],[1.06330461],[2.9122705]
[3.9103486],[1.06452468],[2.88437695]
[3.90465777],[1.06485722],[2.85006666]
[3.87814884],[1.06097316],[2.80816988]
[3.83223437],[1.05760419],[2.76298263]
[3.8025675],[1.05377927],[2.72558329]
[3.79790213],[1.04480339],[2.69271432]
[3.8054434],[1.02993884],[2.65656025]
[3.78638938],[1.01515726],[2.61030727]
[3.78427746],[1.00215415],[2.56294109]
[3.77412642],[0.98892443],[2.52204587]
[3.74896963],[0.97881386],[2.48019654]
[3.74450354],[0.96504824],[2.44469477]
[3.74637688],[0.9526419],[2.41333542]
[6.74011611],[2.0279279],[9.36193243]
[4.76554384],[1.59683258],[5.23548943]
[3.34557319],[1.51011868],[3.00447761]
[2.18377817],[1.15693229],[1.4324177]
[2.23612182],[1.2548195],[2.11681214]
[2.6241175],[1.34372257],[2.46710551]
[2.7743876],[1.47216372],[2.76532803]
[2.84283933],[1.48475349],[2.95166533]
[2.91633532],[1.51348139],[3.04197103]
[3.23388674],[1.48024482],[3.23142284]
[3.40554615],[1.48786947],[3.4139319]
[3.52508061],[1.47351835],[3.55440836]
[3.55508026],[1.46805383],[3.57487248]
[3.60283219],[1.46288462],[3.61697806]
[3.60675511],[1.46048132],[3.6264189]
[3.66693706],[1.44039306],[3.65696425]
[3.62696657],[1.44369539],[3.62175499]
[3.79136275],[1.41756301],[3.65219038]
[3.66400873],[1.41958876],[3.56369496]
[3.92098361],[1.38595461],[3.62203209]
[3.80716858],[1.3947293],[3.52120464]
[3.94321013],[1.34477197],[3.54741508]
[3.79221633],[1.34398284],[3.43719359]
[3.97132787],[1.28392117],[3.47045997]
[3.75531581],[1.29743111],[3.3563345]
[3.97601134],[1.23942472],[3.38933421]
[3.76877183],[1.24679585],[3.28156624]
[4.01734642],[1.19039674],[3.33419983]
[3.78786302],[1.2145686],[3.22381212]
[4.0374805],[1.15762597],[3.27559916]
[3.86464675],[1.17193023],[3.18459155]
[4.07003152],[1.12975754],[3.23112707]
[4.01005582],[1.14129679],[3.20643603]
[4.10297857],[1.10421182],[3.19986245]
[4.0537476],[1.09176418],[3.14130981]
[4.1078158],[1.08176463],[3.13006782]
[4.05274811],[1.07396863],[3.06432845]
[4.0393558],[1.07105413],[3.0408246]
[4.01884668],[1.07120839],[3.02052111]
[4.01286493],[1.07149975],[3.00660391]
[4.02000291],[1.07163211],[2.99595599]
[3.98458814],[1.07254349],[2.96350653]
[3.91484704],[1.0741556],[2.92208616]
[3.88590046],[1.0748924],[2.88199941]
[3.85828855],[1.07112866],[2.83455358]
[3.80973095],[1.06839267],[2.78585382]
[3.77941134],[1.06542634],[2.74675524]
[3.77062305],[1.05777259],[2.70850571]
[3.78455143],[1.04254117],[2.66823847]
[3.76732118],[1.02737292],[2.6209676]
[3.77258204],[1.00883455],[2.56558079]
[3.76411785],[0.99532691],[2.52261152]
[3.73765518],[0.9846089],[2.48383436]
[3.72908133],[0.97321388],[2.45035744]
[3.73427184],[0.96118291],[2.41908712]
[6.7124469],[2.06670834],[9.37563309]
[4.72045219],[1.60204416],[5.26596918]
[3.39970835],[1.49828002],[3.13431418]
[2.23260478],[1.2040991],[1.53079642]
[2.26661072],[1.15039408],[2.04462971]
[2.64827242],[1.27859466],[2.34821012]
[2.79754301],[1.43354967],[2.62262356]
[2.86544361],[1.41482556],[2.76475834]
[2.97710661],[1.444841],[2.84607875]
[3.29506943],[1.39985304],[2.99692919]
[3.46309087],[1.40674755],[3.18538393]
[3.56881827],[1.36271532],[3.29948912]
[3.59053754],[1.3647749],[3.31568969]
[3.63205103],[1.30919623],[3.32685177]
[3.62946255],[1.32036317],[3.32422611]
[3.69962067],[1.26153824],[3.33637973]
[3.65552764],[1.2736296],[3.2966283]
[3.86863039],[1.23170365],[3.33899348]
[3.72166887],[1.23868621],[3.25004627]
[3.99824525],[1.19156805],[3.34159602]
[3.85037975],[1.20858935],[3.23356712]
[3.99892832],[1.1639066],[3.28141856]
[3.85200238],[1.17412862],[3.1765429]
[4.03046561],[1.121852],[3.23082019]
[3.86564568],[1.14393579],[3.13970802]
[4.03714702],[1.10509994],[3.19059676]
[3.87590406],[1.11478912],[3.09875632]
[4.07177641],[1.09855545],[3.16382845]
[3.89536879],[1.09354493],[3.07058383]
[4.09232375],[1.09356621],[3.13579417]
[3.95855381],[1.07755368],[3.06225186]
[4.12390292],[1.0890409],[3.11873754]
[4.07995832],[1.08022764],[3.09821449]
[4.15306713],[1.06905669],[3.10565003]
[4.11789495],[1.05513963],[3.05153528]
[4.16509152],[1.04176423],[3.04860003]
[4.12575462],[1.03281984],[2.99063362]
[4.11178372],[1.02621868],[2.97050662]
[4.09520266],[1.0211978],[2.94361708]
[4.08674828],[1.01789872],[2.92504972]
[4.08772065],[1.01318254],[2.90732552]
[4.05441414],[1.00440778],[2.86723786]
[3.99633258],[0.99576913],[2.81674324]
[3.96624909],[0.9883745],[2.77767766]
[3.90729583],[0.98358117],[2.7190533]
[3.80638749],[0.98108551],[2.64424362]
[3.7754835],[0.97882365],[2.59676841]
[3.76454641],[0.97223556],[2.55177461]
[3.7742881],[0.96418254],[2.51234746]
[3.76023335],[0.95613649],[2.4656613]
[3.7716977],[0.94737468],[2.42179178]
[3.76685573],[0.93693004],[2.38305052]
[3.74286969],[0.92734865],[2.3404084]
[3.73049566],[0.91977184],[2.31044966]
[3.73502628],[0.91250661],[2.28455218]
[6.70715001],[2.07244815],[9.31606447]
[4.684422],[1.59458675],[5.17726455]
[3.35595992],[1.48047341],[3.09208682]
[2.1792015],[1.20000126],[1.56102375]
[2.34433346],[1.18587513],[2.11079382]
[2.68207822],[1.31255234],[2.40641138]
[2.82234672],[1.4504423],[2.66281881]
[2.88455831],[1.42125546],[2.77319108]
[3.04620437],[1.44638476],[2.86702278]
[3.37255121],[1.40803395],[3.07136029]
[3.50497339],[1.40883741],[3.25652503]
[3.60309292],[1.36401102],[3.36446265]
[3.62052425],[1.35651292],[3.36923481]
[3.65533909],[1.30238051],[3.37701785]
[3.64416546],[1.31412943],[3.3704559]
[3.73965385],[1.25808526],[3.38655649]
[3.67419139],[1.27071253],[3.33756479]
[3.97463847],[1.23171949],[3.42851868]
[3.83866835],[1.23773014],[3.32398674]
[4.06711401],[1.19003902],[3.42168536]
[3.94948255],[1.2047018],[3.3106885]
[4.06714393],[1.16531557],[3.36310994]
[3.95810732],[1.17706463],[3.26661671]
[4.09917434],[1.13677448],[3.32373383]
[3.97825928],[1.15049717],[3.23406803]
[4.10761728],[1.12698025],[3.28586248]
[3.99677338],[1.12409986],[3.19667243]
[4.13662524],[1.11844821],[3.250505]
[4.02446902],[1.10554652],[3.17216525]
[4.15642485],[1.11437073],[3.21907368]
[4.06825664],[1.10124337],[3.16043016]
[4.18629927],[1.1100711],[3.19961311]
[4.1599504],[1.10414915],[3.19017996]
[4.21015621],[1.09203438],[3.19870356]
[4.19142073],[1.07981434],[3.1548153]
[4.22588565],[1.06594054],[3.15526507]
[4.20671931],[1.05345989],[3.10336418]
[4.19571433],[1.04329526],[3.08293669]
[4.18296594],[1.0365159],[3.05557919]
[4.17743901],[1.03165662],[3.03503839]
[4.17163015],[1.02553618],[3.01093532]
[4.1469648],[1.01506991],[2.97003802]
[4.10328091],[1.00608927],[2.92070541]
[4.0805792],[0.99742128],[2.88083481]
[4.03811035],[0.98584706],[2.82161237]
[3.96485242],[0.98269555],[2.74437393]
[3.90252562],[0.98020267],[2.68500834]
[3.84853221],[0.97649671],[2.62614905]
[3.82060041],[0.96929436],[2.57808641]
[3.82350991],[0.96086275],[2.53811108]
[3.8428089],[0.95255376],[2.5059899]
[3.84323247],[0.94353224],[2.47085107]
[3.82045118],[0.93756296],[2.42673812]
[3.80991428],[0.93091602],[2.39284906]
[3.80943543],[0.92259837],[2.36117779]
[6.62872827],[2.08524282],[9.35722438]
[4.58407085],[1.60112242],[5.12090136]
[3.26044774],[1.48472528],[3.05071798]
[2.12328732],[1.21580045],[1.56312949]
[2.40873234],[1.21397448],[2.17423209]
[2.72004218],[1.32819417],[2.45656939]
[2.84693862],[1.46078482],[2.6931076]
[2.91112448],[1.42995991],[2.80137164]
[3.16675931],[1.44746322],[2.93209824]
[3.44022145],[1.4100248],[3.14893667]
[3.54927302],[1.40298442],[3.34347658]
[3.6399756],[1.35494694],[3.44701143]
[3.65333559],[1.34873652],[3.44851921]
[3.68588786],[1.29189874],[3.45139635]
[3.67301822],[1.30772566],[3.43756703]
[3.9055752],[1.25070373],[3.50287092]
[3.80771093],[1.26111437],[3.43075876]
[4.07442869],[1.22101632],[3.54314846]
[3.97392313],[1.2301474],[3.44518156]
[4.10976648],[1.18412323],[3.51364493]
[4.00133204],[1.20256076],[3.41111103]
[4.11192014],[1.17318979],[3.46105684]
[4.01436915],[1.17529997],[3.37116998]
[4.14472324],[1.17044679],[3.4263141]
[4.06383209],[1.1554166],[3.35550287]
[4.15254269],[1.16046504],[3.38867652]
[4.09076462],[1.14242],[3.32032739]
[4.1838702],[1.15335456],[3.34279468]
[4.11999128],[1.13627928],[3.28533443]
[4.20646785],[1.15065489],[3.31154919]
[4.16149891],[1.13376416],[3.29181676]
[4.23587101],[1.15569393],[3.32977443]
[4.2316402],[1.14500179],[3.34269012]
[4.27083461],[1.14125639],[3.35488841]
[4.27568519],[1.12318498],[3.30994843]
[4.29936737],[1.10762724],[3.29151033]
[4.29847894],[1.09345671],[3.23625443]
[4.26378078],[1.08409336],[3.19768826]
[4.24379139],[1.07367633],[3.16054737]
[4.23080908],[1.06463602],[3.13257617]
[4.21539258],[1.05179688],[3.1013699]
[4.19035116],[1.0349608],[3.05517361]
[4.15151545],[1.02551432],[3.00486739]
[4.13389537],[1.01633957],[2.96648685]
[4.09961416],[1.00262795],[2.9151606]
[4.03924451],[0.98778807],[2.83845902]
[3.99165144],[0.9857323],[2.77397969]
[3.95657734],[0.98242513],[2.71584935]
[3.90516126],[0.97636385],[2.65537902]
[3.82725581],[0.96821183],[2.5887358]
[3.85140701],[0.95974661],[2.55776107]
[3.85292644],[0.95119001],[2.52146046]
[3.82798253],[0.94472884],[2.47655053]
[3.82122918],[0.93542977],[2.43548115]
[3.82205142],[0.92696627],[2.39403359]
[6.55114812],[2.11722024],[9.48012645]
[4.43299755],[1.62589158],[5.06483369]
[3.15012629],[1.4914063],[2.97297551]
[2.0381928],[1.21220484],[1.4573852]
[2.44644102],[1.06324548],[1.84157969]
[2.74070606],[1.18304565],[2.21125469]
[2.86209446],[1.33607218],[2.43229518]
[2.92655358],[1.27306679],[2.50974338]
[3.256681],[1.28807066],[2.68916129]
[3.48949633],[1.23898885],[2.91632975]
[3.58157514],[1.23509517],[3.1230375]
[3.66454524],[1.1931478],[3.21949537]
[3.67430528],[1.1950826],[3.23467433]
[3.72044091],[1.16118953],[3.26130387]
[3.70247362],[1.16646522],[3.27318935]
[4.01063546],[1.16983317],[3.39411119]
[3.94909593],[1.15288308],[3.34898366]
[4.14179735],[1.16637365],[3.4566222]
[4.04216164],[1.15094045],[3.36211058]
[4.1429589],[1.16485859],[3.41635157]
[4.05050995],[1.15179725],[3.33244687]
[4.14711831],[1.16660772],[3.38530981]
[4.09679733],[1.15599116],[3.34490428]
[4.18138855],[1.17165881],[3.38620736]
[4.15198714],[1.15994675],[3.36985316]
[4.21124223],[1.16824256],[3.38994138]
[4.20240298],[1.14966535],[3.37923703]
[4.26481047],[1.16895939],[3.39851085]
[4.25418752],[1.15006623],[3.40410978]
[4.30966236],[1.17238959],[3.43508021]
[4.30520144],[1.15075265],[3.44757967]
[4.35939474],[1.17278959],[3.47517072]
[4.41254771],[1.16091945],[3.49645238]
[4.40901991],[1.16373975],[3.51176603]
[4.47317407],[1.14551807],[3.48909518]
[4.45941341],[1.13464165],[3.46136224]
[4.51652717],[1.1259765],[3.41659362]
[4.46370907],[1.11826333],[3.36924455]
[4.43589466],[1.10731035],[3.3159826]
[4.41649219],[1.0957115],[3.26924127]
[4.38529959],[1.07832412],[3.20888991]
[4.33023318],[1.05004833],[3.13140887]
[4.27468477],[1.02250333],[3.05009828]
[4.24672634],[1.00215233],[2.98668438]
[4.20614227],[0.98587835],[2.9177459]
[4.14385415],[0.96816447],[2.82965802]
[4.09912176],[0.95418912],[2.76173912]
[4.07206561],[0.94158072],[2.70154158]
[4.03351728],[0.9361436],[2.63477909]
[3.9651916],[0.92745787],[2.56730261]
[3.91489692],[0.91902421],[2.50879133]
[3.88756955],[0.91148158],[2.46682967]
[3.86112866],[0.90443277],[2.41954206]
[3.85067131],[0.89759799],[2.3837306]
[3.85772914],[0.89069838],[2.34894351]
[6.44470086],[2.12782852],[9.50037132]
[4.43114953],[1.63518265],[5.0942086]
[3.0637513],[1.47037147],[2.85789257]
[1.40267267],[1.17489657],[1.14650283]
[2.49337778],[1.1232508],[1.95477775]
[2.76276158],[1.20234551],[2.26856167]
[2.87465429],[1.34615895],[2.47128776]
[2.94910656],[1.27896008],[2.54713832]
[3.33017752],[1.28888918],[2.77031825]
[3.53434349],[1.24235904],[3.00981547]
[3.61098897],[1.2359921],[3.2044729]
[3.6937454],[1.19946837],[3.29637076]
[3.69600551],[1.19696714],[3.32538727]
[3.85490373],[1.18616395],[3.3935318]
[3.81971977],[1.17858367],[3.39980798]
[4.08358031],[1.20396729],[3.53632264]
[4.04360969],[1.19350403],[3.51995842]
[4.19151761],[1.2096636],[3.61972946]
[4.12397771],[1.19810124],[3.55803527]
[4.20720791],[1.2159951],[3.61669841]
[4.15875149],[1.20424489],[3.56990462]
[4.23224941],[1.22243509],[3.62461708]
[4.23734918],[1.2063046],[3.61419919]
[4.29787448],[1.22664412],[3.65656468]
[4.31402109],[1.20936892],[3.65268551]
[4.3586463],[1.22418329],[3.69088602]
[4.37938908],[1.2018057],[3.68728698]
[4.43109145],[1.22175221],[3.72418552]
[4.4564898],[1.20398975],[3.74189035]
[4.49633838],[1.22548234],[3.79048848]
[4.53368026],[1.20802721],[3.8318782]
[4.57304864],[1.22995927],[3.8779528]
[4.70887284],[1.22163118],[3.92963159]
[4.68769641],[1.22622882],[3.94620214]
[4.80868626],[1.20874551],[3.95817179]
[4.7901434],[1.19755617],[3.92283866]
[4.88157141],[1.18935685],[3.90137316]
[4.84464801],[1.18181951],[3.83252249]
[4.80957309],[1.17308304],[3.76606281]
[4.77955368],[1.16481248],[3.70427895]
[4.72883019],[1.14978629],[3.6267217]
[4.64392504],[1.12887567],[3.52774853]
[4.55603519],[1.10282586],[3.41173564]
[4.49620361],[1.07578604],[3.30750659]
[4.43434664],[1.04275212],[3.20762335]
[4.35138641],[1.00635324],[3.08847655]
[4.29835645],[0.98530176],[2.99146319]
[4.26653575],[0.9655715],[2.91114276]
[4.22799108],[0.94687439],[2.82878775]
[4.16555782],[0.9394261],[2.7399125]
[4.11091528],[0.93247505],[2.66535047]
[4.04486689],[0.92496806],[2.59439245]
[3.94748267],[0.91770192],[2.52112056]
[3.94431537],[0.91077853],[2.48425122]
[3.95814725],[0.90293254],[2.45226667]
[6.51392664],[2.14752049],[9.80333074]
[4.46725796],[1.66009991],[5.32965542]
[2.99790743],[1.48330986],[2.95493849]
[1.32538251],[1.19674616],[1.15793992]
[2.54282268],[1.17346881],[2.06455396]
[2.78982563],[1.22932277],[2.34359244]
[2.90761258],[1.36031321],[2.52286207]
[3.0180039],[1.28856964],[2.60688181]
[3.40529941],[1.29458593],[2.88337142]
[3.58275759],[1.24766248],[3.15915094]
[3.6520465],[1.24774665],[3.34809226]
[3.75942529],[1.22812201],[3.49182875]
[3.76416757],[1.23575416],[3.54433445]
[4.00499108],[1.24903695],[3.67363588]
[4.02482046],[1.24823919],[3.7202821]
[4.21302474],[1.26968613],[3.8526639]
[4.20572991],[1.25141117],[3.84401419]
[4.2857988],[1.27352377],[3.92651117]
[4.2435753],[1.25562539],[3.87438689]
[4.31298382],[1.27672381],[3.94048236]
[4.33060656],[1.26029888],[3.93512982]
[4.38419007],[1.28224961],[3.99486219]
[4.43137087],[1.2691072],[4.02742045]
[4.49149757],[1.29046926],[4.0843798]
[4.54200925],[1.2754893],[4.12198872]
[4.59490921],[1.28951573],[4.17675298]
[4.66632696],[1.27290901],[4.22661188]
[4.73816575],[1.29096218],[4.28275442]
[4.79770853],[1.27631728],[4.34367564]
[4.85013038],[1.29589664],[4.3940943]
[4.90442415],[1.28183555],[4.47601174]
[4.95820195],[1.30347364],[4.53354358]
[5.02383799],[1.29371559],[4.58957845]
[5.04940564],[1.29847291],[4.62414045]
[5.11514302],[1.28009803],[4.63206826]
[5.16694472],[1.26928133],[4.61529465]
[5.21140327],[1.26109618],[4.56391]
[5.25938037],[1.25288217],[4.47802751]
[5.21623221],[1.24266328],[4.37816077]
[5.1722627],[1.23311235],[4.28495824]
[5.1110554],[1.22044296],[4.18257526]
[5.00776646],[1.20792453],[4.0589884]
[4.92158994],[1.1879492],[3.91198914]
[4.85360601],[1.16584333],[3.77834577]
[4.77902056],[1.13792473],[3.64779327]
[4.67287543],[1.09754571],[3.49718475]
[4.57713261],[1.06034485],[3.35267301]
[4.50699687],[1.02231294],[3.23186155]
[4.43906013],[0.99833177],[3.12075013]
[4.34223061],[0.97844652],[2.99587529]
[4.28180377],[0.95658206],[2.89463878]
[4.22558167],[0.94085102],[2.79460159]
[4.14314924],[0.93084196],[2.68825014]
[4.06909085],[0.9214703],[2.59640211]
[4.00541537],[0.91172451],[2.5186623]
[6.63249295],[2.18150208],[10.15652967]
[4.60071799],[1.74073605],[5.685371]
[2.99018235],[1.50103812],[3.12873813]
[1.32339077],[1.21289327],[1.24760078]
[2.58708135],[1.22289656],[2.15184512]
[2.81941839],[1.26948306],[2.41934298]
[2.94629879],[1.3738687],[2.58172059]
[3.19252245],[1.3067109],[2.73584713]
[3.47992595],[1.31607712],[3.05228242]
[3.65546657],[1.27290467],[3.36194868]
[3.72610777],[1.28580816],[3.60892787]
[3.94010116],[1.31547862],[3.81222357]
[4.01910125],[1.34420747],[3.90751235]
[4.18406726],[1.36253049],[4.04109915]
[4.21226723],[1.36744061],[4.10533579]
[4.33521177],[1.35718471],[4.24838054]
[4.38273523],[1.34099665],[4.28035273]
[4.44544015],[1.3434391],[4.34519779]
[4.46660023],[1.33129551],[4.3492105]
[4.50447378],[1.35090142],[4.40456868]
[4.61294854],[1.33718194],[4.46578328]
[4.70331024],[1.36096635],[4.56104636]
[4.79788419],[1.3480003],[4.65005666]
[4.88551167],[1.37183296],[4.7560531]
[4.93825595],[1.3563683],[4.83619363]
[4.99409697],[1.37477935],[4.91649856]
[5.03147136],[1.35853493],[4.99865196]
[5.11892506],[1.37675278],[5.0683842]
[5.15317453],[1.36303287],[5.13861191]
[5.2406869],[1.3818976],[5.19359913]
[5.26751032],[1.36999105],[5.28898001]
[5.37644335],[1.38994337],[5.36122495]
[5.41359746],[1.38314882],[5.42121599]
[5.55905892],[1.38410978],[5.525592]
[5.60189299],[1.36366388],[5.52827704]
[5.70757986],[1.34801416],[5.62383309]
[5.77205601],[1.33625167],[5.56731143]
[5.8412924],[1.32450756],[5.51227899]
[5.90066193],[1.31103194],[5.35404905]
[5.82271251],[1.29758389],[5.17450345]
[5.72369247],[1.28283361],[4.99687303]
[5.5260734],[1.26886953],[4.76589753]
[5.34339986],[1.2508139],[4.53499385]
[5.23508094],[1.23173899],[4.34837774]
[5.13460933],[1.20980823],[4.1798863]
[5.02218349],[1.17284035],[3.99312906]
[4.94864509],[1.13786865],[3.82112658]
[4.87053104],[1.10249001],[3.65461881]
[4.79352209],[1.0622695],[3.49946006]
[4.69464567],[1.02504045],[3.34267497]
[4.53728052],[1.00093867],[3.19198571]
[4.4197565],[0.97749485],[3.07065663]
[4.32981158],[0.95468071],[2.94503881]
[4.26954481],[0.94450546],[2.83806606]
[4.19718061],[0.93386052],[2.73492234]
[6.6763063],[2.20900466],[10.5230036]
[4.72671129],[1.81101396],[5.97024244]
[2.96897206],[1.52126034],[3.27449961]
[1.31464235],[1.23010337],[1.31937289]
[2.58820512],[0.99490865],[1.8453459]
[2.84272405],[1.12550052],[2.24716236]
[2.98079984],[1.25226089],[2.45660201]
[3.28622085],[1.22305558],[2.69364764]
[3.5266657],[1.24010082],[3.10749367]
[3.73432919],[1.29007471],[3.47509778]
[3.7931247],[1.32695171],[3.76387102]
[4.07083402],[1.35556819],[4.00118385]
[4.16247909],[1.38429845],[4.15844414]
[4.28959414],[1.40481065],[4.33107135]
[4.34582249],[1.41467272],[4.44500721]
[4.47064381],[1.4129758],[4.60074644]
[4.59250772],[1.41163808],[4.72166835]
[4.69500186],[1.41162016],[4.83213614]
[4.76252753],[1.41129382],[4.90277756]
[4.82327476],[1.41098064],[4.97965131]
[4.88988934],[1.41306164],[5.10483489]
[4.96608701],[1.42040386],[5.17761622]
[5.04198995],[1.41848868],[5.32059084]
[5.17600744],[1.43322645],[5.39923611]
[5.22862614],[1.42491778],[5.54395334]
[5.33328875],[1.44180958],[5.63044967]
[5.35921427],[1.43098927],[5.82896686]
[5.52317382],[1.44546914],[6.02321846]
[5.5611255],[1.43732729],[6.1441952]
[5.70644275],[1.45352056],[6.27706697]
[5.76539739],[1.4461429],[6.40984088]
[5.89962144],[1.46156202],[6.53836265]
[6.00660464],[1.45623723],[6.65847653]
[6.07226943],[1.45237174],[6.76294926]
[6.1939788],[1.43281026],[6.81120397]
[6.2235452],[1.41700783],[6.82616257]
[6.37755935],[1.40259877],[6.84771379]
[6.41094965],[1.38688175],[6.76649306]
[6.50522397],[1.37267088],[6.67543899]
[6.52593226],[1.35716759],[6.47177892]
[6.46764024],[1.34051701],[6.26400148]
[6.34007065],[1.32444586],[6.00661151]
[6.12380272],[1.30688987],[5.63363176]
[5.88660394],[1.28689756],[5.21273276]
[5.65541107],[1.26716591],[4.86059626]
[5.40697761],[1.23311954],[4.56200142]
[5.30026728],[1.19885538],[4.34055605]
[5.1977145],[1.16469834],[4.11219898]
[5.1017407],[1.12784014],[3.90114028]
[5.01047907],[1.09331344],[3.71544088]
[4.90627717],[1.05453179],[3.52761444]
[4.76959097],[1.01379838],[3.35789228]
[4.58752749],[0.98615495],[3.18778684]
[4.46411649],[0.96328634],[3.06010606]
[4.34223085],[0.94102329],[2.94137328]
[6.46034645],[2.21915585],[10.62553249]
[4.79766139],[1.82499346],[6.05854913]
[2.72118935],[1.51802844],[3.23586079]
[1.28444442],[1.22752026],[1.33509973]
[2.60459243],[1.09138132],[1.94668664]
[2.87460268],[1.18705199],[2.35047335]
[3.07604779],[1.3021662],[2.59604877]
[3.37449349],[1.26500172],[2.92713084]
[3.59770961],[1.30155033],[3.38336291]
[3.85272228],[1.39438333],[3.7939316]
[3.97766087],[1.4326273],[4.09378542]
[4.19226662],[1.45744435],[4.3828681]
[4.29317506],[1.48825302],[4.58107948]
[4.4183439],[1.51075042],[4.76485062]
[4.52780672],[1.51805074],[4.93719234]
[4.6613502],[1.5138575],[5.09713984]
[4.81300303],[1.51166207],[5.30521125]
[4.89226467],[1.51299877],[5.39951198]
[4.93987368],[1.51465907],[5.53134093]
[5.00987547],[1.51564091],[5.57607111]
[5.06043742],[1.51668011],[5.75728389]
[5.19429842],[1.5183107],[5.85830642]
[5.26121436],[1.51680369],[6.08812864]
[5.46698386],[1.51893114],[6.29194053]
[5.53808654],[1.51500165],[6.53728072]
[5.6943926],[1.52424148],[6.75100144]
[5.76451048],[1.5315066],[6.978012]
[5.88830456],[1.53566172],[7.16450071]
[5.98050961],[1.53868115],[7.36766059]
[6.07845011],[1.54519815],[7.48142842]
[6.1861674],[1.55130664],[7.65918782]
[6.28172849],[1.55485268],[7.76028783]
[6.42593116],[1.55112219],[7.9484698]
[6.4759929],[1.56278194],[8.03780962]
[6.56736912],[1.5190828],[8.1040313]
[6.63967287],[1.5005484],[8.11193921]
[6.71334075],[1.4829202],[8.10461265]
[6.81871603],[1.46499557],[8.05476069]
[6.86877708],[1.44751581],[7.92255167]
[7.00028056],[1.42883909],[7.74847531]
[6.99000993],[1.41080908],[7.49153519]
[6.87967234],[1.3907929],[7.21250783]
[6.66605559],[1.3694232],[6.84326541]
[6.45718864],[1.34887945],[6.44027849]
[6.24910832],[1.32854353],[5.98748813]
[5.9953486],[1.29793422],[5.51650475]
[5.75577782],[1.26489216],[5.07352537]
[5.52113388],[1.23148294],[4.69328796]
[5.36240118],[1.19432769],[4.38748229]
[5.25476462],[1.16035904],[4.1448462]
[5.14535618],[1.12346994],[3.93711108]
[5.00167718],[1.08458126],[3.73993071]
[4.86840704],[1.0396289],[3.54084462]
[4.73845371],[1.00511801],[3.3805105]
[4.49661494],[0.98184923],[3.22762103]
[6.56705665],[2.23196879],[10.92034804]
[4.96521015],[1.84441839],[6.30337835]
[2.85008941],[1.53684464],[3.44427658]
[1.48177816],[1.25740074],[1.53611816]
[2.66263704],[1.25491193],[2.14385856]
[2.9295137],[1.26884804],[2.5074844]
[3.21573288],[1.36282128],[2.82081243]
[3.50362047],[1.31100733],[3.25801984]
[3.71441682],[1.41758869],[3.7372692]
[4.0136196],[1.49363711],[4.15323214]
[4.14178827],[1.53307915],[4.50152067]
[4.31285534],[1.56171592],[4.8085411]
[4.4674632],[1.59192103],[5.09213197]
[4.59060541],[1.61424677],[5.27392132]
[4.75651199],[1.62505943],[5.52520315]
[4.87330158],[1.62144772],[5.66838204]
[4.99117589],[1.61443991],[5.92534207]
[5.09805279],[1.61277385],[6.06102725]
[5.14278873],[1.60958129],[6.23508908]
[5.24948372],[1.60949771],[6.3700183]
[5.28898637],[1.60957445],[6.58953424]
[5.50043632],[1.61112835],[6.83741703]
[5.60780858],[1.6103529],[7.07002751]
[5.81969461],[1.60906067],[7.32317469]
[5.97997825],[1.61699198],[7.61135477]
[6.09402174],[1.63286985],[7.82540295]
[6.20991691],[1.64772581],[8.09716958]
[6.29951539],[1.65120221],[8.29322215]
[6.41264082],[1.65418058],[8.566652]
[6.49058247],[1.65973433],[8.71330745]
[6.5699168],[1.66486636],[8.90249507]
[6.68499313],[1.66829072],[9.03407967]
[6.76604646],[1.67491163],[9.19550024]
[6.88454086],[1.68610304],[9.33303605]
[6.94096805],[1.64135555],[9.38021096]
[7.09527749],[1.62791932],[9.4551955]
[7.14668065],[1.58933907],[9.405068]
[7.27946881],[1.54785691],[9.37274524]
[7.32598639],[1.51248492],[9.21678289]
[7.39948066],[1.49292883],[9.05229064]
[7.47331312],[1.47258668],[8.80100118]
[7.40735408],[1.44796019],[8.46827528]
[7.21158985],[1.42735929],[8.05627136]
[7.02009588],[1.40478676],[7.59982455]
[6.79694007],[1.38005551],[7.1151346]
[6.5581167],[1.35222593],[6.62884092]
[6.32692016],[1.32252528],[6.15321049]
[6.08164349],[1.29311913],[5.65652064]
[5.84598228],[1.25731022],[5.11259333]
[5.58991756],[1.22495069],[4.63435349]
[5.39037804],[1.1894368],[4.34855489]
[5.22582001],[1.15318344],[4.09478419]
[5.04269318],[1.11185952],[3.87461055]
[4.94509293],[1.07100248],[3.68674653]
[4.73057721],[1.02770741],[3.50369477]
[6.64587376],[2.2534515],[11.2464878]
[5.12972711],[1.87924122],[6.54045363]
[3.06178018],[1.56871055],[3.63057822]
[1.61759267],[1.27790563],[1.7178276]
[2.73734422],[1.3153154],[2.32274547]
[3.02160053],[1.35325708],[2.67338017]
[3.33024546],[1.42244834],[3.07222575]
[3.64422784],[1.39011294],[3.58593848]
[3.81890901],[1.50782533],[4.09133062]
[4.14046684],[1.58168997],[4.49646054]
[4.27659351],[1.630862],[4.92213762]
[4.44075701],[1.65875046],[5.26819177]
[4.63186729],[1.68441247],[5.60046337]
[4.80122742],[1.70493968],[5.81536666]
[4.93035162],[1.71382804],[6.1034224]
[5.03323214],[1.71211594],[6.298606]
[5.1484686],[1.70862675],[6.61887183]
[5.31715916],[1.70916153],[6.90437546]
[5.36472486],[1.70633212],[7.15248479]
[5.5694029],[1.7031611],[7.40518739]
[5.65686507],[1.69963037],[7.64125591]
[5.85425595],[1.69824014],[7.92320348]
[6.03232391],[1.71164319],[8.22496656]
[6.18334159],[1.72570323],[8.46280143]
[6.40696287],[1.74872067],[8.83286645]
[6.50535158],[1.7703822],[9.07979253]
[6.58554324],[1.78921443],[9.40460976]
[6.70409998],[1.79496217],[9.67533941]
[6.75933179],[1.80103726],[9.95416319]
[6.90960346],[1.80741343],[10.19543071]
[6.94703125],[1.81797218],[10.36997025]
[7.15667815],[1.8289375],[10.60589696]
[7.22115896],[1.84441707],[10.7533091]
[7.34670871],[1.85053647],[10.91568953]
[7.39607246],[1.8381013],[10.97164547]
[7.4821247],[1.79422732],[11.0280205]
[7.58426333],[1.74078906],[11.01037142]
[7.64638267],[1.6996871],[10.91673434]
[7.7738235],[1.6553415],[10.78231174]
[7.81990448],[1.6038281],[10.53467639]
[7.98026287],[1.57072723],[10.35408775]
[7.99192309],[1.51802215],[9.95908837]
[7.76136863],[1.4869514],[9.46487759]
[7.55171394],[1.46148443],[8.94153249]
[7.34905003],[1.43472014],[8.37149631]
[7.15617537],[1.40321594],[7.79500721]
[6.92276124],[1.37263287],[7.25226873]
[6.68092691],[1.34164351],[6.72147103]
[6.41807597],[1.30899782],[6.17378674]
[6.15074817],[1.27820915],[5.38413724]
[5.90917811],[1.24263565],[4.90072227]
[5.58119902],[1.20563035],[4.49987718]
[5.24588977],[1.16494224],[4.19384589]
[5.09943325],[1.12460712],[3.98115236]
[4.89198896],[1.08257817],[3.77638584]
[6.72183816],[2.27954074],[11.53055007]
[5.24131747],[1.90595079],[6.8154669]
[3.41320834],[1.59387815],[3.93563632]
[1.78861555],[1.29881383],[1.84746621]
[2.78889845],[1.14478974],[2.12840372]
[3.16130936],[1.23330925],[2.57376727]
[3.42651194],[1.32826127],[3.09333813]
[3.76618193],[1.3818015],[3.67081178]
[3.95994872],[1.50554503],[4.23658807]
[4.23747548],[1.59291037],[4.66713828]
[4.42694975],[1.64593922],[5.13617433]
[4.56711561],[1.67587912],[5.51894641]
[4.79710064],[1.70319625],[5.93061899]
[4.9445772],[1.72243397],[6.2106287]
[5.04571088],[1.72807547],[6.53379132]
[5.1724778],[1.72366618],[6.80882057]
[5.29549935],[1.71647805],[7.19595701]
[5.55392559],[1.71678542],[7.61620101]
[5.67625521],[1.73958663],[7.98942385]
[5.86440923],[1.75812177],[8.30849043]
[6.00771609],[1.77822958],[8.62005211]
[6.15843895],[1.7980558],[8.89047818]
[6.37905754],[1.82021182],[9.28980773]
[6.52589294],[1.8394484],[9.57973523]
[6.68518215],[1.8618229],[9.96153233]
[6.90741997],[1.88235345],[10.3064779]
[6.95441076],[1.89932625],[10.61011134]
[7.17329723],[1.91189998],[10.98748954]
[7.21041396],[1.92083633],[11.27639789]
[7.35557882],[1.93153971],[11.5730246]
[7.40471928],[1.94264821],[11.79511915]
[7.52689197],[1.95172798],[12.01151912]
[7.65158958],[1.96401593],[12.23089951]
[7.71455218],[1.96815708],[12.32460046]
[7.85863677],[1.96974336],[12.4833511]
[7.93305327],[1.94525074],[12.50734042]
[8.08646611],[1.91074991],[12.59776186]
[8.13403737],[1.871345],[12.50123534]
[8.21947724],[1.82106381],[12.43124525]
[8.26466813],[1.76496246],[12.19902657]
[8.3294032],[1.70288127],[11.93741481]
[8.43353118],[1.64231471],[11.59852799]
[8.34860977],[1.56976992],[11.06357877]
[8.13615078],[1.51114433],[10.46192665]
[7.94561883],[1.47146246],[9.77156022]
[7.67897223],[1.4390014],[9.05364137]
[7.47152616],[1.40819247],[8.42632895]
[7.28751308],[1.37478746],[7.81315579]
[7.07538077],[1.33938956],[7.20509079]
[6.78363212],[1.30838353],[6.55514827]
[6.51361314],[1.27522086],[5.73315138]
[6.24843852],[1.23985221],[5.07903562]
[5.73398779],[1.20062564],[4.54749886]
[5.30819767],[1.16359678],[4.24106011]
[5.02783546],[1.12351549],[3.99842056]
[6.78301049],[2.29078731],[11.6314271]
[5.45160013],[1.91698671],[7.08392211]
[3.26273541],[1.60171335],[3.82684251]
[1.87829688],[1.30121102],[1.93048159]
[2.80139955],[1.26359255],[2.30652605]
[3.25653381],[1.31402569],[2.75080558]
[3.53424138],[1.39115053],[3.35481779]
[3.89086443],[1.47337331],[3.96321888]
[4.10193645],[1.59172531],[4.57825365]
[4.35415931],[1.67571758],[5.02129563]
[4.58211438],[1.7302209],[5.54585234]
[4.74593627],[1.75799869],[5.95646398]
[4.93359335],[1.77705044],[6.45950527]
[5.06597144],[1.79014453],[6.78991787]
[5.15607168],[1.79521001],[7.19715488]
[5.32815804],[1.7943725],[7.56876853]
[5.48947294],[1.82222537],[8.04178058]
[5.78153438],[1.83902997],[8.53162175]
[5.99769661],[1.86090048],[9.04478892]
[6.14831241],[1.87888857],[9.41211948]
[6.33272748],[1.8998682],[9.83583513]
[6.48107497],[1.91979129],[10.16871445]
[6.6309964],[1.94010671],[10.55299343]
[6.84400541],[1.95759101],[10.94409413]
[6.9664391],[1.9777562],[11.28737841]
[7.26352748],[1.99818749],[11.7294272]
[7.33791618],[2.01673325],[12.05961486]
[7.44595164],[2.02849975],[12.38781419]
[7.55131283],[2.04272064],[12.76231932]
[7.65947336],[2.05166057],[13.05791855]
[7.78855464],[2.06119767],[13.42011271]
[7.93481056],[2.07002608],[13.65545082]
[8.10874091],[2.08011347],[13.96437672]
[8.17795722],[2.08258227],[14.0696571]
[8.27043135],[2.07602767],[14.19702534]
[8.34811106],[2.06122318],[14.25096174]
[8.42600333],[2.03819777],[14.27274779]
[8.54772507],[2.01001152],[14.27859503]
[8.58944804],[1.9708817],[14.1591197]
[8.78625811],[1.93163531],[14.12523867]
[8.84395947],[1.88818463],[13.84572966]
[8.94588598],[1.824109],[13.57418463]
[8.93743264],[1.73623138],[13.03544436]
[8.78095186],[1.64972776],[12.430674]
[8.49990705],[1.58171079],[11.60216108]
[8.26116348],[1.51191579],[10.72765534]
[8.07506062],[1.46793798],[9.9623807]
[7.86582117],[1.43447267],[9.22559124]
[7.6253531],[1.39747626],[8.49868553]
[7.39605389],[1.36135563],[7.74567577]
[7.20297873],[1.32793528],[7.06727924]
[6.90413963],[1.29230224],[6.14666729]
[6.61436205],[1.25322327],[5.3610804]
[5.92502879],[1.21599286],[4.74143244]
[5.23745078],[1.17725075],[4.37480257]
[7.15624142],[2.30855527],[12.10786635]
[5.67016153],[1.94028172],[7.46893351]
[3.49069667],[1.6234959],[4.27617374]
[2.04150701],[1.333233],[2.32714135]
[2.83025599],[1.37107319],[2.57943326]
[3.40068569],[1.39129435],[2.96550574]
[3.65396381],[1.4557873],[3.67739887]
[4.02544445],[1.57155136],[4.32640396]
[4.23140759],[1.68325664],[4.95709172]
[4.49205748],[1.76277612],[5.42629008]
[4.77111822],[1.810407],[6.002294]
[4.91794464],[1.83213544],[6.46981168]
[5.05814344],[1.84849436],[7.04875128]
[5.21311204],[1.85831777],[7.47782206]
[5.30729946],[1.85739987],[7.95153006]
[5.56007656],[1.89165392],[8.38815654]
[5.77912403],[1.93360671],[8.94753299]
[6.07209419],[1.95304204],[9.51121168]
[6.34310677],[1.9739088],[10.18655608]
[6.49010201],[1.9922652],[10.66516966]
[6.62496178],[2.01240586],[11.09671649]
[6.8305369],[2.03032276],[11.511694]
[6.9364328],[2.04898801],[11.87462477]
[7.21945673],[2.06811086],[12.35614113]
[7.34243792],[2.08956822],[12.74665794]
[7.51316074],[2.10911586],[13.12140881]
[7.69188206],[2.12474891],[13.60020152]
[7.78672198],[2.13607101],[13.95426159]
[7.98270398],[2.14921209],[14.43343938]
[8.08969367],[2.15623234],[14.76343161]
[8.2084161],[2.16402231],[15.13237293]
[8.30731446],[2.17178119],[15.47472403]
[8.39278114],[2.18078086],[15.76035193]
[8.52324363],[2.18287383],[16.00543101]
[8.58135808],[2.17648372],[16.09446394]
[8.79203226],[2.15807809],[16.22867822]
[8.8874796],[2.13966854],[16.22012348]
[9.01296031],[2.11766234],[16.19016605]
[9.06807439],[2.08872304],[16.06188286]
[9.12900047],[2.05719646],[15.89180717]
[9.19917647],[2.02149125],[15.72829863]
[9.24673416],[1.96641786],[15.37201351]
[9.35440904],[1.90625416],[15.07526474]
[9.2760241],[1.831427],[14.44281899]
[9.0837903],[1.74723978],[13.71594837]
[8.91172863],[1.67307574],[12.81539781]
[8.65078002],[1.60847369],[11.89070879]
[8.37997369],[1.52839385],[10.97578678]
[8.18570418],[1.46535357],[10.13104704]
[8.01131251],[1.42911979],[9.26927772]
[7.74339386],[1.39079288],[8.43024934]
[7.51075242],[1.35492167],[7.57767048]
[7.27339989],[1.31842899],[6.61116735]
[6.9878952],[1.2815916],[5.65455108]
[5.86862724],[1.24348905],[4.93604148]
[7.44044205],[2.33208591],[12.90871592]
[5.89810582],[1.9780605],[7.80172418]
[3.86483943],[1.66029562],[4.60331544]
[2.10097453],[1.36414145],[2.75688579]
[2.86074873],[1.424429],[2.82057456]
[3.53351068],[1.45469997],[3.18864127]
[3.76274126],[1.54032406],[4.01252781]
[4.13672378],[1.65804524],[4.70304925]
[4.37204572],[1.76419951],[5.3314636]
[4.61509597],[1.83790304],[5.8258124]
[4.92891983],[1.87655418],[6.45099177]
[5.08960945],[1.89366374],[6.98550673]
[5.20270092],[1.90589426],[7.66181089]
[5.37279174],[1.91624645],[8.15883133]
[5.49020273],[1.952756],[8.72078789]
[5.79868567],[2.00392003],[9.28511564]
[6.09392867],[2.04571355],[9.97727107]
[6.39538188],[2.06717638],[10.62098332]
[6.60898324],[2.08838503],[11.35974108]
[6.83859253],[2.10584165],[12.00584547]
[6.93061966],[2.1242626],[12.48919854]
[7.20724895],[2.14244782],[12.9926696]
[7.31728174],[2.16097148],[13.4130014]
[7.48504213],[2.17712381],[13.82803657]
[7.66906613],[2.19533801],[14.3631375]
[7.85099595],[2.21222723],[14.7544979]
[8.10891591],[2.22543067],[15.26103628]
[8.21646727],[2.23619557],[15.67595667]
[8.32562883],[2.25262107],[16.10883715]
[8.419797],[2.26816645],[16.61977964]
[8.49083387],[2.27945592],[16.9652834]
[8.6995369],[2.28298298],[17.42836837]
[8.81717121],[2.29377171],[17.76550643]
[8.98676573],[2.30427458],[17.97952912]
[9.05875667],[2.31970625],[18.15625527]
[9.15656507],[2.32997229],[18.19437071]
[9.21420248],[2.31497986],[18.26624827]
[9.25431533],[2.27685832],[18.17095769]
[9.37998729],[2.23810606],[18.1916478]
[9.45387011],[2.19172226],[17.96938109]
[9.67214135],[2.148093],[17.87114687]
[9.74236218],[2.10115027],[17.57153377]
[9.80152556],[2.05129757],[17.18757888]
[9.78476986],[1.99147868],[16.68045799]
[9.66238376],[1.93424425],[16.01212819]
[9.33724789],[1.86379666],[15.07932326]
[9.12591196],[1.77450417],[14.031792]
[8.98459738],[1.71716762],[13.11572434]
[8.7847394],[1.62750202],[12.162488]
[8.47734895],[1.50280801],[11.06273192]
[8.27512877],[1.46297457],[10.0742606]
[8.13836319],[1.41949637],[9.12724853]
[7.90619661],[1.37829842],[8.0978115]
[7.61008585],[1.34251163],[6.97402793]
[6.93621563],[1.30242866],[5.84476183]
[7.99494791],[2.36267535],[13.61048235]
[6.22692093],[2.00986962],[8.26574921]
[4.18932376],[1.69655112],[4.91547622]
[2.32695964],[1.392502],[3.08399985]
[2.85965669],[1.28893636],[2.72626706]
[3.63325526],[1.33388774],[3.09937783]
[3.87884745],[1.50349321],[4.06376142]
[4.23593527],[1.64678247],[4.79716848]
[4.49701243],[1.75733918],[5.44446577]
[4.7870066],[1.82296628],[5.96822923]
[5.0787717],[1.86066669],[6.66664713]
[5.25191949],[1.87931356],[7.31842057]
[5.3407677],[1.89835198],[8.06361843]
[5.58848523],[1.94614175],[8.63246111]
[5.74827741],[2.01008649],[9.33510285]
[6.0487137],[2.06093912],[9.94183295]
[6.38559357],[2.10002581],[10.72945024]
[6.65906961],[2.11914805],[11.43578638]
[6.88776727],[2.13815551],[12.16665277]
[7.17993949],[2.15515377],[12.95278155]
[7.28995893],[2.17595986],[13.59841835]
[7.47191904],[2.19424649],[14.11987178]
[7.64360861],[2.2127815],[14.70031028]
[7.78847126],[2.23162851],[15.13826892]
[8.06028548],[2.25837785],[15.69450431]
[8.21829906],[2.28217721],[16.19574092]
[8.37407607],[2.30981113],[16.66533954]
[8.53737382],[2.32938974],[17.2652233]
[8.61347983],[2.35526468],[17.72206231]
[8.86448144],[2.38484139],[18.2552616]
[8.94218158],[2.42364439],[18.69554192]
[9.11597104],[2.46104758],[19.14084187]
[9.19860212],[2.48058999],[19.6152019]
[9.26477193],[2.49104846],[19.82060735]
[9.34884059],[2.50562908],[20.09217914]
[9.40796925],[2.51256644],[20.13810477]
[9.6275246],[2.49866787],[20.26114568]
[9.71110682],[2.46895929],[20.2188892]
[9.84384228],[2.43026047],[20.15981744]
[9.90702645],[2.38476266],[19.97651045]
[9.97238741],[2.33804751],[19.72671422]
[10.02586334],[2.28910528],[19.56433916]
[10.03732993],[2.2368226],[19.16546017]
[10.04782691],[2.17914694],[18.78010862]
[10.00902382],[2.11086883],[18.11721685]
[9.90388253],[2.03000844],[17.19323908]
[9.72479629],[1.95380779],[16.19134809]
[9.43196662],[1.88056905],[15.18111546]
[9.15524395],[1.80133613],[14.07795535]
[9.02348104],[1.6955009],[13.01485728]
[8.83744478],[1.57646912],[11.94808097]
[8.56348413],[1.46252855],[10.7955076]
[8.32778471],[1.41960011],[9.61152407]
[8.19199531],[1.38389627],[8.47436849]
[7.78089875],[1.34574244],[7.24374593]
[7.80758913],[2.38312542],[13.96211585]
[6.57379762],[2.02833832],[8.69306326]
[4.48929039],[1.71734641],[5.11830741]
[2.45049732],[1.40238605],[3.13004286]
[2.84014835],[1.37226291],[2.88844476]
[3.71038493],[1.36442547],[3.2871735]
[3.98672787],[1.61347546],[4.36070711]
[4.33078603],[1.72074301],[5.09705071]
[4.60469168],[1.82679636],[5.79359529]
[4.99332074],[1.88316534],[6.37835103]
[5.24207212],[1.91709488],[7.17064417]
[5.41877258],[1.94587513],[7.92402635]
[5.53371297],[1.98277123],[8.70612812]
[5.82643277],[2.04008425],[9.40808833]
[6.01709694],[2.10277752],[10.20454488]
[6.31054298],[2.14838964],[10.86752749]
[6.60942897],[2.18324952],[11.7029586]
[6.93957601],[2.20059135],[12.50534192]
[7.2147522],[2.22041681],[13.35454289]
[7.43786383],[2.23689004],[14.12598213]
[7.60438273],[2.25707805],[14.96962268]
[7.77025264],[2.28867666],[15.58121586]
[8.01981559],[2.31794856],[16.17055945]
[8.1683195],[2.34167522],[16.7162931]
[8.31985061],[2.36906102],[17.21331031]
[8.50920105],[2.39162619],[17.87395188]
[8.63292927],[2.4247772],[18.36668919]
[8.94805566],[2.46774179],[18.96201389]
[9.06562479],[2.51310797],[19.48814102]
[9.16834118],[2.54905696],[19.98303478]
[9.27484745],[2.58058769],[20.55654612]
[9.42987007],[2.60256268],[21.00385124]
[9.51657623],[2.61820747],[21.50261016]
[9.62047951],[2.6333943],[21.81348855]
[9.81132589],[2.64978118],[22.09206396]
[9.89202047],[2.65266871],[22.22626601]
[9.97392877],[2.64519482],[22.2677977]
[10.0313599],[2.62578335],[22.41582924]
[10.08197056],[2.58831298],[22.32222816]
[10.16867108],[2.54908017],[22.31268182]
[10.26265219],[2.51172137],[22.10123867]
[10.50185687],[2.46812974],[21.92188452]
[10.54175965],[2.41903402],[21.51695886]
[10.57178951],[2.36770228],[21.03040489]
[10.54312618],[2.29488295],[20.41845293]
[10.42032183],[2.21581476],[19.59534201]
[10.06004064],[2.13750734],[18.53270528]
[9.94308829],[2.0626712],[17.40510628]
[9.77878642],[1.98807499],[16.28435653]
[9.51408479],[1.87928547],[15.17963661]
[9.19175992],[1.77362628],[14.02058323]
[9.06601229],[1.62208537],[12.87324499]
[8.91007812],[1.49176182],[11.54174836]
[8.66877186],[1.44730872],[10.27301184]
[8.15229724],[1.40861031],[8.85966448]
[8.76857393],[2.41216869],[15.12422315]
[7.08146091],[2.06337622],[9.35401575]
[5.27664693],[1.75031438],[5.69529613]
[2.70916619],[1.42876574],[3.77432985]
[2.85589138],[1.41314535],[3.24558843]
[3.72123803],[1.40550911],[3.56684785]
[4.13652509],[1.71678713],[4.75668932]
[4.44933898],[1.80022323],[5.46904816]
[4.81510845],[1.88937239],[6.22828327]
[5.20368874],[1.94098035],[6.86408248]
[5.40973936],[1.98665301],[7.768493]
[5.69290493],[2.01523804],[8.60767257]
[5.86760241],[2.0770669],[9.5011394]
[6.08100938],[2.13054491],[10.25016998]
[6.31408794],[2.18572824],[11.11756273]
[6.58883523],[2.22410149],[11.87108683]
[6.86254782],[2.25598311],[12.71307477]
[7.25412732],[2.27351053],[13.67991944]
[7.48319873],[2.29268146],[14.53742574]
[7.76029541],[2.32427951],[15.40897588]
[7.99337773],[2.35406891],[16.31409171]
[8.16198071],[2.38639134],[17.06048051]
[8.31648417],[2.41661994],[17.65453913]
[8.50010417],[2.44115675],[18.34064571]
[8.6196831],[2.49142954],[18.86592923]
[8.94367183],[2.53511116],[19.53075933]
[9.10271891],[2.58121363],[20.12767139]
[9.22133102],[2.61840797],[20.64294123]
[9.36073375],[2.66075583],[21.34553763]
[9.49606668],[2.69211844],[21.87091053]
[9.69888628],[2.71827787],[22.45802054]
[9.84710529],[2.73313402],[23.01356458]
[9.98384746],[2.76269431],[23.51959185]
[10.07715576],[2.79272856],[24.0511653]
[10.13006344],[2.81145184],[24.31959067]
[10.20991927],[2.81386866],[24.60254065]
[10.25031703],[2.81263825],[24.66933803]
[10.45024665],[2.79385916],[24.77437759]
[10.55640355],[2.76768054],[24.68934009]
[10.69275514],[2.7265871],[24.57083486]
[10.76286506],[2.68446038],[24.3830579]
[10.82099081],[2.64190194],[24.09686242]
[10.86927949],[2.59155396],[23.96301182]
[10.85365259],[2.54174422],[23.55400085]
[10.86203026],[2.48755377],[23.06177755]
[10.82935223],[2.40970522],[22.20193511]
[10.73224094],[2.32670395],[21.00817713]
[10.5130702],[2.25028225],[19.90735429]
[10.08997485],[2.17437258],[18.70375785]
[9.96657383],[2.06637411],[17.45082465]
[9.81886833],[1.96217687],[16.1966566]
[9.58245023],[1.81774788],[15.01829194]
[9.20966092],[1.65625611],[13.69141884]
[9.10248422],[1.55107083],[12.24197234]
[8.71865723],[1.4829683],[10.79228598]
[9.62261716],[2.44612443],[16.56488714]
[7.76351574],[2.12691643],[10.23434541]
[5.8730316],[1.81828043],[6.37428628]
[2.98281397],[1.45915493],[4.28718725]
[2.87602643],[1.44618506],[3.60639347]
[3.73940263],[1.45563458],[3.82015862]
[4.29217114],[1.80498245],[5.10984598]
[4.56192853],[1.87321889],[5.85873626]
[5.02606108],[1.94823099],[6.66883617]
[5.40658474],[2.00575564],[7.41302235]
[5.68014518],[2.06028284],[8.45019068]
[5.97603919],[2.13150641],[9.39594972]
[6.2049388],[2.19145547],[10.39344259]
[6.37538815],[2.23238443],[11.17930957]
[6.59799922],[2.29273164],[12.14707641]
[6.88089753],[2.31672263],[12.97382635]
[7.15115935],[2.34437427],[13.91411323]
[7.47560811],[2.36327294],[14.85533835]
[7.79046844],[2.39240164],[15.89035681]
[8.11110433],[2.42076917],[16.7934565]
[8.28391778],[2.45112933],[17.68903189]
[8.4890903],[2.48002612],[18.62630233]
[8.61762047],[2.53371959],[19.27359062]
[8.91931205],[2.57707696],[19.93597185]
[9.06342512],[2.62036211],[20.52181723]
[9.21966807],[2.6580675],[21.12801967]
[9.39293736],[2.69843998],[21.87845291]
[9.57073767],[2.73349657],[22.47769452]
[9.8784722],[2.77121138],[23.20688894]
[9.9856673],[2.80654164],[23.80090644]
[10.11304308],[2.84418942],[24.43824151]
[10.38593425],[2.87930553],[25.30853903]
[10.5150308],[2.91511504],[25.87431439]
[10.54862409],[2.95298742],[26.37251715]
[10.55795018],[2.97179303],[26.68075666]
[10.7004646],[2.98184491],[26.95258719]
[10.77563313],[2.99000717],[27.09768547]
[10.85074396],[2.99098963],[27.13841224]
[10.91390805],[2.96488538],[27.29796547]
[10.94722238],[2.92383688],[27.22486605]
[11.02961715],[2.88594222],[27.16288782]
[11.1022657],[2.84399221],[26.9077414]
[11.31274923],[2.79586646],[26.64283835]
[11.29215444],[2.74707171],[26.17258134]
[11.32326134],[2.69213748],[25.66409508]
[11.28861256],[2.62386575],[25.02617794]
[11.1521653],[2.54273466],[24.04454288]
[10.94270647],[2.45200088],[22.78479611]
[10.76741069],[2.36969254],[21.29097978]
[10.55190911],[2.27770135],[19.96312719]
[10.17300356],[2.17607081],[18.69778922]
[9.99730843],[2.04735482],[17.44148568]
[9.85410088],[1.88831322],[16.01220196]
[9.63509321],[1.7508644],[14.65847561]
[8.99346592],[1.65010027],[13.00556949]
[10.17990697],[2.49300062],[18.13264035]
[8.44534047],[2.18092787],[11.27747811]
[6.55426089],[1.87003229],[7.17281514]
[3.61088218],[1.48477979],[4.59085016]
[2.87798281],[1.25936318],[3.67979345]
[3.74030036],[1.43266444],[3.80068432]
[4.41174487],[1.72454524],[5.17167819]
[4.74134042],[1.83984379],[5.9668391]
[5.20360116],[1.91712379],[6.83828501]
[5.60682923],[1.99059184],[7.73333973]
[5.94462577],[2.05312128],[8.87482102]
[6.24297857],[2.15057444],[9.87777223]
[6.4838961],[2.20853276],[10.97304215]
[6.69277221],[2.25543723],[11.84237609]
[6.87079847],[2.30681563],[12.83198783]
[7.16769622],[2.33488672],[13.81372241]
[7.41490905],[2.38675152],[14.80106112]
[7.71497137],[2.43145839],[15.80795893]
[8.11190538],[2.46440243],[16.95713452]
[8.35093956],[2.5121468],[17.91440485]
[8.56922715],[2.5650714],[18.89897235]
[8.8649517],[2.60441226],[19.87365659]
[9.01776836],[2.64777278],[20.64902001]
[9.18173606],[2.68333369],[21.32684904]
[9.40944213],[2.72171016],[22.10864145]
[9.59180556],[2.75809228],[22.77092916]
[9.84045254],[2.79488234],[23.5718817]
[9.98937789],[2.83699191],[24.22996265]
[10.17800489],[2.88807193],[24.95065166]
[10.4131103],[2.93004048],[25.81272417]
[10.55984194],[2.97347442],[26.50043394]
[10.68924128],[3.01690427],[27.28017561]
[10.85394257],[3.05865917],[27.90364784]
[10.93609925],[3.10255669],[28.4053081]
[11.09227633],[3.12397567],[29.04949267]
[11.1611437],[3.15561236],[29.41774826]
[11.20897372],[3.1856335],[29.70708001]
[11.23692624],[3.192566],[29.78011355]
[11.28565491],[3.17513117],[29.83285835]
[11.41934856],[3.13715038],[29.77321881]
[11.5483212],[3.10064074],[29.65554775]
[11.63530653],[3.05638299],[29.55713833]
[11.67245618],[3.01333831],[29.4483891]
[11.70476422],[2.96902081],[29.42011387]
[11.83342299],[2.92408109],[29.01875489]
[11.91097755],[2.86378041],[28.49822447]
[11.92781726],[2.79691019],[27.66790278]
[11.68699129],[2.70176245],[26.13746382]
[11.29089721],[2.60087717],[24.24645705]
[11.02391923],[2.50048785],[22.7262343]
[10.80051031],[2.41708506],[21.15566282]
[10.62935428],[2.29921634],[19.69781048]
[10.27814518],[2.12067737],[18.2521819]
[10.02341107],[1.93506121],[16.83065886]
[9.63209675],[1.80329185],[15.09471299]
[9.88894715],[2.5127898],[19.70284824]
[8.96617778],[2.20995851],[12.34481131]
[7.10378565],[1.90051745],[7.85276022]
[5.23226852],[1.49453329],[5.19476796]
[2.86907565],[1.26491801],[3.66734962]
[3.72396644],[1.49911896],[4.00071591]
[4.51637445],[1.7676298],[5.43700001]
[4.98492171],[1.87384942],[6.33175139]
[5.37814228],[1.95281676],[7.27704886]
[5.80936784],[2.04366588],[8.3244796]
[6.22102633],[2.13475914],[9.60347954]
[6.53109178],[2.22711243],[10.66896552]
[6.77093006],[2.29122166],[11.82902159]
[7.02060278],[2.33468875],[12.81429539]
[7.16610802],[2.38802186],[13.87345601]
[7.42527225],[2.42779917],[14.92430996]
[7.67196883],[2.47347276],[16.03383305]
[8.02898124],[2.54600031],[17.15251704]
[8.30946072],[2.59708173],[18.21683464]
[8.65983758],[2.65527589],[19.37204692]
[8.91903953],[2.69174028],[20.40795226]
[9.11488933],[2.74656236],[21.43705677]
[9.47546468],[2.77680123],[22.52879288]
[9.66666494],[2.82357633],[23.25468738]
[9.7777672],[2.84624414],[24.07269195]
[9.96970943],[2.89244949],[24.78530342]
[10.1305957],[2.933711],[25.49956023]
[10.4613718],[2.9780529],[26.3940444]
[10.60530091],[3.02499609],[27.17249269]
[10.71660795],[3.0642248],[27.94141802]
[10.87939938],[3.11083949],[28.6905169]
[11.15971735],[3.15838621],[29.50302962]
[11.39383632],[3.21314453],[30.4755812]
[11.51700254],[3.27308368],[31.12397354]
[11.53026251],[3.30426965],[31.65714396]
[11.64618428],[3.33645758],[32.11552051]
[11.6901112],[3.3633926],[32.4393728]
[11.76073763],[3.37924279],[32.71598681]
[11.8152716],[3.36379275],[32.86742577]
[11.85705747],[3.33766773],[33.19756815]
[11.97454159],[3.31010577],[33.32002425]
[12.06055822],[3.27739929],[33.31624825]
[12.21548505],[3.24490544],[33.29723639]
[12.33486241],[3.20893779],[33.14756763]
[12.43968077],[3.17125349],[33.00314286]
[12.60700769],[3.12269206],[32.5747084]
[12.61338824],[3.05649513],[31.96080429]
[12.61439417],[2.95331606],[31.09184872]
[12.63845191],[2.84615133],[29.55200063]
[12.6535789],[2.74121578],[26.19749652]
[11.37420758],[2.64166167],[24.1311186]
[11.12970479],[2.54258031],[22.56313897]
[10.87191177],[2.37904624],[20.85049594]
[10.68585099],[2.19057109],[19.17242884]
[10.11488608],[1.97188998],[17.44726325]
[10.59080319],[2.63967517],[23.69684182]
[9.64151856],[2.24797784],[13.77666235]
[7.86141462],[1.9418403],[9.00984876]
[6.15975971],[1.51889601],[6.49573718]
[2.89807319],[1.27005571],[4.15643698]
[3.74237577],[1.55623006],[4.23568938]
[4.54432188],[1.80804721],[5.81533961]
[5.2430272],[1.90493064],[6.75770653]
[5.63310526],[2.00233896],[7.86700525]
[6.03920742],[2.09450765],[9.00328814]
[6.45323728],[2.22517185],[10.36245956]
[6.8265402],[2.30124318],[11.51503995]
[7.06595577],[2.35945605],[12.6760681]
[7.31314714],[2.40997214],[13.80085101]
[7.50924582],[2.46033845],[14.97914938]
[7.70684938],[2.50596258],[16.04834324]
[7.99921566],[2.60181152],[17.33655528]
[8.27990143],[2.69687476],[18.50441049]
[8.55982181],[2.73843137],[19.67451915]
[8.98335963],[2.78787657],[20.94938021]
[9.19380028],[2.82417933],[22.13482063]
[9.62387662],[2.87123536],[23.33634081]
[9.82357136],[2.90658104],[24.4870571]
[10.0518468],[2.94279672],[25.31429988]
[10.2300243],[2.97227319],[26.05231729]
[10.52487577],[3.01139459],[26.96654046]
[10.65006675],[3.05637912],[27.7171025]
[10.75050527],[3.10152557],[28.50712983]
[10.92385102],[3.15159468],[29.34276383]
[11.20971196],[3.19557219],[30.16870676]
[11.41567924],[3.2473596],[31.22719974]
[11.59534668],[3.32202665],[32.10222669]
[11.77099583],[3.38897833],[33.00620501]
[11.96260378],[3.44664386],[33.7440932]
[12.0916183],[3.48124631],[34.33850136]
[12.15516503],[3.50999821],[35.08657383]
[12.2746599],[3.53348545],[35.60182702]
[12.32664417],[3.54389387],[36.10160807]
[12.4777418],[3.53657005],[36.51816451]
[12.58419252],[3.51294049],[36.75937569]
[12.66294204],[3.47627514],[37.02411092]
[12.78774531],[3.44091758],[37.18558387]
[12.87398163],[3.41035835],[37.34076087]
[13.01964834],[3.37964215],[37.28340431]
[13.14609539],[3.34927927],[37.14715934]
[13.23041042],[3.31687218],[37.05314651]
[13.36497241],[3.27092468],[36.64247914]
[13.45551554],[3.20178031],[36.01760075]
[13.62418133],[3.10789609],[35.08811866]
[13.82477139],[2.99309365],[33.35481331]
[13.95082861],[2.88437123],[30.41469587]
[13.60183225],[2.77740923],[26.90524078]
[11.47067596],[2.61532602],[23.75889857]
[11.2194227],[2.45638649],[22.02081621]
[10.66778417],[2.23383414],[20.02661161]
[11.20167298],[3.01466301],[28.05616302]
[10.40343194],[2.51956053],[18.58082616]
[8.5708639],[2.00808783],[10.51100606]
[6.93213601],[1.56883827],[7.54405693]
[2.92831066],[1.30449203],[4.88509078]
[3.76026444],[1.59787319],[4.49767525]
[4.56127818],[1.84463185],[6.13624711]
[5.3506459],[1.9342612],[7.24633348]
[5.89197729],[2.05497949],[8.50220877]
[6.28187175],[2.2008416],[9.79841592]
[6.68119711],[2.3302182],[11.14298674]
[7.09794626],[2.38885082],[12.39777785]
[7.35858511],[2.44116025],[13.57406045]
[7.60012817],[2.48583328],[14.78347357]
[7.84352927],[2.54248885],[16.12511071]
[8.03585286],[2.64679712],[17.368334]
[8.27370556],[2.73749595],[18.66683034]
[8.57590786],[2.82226771],[20.03744665]
[8.9232796],[2.86774304],[21.43312461]
[9.19503754],[2.91672878],[22.63315643]
[9.66452677],[2.95328571],[24.11342253]
[9.91676227],[2.99589056],[25.26359602]
[10.23074193],[3.03036162],[26.35399559]
[10.57374275],[3.06298717],[27.45012521]
[10.69999568],[3.09644542],[28.27017787]
[10.8022395],[3.13066234],[29.08973513]
[10.96130491],[3.17640834],[29.90914898]
[11.25404753],[3.2184846],[30.79361373]
[11.45399036],[3.27754813],[31.94861175]
[11.62375029],[3.35821758],[32.84026635]
[11.77118821],[3.44574092],[33.8892649]
[12.0256996],[3.52238623],[34.82742574]
[12.25265347],[3.57335107],[35.85584506]
[12.42217434],[3.62940426],[36.83152983]
[12.64191319],[3.67097401],[37.60427649]
[12.77414728],[3.69252123],[38.40766512]
[12.90560435],[3.71679382],[39.11606517]
[13.06206039],[3.71974371],[39.77141738]
[13.16017371],[3.73829408],[40.50735396]
[13.30533103],[3.7246362],[40.89101866]
[13.42486379],[3.69154259],[41.22546244]
[13.50940076],[3.65016566],[41.48745481]
[13.63156277],[3.61017722],[41.65686304]
[13.8248419],[3.57179848],[41.75544761]
[14.04888058],[3.53279355],[41.75676411]
[14.19426132],[3.4908484],[41.64616511]
[14.32860052],[3.44583599],[41.44975852]
[14.49671164],[3.37907829],[41.05719753]
[14.65254757],[3.3059242],[40.49920714]
[14.78820751],[3.21829206],[39.51721845]
[14.95162277],[3.14042538],[37.72859449]
[15.12186557],[3.03274256],[35.05784456]
[14.99121995],[2.89444684],[31.12766268]
[14.05153481],[2.73939425],[27.23789635]
[11.30063483],[2.51605879],[23.13001336]
[11.67021069],[3.31179911],[34.7198813]
[11.21130687],[3.14536347],[24.8917119]
[9.42636075],[2.34788521],[14.12870783]
[7.823167],[1.61249554],[8.64098637]
[6.03127067],[1.34114433],[5.87251855]
[3.76544233],[1.5804493],[4.60444602]
[4.56253831],[1.80402761],[6.21686328]
[5.3541138],[1.90700664],[7.51196419]
[6.11912199],[2.0420206],[8.94281896]
[6.50061873],[2.23280104],[10.25641383]
[6.8799112],[2.34525317],[11.64583468]
[7.30400437],[2.39871565],[12.92860726]
[7.64037539],[2.45995009],[14.23934157]
[7.8840963],[2.55417967],[15.53766577]
[8.13432277],[2.65695374],[17.10238139]
[8.36775891],[2.75900694],[18.49197056]
[8.54091387],[2.84594659],[19.91785258]
[8.90788161],[2.92205729],[21.41158384]
[9.20511555],[2.96634014],[22.82685844]
[9.64289116],[2.99941465],[24.1613569]
[9.92680555],[3.03940388],[25.60773636]
[10.32876187],[3.07395262],[26.82323294]
[10.65452697],[3.11061081],[28.0563403]
[10.83416387],[3.13982844],[29.15152173]
[10.98500251],[3.17185965],[30.11781677]
[11.30729196],[3.21059883],[31.09270549]
[11.48889542],[3.27718404],[32.16662595]
[11.63834662],[3.36772035],[33.09446523]
[11.78113788],[3.46472281],[34.27193459]
[12.03208777],[3.5353812],[35.23458523]
[12.24050366],[3.61455501],[36.37892929]
[12.43990887],[3.68075971],[37.54748977]
[12.7236563],[3.73332462],[38.6490163]
[12.97311853],[3.79142834],[39.75500262]
[13.18761133],[3.83379031],[40.67254815]
[13.41968981],[3.84853781],[41.66345562]
[13.57559517],[3.86798578],[42.60346345]
[13.70507461],[3.88493638],[43.33794159]
[13.87797056],[3.93862767],[44.08260563]
[14.04926332],[3.91675292],[44.80028905]
[14.16529994],[3.89582031],[45.27205981]
[14.31357098],[3.85263614],[45.72491969]
[14.55573231],[3.81565257],[46.07114571]
[14.7792479],[3.76968909],[46.28386366]
[14.98156876],[3.73138609],[46.51807413]
[15.15651355],[3.69078614],[46.66176561]
[15.32620297],[3.64326779],[46.60910708]
[15.44840138],[3.58500408],[46.36455979]
[15.59259578],[3.51332586],[45.89762844]
[15.75513096],[3.41234967],[45.20589005]
[15.83087444],[3.32210488],[44.09544362]
[15.9025815],[3.23683796],[42.26335503]
[16.00858502],[3.1510553],[39.61783174]
[15.87258432],[3.01798162],[36.20593683]
[15.225265],[2.81062801],[31.51391845]
