meltWidth,meltDepth,meltArea
[0.],[0.],[0.]
[0.],[0.],[0.]
[0.],[0.],[0.]
[0.],[0.],[0.]
[0.],[0.],[0.]
[0.],[0.],[0.]
[0.],[0.],[0.]
[0.],[0.],[0.]
[0.],[0.],[0.]
[0.],[0.],[0.]
[0.],[0.],[0.]
[0.],[0.],[0.]
[0.],[0.],[0.]
[0.],[0.],[0.]
[0.],[0.],[0.]
[0.],[0.],[0.]
[0.],[0.],[0.]
[0.],[0.],[0.]
[0.],[0.],[0.]
[0.],[0.],[0.]
[0.],[0.],[0.]
[0.],[0.],[0.]
[0.],[0.],[0.]
[0.],[0.],[0.]
[0.],[0.],[0.]
[0.],[0.],[0.]
[0.],[0.],[0.]
[0.],[0.],[0.]
[0.],[0.],[0.]
[0.],[0.],[0.]
[0.],[0.],[0.]
[0.],[0.],[0.]
[0.],[0.],[0.]
[0.],[0.],[0.]
[0.],[0.],[0.]
[0.],[0.],[0.]
[0.],[0.],[0.]
[0.],[0.],[0.]
[0.],[0.],[0.]
[0.],[0.],[0.]
[0.],[0.],[0.]
[0.],[0.],[0.]
[0.],[0.],[0.]
[0.],[0.],[0.]
[0.],[0.],[0.]
[0.],[0.],[0.]
[0.],[0.],[0.]
[0.],[0.],[0.]
[0.],[0.],[0.]
[0.],[0.],[0.]
[0.],[0.],[0.]
[0.],[0.],[0.]
[0.],[0.],[0.]
[0.],[0.],[0.]
[0.],[0.],[0.]
[0.21517201],[0.06282887],[0.00651862]
[2.28748084],[0.13580919],[0.15107894]
[2.18517331],[0.24544696],[0.34997486]
[2.39711224],[0.30946449],[0.50628529]
[2.45219731],[0.34947463],[0.61519896]
[2.4410313],[0.3607126],[0.61698358]
[2.30817927],[0.34039332],[0.56591324]
[2.41495958],[0.35362326],[0.58014148]
[2.28212696],[0.34770312],[0.54192791]
[2.39090178],[0.36034519],[0.54969402]
[2.31167257],[0.36428793],[0.50331972]
[2.28858255],[0.37389674],[0.47683422]
[2.12441215],[0.37142779],[0.42719167]
[2.07209449],[0.37358772],[0.41287675]
[1.86828793],[0.36483794],[0.37097119]
[1.8110383],[0.37083544],[0.3586907]
[1.66989393],[0.35754533],[0.32624781]
[1.64294669],[0.36858113],[0.32112]
[1.53515662],[0.35032369],[0.29010524]
[1.50448808],[0.36116421],[0.28683238]
[1.43267177],[0.33494785],[0.25864068]
[1.40278848],[0.34449547],[0.25431887]
[1.34858587],[0.31979458],[0.23125808]
[1.33273166],[0.32762955],[0.23169462]
[1.29880491],[0.30534767],[0.21353809]
[1.27709198],[0.31511399],[0.21328495]
[1.25212259],[0.29701831],[0.20039023]
[1.23717135],[0.30517996],[0.20179392]
[1.2086576],[0.28360487],[0.18624409]
[1.20316062],[0.29899772],[0.1927367]
[1.2055497],[0.28168648],[0.19014969]
[1.15944348],[0.27542213],[0.17380489]
[1.13695228],[0.26801663],[0.16686062]
[1.12195021],[0.26144008],[0.16097318]
[1.10372623],[0.25121734],[0.15323715]
[1.08115596],[0.24360832],[0.14545695]
[1.05534175],[0.21998769],[0.13178096]
[0.99147013],[0.17237827],[0.09989471]
[0.85921939],[0.1383192],[0.06269172]
[0.67073104],[0.10521187],[0.03434093]
[0.40216285],[0.06369563],[0.01220722]
[0.03078741],[0.00464035],[2.96684202e-05]
[0.],[0.],[0.]
[0.],[0.],[0.]
[0.],[0.],[0.]
[0.],[0.],[0.]
[0.],[0.],[0.]
[0.],[0.],[0.]
[0.],[0.],[0.]
[0.],[0.],[0.]
[0.],[0.],[0.]
[0.],[0.],[0.]
[0.],[0.],[0.]
[5.1967881],[0.12374359],[0.36715781]
[4.64676237],[0.11702395],[0.33615657]
[2.92723957],[0.07010772],[0.12277718]
[1.53515791],[0.30732002],[0.31821025]
[2.47980001],[0.4931867],[0.79944822]
[2.65317639],[0.56881947],[1.10991993]
[2.80003075],[0.68446183],[1.47499529]
[2.74790917],[0.8092761],[1.90872811]
[2.63927458],[0.9194338],[2.11683981]
[2.67251572],[0.97541804],[2.250764]
[2.58157845],[1.00580835],[2.31508353]
[2.58648316],[1.02753408],[2.3930025]
[2.45686233],[1.03655613],[2.3903686]
[2.40953893],[1.03519373],[2.42642253]
[2.45613419],[1.04111827],[2.39209041]
[2.51823363],[1.03407918],[2.40207482]
[2.57373963],[1.03975614],[2.36742577]
[2.63549341],[1.02649949],[2.36262745]
[2.73049866],[1.02312786],[2.32845412]
[2.82555442],[1.0131075],[2.33981914]
[2.85066083],[1.00821686],[2.28716869]
[2.82558218],[1.00325682],[2.28400919]
[2.81698016],[0.9715363],[2.2124495]
[2.79635974],[0.99615669],[2.20998462]
[2.77671733],[0.9301278],[2.13709024]
[2.75782553],[0.973726],[2.14807666]
[2.7452042],[0.89752438],[2.0793408]
[2.75952156],[0.93038256],[2.0812401]
[2.76391449],[0.86494983],[2.02947307]
[2.78522095],[0.88759063],[2.02780119]
[2.79253027],[0.84198861],[1.98301071]
[2.81807612],[0.85694475],[1.98246721]
[2.83127583],[0.83141148],[1.96733427]
[2.8459864],[0.83314211],[1.95999002]
[2.91576461],[0.80593376],[1.95710226]
[2.8859873],[0.79752208],[1.92713742]
[2.95538153],[0.79107048],[1.90659429]
[2.95109073],[0.79111794],[1.90553593]
[2.99638944],[0.78950121],[1.9230389]
[3.03606529],[0.79186984],[1.90982132]
[3.0690249],[0.80203678],[1.86663242]
[3.10776567],[0.79473401],[1.80770215]
[3.15000625],[0.79001885],[1.75677063]
[3.1913188],[0.69297055],[1.5396469]
[3.21450984],[0.67865083],[1.32487955]
[3.1811528],[0.66319743],[1.17673185]
[3.13182238],[0.65288163],[1.14862594]
[3.0761829],[0.64752992],[1.1200434]
[3.03531902],[0.659131],[1.11655485]
[2.96477007],[0.6742714],[1.10613273]
[2.90266002],[0.6809254],[1.07885923]
[2.83713042],[0.66356671],[1.01625276]
[2.77181914],[0.63635502],[0.96259207]
[2.6410947],[0.59746538],[0.88652984]
[2.48209724],[0.55043163],[0.80519937]
[6.32449773],[0.87749013],[5.40247703]
[5.21117992],[0.86679863],[3.79824798]
[5.12489997],[0.81273766],[2.27468958]
[3.65167581],[0.33469401],[0.8779659]
[2.55905733],[0.50994358],[0.91557309]
[2.7271531],[0.5985666],[1.28549866]
[2.85385894],[0.76120516],[1.95023657]
[2.77100903],[0.89301687],[2.11958968]
[2.67426233],[1.01529826],[2.34198479]
[2.68943365],[1.07947333],[2.53984613]
[2.60419261],[1.15264466],[2.66746363]
[2.5708525],[1.16262355],[2.76743824]
[2.55133102],[1.19029093],[2.81438466]
[2.71266177],[1.17429945],[2.88341122]
[2.75439862],[1.19623572],[2.89436349]
[2.82319795],[1.18251291],[2.90794052]
[2.89560255],[1.19577802],[2.91053167]
[2.99025968],[1.17979275],[2.92087602]
[3.07764698],[1.18353482],[2.9319417]
[3.11278116],[1.17489166],[2.93576612]
[3.14121067],[1.17234895],[2.89836001]
[3.15809738],[1.17309913],[2.90039926]
[3.12987737],[1.16726315],[2.83920249]
[3.1145354],[1.16422587],[2.81532172]
[3.08745211],[1.15587584],[2.76209093]
[3.06073094],[1.15033205],[2.73224793]
[3.05639733],[1.12039334],[2.69454534]
[3.05616387],[1.13719922],[2.66485096]
[3.06131448],[1.08070077],[2.62749329]
[3.06885002],[1.10298763],[2.59918978]
[3.07626634],[1.04860112],[2.56769992]
[3.09433568],[1.05667033],[2.54300132]
[3.09522591],[1.0234146],[2.53594546]
[3.11766272],[1.01757352],[2.52056702]
[3.17084846],[0.98899661],[2.52919542]
[3.1475294],[0.97868576],[2.48760353]
[3.20459834],[0.97369703],[2.47592921]
[3.21305192],[0.97135048],[2.46749801]
[3.23551138],[0.96719886],[2.4728675]
[3.26343872],[0.96099582],[2.44775189]
[3.28913792],[0.93389813],[2.3945048]
[3.32352951],[0.90447962],[2.34309254]
[3.3620283],[0.88438057],[2.2976156]
[3.4028421],[0.87305045],[2.23381408]
[3.43417737],[0.84571159],[1.82658305]
[3.43296312],[0.83032394],[1.77867452]
[3.38446145],[0.81541267],[1.71792846]
[3.3266014],[0.80009837],[1.6472117]
[3.27187958],[0.78652795],[1.58902089]
[3.20960083],[0.79106997],[1.5527721]
[3.14432289],[0.79544502],[1.5175442]
[3.06647306],[0.80649333],[1.4912496]
[2.99450843],[0.79315832],[1.43484884]
[2.91474601],[0.75749494],[1.32956076]
[2.81767473],[0.72237406],[1.22712918]
[9.83643479],[1.36116922],[9.64627846]
[5.44915577],[0.96478859],[5.38815655]
[4.85997798],[0.89423076],[3.6725573]
[4.57081827],[0.686804],[1.8940449]
[3.60503175],[0.51919021],[1.46949488]
[2.79632551],[0.60258463],[1.41266948]
[2.87168876],[0.73023245],[1.58533895]
[2.78340845],[0.9516214],[2.24510467]
[2.67137262],[1.07789636],[2.45740382]
[2.62689446],[1.13485453],[2.68617844]
[2.51891018],[1.20875274],[2.78392262]
[2.76807193],[1.22590135],[2.96633736]
[2.949125],[1.24161527],[3.05975469]
[3.07513495],[1.23669129],[3.16638446]
[3.18647312],[1.23882018],[3.1906695]
[3.23238728],[1.23259307],[3.21850588]
[3.34347392],[1.23254213],[3.24738977]
[3.40554247],[1.23537081],[3.29264264]
[3.42656961],[1.23230706],[3.2804741]
[3.46549121],[1.23437622],[3.26920913]
[3.50309417],[1.22176133],[3.25805839]
[3.49375004],[1.22902096],[3.22617064]
[3.4585516],[1.21555781],[3.17923078]
[3.42955633],[1.22070106],[3.13271652]
[3.40412649],[1.20293473],[3.08456807]
[3.36456173],[1.20884735],[3.04270786]
[3.36158426],[1.19168048],[3.00455741]
[3.34946888],[1.19840739],[2.9734341]
[3.35137073],[1.16200974],[2.93264126]
[3.35092499],[1.18557018],[2.90501437]
[3.35013949],[1.12576222],[2.85769061]
[3.36745067],[1.17245598],[2.84218609]
[3.3660411],[1.1157822],[2.8217403]
[3.39121184],[1.13571446],[2.82107162]
[3.41756828],[1.07565309],[2.80665905]
[3.41691579],[1.0592396],[2.7741944]
[3.44874673],[1.05174801],[2.75980739]
[3.47251524],[1.05428499],[2.74754203]
[3.47921789],[1.06161439],[2.74944428]
[3.50243077],[1.04749011],[2.71605299]
[3.52727261],[1.02038013],[2.65778879]
[3.55920678],[0.99819395],[2.58738834]
[3.59449889],[0.98551284],[2.51935161]
[3.63286706],[0.96682459],[2.23972562]
[3.67478648],[0.8959893],[2.12906416]
[3.68826392],[0.87630899],[2.06795739]
[3.65908421],[0.85991651],[2.01653209]
[3.60366378],[0.84461709],[1.93958479]
[3.5470612],[0.82524466],[1.871328]
[3.48049023],[0.81397601],[1.80272069]
[3.41133872],[0.81046904],[1.73420353]
[3.35151631],[0.82015335],[1.68761848]
[3.27279683],[0.81266139],[1.61469646]
[3.17804781],[0.79933981],[1.53688892]
[3.09722094],[0.7808482],[1.45152189]
[11.47483561],[1.46946298],[11.01248577]
[9.36213948],[1.13412273],[7.45940919]
[6.41002863],[0.96932135],[5.57674821]
[4.34526534],[0.83368231],[3.51258098]
[3.6405875],[0.52901211],[1.66482106]
[2.76899542],[0.57260265],[1.56284956]
[2.7155826],[0.61798754],[1.34380604]
[2.44745202],[0.94943298],[1.94191266]
[2.26085896],[1.09390572],[2.30888279]
[2.72555015],[1.16261165],[2.69517615]
[2.89989853],[1.2169629],[2.85807094]
[3.11134424],[1.23695624],[3.08458446]
[3.3144452],[1.24300453],[3.19370329]
[3.4667302],[1.23717125],[3.31351829]
[3.56979375],[1.23701891],[3.35392386]
[3.60532144],[1.23903753],[3.39373232]
[3.70434299],[1.23566073],[3.41800808]
[3.67170285],[1.24393087],[3.40389659]
[3.73572531],[1.23729008],[3.40110413]
[3.76802069],[1.24494404],[3.38548357]
[3.77641047],[1.23297957],[3.37728392]
[3.74828496],[1.24125323],[3.32537936]
[3.7121391],[1.22326669],[3.27593548]
[3.69163354],[1.23006129],[3.2215611]
[3.65890797],[1.20411988],[3.17824855]
[3.64229507],[1.21681036],[3.13842993]
[3.6219164],[1.1659728],[3.09213641]
[3.61872894],[1.20284126],[3.00579602]
[3.61037408],[1.13796653],[3.00013922]
[3.60949225],[1.17469908],[2.85184865]
[3.59627329],[1.12380021],[2.85966365]
[3.6155713],[1.12692512],[2.73814916]
[3.60245877],[1.09209672],[2.70550483]
[3.63360871],[1.10810332],[2.69265684]
[3.63431566],[1.10304249],[2.66759761]
[3.6500894],[1.10988211],[2.65760208]
[3.65699003],[1.11566405],[2.63856032]
[3.68215827],[1.11011243],[2.61750191]
[3.66779424],[1.10987959],[2.61543524]
[3.68550614],[1.0959762],[2.57268032]
[3.70594003],[1.06381638],[2.495555]
[3.73272062],[1.0380873],[2.41689067]
[3.76694304],[0.94944293],[2.34626963]
[3.81383048],[0.9167443],[2.30709121]
[3.86705274],[0.89604133],[2.26499057]
[3.92860331],[0.87652037],[2.2334062]
[3.9108921],[0.85948862],[2.19239796]
[3.85610845],[0.84413692],[2.1322375]
[3.79797414],[0.82588516],[2.06060989]
[3.72928112],[0.81231513],[1.98139807]
[3.65587801],[0.79794471],[1.89562673]
[3.58452348],[0.78937487],[1.81150022]
[3.50969038],[0.77699288],[1.71373572]
[3.43651224],[0.76324472],[1.61265357]
[3.34529247],[0.7564174],[1.51709438]
[11.08308809],[1.52799633],[11.60008031]
[8.81361159],[1.32443769],[7.72874798]
[7.78543794],[1.10528414],[5.94726045]
[6.64090156],[0.9505952],[4.57177506]
[3.81352103],[0.6551374],[2.75980562]
[2.91857204],[0.59953497],[1.67851741]
[2.71811131],[0.69550522],[1.46629837]
[2.37986723],[0.90503969],[1.8174564]
[2.42675542],[1.09482147],[2.4905772]
[3.11958611],[1.18373197],[2.9764375]
[3.30352725],[1.24335462],[3.15298522]
[3.493777],[1.26325243],[3.40220805]
[3.77335629],[1.27295072],[3.53169171]
[3.84912622],[1.27186035],[3.64071793]
[4.03594571],[1.27166891],[3.69782837]
[3.9487596],[1.28818433],[3.71845741]
[4.06522051],[1.28628548],[3.7076812]
[4.00197688],[1.30020622],[3.69948291]
[4.1331359],[1.29264996],[3.6915638]
[3.9915994],[1.30810074],[3.65624009]
[4.03241694],[1.30165723],[3.64737261]
[3.92661397],[1.31613421],[3.59541129]
[3.91925392],[1.30677124],[3.56786021]
[3.86628654],[1.3163981],[3.50974942]
[3.84939661],[1.29127373],[3.46819785]
[3.82683313],[1.30291698],[3.4121279]
[3.80799574],[1.2819118],[3.39138154]
[3.80699744],[1.2917602],[3.25979811]
[3.79895686],[1.26852212],[3.30124515]
[3.79394481],[1.2780315],[3.13766084]
[3.7863905],[1.25299785],[3.1392544]
[3.79597011],[1.25994836],[3.05465544]
[3.78483538],[1.24624372],[3.03214314]
[3.81015705],[1.24421195],[3.01906973]
[3.79619762],[1.23439985],[2.98924757]
[3.8149603],[1.23644726],[2.97087907]
[3.80132238],[1.23212062],[2.94124629]
[3.83293404],[1.22279933],[2.91060461]
[3.81351305],[1.22214547],[2.90217256]
[3.82939757],[1.20927141],[2.86924885]
[3.84655001],[1.18134182],[2.80624316]
[3.86960515],[1.15675051],[2.73468753]
[3.89931215],[1.13517273],[2.68913087]
[3.93864462],[1.09670096],[2.63393071]
[3.99182403],[1.01291854],[2.58515574]
[4.04586954],[0.97060142],[2.55409375]
[4.00451138],[0.93267516],[2.50941938]
[3.95850601],[0.91530302],[2.43519275]
[3.91181139],[0.89484902],[2.36289204]
[3.86193415],[0.87903404],[2.28109441]
[3.80633492],[0.86183142],[2.20027887]
[3.74891974],[0.84161775],[2.10858569]
[3.68243071],[0.8131768],[1.96881618]
[3.60821698],[0.78796992],[1.83195509]
[3.52959748],[0.75685113],[1.69600566]
[10.93532221],[1.56180655],[11.9328188]
[8.81563261],[1.36103341],[8.20580295]
[7.78618908],[1.22808565],[6.33704828]
[6.85798914],[1.07058923],[4.90204509]
[5.20487795],[0.93184014],[3.912156]
[3.22609865],[0.60201555],[2.22957833]
[2.6863291],[0.73312587],[1.61785023]
[2.36251589],[0.83669355],[1.54476938]
[2.71513039],[1.09159331],[2.54467092]
[3.39596425],[1.19315529],[3.11624455]
[3.58159362],[1.2610139],[3.33820772]
[3.73797916],[1.28577957],[3.52952145]
[4.01287665],[1.29590505],[3.73165474]
[4.08489914],[1.30660176],[3.805578]
[4.21701324],[1.30656581],[3.89049655]
[4.22548567],[1.3256826],[3.8661343]
[4.25040003],[1.32228065],[3.8640833]
[4.29119674],[1.33311953],[3.84406137]
[4.27734847],[1.33016947],[3.82880809]
[4.16616941],[1.34562525],[3.77999486]
[4.20293673],[1.33757312],[3.76245447]
[4.0443531],[1.35162967],[3.70235665]
[4.06817605],[1.34234182],[3.68039838]
[3.93886245],[1.35232124],[3.58182221]
[3.96785302],[1.33470183],[3.5960788]
[3.8930671],[1.34282221],[3.45717776]
[3.88396104],[1.32775211],[3.48001364]
[3.87124489],[1.33433579],[3.30345933]
[3.85158013],[1.31880258],[3.33241512]
[3.83576454],[1.32613612],[3.19523606]
[3.83116227],[1.30868174],[3.19831267]
[3.8241065],[1.3180113],[3.13847705]
[3.8214633],[1.30559999],[3.12323859]
[3.84396337],[1.30775654],[3.11506006]
[3.8299948],[1.28565709],[3.08892925]
[3.85442081],[1.28153184],[3.08117602]
[3.85720331],[1.27631136],[3.07354019]
[3.8934426],[1.26373002],[3.04801509]
[3.87616334],[1.24939302],[3.03297944]
[3.89422243],[1.2365014],[3.00919287]
[3.9160651],[1.21779161],[2.95587591]
[3.94240699],[1.19436269],[2.88570294]
[3.9739244],[1.17007005],[2.83049689]
[4.01473369],[1.1321268],[2.78509791]
[4.07047731],[1.04225724],[2.73666674]
[4.12320135],[1.00435764],[2.71094449]
[4.07329177],[0.98251368],[2.65346974]
[4.02732158],[0.96305288],[2.58198879]
[3.97727039],[0.94130718],[2.50942514]
[3.92491399],[0.9318829],[2.43175678]
[3.86754334],[0.9035314],[2.34133703]
[3.80949075],[0.86938432],[2.22961668]
[3.7501081],[0.82648828],[2.06882145]
[3.68694279],[0.78652757],[1.92488529]
[3.62511797],[0.74759401],[1.78456257]
[11.08141299],[1.62456522],[12.50748565]
[8.85068871],[1.43861081],[8.77733735]
[7.82344063],[1.29391685],[6.83563169]
[6.89849077],[1.1554692],[5.24604306]
[5.56695337],[1.0313454],[4.15824442]
[4.36363874],[0.9382234],[3.37514911]
[2.97613147],[0.79566591],[2.08334127]
[2.37287154],[0.91696074],[1.88003975]
[2.69582214],[1.08832879],[2.59433888]
[3.39460938],[1.21679919],[3.21007448]
[3.63678233],[1.28964789],[3.46636877]
[3.77712283],[1.31747018],[3.60940012]
[4.0347111],[1.32326583],[3.76466232]
[4.12533176],[1.32574443],[3.82877171]
[4.22734201],[1.32481384],[3.87920206]
[4.26221326],[1.33966258],[3.87036127]
[4.27554061],[1.33763778],[3.86401698]
[4.32473735],[1.34826829],[3.8444247]
[4.29437085],[1.34992464],[3.82365899]
[4.19853445],[1.36144624],[3.77358385]
[4.19716214],[1.36297566],[3.76210828]
[4.06021365],[1.37138211],[3.69705286]
[4.08514657],[1.36779508],[3.68723849]
[3.9761401],[1.37289894],[3.53635354]
[3.98982685],[1.35796235],[3.58816766]
[3.91649564],[1.36181017],[3.38137656]
[3.91913492],[1.35036893],[3.40737111]
[3.89650331],[1.35231685],[3.26651608]
[3.87569721],[1.34154996],[3.27871245]
[3.8696892],[1.34289612],[3.19995773]
[3.85178973],[1.33351754],[3.17967899]
[3.84244575],[1.33284626],[3.14151634]
[3.84269031],[1.32638096],[3.12564434]
[3.85479944],[1.32404931],[3.11224877]
[3.84142233],[1.31429455],[3.09686202]
[3.86036661],[1.3079577],[3.08570804]
[3.86133552],[1.2922799],[3.07320829]
[3.89845466],[1.2732948],[3.04717023]
[3.88504312],[1.25332852],[3.03514649]
[3.90530903],[1.24489945],[3.01788502]
[3.92860909],[1.22953082],[2.98122565]
[3.95620826],[1.21367809],[2.92277088]
[3.98970264],[1.1982538],[2.87755465]
[4.03147576],[1.13507591],[2.82405262]
[4.09242114],[1.05119757],[2.7795374]
[4.11802901],[1.01463493],[2.74125717]
[4.07267215],[0.99072703],[2.67852244]
[4.02985566],[0.96866966],[2.60178345]
[3.98354667],[0.94078791],[2.50712223]
[3.93051113],[0.90963414],[2.40701457]
[3.87461413],[0.88930356],[2.32586183]
[3.81676928],[0.83840964],[2.19786273]
[3.74216931],[0.75931895],[1.98872031]
[3.66062168],[0.69562997],[1.77420068]
[3.57218579],[0.63280028],[1.57519749]
[11.18884614],[1.68778607],[12.96825259]
[8.90271467],[1.48903576],[9.09583066]
[7.87348343],[1.34375633],[7.07661647]
[6.94082757],[1.21437781],[5.42390409]
[5.54511322],[1.05367433],[4.09495945]
[4.31957446],[0.95994006],[3.25416518]
[2.98289659],[0.78213191],[2.19496485]
[2.10653195],[0.91534659],[1.89727454]
[2.98764669],[1.07272277],[2.63805201]
[3.496865],[1.1950824],[3.07788092]
[3.69798289],[1.24718926],[3.32028636]
[3.81802546],[1.2766077],[3.45409871]
[4.07600253],[1.26844979],[3.60277156]
[4.16623343],[1.27535246],[3.63581544]
[4.26865747],[1.2420555],[3.68029537]
[4.29620557],[1.28447574],[3.6464385]
[4.30813038],[1.24500157],[3.62920389]
[4.34775926],[1.28449194],[3.60557814]
[4.28704298],[1.2505222],[3.57676971]
[4.20066698],[1.2894101],[3.45584572]
[4.18996671],[1.24833919],[3.49848141]
[4.07816588],[1.28447959],[3.32243672]
[4.09622442],[1.2478264],[3.33125043]
[3.99628355],[1.27803839],[3.18052889]
[4.00684229],[1.23334499],[3.17426429]
[3.93316681],[1.25289208],[3.08643862]
[3.94007347],[1.22596631],[3.05213381]
[3.90765911],[1.22189785],[3.01188532]
[3.89271019],[1.22068704],[2.96292182]
[3.87448486],[1.21914497],[2.9494716]
[3.85955294],[1.2128521],[2.89412317]
[3.84035689],[1.21366691],[2.88064124]
[3.84842137],[1.1966575],[2.86502169]
[3.85771521],[1.20532],[2.85424741]
[3.85584896],[1.21084735],[2.84384984]
[3.88235004],[1.21829477],[2.84605535]
[3.88288582],[1.21689957],[2.84109846]
[3.91965847],[1.21009681],[2.82605632]
[3.9070842],[1.20893148],[2.82135225]
[3.92657927],[1.18172801],[2.8096312]
[3.94971853],[1.1308385],[2.77762431]
[3.9779196],[1.09294302],[2.74493591]
[4.01148143],[1.06349232],[2.72246927]
[4.05362808],[1.0262365],[2.702576]
[4.11474204],[0.97775468],[2.68517338]
[4.1840555],[0.95922184],[2.67960929]
[4.13503498],[0.94347894],[2.6422611]
[4.09364264],[0.9299854],[2.59141188]
[4.0496371],[0.9150125],[2.51568668]
[3.9999337],[0.90880797],[2.43802671]
[3.94584903],[0.89095561],[2.3593931]
[3.89111569],[0.85325384],[2.24290953]
[3.8320288],[0.78869985],[2.08398039]
[3.75748774],[0.71111607],[1.89809078]
[3.67992598],[0.64254231],[1.68995619]
[11.41405739],[1.76132478],[13.47551853]
[9.04750966],[1.53097252],[9.43290541]
[8.00251821],[1.38332424],[7.38124364]
[7.0544978],[1.25292509],[5.67235822]
[5.69589624],[1.10701176],[4.26259188]
[4.4157588],[0.91747258],[3.49261551]
[3.00694505],[0.81401647],[2.45356749]
[2.08369015],[0.96003311],[2.54185931]
[3.3046609],[1.10825068],[2.86113161]
[3.55417982],[1.23392469],[3.19107246]
[3.75252599],[1.28343595],[3.43062083]
[3.86649631],[1.29966684],[3.54932987]
[4.12328118],[1.29596239],[3.70310381]
[4.21863814],[1.29727576],[3.73338378]
[4.30858691],[1.26624406],[3.77443982]
[4.34610848],[1.29959823],[3.73243428]
[4.35353175],[1.26166756],[3.71227555]
[4.39783885],[1.29585537],[3.68034119]
[4.32818633],[1.27784301],[3.65501472]
[4.27107966],[1.29922754],[3.51293092]
[4.23326736],[1.280783],[3.56366972]
[4.15858169],[1.29809954],[3.39679913]
[4.16361396],[1.2818962],[3.38726065]
[4.07483367],[1.28825382],[3.26431797]
[4.0818797],[1.26644255],[3.24084597]
[4.01505312],[1.26398266],[3.16631033]
[4.01405678],[1.25846847],[3.12754297]
[3.97850656],[1.25177343],[3.08468834]
[3.97059194],[1.24976587],[3.03101077]
[3.93339393],[1.24805318],[3.00616234]
[3.92590218],[1.24141263],[2.96052498]
[3.89309706],[1.24404642],[2.94538019]
[3.9002624],[1.22724777],[2.93293666]
[3.90890627],[1.23615473],[2.91706374]
[3.90194609],[1.24027805],[2.91164558]
[3.9349656],[1.24983836],[2.91233739]
[3.93638396],[1.2542132],[2.92013092]
[3.98428315],[1.25202464],[2.91481197]
[3.96960147],[1.24944038],[2.91168522]
[3.98474447],[1.22147454],[2.89802087]
[4.00439108],[1.16541568],[2.85625559]
[4.03138686],[1.13016278],[2.8260834]
[4.06485811],[1.10317199],[2.80714697]
[4.10397153],[1.07451604],[2.79591563]
[4.16627622],[1.03738273],[2.7877419]
[4.2327345],[1.00549008],[2.78530268]
[4.1835025],[0.98057897],[2.74515845]
[4.13992467],[0.94977457],[2.68325572]
[4.09731709],[0.93342425],[2.61978272]
[4.05233458],[0.93005643],[2.56011668]
[3.99975266],[0.92227993],[2.48751665]
[3.9489593],[0.89813956],[2.3772037]
[3.89503508],[0.86151904],[2.24020018]
[3.83102434],[0.80521073],[2.08929452]
[3.76394867],[0.73342819],[1.92856546]
[11.41200576],[1.82182804],[13.91657325]
[9.0378775],[1.55319684],[9.72655452]
[8.00182554],[1.4018568],[7.62242625]
[7.05422745],[1.29317708],[5.86224256]
[5.7053403],[1.16114626],[4.45367892]
[4.44042427],[0.9530308],[3.69271738]
[2.96014516],[0.83897152],[2.68868899]
[2.07270587],[0.98300444],[2.75094882]
[3.42682639],[1.13439957],[2.9685514]
[3.60502843],[1.25238873],[3.25647561]
[3.80916699],[1.30508437],[3.51255688]
[3.9243416],[1.31641865],[3.60886204]
[4.16714745],[1.30196452],[3.75723153]
[4.26613984],[1.31202284],[3.790356]
[4.33735635],[1.26971303],[3.80040627]
[4.39361065],[1.30290355],[3.76542694]
[4.39681926],[1.27609699],[3.74440483]
[4.39631582],[1.29821477],[3.69688189]
[4.32339714],[1.29033656],[3.66720198]
[4.2831349],[1.30145071],[3.51944859]
[4.23314903],[1.2915323],[3.55311463]
[4.17297597],[1.30162257],[3.41249178]
[4.17297215],[1.2923639],[3.3905176]
[4.08312277],[1.28352531],[3.28259822]
[4.09458047],[1.27637753],[3.24697944]
[4.02711877],[1.27219646],[3.17660089]
[4.0268231],[1.26578551],[3.13178754]
[3.98536696],[1.25865206],[3.09317379]
[3.9829738],[1.25850436],[3.05143509]
[3.9327813],[1.25648651],[3.02037441]
[3.9312003],[1.24912576],[2.97847404]
[3.88911689],[1.251155],[2.96028991]
[3.89632579],[1.23383212],[2.94657382]
[3.90283422],[1.24387806],[2.92918389]
[3.90134646],[1.25027721],[2.93340873]
[3.93852773],[1.26110606],[2.9347592]
[3.94105413],[1.26632636],[2.94671856]
[3.98903368],[1.2495948],[2.93216291]
[3.97598355],[1.25195091],[2.93434129]
[3.99001534],[1.22594963],[2.92215198]
[4.00822851],[1.17830474],[2.88966446]
[4.03509353],[1.14462003],[2.86309067]
[4.06804361],[1.11729262],[2.84706129]
[4.10633551],[1.08466961],[2.83580853]
[4.16804903],[1.04789591],[2.83091591]
[4.2425481],[1.01577332],[2.83260834]
[4.23219362],[0.9876533],[2.81275138]
[4.18497355],[0.96311912],[2.75579932]
[4.14087847],[0.94895087],[2.70051982]
[4.09736465],[0.94529751],[2.6497607]
[4.04730198],[0.92663313],[2.56644971]
[3.99578754],[0.90195148],[2.46541784]
[3.94276648],[0.87889161],[2.34548816]
[3.88706477],[0.85070259],[2.21651909]
[3.83452159],[0.79673958],[2.07599821]
[11.4210325],[1.90818986],[14.45954398]
[9.03486963],[1.60691267],[10.0015631]
[7.99849089],[1.46554608],[7.8249703]
[7.04809054],[1.3316801],[5.98481211]
[5.69969554],[1.1961824],[4.48957422]
[4.44508246],[0.97485562],[3.76405226]
[2.98981798],[0.85438517],[2.7825607]
[2.0201471],[0.99175015],[2.84107575]
[3.48450923],[1.15351942],[3.0065748]
[3.65932903],[1.26500318],[3.26837058]
[3.85887236],[1.31077507],[3.51319438]
[3.98309009],[1.31812005],[3.62001286]
[4.20850295],[1.29046825],[3.75663635]
[4.30145582],[1.30395687],[3.78213853]
[4.37602424],[1.27612819],[3.77488794]
[4.45544739],[1.27940141],[3.72714513]
[4.41227578],[1.28285141],[3.71187133]
[4.41183079],[1.29066726],[3.62911428]
[4.33766058],[1.29353863],[3.62670234]
[4.30548359],[1.29245461],[3.4549639]
[4.24965349],[1.2916421],[3.45291303]
[4.1983396],[1.29470096],[3.36468134]
[4.19604014],[1.2908759],[3.32535316]
[4.10773823],[1.28043699],[3.23878768]
[4.12075635],[1.27404419],[3.20263862]
[4.04943956],[1.27168823],[3.16100214]
[4.049861],[1.2639245],[3.11164406]
[4.0072585],[1.25615934],[3.08128477]
[4.00538892],[1.25580161],[3.033994]
[3.94897212],[1.2528398],[3.00811109]
[3.95654215],[1.24480914],[2.96497247]
[3.90487713],[1.24655795],[2.94883097]
[3.90198346],[1.21490339],[2.92118556]
[3.9144399],[1.2161518],[2.91171735]
[3.91789245],[1.20829266],[2.90723833]
[3.95532796],[1.21969617],[2.913485]
[3.95668046],[1.22191723],[2.92379799]
[4.0035903],[1.21531053],[2.92086582]
[3.9898779],[1.21772175],[2.92302632]
[4.00443671],[1.19358119],[2.91324376]
[4.02219704],[1.14909629],[2.88607843]
[4.04683269],[1.1172533],[2.86081774]
[4.07938191],[1.09201486],[2.84643158]
[4.11541235],[1.06460562],[2.83960168]
[4.17828536],[1.03304858],[2.83960652]
[4.25425691],[1.0139646],[2.85235381]
[4.28149941],[0.98979083],[2.85147139]
[4.23620451],[0.96306548],[2.80448543]
[4.181536],[0.95330334],[2.75024344]
[4.13329063],[0.95075589],[2.699224]
[4.08237848],[0.92907168],[2.61714293]
[4.03419458],[0.907201],[2.52796242]
[3.98233716],[0.88454085],[2.42688518]
[3.93017992],[0.86424711],[2.3232913]
[3.88259079],[0.83963489],[2.20815997]
[11.38832412],[1.95149878],[14.68741026]
[9.01046338],[1.63446683],[10.11218662]
[7.9756557],[1.48091753],[7.88840194]
[7.01294756],[1.3471549],[5.99722573]
[5.64729592],[1.21130401],[4.2867313]
[4.39206112],[0.97666801],[3.58174882]
[2.93519029],[0.84380889],[2.60051485]
[1.77837402],[0.983836],[2.70565827]
[3.54312015],[1.13300772],[2.81302677]
[3.70287646],[1.22288504],[3.07144136]
[3.91399134],[1.25810531],[3.23837122]
[4.04144241],[1.24988056],[3.36046832]
[4.24060666],[1.23264279],[3.47397014]
[4.33772055],[1.21034264],[3.25932158]
[4.41513668],[1.15198815],[3.30546695]
[4.47542401],[1.14871188],[3.16726555]
[4.40932475],[1.1394073],[3.1854713]
[4.40815273],[1.14864312],[3.12754985]
[4.3365426],[1.14751463],[3.11416871]
[4.31119343],[1.12563444],[3.06144779]
[4.25267616],[1.1160305],[3.03314441]
[4.21114283],[1.12207918],[3.00870763]
[4.19790826],[1.11447917],[2.99303146]
[4.10995141],[1.09456972],[2.94117322]
[4.13072104],[1.08200932],[2.92017745]
[4.05368018],[1.08490754],[2.89797154]
[4.06092681],[1.073475],[2.86345023]
[4.01070972],[1.05867078],[2.83813648]
[4.01337076],[1.0517896],[2.80132283]
[3.95066056],[1.04535959],[2.77553777]
[3.96499404],[1.02203408],[2.74202804]
[3.90929392],[1.03083757],[2.71966728]
[3.8972464],[1.01606889],[2.68710502]
[3.91556762],[1.02299492],[2.70364192]
[3.92290007],[1.01614336],[2.72039031]
[3.95801499],[1.02987096],[2.72645871]
[3.95968162],[1.03973552],[2.74554794]
[4.00586944],[1.0429824],[2.75069448]
[3.99305022],[1.05273581],[2.75945643]
[4.00790024],[1.04141521],[2.7608283]
[4.02576604],[1.01615339],[2.74991727]
[4.05028434],[0.99913153],[2.73728416]
[4.08282151],[0.98607572],[2.72921087]
[4.11852123],[0.97094048],[2.73270022]
[4.18180648],[0.9555637],[2.74241391]
[4.26034694],[0.94417756],[2.76485801]
[4.31169311],[0.93434165],[2.78546935]
[4.27309679],[0.92531311],[2.76541175]
[4.21827431],[0.91970336],[2.72248454]
[4.16518601],[0.91798051],[2.67712548]
[4.11493228],[0.90280233],[2.61236672]
[4.06884006],[0.88782097],[2.5392994]
[4.02050486],[0.87296927],[2.44922113]
[3.96995539],[0.85856816],[2.36090415]
[3.92537845],[0.8422435],[2.27510174]
[11.49292181],[1.97545973],[14.98784161]
[9.08498781],[1.66324732],[10.30221471]
[8.07268957],[1.49607996],[8.05543762]
[7.07721002],[1.36171351],[6.10990139]
[5.72434334],[1.22131753],[4.37233055]
[4.47002022],[0.97448225],[3.67473347]
[3.01951288],[0.93082797],[2.78244606]
[3.17452315],[1.03671138],[2.9017259]
[3.60257527],[1.17089454],[2.87849394]
[3.7565928],[1.25055743],[3.13375488]
[3.98102747],[1.28144826],[3.30952283]
[4.10984248],[1.2748875],[3.44085092]
[4.28377918],[1.26147168],[3.55342492]
[4.39091764],[1.21727632],[3.3387175]
[4.4634822],[1.17289096],[3.38331609]
[4.51015656],[1.17223067],[3.25995125]
[4.44496976],[1.15614034],[3.26069169]
[4.44652103],[1.1644462],[3.21977672]
[4.37756756],[1.1581593],[3.19933025]
[4.37231284],[1.13721247],[3.1587027]
[4.30900488],[1.1306589],[3.13675918]
[4.2841946],[1.13932548],[3.10849549]
[4.25268831],[1.13115583],[3.10064309]
[4.17714691],[1.10842729],[3.03907362]
[4.19862614],[1.09328694],[3.02538317]
[4.13455618],[1.09040713],[2.99442289]
[4.14367936],[1.07211901],[2.95022652]
[4.09124825],[1.06467135],[2.91288925]
[4.09016739],[1.04479744],[2.86931952]
[4.01859151],[1.048247],[2.83601208]
[4.03770512],[1.02537767],[2.80847759]
[3.96941625],[1.03679603],[2.78446269]
[3.94891973],[1.02272477],[2.74575676]
[3.97225637],[1.02961906],[2.76658047]
[3.97362992],[1.02468579],[2.78447875]
[4.01866838],[1.04346287],[2.7965254]
[4.01529336],[1.05311835],[2.81521317]
[4.06339696],[1.04984349],[2.81582572]
[4.04626709],[1.05563475],[2.82007933]
[4.06208759],[1.04669957],[2.822383]
[4.078706],[1.02520078],[2.81288508]
[4.09944487],[1.01039164],[2.80150444]
[4.12850711],[1.00030185],[2.79601282]
[4.15859521],[0.9886533],[2.79817178]
[4.22349424],[0.97500871],[2.8114612]
[4.29495852],[0.96831664],[2.8366949]
[4.34461545],[0.95882818],[2.86100806]
[4.30432655],[0.94918411],[2.84484957]
[4.25141104],[0.9441974],[2.80797446]
[4.19366031],[0.93776497],[2.75499729]
[4.14543552],[0.92029522],[2.68909553]
[4.10119583],[0.90535562],[2.61826996]
[4.05648341],[0.8905359],[2.5323088]
[4.00497324],[0.87788847],[2.44500675]
[3.9565143],[0.86748808],[2.36394413]
[11.52360352],[2.00677614],[15.3644521]
[9.08006585],[1.70225768],[10.58458813]
[8.0857438],[1.52106333],[8.30121885]
[7.07335053],[1.38705691],[6.2975707]
[5.7170914],[1.25240294],[4.47065912]
[4.46268328],[1.00160809],[3.73558551]
[3.00969757],[0.96786508],[2.83768093]
[1.78294412],[1.06188181],[2.93223568]
[3.65663994],[1.18272372],[2.87159399]
[3.80428238],[1.25028025],[3.1112063]
[4.04554766],[1.28516906],[3.31852713]
[4.14084056],[1.27766346],[3.43038188]
[4.30474492],[1.23702922],[3.49352539]
[4.43807028],[1.16809665],[3.30855335]
[4.52665073],[1.13394178],[3.3520042]
[4.54323848],[1.14596951],[3.28244723]
[4.4772662],[1.14801607],[3.30246852]
[4.48232129],[1.15691144],[3.28984646]
[4.41485347],[1.1510744],[3.28690373]
[4.42364099],[1.13583354],[3.25961519]
[4.36784963],[1.13083551],[3.26161408]
[4.3628948],[1.13989199],[3.24706189]
[4.32583924],[1.13391161],[3.25189052]
[4.27451243],[1.10826366],[3.18097213]
[4.30017417],[1.07996594],[3.18999671]
[4.23167853],[1.08461617],[3.13338037]
[4.24693626],[1.05934108],[3.09056432]
[4.17622347],[1.06684218],[3.03116929]
[4.17136044],[1.04124705],[2.98146446]
[4.08453561],[1.04832645],[2.92700826]
[4.09689326],[1.02120244],[2.8840746]
[4.01757718],[1.03092483],[2.84236819]
[3.99072735],[1.01449922],[2.79335062]
[4.01345721],[1.0223195],[2.81177978]
[4.00864169],[1.01015177],[2.81926262]
[4.05497568],[1.02078401],[2.82526628]
[4.04451106],[1.03095501],[2.84028487]
[4.09479903],[1.02962838],[2.84249822]
[4.07258894],[1.03596107],[2.84596877]
[4.08440539],[1.03037752],[2.85177569]
[4.09771985],[1.01163767],[2.84636657]
[4.1141844],[1.00126416],[2.84251304]
[4.14467965],[0.99785179],[2.84370537]
[4.17349864],[0.99132017],[2.85130566]
[4.24255868],[0.97845957],[2.86771072]
[4.31569203],[0.97706738],[2.89282821]
[4.36547856],[0.96951029],[2.91500795]
[4.36383808],[0.96252627],[2.92189295]
[4.31642486],[0.95884213],[2.89954995]
[4.26164279],[0.94804654],[2.8360714]
[4.19776401],[0.92852772],[2.76071834]
[4.15407765],[0.91310499],[2.69182469]
[4.11121004],[0.89816563],[2.61366096]
[4.06469791],[0.88631015],[2.53213643]
[4.01847948],[0.87614662],[2.4522902]
[11.57870679],[2.04317712],[15.83351843]
[9.12809503],[1.76383898],[10.87646331]
[8.08914772],[1.55453896],[8.47345907]
[7.06136982],[1.41300328],[6.37234608]
[5.66499002],[1.27254919],[4.35272925]
[4.4097199],[1.010396],[3.53357572]
[2.95482255],[0.95865067],[2.55593609]
[3.19928695],[1.05756945],[2.52365458]
[3.71649665],[1.15285987],[2.6367776]
[3.85991163],[1.09803847],[2.62918219]
[4.1184294],[1.09690818],[2.90046876]
[4.19040911],[1.06595917],[2.92361341]
[4.35145238],[1.04946301],[3.09933089]
[4.51323465],[1.04453287],[3.13341164]
[4.57296421],[1.05220235],[3.20951434]
[4.57559758],[1.06297689],[3.1898841]
[4.51046563],[1.06826959],[3.22544465]
[4.52240513],[1.0710764],[3.22291179]
[4.46205852],[1.06791899],[3.24850563]
[4.49021208],[1.06264412],[3.2408485]
[4.44032932],[1.05486762],[3.2679609]
[4.45084888],[1.06747962],[3.25855591]
[4.42308598],[1.05616718],[3.27289458]
[4.37752325],[1.06418353],[3.22391896]
[4.4160248],[1.04430186],[3.25561204]
[4.32773924],[1.04926599],[3.18845748]
[4.36349172],[1.0290787],[3.17146619]
[4.27195916],[1.03452647],[3.1033028]
[4.29111534],[1.01382137],[3.06548039]
[4.18267217],[1.01798188],[3.00532704]
[4.21034369],[1.00003245],[2.97148644]
[4.11246174],[1.00315576],[2.91816399]
[4.08519497],[0.99337487],[2.8785571]
[4.10475411],[0.99622897],[2.88638165]
[4.08644151],[0.98893789],[2.89329639]
[4.1257492],[0.98806067],[2.87911388]
[4.09813034],[0.98785399],[2.88079501]
[4.1410702],[0.98765434],[2.86367344]
[4.10565144],[0.98783966],[2.8525757]
[4.11182539],[0.98735729],[2.846634]
[4.12094565],[0.98198795],[2.83247218]
[4.13370248],[0.97271531],[2.81832495]
[4.16061699],[0.96604586],[2.81625326]
[4.18570619],[0.95935229],[2.82214552]
[4.25669762],[0.95353486],[2.8401978]
[4.32979492],[0.94771294],[2.8688235]
[4.38130089],[0.94265248],[2.895786]
[4.41522633],[0.93934894],[2.91521817]
[4.37274268],[0.93904863],[2.89975902]
[4.32508473],[0.92913341],[2.84698444]
[4.26603194],[0.91501432],[2.77625718]
[4.20679038],[0.90273298],[2.70669437]
[4.16471733],[0.89218506],[2.63822637]
[4.11864951],[0.88257831],[2.56340896]
[4.07585991],[0.87324263],[2.48922238]
[11.70798455],[2.07438423],[16.27275386]
[9.29654987],[1.78817515],[11.16430075]
[8.15901213],[1.56059528],[8.64335221]
[7.18492714],[1.41777592],[6.52597825]
[5.74359055],[1.27375265],[4.47195677]
[4.48923069],[1.00613362],[3.62564986]
[3.04209463],[1.00317402],[2.74283503]
[3.25313202],[1.10700087],[2.79255235]
[3.80000667],[1.19008087],[2.83150104]
[3.9548185],[1.16331484],[2.8402668]
[4.20379746],[1.17047478],[3.11514962]
[4.27252121],[1.14831562],[3.15051584]
[4.41647122],[1.13345086],[3.32344679]
[4.58844883],[1.12646502],[3.38326889]
[4.64160545],[1.12877131],[3.44853733]
[4.66162134],[1.13736679],[3.43736334]
[4.59806456],[1.12977152],[3.475483]
[4.62532968],[1.13319636],[3.49015423]
[4.5747432],[1.13205981],[3.54118852]
[4.61160774],[1.11772432],[3.54274393]
[4.5630086],[1.10616067],[3.57661357]
[4.58276496],[1.11217488],[3.57770453]
[4.55169835],[1.10137819],[3.60324312]
[4.51093968],[1.1149231],[3.55429186]
[4.54325608],[1.09152553],[3.58640477]
[4.46002855],[1.09151676],[3.49928619]
[4.49657751],[1.0757448],[3.49664005]
[4.39874251],[1.0746052],[3.39045262]
[4.4339398],[1.0557105],[3.37133741]
[4.31719393],[1.05813997],[3.28477959]
[4.35219166],[1.03984771],[3.25362116]
[4.2459157],[1.0430076],[3.18837167]
[4.2241916],[1.03191167],[3.15379949]
[4.24190295],[1.0359456],[3.14966956]
[4.19850541],[1.0285434],[3.1393164]
[4.23418402],[1.02774688],[3.11790344]
[4.19201501],[1.02622861],[3.10517699]
[4.23118461],[1.0255648],[3.08812582]
[4.19143141],[1.02379969],[3.06846511]
[4.18812352],[1.02149101],[3.05446111]
[4.19278034],[1.01715923],[3.03627855]
[4.1993595],[1.00805669],[3.01508955]
[4.23039344],[0.99903739],[2.9937951]
[4.26021238],[0.99062384],[2.97596006]
[4.33120319],[0.98190611],[2.97997224]
[4.39695979],[0.97381098],[3.00047287]
[4.44082338],[0.96675376],[3.01968814]
[4.4633567],[0.96459061],[3.02998655]
[4.41925462],[0.96259527],[3.00461357]
[4.37047036],[0.9467808],[2.93319073]
[4.31193497],[0.93135939],[2.85584032]
[4.24911996],[0.92099928],[2.78369943]
[4.19915407],[0.91093356],[2.71725931]
[4.15387267],[0.90141878],[2.64735646]
[4.1123715],[0.89233657],[2.57573166]
[11.72657977],[2.09633293],[16.61758773]
[9.31077291],[1.81215787],[11.36347946]
[8.15754005],[1.58255011],[8.77207289]
[7.1835836],[1.43144274],[6.60909866]
[5.68796041],[1.28794942],[4.54057638]
[4.43294699],[1.01968093],[3.65090981]
[2.97750718],[1.0204244],[2.76699808]
[3.3042063],[1.12832479],[2.85714085]
[3.85080951],[1.2282128],[2.92811755]
[4.01543714],[1.21948897],[3.022516]
[4.25586731],[1.21831776],[3.28240444]
[4.31703034],[1.19449294],[3.32902859]
[4.4606431],[1.17733502],[3.49988562]
[4.65714505],[1.16698312],[3.56005853]
[4.68908207],[1.16550464],[3.62149603]
[4.71681541],[1.16890226],[3.62606266]
[4.65287382],[1.16056014],[3.6689373]
[4.68523141],[1.16482073],[3.70783525]
[4.63290431],[1.16368499],[3.77216175]
[4.66623878],[1.15562318],[3.78428227]
[4.61427818],[1.1433472],[3.82020908]
[4.63780838],[1.15564108],[3.83741039]
[4.60672802],[1.1461588],[3.87089907]
[4.5655665],[1.16007357],[3.83472645]
[4.60224875],[1.1360681],[3.87197515]
[4.52512076],[1.14355713],[3.78059584]
[4.55851788],[1.11933413],[3.77301223]
[4.46815633],[1.12718446],[3.65158713]
[4.50143441],[1.10202213],[3.63545106]
[4.37792223],[1.10115558],[3.52381758]
[4.42196871],[1.08457209],[3.49370599]
[4.30161888],[1.07673688],[3.40884634]
[4.29554315],[1.06999908],[3.38209191]
[4.30298161],[1.06777545],[3.36505439]
[4.25123888],[1.05955062],[3.34331899]
[4.28349832],[1.05815427],[3.31729933]
[4.23780429],[1.05674976],[3.29582826]
[4.27489218],[1.05496571],[3.27559549]
[4.23513816],[1.05279322],[3.25123914]
[4.22993813],[1.04849127],[3.23025572]
[4.22825232],[1.04256715],[3.20302052]
[4.25031063],[1.03381158],[3.18191675]
[4.2850545],[1.02625343],[3.16183015]
[4.31377389],[1.01917394],[3.14100511]
[4.37932285],[1.01125325],[3.13552655]
[4.44005403],[1.00274903],[3.13755]
[4.48363182],[0.99538358],[3.14807994]
[4.51657466],[0.99453275],[3.16576988]
[4.48044707],[0.98722186],[3.13449342]
[4.4331437],[0.96740235],[3.05736943]
[4.37719755],[0.94960349],[2.97049232]
[4.31931549],[0.93554487],[2.88856278]
[4.25099485],[0.9249238],[2.80904488]
[4.19877668],[0.91486632],[2.73594185]
[4.15601455],[0.90548055],[2.65964421]
[11.83793429],[2.12585064],[17.09899437]
[9.31208157],[1.86466598],[11.62384075]
[8.14520082],[1.64362456],[8.90007736]
[7.14610032],[1.45790184],[6.65224976]
[5.63237362],[1.30911785],[4.52404696]
[4.40005202],[1.02791604],[3.60984318]
[2.97113643],[1.04350897],[2.77250935]
[3.32656898],[1.14874514],[2.85363321]
[3.89815594],[1.25771296],[2.99344488]
[4.06666157],[1.22495686],[3.08838615]
[4.29556726],[1.228458],[3.34181458]
[4.37039489],[1.20886355],[3.42929684]
[4.51651672],[1.19600046],[3.6049541]
[4.73268457],[1.18529486],[3.68277322]
[4.75198462],[1.18520911],[3.74874467]
[4.79185412],[1.18379194],[3.7607234]
[4.72208888],[1.17753547],[3.8224295]
[4.75298915],[1.18016006],[3.86961703]
[4.69661017],[1.17797668],[3.9319713]
[4.73422867],[1.16862681],[3.95197943]
[4.67351717],[1.15463003],[3.99731907]
[4.6977664],[1.17801748],[4.02165279]
[4.66185776],[1.17536665],[4.06607407]
[4.65131232],[1.18774024],[4.04189611]
[4.66261174],[1.16545226],[4.0814508]
[4.66779088],[1.16713674],[4.01338692]
[4.63132503],[1.14215062],[3.99362944]
[4.64950171],[1.15096591],[3.88954956]
[4.57752695],[1.12472021],[3.83740563]
[4.50245111],[1.13289228],[3.72083816]
[4.48659831],[1.10862161],[3.67635655]
[4.37933384],[1.1101018],[3.58765424]
[4.36142409],[1.10047957],[3.54992456]
[4.37562164],[1.09376353],[3.5240644]
[4.30583538],[1.08634198],[3.49076409]
[4.33329261],[1.08094362],[3.45816923]
[4.28415348],[1.07497138],[3.42391795]
[4.35374326],[1.06915243],[3.40457058]
[4.27943444],[1.06610208],[3.37088016]
[4.28808241],[1.06406094],[3.35103519]
[4.3046945],[1.0587618],[3.32845413]
[4.3199875],[1.049315],[3.30146956]
[4.3475036],[1.0410896],[3.27529956]
[4.37151978],[1.03360713],[3.2517509]
[4.43222241],[1.02696696],[3.24685133]
[4.48827742],[1.01904067],[3.24972048]
[4.52514436],[1.01388538],[3.25534129]
[4.55445072],[1.01368991],[3.25949459]
[4.53359127],[1.00180165],[3.22818763]
[4.49295345],[0.98233959],[3.15709179]
[4.4427807],[0.96451631],[3.07260639]
[4.38924173],[0.95020511],[2.98930048]
[4.32720195],[0.93835093],[2.90411716]
[4.25272298],[0.92823781],[2.82106756]
[4.20324808],[0.91763906],[2.74072974]
[11.9189021],[2.14841215],[17.36255815]
[9.30026008],[1.88594435],[11.71926855]
[8.12241155],[1.66607405],[8.9056226]
[7.05046124],[1.47151038],[6.58904575]
[5.48593667],[1.31392925],[4.32843376]
[4.25235243],[1.01913835],[3.1999564]
[2.82666247],[1.02489941],[2.51808712]
[3.36903756],[1.12936002],[2.56978264]
[3.95499819],[1.12727984],[2.7143082]
[4.13785354],[1.1345758],[2.92534926]
[4.35678103],[1.16500177],[3.23007319]
[4.43078689],[1.1582749],[3.3702089]
[4.5768541],[1.15062984],[3.55472824]
[4.79583499],[1.14256028],[3.66137826]
[4.81023896],[1.14334163],[3.7323211]
[4.8643573],[1.14098209],[3.77194658]
[4.78294668],[1.13352696],[3.84647864]
[4.83040124],[1.14132922],[3.90348602]
[4.7517762],[1.13145222],[3.97759298]
[4.81539115],[1.15189844],[4.01083586]
[4.72266788],[1.15068506],[4.0575001]
[4.84861767],[1.18218329],[4.12021071]
[4.72717239],[1.19721241],[4.1508523]
[4.84181575],[1.20998683],[4.18662152]
[4.79796427],[1.18929279],[4.20506386]
[4.86110863],[1.18475213],[4.18707865]
[4.80779065],[1.16559056],[4.14784304]
[4.83708797],[1.16367975],[4.07326677]
[4.75165406],[1.13661461],[3.99297807]
[4.70969273],[1.13226729],[3.88317659]
[4.59642158],[1.10626795],[3.80908064]
[4.55621767],[1.10206005],[3.72220892]
[4.47882623],[1.09291422],[3.6703431]
[4.55639816],[1.09053535],[3.65385878]
[4.38198721],[1.08476048],[3.59471144]
[4.50081496],[1.07848703],[3.57097901]
[4.34691305],[1.07216653],[3.50084492]
[4.48542903],[1.06615278],[3.50860837]
[4.37400251],[1.0601683],[3.4454581]
[4.37224379],[1.0537948],[3.42590028]
[4.37670725],[1.04440305],[3.40047846]
[4.38308201],[1.03591732],[3.37340293]
[4.41109479],[1.02898043],[3.34601336]
[4.43446861],[1.02276072],[3.32111547]
[4.49246412],[1.01682533],[3.32054065]
[4.54765388],[1.01046173],[3.32916757]
[4.58245539],[1.00825002],[3.33618949]
[4.60817501],[1.00745461],[3.33749745]
[4.59608572],[0.99485223],[3.29715154]
[4.56230163],[0.98034296],[3.22248358]
[4.51775311],[0.96734471],[3.14343551]
[4.46831911],[0.95560561],[3.06225921]
[4.41099055],[0.94405828],[2.97544926]
[4.34156106],[0.93414955],[2.89178101]
[4.25884777],[0.92457205],[2.80606427]
[12.16635694],[2.1624293],[17.679862]
[9.46398614],[1.90290075],[11.9110423]
[8.18704602],[1.68528166],[8.97789011]
[7.05242554],[1.48166771],[6.60282081]
[5.47435463],[1.3176427],[4.36038877]
[4.2335573],[1.01141188],[3.27078598]
[2.80802943],[1.07647783],[2.66263855]
[3.41978176],[1.18309822],[2.77908286]
[4.04029709],[1.20517215],[2.97565395]
[4.2118129],[1.19078871],[3.16197134]
[4.43453901],[1.21388769],[3.44191133]
[4.50567486],[1.20597584],[3.55571757]
[4.64291597],[1.19642496],[3.74243371]
[4.85706068],[1.18532626],[3.85846372]
[4.89374287],[1.18435778],[3.94567669]
[4.97363708],[1.18112072],[4.01783225]
[4.86316972],[1.17140128],[4.07037029]
[4.95029525],[1.17705704],[4.17320255]
[4.82831698],[1.1771977],[4.24250936]
[5.00298496],[1.20804685],[4.32514863]
[4.84786564],[1.22432335],[4.34503722]
[5.0558542],[1.25146822],[4.46346174]
[4.93254015],[1.25831267],[4.46567676]
[5.05186044],[1.27354657],[4.5288756]
[5.02594888],[1.25221879],[4.53204456]
[5.04633626],[1.24784974],[4.51938006]
[5.02286736],[1.2279143],[4.47598023]
[5.01563192],[1.22362095],[4.40592286]
[4.98437133],[1.19955958],[4.32860918]
[4.92826879],[1.1930974],[4.23106759]
[4.86363218],[1.1698875],[4.14253367]
[4.78076835],[1.16480337],[4.04165223]
[4.73575216],[1.14880154],[3.9792798]
[4.76168349],[1.14335337],[3.97659638]
[4.64256589],[1.13071027],[3.9052702]
[4.69748706],[1.12328575],[3.89727261]
[4.59775648],[1.11430602],[3.82274141]
[4.66661362],[1.10934974],[3.82955505]
[4.60683206],[1.10395934],[3.76380232]
[4.59207918],[1.09809463],[3.73962288]
[4.59094011],[1.08157679],[3.70251998]
[4.59063914],[1.06508388],[3.65873759]
[4.59922626],[1.05597497],[3.60997181]
[4.60507033],[1.04929746],[3.56586969]
[4.61172249],[1.04285766],[3.52666228]
[4.63053904],[1.03593382],[3.51031009]
[4.65687723],[1.03534732],[3.51276499]
[4.67550574],[1.03431667],[3.50700219]
[4.64778886],[1.01799881],[3.4441919]
[4.61262354],[1.00301201],[3.35901606]
[4.57120371],[0.98918845],[3.26685271]
[4.51952773],[0.97622001],[3.16858152]
[4.46253199],[0.96534004],[3.07999626]
[4.39207883],[0.95553891],[2.99358392]
[4.31409193],[0.94563287],[2.90459656]
[12.34274095],[2.17816194],[18.0372593]
[9.54882154],[1.9316966],[12.18204619]
[8.19721604],[1.72238603],[9.13339481]
[6.95418843],[1.50566255],[6.62758115]
[5.32346458],[1.34139823],[4.38560571]
[4.08753254],[1.02679087],[3.32609958]
[2.67237633],[1.10741855],[2.72360884]
[3.46490409],[1.22114818],[2.86439918]
[4.10806004],[1.24831522],[3.13668047]
[4.29100232],[1.22558136],[3.3339945]
[4.48829559],[1.2443544],[3.58614877]
[4.57268957],[1.23568904],[3.71152495]
[4.69700991],[1.22332765],[3.89993424]
[4.93715877],[1.20954208],[4.04705284]
[4.96064478],[1.2051651],[4.14517871]
[5.04519745],[1.20201307],[4.23399155]
[4.93266958],[1.19667154],[4.32431809]
[5.02647461],[1.24764718],[4.45317585]
[4.90184245],[1.26135663],[4.5155033]
[5.13498013],[1.28828426],[4.65542275]
[5.03973461],[1.2971465],[4.67693604]
[5.18059662],[1.32380921],[4.79652917]
[5.11172579],[1.32802973],[4.80610067]
[5.1820715],[1.34276986],[4.85876413]
[5.17660222],[1.32124254],[4.86667718]
[5.17295192],[1.3210852],[4.87408563]
[5.16959897],[1.29946113],[4.86741553]
[5.13800745],[1.29657605],[4.80040094]
[5.13794802],[1.27947225],[4.72818462]
[5.06558036],[1.27297857],[4.62476955]
[5.0507499],[1.25612581],[4.5560861]
[4.94291815],[1.25162902],[4.4387468]
[4.95463048],[1.24000577],[4.41644184]
[4.92749689],[1.23956229],[4.37582316]
[4.8479297],[1.22759453],[4.30636675]
[4.85747117],[1.22218076],[4.29237053]
[4.78273763],[1.21643909],[4.21814232]
[4.80532006],[1.2106972],[4.21895714]
[4.76593656],[1.20376543],[4.15659175]
[4.73948465],[1.18772493],[4.12212898]
[4.73078963],[1.16097499],[4.06415536]
[4.72354838],[1.15278096],[3.99102037]
[4.72557447],[1.12179904],[3.92343626]
[4.72607686],[1.09055623],[3.84469922]
[4.7279485],[1.06727259],[3.77273267]
[4.73006381],[1.06106987],[3.73261498]
[4.72434374],[1.06101073],[3.69567817]
[4.7334607],[1.05395154],[3.6632327]
[4.71355676],[1.03472956],[3.59459893]
[4.68188235],[1.02041647],[3.50979842]
[4.64129224],[1.00816693],[3.41870771]
[4.59625248],[0.99494838],[3.31870834]
[4.54439817],[0.98340611],[3.2073005]
[4.48209291],[0.97296682],[3.11835414]
[4.4115046],[0.96240965],[3.02703166]
[12.59406921],[2.20891848],[18.63223458]
[9.66066927],[1.98837847],[12.64861928]
[8.28103661],[1.80262123],[9.40345568]
[6.87858485],[1.55186446],[6.69287338]
[5.21481946],[1.36803866],[4.37005977]
[3.95265003],[1.03329815],[3.26100123]
[2.57247388],[1.12532032],[2.71195985]
[3.48569005],[1.24463277],[2.84137431]
[4.17203893],[1.25885252],[3.22471564]
[4.36737902],[1.24336575],[3.45479466]
[4.54028282],[1.26051421],[3.68944257]
[4.63343252],[1.25063179],[3.82662899]
[4.7638441],[1.23484667],[4.05088907]
[5.01668212],[1.21816602],[4.21233861]
[5.04757819],[1.21648946],[4.32614433]
[5.12455917],[1.21884988],[4.45172157]
[5.03328083],[1.26456481],[4.57659765]
[5.14854611],[1.30837686],[4.71583411]
[5.10187618],[1.31778823],[4.81920058]
[5.25443905],[1.346749],[4.95643391]
[5.22102236],[1.35428996],[5.00929201]
[5.29921089],[1.38479001],[5.11634869]
[5.27189374],[1.39268096],[5.17906646]
[5.30698429],[1.41380607],[5.26007794]
[5.32312632],[1.39315771],[5.31456952]
[5.30484371],[1.39406613],[5.34889337]
[5.31899288],[1.37912869],[5.35961375]
[5.27342005],[1.37484326],[5.32085943]
[5.29861188],[1.36194674],[5.24919028]
[5.21812428],[1.35187255],[5.14545793]
[5.23134341],[1.33864099],[5.06711867]
[5.11608203],[1.33025987],[4.95263305]
[5.14257642],[1.31968069],[4.91205779]
[5.09122382],[1.31320803],[4.84902331]
[5.01693113],[1.30105965],[4.75785346]
[4.99635586],[1.29520674],[4.71081885]
[4.94086768],[1.28948713],[4.63914002]
[4.9303621],[1.28381432],[4.60423026]
[4.90477407],[1.27742953],[4.53063486]
[4.86865449],[1.27172409],[4.48635749]
[4.85302152],[1.24539681],[4.42361125]
[4.83971613],[1.2374057],[4.336058]
[4.83314542],[1.21020216],[4.24116685]
[4.82984381],[1.17868211],[4.14170241]
[4.82833757],[1.14737286],[4.05035067]
[4.82713796],[1.11318899],[3.97121249]
[4.8152617],[1.0812738],[3.90815837]
[4.80719335],[1.06679821],[3.84086415]
[4.78112616],[1.05008667],[3.75055068]
[4.75075354],[1.03549694],[3.65416859]
[4.71379283],[1.02409365],[3.56268262]
[4.67273054],[1.01209929],[3.46443205]
[4.62662752],[0.99969093],[3.35119209]
[4.56825527],[0.98923838],[3.24299538]
[4.50567145],[0.97823081],[3.1454263]
[12.90048036],[2.2400559],[19.08574617]
[9.76329293],[2.02063912],[12.93917221]
[8.50425813],[1.83761151],[9.58898876]
[6.71398167],[1.58481672],[6.65364144]
[5.11138775],[1.3774477],[4.21728314]
[3.79262907],[1.02496932],[2.83450658]
[2.40664176],[1.03669225],[2.3762486]
[3.51889429],[1.06173357],[2.36991885]
[4.24400168],[1.16862677],[3.08998919]
[4.44497741],[1.19610809],[3.39077462]
[4.59427115],[1.21834925],[3.63704389]
[4.69234203],[1.2112894],[3.80449495]
[4.8349704],[1.20196336],[4.06548285]
[5.08992843],[1.18691421],[4.26373312]
[5.12584884],[1.191445],[4.43440477]
[5.2083207],[1.25400839],[4.61842252]
[5.12744826],[1.30764402],[4.75034245]
[5.29118445],[1.34571305],[4.96180125]
[5.27584455],[1.3602535],[5.08349181]
[5.38586797],[1.38846389],[5.23332886]
[5.37877605],[1.40357627],[5.34361266]
[5.42175476],[1.43260131],[5.471822]
[5.43423935],[1.44328684],[5.58678416]
[5.435131],[1.46230355],[5.6811968]
[5.47491787],[1.44248813],[5.75617616]
[5.4555556],[1.44595818],[5.79135353]
[5.4967488],[1.44094663],[5.80895939]
[5.44653105],[1.43298161],[5.78279465]
[5.50176359],[1.42279727],[5.72932967]
[5.42037994],[1.4097784],[5.62249943]
[5.44622129],[1.39951196],[5.54739899]
[5.31336335],[1.38942056],[5.42505683]
[5.37410892],[1.38065264],[5.38837048]
[5.27437493],[1.37134826],[5.3006337]
[5.23155883],[1.36234794],[5.20457607]
[5.13498745],[1.3533037],[5.10691841]
[5.11170999],[1.34371],[5.04267531]
[5.05381972],[1.33475906],[4.98201888]
[5.05315124],[1.32527534],[4.90679621]
[4.9900372],[1.3165138],[4.8438409]
[4.96691676],[1.30797751],[4.77102797]
[4.9458306],[1.30013792],[4.68331917]
[4.92890295],[1.27659294],[4.5692631]
[4.92121783],[1.24768077],[4.42750293]
[4.9161167],[1.21889304],[4.28015423]
[4.91060563],[1.18753506],[4.18942653]
[4.89490234],[1.15702418],[4.10039625]
[4.88303868],[1.12489761],[4.00238725]
[4.8631033],[1.09015924],[3.90905701]
[4.83067245],[1.05080861],[3.79008209]
[4.78583326],[1.02782272],[3.67498772]
[4.74806927],[1.01704097],[3.57404073]
[4.70688118],[1.00666589],[3.46442743]
[4.65455],[0.99608013],[3.3574618]
[4.59433489],[0.98560745],[3.24913583]
[13.77568319],[2.26269009],[19.71539996]
[10.61144631],[2.04636929],[13.44682071]
[8.84427975],[1.86418855],[9.9341715]
[6.78282976],[1.61589083],[6.74668678]
[5.10978099],[1.38694755],[4.23300616]
[3.74962772],[1.02056686],[2.91103668]
[2.24102465],[1.04332763],[2.48198681]
[3.579873],[1.10816831],[2.51112303]
[4.30312564],[1.20365792],[3.26273505]
[4.48994059],[1.21999538],[3.53849836]
[4.66070255],[1.24227946],[3.7951891]
[4.79933353],[1.24396574],[4.04552844]
[4.91958304],[1.23795311],[4.31886546]
[5.20922776],[1.23006822],[4.64144592]
[5.26608741],[1.27844211],[4.86185833]
[5.39149236],[1.3574585],[5.10096246]
[5.36378546],[1.40732663],[5.26274612]
[5.47297021],[1.44678896],[5.47456838]
[5.47785142],[1.46018328],[5.62983554]
[5.54638617],[1.48660606],[5.81119281]
[5.55547929],[1.4998642],[5.97334405]
[5.58032388],[1.52839561],[6.13233457]
[5.63660078],[1.54056425],[6.27400051]
[5.63689002],[1.55531526],[6.37683505]
[5.73517337],[1.55372808],[6.49396673]
[5.71245116],[1.54713111],[6.52421488]
[5.78468731],[1.55470014],[6.56755922]
[5.73261042],[1.53438343],[6.53371272]
[5.79915452],[1.524949],[6.49623732]
[5.73478245],[1.48957968],[6.35549811]
[5.76295832],[1.48367108],[6.26636909]
[5.6136201],[1.46454098],[6.10373124]
[5.66936027],[1.45702609],[6.05934524]
[5.56136366],[1.44512677],[5.94604891]
[5.53374671],[1.43739449],[5.84800158]
[5.40211436],[1.4267728],[5.71086556]
[5.37403697],[1.41814325],[5.62552263]
[5.27085157],[1.40899252],[5.52612535]
[5.29474294],[1.39942511],[5.46294623]
[5.19975437],[1.39015416],[5.35991399]
[5.16389521],[1.38114863],[5.26763516]
[5.13361532],[1.37286841],[5.1696135]
[5.09842309],[1.35186179],[5.05363419]
[5.08429752],[1.32461316],[4.91751244]
[5.07054664],[1.29769422],[4.74324022]
[5.0160682],[1.26806815],[4.55735683]
[4.97328191],[1.23989232],[4.40631932]
[4.95741684],[1.20856823],[4.28060576]
[4.9328172],[1.17531904],[4.14913681]
[4.9051938],[1.13799127],[4.00569026]
[4.86771298],[1.09782074],[3.87217448]
[4.82126803],[1.04824326],[3.74322915]
[4.76987937],[1.02713838],[3.60862496]
[4.71969348],[1.01835957],[3.49857312]
[4.65865305],[1.00799723],[3.38509223]
[15.27017353],[2.28777097],[20.52866729]
[11.34700472],[2.07439269],[14.03325258]
[9.24453505],[1.89799651],[10.30603984]
[6.73669182],[1.66052127],[6.87519146]
[5.01076127],[1.40935163],[4.26514825]
[3.65026897],[1.03894907],[2.98042977]
[2.49916037],[1.11143537],[2.58065144]
[3.63380599],[1.15328269],[2.6246843]
[4.39298191],[1.23153333],[3.41857644]
[4.59304573],[1.24231854],[3.69372288]
[4.74569827],[1.277164],[3.98013755]
[4.90955659],[1.27284033],[4.28065219]
[5.01384243],[1.26771258],[4.68805059]
[5.3281378],[1.33199144],[5.0516019]
[5.39677903],[1.39351884],[5.34227761]
[5.53299593],[1.46491634],[5.60924343]
[5.52246702],[1.51349895],[5.78563207]
[5.59670403],[1.55355269],[6.02617689]
[5.61036394],[1.56616455],[6.2550582]
[5.65990676],[1.59089777],[6.47663699]
[5.74467736],[1.60120382],[6.72581984]
[5.76431205],[1.62865335],[6.88819729]
[5.86677275],[1.6392965],[7.08700082]
[5.90024237],[1.65569241],[7.22882668]
[5.96664458],[1.70409],[7.37455464]
[5.95546317],[1.70691049],[7.42968443]
[6.0056039],[1.71170892],[7.49038875]
[5.96199813],[1.71774815],[7.4564437]
[6.01823456],[1.71344367],[7.45193427]
[5.97122901],[1.69165346],[7.29452499]
[5.99471681],[1.66007696],[7.17194825]
[5.87046838],[1.62832821],[6.96308525]
[5.89886309],[1.6225707],[6.88609764]
[5.81605386],[1.58022054],[6.74248254]
[5.76610538],[1.57770736],[6.63134875]
[5.67911989],[1.53245033],[6.47467041]
[5.60072941],[1.52821297],[6.34251687]
[5.51635307],[1.48817976],[6.2172792]
[5.50544891],[1.48018509],[6.13534366]
[5.44747923],[1.47349724],[6.01568848]
[5.40811152],[1.45726358],[5.90718554]
[5.38066227],[1.44864744],[5.79047872]
[5.35153404],[1.43012042],[5.65535453]
[5.33668081],[1.40371088],[5.50683224]
[5.3242966],[1.37795756],[5.31674081]
[5.2286369],[1.35042731],[5.09244724]
[5.10136631],[1.32367171],[4.86683404]
[5.04100736],[1.29292056],[4.64974993]
[5.0040387],[1.26080967],[4.45358172]
[4.98164228],[1.225741],[4.28849163]
[4.94600452],[1.19057491],[4.12790629]
[4.91117955],[1.14701594],[3.97524469]
[4.86947557],[1.07307935],[3.82369962]
[4.80775152],[1.03623205],[3.68161709]
[4.74892094],[1.02718078],[3.55487012]
[19.07141182],[2.32220996],[22.07781961]
[12.93845413],[2.11877595],[15.00650752]
[10.2047415],[1.96457808],[10.98145648]
[6.8225538],[1.75325724],[7.12263338]
[4.96642742],[1.43848912],[4.29665297]
[3.58488957],[1.05275833],[2.95794498]
[2.49404987],[1.07881966],[2.53831738]
[3.65047101],[1.16272821],[2.67262246]
[4.44898871],[1.23869263],[3.50788556]
[4.66158218],[1.26008612],[3.795306]
[4.83658625],[1.3067931],[4.14737255]
[4.99307556],[1.32220701],[4.5626359]
[5.08895375],[1.36944889],[5.03266234]
[5.46610728],[1.43380227],[5.46946035]
[5.5429429],[1.49037871],[5.80447098]
[5.65404809],[1.55826861],[6.09758021]
[5.65452467],[1.60239013],[6.35331244]
[5.70521617],[1.64145126],[6.63610015]
[5.74094125],[1.64729198],[6.94299513]
[5.83499283],[1.67416028],[7.22846194]
[5.99090258],[1.72629762],[7.57840946]
[6.03708061],[1.74183925],[7.78888075]
[6.08607022],[1.80318929],[8.01624773]
[6.13044999],[1.81897946],[8.17228746]
[6.16421455],[1.86446625],[8.3232058]
[6.176216],[1.87227678],[8.4001545]
[6.20286139],[1.87591748],[8.46305849]
[6.18480238],[1.8738889],[8.44587331]
[6.20865011],[1.86693927],[8.45912598]
[6.20863764],[1.84826263],[8.3471899]
[6.20151792],[1.82409725],[8.19752146]
[6.14564166],[1.80267447],[8.0017004]
[6.11204547],[1.79188667],[7.84997095]
[6.04671927],[1.75984694],[7.67372126]
[5.97199508],[1.7519608],[7.51151253]
[5.9057481],[1.72155174],[7.32703464]
[5.80882402],[1.71828475],[7.17254109]
[5.7053085],[1.69239158],[6.9996422]
[5.66380752],[1.67133447],[6.88962416]
[5.62584208],[1.64726895],[6.75599475]
[5.58477682],[1.62352711],[6.62811376]
[5.56017993],[1.60205026],[6.49420424]
[5.53409784],[1.5762451],[6.33940009]
[5.51458584],[1.52913006],[6.18108389]
[5.50470827],[1.45797059],[5.97539081]
[5.45361689],[1.43158019],[5.68518112]
[5.37714979],[1.40512884],[5.41219379]
[5.27996613],[1.37503333],[5.14964962]
[5.15811004],[1.3432831],[4.88910325]
[5.06407581],[1.30924867],[4.63064154]
[5.01806666],[1.27608724],[4.40363873]
[4.98886251],[1.23358355],[4.22834054]
[4.95870315],[1.16277658],[4.04892033]
[4.91237916],[1.09105693],[3.89351554]
[4.85415093],[1.0424037],[3.74562134]
[21.94531138],[2.35390851],[23.67569439]
[15.16023987],[2.14579853],[15.70431895]
[11.22869102],[2.00040491],[11.38298841]
[6.81197284],[1.79718326],[7.19983454]
[4.87805656],[1.45083818],[4.16254152]
[3.47933237],[1.04043464],[2.51579228]
[2.54748422],[0.88677101],[2.22868174]
[3.66848591],[1.0435758],[2.50902763]
[4.4702282],[1.18901868],[3.44535949]
[4.71608735],[1.23155623],[3.75240452]
[4.88381504],[1.32439451],[4.16255765]
[5.03174896],[1.34733037],[4.66313253]
[5.12419439],[1.40721536],[5.14255148]
[5.5268813],[1.46521444],[5.63410592]
[5.60438341],[1.52388606],[6.03772076]
[5.7064862],[1.5865804],[6.3734066]
[5.7118398],[1.62856924],[6.68971339]
[5.75759495],[1.66339071],[7.04770891]
[5.83730423],[1.74120386],[7.41561753]
[5.99370414],[1.79046086],[7.79895068]
[6.11524393],[1.84733892],[8.16281838]
[6.17219505],[1.87202816],[8.42528346]
[6.21124495],[1.91802384],[8.68198063]
[6.26722131],[1.94254908],[8.85851916]
[6.28954735],[1.97273585],[9.02217226]
[6.33633482],[1.98555044],[9.14269067]
[6.33122102],[1.98496678],[9.2067842]
[6.38564241],[1.9842556],[9.25902723]
[6.36451809],[1.97506081],[9.24601014]
[6.42343311],[1.95519508],[9.2311727]
[6.40355226],[1.92996262],[9.05935501]
[6.40943822],[1.91157197],[8.91901422]
[6.33507651],[1.89949447],[8.73456135]
[6.31812604],[1.87371447],[8.60424926]
[6.20039727],[1.86348387],[8.4081337]
[6.1500393],[1.83563087],[8.21702152]
[6.01341934],[1.82592909],[8.01864932]
[5.94901376],[1.79988147],[7.82186354]
[5.82091394],[1.78078952],[7.61455932]
[5.79109337],[1.76708437],[7.43460398]
[5.72844672],[1.75339242],[7.27029445]
[5.70429672],[1.740268],[7.13710855]
[5.67753913],[1.72503848],[6.98375505]
[5.6572739],[1.69917102],[6.81720494]
[5.65095836],[1.63256396],[6.59477318]
[5.61737238],[1.55638753],[6.28873192]
[5.56098286],[1.48347789],[5.9687487]
[5.49601789],[1.43867242],[5.65788691]
[5.4176037],[1.40876812],[5.37438969]
[5.31780952],[1.3773444],[5.07376764]
[5.17531932],[1.34509779],[4.77363941]
[5.06556781],[1.30245842],[4.51061675]
[5.03587752],[1.23567073],[4.27827218]
[4.99793139],[1.16963383],[4.09789758]
[4.95498317],[1.09778524],[3.92979235]
[23.269969],[2.3768563],[25.18369316]
[16.17419688],[2.15633308],[16.44362036]
[12.51337324],[2.01350213],[11.83147142]
[7.23166724],[1.81412034],[7.32850092]
[4.87093778],[1.44516467],[4.12258625]
[3.44234231],[1.01298371],[2.57237373]
[2.64322064],[0.94371901],[2.35523814]
[3.70627443],[1.09978357],[2.68266483]
[4.48590205],[1.21663038],[3.55204006]
[4.74891644],[1.25302502],[3.85300009]
[4.92744019],[1.39121863],[4.33195867]
[5.06757805],[1.41389236],[4.90150117]
[5.13841696],[1.47299304],[5.39284626]
[5.58754277],[1.53081438],[5.94744494]
[5.6672988],[1.58991872],[6.42921495]
[5.756217],[1.64756547],[6.84153783]
[5.76583784],[1.68197732],[7.21062508]
[5.8288469],[1.77191515],[7.61299829]
[5.95698295],[1.85519548],[8.0220493]
[6.12424619],[1.90713471],[8.41442677]
[6.20525776],[1.94283798],[8.78522951]
[6.27008121],[1.97300935],[9.06323741]
[6.29302606],[2.00558119],[9.30950983]
[6.36229431],[2.03419982],[9.529844]
[6.37046259],[2.06079356],[9.70479016]
[6.48310091],[2.06837988],[9.86801317]
[6.46129948],[2.06748754],[9.93067982]
[6.60603763],[2.06379984],[9.99871572]
[6.50447462],[2.05270901],[9.96557813]
[6.72284365],[2.03349176],[10.01891438]
[6.67161541],[2.0095246],[9.84510722]
[6.75695259],[1.98804699],[9.73067775]
[6.6520728],[1.97745299],[9.51868108]
[6.65128217],[1.95466747],[9.4054925]
[6.46053619],[1.94549849],[9.17740765]
[6.43416321],[1.9212457],[9.00175522]
[6.21347914],[1.9121336],[8.78493066]
[6.16029995],[1.88932276],[8.60033582]
[6.00128725],[1.87109012],[8.37952627]
[5.92827334],[1.8553501],[8.15034367]
[5.85782332],[1.84003218],[7.93460992]
[5.83073467],[1.82674456],[7.74812606]
[5.80173506],[1.8133706],[7.57270193]
[5.77761577],[1.79382128],[7.40521554]
[5.77203587],[1.74470299],[7.19716858]
[5.74981405],[1.70244019],[6.86387525]
[5.68535678],[1.64597241],[6.49931822]
[5.60328172],[1.57168242],[6.16457237]
[5.54648922],[1.49442061],[5.8511679]
[5.4745085],[1.43944375],[5.5250362]
[5.37673633],[1.4096841],[5.21551229]
[5.25753205],[1.36492867],[4.89143818]
[5.10089217],[1.30062853],[4.582685]
[5.04465477],[1.23740264],[4.34401275]
[5.00978388],[1.1691529],[4.10879896]
[24.21320495],[2.39468036],[26.66469451]
[16.60345587],[2.17022319],[17.05254947]
[13.99192026],[2.03278204],[12.25145183]
[7.1604041],[1.83881773],[7.43195819]
[4.77048949],[1.46718082],[4.10205611]
[3.33603298],[1.01450519],[2.55938173]
[2.70037387],[0.98021237],[2.37518158]
[3.73498312],[1.12090745],[2.73440159]
[4.51289985],[1.23290654],[3.6257282]
[4.82774582],[1.30305022],[3.96812553]
[4.98381528],[1.46451558],[4.54578785]
[5.10531521],[1.48599894],[5.14304916]
[5.17727944],[1.53769752],[5.6521441]
[5.64077025],[1.59472655],[6.2507346]
[5.71544421],[1.64843189],[6.8261648]
[5.79631594],[1.70144733],[7.32057594]
[5.81884623],[1.79151408],[7.73512589]
[5.89457707],[1.88072639],[8.19446106]
[6.0640328],[1.95625156],[8.66263068]
[6.21665154],[1.99834041],[9.02719092]
[6.28155443],[2.04048673],[9.48571193]
[6.34268901],[2.06559337],[9.71768147]
[6.35882575],[2.09200168],[10.03834161]
[6.4672682],[2.11524145],[10.21458183]
[6.46167766],[2.13657123],[10.40133867]
[6.63158186],[2.14204904],[10.5592486]
[6.557793],[2.13965692],[10.62693286]
[6.79495457],[2.13534703],[10.73329467]
[6.71315372],[2.12364749],[10.68940793]
[6.87460574],[2.10337395],[10.79577586]
[6.86450746],[2.07921435],[10.69218553]
[6.91185317],[2.05763136],[10.54743291]
[6.87851378],[2.04116861],[10.34662545]
[6.85203597],[2.01977978],[10.19297822]
[6.74393009],[2.01211443],[9.97449984]
[6.71531738],[1.99109056],[9.79800621]
[6.53607765],[1.98318326],[9.5704894]
[6.50075776],[1.96260416],[9.40512256]
[6.26684633],[1.94535087],[9.15329489]
[6.18712577],[1.92966519],[8.92873236]
[5.98143515],[1.91476033],[8.65566743]
[5.94730004],[1.90083876],[8.45352145]
[5.91764024],[1.88436821],[8.22266793]
[5.89115624],[1.86478671],[8.00332407]
[5.88267636],[1.81727608],[7.79747221]
[5.86797036],[1.77099488],[7.45245726]
[5.81158788],[1.73293433],[7.03519084]
[5.73252179],[1.69545325],[6.66613029]
[5.64148471],[1.62855926],[6.32581369]
[5.57719069],[1.54328219],[5.98146458]
[5.49893122],[1.4621451],[5.66102954]
[5.409348],[1.41792523],[5.31976644]
[5.2841299],[1.35516269],[4.95897619]
[5.12204938],[1.29469099],[4.63975998]
[5.05337628],[1.22991674],[4.33414048]
[24.76171595],[2.41758709],[28.55970711]
[17.1677168],[2.19685039],[18.0751526]
[14.57913076],[2.07526063],[12.93810548]
[11.51323477],[1.90508701],[7.88198864]
[4.73028942],[1.49916387],[4.07096984]
[3.28038591],[0.99922931],[2.5097461]
[2.67285352],[0.98490883],[2.34955674]
[3.75801606],[1.12384569],[2.75796643]
[4.50570357],[1.23918561],[3.64583131]
[4.88594082],[1.34588837],[4.05227766]
[5.02851222],[1.51547777],[4.73406236]
[5.14365783],[1.54743614],[5.33634759]
[5.21700018],[1.58997502],[5.86543002]
[5.68434864],[1.64600226],[6.53877534]
[5.75909529],[1.70665114],[7.22647597]
[5.83183599],[1.80902338],[7.80945928]
[5.88858133],[1.90332668],[8.31544633]
[6.00748523],[1.98082926],[8.76666924]
[6.15905698],[2.04896815],[9.31075527]
[6.29490452],[2.08571584],[9.65264666]
[6.34913073],[2.1376506],[10.19101426]
[6.4266978],[2.16095446],[10.36312326]
[6.42312202],[2.18887918],[10.77367922]
[6.57216375],[2.21366488],[10.90187926]
[6.55804917],[2.23888332],[11.13964526]
[6.81268998],[2.2412947],[11.29702157]
[6.77452377],[2.23126748],[11.36797055]
[6.94100458],[2.22005292],[11.51207269]
[6.90843906],[2.20349257],[11.52575]
[7.00357],[2.17564752],[11.63489292]
[7.044759],[2.15157865],[11.62275769]
[7.08888954],[2.12994486],[11.48929013]
[7.1116852],[2.11182047],[11.31941163]
[7.04799026],[2.08838602],[11.10989354]
[6.98337035],[2.07666382],[10.91071837]
[6.91191834],[2.05693494],[10.68433314]
[6.79437971],[2.05090396],[10.46250561]
[6.71247075],[2.03271046],[10.25093651]
[6.54868887],[2.0187519],[9.99214545]
[6.43352946],[2.00609394],[9.75861063]
[6.25919066],[1.99290534],[9.46542629]
[6.16675635],[1.97972145],[9.2318042]
[6.11137424],[1.96457715],[8.99372997]
[6.07812727],[1.9500175],[8.76410101]
[6.07267275],[1.90444229],[8.51541425]
[6.05086979],[1.85409188],[8.15300763]
[5.97605694],[1.81227842],[7.69837872]
[5.87297437],[1.77527756],[7.2218154]
[5.78156],[1.73839308],[6.84454243]
[5.68222588],[1.69767794],[6.4679974]
[5.59941237],[1.63084592],[6.11726304]
[5.53128166],[1.5331698],[5.76840906]
[5.43953499],[1.41556999],[5.37326499]
[5.32041674],[1.35086893],[5.01130425]
[5.17848143],[1.28706204],[4.62385197]
[24.94731214],[2.44784951],[30.16542652]
[17.75609904],[2.21190639],[18.97639954]
[15.03082656],[2.09823426],[13.31530341]
[12.67031285],[1.91908919],[8.09986916]
[4.65060838],[1.49631473],[3.94686876]
[3.19130628],[0.96582661],[2.3604057]
[2.75570615],[0.91426143],[2.21446846]
[3.79602164],[1.06928601],[2.68184504]
[4.53155534],[1.20034267],[3.59118997]
[4.95558519],[1.34994389],[4.07931111]
[5.08484548],[1.52679085],[4.86493987]
[5.19795903],[1.5648113],[5.46798214]
[5.28456696],[1.61690214],[6.01328112]
[5.72913015],[1.68061487],[6.75605362]
[5.80149991],[1.77974078],[7.5596925]
[5.88243721],[1.88217737],[8.15114143]
[5.96822515],[1.9730818],[8.75103066]
[6.12301676],[2.045471],[9.17091364]
[6.24563204],[2.11144858],[9.7887856]
[6.37103424],[2.17342389],[10.11259249]
[6.4129723],[2.24253848],[10.76676125]
[6.52737432],[2.26704395],[10.96710759]
[6.51389085],[2.2943463],[11.41874391]
[6.73653389],[2.32132255],[11.53203062]
[6.69456506],[2.34224722],[11.83931123]
[6.95011849],[2.41347745],[11.99511421]
[6.94954915],[2.40107689],[12.09413322]
[7.06886737],[2.36891639],[12.24441593]
[7.09735339],[2.33171515],[12.29002104]
[7.16517314],[2.30973781],[12.36849104]
[7.23576369],[2.2559785],[12.42412135]
[7.25598932],[2.1917582],[12.28519916]
[7.36944234],[2.16491599],[12.15561563]
[7.23861146],[2.1423076],[11.87748276]
[7.20624168],[2.12819128],[11.70444983]
[7.10981719],[2.10575185],[11.43928872]
[7.03712574],[2.09637246],[11.25880203]
[6.92526363],[2.08121447],[11.00265711]
[6.80622693],[2.06580134],[10.79038867]
[6.6577388],[2.05261114],[10.51569333]
[6.52130365],[2.04137482],[10.24018248]
[6.38227412],[2.0307828],[9.94020739]
[6.3045482],[2.01806693],[9.65954406]
[6.24666904],[2.00393956],[9.39410148]
[6.233821],[1.96441462],[9.13591523]
[6.21193402],[1.9174629],[8.77991746]
[6.15180645],[1.87116236],[8.32054875]
[6.04475941],[1.83129755],[7.76267834]
[5.89720631],[1.79469724],[7.28647468]
[5.80014255],[1.75487269],[6.86597329]
[5.69463589],[1.71532844],[6.49510695]
[5.62049277],[1.66347576],[6.13198614]
[5.5506157],[1.54842869],[5.75245626]
[5.45626599],[1.42202332],[5.36761188]
[5.34385628],[1.3326682],[4.94564409]
[25.33887843],[2.45417463],[32.15612881]
[19.72570647],[2.2237031],[20.26003377]
[15.73786248],[2.10639542],[14.09697516]
[13.56116263],[1.91921377],[8.79753879]
[4.68306741],[1.48783471],[4.00797345]
[3.19366671],[0.94011185],[2.44338821]
[2.86846362],[0.95466139],[2.36585884]
[3.84811557],[1.11367724],[2.83867906]
[4.56401112],[1.22251748],[3.68758308]
[4.999455],[1.40565133],[4.22449636]
[5.12796917],[1.58241415],[5.10346747]
[5.25645068],[1.61902361],[5.7177887]
[5.38077038],[1.67503827],[6.29715069]
[5.77594547],[1.76632311],[7.13534423]
[5.84185661],[1.86644988],[8.03596832]
[5.9466558],[1.96431628],[8.62975689]
[6.09435286],[2.05150711],[9.33223664]
[6.23160376],[2.1180922],[9.75866668]
[6.32698602],[2.21170014],[10.43696394]
[6.44414709],[2.28928083],[10.81189805]
[6.49355945],[2.36775621],[11.46385331]
[6.63355375],[2.40686537],[11.76694898]
[6.60987904],[2.41520486],[12.18744219]
[6.89827272],[2.47835337],[12.32885479]
[6.89968735],[2.48019201],[12.69701027]
[7.06706362],[2.54437635],[12.79792671]
[7.12860093],[2.534167],[12.95304576]
[7.22651259],[2.53546653],[13.13795439]
[7.29584072],[2.51606123],[13.22099057]
[7.32621002],[2.48743459],[13.29559671]
[7.46915867],[2.44151705],[13.40648954]
[7.528948],[2.34758341],[13.32855819]
[7.62543874],[2.28668279],[13.21787862]
[7.56772583],[2.22452108],[12.92224675]
[7.52140414],[2.18713805],[12.71511068]
[7.40347382],[2.16645879],[12.39848058]
[7.33265416],[2.1570433],[12.20263281]
[7.15712664],[2.14326849],[11.89198625]
[7.06022121],[2.12907983],[11.68990995]
[6.85233834],[2.11522985],[11.35988221]
[6.75198368],[2.10058317],[11.10729827]
[6.60542125],[2.08697671],[10.78582219]
[6.52453298],[2.07263733],[10.49044536]
[6.448302],[2.06103476],[10.20818205]
[6.41606183],[2.02875186],[9.93241765]
[6.39353908],[1.98422016],[9.57000417]
[6.342975],[1.94120157],[9.10680364]
[6.23192392],[1.89760729],[8.43114158]
[6.08050613],[1.8615797],[7.89107124]
[5.91157728],[1.81974637],[7.37480319]
[5.79320335],[1.77719093],[6.92968151]
[5.69077721],[1.72742119],[6.52137239]
[5.60505166],[1.67377491],[6.12736735]
[5.52346286],[1.54936501],[5.74213314]
[5.43825044],[1.37769878],[5.32194262]
[25.40126897],[2.46281783],[33.88734356]
[21.70515285],[2.23452348],[21.70444689]
[16.02588164],[2.11884908],[14.8645285]
[14.27675152],[1.93079568],[9.32408509]
[4.57833463],[1.49852242],[4.20934636]
[3.08498589],[0.97226247],[2.43061957]
[2.95902893],[0.97189982],[2.39876813]
[3.89067827],[1.12775901],[2.89821896]
[4.60980327],[1.23982923],[3.77137604]
[5.06650636],[1.4743747],[4.41309479]
[5.18113652],[1.63086827],[5.36608712]
[5.32585691],[1.6676349],[5.99084125]
[5.49879259],[1.75412648],[6.71384207]
[5.84526357],[1.85225656],[7.57997898]
[5.91334303],[1.95209711],[8.53807283]
[6.03288352],[2.03735913],[9.17142929]
[6.19128647],[2.1185209],[9.91912552]
[6.31860143],[2.20353363],[10.41398419]
[6.39467747],[2.3072698],[11.09744163]
[6.53018453],[2.3984268],[11.53912564]
[6.58536116],[2.48418442],[12.19835263]
[6.79799854],[2.51226494],[12.56644427]
[6.76468219],[2.54261481],[12.99812615]
[7.0154208],[2.57511885],[13.23438883]
[7.03481926],[2.59626073],[13.60097737]
[7.18689772],[2.64195653],[13.64601627]
[7.30440252],[2.64238401],[13.9398842]
[7.38711079],[2.65836675],[14.02262335]
[7.52529313],[2.64746765],[14.15630209]
[7.58583167],[2.63188677],[14.28462457]
[7.67595718],[2.59660162],[14.37786031]
[7.71800055],[2.51759973],[14.38923677]
[7.78890027],[2.44817235],[14.3023247]
[7.82925089],[2.36962385],[14.01297336]
[7.73868689],[2.31230824],[13.74105954]
[7.66544613],[2.25136342],[13.42806806]
[7.57349736],[2.21584613],[13.21226712]
[7.45805573],[2.19616636],[12.92043152]
[7.34340116],[2.18459872],[12.69067675]
[7.13606344],[2.17154652],[12.34821096]
[7.03482703],[2.15845909],[12.07468753]
[6.85449283],[2.14635537],[11.72692027]
[6.73125846],[2.1317082],[11.40246429]
[6.65557745],[2.11196817],[11.09640084]
[6.59958122],[2.08377907],[10.77667853]
[6.56298738],[2.0430481],[10.40061964]
[6.5190562],[2.00544943],[9.96673918]
[6.40523764],[1.96505195],[9.12511922]
[6.21830988],[1.92421583],[8.54286737]
[6.06166395],[1.88512617],[7.96885111]
[5.8888319],[1.84075216],[7.46421733]
[5.78441413],[1.78993201],[6.9953004]
[5.67394388],[1.73452669],[6.57990499]
[5.58762069],[1.66965915],[6.20629978]
[5.51460908],[1.49757961],[5.79352545]
[25.51338596],[2.47365424],[36.33302835]
[23.45054162],[2.25265577],[24.24613188]
[21.0232652],[2.14535292],[16.15747184]
[14.97535824],[1.97664631],[10.28673578]
[4.54248031],[1.53423652],[4.5701788]
[3.00244978],[0.99674986],[2.48775683]
[2.95531896],[0.97240938],[2.39201491]
[3.92155787],[1.12974942],[2.92932932]
[4.62321836],[1.27820283],[3.81104764]
[5.11674051],[1.51542531],[4.54664925]
[5.22485399],[1.6654615],[5.57541251]
[5.38674925],[1.70949216],[6.21933283]
[5.58831548],[1.84158629],[7.13783833]
[5.89735628],[1.93948074],[8.05520928]
[5.99968883],[2.03630899],[9.03703466]
[6.14667179],[2.10551228],[9.69722817]
[6.27178573],[2.19825039],[10.52148375]
[6.39014027],[2.30262175],[11.04349202]
[6.45091691],[2.41267076],[11.75087504]
[6.61955907],[2.49736677],[12.25122059]
[6.67113705],[2.56969701],[12.89819703]
[6.93008049],[2.59730958],[13.34813205]
[6.92959133],[2.6256237],[13.75662247]
[7.10916088],[2.64994713],[14.06238391]
[7.18150057],[2.67612741],[14.4226975]
[7.31627497],[2.70278847],[14.5113173]
[7.49870768],[2.70878698],[14.84360263]
[7.62363621],[2.73222632],[14.91621242]
[7.71455396],[2.72671111],[15.07716833]
[7.76299861],[2.72662346],[15.27250452]
[7.82348382],[2.70621549],[15.3422271]
[7.91321119],[2.65441128],[15.52664536]
[7.98633477],[2.60614084],[15.53965345]
[8.13694905],[2.53835721],[15.3678709]
[8.00160013],[2.47516082],[14.96480652]
[7.96097886],[2.39351427],[14.64197635]
[7.83506132],[2.35961042],[14.331538]
[7.75696439],[2.31341143],[14.04431008]
[7.58404308],[2.27534115],[13.74881367]
[7.4292114],[2.23801956],[13.42295568]
[7.29012057],[2.21057653],[13.11277519]
[7.16492291],[2.20058358],[12.78411431]
[7.01938608],[2.18918855],[12.42838825]
[6.92157686],[2.16113726],[12.11533641]
[6.8415082],[2.13968753],[11.77608799]
[6.77731705],[2.1095608],[11.37919539]
[6.711538],[2.07562759],[10.96534677]
[6.58755433],[2.03835092],[10.31722141]
[6.37287395],[1.99939223],[9.29790493]
[6.18620223],[1.95796896],[8.65743597]
[6.04211445],[1.91485265],[8.07938829]
[5.89137319],[1.8673426],[7.51605211]
[5.77020768],[1.81289354],[7.02508798]
[5.65370139],[1.7469635],[6.62324584]
[5.57838416],[1.66285004],[6.22943068]
