meltWidth,meltDepth,meltArea
[0.],[0.],[0.]
[0.],[0.],[0.]
[0.],[0.],[0.]
[0.],[0.],[0.]
[0.],[0.],[0.]
[0.],[0.],[0.]
[0.],[0.],[0.]
[0.],[0.],[0.]
[0.],[0.],[0.]
[0.],[0.],[0.]
[0.],[0.],[0.]
[0.],[0.],[0.]
[0.],[0.],[0.]
[0.],[0.],[0.]
[0.],[0.],[0.]
[0.],[0.],[0.]
[0.],[0.],[0.]
[0.],[0.],[0.]
[0.],[0.],[0.]
[0.],[0.],[0.]
[0.],[0.],[0.]
[0.],[0.],[0.]
[0.],[0.],[0.]
[0.],[0.],[0.]
[0.],[0.],[0.]
[0.],[0.],[0.]
[0.],[0.],[0.]
[0.],[0.],[0.]
[0.],[0.],[0.]
[0.],[0.],[0.]
[0.],[0.],[0.]
[0.],[0.],[0.]
[0.],[0.],[0.]
[0.],[0.],[0.]
[0.],[0.],[0.]
[0.],[0.],[0.]
[0.],[0.],[0.]
[0.],[0.],[0.]
[0.],[0.],[0.]
[0.],[0.],[0.]
[0.],[0.],[0.]
[0.],[0.],[0.]
[0.],[0.],[0.]
[0.],[0.],[0.]
[0.],[0.],[0.]
[0.],[0.],[0.]
[0.],[0.],[0.]
[0.],[0.],[0.]
[0.],[0.],[0.]
[0.],[0.],[0.]
[0.],[0.],[0.]
[0.],[0.],[0.]
[0.],[0.],[0.]
[0.],[0.],[0.]
[0.],[0.],[0.]
[0.],[0.],[0.]
[0.],[0.],[0.]
[0.],[0.],[0.]
[0.9468146],[0.12200138],[0.10009208]
[1.19209125],[0.34469178],[0.29991964]
[1.25412879],[0.33014992],[0.322627]
[1.29865915],[0.38136407],[0.36908744]
[1.33894657],[0.37488827],[0.37731206]
[1.36790001],[0.38844114],[0.40489463]
[1.54310663],[0.40572316],[0.4398958]
[1.49352361],[0.43925607],[0.46801732]
[1.81430986],[0.47367853],[0.57792834]
[1.74576483],[0.49943321],[0.58856961]
[1.98163451],[0.52474862],[0.72896938]
[1.94899969],[0.54472449],[0.73512331]
[2.05047978],[0.57328016],[0.82622347]
[2.08513255],[0.59402828],[0.87608406]
[2.10350953],[0.63356239],[0.90466615]
[2.1380465],[0.65260687],[0.95453453]
[2.1490914],[0.65164637],[0.94222262]
[2.23475115],[0.65055536],[0.98762931]
[2.26749741],[0.65019714],[0.97164774]
[2.31764712],[0.64969509],[1.01223445]
[2.29941926],[0.64748179],[0.98238167]
[2.32629011],[0.64689736],[1.01562248]
[2.29601143],[0.64728892],[0.97878881]
[2.31990833],[0.64755354],[1.02425082]
[2.29035123],[0.64845779],[0.98335394]
[2.32111049],[0.65034608],[1.03108743]
[2.2843557],[0.65054133],[0.99156488]
[2.33393098],[0.66172881],[1.02677043]
[2.30516284],[0.65197855],[1.02194217]
[2.3318993],[0.65231071],[1.02109403]
[2.30086382],[0.65206284],[1.01864281]
[2.29688095],[0.6515762],[1.01312207]
[2.29587235],[0.6515054],[1.01219849]
[2.29368704],[0.65006623],[1.01416671]
[2.2910038],[0.64928202],[1.00520725]
[2.28562794],[0.64688263],[0.99589747]
[2.28120825],[0.64139138],[0.98601591]
[2.27473172],[0.63103318],[0.97033732]
[2.25655213],[0.61854132],[0.94392535]
[2.24307641],[0.60729205],[0.91856355]
[2.2303518],[0.59465409],[0.89690945]
[2.22072657],[0.5845016],[0.87254493]
[2.21180571],[0.57505118],[0.85621708]
[2.20119683],[0.56149631],[0.83723601]
[2.19426593],[0.55580162],[0.82676866]
[2.19170549],[0.5526619],[0.82195479]
[2.19308493],[0.55248008],[0.82310773]
[2.20257296],[0.55193011],[0.82716303]
[2.20932395],[0.55084598],[0.82368757]
[2.21579896],[0.53805655],[0.80612093]
[0.],[0.],[0.]
[0.],[0.],[0.]
[0.],[0.],[0.]
[0.],[0.],[0.]
[0.],[0.],[0.]
[1.13210563],[0.33476192],[0.23293906]
[1.32035673],[0.43855894],[0.43323544]
[1.48305909],[0.50754574],[0.50740311]
[1.54574578],[0.58793424],[0.60988619]
[1.95172185],[0.64385683],[0.79706795]
[1.9772331],[0.67908775],[0.84851271]
[2.14384917],[0.69980089],[0.98981225]
[2.16840902],[0.71982938],[1.03143865]
[2.20772835],[0.74693207],[1.08181018]
[2.25610751],[0.76266297],[1.15887411]
[2.26226074],[0.77399258],[1.15591203]
[2.32833435],[0.78501233],[1.25168148]
[2.31412212],[0.79579734],[1.22064373]
[2.43733364],[0.80498424],[1.31708995]
[2.44485984],[0.8136405],[1.29437682]
[2.62513124],[0.82168263],[1.39555417]
[2.71109383],[0.82475716],[1.42033543]
[2.81139908],[0.82436318],[1.48636274]
[2.8196815],[0.82505191],[1.48256065]
[2.87132833],[0.82483782],[1.53339353]
[2.85333542],[0.82461907],[1.51264333]
[2.88107439],[0.8240277],[1.54789957]
[2.846949],[0.82392366],[1.50795997]
[2.87300179],[0.82487976],[1.55464815]
[2.83704721],[0.82657531],[1.50613189]
[2.87162754],[0.8271147],[1.56066121]
[2.82973277],[0.82877475],[1.51180203]
[2.88434736],[0.82868057],[1.56620284]
[2.85713535],[0.82912546],[1.55976293]
[2.8790669],[0.82958227],[1.57032018]
[2.84851853],[0.83032872],[1.55118905]
[2.83397635],[0.83030075],[1.54465558]
[2.8287296],[0.82926896],[1.54226617]
[2.81868735],[0.82945942],[1.54092955]
[2.81382969],[0.82912301],[1.53321181]
[2.80579433],[0.8229413],[1.51947849]
[2.79619915],[0.81512399],[1.49841222]
[2.7669221],[0.80013002],[1.45529869]
[2.71868531],[0.78729779],[1.40421144]
[2.66349831],[0.77636545],[1.3590811]
[2.59237802],[0.76703313],[1.31680635]
[2.53818441],[0.758695],[1.28721595]
[2.4779573],[0.74879567],[1.26406238]
[2.45761495],[0.73901425],[1.2454772]
[2.4464268],[0.72941802],[1.23074717]
[2.43019937],[0.7246346],[1.20928921]
[2.4193561],[0.72362519],[1.1972612]
[2.4088966],[0.72288623],[1.19152362]
[2.38517549],[0.72144906],[1.16766527]
[2.353856],[0.71935838],[1.14333036]
[1.86470029],[0.43966733],[0.58036692]
[0.],[0.],[0.]
[0.],[0.],[0.]
[0.],[0.],[0.]
[0.],[0.],[0.]
[1.09854745],[0.29162771],[0.16343563]
[1.38251297],[0.48845251],[0.45611563]
[1.70227766],[0.58248255],[0.59676414]
[1.84025321],[0.66690149],[0.786876]
[2.16583504],[0.74483527],[1.0312988]
[2.22903837],[0.78042326],[1.11849759]
[2.30074738],[0.8028184],[1.22031031]
[2.33706924],[0.81982835],[1.27860401]
[2.35446629],[0.82979461],[1.30882049]
[2.4009006],[0.84338541],[1.38251189]
[2.40766956],[0.85457154],[1.38350991]
[2.48120134],[0.8594793],[1.43650005]
[2.50739245],[0.85627068],[1.45479167]
[2.68555505],[0.84980297],[1.51015831]
[2.79168761],[0.84362121],[1.55255236]
[2.88452796],[0.84039107],[1.61055171]
[2.95452099],[0.84042045],[1.66095511]
[2.99938414],[0.84091263],[1.69753002]
[3.0429853],[0.84180118],[1.72474021]
[3.03238517],[0.84185898],[1.73355024]
[3.09051486],[0.84313901],[1.7563423]
[3.03690764],[0.84391936],[1.74759263]
[3.09201544],[0.84559458],[1.7617242]
[3.02495526],[0.8481628],[1.75067537]
[3.07220214],[0.85082658],[1.75780293]
[3.02253511],[0.85299691],[1.75748261]
[3.05990408],[0.85499315],[1.76286472]
[3.05403107],[0.85798821],[1.78942965]
[3.06666041],[0.85742859],[1.78937499]
[3.04843284],[0.85879236],[1.79234496]
[3.05080825],[0.86032473],[1.77812139]
[3.01487755],[0.861666],[1.77075794]
[3.00768044],[0.86267237],[1.76831479]
[2.99694422],[0.86312],[1.76784063]
[2.99031394],[0.8634722],[1.75936961]
[2.98237714],[0.8622832],[1.74699183]
[2.97291722],[0.85738293],[1.72558312]
[2.95397795],[0.85041326],[1.6897933]
[2.92223843],[0.8454665],[1.64568225]
[2.88076251],[0.83675538],[1.60089453]
[2.82782546],[0.82806255],[1.55634198]
[2.77394973],[0.81998683],[1.51032481]
[2.71328946],[0.809932],[1.46727602]
[2.64910365],[0.80059646],[1.43123633]
[2.58134661],[0.79216542],[1.39958942]
[2.51932047],[0.78352399],[1.36813514]
[2.50366075],[0.77725623],[1.34840438]
[2.48585421],[0.77593954],[1.33451034]
[2.46488586],[0.77465414],[1.31308977]
[2.45302397],[0.77229314],[1.29747203]
[2.63930765],[0.83271441],[1.30401089]
[0.],[0.],[0.]
[0.],[0.],[0.]
[0.],[0.],[0.]
[0.],[0.],[0.]
[1.03140686],[0.34040626],[0.1736747]
[1.54412096],[0.53985859],[0.50342517]
[2.02119595],[0.65942723],[0.80084488]
[2.20626434],[0.75210973],[1.0487914]
[2.26851351],[0.80161158],[1.15448342]
[2.37162547],[0.8203263],[1.29537506]
[2.37833406],[0.8389008],[1.31941163]
[2.44714047],[0.84742673],[1.41162823]
[2.44072471],[0.84620381],[1.40276205]
[2.52452707],[0.84436094],[1.48059209]
[2.5842016],[0.84252509],[1.49121305]
[2.74609741],[0.83832351],[1.56117986]
[2.84912139],[0.83523734],[1.60430466]
[2.93200013],[0.83102654],[1.65475117]
[3.004258],[0.82730885],[1.69873365]
[3.04294682],[0.82703134],[1.73768555]
[3.10026267],[0.82945001],[1.79485607]
[3.1159736],[0.83170457],[1.81081732]
[3.21249825],[0.83474019],[1.85599571]
[3.15978089],[0.83710348],[1.84720625]
[3.23693452],[0.83889852],[1.8873009]
[3.16097994],[0.83979981],[1.86214553]
[3.2394855],[0.84110003],[1.89301894]
[3.14837794],[0.84423541],[1.86415729]
[3.22001674],[0.84659818],[1.89265138]
[3.14092672],[0.84851203],[1.86856582]
[3.20558893],[0.85028704],[1.89695705]
[3.17771108],[0.85257251],[1.91709631]
[3.1995603],[0.85347966],[1.91072835]
[3.17164919],[0.85507932],[1.92729568]
[3.17679518],[0.85678645],[1.90207212]
[3.13217551],[0.85836062],[1.89438027]
[3.12430136],[0.85986508],[1.89422727]
[3.10956317],[0.86151482],[1.8923392]
[3.10335264],[0.86302918],[1.89119843]
[3.09983122],[0.8633632],[1.88806876]
[3.09280918],[0.86257831],[1.88001368]
[3.07524353],[0.85880701],[1.85291192]
[3.05662903],[0.85551485],[1.82280236]
[3.03372023],[0.85197784],[1.78985047]
[2.9944995],[0.8495448],[1.7471609]
[2.97371702],[0.84832007],[1.71740779]
[2.943587],[0.84623501],[1.68471868]
[2.91288479],[0.84418811],[1.6575821]
[2.88310378],[0.8419283],[1.63261842]
[2.85584113],[0.83733185],[1.60566935]
[2.8287505],[0.83000314],[1.57977116]
[2.7788858],[0.82439783],[1.54771182]
[2.76678558],[0.81947998],[1.52609954]
[2.73536137],[0.81514807],[1.50047478]
[2.62934808],[1.20702548],[1.54696369]
[0.77581516],[0.40417982],[0.14909654]
[0.],[0.],[0.]
[0.],[0.],[0.]
[0.00325356],[0.00078876],[0.]
[1.53319942],[0.51164633],[0.39624177]
[2.04637438],[0.69650347],[0.853177]
[2.19080391],[0.77822821],[1.06103512]
[2.34922418],[0.83173891],[1.28444445]
[2.35803184],[0.8640063],[1.32202055]
[2.45642631],[0.86675168],[1.44002336]
[2.45989815],[0.86981404],[1.4461722]
[2.61229377],[0.87163594],[1.54526512]
[2.70179897],[0.86846909],[1.5580005]
[2.80304061],[0.86552896],[1.63514225]
[2.89674184],[0.86203188],[1.66683642]
[2.97850137],[0.85982225],[1.73537913]
[3.03414282],[0.85892259],[1.76969403]
[3.08115741],[0.85943566],[1.81863503]
[3.12205926],[0.86134911],[1.84770544]
[3.14738909],[0.866397],[1.891631]
[3.17668982],[0.87003509],[1.91462211]
[3.18836644],[0.8723911],[1.93151632]
[3.28537741],[0.8742487],[1.95237564]
[3.22147356],[0.87497515],[1.96621784]
[3.31079512],[0.87616978],[1.99345176]
[3.23259084],[0.87643614],[1.99575004]
[3.31813379],[0.87720296],[2.011188]
[3.22337828],[0.87962747],[2.00073863]
[3.29514812],[0.88034225],[2.0172609]
[3.21961231],[0.88024566],[2.01165397]
[3.28284686],[0.88142142],[2.02451237]
[3.25813664],[0.8784945],[2.07585966]
[3.28738527],[0.88151496],[2.05920963]
[3.25215798],[0.88192408],[2.08718603]
[3.26827289],[0.88301861],[2.05351225]
[3.22339716],[0.88342206],[2.04603745]
[3.21796704],[0.88318272],[2.04781315]
[3.20516213],[0.88433382],[2.04429738]
[3.20371338],[0.88480837],[2.05089893]
[3.20118704],[0.88455078],[2.04910473]
[3.19817154],[0.88258772],[2.04083904]
[3.19145404],[0.87921661],[2.01902705]
[3.18127759],[0.87609259],[1.99285855]
[3.16497771],[0.87349209],[1.96750411]
[3.1396936],[0.87394835],[1.93850123]
[3.12419257],[0.87468187],[1.92285399]
[3.10383407],[0.87364675],[1.90152151]
[3.08472199],[0.87201107],[1.88342826]
[3.0642673],[0.86903404],[1.85746331]
[3.04596664],[0.86439323],[1.8302424]
[3.02552097],[0.86058752],[1.80469318]
[2.9874585],[0.85548669],[1.76639479]
[2.97404208],[0.85040973],[1.74187528]
[2.95215137],[0.84446071],[1.7117]
[2.66931286],[1.32651989],[1.97076437]
[0.76738111],[0.60354392],[0.22021949]
[0.],[0.],[0.]
[0.],[0.],[0.]
[0.],[0.],[0.]
[1.78015765],[0.54587018],[0.55304855]
[2.16357946],[0.74451818],[0.99189964]
[2.25855492],[0.80828008],[1.15721549]
[2.41323547],[0.85302237],[1.36141114]
[2.4267106],[0.88516528],[1.41215978]
[2.68606584],[0.88999999],[1.55528561]
[2.82851627],[0.89301775],[1.60381597]
[2.92503135],[0.89520984],[1.70188866]
[2.97368094],[0.89131505],[1.72879753]
[3.02397936],[0.88831615],[1.80521804]
[3.05731542],[0.88762813],[1.81182371]
[3.1182371],[0.88577297],[1.89692513]
[3.12686671],[0.88721171],[1.88124083]
[3.18968422],[0.88966242],[1.98744078]
[3.17150904],[0.89122893],[1.93150896]
[3.21798421],[0.89537081],[2.01555545]
[3.20818183],[0.89891717],[1.96325635]
[3.23540442],[0.90178129],[2.03936594]
[3.34385483],[0.90260691],[2.01518647]
[3.26641755],[0.90470506],[2.07753456]
[3.39399606],[0.90604446],[2.07885104]
[3.29662641],[0.90750851],[2.11865737]
[3.44519491],[0.90825144],[2.11923814]
[3.31380593],[0.90966719],[2.1442729]
[3.45246439],[0.90992104],[2.15421437]
[3.31349342],[0.90918468],[2.16235764]
[3.44929771],[0.91026763],[2.17988714]
[3.36145914],[0.90667094],[2.19534238]
[3.45876311],[0.90999453],[2.22744506]
[3.33823845],[0.91026169],[2.2117808]
[3.4202863],[0.91130079],[2.22289306]
[3.31248473],[0.91156301],[2.19901588]
[3.3054382],[0.9108715],[2.20047955]
[3.29641957],[0.91200401],[2.20151505]
[3.29108978],[0.91236606],[2.20587563]
[3.29042127],[0.90978682],[2.20299538]
[3.28572347],[0.90513602],[2.19134073]
[3.27676994],[0.90036023],[2.17081204]
[3.26238266],[0.89511454],[2.14118608]
[3.25127908],[0.89204451],[2.11835788]
[3.23627355],[0.89087396],[2.09543867]
[3.22323191],[0.88861483],[2.08059153]
[3.21004996],[0.88729339],[2.06240607]
[3.19728729],[0.88572232],[2.04508811]
[3.18387216],[0.88354188],[2.02626846]
[3.17095776],[0.88169072],[2.00603252]
[3.15701916],[0.87845669],[1.98637993]
[3.13517782],[0.87397645],[1.95891311]
[3.12302529],[0.86917208],[1.94094385]
[3.10823059],[0.86418686],[1.9156853]
[3.03977264],[1.33571905],[2.10152662]
[0.76805378],[0.55272547],[0.20153731]
[0.],[0.],[0.]
[0.],[0.],[0.]
[0.20264607],[0.01618177],[0.0012163]
[1.90150698],[0.5786098],[0.64119185]
[2.25035931],[0.76856638],[1.07449317]
[2.33237029],[0.81899628],[1.22846553]
[2.54338091],[0.86297879],[1.43948026]
[2.70257135],[0.89145134],[1.52353031]
[2.89034575],[0.89677453],[1.6773873]
[2.99719422],[0.90429403],[1.74387437]
[3.07606724],[0.905912],[1.85100814]
[3.1092709],[0.9031423],[1.88041777]
[3.15541948],[0.9035365],[1.97130137]
[3.16522566],[0.90378956],[1.95995077]
[3.22714386],[0.9046769],[2.06496965]
[3.21925134],[0.90741501],[2.01315733]
[3.26511151],[0.90974652],[2.09448117]
[3.29611206],[0.91100833],[2.03886676]
[3.31014664],[0.91516294],[2.1178411]
[3.35362733],[0.91872147],[2.08376352]
[3.32892204],[0.92179752],[2.14703058]
[3.39590574],[0.92279068],[2.11917174]
[3.33823941],[0.92632022],[2.18717495]
[3.47604416],[0.92835937],[2.20178614]
[3.41670308],[0.93001858],[2.24157436]
[3.56465302],[0.93022957],[2.2601579]
[3.50889351],[0.93226943],[2.2860495]
[3.61801883],[0.9325361],[2.31729591]
[3.54260059],[0.93188604],[2.31775956]
[3.63672027],[0.93285018],[2.35108316]
[3.58970676],[0.92925672],[2.36996831]
[3.63727043],[0.93239578],[2.39531381]
[3.57127754],[0.93245313],[2.38363037]
[3.60876379],[0.93338085],[2.39448588]
[3.53978363],[0.93354543],[2.36348057]
[3.51560777],[0.93293172],[2.36642202]
[3.48933788],[0.93386697],[2.36494656]
[3.47285931],[0.93402043],[2.36746084]
[3.46524964],[0.92947111],[2.35999846]
[3.44811534],[0.92452207],[2.34223615]
[3.4142222],[0.91942195],[2.31392971]
[3.37017709],[0.91450545],[2.28325241]
[3.30962728],[0.91230072],[2.25365087]
[3.29885944],[0.91078707],[2.23056111]
[3.28726809],[0.90678796],[2.21161717]
[3.27680745],[0.90394067],[2.19161239]
[3.26648074],[0.9013198],[2.17339707]
[3.2558031],[0.89799181],[2.15370363]
[3.24390997],[0.89463716],[2.12982424]
[3.23195296],[0.89125762],[2.10838536]
[3.21548118],[0.88829866],[2.08160114]
[3.20235581],[0.88571691],[2.05866794]
[3.18777475],[0.88164728],[2.03135129]
[3.35552636],[1.15102924],[2.04308397]
[0.80887778],[0.49773809],[0.18719543]
[0.],[0.],[0.]
[0.],[0.],[0.]
[0.9763079],[0.06712433],[0.03839256]
[2.09986089],[0.5932713],[0.72502689]
[2.33838728],[0.75110259],[1.11857004]
[2.39883367],[0.80115866],[1.2637438]
[2.7002208],[0.84699307],[1.49697002]
[2.85130148],[0.87728515],[1.60233805]
[2.99555467],[0.88958442],[1.76404341]
[3.08622563],[0.89810759],[1.83469894]
[3.15034],[0.90126325],[1.94460129]
[3.17204025],[0.90012028],[1.96856161]
[3.21867239],[0.90254706],[2.07225529]
[3.21690241],[0.90407543],[2.0366212]
[3.27463641],[0.90557497],[2.12646407]
[3.30257017],[0.90873157],[2.07747024]
[3.32468414],[0.91123508],[2.14614801]
[3.42297421],[0.91262171],[2.12298593]
[3.45671835],[0.9169879],[2.18721078]
[3.51266315],[0.92084636],[2.18131822]
[3.51412827],[0.92418017],[2.23987514]
[3.53636914],[0.92576308],[2.23630811]
[3.53743937],[0.92897076],[2.31287121]
[3.56461907],[0.93679147],[2.31359405]
[3.55975849],[0.93237985],[2.35841492]
[3.5945167],[0.93888874],[2.34869753]
[3.56137311],[0.93427208],[2.37298529]
[3.63620269],[0.94118136],[2.39116772]
[3.55067137],[0.93551364],[2.38996352]
[3.6754183],[0.94355653],[2.43410747]
[3.67306566],[0.93486256],[2.47058125]
[3.72434054],[0.94583359],[2.5063242]
[3.71813498],[0.93844079],[2.51865797]
[3.73124274],[0.93825907],[2.52670097]
[3.68751651],[0.93932457],[2.49252056]
[3.65319772],[0.93977629],[2.48882415]
[3.62654261],[0.94029154],[2.48329514]
[3.60721996],[0.94077601],[2.48211712]
[3.59616259],[0.94030932],[2.47831224]
[3.57776994],[0.93383228],[2.46569865]
[3.54398099],[0.92759929],[2.43899021]
[3.50422482],[0.92601621],[2.40659199]
[3.40357583],[0.92497981],[2.35543253]
[3.35346634],[0.92394342],[2.31981884]
[3.31882184],[0.92121358],[2.30223098]
[3.30984758],[0.9181551],[2.28440987]
[3.30040978],[0.91538559],[2.26411554]
[3.29035465],[0.91347044],[2.24431893]
[3.28021978],[0.91082234],[2.22125806]
[3.26884139],[0.90667732],[2.19898596]
[3.25494749],[0.90333616],[2.17436153]
[3.24243381],[0.90053415],[2.15337775]
[3.22964344],[0.89786966],[2.12700096]
[3.36433979],[1.10008619],[1.88028962]
[0.73150993],[0.38490654],[0.13352676]
[0.],[0.],[0.]
[0.],[0.],[0.]
[1.43349864],[0.20850529],[0.18517888]
[2.17874846],[0.6545382],[0.86937369]
[2.40158068],[0.77232876],[1.22182034]
[2.52143722],[0.82624269],[1.3792685]
[2.79066905],[0.87136898],[1.60717675]
[2.94334344],[0.89884229],[1.72280836]
[3.06760466],[0.91086699],[1.88038608]
[3.15934242],[0.91765576],[1.95152459]
[3.20774654],[0.92048213],[2.05689428]
[3.22271502],[0.91872128],[2.06996009]
[3.26522438],[0.91935439],[2.16097882]
[3.28716025],[0.92061661],[2.11393733]
[3.32741988],[0.92170497],[2.20241351]
[3.41118399],[0.92456776],[2.16143748]
[3.44224123],[0.92669914],[2.22215489]
[3.51937342],[0.92764221],[2.20667576]
[3.56107108],[0.93191661],[2.28611211]
[3.60692026],[0.93642018],[2.3129878]
[3.61459276],[0.93954734],[2.37978477]
[3.62418041],[0.95413582],[2.37858885]
[3.61744041],[0.94450128],[2.44388615]
[3.63140073],[0.96545227],[2.44559179]
[3.61426861],[0.95050189],[2.4774713]
[3.64183652],[0.96799492],[2.47420646]
[3.60762159],[0.95169908],[2.48825432]
[3.65834475],[0.96916586],[2.49989006]
[3.59795226],[0.95316791],[2.50055153]
[3.69928801],[0.97062319],[2.54316257]
[3.69962599],[0.96294643],[2.57088156]
[3.74560809],[0.97250347],[2.61050021]
[3.72968147],[0.96597167],[2.60758877]
[3.7399926],[0.96602945],[2.61890053]
[3.69487497],[0.96701066],[2.5814187]
[3.66078204],[0.96798186],[2.57751417]
[3.63268155],[0.96896584],[2.57046014]
[3.61198786],[0.96931997],[2.56629326]
[3.60040475],[0.9672309],[2.55989316]
[3.58111647],[0.9622317],[2.54606385]
[3.54464735],[0.9533131],[2.51711337]
[3.50247751],[0.94819018],[2.48322939]
[3.45318923],[0.94284589],[2.4434157]
[3.40142545],[0.94035679],[2.40008414]
[3.35561791],[0.93804268],[2.36656918]
[3.32057826],[0.9356713],[2.33946277]
[3.31346602],[0.93360027],[2.32196509]
[3.30340949],[0.93148946],[2.30336128]
[3.29230696],[0.92863957],[2.27999351]
[3.28072208],[0.92494503],[2.25545076]
[3.26655195],[0.92160406],[2.22613941]
[3.25396706],[0.91843329],[2.20253557]
[3.24149208],[0.91547447],[2.17736188]
[3.40896907],[1.13856626],[1.94190778]
[0.89275318],[0.36581495],[0.14495587]
[0.],[0.],[0.]
[0.],[0.],[0.]
[1.54792109],[0.26686642],[0.24220127]
[2.22063057],[0.67605457],[0.93740056]
[2.43013343],[0.78598879],[1.26920733]
[2.58175255],[0.84058006],[1.44150228]
[2.84169124],[0.88715078],[1.67593064]
[2.99893654],[0.91300358],[1.79849143]
[3.114306],[0.92307946],[1.95319532]
[3.20567271],[0.92964568],[2.02427362]
[3.24482438],[0.93112219],[2.12730907]
[3.26391884],[0.92886053],[2.12102432]
[3.29954565],[0.92939336],[2.20905079]
[3.3632643],[0.92975061],[2.16729279]
[3.40047819],[0.93009451],[2.25113331]
[3.46505641],[0.93236603],[2.21480958]
[3.4832233],[0.9338254],[2.28350927]
[3.55338152],[0.93485201],[2.30273561]
[3.58856487],[0.93896149],[2.40031031]
[3.62972639],[0.96568158],[2.4233686]
[3.63681646],[0.96153406],[2.49029111]
[3.64973935],[0.99579007],[2.50811362]
[3.64407563],[0.99262745],[2.57607048]
[3.65355648],[1.0207925],[2.58104079]
[3.64135213],[1.01160103],[2.61708479]
[3.66477654],[1.02584366],[2.61527005]
[3.6352428],[1.01092614],[2.62735538]
[3.65658071],[1.02462927],[2.62296413]
[3.62859967],[1.00968636],[2.63257141]
[3.70128595],[1.02395763],[2.6630164]
[3.70081869],[1.01605273],[2.67787073]
[3.74935507],[1.02324233],[2.72342178]
[3.74545558],[1.01645333],[2.71820683]
[3.76936313],[1.01510611],[2.74813462]
[3.73497279],[1.01478727],[2.70839474]
[3.70134286],[1.01447024],[2.70039543]
[3.67558875],[1.01419118],[2.68954188]
[3.65694562],[1.01349193],[2.6811367]
[3.64278209],[1.01158176],[2.67147204]
[3.6257488],[1.00303395],[2.65437696]
[3.59292047],[0.98812057],[2.62100507]
[3.56105792],[0.97643433],[2.57992484]
[3.48471337],[0.96996112],[2.52434904]
[3.43301612],[0.96317436],[2.4780878]
[3.387269],[0.9558329],[2.43968189]
[3.35328132],[0.94964817],[2.40423833]
[3.32125635],[0.94743836],[2.37321362]
[3.31307618],[0.94522321],[2.34669615]
[3.30385169],[0.94223532],[2.32647519]
[3.29222157],[0.93832108],[2.30651863]
[3.27787621],[0.93484145],[2.28028117]
[3.26495975],[0.93224316],[2.25907204]
[3.25290181],[0.92934579],[2.23356637]
[3.31182596],[1.16834484],[1.98224949]
[0.95497335],[0.32408113],[0.13850328]
[0.],[0.],[0.]
[0.],[0.],[0.]
[1.62466228],[0.32497304],[0.29739837]
[2.2628637],[0.69008991],[0.99247343]
[2.45589755],[0.79914645],[1.30492008]
[2.63771642],[0.85145329],[1.48593499]
[2.88624062],[0.89759288],[1.71932805]
[3.0444186],[0.91978976],[1.84399132]
[3.14974839],[0.92848488],[1.99488813]
[3.2367489],[0.9348687],[2.05870093]
[3.26802941],[0.93574818],[2.16327961]
[3.30756266],[0.93364068],[2.15377426]
[3.32133583],[0.93422161],[2.24018525]
[3.39658832],[0.93471629],[2.20052558]
[3.4328965],[0.93489792],[2.27969024]
[3.49368897],[0.93640908],[2.26722727]
[3.51151714],[0.9373198],[2.36962708]
[3.57898891],[0.95115385],[2.38486969]
[3.61545642],[0.96232634],[2.47941266]
[3.65089498],[0.98490882],[2.49727343]
[3.66065171],[0.99343561],[2.56963493]
[3.67119036],[1.02194362],[2.57765206]
[3.67023572],[1.02217844],[2.64462932]
[3.67630264],[1.04738033],[2.64958036]
[3.66889305],[1.03946845],[2.68638484]
[3.68804751],[1.05186563],[2.68411686]
[3.66268823],[1.03742664],[2.69325737]
[3.68022755],[1.05049935],[2.68857715]
[3.6570418],[1.03644228],[2.69668752]
[3.70310101],[1.04952548],[2.71045131]
[3.70215077],[1.04213047],[2.7282411]
[3.75339617],[1.04854031],[2.77008131]
[3.7498742],[1.04208045],[2.76799673]
[3.77392626],[1.04064626],[2.79281789]
[3.77164134],[1.04015061],[2.77669975]
[3.73570172],[1.04003442],[2.76732566]
[3.71199069],[1.03956699],[2.75514061]
[3.69501133],[1.03839868],[2.74566733]
[3.68507974],[1.03677443],[2.73658856]
[3.6703348],[1.02870076],[2.71977647]
[3.64116321],[1.01476123],[2.68817283]
[3.61364426],[1.00252465],[2.64819742]
[3.52689902],[0.98980301],[2.58085047]
[3.46467813],[0.97793405],[2.52686352]
[3.41889187],[0.97039342],[2.48716412]
[3.38740408],[0.96166694],[2.44914126]
[3.35541059],[0.95840373],[2.41339524]
[3.32097172],[0.95545702],[2.38180967]
[3.31220659],[0.95277772],[2.35111435]
[3.30244646],[0.94867373],[2.33082868]
[3.28881015],[0.94508529],[2.30556081]
[3.27575676],[0.94195068],[2.2867219]
[3.26368231],[0.93885095],[2.26264703]
[3.32932264],[1.16501176],[2.0812044]
[1.05056701],[0.33408307],[0.15756889]
[0.],[0.],[0.]
[0.],[0.],[0.]
[1.65888657],[0.3512391],[0.32376136]
[2.29065678],[0.68374124],[1.00148492]
[2.47475741],[0.78900463],[1.30065377]
[2.66622341],[0.84216987],[1.49032204]
[2.89812525],[0.88879822],[1.71707312]
[3.05938363],[0.91007761],[1.84539868]
[3.16548226],[0.91914187],[1.99820934]
[3.25271824],[0.92602765],[2.06407519]
[3.28441353],[0.92746454],[2.17467365]
[3.3411369],[0.92564816],[2.1645514]
[3.36397586],[0.92512448],[2.24857181]
[3.42996395],[0.92560849],[2.22662372]
[3.46597922],[0.92605407],[2.32634531]
[3.5233733],[0.92738524],[2.32024724]
[3.54342391],[0.94198057],[2.40997645]
[3.60356065],[0.95140868],[2.41830408]
[3.64611031],[0.97930748],[2.52360497]
[3.67563047],[0.99562936],[2.53433447]
[3.69025745],[1.01039354],[2.61066483]
[3.6976454],[1.0383951],[2.62591598]
[3.70214582],[1.04190749],[2.69772297]
[3.70291306],[1.06624448],[2.70497358]
[3.70148035],[1.06121611],[2.74457449]
[3.71526812],[1.07408539],[2.74488592]
[3.69595552],[1.06075144],[2.7563181]
[3.70976261],[1.07344524],[2.75219136]
[3.6918492],[1.06021016],[2.76087577]
[3.71380551],[1.07292392],[2.76304049]
[3.71883162],[1.06615213],[2.78081926]
[3.76551973],[1.07237231],[2.82318229]
[3.76468689],[1.06749707],[2.82301317]
[3.78565375],[1.06613429],[2.84766673]
[3.78693431],[1.06606841],[2.83417012]
[3.77202952],[1.06600434],[2.8410871]
[3.75028537],[1.06607134],[2.83039145]
[3.73454048],[1.06609745],[2.82480052]
[3.72498109],[1.06617943],[2.82071822]
[3.71213362],[1.06036465],[2.80779565]
[3.68600148],[1.04651933],[2.77194635]
[3.66426656],[1.03426948],[2.72447632]
[3.59109049],[1.02202225],[2.65992481]
[3.50378029],[1.00830827],[2.59483924]
[3.45853727],[0.99299067],[2.54921595]
[3.4284413],[0.97891716],[2.50919185]
[3.39676621],[0.97203059],[2.47068411]
[3.35713041],[0.96899971],[2.43300926]
[3.32733175],[0.96531973],[2.39725482]
[3.31112307],[0.96039068],[2.36457115]
[3.29950824],[0.95558318],[2.33357205]
[3.2881826],[0.95212426],[2.31565056]
[3.27617647],[0.94896759],[2.29342627]
[3.42545998],[1.11255847],[2.05427707]
[1.0737755],[0.27258038],[0.13549875]
[0.],[0.],[0.]
[0.],[0.],[0.]
[1.73889934],[0.38676332],[0.36972393]
[2.31154928],[0.70025556],[1.06340675]
[2.46850753],[0.80045065],[1.34100532]
[2.6388322],[0.85859701],[1.5308858]
[2.88909442],[0.9041289],[1.74954349]
[3.07705491],[0.92310285],[1.88183006]
[3.18797137],[0.93236319],[2.04017387]
[3.28745814],[0.93967194],[2.09992317]
[3.30978605],[0.94099677],[2.22186961]
[3.38844213],[0.94011462],[2.2154727]
[3.4153868],[0.93830356],[2.3101542]
[3.4770178],[0.93871521],[2.29244704]
[3.51579605],[0.94035616],[2.3961074]
[3.56872873],[0.94242015],[2.39380285]
[3.59709065],[0.96218276],[2.4912106]
[3.65037984],[0.96810988],[2.50093345]
[3.699648],[1.00582925],[2.60579352]
[3.72187895],[1.01811124],[2.61472677]
[3.73771067],[1.03675516],[2.6934087]
[3.73930521],[1.06238714],[2.70797752]
[3.74721709],[1.06784195],[2.77714975]
[3.74467753],[1.09096581],[2.78983819]
[3.74624779],[1.08846363],[2.82628178]
[3.75741257],[1.10046425],[2.82982415]
[3.74391983],[1.08785246],[2.83981193]
[3.75547137],[1.09965802],[2.83830123]
[3.74167259],[1.08711976],[2.84376657]
[3.74925364],[1.09960305],[2.84307362]
[3.76862735],[1.09314835],[2.86260781]
[3.79240844],[1.09902519],[2.89799269]
[3.79503053],[1.09387058],[2.89365698]
[3.8091435],[1.09248372],[2.91870761]
[3.81335659],[1.09234794],[2.90595163]
[3.78489361],[1.09221674],[2.90388489]
[3.76194244],[1.0922199],[2.89346591]
[3.74539491],[1.09221958],[2.88667553]
[3.73510534],[1.09223242],[2.88220965]
[3.72150821],[1.08655705],[2.86993909]
[3.69352362],[1.07333799],[2.83514601]
[3.67263923],[1.0615473],[2.78629962]
[3.60221781],[1.05052042],[2.71106826]
[3.55052279],[1.03687344],[2.66258678]
[3.50761046],[1.02150873],[2.61807895]
[3.47753652],[1.00344652],[2.57396906]
[3.44521098],[0.98845196],[2.52766936]
[3.40477652],[0.98547913],[2.4851237]
[3.37466754],[0.98188879],[2.44466503]
[3.34152517],[0.97704095],[2.40611587]
[3.31138553],[0.97230358],[2.36509157]
[3.29935741],[0.96823431],[2.3369943]
[3.289792],[0.96409596],[2.31489705]
[3.50081209],[1.17236852],[2.18451266]
[1.05578577],[0.28733052],[0.1393674]
[0.],[0.],[0.]
[0.],[0.],[0.]
[1.7770794],[0.39178169],[0.3801983]
[2.32087612],[0.71154296],[1.09527093]
[2.47280057],[0.80732331],[1.36580576]
[2.63662502],[0.86602112],[1.55649248]
[2.89684318],[0.91437534],[1.78234627]
[3.092969],[0.93408732],[1.91402388]
[3.20879166],[0.94216716],[2.08165627]
[3.31796826],[0.94940041],[2.14022171]
[3.34613968],[0.95014009],[2.26122935]
[3.42181061],[0.94956494],[2.27014126]
[3.44927476],[0.94794472],[2.37464914]
[3.50911778],[0.94836666],[2.37145394]
[3.54439951],[0.95007437],[2.47385554]
[3.59363272],[0.95775321],[2.47539155]
[3.6256538],[0.99988316],[2.57932552]
[3.67274307],[1.00558122],[2.59383282]
[3.72699936],[1.04195132],[2.70000181]
[3.74374359],[1.05722003],[2.71208678]
[3.76287688],[1.0778135],[2.79797742]
[3.7614735],[1.10068284],[2.81683938]
[3.77451077],[1.10533773],[2.88832679]
[3.77935025],[1.12820776],[2.91285118]
[3.77298634],[1.12556206],[2.94162666]
[3.80747748],[1.13786026],[2.96766778]
[3.77752877],[1.12663422],[2.9634681]
[3.81537583],[1.13747138],[2.98685428]
[3.78743425],[1.1258667],[2.9733874]
[3.8122055],[1.13660376],[2.98975738]
[3.82425143],[1.13051701],[2.98769441]
[3.83282011],[1.13605531],[3.02606798]
[3.8274054],[1.13128289],[3.0080216]
[3.84157882],[1.13000814],[3.04139441]
[3.83857315],[1.12986994],[3.0200714]
[3.82140107],[1.12973439],[3.02636386]
[3.81217223],[1.12972935],[3.02632956]
[3.79880522],[1.12967186],[3.01995061]
[3.79175204],[1.12961795],[3.01361132]
[3.7786471],[1.12537056],[2.99760072]
[3.75308736],[1.1129208],[2.9656171]
[3.73285765],[1.101753],[2.91973476]
[3.65957855],[1.09015065],[2.84021055]
[3.58426917],[1.07707581],[2.76698073]
[3.54290102],[1.06460952],[2.70797497]
[3.51221017],[1.04856812],[2.66661358]
[3.47970003],[1.03043344],[2.62275429]
[3.43906515],[1.01261283],[2.5746542]
[3.40871997],[0.99471848],[2.52384561]
[3.37583646],[0.99009973],[2.47802932]
[3.33541465],[0.98531437],[2.43142902]
[3.30948227],[0.98143728],[2.39135199]
[3.2995724],[0.97701841],[2.35548293]
[3.46094073],[1.20533887],[2.26174832]
[0.95390988],[0.29549061],[0.12721329]
[0.],[0.],[0.]
[0.],[0.],[0.]
[1.77190339],[0.37603999],[0.35821541]
[2.32719399],[0.70360955],[1.10107237]
[2.47801892],[0.79909417],[1.36882837]
[2.63732608],[0.85883751],[1.55780203]
[2.9096868],[0.91234131],[1.79296641]
[3.11137714],[0.93064291],[1.92253609]
[3.23086463],[0.93993855],[2.10349199]
[3.34817147],[0.94818626],[2.15713665]
[3.38550311],[0.9500055],[2.27407063]
[3.45491437],[0.9509264],[2.30573405]
[3.48432417],[0.95063327],[2.42543332]
[3.54111758],[0.95154233],[2.43022744]
[3.57732157],[0.96687716],[2.53650426]
[3.62235732],[0.97431203],[2.53636074]
[3.65785302],[1.01985316],[2.63955283]
[3.69919349],[1.0253577],[2.65601652]
[3.75821952],[1.0671558],[2.76669219]
[3.78760766],[1.08004686],[2.79802375]
[3.79721153],[1.10495752],[2.87851633]
[3.81943781],[1.12530742],[2.9255352]
[3.8259459],[1.13707946],[2.99301259]
[3.835322],[1.163512],[3.0439363]
[3.84009082],[1.15826929],[3.07806322]
[3.85987242],[1.17502707],[3.1109922]
[3.85702443],[1.15387953],[3.10522029]
[3.87641133],[1.16726929],[3.11967478]
[3.88136404],[1.14727665],[3.10033437]
[3.87461815],[1.1649],[3.10641791]
[3.8912925],[1.15627351],[3.10052209]
[3.88556819],[1.1644968],[3.13673854]
[3.89458165],[1.15726712],[3.1213237]
[3.89146918],[1.15543878],[3.14795777]
[3.89681268],[1.15515293],[3.13105279]
[3.8765721],[1.15487059],[3.1344445]
[3.87437144],[1.15502261],[3.1425221]
[3.87300012],[1.15481659],[3.14667591]
[3.86804066],[1.15460075],[3.14194441]
[3.86192915],[1.15037231],[3.1272828]
[3.84605842],[1.13724663],[3.09499354]
[3.83474594],[1.12590004],[3.05511038]
[3.77810465],[1.1140584],[2.97368714]
[3.6561454],[1.10065442],[2.86777772]
[3.58942414],[1.08754987],[2.79866303]
[3.55764765],[1.07386068],[2.7460293]
[3.52452585],[1.05882121],[2.69485121]
[3.48266842],[1.04212884],[2.64813559]
[3.45069827],[1.02589745],[2.60153543]
[3.41711908],[1.00758965],[2.55030988]
[3.37646489],[0.99671364],[2.48892675]
[3.3415836],[0.99250846],[2.44394303]
[3.31331487],[0.98802497],[2.39934043]
[3.40638556],[1.17551552],[2.17254216]
[0.82340099],[0.26501903],[0.09885843]
[0.],[0.],[0.]
[0.],[0.],[0.]
[1.83150614],[0.39603382],[0.40267749]
[2.33755373],[0.71772265],[1.15378031]
[2.47654572],[0.81270589],[1.41382575]
[2.60690205],[0.87229311],[1.59247304]
[2.94998374],[0.93146641],[1.85585511]
[3.15254365],[0.94679823],[1.98247703]
[3.26793075],[0.95631401],[2.16641]
[3.39430926],[0.96468107],[2.21302999]
[3.43580918],[0.96611002],[2.33723582]
[3.50148777],[0.96700563],[2.39634894]
[3.53496599],[0.96692865],[2.50808946]
[3.59045716],[0.96832048],[2.5209998]
[3.62976468],[0.99212415],[2.6202484]
[3.67014143],[0.99913002],[2.6256244]
[3.71467806],[1.04323842],[2.73364451]
[3.76197121],[1.06138165],[2.78075164]
[3.82763558],[1.11460947],[2.9265763]
[3.86504916],[1.13402204],[3.01353272]
[3.91113904],[1.15881112],[3.11497618]
[3.91693117],[1.18166819],[3.17365099]
[3.950365],[1.18842602],[3.24362683]
[3.94709816],[1.21603814],[3.29988952]
[3.97904935],[1.20688288],[3.33885249]
[3.97551046],[1.22422498],[3.36459264]
[4.0030667],[1.2036109],[3.36901236]
[3.9900453],[1.2161262],[3.36792725]
[4.01903722],[1.19514377],[3.35562922]
[3.99508905],[1.20768313],[3.34438855]
[4.02123451],[1.19516878],[3.32730254]
[3.98813233],[1.19961163],[3.33576482]
[4.00124161],[1.18821361],[3.30902978]
[3.97043171],[1.18276711],[3.31049378]
[3.97568481],[1.17846597],[3.28307909]
[3.94531297],[1.17439235],[3.27022056]
[3.93451162],[1.17229392],[3.26431688]
[3.92470882],[1.17178044],[3.25990941]
[3.91695834],[1.17125244],[3.25173547]
[3.9130942],[1.16702903],[3.23460248]
[3.90157403],[1.15404316],[3.20133735]
[3.89429332],[1.14280567],[3.16191992]
[3.85951121],[1.13084574],[3.08788518]
[3.77599602],[1.11759028],[2.99307678]
[3.68105108],[1.10357734],[2.90037838]
[3.6117189],[1.09057752],[2.83387602]
[3.57901708],[1.07581026],[2.78012381]
[3.53725283],[1.06118323],[2.72103012]
[3.50499403],[1.04680959],[2.67673141]
[3.47142013],[1.03172081],[2.62934052]
[3.42942865],[1.01348279],[2.57207078]
[3.39341639],[1.00639485],[2.50263546]
[3.36379873],[1.00226894],[2.44774301]
[3.49143212],[1.19971603],[2.25184748]
[0.80534469],[0.29105861],[0.10687421]
[0.],[0.],[0.]
[0.],[0.],[0.]
[1.83232207],[0.40164513],[0.41439166]
[2.35268829],[0.72629983],[1.18242307]
[2.49224085],[0.82095271],[1.44281615]
[2.69042789],[0.8828704],[1.64019702]
[2.99894679],[0.94311644],[1.92053404]
[3.18623511],[0.95571891],[2.04237972]
[3.29580144],[0.96567567],[2.22422596]
[3.42656477],[0.97448152],[2.26806363]
[3.47227339],[0.97526948],[2.42075807]
[3.53555896],[0.97629167],[2.4906274]
[3.5699114],[0.97769424],[2.60527781]
[3.6236188],[0.98324378],[2.62741222]
[3.66824905],[1.03889782],[2.74140451]
[3.70796521],[1.06172207],[2.78701401]
[3.7612114],[1.11457245],[2.94214493]
[3.85226906],[1.14087751],[3.06332583]
[3.95305835],[1.18275625],[3.22553852]
[3.97084233],[1.20600999],[3.31275994]
[4.03063458],[1.21772624],[3.40522003]
[4.01468974],[1.24466397],[3.45818466]
[4.05877235],[1.24135833],[3.52118234]
[4.03933637],[1.26741426],[3.56279681]
[4.08555237],[1.25988377],[3.61752815]
[4.08007532],[1.27583791],[3.63268802]
[4.11050784],[1.25762976],[3.64952999]
[4.09965074],[1.26796991],[3.6393803]
[4.12963763],[1.24913433],[3.64206953]
[4.10977334],[1.25953516],[3.62046566]
[4.15762805],[1.24836278],[3.62245884]
[4.08110145],[1.251738],[3.60717426]
[4.11034123],[1.2408881],[3.59086519]
[4.04798409],[1.23515139],[3.57553525]
[4.06291784],[1.23087085],[3.55118751]
[4.02619209],[1.22660914],[3.53338815]
[4.01393298],[1.22211938],[3.51928683]
[4.00327522],[1.21797013],[3.50617281]
[3.99472138],[1.2138216],[3.48964769]
[3.98641658],[1.20619145],[3.45502749]
[3.97247488],[1.19013492],[3.40511762]
[3.96096961],[1.17568166],[3.34915611]
[3.93556053],[1.16053004],[3.26684534]
[3.87315567],[1.14400419],[3.16603579]
[3.79391977],[1.13170966],[3.06421191]
[3.71184647],[1.11841932],[2.9786376]
[3.63691842],[1.10413365],[2.90436047]
[3.57693431],[1.08994891],[2.84082842]
[3.54412856],[1.07604513],[2.78637929]
[3.51062923],[1.061373],[2.72880868]
[3.46865079],[1.04572296],[2.67227832]
[3.43248399],[1.01746676],[2.61350035]
[3.40258911],[1.01325948],[2.5487423]
[3.49439892],[1.24200437],[2.35576907]
[0.68162824],[0.29468728],[0.09359192]
[0.],[0.],[0.]
[0.],[0.],[0.]
[1.83171504],[0.40703781],[0.42507511]
[2.37493565],[0.73376437],[1.21344377]
[2.52089283],[0.82697398],[1.47222346]
[2.76764233],[0.89267388],[1.68684383]
[3.04427243],[0.95061689],[1.97214658]
[3.21598979],[0.96224364],[2.0880902]
[3.31968024],[0.9728201],[2.2710291]
[3.46037679],[0.98158274],[2.30776183]
[3.50847715],[0.98393642],[2.48558489]
[3.57864826],[0.99026663],[2.57879661]
[3.61034852],[1.0250938],[2.72435536]
[3.66938801],[1.04655556],[2.78671744]
[3.73638533],[1.10243421],[2.940182]
[3.83245895],[1.12435024],[3.04326737]
[3.92986797],[1.17691918],[3.22089889]
[3.96971962],[1.20142507],[3.33262379]
[4.06423275],[1.2335262],[3.48362173]
[4.0832894],[1.26245799],[3.56429433]
[4.15101097],[1.26731125],[3.65963494]
[4.15669843],[1.29331041],[3.71362457]
[4.20756885],[1.29066431],[3.79585259]
[4.229633],[1.31590899],[3.87142182]
[4.27015741],[1.30914003],[3.9375141]
[4.3107097],[1.325682],[3.98918279]
[4.33003165],[1.30690425],[4.00902587]
[4.35874888],[1.31783307],[4.03169283]
[4.37474425],[1.29758425],[4.01814199]
[4.39160579],[1.30843277],[4.00880269]
[4.40579239],[1.29559679],[3.99643433]
[4.35369304],[1.29904647],[3.96344354]
[4.36399784],[1.28712061],[3.94527347]
[4.30001943],[1.28091359],[3.89333999]
[4.31408392],[1.27653253],[3.87524363]
[4.25088542],[1.27219642],[3.81999811]
[4.20348842],[1.2676062],[3.78635541]
[4.17078928],[1.26356817],[3.75991335]
[4.13789805],[1.25932003],[3.72978657]
[4.11402665],[1.25168549],[3.6902639]
[4.07009312],[1.23592486],[3.63349576]
[4.04834682],[1.22135079],[3.57627655]
[4.03295649],[1.20587829],[3.49831658]
[3.97686924],[1.18844213],[3.39490891]
[3.92708381],[1.1713718],[3.2911138]
[3.862591],[1.15019231],[3.17821893]
[3.78060682],[1.12689557],[3.06328983]
[3.67165152],[1.10639409],[2.94984019]
[3.58395674],[1.09153811],[2.86183778]
[3.55076888],[1.07670999],[2.80452275]
[3.50857008],[1.06083397],[2.74237363]
[3.47211973],[1.02985826],[2.67504121]
[3.44140589],[1.02096909],[2.61533516]
[3.59606517],[1.28694778],[2.51874734]
[0.68951265],[0.3022507],[0.09739675]
[0.],[0.],[0.]
[0.],[0.],[0.]
[1.79457676],[0.3936199],[0.40194355]
[2.38823696],[0.72998299],[1.21993647]
[2.54745702],[0.82580907],[1.49065558]
[2.81973329],[0.89540594],[1.71629782]
[3.07915051],[0.95268002],[2.01167978]
[3.24166318],[0.96546595],[2.12411835]
[3.35727528],[0.98146119],[2.31942923]
[3.50686929],[0.99487066],[2.39531338]
[3.55597048],[1.00123317],[2.62969002]
[3.64506704],[1.02109259],[2.76567472]
[3.7101248],[1.08826399],[2.92937429]
[3.80665894],[1.10903883],[3.03022972]
[3.90935539],[1.16045802],[3.20341883]
[3.96738196],[1.18467241],[3.31898146]
[4.05469705],[1.23075515],[3.48698789]
[4.0801405],[1.26218281],[3.59048848]
[4.19540604],[1.28438881],[3.74453551]
[4.31583607],[1.31490077],[3.88015567]
[4.40208281],[1.31760368],[4.02078309]
[4.44510265],[1.34422528],[4.1282514]
[4.46312327],[1.3426869],[4.22151926]
[4.49378895],[1.3676401],[4.31819792]
[4.49631196],[1.36325107],[4.37599213]
[4.53501918],[1.37836786],[4.43643463]
[4.53174717],[1.3611195],[4.44670543]
[4.56370141],[1.36953616],[4.47092743]
[4.5591582],[1.35029739],[4.44876924]
[4.58682954],[1.35856982],[4.44476904]
[4.58593945],[1.34668234],[4.42346314]
[4.5696982],[1.34839889],[4.40366515]
[4.55133405],[1.33699954],[4.36920957]
[4.52578511],[1.33032969],[4.32782879]
[4.50815215],[1.32548247],[4.29322843]
[4.4815614],[1.32071884],[4.23696294]
[4.43509476],[1.31677135],[4.19140489]
[4.40983303],[1.31465704],[4.15151563]
[4.38463167],[1.30630097],[4.10889574]
[4.36677409],[1.29892545],[4.06483476]
[4.3383079],[1.28213707],[3.99894521]
[4.31212008],[1.26765853],[3.92162703]
[4.2936553],[1.2525927],[3.82416865]
[4.1861658],[1.2353606],[3.67718463]
[4.04371432],[1.21880682],[3.54678022]
[3.98220802],[1.20051034],[3.4391496]
[3.93271809],[1.17754748],[3.32543105]
[3.8665103],[1.15470393],[3.20970274]
[3.79300295],[1.13211574],[3.09671849]
[3.70030307],[1.10826712],[2.98462028]
[3.58487566],[1.08294349],[2.86863566]
[3.52470882],[1.04985534],[2.7748618]
[3.48842547],[1.03131545],[2.69999902]
[3.61661712],[1.28306787],[2.55592402]
[0.62407231],[0.27455857],[0.07964791]
[0.],[0.],[0.]
[0.],[0.],[0.]
[1.81986773],[0.40165165],[0.43093269]
[2.39512254],[0.74214254],[1.25589192]
[2.54832977],[0.8364585],[1.52429909]
[2.82921598],[0.90974869],[1.74991226]
[3.09835969],[0.96735411],[2.06681836]
[3.26553075],[0.9829766],[2.1948523]
[3.38597398],[1.00200929],[2.39935156]
[3.55375223],[1.0156267],[2.54024036]
[3.63119395],[1.05282882],[2.80365271]
[3.72683698],[1.07975439],[2.95583137]
[3.80135806],[1.14575362],[3.12782889]
[3.9136613],[1.16675992],[3.27055796]
[4.00625298],[1.21785759],[3.44325733]
[4.03550603],[1.24657406],[3.55430556]
[4.13454983],[1.28262645],[3.71531722]
[4.18601183],[1.31264529],[3.83021203]
[4.37889906],[1.33239994],[4.05889249]
[4.47739484],[1.36364664],[4.23866565]
[4.52285288],[1.36627501],[4.38272705]
[4.56596827],[1.39262148],[4.49363038]
[4.56936666],[1.39377331],[4.59984001]
[4.60224167],[1.41880583],[4.69418298]
[4.59688635],[1.41722009],[4.77701388]
[4.6339715],[1.42893246],[4.82459746]
[4.62597831],[1.40979871],[4.85676015]
[4.65588351],[1.41584235],[4.86940158]
[4.64580472],[1.39891466],[4.87107019]
[4.67566245],[1.40527192],[4.84650678]
[4.67416666],[1.39414167],[4.83104661]
[4.67022837],[1.39512592],[4.80054498]
[4.64574815],[1.38762743],[4.77042223]
[4.63676255],[1.38568752],[4.72177923]
[4.61233271],[1.38285136],[4.69126374]
[4.60191504],[1.37916788],[4.63187562]
[4.5609849],[1.3778436],[4.58354531]
[4.5407686],[1.37572903],[4.54364682]
[4.51970628],[1.36771813],[4.50071063]
[4.49969581],[1.35058811],[4.44848977]
[4.47389191],[1.33198561],[4.37234229]
[4.45062649],[1.31198689],[4.28202582]
[4.43690321],[1.29541359],[4.1568225]
[4.37140901],[1.27833883],[3.99478929]
[4.28101958],[1.26217444],[3.83720783]
[4.15572806],[1.24435696],[3.68285898]
[4.01782463],[1.22441308],[3.55321235]
[3.96683655],[1.202389],[3.44602689]
[3.91575686],[1.1808702],[3.33784626]
[3.85626245],[1.15757092],[3.21831283]
[3.76968051],[1.13387111],[3.10432822]
[3.66630671],[1.09789642],[2.98524601]
[3.58287835],[1.05816697],[2.8857292]
[3.73238849],[1.30430211],[2.63155355]
[0.66864748],[0.30044606],[0.0939849]
[0.],[0.],[0.]
[0.],[0.],[0.]
[1.80753417],[0.39791946],[0.42766178]
[2.4109773],[0.74662296],[1.26788228]
[2.59237956],[0.84185737],[1.54951288]
[2.87231638],[0.91962287],[1.79487334]
[3.12358588],[0.97720851],[2.12282464]
[3.28286273],[0.99363638],[2.25953389]
[3.43370592],[1.01354635],[2.48749153]
[3.61195251],[1.02635739],[2.65952185]
[3.70084837],[1.09730398],[2.94001804]
[3.80908413],[1.1252503],[3.11155455]
[3.90521739],[1.18936701],[3.30910007]
[3.97905018],[1.21345844],[3.44692622]
[4.06459815],[1.26083032],[3.6152748]
[4.09748089],[1.29316282],[3.72487264]
[4.20192524],[1.31974778],[3.89574834]
[4.34290016],[1.35398429],[4.08316986]
[4.48489919],[1.37317015],[4.33037952]
[4.57077986],[1.4054166],[4.51333152]
[4.59877247],[1.4071209],[4.65707323]
[4.63796247],[1.43217276],[4.77513749]
[4.63590438],[1.43523265],[4.90594689]
[4.66725787],[1.45928817],[4.99756227]
[4.65625438],[1.47164946],[5.08977427]
[4.69080544],[1.47172829],[5.13423755]
[4.6801489],[1.46643345],[5.16945886]
[4.73295752],[1.46055331],[5.17967413]
[4.6965841],[1.45329336],[5.18168128]
[4.7799268],[1.44844292],[5.15706292]
[4.76963756],[1.43366335],[5.14452054]
[4.79131324],[1.44034018],[5.10983767]
[4.72663785],[1.43753433],[5.06551028]
[4.74040402],[1.4355194],[5.02627246]
[4.68075065],[1.43268238],[4.98273022]
[4.69072421],[1.42902896],[4.93286219]
[4.6273711],[1.42717379],[4.87646452]
[4.60958049],[1.4244608],[4.83518728]
[4.5911622],[1.41638907],[4.79136411]
[4.57300289],[1.40074896],[4.74169335]
[4.552093],[1.38343744],[4.66879485]
[4.5338357],[1.3654471],[4.58304256]
[4.51825248],[1.34167328],[4.45486395]
[4.4643458],[1.31958681],[4.26461891]
[4.39511585],[1.29982028],[4.09950234]
[4.30685931],[1.28402041],[3.94733493]
[4.18361576],[1.26881055],[3.78623932]
[4.02850586],[1.25149816],[3.65353977]
[3.98272854],[1.2338713],[3.55915105]
[3.94279987],[1.2140713],[3.45841684]
[3.88554224],[1.19133049],[3.34483414]
[3.82109534],[1.15466597],[3.22845997]
[3.74198683],[1.11571805],[3.11712715]
[3.76327846],[1.34620297],[2.73324218]
[0.62813699],[0.31982888],[0.09408093]
[0.],[0.],[0.]
[0.],[0.],[0.]
[1.79431159],[0.39190766],[0.42297568]
[2.43352006],[0.75294529],[1.29047563]
[2.65900528],[0.85155839],[1.59198783]
[2.91791869],[0.92727085],[1.84183369]
[3.16465931],[0.98355876],[2.18128623]
[3.3235309],[1.00272147],[2.31308585]
[3.49155556],[1.02135968],[2.55851752]
[3.67064758],[1.03858889],[2.75328648]
[3.77206526],[1.12868082],[3.04585604]
[3.89636043],[1.15675453],[3.24871805]
[3.99034124],[1.22136039],[3.45568916]
[4.03317429],[1.24839943],[3.58348647]
[4.11980293],[1.29150652],[3.75136203]
[4.17434768],[1.32518234],[3.87414355]
[4.34007824],[1.35302246],[4.10986797]
[4.46933156],[1.38918734],[4.335849]
[4.56995608],[1.40832968],[4.56964093]
[4.6458117],[1.43882992],[4.740312]
[4.66264432],[1.44169911],[4.91217674]
[4.69727142],[1.46548156],[5.03306988]
[4.69139824],[1.47872857],[5.17239008]
[4.74133835],[1.49863844],[5.26848586]
[4.70759509],[1.51237041],[5.37562907]
[4.79290364],[1.51368706],[5.44630979]
[4.74822164],[1.50837932],[5.49553525]
[4.86666054],[1.50161982],[5.52115722]
[4.78984021],[1.49301279],[5.51570541]
[4.95714087],[1.4870631],[5.50364975]
[4.92567103],[1.47014589],[5.45258062]
[4.99110163],[1.47342533],[5.42119794]
[4.83337048],[1.46816286],[5.34599918]
[4.89007233],[1.46538736],[5.29668704]
[4.78744017],[1.46261422],[5.24508273]
[4.81083328],[1.45940998],[5.18711446]
[4.73683199],[1.45798537],[5.11775969]
[4.71193415],[1.45666657],[5.07735743]
[4.68686395],[1.44929426],[5.03370405]
[4.66699565],[1.43449038],[4.99129996]
[4.64471382],[1.419668],[4.93122013]
[4.62619577],[1.402873],[4.86017503]
[4.61194466],[1.38162737],[4.74803726]
[4.55980754],[1.36100138],[4.56697667]
[4.51029623],[1.33845707],[4.38973645]
[4.45629354],[1.31931646],[4.2402611]
[4.38467082],[1.30487566],[4.08213049]
[4.27252032],[1.28769598],[3.91495081]
[4.13462314],[1.27169933],[3.75688246]
[4.02521369],[1.25303352],[3.63789503]
[3.9840264],[1.22735942],[3.52869238]
[3.94020894],[1.19124638],[3.41373761]
[3.89012943],[1.15297779],[3.30616517]
[3.84900307],[1.38497997],[2.87379607]
[0.64508725],[0.36655342],[0.11177777]
[0.],[0.],[0.]
[0.],[0.],[0.]
[1.74459823],[0.36399978],[0.38961942]
[2.44081504],[0.74653862],[1.27979019]
[2.71295995],[0.85531304],[1.6264075]
[2.95875929],[0.92956213],[1.87439513]
[3.19852705],[0.98593999],[2.22451562]
[3.36504609],[1.00730229],[2.35776268]
[3.54336579],[1.02538918],[2.6221764]
[3.73926841],[1.05396969],[2.8612351]
[3.86881255],[1.15637355],[3.16426637]
[3.96563867],[1.18489969],[3.37793867]
[4.05616202],[1.25226924],[3.59437356]
[4.07878537],[1.28075461],[3.71453996]
[4.18676028],[1.32044482],[3.89609969]
[4.3058706],[1.35639269],[4.07222234]
[4.45955662],[1.38408576],[4.33607427]
[4.56564387],[1.42069919],[4.57399914]
[4.63762095],[1.44010882],[4.8028324]
[4.70656773],[1.46967441],[4.97999633]
[4.71623418],[1.47394739],[5.17690599]
[4.80005154],[1.49931937],[5.30583543]
[4.76037153],[1.51774185],[5.48188128]
[4.89010424],[1.53637196],[5.59937702]
[4.79999082],[1.55064197],[5.73235485]
[4.98689094],[1.55371926],[5.81937261]
[4.85001443],[1.54861942],[5.88307184]
[5.07185507],[1.54229036],[5.92699937]
[4.95575219],[1.53498117],[5.90301905]
[5.13674441],[1.52970142],[5.91628828]
[5.12981592],[1.51346139],[5.85530115]
[5.17916401],[1.51761066],[5.82210436]
[5.08669115],[1.51267646],[5.72028684]
[5.11318697],[1.50874633],[5.68713473]
[4.99331278],[1.50483068],[5.61019417]
[5.03951177],[1.50165256],[5.58193162]
[4.90889418],[1.50030934],[5.50541185]
[4.86864986],[1.49907051],[5.46747809]
[4.84317919],[1.49213067],[5.42852116]
[4.82780516],[1.47594485],[5.3805425]
[4.81539305],[1.461599],[5.31519266]
[4.80102934],[1.445261],[5.23867569]
[4.78761209],[1.42530691],[5.12503705]
[4.74272547],[1.40805369],[4.93694362]
[4.65738068],[1.3866254],[4.75064365]
[4.58070073],[1.36262928],[4.56716901]
[4.53863954],[1.33997365],[4.40774484]
[4.46527682],[1.32311289],[4.24198659]
[4.37944041],[1.30681122],[4.06549537]
[4.27296984],[1.28874656],[3.89764728]
[4.11306154],[1.26397118],[3.72718572]
[4.03453293],[1.2292676],[3.60641772]
[4.00089513],[1.19226878],[3.49624046]
[3.88279413],[1.36027548],[2.86547497]
[0.62247713],[0.35899151],[0.1057073]
[0.],[0.],[0.]
[0.],[0.],[0.]
[1.77309788],[0.3827858],[0.43034414]
[2.4548298],[0.76363596],[1.32638276]
[2.74263711],[0.87266016],[1.67994057]
[2.99218297],[0.94499176],[1.92712343]
[3.23615139],[0.99933268],[2.2906508]
[3.42255686],[1.02027469],[2.44540883]
[3.61180655],[1.03852717],[2.71249787]
[3.84174113],[1.08596267],[3.01459937]
[3.96863214],[1.18692825],[3.31693071]
[4.02912538],[1.21896237],[3.5268994]
[4.11626523],[1.28829026],[3.74874779]
[4.16958695],[1.32215776],[3.87687376]
[4.30913116],[1.36133675],[4.10948401]
[4.45821668],[1.39621383],[4.35413295]
[4.56263392],[1.42180103],[4.61609058]
[4.65043699],[1.45621623],[4.82719058]
[4.70141034],[1.47336107],[5.07520578]
[4.802474],[1.50109649],[5.25763969]
[4.8062996],[1.51106533],[5.49748703]
[5.0119336],[1.53248611],[5.6459802]
[4.87863156],[1.55660207],[5.82798218]
[5.09488749],[1.57540429],[5.97327679]
[4.98806177],[1.59132982],[6.1369608]
[5.16318334],[1.59628373],[6.24826429]
[5.09441503],[1.59338158],[6.36904269]
[5.22458831],[1.58896682],[6.41017396]
[5.17567526],[1.58366119],[6.45023894]
[5.27668879],[1.57922206],[6.44136459]
[5.31996527],[1.56599889],[6.43193133]
[5.3724964],[1.56942005],[6.39955264]
[5.3650713],[1.56476658],[6.32049203]
[5.34651598],[1.56034622],[6.25731172]
[5.30639201],[1.55611952],[6.16693592]
[5.29792937],[1.55107048],[6.11203885]
[5.24093849],[1.54682982],[6.02334688]
[5.19459644],[1.54275098],[5.96461723]
[5.16724029],[1.5337404],[5.90894402]
[5.14480491],[1.51635787],[5.84904421]
[5.12092132],[1.50562501],[5.77880977]
[5.09795141],[1.48919251],[5.69019014]
[5.07719928],[1.47008088],[5.57333411]
[5.01017642],[1.44948148],[5.37006942]
[4.89520297],[1.42891399],[5.13454601]
[4.76084508],[1.4058126],[4.9182107]
[4.68343711],[1.38147028],[4.73232155]
[4.60751546],[1.35687525],[4.54283291]
[4.54955684],[1.33873899],[4.38798614]
[4.48398712],[1.32069179],[4.22365756]
[4.39269017],[1.29491201],[4.03157594]
[4.28241483],[1.2633734],[3.84980703]
[4.13578729],[1.22738309],[3.68411748]
[4.02134588],[1.40393711],[3.01234132]
[0.6888022],[0.43935357],[0.14500802]
[0.],[0.],[0.]
[0.],[0.],[0.]
[1.75508324],[0.38137008],[0.4319534]
[2.48211512],[0.76793327],[1.3470508]
[2.81102742],[0.88320641],[1.7344512]
[3.05751612],[0.95641974],[1.99752136]
[3.26831596],[1.00945167],[2.34404982]
[3.47017356],[1.03088033],[2.53592085]
[3.67451102],[1.05652761],[2.83421303]
[3.91627266],[1.13191277],[3.1915021]
[4.03895865],[1.22929931],[3.49631853]
[4.07818745],[1.27368238],[3.70613368]
[4.18367716],[1.33720606],[3.94292666]
[4.26507705],[1.37245619],[4.11125729]
[4.43699567],[1.40635665],[4.40962416]
[4.56167784],[1.44073498],[4.67018807]
[4.63621039],[1.46361253],[4.93784878]
[4.71283916],[1.4980853],[5.13330019]
[4.75267832],[1.51842087],[5.43285676]
[4.98854685],[1.54444005],[5.64570873]
[4.99859398],[1.563765],[5.95131761]
[5.18548776],[1.585789],[6.14448886]
[5.12838746],[1.61032318],[6.38350984]
[5.25889993],[1.62822145],[6.57962902]
[5.23122748],[1.6446361],[6.79748937]
[5.32612567],[1.64921098],[6.92415873]
[5.33858943],[1.64711929],[7.10193903]
[5.42087994],[1.64294489],[7.16003701]
[5.46649774],[1.63765776],[7.25762922]
[5.51886718],[1.63325136],[7.2496451]
[5.6128298],[1.62232003],[7.29888833]
[5.67123648],[1.62339499],[7.24840463]
[5.75252944],[1.61876944],[7.1963783]
[5.64817927],[1.61430278],[7.05580597]
[5.66367625],[1.6097757],[6.97915111]
[5.58332944],[1.60459468],[6.86607588]
[5.57557596],[1.59983731],[6.76301674]
[5.50676387],[1.5962218],[6.64411509]
[5.46969712],[1.58615674],[6.536755]
[5.43377097],[1.57160863],[6.43476431]
[5.39848727],[1.557015],[6.33744284]
[5.36569978],[1.54215418],[6.23717381]
[5.33112929],[1.52355126],[6.11268363]
[5.25989192],[1.50462357],[5.91787545]
[5.16210334],[1.48503778],[5.67015327]
[5.0327346],[1.46295666],[5.41031753]
[4.88011298],[1.44056589],[5.16546565]
[4.77046972],[1.41644204],[4.93984139]
[4.67156041],[1.38570705],[4.7438175]
[4.61568086],[1.35674964],[4.56825213]
[4.55470741],[1.32981019],[4.40413063]
[4.48398585],[1.30223389],[4.22778567]
[4.39527324],[1.27028161],[4.02306395]
[4.08969216],[1.46859005],[3.20688659]
[0.68220663],[0.45829536],[0.14985213]
[0.],[0.],[0.]
[0.],[0.],[0.]
[1.72197599],[0.37609694],[0.42554741]
[2.50541543],[0.77341914],[1.36402459]
[2.84787204],[0.89358455],[1.77375966]
[3.10588742],[0.96696872],[2.05406849]
[3.30000415],[1.0164943],[2.39067431]
[3.51674875],[1.03997335],[2.61217379]
[3.77551827],[1.08276142],[2.97049427]
[3.97682164],[1.16638473],[3.32917359]
[4.09654794],[1.27024171],[3.64825802]
[4.14461209],[1.32132089],[3.86272353]
[4.26875947],[1.38414728],[4.14693336]
[4.42110643],[1.42051338],[4.43064871]
[4.54017477],[1.45534278],[4.74849535]
[4.64507071],[1.49393675],[4.99500733]
[4.70350603],[1.52070435],[5.33614664]
[4.79266094],[1.55671143],[5.53173977]
[4.84912961],[1.57668079],[5.92349034]
[5.21141937],[1.59734555],[6.21457268]
[5.27519441],[1.62063959],[6.57470828]
[5.3683202],[1.64012885],[6.81478977]
[5.40304689],[1.65913899],[7.11678356]
[5.47017148],[1.67231522],[7.34266482]
[5.52805748],[1.68781009],[7.64573516]
[5.56776616],[1.73828951],[7.80809103]
[5.66261835],[1.75902675],[8.04612117]
[5.74778082],[1.76968777],[8.12982743]
[5.86315369],[1.74149482],[8.28716361]
[5.9190166],[1.72072868],[8.27546361]
[6.01484662],[1.69460214],[8.36581818]
[6.07786845],[1.67409501],[8.332394]
[6.13094004],[1.66591104],[8.26648386]
[6.14962531],[1.66071245],[8.146624]
[6.0794847],[1.65648898],[8.03833468]
[6.04915622],[1.65134359],[7.89402339]
[5.99765367],[1.64594182],[7.76919416]
[5.94975953],[1.6411001],[7.60579297]
[5.87470779],[1.63012498],[7.45131254]
[5.82212449],[1.61401115],[7.29912835]
[5.76282041],[1.598572],[7.12954508]
[5.70104757],[1.58316167],[6.97058598]
[5.63292599],[1.56456013],[6.79143773]
[5.53411088],[1.54406941],[6.52741911]
[5.4388628],[1.5244077],[6.18668648]
[5.32182441],[1.50167644],[5.90712313]
[5.13561433],[1.47829017],[5.62512399]
[5.01245891],[1.45295748],[5.35848359]
[4.87314407],[1.42346652],[5.11400016]
[4.75929775],[1.38948093],[4.89591388]
[4.67211206],[1.36017487],[4.69413251]
[4.62265038],[1.33274334],[4.52153872]
[4.56426549],[1.30332444],[4.35104576]
[4.20303547],[1.54383519],[3.42032449]
[0.78683947],[0.49641452],[0.18288068]
[0.],[0.],[0.]
[0.],[0.],[0.]
[1.62187725],[0.33612345],[0.37557866]
[2.49242458],[0.76454248],[1.34030217]
[2.88868181],[0.89490198],[1.79983875]
[3.13685522],[0.96940944],[2.08469224]
[3.32100738],[1.01955975],[2.43041778]
[3.5593404],[1.04726474],[2.68311131]
[3.84038034],[1.12051766],[3.11283069]
[4.01382627],[1.21388636],[3.48491446]
[4.13944527],[1.3163821],[3.82952868]
[4.21701089],[1.37514291],[4.07506125]
[4.41461114],[1.43784242],[4.5068535]
[4.55092723],[1.47571753],[4.8154782]
[4.64054365],[1.51153427],[5.1675465]
[4.73570273],[1.54930409],[5.40809039]
[4.78042177],[1.57699971],[5.78774929]
[5.04991785],[1.60616302],[6.10462079]
[5.17339631],[1.63147796],[6.50450774]
[5.38058466],[1.64843529],[6.85869339]
[5.49935014],[1.66719866],[7.25393865]
[5.60188213],[1.7061839],[7.5891241]
[5.73633492],[1.74175759],[7.97402655]
[5.82129284],[1.78977552],[8.24744277]
[5.9245518],[1.82528809],[8.64073243]
[5.97993107],[1.86049588],[8.82282901]
[6.05415003],[1.88109985],[9.08442289]
[6.12027987],[1.89156284],[9.19859421]
[6.16782421],[1.87557596],[9.35949576]
[6.29636062],[1.85081433],[9.41969297]
[6.34403361],[1.82932646],[9.47302575]
[6.50507734],[1.80585882],[9.52506869]
[6.56009147],[1.78393873],[9.45203382]
[6.65149699],[1.76270918],[9.38818797]
[6.58108112],[1.73858305],[9.22334841]
[6.57744875],[1.71723106],[9.11222919]
[6.46818388],[1.69550649],[8.92090333]
[6.46878352],[1.68348544],[8.79760314]
[6.36080825],[1.67227143],[8.59654146]
[6.31665295],[1.65611285],[8.42683135]
[6.26565277],[1.63891836],[8.21841407]
[6.21632966],[1.62423287],[7.99308972]
[6.1524821],[1.60557891],[7.75981378]
[6.02023507],[1.58524326],[7.44718088]
[5.832126],[1.56547326],[7.00733051]
[5.64851489],[1.54148288],[6.52552697]
[5.4183373],[1.51876167],[6.13776812]
[5.21888818],[1.49210483],[5.83226204]
[5.12069477],[1.46380529],[5.57693744]
[5.00871128],[1.43157549],[5.33178877]
[4.8616952],[1.40027352],[5.06507629]
[4.75471227],[1.36756152],[4.84796021]
[4.6901734],[1.33519037],[4.65090513]
[4.25232315],[1.52573183],[3.44435793]
[0.92746517],[0.49089875],[0.20713334]
[0.],[0.],[0.]
[0.],[0.],[0.]
[1.64440659],[0.33967688],[0.3911997]
[2.48783904],[0.78249249],[1.38716947]
[2.95598682],[0.91570041],[1.87848241]
[3.18333046],[0.99080763],[2.17445535]
[3.34951009],[1.0391162],[2.54255843]
[3.67969937],[1.07291624],[2.88568299]
[3.94841734],[1.17967747],[3.36601226]
[4.07647784],[1.28694357],[3.72175503]
[4.23104943],[1.37526133],[4.08896929]
[4.41777435],[1.43636928],[4.45376191]
[4.55496117],[1.50392754],[4.95984865]
[4.66576246],[1.53786366],[5.20853123]
[4.72772518],[1.5643683],[5.62931182]
[4.81717916],[1.59905724],[5.91824697]
[4.88779596],[1.63418484],[6.35708731]
[5.24887385],[1.65677605],[6.74020711]
[5.36177316],[1.67855861],[7.1833957]
[5.51355738],[1.74702755],[7.61867229]
[5.78710247],[1.79594476],[8.08903038]
[5.96972939],[1.83853],[8.4983712]
[6.07099775],[1.87010952],[8.96213095]
[6.14270307],[1.90344521],[9.26041868]
[6.19736647],[1.93448548],[9.64400549]
[6.34075497],[1.96478066],[9.93501163]
[6.3638237],[1.9849807],[10.17969357]
[6.57027423],[1.99747054],[10.41357285]
[6.58760291],[1.9844991],[10.58886794]
[6.73023745],[1.96283298],[10.75086226]
[6.78584803],[1.94367052],[10.80212239]
[6.85439167],[1.92251363],[10.83337461]
[6.90116631],[1.90223336],[10.78276716]
[6.95662684],[1.87817148],[10.69012974]
[7.02383775],[1.85553413],[10.57417193]
[6.95245826],[1.83421641],[10.4102635]
[6.93236339],[1.81581818],[10.24629024]
[6.86927593],[1.7992469],[10.08800338]
[6.83931948],[1.78269345],[9.89989482]
[6.76600811],[1.7647624],[9.70799004]
[6.72771273],[1.74014096],[9.47969516]
[6.69596272],[1.68220631],[9.23260595]
[6.65519019],[1.64373199],[8.95431949]
[6.56386714],[1.6243577],[8.57152677]
[6.39519765],[1.60344769],[8.08146597]
[6.20422187],[1.57905663],[7.42897988]
[5.91170138],[1.5552179],[6.82693307]
[5.49395689],[1.52682934],[6.34456239]
[5.31226136],[1.49873128],[6.02465149]
[5.2118775],[1.46755199],[5.76633636]
[5.11373841],[1.43756585],[5.49357782]
[5.00966361],[1.40627143],[5.26054319]
[4.87824178],[1.37182417],[4.99976442]
[4.39982554],[1.60318126],[3.65582635]
[1.19127499],[0.56151196],[0.2975106]
[0.],[0.],[0.]
[0.],[0.],[0.]
[1.66750326],[0.34577511],[0.41282328]
[2.49860356],[0.79672955],[1.41956443]
[3.03439539],[0.93859686],[1.97121008]
[3.23757349],[1.01040394],[2.26523992]
[3.39039911],[1.05594424],[2.67743951]
[3.78131196],[1.12989986],[3.16445649]
[4.03041783],[1.26092761],[3.6484056]
[4.13767013],[1.36036033],[3.97971365]
[4.39829537],[1.43648842],[4.43941909]
[4.56076329],[1.50106976],[4.8692856]
[4.65684825],[1.55842208],[5.3889661]
[4.75113351],[1.5913263],[5.69026391]
[4.79689017],[1.62709066],[6.19130766]
[5.02284899],[1.65755105],[6.57521846]
[5.15756023],[1.68936982],[7.03983232]
[5.37951571],[1.75679321],[7.52597456]
[5.50270768],[1.81310109],[7.99121107]
[5.73928316],[1.8716132],[8.46659825]
[6.05530011],[1.91137839],[9.0279683]
[6.21948369],[1.94716294],[9.49731608]
[6.31314146],[1.97602665],[9.98257536]
[6.51565628],[2.00499562],[10.39325396]
[6.54836257],[2.03717446],[10.76810037]
[6.71756699],[2.05764938],[11.16582637]
[6.75918451],[2.07728066],[11.44774449]
[6.8534769],[2.08750551],[11.68809305]
[6.90210883],[2.07882518],[11.92750115]
[6.95952666],[2.06226353],[12.07680934]
[7.09187493],[2.04631685],[12.22508796]
[7.14503982],[2.02862065],[12.21885245]
[7.33752407],[2.01128547],[12.32490312]
[7.40776381],[1.99115022],[12.26207861]
[7.51819738],[1.97129093],[12.18932931]
[7.48152814],[1.95112522],[11.98646086]
[7.46194424],[1.93040731],[11.84478217]
[7.37307653],[1.91235259],[11.60848741]
[7.3624689],[1.89356638],[11.44905391]
[7.25571968],[1.87704077],[11.16361835]
[7.1781645],[1.85740033],[10.90097852]
[7.11445115],[1.80782898],[10.63705021]
[7.07236025],[1.75288089],[10.34226308]
[7.01399141],[1.69295354],[9.94777504]
[6.87039731],[1.64639305],[9.40343974]
[6.71759691],[1.62347229],[8.74707007]
[6.57014751],[1.60094343],[7.98743931]
[6.15791292],[1.57324305],[7.14972321]
[5.54486217],[1.54524048],[6.61948946]
[5.37517412],[1.51531911],[6.26887032]
[5.26822585],[1.49072884],[5.97752111]
[5.19298029],[1.46351017],[5.72291018]
[5.1100079],[1.43270763],[5.47745454]
[4.43809513],[1.68200134],[3.8888009]
[1.31341561],[0.6151677],[0.35948286]
[0.],[0.],[0.]
[0.],[0.],[0.]
[1.73273971],[0.37494063],[0.44090269]
[2.50640475],[0.80996465],[1.44612137]
[3.09093922],[0.96150609],[2.05265359]
[3.27764033],[1.02750499],[2.34071227]
[3.47390811],[1.07613228],[2.8263793]
[3.85702933],[1.2105517],[3.4048525]
[4.08881301],[1.33378219],[3.90013193]
[4.23604116],[1.42693637],[4.24437393]
[4.51615615],[1.50464421],[4.83002678]
[4.66089471],[1.56597919],[5.24890895]
[4.73240738],[1.60943968],[5.80428529]
[4.81909578],[1.64127988],[6.23955391]
[4.87544078],[1.67792379],[6.81214014]
[5.21391163],[1.75653308],[7.31110488]
[5.33725008],[1.81500213],[7.81768446]
[5.47772253],[1.88548395],[8.30938734]
[5.7106396],[1.93579882],[8.82981241]
[6.02512358],[1.98772887],[9.36643731]
[6.2288344],[2.02450768],[9.97924021]
[6.58182433],[2.05159671],[10.55616027]
[6.7026789],[2.07721081],[11.08628608]
[6.83129046],[2.10474079],[11.63695576]
[6.88199478],[2.13251557],[12.02427711]
[6.98793896],[2.14891293],[12.45080227]
[7.17333591],[2.16611014],[12.80342865]
[7.28446693],[2.16981476],[13.08484286]
[7.4310979],[2.16561399],[13.42750291]
[7.49565489],[2.15152089],[13.6813302]
[7.59455628],[2.13881613],[13.92522421]
[7.63936528],[2.12328088],[13.96609897]
[7.68669913],[2.10903512],[13.95273937]
[7.77845411],[2.09263263],[13.88885563]
[7.78694008],[2.07652542],[13.77204411]
[7.8172291],[2.06023857],[13.64503265]
[7.75344508],[2.04341227],[13.42661077]
[7.75133294],[2.02884851],[13.25398256]
[7.69628569],[2.01390276],[13.03771574]
[7.68648927],[1.99786412],[12.81734704]
[7.62960842],[1.97769779],[12.53590393]
[7.60129469],[1.94179999],[12.26662791]
[7.56849716],[1.90017897],[11.98242793]
[7.50715329],[1.84341552],[11.59450015]
[7.38697481],[1.77723026],[11.05124843]
[7.23784606],[1.70129201],[10.30491562]
[7.06056661],[1.6376734],[9.45331774]
[6.84902015],[1.61166113],[8.41767816]
[6.34646836],[1.58411587],[7.48538377]
[5.59391106],[1.55340225],[6.86643734]
[5.42640977],[1.52548872],[6.46627493]
[5.32456299],[1.49846378],[6.1578617]
[5.27093127],[1.46927693],[5.89068515]
[4.58136708],[1.77397598],[4.16593655]
[1.45116959],[0.67979822],[0.43910468]
[0.],[0.],[0.]
[0.],[0.],[0.]
[1.73042336],[0.36322098],[0.4021948]
[2.49250293],[0.79669104],[1.41679262]
[3.11597595],[0.95770997],[2.07157964]
[3.29260383],[1.02376852],[2.35691422]
[3.54331341],[1.08975328],[2.9197517]
[3.88753861],[1.24335973],[3.50715187]
[4.11105375],[1.36503215],[4.0130313]
[4.31433948],[1.45815981],[4.40026563]
[4.56654216],[1.53791365],[5.04155448]
[4.70187307],[1.59480488],[5.43752719]
[4.76634104],[1.63455819],[6.05433279]
[4.87819731],[1.66870012],[6.58740922]
[4.95731276],[1.75496907],[7.21558301]
[5.28388065],[1.83628482],[7.7858908]
[5.40094926],[1.90266651],[8.34326895]
[5.54800228],[1.96466803],[8.88330296]
[5.87119482],[2.02809748],[9.46669518]
[6.12553832],[2.06799302],[10.03947503]
[6.34581514],[2.10240698],[10.70836164]
[6.74587002],[2.12489954],[11.44311934]
[6.8803349],[2.15163418],[12.12303169]
[6.95355866],[2.17583],[12.67548226]
[7.09914488],[2.20378487],[13.15030072]
[7.31954585],[2.22517978],[13.62005581]
[7.54308509],[2.2517578],[14.13790532]
[7.6215651],[2.26605526],[14.5148656]
[7.70320616],[2.26459315],[14.90093973]
[7.77136769],[2.25767915],[15.18252672]
[7.85244769],[2.24440096],[15.44627927]
[8.09210394],[2.23698339],[15.66500389]
[8.19181578],[2.19591623],[15.67876136]
[8.32365801],[2.17833348],[15.76676965]
[8.39447092],[2.16142318],[15.6628076]
[8.41422867],[2.14480393],[15.61248854]
[8.37626596],[2.13104287],[15.37705149]
[8.33006548],[2.11846852],[15.20005316]
[8.26214251],[2.10614057],[14.91405815]
[8.21054293],[2.09231893],[14.68281775]
[8.12428812],[2.07568049],[14.32120336]
[8.03901221],[2.04878112],[14.00222156]
[7.9755909],[2.01571241],[13.66450458]
[7.9210763],[1.96841001],[13.25865275]
[7.78312198],[1.9084813],[12.72647267]
[7.68286424],[1.83830497],[12.05372084]
[7.52611584],[1.75981206],[11.1119928]
[7.41077415],[1.68100737],[10.06865119]
[7.23529691],[1.62126503],[9.00219573]
[6.54496282],[1.59193622],[7.89474342]
[5.74963033],[1.56476051],[7.08629549]
[5.49443929],[1.53681388],[6.69081457]
[5.41245482],[1.50733409],[6.3793469]
[4.58412405],[1.78019976],[4.20248947]
[1.45245804],[0.66159275],[0.43034689]
[0.],[0.],[0.]
[0.],[0.],[0.]
[1.76588098],[0.38526789],[0.42303988]
[2.50729945],[0.81375087],[1.46177557]
[3.1420553],[0.97785079],[2.13160884]
[3.32493919],[1.03965598],[2.4199133]
[3.61841074],[1.13399325],[3.07178954]
[3.92228858],[1.28985755],[3.64728031]
[4.13476817],[1.40525097],[4.17694624]
[4.40806566],[1.49716824],[4.62424487]
[4.61861985],[1.5761814],[5.26212982]
[4.74213603],[1.62737093],[5.6503987]
[4.79731185],[1.66787938],[6.33924761]
[4.98954885],[1.7309102],[6.92896142]
[5.10942363],[1.81221526],[7.56929068]
[5.35288359],[1.88735876],[8.17421724]
[5.46019287],[1.96254541],[8.73851886]
[5.62979113],[2.0198792],[9.28785502]
[6.00599846],[2.07903798],[9.90926722]
[6.24394572],[2.11665262],[10.53580596]
[6.54977984],[2.14856071],[11.25353906]
[6.86654937],[2.17427498],[12.07376237]
[6.99159748],[2.21093795],[12.79867389]
[7.07739046],[2.23569865],[13.42428021]
[7.35116902],[2.26953147],[13.97699477]
[7.55230609],[2.29424292],[14.56255606]
[7.70891806],[2.31857577],[15.09937548]
[7.8021071],[2.3384281],[15.5161179]
[7.84610628],[2.34896512],[15.91340335]
[8.08552484],[2.37818531],[16.35362598]
[8.21294311],[2.41261461],[16.67622402]
[8.3527364],[2.41290509],[17.03566886]
[8.4258329],[2.37737443],[17.11533781]
[8.48865717],[2.34315833],[17.16994257]
[8.54481476],[2.28635435],[17.06560869]
[8.56752343],[2.25741985],[16.95060191]
[8.5490749],[2.22377176],[16.74703085]
[8.50257099],[2.20751875],[16.55630459]
[8.46598698],[2.19452908],[16.31730504]
[8.41608235],[2.18114301],[16.08178364]
[8.37967333],[2.16466362],[15.77070108]
[8.32110417],[2.14927144],[15.46783159]
[8.28030499],[2.11236705],[15.15612184]
[8.23302033],[2.05006361],[14.75591708]
[8.16759918],[1.99869293],[14.23413696]
[8.09435943],[1.94030979],[13.57863849]
[7.9572388],[1.87510667],[12.69933269]
[7.75391681],[1.79840982],[11.52473138]
[7.49208966],[1.72380611],[10.32976437]
[7.08866841],[1.63287217],[9.12345932]
[6.37841193],[1.59401509],[7.94430799]
[5.66573231],[1.56722953],[7.17987032]
[5.54506073],[1.5379637],[6.82382765]
[4.74439558],[1.83185552],[4.31031903]
[1.55143423],[0.70164017],[0.48563278]
[0.],[0.],[0.]
[0.],[0.],[0.]
[1.79913816],[0.40696963],[0.4349867]
[2.52285924],[0.82060428],[1.47638972]
[3.17246517],[0.99479398],[2.1895836]
[3.36709945],[1.05385937],[2.47783561]
[3.68280729],[1.1851146],[3.25155688]
[3.95608085],[1.3495617],[3.81912405]
[4.16493636],[1.45480724],[4.39140752]
[4.47205819],[1.54154884],[4.90654004]
[4.66109224],[1.61195788],[5.50217454]
[4.77609955],[1.66335161],[5.92583892]
[4.82760491],[1.70266747],[6.66785268]
[5.09762374],[1.79105565],[7.29429358]
[5.20874969],[1.86986981],[7.96335702]
[5.40733425],[1.94106145],[8.59235533]
[5.54818629],[2.01571183],[9.15991749]
[5.80432602],[2.06923939],[9.72828223]
[6.11526482],[2.12513562],[10.37637368]
[6.39320902],[2.16019556],[11.0637157]
[6.73571926],[2.22351952],[11.85236885]
[6.96201957],[2.23740546],[12.70090684]
[7.17430826],[2.28199674],[13.50480167]
[7.32001955],[2.29974603],[14.22013471]
[7.59031755],[2.34018321],[14.90090817]
[7.73356468],[2.3588812],[15.44577789]
[7.8451732],[2.39083083],[15.98195487]
[8.12102543],[2.43033221],[16.52504506]
[8.18300409],[2.46804971],[16.91919195]
[8.36710098],[2.50178094],[17.43528992]
[8.4575144],[2.52219684],[17.78947243]
[8.52349732],[2.52704731],[18.14834032]
[8.5802791],[2.49215723],[18.31091562]
[8.60898769],[2.46134906],[18.34732592]
[8.74554225],[2.42211279],[18.36821661]
[8.8910042],[2.39731442],[18.26230712]
[8.96948912],[2.36929915],[18.2339786]
[8.82384323],[2.35038007],[17.8900531]
[8.83087356],[2.3216932],[17.73583293]
[8.65855638],[2.29240854],[17.33404719]
[8.68712169],[2.26131641],[17.10356979]
[8.53642921],[2.2321742],[16.69869597]
[8.51122186],[2.20292792],[16.36621645]
[8.46855837],[2.17167338],[15.94634888]
[8.36156234],[2.12050692],[15.41312412]
[8.306714],[2.0155173],[14.78868324]
[8.17175732],[1.94751293],[13.95906324]
[8.04970737],[1.88068154],[12.84637833]
[7.75690473],[1.81087459],[11.56425597]
[7.41457463],[1.73425747],[10.30304638]
[6.77436532],[1.64246829],[8.96650726]
[6.0937856],[1.59410276],[7.85782125]
[5.65279689],[1.56645117],[7.21439509]
[4.72632623],[1.8863245],[4.88518831]
[1.5532869],[0.73782618],[0.50803897]
[0.],[0.],[0.]
[0.],[0.],[0.]
[1.83992543],[0.43207622],[0.46822964]
[2.54347319],[0.82912529],[1.49403335]
[3.20439741],[1.00817536],[2.24411229]
[3.4213232],[1.06666578],[2.53503728]
[3.74402976],[1.23889921],[3.40284606]
[3.98944651],[1.39477499],[3.96004798]
[4.24542674],[1.49786462],[4.60416041]
[4.53258921],[1.58403118],[5.15133698]
[4.70114802],[1.64881484],[5.72218776]
[4.81203835],[1.69938202],[6.2062864]
[4.88395499],[1.74809024],[7.02345573]
[5.19458792],[1.85936994],[7.70330997]
[5.29582568],[1.93811534],[8.37853031]
[5.45737497],[2.00365918],[9.01469093]
[5.64443833],[2.07185262],[9.6185768]
[5.95697806],[2.11998929],[10.20274047]
[6.20368126],[2.17084998],[10.87233574]
[6.5970608],[2.21308507],[11.64110409]
[6.8730506],[2.27765025],[12.44954523]
[7.05363318],[2.29915456],[13.33289128]
[7.40324572],[2.34072856],[14.24246812]
[7.54850009],[2.36443949],[15.06544002]
[7.753841],[2.40527502],[15.79007203]
[7.91872893],[2.45662362],[16.36775102]
[8.07843171],[2.52469248],[16.99264412]
[8.3915198],[2.57499939],[17.63589285]
[8.46808321],[2.60654774],[18.05989452]
[8.54552224],[2.6121512],[18.58535016]
[8.61512923],[2.63517829],[18.94145101]
[8.64554396],[2.6428654],[19.24261876]
[8.78658316],[2.60897943],[19.48944868]
[8.89187699],[2.57842066],[19.57147827]
[9.10140475],[2.5375161],[19.74820513]
[9.19642357],[2.51240197],[19.6818958]
[9.24551713],[2.48052374],[19.65917389]
[9.19893382],[2.46311947],[19.43385433]
[9.14808965],[2.44046766],[19.24952181]
[9.07954041],[2.42195139],[18.92621698]
[9.03557361],[2.40131004],[18.66848348]
[8.97963581],[2.38218606],[18.29299889]
[8.93360047],[2.36199316],[17.92761172]
[8.89337726],[2.33937585],[17.49993134]
[8.75133113],[2.31064551],[16.91107319]
[8.68375157],[2.22596504],[16.24072785]
[8.44277407],[2.02606356],[15.35410044]
[8.21983979],[1.95846487],[14.27584801]
[7.99515584],[1.89881255],[12.98304181]
[7.71024184],[1.8318191],[11.49512053]
[7.16592939],[1.75607367],[10.00020143]
[6.52332394],[1.67493849],[8.75765583]
[5.91841815],[1.58692546],[7.81090445]
[9.44997412],[1.98553373],[7.168811]
[1.61282374],[0.77607305],[0.55177112]
[0.],[0.],[0.]
[0.],[0.],[0.]
[1.8215936],[0.42123656],[0.4511774]
[2.54922714],[0.81862217],[1.47940742]
[3.23089413],[1.00247735],[2.26254133]
[3.4935015],[1.06440919],[2.58000183]
[3.79829791],[1.26574997],[3.50105187]
[4.01593037],[1.41601298],[4.06791054]
[4.31923243],[1.5168668],[4.77482597]
[4.58333783],[1.60124814],[5.32623209]
[4.73678423],[1.66588267],[5.91774621]
[4.88072461],[1.71634092],[6.4759709]
[4.94119996],[1.79265816],[7.31495007]
[5.2669106],[1.90416031],[8.03049894]
[5.36423367],[1.98346152],[8.71722817]
[5.51481867],[2.0446877],[9.38010645]
[5.77931763],[2.10907141],[10.00267048]
[6.06671837],[2.15408783],[10.6169613]
[6.30170831],[2.21859961],[11.33460926]
[6.7337338],[2.27413069],[12.16901662]
[6.96578808],[2.33706437],[13.039768]
[7.21688339],[2.3596383],[13.93647093]
[7.5627137],[2.40026862],[14.99211338]
[7.71376951],[2.44811356],[15.85333507]
[7.87682987],[2.51377103],[16.62188836]
[8.20425438],[2.57026832],[17.30896538]
[8.39388551],[2.62746752],[17.96980664]
[8.56875318],[2.671844],[18.65168091]
[8.64601586],[2.71507705],[19.11393642]
[8.67397256],[2.71492399],[19.56126426]
[8.80043361],[2.73917689],[19.9947044]
[8.93051284],[2.7575743],[20.35224628]
[9.13269222],[2.7280289],[20.79078611]
[9.21538358],[2.70024202],[20.93652815]
[9.29854146],[2.66784127],[21.12371017]
[9.37240993],[2.64535401],[21.0750814]
[9.40101131],[2.61550707],[20.96840388]
[9.39647234],[2.594036],[20.81331986]
[9.46047618],[2.56933847],[20.60604811]
[9.49586345],[2.54629795],[20.33286105]
[9.37001866],[2.52219791],[20.00118765]
[9.39246859],[2.50007295],[19.68640796]
[9.30858024],[2.48037236],[19.31800238]
[9.26392888],[2.45998165],[18.9014031]
[9.05806541],[2.44239346],[18.37893217]
[8.94690643],[2.41013447],[17.72972894]
[8.80221311],[2.26774423],[16.89468023]
[8.58040725],[2.03486066],[15.74890634]
[8.24787567],[1.97302413],[14.39879867]
[8.05521315],[1.91520029],[12.99638851]
[7.54377841],[1.84599721],[11.25500113]
[6.9453637],[1.7772289],[9.76711764]
[6.29446384],[1.70346807],[8.58065428]
