meltWidth,meltDepth,meltArea
[2.18282654],[0.48897119],[0.818513]
[2.37982413],[0.54130353],[0.96528092]
[2.43241416],[0.61279933],[1.0864685]
[2.68085558],[0.64626935],[1.25600704]
[2.71930051],[0.70347957],[1.3417639]
[2.81714224],[0.72219447],[1.47112954]
[2.88931018],[0.74439718],[1.53789886]
[2.96269707],[0.74971043],[1.6400995]
[3.01000764],[0.76070422],[1.65693529]
[3.01500458],[0.76992304],[1.71988206]
[3.03651344],[0.76728462],[1.701669]
[3.04218606],[0.76335189],[1.74050625]
[3.06959098],[0.75745008],[1.71139796]
[3.05483506],[0.75284778],[1.74018584]
[3.08190493],[0.75018357],[1.70961796]
[3.04943199],[0.76367607],[1.73484637]
[3.08364891],[0.78437964],[1.73318639]
[3.04713013],[0.80075938],[1.75842559]
[3.09206636],[0.82367437],[1.77308977]
[3.04267519],[0.84460017],[1.79781544]
[3.09001738],[0.8594425],[1.81171922]
[3.05471104],[0.87454163],[1.83192799]
[3.12938708],[0.89289604],[1.85510087]
[3.10100643],[0.90907255],[1.87742436]
[3.18211145],[0.91452845],[1.89757154]
[3.17051771],[0.91853321],[1.90888502]
[3.23364383],[0.92466909],[1.92787283]
[3.1972999],[0.9288056],[1.9368591]
[3.24133336],[0.93438917],[1.94638952]
[3.19613446],[0.93936427],[1.96574344]
[3.23937845],[0.94433823],[1.96756623]
[3.18738463],[0.94732233],[1.96123867]
[3.18159126],[0.946857],[1.96414112]
[3.1683808],[0.9461708],[1.95673727]
[3.15983234],[0.94572138],[1.94260676]
[3.15665733],[0.94480073],[1.92727854]
[3.14971642],[0.94409251],[1.91065726]
[3.14049401],[0.94326665],[1.90030896]
[3.13742258],[0.94231514],[1.89130848]
[3.12982606],[0.94557776],[1.88734028]
[3.11617242],[0.95434717],[1.8925915]
[3.10771501],[0.9475589],[1.88964863]
[3.1053693],[0.94093954],[1.88650238]
[3.09348964],[0.93369976],[1.88613869]
[3.08190468],[0.92727959],[1.88683645]
[3.07599033],[0.92320578],[1.88841745]
[3.06773548],[0.92330237],[1.90158696]
[3.06037308],[0.92956876],[1.95189903]
[3.0595572],[0.95275819],[2.00922377]
[3.06304272],[0.97072129],[2.07076026]
[2.8142874],[0.99068994],[2.04127715]
[2.06120739],[1.00955799],[1.47303483]
[1.3155156],[0.97481323],[0.72971612]
[0.0755679],[0.04848278],[0.00172779]
[2.36264056],[0.52042069],[0.84722084]
[2.78390672],[0.60693745],[1.25071439]
[2.86877445],[0.66456509],[1.4448802]
[3.00661515],[0.73065461],[1.58672548]
[3.02816899],[0.75677713],[1.71308265]
[3.1582816],[0.78373597],[1.80908719]
[3.1557261],[0.795751],[1.91571882]
[3.27937417],[0.80620685],[1.97809156]
[3.23991902],[0.8104532],[2.0276583]
[3.31069475],[0.80517709],[2.03568977]
[3.2419192],[0.8049003],[2.04980607]
[3.30420456],[0.8070199],[2.04813934]
[3.23785636],[0.81561845],[2.06437696]
[3.2993926],[0.8190722],[2.06670872]
[3.23599465],[0.82417462],[2.07743406]
[3.30346625],[0.82647376],[2.08621173]
[3.25272924],[0.83328305],[2.10213973]
[3.40711996],[0.83474904],[2.13557769]
[3.52854781],[0.84365939],[2.2173737]
[3.66235447],[0.84335953],[2.2839227]
[3.65349589],[0.85103765],[2.3146036]
[3.69774373],[0.85042934],[2.3361699]
[3.66741065],[0.85730331],[2.34664698]
[3.710543],[0.85770837],[2.36111629]
[3.66045256],[0.86383479],[2.35939247]
[3.69260113],[0.86500074],[2.36581581]
[3.65940786],[0.87086695],[2.37227387]
[3.68355488],[0.87254969],[2.37213848]
[3.66579003],[0.87565792],[2.37893478]
[3.69109835],[0.87817211],[2.39731227]
[3.66263664],[0.87933448],[2.38177855]
[3.7046652],[0.88078876],[2.41728818]
[3.6595808],[0.88174884],[2.37317489]
[3.63974222],[0.87951357],[2.36464963]
[3.61496998],[0.87569347],[2.34390272]
[3.60024425],[0.87177423],[2.3236195]
[3.59946007],[0.86767859],[2.31111984]
[3.58444955],[0.86301332],[2.28878099]
[3.5681733],[0.8585455],[2.27201665]
[3.567417],[0.85401883],[2.25946641]
[3.55621349],[0.85116266],[2.24662047]
[3.52695659],[0.8484837],[2.22941758]
[3.51144726],[0.84571032],[2.2164473]
[3.51420803],[0.84264106],[2.21227355]
[3.48918522],[0.83985201],[2.19699957]
[3.48096405],[0.83658714],[2.19603774]
[3.48938335],[0.8459454],[2.20838639]
[3.48726349],[0.86146303],[2.22132458]
[3.46697156],[0.87951144],[2.22749971]
[3.46535203],[0.89636565],[2.2352936]
[3.47619959],[0.92790011],[2.25934895]
[3.19887891],[0.98190133],[2.20823947]
[2.43351673],[1.03853862],[1.7049114]
[1.6850479],[1.08147415],[1.04483421]
[0.],[0.],[0.]
[2.40715539],[0.56774739],[0.97667753]
[3.01205068],[0.65242838],[1.43809139]
[2.98399244],[0.71170456],[1.61302408]
[3.28697235],[0.76832437],[1.82653658]
[3.12557975],[0.78551357],[1.88340511]
[3.4055337],[0.8042743],[2.01571791]
[3.25544216],[0.82158107],[2.04917828]
[3.49027023],[0.83715659],[2.14209485]
[3.29846724],[0.84518149],[2.14274424]
[3.49254486],[0.84925399],[2.20849052]
[3.32370088],[0.85267595],[2.1954171]
[3.5114966],[0.85709292],[2.25791827]
[3.37242752],[0.86170397],[2.24276582]
[3.55715567],[0.86697074],[2.31520649]
[3.44362127],[0.87190937],[2.30938445]
[3.73341908],[0.879455],[2.44146338]
[3.75727635],[0.8872947],[2.49729135]
[3.95508455],[0.90386186],[2.65116573]
[3.87403547],[0.91195098],[2.65049649]
[4.0330267],[0.92463483],[2.74976224]
[3.92322173],[0.92714838],[2.71473301]
[4.04593517],[0.93753565],[2.79339494]
[3.94566954],[0.9384459],[2.75916133]
[4.05274341],[0.94869567],[2.822997]
[3.95213046],[0.94943805],[2.77431744]
[4.03923275],[0.95946985],[2.82684459]
[3.96435342],[0.96050432],[2.79681911]
[4.04043917],[0.97037296],[2.83505502]
[4.02759966],[0.96968725],[2.82528279]
[4.05754371],[0.9793457],[2.86024479]
[4.05687379],[0.97960024],[2.8423744]
[4.05181378],[0.98217926],[2.88161218]
[4.07761427],[0.98332757],[2.84256873]
[4.04693181],[0.98098147],[2.82697883]
[4.03747947],[0.9760622],[2.8012235]
[4.04058987],[0.97049588],[2.78554955]
[4.04702609],[0.9644631],[2.77548197]
[4.05267893],[0.95847622],[2.76086665]
[4.04141444],[0.95297478],[2.74424419]
[4.02637698],[0.9483985],[2.73064397]
[4.01630861],[0.94443205],[2.72029483]
[3.99402235],[0.94117009],[2.70668668]
[3.97710638],[0.93763257],[2.69399633]
[3.96178673],[0.93329552],[2.68154957]
[3.95077408],[0.92944676],[2.66638365]
[3.92654633],[0.92345896],[2.64551269]
[3.90906398],[0.9145058],[2.62154161]
[3.89615152],[0.9028309],[2.59378656]
[3.87050679],[0.89765106],[2.56350755]
[3.84864931],[0.89397606],[2.5352986]
[3.83333317],[0.89993858],[2.51793153]
[3.49338091],[0.90560823],[2.37590202]
[2.73025796],[0.93659926],[1.78657648]
[1.96802064],[0.96970708],[1.14040842]
[0.],[0.],[0.]
[2.39475415],[0.59401287],[1.06294354]
[3.08972487],[0.68725232],[1.57870666]
[3.05579134],[0.72936901],[1.74035199]
[3.30489352],[0.80104952],[1.94912998]
[3.19706346],[0.81973618],[2.02891165]
[3.47235522],[0.84425603],[2.17395714]
[3.36796611],[0.8634195],[2.22064996]
[3.58532167],[0.87960929],[2.32806268]
[3.47835975],[0.88370643],[2.33293931]
[3.66727935],[0.89403526],[2.42830501]
[3.60094864],[0.89748706],[2.43717874]
[3.7592115],[0.90825463],[2.53328991]
[3.75517458],[0.92441038],[2.57364289]
[3.96084021],[0.95004473],[2.75148825]
[3.94599848],[0.96211419],[2.81642759]
[4.06162385],[0.98004799],[2.93359569]
[4.02303491],[0.9886469],[2.95196422]
[4.13374287],[1.00183446],[3.05197392]
[4.09687274],[1.0087417],[3.0679548]
[4.2138519],[1.01781649],[3.15401439]
[4.18878867],[1.01947058],[3.14284095]
[4.2589726],[1.02693815],[3.20050826]
[4.2539573],[1.02717737],[3.20451134]
[4.31849444],[1.03502669],[3.25113447]
[4.30178176],[1.03589835],[3.25237007]
[4.35820123],[1.04308714],[3.27906713]
[4.34505309],[1.04408792],[3.29482734]
[4.40631044],[1.05126604],[3.31448571]
[4.42423395],[1.06166679],[3.34753297]
[4.43436337],[1.06996183],[3.36058722]
[4.4470806],[1.07376077],[3.37960751]
[4.4343779],[1.07640339],[3.37754695]
[4.45523766],[1.07796594],[3.38964496]
[4.44101297],[1.07504921],[3.37200045]
[4.41507255],[1.06692658],[3.353067]
[4.41106416],[1.05592052],[3.33565407]
[4.4077181],[1.04418766],[3.31693795]
[4.4096147],[1.03962284],[3.29622635]
[4.40436995],[1.03511922],[3.2745573]
[4.40578899],[1.03204271],[3.26005974]
[4.4133642],[1.02875816],[3.25260663]
[4.41160129],[1.0260272],[3.23838065]
[4.41300036],[1.02314564],[3.22741376]
[4.41037025],[1.01906164],[3.21604815]
[4.41052866],[1.01486116],[3.20238056]
[4.40020437],[1.00858956],[3.18182756]
[4.39242106],[1.00091815],[3.15764225]
[4.3780676],[0.99361668],[3.12513744]
[4.35378435],[0.98595779],[3.08329367]
[4.33331943],[0.9789232],[3.04470869]
[4.3145984],[0.97298882],[3.00833695]
[3.94990937],[0.96639168],[2.82159037]
[3.18483533],[0.96012538],[2.1211029]
[2.41738419],[0.95802606],[1.39471317]
[0.],[0.],[0.]
[2.38715673],[0.56430584],[1.07656693]
[3.10623962],[0.69635041],[1.60563386]
[3.09276524],[0.75968078],[1.81602836]
[3.376345],[0.83046812],[2.07612668]
[3.26860679],[0.85531629],[2.16020843]
[3.5745434],[0.88159608],[2.34209187]
[3.53222328],[0.90180299],[2.40245178]
[3.75190999],[0.92003431],[2.54596586]
[3.68576516],[0.92902554],[2.57480636]
[3.85681117],[0.96507857],[2.70857921]
[3.81556073],[0.97890593],[2.73165904]
[4.01085102],[0.99830273],[2.92371709]
[3.97052364],[1.00795368],[2.96500728]
[4.08403591],[1.02382445],[3.07713218]
[4.05801807],[1.03125733],[3.09174507]
[4.16131147],[1.04302249],[3.19605511]
[4.16854914],[1.04955429],[3.21959486]
[4.26143714],[1.05747254],[3.30992991]
[4.29925108],[1.06267872],[3.37170898]
[4.42620878],[1.09109118],[3.45908882]
[4.43060901],[1.11323451],[3.53201649]
[4.53628725],[1.12795865],[3.61086376]
[4.50445857],[1.14011628],[3.65935359]
[4.5926294],[1.15390094],[3.70245279]
[4.53233172],[1.15964693],[3.71939647]
[4.61162748],[1.16607069],[3.75272793]
[4.55782582],[1.1713299],[3.77435998]
[4.61473119],[1.17778191],[3.80752831]
[4.6073607],[1.18297201],[3.85157672]
[4.6222535],[1.1891692],[3.85919019]
[4.61145549],[1.19450517],[3.90189855]
[4.60883496],[1.19865667],[3.89403343]
[4.60703917],[1.20001762],[3.91910355]
[4.61213012],[1.19596658],[3.89812415]
[4.57738971],[1.18793421],[3.87039388]
[4.57504708],[1.17642513],[3.84703068]
[4.57301242],[1.16417904],[3.81575806]
[4.57442663],[1.15071481],[3.78052323]
[4.57121195],[1.1381816],[3.74644783]
[4.57467547],[1.12829464],[3.72090418]
[4.58268196],[1.12126854],[3.70863815]
[4.58298608],[1.11368109],[3.68546118]
[4.58653892],[1.10666132],[3.66956338]
[4.5904688],[1.09976984],[3.65198464]
[4.59747254],[1.09251246],[3.63204942]
[4.59786106],[1.08859096],[3.60916969]
[4.59967783],[1.0795513],[3.58126475]
[4.60364841],[1.06956378],[3.54269365]
[4.60043316],[1.05812109],[3.49579933]
[4.600756],[1.04651033],[3.45913449]
[4.59825593],[1.03853856],[3.41776715]
[4.20989712],[1.03098809],[3.19646136]
[3.44554702],[1.02378843],[2.42449435]
[2.67738232],[1.01493287],[1.63266968]
[1.03704009],[0.18844146],[0.10955663]
[2.41053605],[0.54748045],[1.14207037]
[3.20100277],[0.72092493],[1.71773442]
[3.15334225],[0.78529517],[1.90982665]
[3.4653582],[0.85550619],[2.19946212]
[3.32193328],[0.87975131],[2.27654254]
[3.67072959],[0.91559323],[2.50701073]
[3.63786695],[0.95232026],[2.59239763]
[3.86488991],[0.98808884],[2.77017146]
[3.83197596],[0.9960226],[2.82584966]
[4.00736021],[1.01908901],[2.99064479]
[3.91637697],[1.02583069],[2.98665915]
[4.06800198],[1.04276956],[3.12112254]
[4.02417792],[1.0501152],[3.13507644]
[4.17615007],[1.06071268],[3.26526565]
[4.16808453],[1.06928707],[3.30479451]
[4.27540461],[1.07882347],[3.42175439]
[4.32921611],[1.10924854],[3.51850045]
[4.46048069],[1.14082838],[3.65262754]
[4.48485554],[1.16682964],[3.76817743]
[4.65742088],[1.19621806],[3.89983062]
[4.60746841],[1.21176453],[3.95196434]
[4.74170987],[1.22089897],[4.03262677]
[4.67429332],[1.22621141],[4.04957146]
[4.77900355],[1.23329071],[4.11685127]
[4.67662294],[1.23998477],[4.12016132]
[4.77175553],[1.24668058],[4.17460438]
[4.6777354],[1.2520991],[4.18530011]
[4.76471167],[1.259264],[4.22396866]
[4.73987697],[1.26628964],[4.26927059]
[4.77497904],[1.27468269],[4.28296031]
[4.74968257],[1.28215993],[4.32848204]
[4.75539941],[1.28870337],[4.3238468]
[4.74629272],[1.29073721],[4.35220051]
[4.75629737],[1.28892337],[4.33106428]
[4.72056196],[1.28162031],[4.29910117]
[4.71491407],[1.27022593],[4.27165788]
[4.70973618],[1.25834561],[4.23844966]
[4.71015268],[1.24534723],[4.19943365]
[4.6999849],[1.23327832],[4.15599601]
[4.69353708],[1.22463277],[4.12758091]
[4.68928012],[1.21651065],[4.10745821]
[4.67926748],[1.20772946],[4.0790146]
[4.67263148],[1.19998358],[4.0573305]
[4.67186642],[1.19268547],[4.03639962]
[4.67942972],[1.18471983],[4.01855509]
[4.68016261],[1.17654772],[3.99085138]
[4.68076739],[1.16262522],[3.95632568]
[4.68468106],[1.14909092],[3.91624924]
[4.68548424],[1.13571167],[3.86762227]
[4.68722241],[1.12306022],[3.82217135]
[4.68685288],[1.11009503],[3.76928604]
[4.28214944],[1.09716994],[3.50855436]
[3.53437203],[1.0850912],[2.68614807]
[2.78056262],[1.07350526],[1.84430247]
[1.51153901],[0.34281018],[0.34529628]
[2.47874315],[0.62851792],[1.32698917]
[3.37377945],[0.75254751],[1.87878915]
[3.2254546],[0.82137764],[2.05429209]
[3.61994229],[0.886445],[2.36300129]
[3.36588614],[0.91785665],[2.41497791]
[3.79280145],[0.96694661],[2.70795905]
[3.70223667],[0.99274783],[2.75823058]
[4.00823306],[1.0181085],[2.98325702]
[3.87011946],[1.02393031],[2.9828136]
[4.1105775],[1.04023682],[3.17363465]
[3.9947524],[1.0467231],[3.16261046]
[4.20213507],[1.06156199],[3.33508188]
[4.14419442],[1.06756116],[3.3589474]
[4.30356925],[1.07422479],[3.50398635]
[4.30609534],[1.10052813],[3.59307565]
[4.44879123],[1.1352497],[3.7379085]
[4.49444193],[1.16591717],[3.87870606]
[4.68715969],[1.19798992],[4.03982964]
[4.66699954],[1.22425979],[4.13880576]
[4.88746508],[1.24769057],[4.29624956]
[4.80446357],[1.26056587],[4.32850908]
[4.98986393],[1.27307555],[4.43470104]
[4.85124056],[1.28457447],[4.4407087]
[5.00827771],[1.29859576],[4.52955732]
[4.85342205],[1.30757757],[4.52218726]
[5.00410561],[1.31577782],[4.59924037]
[4.85572134],[1.32284319],[4.59695736]
[4.99615557],[1.33192115],[4.66771287]
[4.92071289],[1.33916594],[4.69956696]
[5.00916453],[1.34769107],[4.75087129]
[4.92930449],[1.35536395],[4.78091387]
[4.97073608],[1.361781],[4.82573968]
[4.93035451],[1.36353004],[4.82836971]
[4.96703511],[1.36289321],[4.81798302]
[4.9100711],[1.36163067],[4.76941778]
[4.90203107],[1.35955317],[4.73881331]
[4.89386471],[1.35193944],[4.70551557]
[4.88984225],[1.34081818],[4.64844209]
[4.87958333],[1.33091232],[4.59729695]
[4.8707396],[1.32255476],[4.5697535]
[4.86042867],[1.31413585],[4.54739228]
[4.84689342],[1.30387863],[4.51407719]
[4.83502582],[1.29670138],[4.48871598]
[4.82468741],[1.28905569],[4.46392919]
[4.81831311],[1.28035399],[4.43919672]
[4.80472455],[1.27454039],[4.40698752]
[4.79358388],[1.26624363],[4.36766264]
[4.78455203],[1.25343287],[4.32465523]
[4.77039049],[1.23627509],[4.26671632]
[4.75918388],[1.22233728],[4.2116756]
[4.74629264],[1.20954689],[4.15344031]
[4.31047441],[1.19488646],[3.87726096]
[3.55070213],[1.18288225],[3.03808759]
[2.79780866],[1.16876672],[2.16847605]
[1.60300324],[0.43698244],[0.58472926]
[2.52600534],[0.70174345],[1.51191054]
[3.45783552],[0.79820861],[2.04127343]
[3.26358496],[0.87197098],[2.20938772]
[3.66627911],[0.93987077],[2.53356933]
[3.40924131],[0.96627135],[2.57083436]
[3.8966735],[1.00536847],[2.89550768]
[3.79345653],[1.02351118],[2.92620043]
[4.13695464],[1.043627],[3.17625396]
[3.97079386],[1.04776983],[3.17314858]
[4.24192141],[1.06378423],[3.39705815]
[4.12326793],[1.06930024],[3.40105583]
[4.35372715],[1.07708257],[3.61896957]
[4.31857067],[1.10868103],[3.7083938]
[4.53573595],[1.14580789],[3.89889875]
[4.51831747],[1.17401503],[4.0251876]
[4.74899348],[1.20645141],[4.21406405]
[4.72930715],[1.23536104],[4.33896236]
[5.00194852],[1.26574692],[4.54568605]
[4.93413624],[1.29059782],[4.61666389]
[5.19719346],[1.30937871],[4.83198604]
[5.04559633],[1.33490941],[4.8445773]
[5.24974832],[1.3452408],[4.99676824]
[5.10473994],[1.3677557],[4.97963652]
[5.26796138],[1.36919076],[5.10199962]
[5.11057838],[1.39040108],[5.07034452]
[5.26122816],[1.39136343],[5.18044882]
[5.11481255],[1.41225784],[5.15937882]
[5.25089461],[1.40688824],[5.26931936]
[5.18254429],[1.43157954],[5.30034107]
[5.26306052],[1.42367025],[5.38367008]
[5.19415432],[1.44883224],[5.39648562]
[5.2138719],[1.449579],[5.45043018]
[5.19743465],[1.45438482],[5.44085306]
[5.21256582],[1.4582589],[5.43737043]
[5.18179303],[1.4569601],[5.36406511]
[5.16347095],[1.4550031],[5.32608912]
[5.15656782],[1.44872646],[5.29230051]
[5.15119644],[1.43881224],[5.23984117]
[5.14030629],[1.43379907],[5.19506714]
[5.13264175],[1.4274081],[5.16305723]
[5.11841457],[1.42058102],[5.12741993]
[5.09961183],[1.41172802],[5.08159559]
[5.08431449],[1.40659973],[5.04698454]
[5.06803356],[1.40161064],[5.01591236]
[5.05250798],[1.39467514],[4.978141]
[5.03197785],[1.39133879],[4.94059703]
[5.01404504],[1.38546277],[4.89738721]
[4.99485063],[1.3771444],[4.84722499]
[4.97388459],[1.36505878],[4.78052129]
[4.95428063],[1.35607332],[4.71133691]
[4.93509279],[1.34575662],[4.64334386]
[4.48893248],[1.33276761],[4.35803921]
[3.72094331],[1.32285339],[3.49462455]
[2.94364174],[1.31139008],[2.54933679]
[1.6728052],[0.54221218],[0.77196996]
[2.55608025],[0.75682561],[1.65823235]
[3.53463247],[0.84251523],[2.19949206]
[3.28621412],[0.92213516],[2.37473722]
[3.70808109],[0.97897553],[2.70306371]
[3.43824844],[1.00221857],[2.70499968]
[3.98973911],[1.03476074],[3.05943109]
[3.91743687],[1.05128416],[3.10168437]
[4.25743599],[1.06915656],[3.37050301]
[4.11300272],[1.07382612],[3.42059744]
[4.39556058],[1.09243584],[3.71029597]
[4.35101582],[1.13296134],[3.83268081]
[4.62702787],[1.17170466],[4.06499523]
[4.57785342],[1.19839633],[4.17700136]
[4.85949094],[1.23094896],[4.39914714]
[4.8005928],[1.25671701],[4.51884969]
[5.08919642],[1.28642453],[4.74728946]
[5.02491928],[1.31289939],[4.85338534]
[5.31791052],[1.34080882],[5.13425408]
[5.21394326],[1.36316499],[5.18489034]
[5.44360717],[1.38006079],[5.40615447]
[5.32223485],[1.40084812],[5.41116977]
[5.50841605],[1.40638975],[5.60565331]
[5.37496908],[1.4271343],[5.58597528]
[5.52721638],[1.43177506],[5.75098729]
[5.38234244],[1.45038121],[5.71432949]
[5.51901872],[1.45454272],[5.86796478]
[5.39020345],[1.47252537],[5.83690909]
[5.51007188],[1.47048919],[5.97019051]
[5.45856769],[1.494333],[5.98682505]
[5.52286841],[1.48916713],[6.0897887]
[5.47239289],[1.5144234],[6.08683015]
[5.45652839],[1.51492344],[6.14592629]
[5.47549708],[1.52048154],[6.14124684]
[5.45973387],[1.52576914],[6.15663985]
[5.46054241],[1.52634765],[6.0966483]
[5.42781578],[1.52513442],[6.05072633]
[5.4210456],[1.52068307],[6.00472057]
[5.41737585],[1.51256643],[5.94449239]
[5.40417734],[1.5085628],[5.89838991]
[5.4020425],[1.50372992],[5.85980144]
[5.39156123],[1.49879483],[5.8194087]
[5.37150057],[1.4913212],[5.77279611]
[5.35910521],[1.48829585],[5.73552246]
[5.34413991],[1.4845906],[5.70501539]
[5.33049398],[1.47929191],[5.66988135]
[5.30954811],[1.47691532],[5.63152961]
[5.2967308],[1.47276553],[5.59426852]
[5.27973585],[1.46607953],[5.54703192]
[5.2555061],[1.45700074],[5.49202993]
[5.23866709],[1.44976588],[5.437725]
[5.21971669],[1.44201015],[5.38040903]
[4.74198682],[1.43247103],[5.05601665]
[3.97720449],[1.42501007],[4.13260948]
[3.19568035],[1.41681223],[3.08818479]
[1.70890949],[0.62275977],[0.8947543]
[2.588054],[0.80458631],[1.78840983]
[3.65501782],[0.89177084],[2.45165708]
[3.37529893],[0.95789169],[2.54140747]
[3.77552013],[1.01297958],[2.92959155]
[3.50519138],[1.02998837],[2.82771655]
[4.1375369],[1.05934092],[3.29465874]
[4.05272626],[1.07417649],[3.28058588]
[4.42781376],[1.09493098],[3.68050944]
[4.2774776],[1.13428576],[3.73007352]
[4.63516856],[1.17896166],[4.11204108]
[4.53319601],[1.21395792],[4.19893863]
[4.8648128],[1.24509052],[4.44308621]
[4.75229476],[1.26997638],[4.52708727]
[5.08792717],[1.30040778],[4.79955622]
[4.97562969],[1.32497468],[4.89040604]
[5.30921361],[1.35317452],[5.19779318]
[5.243316],[1.37829051],[5.29294047]
[5.53896138],[1.4046379],[5.59529178]
[5.45058405],[1.42448831],[5.63694091]
[5.70207402],[1.44140342],[5.91683381]
[5.54478299],[1.45360375],[5.8936713]
[5.76301861],[1.46666491],[6.12718891]
[5.61021499],[1.47930326],[6.07851546]
[5.79332866],[1.49003794],[6.28181267]
[5.62724227],[1.5041079],[6.21981182]
[5.79062523],[1.51071909],[6.4046548]
[5.64613172],[1.52712984],[6.35146763]
[5.79115463],[1.5315003],[6.51816211]
[5.72913988],[1.54941957],[6.52181931]
[5.81283303],[1.5491858],[6.63909888]
[5.75516336],[1.56527274],[6.62487106]
[5.70882733],[1.56421239],[6.66311232]
[5.76636605],[1.56965494],[6.6792434]
[5.71883421],[1.57462009],[6.69097215]
[5.75177568],[1.57574552],[6.65980994]
[5.70287079],[1.57560718],[6.61254725]
[5.69797298],[1.57190695],[6.5722831]
[5.69646474],[1.56476575],[6.5246344]
[5.68027709],[1.5628088],[6.48575555]
[5.68160449],[1.55858716],[6.45128059]
[5.67534033],[1.55447494],[6.41398389]
[5.65326727],[1.55010501],[6.3683198]
[5.64286383],[1.54747757],[6.3327698]
[5.62799792],[1.54344766],[6.30050804]
[5.61546089],[1.53786627],[6.26499575]
[5.59086948],[1.53515318],[6.22729531]
[5.5811017],[1.53119277],[6.18218733]
[5.5655729],[1.52409572],[6.12936799]
[5.54248798],[1.51422504],[6.07539044]
[5.53122233],[1.50649136],[6.02410588]
[5.51407509],[1.49800154],[5.96707374]
[4.99192943],[1.48813821],[5.61399088]
[4.22999626],[1.48040993],[4.65831044]
[3.45566919],[1.47194357],[3.57928709]
[1.75524409],[0.70358676],[1.03321258]
[2.63153976],[0.84283357],[1.92430231]
[3.74480158],[0.9330075],[2.70766937]
[3.45666518],[0.99341045],[2.69223856]
[3.84220702],[1.03851154],[3.1301968]
[3.68477417],[1.05297562],[2.98950975]
[4.33723481],[1.07379012],[3.59262297]
[4.20846709],[1.11007781],[3.53113866]
[4.6004951],[1.18120669],[4.09531032]
[4.47223082],[1.21909659],[4.10522597]
[4.86875014],[1.25926351],[4.59866505]
[4.71083628],[1.28699695],[4.55094296]
[5.11061272],[1.3152723],[4.99109572]
[4.93363432],[1.33790812],[4.94700253]
[5.34128124],[1.36517438],[5.39365074]
[5.17553004],[1.38816221],[5.33563036]
[5.56002836],[1.41466127],[5.79515209]
[5.43918139],[1.4392663],[5.77170828]
[5.78111959],[1.46562873],[6.23476257]
[5.65065228],[1.48649805],[6.12667592]
[5.92339944],[1.50609803],[6.55374892]
[5.73263581],[1.51787772],[6.37975638]
[5.98216216],[1.53009717],[6.74744611]
[5.79869633],[1.54043444],[6.56224183]
[6.01730855],[1.5511846],[6.88052152]
[5.81863567],[1.56000061],[6.69856362]
[6.01713874],[1.56961467],[6.97675456]
[5.84260606],[1.57785866],[6.82725733]
[6.01756094],[1.58823366],[7.07605548]
[5.94241953],[1.59646065],[7.00108877]
[6.03931238],[1.60530014],[7.18216965]
[5.9862691],[1.61306241],[7.10182688]
[5.91737521],[1.61942271],[7.12154533]
[5.9923883],[1.62272205],[7.15866359]
[5.93950954],[1.62360721],[7.1584638]
[5.9850932],[1.62001265],[7.14717546]
[5.93323347],[1.61380976],[7.10171056]
[5.92993429],[1.60631889],[7.07104062]
[5.9358927],[1.59846012],[7.03812605]
[5.9171769],[1.59685945],[7.00690295]
[5.92413923],[1.59292379],[6.98163553]
[5.92380831],[1.59004004],[6.9482878]
[5.89962975],[1.58664278],[6.90370622]
[5.89140282],[1.58627976],[6.87374974]
[5.87390398],[1.58363351],[6.84256115]
[5.85741309],[1.57884964],[6.80808935]
[5.82766963],[1.57702401],[6.76661963]
[5.82140784],[1.57384744],[6.71757318]
[5.80530643],[1.56918862],[6.66480224]
[5.78349518],[1.56072861],[6.60514139]
[5.77666691],[1.55412385],[6.549812]
[5.76279194],[1.54738739],[6.49598851]
[5.20476442],[1.53926682],[6.07300601]
[4.44498697],[1.53238722],[5.06229135]
[3.68269066],[1.52345511],[3.94397773]
[1.77826115],[0.77784427],[1.16702677]
[2.6375634],[0.88248959],[2.0423816]
[3.77522866],[0.9685544],[2.85021643]
[3.47091856],[1.02682806],[2.79305577]
[3.91632925],[1.05928791],[3.24888905]
[3.92955119],[1.07342806],[3.21309986]
[4.46228165],[1.11412588],[3.8348385]
[4.36056282],[1.2010928],[3.85414576]
[4.7851395],[1.26371604],[4.4411437]
[4.64878681],[1.30045041],[4.46940387]
[5.065112],[1.33306536],[5.05223802]
[4.89288281],[1.35826607],[4.98074513]
[5.31821494],[1.38404161],[5.4912825]
[5.12631309],[1.40445466],[5.40198262]
[5.52248222],[1.43063822],[5.91864195]
[5.37731167],[1.45139767],[5.85015097]
[5.74488979],[1.47720921],[6.3386488]
[5.65041602],[1.50024346],[6.27912218]
[5.99092932],[1.52614655],[6.74588891]
[5.8365382],[1.54342762],[6.61621497]
[6.09892745],[1.55543661],[7.02362151]
[5.93154821],[1.5654573],[6.85959132]
[6.18596811],[1.57749404],[7.22066423]
[6.01577608],[1.58788869],[7.04645072]
[6.26086736],[1.59826057],[7.34851888]
[6.05598019],[1.60702062],[7.18346335]
[6.27281045],[1.61666407],[7.44581057]
[6.0890559],[1.62491475],[7.32344908]
[6.29285121],[1.63545718],[7.54879424]
[6.20457018],[1.64342731],[7.50397299]
[6.33381832],[1.65238485],[7.66999036]
[6.25517229],[1.65986813],[7.61933976]
[6.214103],[1.66658864],[7.62237088]
[6.25721665],[1.66889907],[7.699163]
[6.2287037],[1.66952234],[7.68561828]
[6.24569984],[1.66638142],[7.69223037]
[6.21419066],[1.66012881],[7.6443136]
[6.19403036],[1.65321233],[7.61581528]
[6.19023218],[1.64572079],[7.57872247]
[6.16656278],[1.64003985],[7.54379116]
[6.16408454],[1.63571316],[7.51139266]
[6.15619738],[1.63133345],[7.46617715]
[6.13169025],[1.62655262],[7.40680377]
[6.11113597],[1.62210998],[7.36847547]
[6.08276733],[1.61787682],[7.33164469]
[6.05693609],[1.61434286],[7.29687221]
[6.01655405],[1.61213205],[7.25431837]
[5.9984818],[1.60861745],[7.20919196]
[5.97327272],[1.60390782],[7.15198163]
[5.93715418],[1.5957509],[7.0842301]
[5.92083958],[1.58912996],[7.02727189]
[5.89684452],[1.58186168],[6.96083746]
[5.32504542],[1.57305141],[6.47267083]
[4.55640199],[1.56689201],[5.40032368]
[3.79440647],[1.5597752],[4.23758075]
[1.80559072],[0.81712034],[1.25997656]
[2.67477715],[0.92091268],[2.15913565]
[3.83794895],[1.00514406],[3.02118436]
[3.5378608],[1.04868568],[2.89296164]
[4.16885356],[1.07871246],[3.5225293]
[4.09636839],[1.13188055],[3.52397319]
[4.59123105],[1.22624181],[4.24983933]
[4.5514558],[1.30122006],[4.27632712]
[5.01922738],[1.35337469],[4.99572023]
[4.83183888],[1.38139988],[4.95625608]
[5.28195897],[1.40873335],[5.63183617]
[5.07127301],[1.43029985],[5.50210098]
[5.5147625],[1.45381192],[6.1296628]
[5.31942784],[1.47271511],[5.98620042]
[5.71893765],[1.49555042],[6.55741335]
[5.57340319],[1.51347005],[6.43528229]
[5.9385617],[1.5370389],[6.92375545]
[5.86083032],[1.55691635],[6.85102378]
[6.17710672],[1.57554344],[7.28283495]
[6.02785771],[1.58767843],[7.15496718]
[6.32422577],[1.598158],[7.53488899]
[6.13079957],[1.60833141],[7.40003845]
[6.40161615],[1.62011795],[7.73900588]
[6.19259977],[1.63006251],[7.59044443]
[6.46869972],[1.63945205],[7.86855002]
[6.22777985],[1.64761276],[7.71666933]
[6.47426897],[1.65653036],[7.96921458]
[6.24975054],[1.66413412],[7.8468467]
[6.48531691],[1.67376962],[8.07321991]
[6.36569516],[1.68064534],[8.05441522]
[6.51235069],[1.68864993],[8.20741712]
[6.40828663],[1.69526025],[8.20581865]
[6.38101162],[1.70185528],[8.20669525]
[6.40297081],[1.70878544],[8.30701298]
[6.38461717],[1.71401892],[8.2983013]
[6.38121164],[1.71781371],[8.3164656]
[6.36303771],[1.71984517],[8.26989826]
[6.3391523],[1.71222121],[8.24485504]
[6.33882196],[1.70004043],[8.2033245]
[6.31358218],[1.68978618],[8.15475934]
[6.31008232],[1.68127718],[8.12021596]
[6.30361151],[1.67468579],[8.07493507]
[6.28260326],[1.66776627],[8.00947047]
[6.26019818],[1.66333275],[7.96622427]
[6.22601487],[1.65882041],[7.91346486]
[6.19506042],[1.65393785],[7.85734789]
[6.14833832],[1.64935374],[7.79748903]
[6.1226711],[1.64492826],[7.74182315]
[6.09249176],[1.63740032],[7.67528999]
[6.05178629],[1.6278716],[7.58531119]
[6.03152678],[1.62162021],[7.51666643]
[6.00503358],[1.61544368],[7.43744461]
[5.41462545],[1.60864312],[6.86100313]
[4.64237099],[1.60292289],[5.73496689]
[3.88014891],[1.59598458],[4.53565767]
[1.85187052],[0.84585506],[1.33913207]
[2.72729287],[0.9575408],[2.25106722]
[3.90700623],[1.02639148],[3.17868919]
[3.78193609],[1.06389759],[3.06906205]
[4.36607008],[1.1351191],[3.89593843]
[4.24965062],[1.21900235],[3.81486119]
[4.76189076],[1.3043627],[4.68120321]
[4.74282229],[1.37027153],[4.70938148]
[5.24673926],[1.41033392],[5.46048816]
[5.01078867],[1.4409688],[5.37042286]
[5.48495692],[1.47000376],[6.1302644]
[5.26069422],[1.48996939],[6.0052952]
[5.70231219],[1.50943903],[6.63217476]
[5.51056683],[1.5251088],[6.45315985]
[5.90809363],[1.5440237],[7.01629085]
[5.75326693],[1.55862707],[6.87735858]
[6.12670348],[1.57759879],[7.36755691]
[5.98306723],[1.59425771],[7.249531]
[6.33036071],[1.61182638],[7.67465352]
[6.15404238],[1.62221164],[7.55094567]
[6.45675128],[1.63215094],[7.93896486]
[6.25121373],[1.64165959],[7.80961356]
[6.55465001],[1.65332292],[8.16029698]
[6.33008465],[1.66340425],[8.00621592]
[6.64670178],[1.67200526],[8.31766187]
[6.37456627],[1.68251091],[8.18178206]
[6.66111602],[1.68831923],[8.46283352]
[6.40193224],[1.71083868],[8.34578167]
[6.68377849],[1.70487079],[8.59803969]
[6.55843225],[1.73875093],[8.59129066]
[6.71798259],[1.73355961],[8.75105176]
[6.6046356],[1.76433837],[8.75193877]
[6.59062989],[1.77578759],[8.76906996]
[6.5944211],[1.78989131],[8.87943836]
[6.60700602],[1.79719405],[8.89497657]
[6.58661852],[1.8024829],[8.90076404]
[6.59333744],[1.80705534],[8.85922131]
[6.55952291],[1.79601229],[8.83277309]
[6.56859513],[1.78060159],[8.79811674]
[6.53127449],[1.77111189],[8.74839646]
[6.52314065],[1.76074384],[8.72161098]
[6.51582753],[1.7504389],[8.68266157]
[6.49587232],[1.73986009],[8.61113546]
[6.4676996],[1.73316104],[8.56008191]
[6.42046932],[1.72584293],[8.49584218]
[6.38591623],[1.71650036],[8.43227001]
[6.32300402],[1.70992783],[8.35881708]
[6.28805921],[1.70252892],[8.29807663]
[6.2504064],[1.69428149],[8.22537863]
[6.20191475],[1.6771503],[8.11886314]
[6.17347462],[1.6601714],[8.02746654]
[6.14139524],[1.64311829],[7.91224553]
[5.51295344],[1.63415913],[7.21973971]
[4.73560467],[1.62690293],[6.01537305]
[3.96764617],[1.61775681],[4.76445623]
[1.86910258],[0.87330853],[1.3996602]
[2.74314972],[0.97762879],[2.30372042]
[3.93076953],[1.04135315],[3.25548865]
[3.93419166],[1.07720852],[3.30197163]
[4.48350186],[1.21621492],[4.15754921]
[4.36792391],[1.28797574],[4.12042801]
[4.92833771],[1.36489486],[5.02736148]
[4.86753492],[1.42003719],[5.01777894]
[5.42800755],[1.46067645],[5.8158689]
[5.17302387],[1.49258501],[5.7596559]
[5.62264363],[1.51525813],[6.49646195]
[5.41169043],[1.53253777],[6.38178331]
[5.8218353],[1.55025701],[6.97811358]
[5.64593007],[1.56446949],[6.8287201]
[6.00605016],[1.58154427],[7.32472779]
[5.88068214],[1.59225575],[7.22242794]
[6.20360725],[1.60667273],[7.65672892]
[6.08869563],[1.62034308],[7.56647937]
[6.43990583],[1.63586611],[7.97814185]
[6.2681957],[1.64450241],[7.90093465]
[6.59545176],[1.65367642],[8.27342033]
[6.386216],[1.66346905],[8.16782396]
[6.72438919],[1.67565437],[8.54155179]
[6.48329531],[1.70018996],[8.44418397]
[6.84066971],[1.70153804],[8.76127475]
[6.53524651],[1.7322832],[8.65316653]
[6.87110757],[1.72928079],[8.93624494]
[6.56913695],[1.76194052],[8.83543427]
[6.91175306],[1.75827444],[9.09434331]
[6.74662712],[1.79835596],[9.11524044]
[6.96909765],[1.79714393],[9.29051906]
[6.84129559],[1.83131392],[9.31156189]
[6.86927653],[1.84168617],[9.3430994]
[6.86717223],[1.8517511],[9.42391671]
[6.89676318],[1.85943953],[9.43513279]
[6.87796406],[1.86496371],[9.4258941]
[6.88910435],[1.87113903],[9.38921652]
[6.85964305],[1.86173698],[9.35092482]
[6.85819212],[1.85170538],[9.32219677]
[6.82295561],[1.84411006],[9.26533402]
[6.81440273],[1.83535309],[9.22828322]
[6.80773511],[1.82706009],[9.18329914]
[6.79526505],[1.8169747],[9.11088729]
[6.77501341],[1.80941133],[9.0572661]
[6.71235904],[1.80033263],[8.99226581]
[6.63787384],[1.7888742],[8.92021738]
[6.56643497],[1.77994932],[8.842642]
[6.51500855],[1.77020196],[8.77500627]
[6.46661775],[1.76027773],[8.70028512]
[6.40706309],[1.74048204],[8.58312437]
[6.36364957],[1.72275794],[8.48216979]
[6.32013104],[1.70522747],[8.36356812]
[5.67374437],[1.68601533],[7.60979415]
[4.88397658],[1.66925475],[6.34361383]
[4.1036329],[1.65194063],[5.02543247]
[1.88961905],[0.90043978],[1.44756007]
[2.77259115],[0.99250056],[2.35058163]
[3.94875899],[1.055086],[3.37922926]
[4.06020436],[1.18046266],[3.61468914]
[4.58212201],[1.29722652],[4.48547607]
[4.48762648],[1.36078542],[4.50234058]
[5.05179298],[1.42459987],[5.40291028]
[4.96712768],[1.47644826],[5.41831439]
[5.52974959],[1.51470987],[6.2256976]
[5.29777763],[1.54085686],[6.17658229]
[5.73809147],[1.55906388],[6.90303395]
[5.53223971],[1.57336877],[6.80856339]
[5.93516418],[1.58821155],[7.36965205]
[5.76183856],[1.59855327],[7.22373619]
[6.12473131],[1.60992451],[7.69952436]
[5.9537008],[1.61838528],[7.58212507]
[6.31105168],[1.63045791],[8.03122419]
[6.19749785],[1.64368977],[7.97748694]
[6.58397814],[1.65835035],[8.36772163]
[6.40303202],[1.6676072],[8.30994394]
[6.76970212],[1.6777755],[8.70520448]
[6.54294282],[1.69197325],[8.64715093]
[6.92355276],[1.71327421],[9.05492327]
[6.68234952],[1.74651399],[8.95456177]
[7.1101781],[1.75289806],[9.30291317]
[6.83821608],[1.78986214],[9.17569761]
[7.18095303],[1.79294332],[9.49275921]
[6.92229965],[1.82993348],[9.38620342]
[7.25197838],[1.82962972],[9.68126728]
[7.15804286],[1.86739562],[9.69573625]
[7.31792423],[1.86678809],[9.87445057]
[7.25963737],[1.89932586],[9.90753223]
[7.24393457],[1.90915563],[9.92247567]
[7.29266895],[1.91673902],[9.99482875]
[7.2644338],[1.92395703],[10.004056]
[7.28654358],[1.92803979],[9.98710692]
[7.24944653],[1.93183223],[9.96047873]
[7.26338666],[1.92265304],[9.92315731]
[7.23754659],[1.91618785],[9.89780765]
[7.19555834],[1.90884178],[9.84029983]
[7.18571892],[1.90019003],[9.80703826]
[7.17785064],[1.89105855],[9.76848379]
[7.16443945],[1.88085142],[9.70242238]
[7.15406392],[1.87260663],[9.64496124]
[7.11624132],[1.86366033],[9.56800597]
[7.05679964],[1.85333878],[9.49374289]
[6.95475619],[1.84500022],[9.40003136]
[6.87506148],[1.83593749],[9.31708949]
[6.79242629],[1.82634067],[9.24100125]
[6.69401744],[1.8108506],[9.13778305]
[6.60652382],[1.79146071],[9.04298854]
[6.54699087],[1.77012772],[8.93235639]
[5.86915972],[1.74755675],[8.12694225]
[5.06754783],[1.72741398],[6.81236187]
[4.27373802],[1.70891987],[5.45014908]
[1.93251693],[0.92928241],[1.50947119]
[2.84064223],[1.00244348],[2.41920898]
[3.98560442],[1.08754798],[3.64321521]
[4.21615875],[1.25632344],[3.87068276]
[4.68853704],[1.35464149],[4.80799135]
[4.6449019],[1.4074324],[4.86440215]
[5.18579965],[1.46712826],[5.74183003]
[5.12721653],[1.51795716],[5.78895589]
[5.64836046],[1.54913208],[6.58313369]
[5.45799413],[1.57547959],[6.54530429]
[5.86372702],[1.5899768],[7.26136688]
[5.67236564],[1.60179529],[7.17495384]
[6.05091407],[1.61204469],[7.70542446]
[5.90090087],[1.62043069],[7.58001937]
[6.21375128],[1.63086365],[8.02720793]
[6.06465109],[1.63876889],[7.93500619]
[6.44271927],[1.65100903],[8.35701576]
[6.34321794],[1.66547831],[8.31837503]
[6.76904031],[1.68124392],[8.71468469]
[6.57510162],[1.69221376],[8.69214932]
[6.98599098],[1.7148445],[9.14807614]
[6.80306798],[1.74686426],[9.12325288]
[7.20956105],[1.78262209],[9.5454473]
[7.01789815],[1.81528903],[9.47164727]
[7.42211407],[1.82937251],[9.85797273]
[7.21470446],[1.85986319],[9.74171177]
[7.52140603],[1.86390404],[10.07528917]
[7.29790121],[1.89438098],[9.95132147]
[7.59485708],[1.89628832],[10.26953869]
[7.57763436],[1.92968908],[10.31281602]
[7.66710855],[1.93638283],[10.47698697]
[7.66528094],[1.96691146],[10.53943679]
[7.64189279],[1.97847312],[10.57494788]
[7.69736364],[1.98541772],[10.6554466]
[7.66249769],[1.99168388],[10.66042028]
[7.68607725],[1.99451286],[10.650605]
[7.64536977],[1.99600238],[10.61100418]
[7.66955793],[1.98322995],[10.56443743]
[7.65464714],[1.9661485],[10.52059872]
[7.60918885],[1.95750173],[10.43535871]
[7.59949057],[1.94827544],[10.38246787]
[7.58976879],[1.9390211],[10.33639865]
[7.57837285],[1.92884533],[10.27006226]
[7.56780762],[1.92071368],[10.2078672]
[7.55288241],[1.91200886],[10.13007289]
[7.50800828],[1.9020563],[10.04929601]
[7.38846707],[1.89389393],[9.93827127]
[7.29649654],[1.88568865],[9.84696166]
[7.20980304],[1.87656775],[9.75323475]
[7.11337942],[1.86408481],[9.62762996]
[7.02425211],[1.84591128],[9.51657488]
[6.93728655],[1.82660397],[9.40290165]
[6.17031886],[1.80392892],[8.52689728]
[5.33133388],[1.78375749],[7.20968915]
[4.49449799],[1.76421653],[5.83130259]
[1.98177466],[0.9499847],[1.56372008]
[2.92910507],[1.01005065],[2.487751]
[4.01617001],[1.14426973],[3.89429984]
[4.39290125],[1.30010321],[4.20958013]
[4.80173555],[1.38855106],[5.09195441]
[4.82302051],[1.43694731],[5.2163531]
[5.31559762],[1.49617128],[6.03961465]
[5.30745492],[1.5427625],[6.1621553]
[5.7580029],[1.57217699],[6.88201493]
[5.62414043],[1.59640644],[6.87295491]
[5.97234972],[1.6084544],[7.53259551]
[5.82440843],[1.61747367],[7.47464573]
[6.16906326],[1.62751498],[7.97269491]
[6.00951644],[1.63584649],[7.8697826]
[6.30898504],[1.6468231],[8.28127949]
[6.19878985],[1.65511749],[8.22657727]
[6.58342861],[1.66672861],[8.63162056]
[6.52640835],[1.68463697],[8.65539818]
[7.00124626],[1.70240336],[9.0822971]
[6.85458654],[1.71623536],[9.09943163]
[7.27573706],[1.75029556],[9.55120284]
[7.17919257],[1.78751238],[9.58256523]
[7.51018304],[1.83384237],[10.04404361]
[7.38497378],[1.87361519],[10.02558717]
[7.73615082],[1.88693754],[10.45499699]
[7.57753888],[1.9203354],[10.37132747]
[7.86371631],[1.93102703],[10.73653873]
[7.65277979],[1.96383149],[10.64640683]
[7.94581834],[1.97199645],[10.99172635]
[7.92313074],[2.00424314],[11.10257849]
[8.02935788],[2.01193888],[11.25629099]
[8.00803178],[2.04062552],[11.38999507]
[8.03583198],[2.0496224],[11.45521252]
[8.0675344],[2.05823855],[11.56797585]
[8.07034933],[2.06387668],[11.56861051]
[8.04675928],[2.06712072],[11.54806786]
[8.04677768],[2.06897938],[11.47363384]
[8.02920139],[2.05725508],[11.41282938]
[8.04787821],[2.03621536],[11.3293804]
[7.99109594],[2.0131897],[11.21677295]
[7.98353735],[1.9934414],[11.11129568]
[7.97570366],[1.975253],[11.02106046]
[7.95641554],[1.96183416],[10.91668686]
[7.94816477],[1.95349507],[10.79148026]
[7.93147507],[1.9451395],[10.66700502]
[7.90069766],[1.93503294],[10.57447192]
[7.79128964],[1.92694177],[10.4499982]
[7.70746372],[1.91826697],[10.35063006]
[7.62578989],[1.90947483],[10.25138638]
[7.53884026],[1.89835073],[10.11923594]
[7.45587797],[1.88081169],[9.99421403]
[7.37078817],[1.86272566],[9.86930479]
[6.53720115],[1.84183289],[8.88219259]
[5.70395191],[1.81976114],[7.53060347]
[4.86287715],[1.79823373],[6.12049998]
[1.9994033],[0.96232723],[1.59685644]
[2.95593273],[1.02305313],[2.53253879]
[4.01795019],[1.19281861],[4.02728835]
[4.49469008],[1.33388626],[4.4202147]
[4.90572101],[1.41848908],[5.32204167]
[4.90663638],[1.46685332],[5.46477576]
[5.41906179],[1.5226876],[6.27667265]
[5.40172833],[1.56477136],[6.38120251]
[5.85308863],[1.59474886],[7.11497092]
[5.72525233],[1.61582587],[7.11630128]
[6.06073741],[1.62586777],[7.75057733]
[5.92989495],[1.63489293],[7.71639304]
[6.22276708],[1.64526464],[8.18134156]
[6.09789184],[1.65412444],[8.11925198]
[6.41933095],[1.66468844],[8.52601629]
[6.31089863],[1.67405089],[8.49914897]
[6.74638625],[1.68915497],[8.92850769]
[6.67757274],[1.7071757],[8.99498417]
[7.24281433],[1.72951017],[9.46956661]
[7.16848617],[1.76283524],[9.49570013]
[7.5484689],[1.83703359],[10.0608627]
[7.50605927],[1.88881204],[10.21016599]
[7.79190075],[1.9252485],[10.75439434]
[7.69004808],[1.96648207],[10.84298189]
[8.05833713],[1.97658658],[11.34143064]
[7.92353693],[2.00704518],[11.38763223]
[8.30420344],[2.01960873],[11.79328636]
[8.07642582],[2.04928816],[11.75675708]
[8.4468777],[2.05807862],[12.14308145]
[8.39581095],[2.0870414],[12.26648933]
[8.57192553],[2.09644341],[12.46913518]
[8.52258238],[2.12241382],[12.5773383]
[8.57152669],[2.12899731],[12.68420561]
[8.59975308],[2.137385],[12.78728144]
[8.61038546],[2.14157275],[12.82711969]
[8.58313091],[2.14584834],[12.78381233]
[8.58103231],[2.1468506],[12.70902586]
[8.55027666],[2.13530993],[12.61136382]
[8.56553133],[2.11380183],[12.5195235]
[8.51393108],[2.09111367],[12.37699261]
[8.48571748],[2.06609049],[12.24053309]
[8.46646922],[2.04394318],[12.10184446]
[8.43821206],[2.02404527],[11.94605157]
[8.42404883],[2.00541596],[11.79675067]
[8.40524289],[1.98784057],[11.58395231]
[8.40612578],[1.96907807],[11.36516461]
[8.26633286],[1.96042938],[11.10675352]
[8.08045314],[1.95165192],[10.88769288]
[7.93775767],[1.94284832],[10.73372327]
[7.84606761],[1.93161647],[10.59152844]
[7.76950978],[1.9161295],[10.46687033]
[7.69435833],[1.89830561],[10.33624598]
[6.87051362],[1.87744975],[9.29455851]
[6.05459858],[1.85791438],[7.92218182]
[5.23362716],[1.83709434],[6.49618829]
[2.02708287],[0.9671306],[1.6226209]
[3.00894829],[1.03695868],[2.61648332]
[4.02815089],[1.23893951],[4.16982016]
[4.56193166],[1.37006401],[4.76946747]
[5.01150685],[1.45190995],[5.59916683]
[5.02648362],[1.50014667],[5.81314032]
[5.52714864],[1.55285382],[6.5541449]
[5.5227173],[1.59190506],[6.72581334]
[5.9416298],[1.61849302],[7.37382548]
[5.84698059],[1.63751976],[7.39692454]
[6.15705238],[1.64734358],[8.00040929]
[6.00670063],[1.65615027],[8.01108469]
[6.28800451],[1.66595219],[8.45351425]
[6.20340465],[1.67427268],[8.4164359]
[6.54811985],[1.68874751],[8.84198988]
[6.46929174],[1.70401042],[8.87344165]
[6.94260253],[1.73219174],[9.39245982]
[6.97656881],[1.74930629],[9.53046202]
[7.49926405],[1.81192446],[10.05611579]
[7.55077651],[1.86523923],[10.2259659]
[7.84742131],[1.93796584],[10.85159118]
[7.84351246],[1.99116992],[11.14677651]
[8.1760723],[2.01810733],[11.76586878]
[8.13903923],[2.05410566],[12.00652433]
[8.57693444],[2.0649171],[12.56474288]
[8.48654394],[2.09278384],[12.69247594]
[8.8211302],[2.10594026],[13.14513622]
[8.66204305],[2.13294821],[13.10159663]
[8.91677072],[2.14063321],[13.49976251]
[8.92098451],[2.167042],[13.60136475]
[9.01173289],[2.17476348],[13.83895947]
[9.03568588],[2.19862086],[13.93447772]
[9.01982112],[2.20363279],[14.05416401]
[9.09894689],[2.21176704],[14.15790919]
[9.06224118],[2.21554902],[14.22259089]
[9.08084414],[2.22020288],[14.17943268]
[9.02610244],[2.22194099],[14.11397222]
[9.04556437],[2.21207513],[13.99509012]
[8.99931144],[2.19152424],[13.88489599]
[8.98556871],[2.17033165],[13.72279312]
[8.9235161],[2.14740821],[13.56234266]
[8.899439],[2.12397215],[13.38385648]
[8.87226553],[2.09854551],[13.17348604]
[8.85565334],[2.07922859],[12.99556334]
[8.84119039],[2.06193394],[12.82284338]
[8.83922713],[2.04322581],[12.61524035]
[8.76728383],[2.02687728],[12.34678838]
[8.64624095],[2.01161404],[12.07695413]
[8.50925534],[1.99687318],[11.80399662]
[8.35790398],[1.97974319],[11.50111123]
[8.20488554],[1.96155196],[11.2428592]
[8.01501517],[1.9414135],[10.99557405]
[7.15483315],[1.921785],[9.87227845]
[6.34147072],[1.90389171],[8.47171052]
[5.52855831],[1.88431114],[7.01842326]
[2.10757752],[0.97949215],[1.68923858]
[3.08614147],[1.04830209],[2.81871516]
[4.04746404],[1.27528485],[4.32107575]
[4.61925721],[1.39908219],[5.0604785]
[5.1290744],[1.47860771],[5.83946337]
[5.16877116],[1.52921249],[6.13088499]
[5.63570885],[1.57617285],[6.80733702]
[5.67827916],[1.61279291],[7.03166217]
[6.03969216],[1.64048346],[7.6096658]
[6.00484489],[1.65804144],[7.71337209]
[6.21759006],[1.66730454],[8.24927038]
[6.14642264],[1.67612421],[8.32737056]
[6.40196451],[1.68954514],[8.78636077]
[6.39662051],[1.70925609],[8.84446297]
[6.7233505],[1.73588339],[9.30766983]
[6.71434175],[1.76408699],[9.50332109]
[7.19893857],[1.82468707],[10.04673721]
[7.33722876],[1.86256729],[10.31014904]
[7.78292854],[1.93826608],[10.89435407]
[7.91982851],[1.9884607],[11.22247877]
[8.30547265],[2.04093352],[11.8806983]
[8.35291918],[2.08935422],[12.31320065]
[8.69791454],[2.11072661],[12.96581981]
[8.67865144],[2.1410712],[13.25877032]
[8.98379065],[2.15216603],[13.892162]
[9.00146141],[2.17749926],[14.0740122]
[9.26030596],[2.19035126],[14.56009112]
[9.20834896],[2.2148815],[14.58431209]
[9.35097773],[2.21850358],[14.92602833]
[9.39664662],[2.24333271],[15.07479131]
[9.44063187],[2.24913118],[15.25768985]
[9.48889343],[2.2696906],[15.40834989]
[9.49600674],[2.27561309],[15.52811202]
[9.5477627],[2.2832953],[15.68912453]
[9.54490547],[2.28795928],[15.76315688]
[9.53524437],[2.29188645],[15.77519014]
[9.50587014],[2.29404898],[15.67788312]
[9.50072325],[2.28560074],[15.59001345]
[9.47391967],[2.26721594],[15.44506592]
[9.45198946],[2.24873255],[15.31984637]
[9.41535818],[2.22957482],[15.15492475]
[9.37886345],[2.21010911],[14.9920703]
[9.34637468],[2.18919906],[14.7909607]
[9.32283976],[2.16949085],[14.59874943]
[9.30390465],[2.15137804],[14.38208164]
[9.29434707],[2.13610752],[14.15642643]
[9.25425733],[2.12170003],[13.87646495]
[9.17613446],[2.10735277],[13.57869869]
[9.05603859],[2.09294695],[13.30935795]
[8.92640484],[2.07587226],[13.03875698]
[8.81082525],[2.05590019],[12.77244014]
[8.61057307],[2.03026589],[12.43786092]
[7.738824],[2.00291029],[11.14867412]
[6.88042751],[1.97595983],[9.5765944]
[6.00945907],[1.94840771],[7.93948294]
[2.19831371],[0.99128908],[1.76056631]
[3.13139856],[1.07520754],[2.95183119]
[4.05615777],[1.30723814],[4.45570572]
[4.65417587],[1.42456375],[5.29639591]
[5.22556616],[1.49879947],[6.04814008]
[5.30380027],[1.55125232],[6.39284205]
[5.71928766],[1.60185416],[7.02620057]
[5.8064724],[1.62923339],[7.27277957]
[6.1331777],[1.65745389],[7.81486728]
[6.11939218],[1.67383877],[8.0053245]
[6.285981],[1.69179833],[8.58465313]
[6.31268875],[1.71191715],[8.76212853]
[6.53816625],[1.74003237],[9.21958834]
[6.59520519],[1.76745423],[9.44858217]
[6.93325032],[1.83585638],[9.96392306]
[7.0335794],[1.87401527],[10.27096197]
[7.53662581],[1.94070987],[10.82655192]
[7.78742709],[1.97742378],[11.19900498]
[8.23665239],[2.03420427],[11.83817244]
[8.42807979],[2.08899118],[12.31208882]
[8.78425402],[2.12977637],[13.00537355]
[8.85745956],[2.1736891],[13.48860589]
[9.08332609],[2.19325878],[14.18659965]
[9.17564424],[2.22117152],[14.55512067]
[9.36494927],[2.22930868],[15.16752308]
[9.43111826],[2.25382426],[15.46738719]
[9.65533868],[2.26332077],[15.93922832]
[9.63976294],[2.28529649],[16.13961987]
[9.78878168],[2.28803844],[16.44825007]
[9.81207883],[2.31112175],[16.66339857]
[9.88226047],[2.31683351],[16.84716438]
[9.90272212],[2.33590932],[17.06478276]
[9.96712169],[2.34467913],[17.23997976]
[9.96524591],[2.35405104],[17.44040402]
[10.01962652],[2.36162829],[17.60156519]
[9.96031496],[2.36774696],[17.65857099]
[9.98840128],[2.3736762],[17.61838964]
[9.92801895],[2.36538428],[17.53774182]
[9.95685443],[2.34747071],[17.42619323]
[9.88702552],[2.33029645],[17.27264961]
[9.90411927],[2.31281557],[17.14091971]
[9.84538288],[2.29430989],[16.95781906]
[9.82730388],[2.27486228],[16.76665764]
[9.8230977],[2.25678431],[16.56518791]
[9.81992236],[2.23851455],[16.34567619]
[9.83000762],[2.21876331],[16.09224528]
[9.80730176],[2.20335746],[15.78583585]
[9.79213827],[2.1901494],[15.5000715]
[9.70783855],[2.17583645],[15.20085224]
[9.57356948],[2.15936312],[14.86081069]
[9.45328208],[2.14130247],[14.53376141]
[9.19467363],[2.11818753],[14.09852877]
[8.32405197],[2.09263242],[12.69669135]
[7.46434954],[2.06700969],[11.08390126]
[6.59701815],[2.03966874],[9.38677886]
[2.19351959],[1.00526235],[1.78699885]
[3.13083048],[1.1240978],[3.02833049]
[4.05484741],[1.33681233],[4.58017637]
[4.6477675],[1.44665436],[5.46226812]
[5.30120235],[1.5197777],[6.24127561]
[5.37241675],[1.57437214],[6.58516409]
[5.77214764],[1.62758784],[7.23028167]
[5.88474086],[1.65557089],[7.51731973]
[6.20083893],[1.69541581],[8.14809362]
[6.20841161],[1.7148132],[8.39914248]
[6.36747743],[1.74516036],[9.04954513]
[6.43820816],[1.77540374],[9.33667787]
[6.73202706],[1.84842039],[9.88438775]
[6.81524042],[1.88465308],[10.21211386]
[7.29875049],[1.95131118],[10.76189069]
[7.49662302],[1.98983999],[11.07092092]
[7.9562991],[2.04083642],[11.69686869]
[8.20434042],[2.08281486],[12.20405293]
[8.68068564],[2.12663791],[12.9327772]
[8.84133577],[2.18105456],[13.46164748]
[9.17187042],[2.2120773],[14.20243397]
[9.29291351],[2.25138935],[14.71064329]
[9.45552512],[2.26630833],[15.38654208]
[9.52660827],[2.29092407],[15.83486666]
[9.75143389],[2.29892657],[16.52740461]
[9.77796252],[2.32268574],[16.94824131]
[10.04151771],[2.33348425],[17.53882256]
[10.02942433],[2.35393446],[17.83786429]
[10.20636026],[2.35873159],[18.29468199]
[10.20633478],[2.38256354],[18.52651354]
[10.28429362],[2.39714604],[18.81584617]
[10.30370009],[2.41449721],[19.05565326]
[10.35330903],[2.43904364],[19.33387652]
[10.3850271],[2.45418398],[19.57256099]
[10.40457895],[2.45953668],[19.80621753]
[10.38095522],[2.4652843],[19.92052019]
[10.38749869],[2.47413402],[19.96561322]
[10.38034479],[2.48138318],[19.89204619]
[10.39055061],[2.44981743],[19.8199359]
[10.37637909],[2.42830501],[19.6723511]
[10.37826031],[2.40694759],[19.53459062]
[10.37997161],[2.38391553],[19.33576706]
[10.35255344],[2.35508453],[19.10064782]
[10.35031487],[2.33410439],[18.86663886]
[10.34785525],[2.31717038],[18.60056458]
[10.35654777],[2.29892284],[18.2865757]
[10.34002167],[2.28145588],[17.95850504]
[10.33541838],[2.26362365],[17.60677676]
[10.30176564],[2.25051843],[17.24632072]
[10.19456554],[2.23609223],[16.86060961]
[10.07235873],[2.2199891],[16.48584363]
[9.78829513],[2.19830453],[15.97094864]
[8.91903792],[2.17487413],[14.49536956]
[8.0594599],[2.15144485],[12.80328268]
[7.19321812],[2.12698032],[11.0359542]
[2.23180421],[1.00765958],[1.81129634]
[3.14457478],[1.14409986],[3.08677333]
[4.05464272],[1.35570021],[4.68416885]
[4.6644667],[1.46631796],[5.6335003]
[5.32469971],[1.54978871],[6.44880744]
[5.40939676],[1.61479112],[6.85840756]
[5.79081159],[1.67246428],[7.5358462]
[5.92396216],[1.70478246],[7.88168533]
[6.21696899],[1.74393004],[8.57340917]
[6.25913686],[1.77467246],[8.88734266]
[6.4445716],[1.84913951],[9.60522723]
[6.56012258],[1.89170882],[10.05370456]
[6.87925806],[1.95904082],[10.59929656]
[6.97943258],[1.99424436],[10.9297484]
[7.4939592],[2.04609473],[11.50739838]
[7.73803491],[2.08931481],[11.92575727]
[8.18589033],[2.1287561],[12.62109988]
[8.42507001],[2.17441668],[13.2104981]
[8.84868504],[2.20691488],[13.97821023]
[9.04911188],[2.25638408],[14.56263645]
[9.37252258],[2.28445816],[15.3430572]
[9.501701],[2.32264599],[15.91387009]
[9.68460518],[2.33863795],[16.63159295]
[9.75886354],[2.3636145],[17.29514628]
[10.00485667],[2.38089701],[18.11973816]
[10.03406944],[2.40713456],[18.70083632]
[10.28837826],[2.43680749],[19.46538511]
[10.3320725],[2.46196495],[19.88779063]
[10.48204807],[2.48333252],[20.43699367]
[10.58124182],[2.50996871],[20.80131937]
[10.58876628],[2.54581925],[21.13044962]
[10.70087358],[2.57790026],[21.50250757]
[10.72785144],[2.61931056],[21.82633124]
[10.82708583],[2.63494877],[22.15095331]
[10.84049272],[2.64262029],[22.38927268]
[10.93238508],[2.64801637],[22.60325141]
[10.94622554],[2.65372624],[22.65668987]
[10.97216486],[2.65620395],[22.65578173]
[10.92483503],[2.62015664],[22.51511211]
[10.94730507],[2.58263486],[22.40899535]
[10.90273161],[2.54485089],[22.19817339]
[10.91537745],[2.50938202],[22.02430975]
[10.87001569],[2.46719124],[21.70547213]
[10.84830706],[2.43885972],[21.43785524]
[10.84084175],[2.41103321],[21.15509505]
[10.82574618],[2.38039293],[20.81511037]
[10.82730311],[2.35628266],[20.45270688]
[10.8253189],[2.33778731],[20.0670408]
[10.821637],[2.32098981],[19.65537954]
[10.76951606],[2.30317946],[19.18439661]
[10.63228073],[2.28839884],[18.73344608]
[10.30364911],[2.27012549],[18.1313676]
[9.43617186],[2.24938604],[16.54667055]
[8.58588492],[2.22877483],[14.75711872]
[7.73375894],[2.20712598],[12.85167367]
[2.30595094],[1.01352924],[1.95916047]
[3.18074498],[1.15372101],[3.15727257]
[4.0563929],[1.37009695],[4.73937064]
[4.70211258],[1.4869366],[5.77939691]
[5.35758915],[1.58222387],[6.61314446]
[5.46680691],[1.64627557],[7.08107257]
[5.81505892],[1.70533468],[7.75099642]
[5.97900552],[1.74074591],[8.1790417]
[6.2461784],[1.78073798],[8.90564751]
[6.36936866],[1.87859703],[9.35316867]
[6.55417867],[1.95007441],[10.0898985]
[6.70507354],[1.99423186],[10.63441339]
[7.01613534],[2.04612442],[11.18056154]
[7.21683523],[2.08983617],[11.54908314]
[7.67108278],[2.12902252],[12.18764418]
[7.95232368],[2.17997915],[12.75141947]
[8.3867169],[2.21116905],[13.48581814]
[8.6223862],[2.25778584],[14.11520115]
[8.98134466],[2.28872862],[14.95188503]
[9.22871422],[2.33451464],[15.62572922]
[9.51275151],[2.36549476],[16.43282958]
[9.68374182],[2.39929864],[17.23116316]
[9.85572907],[2.44811321],[18.06362264]
[9.94539278],[2.47831687],[18.84764578]
[10.18430998],[2.52914304],[19.85093402]
[10.30015583],[2.57063155],[20.63689919]
[10.48266971],[2.6162151],[21.54331483]
[10.68684785],[2.64929524],[22.20467749]
[10.82150858],[2.67926648],[22.87731948]
[10.98916321],[2.70390502],[23.36947703]
[11.00712607],[2.73075928],[23.7012184]
[11.10779693],[2.75605154],[24.15120713]
[11.16622385],[2.78699419],[24.15609864]
[11.23663253],[2.79395066],[24.77584628]
[11.31815346],[2.8009728],[25.02749134]
[11.37156789],[2.804125],[25.24350587]
[11.47239357],[2.80750917],[25.36312947]
[11.43626594],[2.80556878],[25.36034243]
[11.45179815],[2.78093105],[25.24943502]
[11.40675579],[2.74927493],[25.11280123]
[11.43099324],[2.71481333],[24.9414956]
[11.37953205],[2.6781492],[24.74199735]
[11.3875945],[2.63868162],[24.48879244]
[11.33743875],[2.59522611],[24.19511581]
[11.3195148],[2.54732015],[23.8969447]
[11.29507616],[2.49728863],[23.54883842]
[11.28692859],[2.45506996],[23.16039216]
[11.30129976],[2.42850385],[22.73522846]
[11.31173643],[2.40069571],[22.28417711]
[11.30657996],[2.3741118],[21.76809641]
[11.21742981],[2.35383212],[21.22090109]
[10.79196449],[2.3343422],[20.46030232]
[9.90666713],[2.31605206],[18.70760639]
[9.05989611],[2.29782569],[16.78773249]
[8.21023464],[2.27878579],[14.73776902]
[2.36343251],[1.01991869],[2.07122401]
[3.21162794],[1.16462864],[3.22435669]
[4.05999149],[1.3856367],[4.81837326]
[4.74011437],[1.50165676],[5.91614783]
[5.37253455],[1.60623345],[6.76162452]
[5.51738441],[1.6691384],[7.2568468]
[5.84285757],[1.7276662],[7.92819734]
[6.05421369],[1.76517283],[8.43579258]
[6.30015948],[1.84356948],[9.17955408]
[6.48243237],[1.94500047],[9.74605782]
[6.67330939],[2.01496551],[10.51083317]
[6.84158974],[2.06981944],[11.13373487]
[7.16842775],[2.11537245],[11.70287526]
[7.44816403],[2.16488118],[12.2318208]
[7.84083624],[2.19860567],[12.92815731]
[8.15494781],[2.2492762],[13.53188849]
[8.58618615],[2.2776578],[14.27909912]
[8.8330534],[2.32288309],[15.04786122]
[9.13981117],[2.35428741],[15.89107961]
[9.42643031],[2.39775303],[16.66805981]
[9.70019334],[2.45289729],[17.62367923]
[9.91760991],[2.52501959],[18.52707364]
[10.11027117],[2.60415334],[19.52752116]
[10.21697828],[2.65095622],[20.51149879]
[10.41098917],[2.69743107],[21.64259797]
[10.61256809],[2.73489828],[22.57552859]
[10.79330188],[2.77546722],[23.53833122]
[11.02007915],[2.79957202],[24.2729744]
[11.19017469],[2.82548479],[25.02023606]
[11.35414256],[2.84576605],[25.61252439]
[11.43540424],[2.86568347],[25.98455073]
[11.48883174],[2.88552535],[26.38023488]
[11.6052088],[2.90533632],[26.70945722]
[11.65677168],[2.91153496],[27.01082757]
[11.78591186],[2.91750764],[27.33863368]
[11.85212296],[2.91954572],[27.54226014]
[11.93569783],[2.92181071],[27.73658577]
[11.94878505],[2.91785634],[27.70915533]
[11.93268295],[2.90145855],[27.65654291]
[11.91081685],[2.87727441],[27.46106093]
[11.90513831],[2.85088485],[27.34485813]
[11.88002762],[2.82329998],[27.09842644]
[11.86350358],[2.78978971],[26.88716038]
[11.83944539],[2.75234158],[26.5949224]
[11.8004972],[2.71124517],[26.28741069]
[11.77411811],[2.66970319],[25.9416534]
[11.76390917],[2.62772271],[25.57124377]
[11.77913174],[2.58629508],[25.1635999]
[11.79190168],[2.53857271],[24.69798937]
[11.79763313],[2.48484463],[24.11676515]
[11.78254674],[2.44476164],[23.50100602]
[11.3613679],[2.41138959],[22.59350902]
[10.43603016],[2.37820105],[20.69675205]
[9.51112091],[2.34937155],[18.64819114]
[8.59927058],[2.33046825],[16.44626626]
[2.35497563],[1.02855322],[2.07478126]
[3.21748823],[1.18879121],[3.29773038]
[4.06248879],[1.41356378],[4.9161965]
[4.74588882],[1.52382181],[6.03839679]
[5.39803503],[1.63633955],[6.94878134]
[5.56900286],[1.69665317],[7.45261055]
[5.8961788],[1.75560262],[8.19798047]
[6.12868267],[1.79517065],[8.73887493]
[6.37928931],[1.90899228],[9.53603609]
[6.60451621],[2.01313343],[10.24315004]
[6.83069395],[2.07446093],[11.00889136]
[6.98311903],[2.13772538],[11.64033424]
[7.40328267],[2.17687714],[12.33205759]
[7.72250312],[2.22813821],[12.95803122]
[8.13030706],[2.25912973],[13.70209963]
[8.43065796],[2.30842665],[14.36215188]
[8.81944407],[2.33742232],[15.18567818]
[9.09023293],[2.38088469],[16.02866562]
[9.3523772],[2.42258259],[16.905906]
[9.63211095],[2.48828064],[17.82008675]
[9.92608796],[2.57866478],[18.88802893]
[10.13854714],[2.65557445],[19.9190846]
[10.33828063],[2.72791832],[21.12551759]
[10.47301906],[2.76832571],[22.0760759]
[10.63345827],[2.80692919],[23.27900504]
[10.89272666],[2.83848958],[24.23723056]
[11.07202146],[2.87117308],[25.15623537]
[11.28997016],[2.89197437],[25.98537784]
[11.48959745],[2.91416146],[26.77633496]
[11.6581329],[2.93149661],[27.4168497]
[11.79035665],[2.94961459],[27.89050426]
[11.89608095],[2.96815151],[28.28399498]
[12.0087777],[2.97831971],[28.7127603]
[12.12570756],[2.98640888],[29.05013076]
[12.21211137],[2.99123011],[29.4069886]
[12.35746821],[2.99589551],[29.66145557]
[12.4028258],[2.99649961],[29.84178715]
[12.47442819],[2.98711323],[29.90026803]
[12.41715151],[2.97313989],[29.82736899]
[12.44552677],[2.95205416],[29.6783147]
[12.38551418],[2.92893623],[29.49778102]
[12.41839519],[2.90444475],[29.27745634]
[12.34638702],[2.87702845],[28.97676214]
[12.37317536],[2.84722292],[28.71647942]
[12.30925403],[2.81348238],[28.36931703]
[12.28062267],[2.77485557],[27.9990813]
[12.25979261],[2.73467952],[27.61964325]
[12.24177063],[2.69465824],[27.22981602]
[12.22663856],[2.65293403],[26.76474252]
[12.22379162],[2.60819683],[26.21165372]
[12.24287926],[2.56054305],[25.59683559]
[11.94004997],[2.5216626],[24.64633396]
[11.01401923],[2.49155682],[22.62524971]
[10.09300134],[2.45473217],[20.42562485]
[9.14522441],[2.39592619],[18.12478511]
[2.37788444],[1.02461003],[2.10569462]
[3.23675576],[1.22216237],[3.43290047]
[4.06670583],[1.45433371],[5.06706022]
[4.76616152],[1.56394846],[6.24084832]
[5.47566859],[1.67473037],[7.23975125]
[5.66288595],[1.72973471],[7.79153465]
[5.97108096],[1.78655468],[8.54306294]
[6.23242437],[1.85603019],[9.13852672]
[6.51993389],[1.96726358],[9.98094379]
[6.75489708],[2.07378745],[10.76003257]
[7.01184885],[2.13027034],[11.52225828]
[7.25510213],[2.19692399],[12.22554574]
[7.65798325],[2.23218322],[13.02179306]
[8.0004118],[2.28125162],[13.66989982]
[8.41383114],[2.31288879],[14.44338175]
[8.68821271],[2.36003985],[15.18681379]
[9.01689776],[2.38829682],[16.1022684]
[9.32730873],[2.4487538],[16.96207773]
[9.56136867],[2.53458639],[17.96698333]
[9.82678749],[2.61494406],[19.023805]
[10.13902764],[2.70496337],[20.22045543]
[10.36605543],[2.77217375],[21.41319348]
[10.55869961],[2.83004906],[22.59320472]
[10.7377831],[2.86450814],[23.65889009]
[10.85094782],[2.89693481],[24.78976887]
[11.1220592],[2.92520949],[25.8013201]
[11.35725564],[2.95136404],[26.8366355]
[11.55339486],[2.97067266],[27.61482207]
[11.78679102],[2.99326449],[28.64600173]
[12.00027875],[3.01093737],[29.3379538]
[12.15720455],[3.02976052],[29.98964557]
[12.31651429],[3.04665948],[30.4620122]
[12.37664994],[3.05843917],[30.8797995]
[12.52437595],[3.07277238],[31.26318114]
[12.60165131],[3.07585273],[31.59433908]
[12.72902412],[3.0752785],[31.87827168]
[12.8251779],[3.07495966],[32.02587393]
[12.85686601],[3.06770929],[32.09861203]
[12.856217],[3.049423],[32.01953315]
[12.84325048],[3.03287273],[31.8750546]
[12.85169619],[3.00447836],[31.67501709]
[12.83142525],[2.9726797],[31.47429255]
[12.84225777],[2.94842669],[31.17214533]
[12.82221557],[2.92290855],[30.90172631]
[12.83671361],[2.89393413],[30.56125344]
[12.79161983],[2.86296103],[30.19022471]
[12.77161391],[2.83127605],[29.80771171]
[12.75361467],[2.79616358],[29.40963769]
[12.73588041],[2.75827147],[28.9622997]
[12.71132641],[2.71818497],[28.39581422]
[12.68154078],[2.67591792],[27.82781334]
[12.33691704],[2.63344503],[26.86007174]
[11.50694062],[2.59612838],[24.71870341]
[10.59768339],[2.56014938],[22.41116241]
[9.6674236],[2.51347322],[19.99540513]
[2.42537664],[1.03654009],[2.20052555]
[3.26117438],[1.27541096],[3.59886191]
[4.07401762],[1.49951888],[5.2389753]
[4.78737062],[1.60394478],[6.45101567]
[5.57862725],[1.71145876],[7.5513402]
[5.78487408],[1.76250616],[8.17130249]
[6.06880487],[1.81977559],[8.92387671]
[6.34977881],[1.93814619],[9.63935471]
[6.67886152],[2.03144945],[10.54370366]
[6.92544417],[2.13531896],[11.32093635]
[7.24435891],[2.18570743],[12.08934701]
[7.58953136],[2.24972364],[12.94021229]
[7.93593138],[2.28411617],[13.73435525]
[8.29375101],[2.33275071],[14.4774866]
[8.68758404],[2.36372551],[15.27179059]
[8.95259333],[2.40878368],[16.15145636]
[9.22170077],[2.47547351],[17.065585]
[9.5427138],[2.56366209],[18.07813212]
[9.78800442],[2.66151146],[19.27215734]
[10.04276458],[2.74269239],[20.40842266]
[10.33546988],[2.82370011],[21.74126344]
[10.61219279],[2.8797717],[22.90579543]
[10.78835139],[2.92057485],[24.18177609]
[11.00176907],[2.94952691],[25.21225644]
[11.11042236],[2.9802808],[26.30407994]
[11.34844211],[3.00711835],[27.40149929]
[11.64135462],[3.0274379],[28.50520811]
[11.85385295],[3.0535617],[29.38712337]
[12.09146683],[3.08450728],[30.51474117]
[12.35190561],[3.10338185],[31.36831635]
[12.50781022],[3.12020455],[32.08061359]
[12.67974036],[3.1339713],[32.65106624]
[12.76998678],[3.14659298],[33.06620839]
[12.87694664],[3.15897122],[33.53531757]
[12.99857761],[3.15790488],[33.9035629]
[13.08421703],[3.15669129],[34.25103344]
[13.22704515],[3.15565738],[34.47113334]
[13.22960588],[3.14962437],[34.57607974]
[13.25602858],[3.14717272],[34.54052353]
[13.21814561],[3.13060177],[34.32707191]
[13.24869812],[3.10087125],[34.09955491]
[13.20452817],[3.06779864],[33.83112089]
[13.23357725],[3.03163097],[33.54546047]
[13.19838085],[2.99782641],[33.20716386]
[13.22383105],[2.96353438],[32.89996963]
[13.19107698],[2.93391409],[32.47872202]
[13.17866274],[2.9065079],[32.08892378]
[13.17614139],[2.87621928],[31.65545312]
[13.17129399],[2.84510623],[31.21384862]
[13.16540344],[2.81027312],[30.69272875]
[13.15618433],[2.77247142],[30.10863356]
[12.90134797],[2.73194232],[29.14831199]
[11.97997351],[2.69543053],[26.93329348]
[11.05304646],[2.65325907],[24.47752439]
[10.1230527],[2.60617187],[21.95442178]
[2.45815393],[1.05709825],[2.29022418]
[3.28225035],[1.33655354],[3.7613677]
[4.08086985],[1.54113754],[5.39943918]
[4.80040819],[1.64292234],[6.64236852]
[5.5896478],[1.74265948],[7.85656455]
[5.90042396],[1.7915107],[8.52494552]
[6.18957171],[1.87805377],[9.32500565]
[6.50947831],[2.00308362],[10.15421774]
[6.83894865],[2.08554164],[11.05192426]
[7.091217],[2.18399843],[11.83385288]
[7.51472722],[2.23552012],[12.69559331]
[7.90240287],[2.29752004],[13.60166824]
[8.24415562],[2.33288564],[14.41459719]
[8.5761517],[2.37744104],[15.28355529]
[8.89616304],[2.4143974],[16.2052774]
[9.19632281],[2.48686285],[17.06390113]
[9.42637041],[2.58349394],[18.059673]
[9.74326802],[2.67079314],[19.28237209]
[10.01460229],[2.77091187],[20.51977161]
[10.2641845],[2.84482],[21.79153135]
[10.53189028],[2.9147446],[23.14636464]
[10.85062075],[2.96574529],[24.37167184]
[11.0208103],[3.00041429],[25.61389078]
[11.23814053],[3.02847654],[26.69347832]
[11.38924902],[3.05711828],[27.92050513]
[11.57391754],[3.08889159],[28.99033601]
[11.89743611],[3.11901765],[30.22589083]
[12.18876411],[3.14480168],[31.23428398]
[12.40265348],[3.17518711],[32.42528772]
[12.67383445],[3.19112509],[33.41018904]
[12.86463555],[3.20668011],[34.18558221]
[13.03702898],[3.21909626],[34.94631929]
[13.17563146],[3.23158015],[35.46179086]
[13.2369845],[3.24627323],[35.95058407]
[13.37541745],[3.25708759],[36.39633232]
[13.47053927],[3.26871505],[36.7258964]
[13.58428725],[3.26388005],[36.99932702]
[13.64788022],[3.26114603],[37.10554451]
[13.62661052],[3.25580919],[37.13229633]
[13.63187795],[3.2496034],[36.92007494]
[13.61511881],[3.22348853],[36.69681834]
[13.61760282],[3.21159407],[36.39605807]
[13.59517406],[3.16809029],[36.09637327]
[13.60953094],[3.11033015],[35.73585471]
[13.58580634],[3.06435145],[35.39938773]
[13.59721523],[3.03342273],[34.98510758]
[13.56002105],[3.0013298],[34.57692769]
[13.55689082],[2.96961308],[34.14557893]
[13.55150974],[2.93688711],[33.67175826]
[13.54299499],[2.90031119],[33.11650117]
[13.53660061],[2.86664935],[32.51715392]
[13.26668594],[2.832649],[31.48250811]
[12.44420911],[2.79575682],[29.23177261]
[11.50816178],[2.75863589],[26.70537811]
[10.57545191],[2.71466949],[24.06923856]
[2.45758614],[1.08466487],[2.34136942]
[3.28683034],[1.39365421],[3.92149843]
[4.08447282],[1.58556093],[5.55809787]
[4.80221143],[1.68338993],[6.84627341]
[5.59513318],[1.77472437],[8.20262305]
[6.00914298],[1.83953159],[8.88144943]
[6.28524279],[1.93776769],[9.73218685]
[6.67689171],[2.05586393],[10.69122874]
[7.01184971],[2.1366143],[11.55269844]
[7.35824327],[2.22999026],[12.37688102]
[7.79289375],[2.28269743],[13.37171073]
[8.18366863],[2.34279349],[14.24691429]
[8.56342844],[2.37751618],[15.1470918]
[8.83179013],[2.41890167],[16.12882382]
[9.10623867],[2.49154956],[17.09982682]
[9.41920968],[2.57680015],[18.00648765]
[9.65570071],[2.6846035],[19.24037983]
[9.94487984],[2.77387937],[20.4551412]
[10.2328679],[2.86055476],[21.8720413]
[10.49653032],[2.92704234],[23.08687045]
[10.73342544],[2.98824229],[24.49734767]
[11.05741922],[3.03435208],[25.68998448]
[11.26554654],[3.07835582],[26.95425676]
[11.48003803],[3.11196598],[28.16910967]
[11.67166527],[3.14652573],[29.41450993]
[11.87409076],[3.17600876],[30.56717215]
[12.15321975],[3.20723809],[31.95759885]
[12.52095906],[3.23506396],[33.15761058]
[12.7734738],[3.26767298],[34.40229752]
[12.98562046],[3.28877158],[35.52885122]
[13.25793917],[3.32308826],[36.56879274]
[13.39734418],[3.37379897],[37.39514218]
[13.53666199],[3.40598641],[38.02812871]
[13.64474764],[3.44252428],[38.54121603]
[13.7367713],[3.44160991],[39.07822797]
[13.87963281],[3.43898729],[39.45166916]
[13.94551707],[3.43459502],[39.71981161]
[14.05802758],[3.42844481],[39.89315323]
[14.00013996],[3.41378308],[39.88081408]
[14.04688655],[3.39106698],[39.72120055]
[13.99413596],[3.37178707],[39.41227125]
[14.03157871],[3.35359454],[39.11860435]
[13.97109668],[3.32371346],[38.74164973]
[14.02214831],[3.27672028],[38.44044647]
[13.96893203],[3.22661272],[38.02352356]
[14.00880365],[3.16850544],[37.63347807]
[13.96367085],[3.11218799],[37.11262154]
[13.95715636],[3.0766219],[36.65580033]
[13.95348198],[3.04582269],[36.13603503]
[13.94178803],[3.01205786],[35.50908791]
[13.94028418],[2.9792179],[34.9450328]
[13.65001078],[2.94537984],[33.88891833]
[12.90552632],[2.90626485],[31.64064096]
[11.96813455],[2.86125808],[29.04195406]
[11.04037051],[2.81151676],[26.27481274]
[2.47086867],[1.12103245],[2.39216591]
[3.29177779],[1.4459459],[4.0737018]
[4.08819071],[1.62498404],[5.72338361]
[4.80865973],[1.72234791],[7.06569844]
[5.6003897],[1.80587833],[8.50050634]
[6.14467529],[1.90469459],[9.30027608]
[6.34673411],[1.99353078],[10.21761206]
[6.81754065],[2.10484133],[11.18175945]
[7.17061026],[2.19031571],[12.0381072]
[7.59128428],[2.27164048],[13.02861196]
[8.02864763],[2.32637096],[13.98294818]
[8.43949462],[2.38392049],[14.90090347]
[8.77810167],[2.4218622],[15.9828866]
[9.05233407],[2.4903665],[16.95149884]
[9.29032153],[2.58528783],[18.01768406]
[9.60339605],[2.67981232],[19.16872183]
[9.86285434],[2.7795989],[20.39365725]
[10.1303714],[2.85778483],[21.71172591]
[10.41662381],[2.93317479],[23.15262359]
[10.70981137],[2.99234493],[24.37666112]
[10.92159725],[3.04679494],[25.72801708]
[11.24280129],[3.10523472],[26.94007553]
[11.50858125],[3.15346111],[28.34835241]
[11.74250142],[3.18678685],[29.55599296]
[11.95779997],[3.22497755],[30.93587988]
[12.20706338],[3.25782704],[32.26924882]
[12.41731194],[3.30590267],[33.70758348]
[12.78572268],[3.36452463],[35.07012808]
[13.13265873],[3.4193686],[36.48031024]
[13.30187333],[3.45719707],[37.69126027]
[13.57412739],[3.49932195],[38.83118744]
[13.7740319],[3.53382211],[39.75125069]
[13.90074301],[3.5614388],[40.54002173]
[14.05730036],[3.57488042],[41.12694433]
[14.12570762],[3.58127682],[41.61003208]
[14.27934091],[3.58096098],[42.08996459]
[14.38743541],[3.57617082],[42.36859252]
[14.47255549],[3.57134902],[42.6524116]
[14.47865355],[3.55163015],[42.65188927]
[14.46469972],[3.51577172],[42.59832162]
[14.46206521],[3.49543349],[42.23647909]
[14.44320315],[3.4806494],[41.91023478]
[14.44407406],[3.44661014],[41.40384061]
[14.43611001],[3.40576825],[41.10267342]
[14.45207007],[3.3635329],[40.66230811]
[14.43773162],[3.31482856],[40.29002453]
[14.45417954],[3.26749922],[39.7746742]
[14.42807993],[3.21552999],[39.26592525]
[14.43133087],[3.1706484],[38.77608503]
[14.43327167],[3.12372843],[38.17804807]
[14.43181366],[3.08333737],[37.56164709]
[14.14856207],[3.05208565],[36.50915584]
[13.41297411],[3.01604416],[34.14234209]
[12.66244951],[2.97618691],[31.55148035]
[11.68178432],[2.92585132],[28.72818913]
[2.495707],[1.19796066],[2.5056934]
[3.30204992],[1.50194972],[4.23946982]
[4.09503202],[1.66670816],[5.92075961]
[4.81930721],[1.76271552],[7.31069688]
[5.60648556],[1.8367034],[8.81508433]
[6.25567988],[1.97156099],[9.79301452]
[6.53070325],[2.05660683],[10.78991463]
[6.98486277],[2.15943448],[11.74944678]
[7.3912231],[2.25387397],[12.68230645]
[7.84498903],[2.3167768],[13.69826655]
[8.27767203],[2.37993904],[14.64542007]
[8.6867367],[2.42573693],[15.70922004]
[8.97628904],[2.49919427],[16.84027823]
[9.28127177],[2.57536001],[17.85650345]
[9.50282975],[2.6932914],[19.16625211]
[9.80188481],[2.77825995],[20.36099026]
[10.08471736],[2.86392593],[21.73508807]
[10.35488184],[2.93298811],[23.02827547]
[10.60906752],[2.9980861],[24.46790797]
[10.9271451],[3.0512448],[25.69353854]
[11.14753352],[3.11813244],[27.01214146]
[11.45594495],[3.18516218],[28.39904204]
[11.76985172],[3.22868828],[29.82157954]
[12.06757382],[3.25966947],[31.10885175]
[12.25849629],[3.30257831],[32.59435506]
[12.533866],[3.36431325],[34.05601317]
[12.72020693],[3.4267642],[35.54396647]
[13.05140735],[3.47680683],[36.9627801]
[13.47227857],[3.53660471],[38.51698701]
[13.66228193],[3.57416819],[39.67913806]
[13.91889338],[3.62853942],[40.99562672]
[14.14179603],[3.67051963],[42.09707185]
[14.30241101],[3.69903603],[42.90122738]
[14.45789265],[3.71517123],[43.75942695]
[14.58748734],[3.72561762],[44.37246055]
[14.69991429],[3.72017194],[44.9851132]
[14.8909371],[3.71484358],[45.38732042]
[15.02357623],[3.70194466],[45.73111902]
[15.07594754],[3.67704423],[45.9279768]
[15.06315209],[3.64619657],[45.95412871]
[15.06599075],[3.63284475],[45.76128646]
[15.04642274],[3.61604779],[45.2413038]
[15.04831593],[3.58451429],[44.73230392]
[15.03349118],[3.54393259],[44.19015273]
[15.04225842],[3.49326333],[43.76310322]
[15.04328561],[3.44119255],[43.26072684]
[15.05100944],[3.39407799],[42.8315957]
[15.0670215],[3.35224534],[42.27618121]
[15.04998697],[3.30674792],[41.75375492]
[15.05868443],[3.26476246],[41.13695425]
[15.06540371],[3.22509387],[40.454869]
[14.7582687],[3.18431207],[39.34707754]
[14.0307437],[3.13988397],[37.02836783]
[13.30273547],[3.09620058],[34.3514565]
[12.51152897],[3.05387548],[31.43781321]
[2.51565433],[1.27219564],[2.6389818]
[3.31238519],[1.55195882],[4.39614793]
[4.10110411],[1.70470569],[6.10567146]
[4.83101911],[1.79413395],[7.51748102]
[5.61234908],[1.87034565],[9.11020918]
[6.33468519],[2.02640742],[10.32779725]
[6.75195356],[2.11783973],[11.31282495]
[7.14814257],[2.21128743],[12.28245021]
[7.61175451],[2.30712432],[13.36067441]
[8.07153635],[2.36749061],[14.32193298]
[8.51905693],[2.43430987],[15.33313159]
[8.88481373],[2.5069803],[16.5532409]
[9.17172489],[2.60466201],[17.75931165]
[9.49076613],[2.69587858],[18.97783286]
[9.7289232],[2.79738967],[20.41828884]
[9.99784609],[2.86980211],[21.67186388]
[10.28385617],[2.94258735],[23.1380829]
[10.57454137],[3.00328837],[24.39530957]
[10.80586147],[3.06006003],[25.82135132]
[11.13128353],[3.12266541],[27.05491488]
[11.38972959],[3.19702456],[28.49335529]
[11.68853445],[3.26081013],[29.90118166]
[12.01778112],[3.30519073],[31.36927595]
[12.39680354],[3.36171348],[32.84052119]
[12.57734068],[3.42764561],[34.38932266]
[12.83722238],[3.47984362],[35.94107265]
[13.05477137],[3.53900838],[37.45810063]
[13.35039999],[3.59338888],[38.91332016]
[13.7756185],[3.66040647],[40.48999478]
[14.0457516],[3.70588076],[41.84287301]
[14.29198584],[3.76006868],[43.22676391]
[14.49956616],[3.79538087],[44.54565517]
[14.79934995],[3.81827533],[45.65256376]
[14.96323619],[3.83322687],[46.53189147]
[15.15939845],[3.83926121],[47.40977503]
[15.35925286],[3.8359522],[48.18868358]
[15.50309366],[3.83304587],[48.85555131]
[15.70025552],[3.81159965],[49.33956273]
[15.76556835],[3.78521407],[49.69174755]
[15.78535006],[3.77467696],[49.88638924]
[15.75729897],[3.76940782],[49.8410654]
[15.76120718],[3.75442726],[49.58322401]
[15.73978442],[3.73229163],[48.99102242]
[15.75248544],[3.70053],[48.37601425]
[15.73105712],[3.64606093],[47.80013435]
[15.74394528],[3.58475293],[47.20979502]
[15.7319746],[3.53020175],[46.59276293]
[15.75371931],[3.48072563],[46.04450713]
[15.74679466],[3.43095321],[45.34849801]
[15.75289022],[3.38777666],[44.66557831]
[15.76404933],[3.35196921],[43.94765302]
[15.42367381],[3.31650051],[42.66289532]
[14.70075466],[3.27831807],[40.2124177]
[13.97768444],[3.2405217],[37.49848927]
[13.25420133],[3.20250087],[34.53798565]
[2.51715059],[1.01577031],[2.04104806]
[3.31462279],[1.259782],[3.55006369]
[4.10629093],[1.38979848],[5.13262195]
[4.83420612],[1.49546729],[6.47540826]
[5.61723237],[1.71623799],[8.09572863]
[6.34053698],[1.82141723],[9.42713561]
[6.98848027],[1.90760844],[10.36631533]
[7.41102311],[1.98546759],[11.3992125]
[7.84424087],[2.06462213],[12.42979532]
[8.29748276],[2.12981754],[13.34490548]
[8.72782823],[2.23819017],[14.47052112]
[9.08828357],[2.36349463],[15.68294801]
[9.37225733],[2.47780415],[16.95645747]
[9.68908897],[2.5582193],[18.2682783]
[9.96030996],[2.6363267],[19.7707841]
[10.21226012],[2.69260418],[21.03484951]
[10.48632817],[2.75356126],[22.46125342]
[10.80266442],[2.79983169],[23.71320858]
[11.02588855],[2.87136903],[25.08221806]
[11.34635543],[2.93447288],[26.45477267]
[11.64801344],[3.00617205],[27.86540182]
[11.98000857],[3.08665857],[29.24830805]
[12.27024248],[3.20237696],[30.88422349]
[12.64816671],[3.25717875],[32.41911942]
[12.91797627],[3.31923273],[34.01795173]
[13.13097353],[3.3811062],[35.60525708]
[13.39054589],[3.44025649],[37.20305213]
[13.68907317],[3.4974423],[38.64027744]
[14.09021557],[3.5539736],[40.3275416]
[14.3611264],[3.5946666],[41.76965814]
[14.70166216],[3.64372813],[43.31764852]
[14.89283867],[3.67313017],[44.73023244]
[15.27956164],[3.69382163],[46.18567584]
[15.64930344],[3.71593223],[47.51964252]
[15.80219402],[3.73776726],[48.55777727]
[16.01361515],[3.76531203],[49.6433989]
[16.20205103],[3.79171182],[50.49256633]
[16.3198285],[3.82322786],[51.22475492]
[16.54687131],[3.86332662],[51.77366273]
[16.57216418],[3.88657007],[52.11444671]
[16.5948144],[3.89501529],[52.31242689]
[16.56538003],[3.87983387],[52.17223037]
[16.58526279],[3.86536303],[51.93814651]
[16.58744257],[3.85050463],[51.21573922]
[16.59340372],[3.80753553],[50.58013998]
[16.60157531],[3.7198204],[49.81616761]
[16.60266686],[3.64368726],[49.14285485]
[16.62050426],[3.56968326],[48.40664177]
[16.61037933],[3.49279089],[47.69033757]
[16.64529448],[3.42979764],[46.764413]
[16.62574567],[3.38810995],[45.8971722]
[16.24796718],[3.35273932],[44.58779512]
[15.5349633],[3.32380727],[42.30210029]
[14.82375263],[3.29288896],[39.75886365]
[14.11341656],[3.2617854],[37.06441184]
[3.98518566],[0.99554005],[1.99279395]
[2.90939071],[0.52917074],[1.24931265]
[3.92939994],[0.6459313],[2.19088949]
[4.7459275],[0.76273324],[2.97227499]
[5.61117475],[1.00064133],[4.13688728]
[6.20088608],[1.1001707],[5.02776626]
[6.38704239],[1.18491675],[5.71145823]
[6.99976553],[1.25787608],[6.4736775]
[7.29429274],[1.334289],[7.14216552]
[7.80003773],[1.41509039],[7.78445578]
[8.21709187],[1.53038837],[8.71269929]
[8.69066405],[1.67743129],[9.65686273]
[9.16097613],[1.79156616],[10.88280997]
[9.61017802],[1.86438975],[11.83621795]
[10.0073417],[1.9337788],[13.26494593]
[10.36365914],[1.98362132],[14.23978494]
[10.66989269],[2.03515954],[15.52603331]
[10.97195076],[2.0983023],[16.59702985]
[11.18302015],[2.16949556],[17.87338527]
[11.48961017],[2.23222598],[19.02148434]
[11.75140443],[2.31732987],[20.2485703]
[12.04352287],[2.44212506],[21.56535645]
[12.343529],[2.54098822],[23.05023644]
[12.71245884],[2.60634145],[24.3843698]
[12.98471139],[2.67481056],[25.83863537]
[13.33176076],[2.73248543],[27.32480397]
[13.66257653],[2.78988553],[28.76225281]
[14.00092006],[2.84174917],[30.08234191]
[14.39019291],[2.89818571],[31.62038749]
[14.64209553],[2.9399631],[32.9887524]
[15.08709232],[2.99198018],[34.45248955]
[15.39364242],[3.01487854],[35.85880476]
[15.73124652],[3.03943313],[37.35248788]
[16.09514436],[3.08690574],[38.834921]
[16.43702384],[3.12298396],[40.1818725]
[16.67460313],[3.1650535],[41.33918251]
[16.90006831],[3.20162467],[42.30327602]
[17.14658578],[3.23182272],[43.1190028]
[17.36669065],[3.26414616],[43.94647467]
[17.55559078],[3.28410425],[44.49845652]
[17.60159967],[3.2895347],[44.94268137]
[17.57389157],[3.28685494],[45.20575837]
[17.61164136],[3.27953154],[45.23672836]
[17.59055894],[3.26883236],[45.06653619]
[17.62798689],[3.24690248],[44.35793993]
[17.60310166],[3.18169544],[43.67069887]
[17.6458714],[3.11709282],[42.8868337]
[17.61600434],[3.04485416],[42.03913047]
[17.66229371],[2.95341579],[41.0945026]
[17.635372],[2.86655056],[40.11158776]
[17.6846159],[2.78752226],[39.0713443]
[17.26667944],[2.71378142],[37.53612248]
[16.53617118],[2.66639508],[35.4194763]
[15.80702823],[2.62637399],[33.19163794]
[15.07859056],[2.5913101],[30.7904301]
