meltWidth,meltDepth,meltArea
[0.],[0.],[0.]
[0.],[0.],[0.]
[0.25942637],[0.05286087],[0.00655831]
[0.78107878],[0.22826869],[0.08834646]
[0.97032525],[0.26238353],[0.12632991]
[1.06174365],[0.29489842],[0.1555232]
[1.31800938],[0.32687285],[0.21416659]
[1.7417763],[0.34283914],[0.33370723]
[1.98325131],[0.3503869],[0.36363159]
[1.93211009],[0.35773236],[0.39539608]
[2.09049374],[0.36566032],[0.4318274]
[2.02079209],[0.36746749],[0.44091406]
[2.13268652],[0.36316377],[0.47521492]
[2.0763775],[0.36017724],[0.46790563]
[2.15136316],[0.35345385],[0.49559652]
[2.1469384],[0.35135297],[0.50595664]
[2.18586266],[0.35324472],[0.54228313]
[2.18281331],[0.35492625],[0.54746555]
[2.21416766],[0.35633911],[0.5716516]
[2.20183726],[0.35793993],[0.55770564]
[2.30625965],[0.36093867],[0.60690398]
[2.35599711],[0.36897832],[0.59581588]
[2.49029248],[0.36406454],[0.65493835]
[2.48049686],[0.37803717],[0.61918695]
[2.58075601],[0.37041828],[0.68282142]
[2.55131636],[0.37560781],[0.62447544]
[2.62679909],[0.37045535],[0.68893484]
[2.57286876],[0.37475325],[0.62089662]
[2.63985206],[0.37076064],[0.68240247]
[2.63494442],[0.37417891],[0.65885571]
[2.6539615],[0.37474346],[0.66928392]
[2.64498778],[0.37438919],[0.65408523]
[2.62585186],[0.37407575],[0.6401356]
[2.62651227],[0.37378563],[0.63775115]
[2.62381561],[0.3728811],[0.63060296]
[2.61585067],[0.37173468],[0.61828519]
[2.61797825],[0.37073597],[0.61536164]
[2.61265944],[0.3692368],[0.60545893]
[2.60360321],[0.36879133],[0.5958068]
[2.54178773],[0.36831647],[0.58745328]
[2.53959808],[0.37152495],[0.58933246]
[2.51543488],[0.37353808],[0.58584097]
[2.47377282],[0.37496418],[0.58008769]
[2.46943932],[0.37660263],[0.57876781]
[2.44107638],[0.37763697],[0.57437614]
[2.41716979],[0.37895443],[0.57172572]
[2.37813286],[0.38011659],[0.56556359]
[2.3664622],[0.37881429],[0.56086992]
[2.34620606],[0.37852303],[0.55705549]
[2.34938047],[0.37753808],[0.55683762]
[2.37838852],[0.37362948],[0.55756664]
[2.39813925],[0.37250223],[0.55814021]
[1.85844157],[0.37135916],[0.47802501]
[0.],[0.],[0.]
[0.],[0.],[0.]
[0.],[0.],[0.]
[0.],[0.],[0.]
[1.11650389],[0.21315109],[0.12069106]
[1.57666331],[0.38670702],[0.39800692]
[1.83250783],[0.39036988],[0.49331168]
[1.92515533],[0.47085294],[0.61262451]
[2.18732446],[0.48686853],[0.71723302]
[2.14634073],[0.53518152],[0.7562146]
[2.29300326],[0.54858357],[0.87663955]
[2.24940762],[0.57469016],[0.8658596]
[2.30779027],[0.60063873],[0.96266359]
[2.24008599],[0.61872737],[0.90281673]
[2.3706457],[0.63985232],[1.04117775]
[2.3805166],[0.65063484],[0.98201434]
[2.55978332],[0.66132104],[1.15119454]
[2.4832329],[0.67316145],[1.07228992]
[2.67963998],[0.67805903],[1.24703441]
[2.56775143],[0.67993787],[1.17039528]
[2.77724024],[0.68482839],[1.32336472]
[2.62860272],[0.69753028],[1.25732072]
[2.8481413],[0.69608185],[1.40180592]
[2.67433983],[0.69703658],[1.33076625]
[2.87926535],[0.6966401],[1.43488341]
[2.68443105],[0.69647922],[1.34820478]
[2.8931885],[0.69621658],[1.44008149]
[2.66686503],[0.69316207],[1.34118957]
[2.89383233],[0.69065471],[1.41946286]
[2.69385041],[0.6881503],[1.3363208]
[2.86004118],[0.68629364],[1.39163772]
[2.77589321],[0.68583393],[1.35713237]
[2.7403107],[0.68605757],[1.36202238]
[2.75779937],[0.68611921],[1.35274258]
[2.7146433],[0.68621211],[1.33789581]
[2.71987284],[0.68626265],[1.3351035]
[2.7019],[0.68637473],[1.32823655]
[2.66168349],[0.68643045],[1.31601949]
[2.65902641],[0.68644924],[1.31121598]
[2.64112846],[0.68577306],[1.30367359]
[2.62394862],[0.68504983],[1.29874387]
[2.5959864],[0.68134492],[1.28816078]
[2.59731848],[0.68061123],[1.28506522]
[2.5777061],[0.6793917],[1.27419155]
[2.55154752],[0.67806025],[1.26172152]
[2.54197308],[0.67751225],[1.25169617]
[2.52623886],[0.67834612],[1.24215133]
[2.5123792],[0.67864685],[1.23473349]
[2.49275243],[0.67903217],[1.22443706]
[2.48516395],[0.67921655],[1.21616229]
[2.47410494],[0.67971489],[1.21052049]
[2.45678698],[0.68004752],[1.20262244]
[2.45140672],[0.68028041],[1.19284114]
[2.4561326],[0.68140881],[1.18953289]
[2.16285281],[0.68412317],[1.10731014]
[0.],[0.],[0.]
[0.],[0.],[0.]
[0.],[0.],[0.]
[0.57340282],[0.10878195],[0.02997786]
[1.29179722],[0.41229908],[0.26405631]
[1.69551877],[0.473648],[0.47521542]
[1.91808882],[0.5013872],[0.59917931]
[1.98999673],[0.56707884],[0.69299456]
[2.29800486],[0.5742218],[0.79931598]
[2.4788443],[0.61397238],[0.89662934]
[2.6947344],[0.61299427],[1.04400747]
[2.75056793],[0.63910508],[1.09850414]
[2.83386317],[0.63938647],[1.24272908]
[2.86955798],[0.6592178],[1.26545526]
[2.92277397],[0.66597722],[1.3877906]
[2.93532489],[0.69105479],[1.40335964]
[2.99688352],[0.69937248],[1.55468891]
[2.96579418],[0.73268645],[1.52905471]
[3.04156594],[0.73507161],[1.67509179]
[2.94804593],[0.75256374],[1.58844014]
[3.06988277],[0.75064651],[1.73854462]
[3.02108537],[0.77076577],[1.65081614]
[3.12230008],[0.76954786],[1.78621774]
[3.32078704],[0.7838063],[1.82442181]
[3.33445393],[0.77737792],[1.86818698]
[3.34715329],[0.7855235],[1.83756596]
[3.31779623],[0.78093966],[1.86073087]
[3.29969476],[0.78880434],[1.81657758]
[3.33115901],[0.77857382],[1.85181197]
[3.27997729],[0.78689919],[1.79212015]
[3.34599611],[0.77906609],[1.83743895]
[3.44129616],[0.78833183],[1.8496775]
[3.36014388],[0.78562643],[1.77756442]
[3.42454941],[0.78661819],[1.82737658]
[3.29689082],[0.78750831],[1.74794722]
[3.28279027],[0.78758478],[1.74491294]
[3.2578121],[0.78920889],[1.73538647]
[3.20729802],[0.79009478],[1.71741033]
[3.20653841],[0.79018808],[1.71541568]
[3.19352756],[0.79193974],[1.70835773]
[3.17876699],[0.791913],[1.69948653]
[3.14695348],[0.78836082],[1.68126113]
[3.15051411],[0.78294466],[1.66743776]
[3.13521245],[0.77817315],[1.6495686]
[3.10145085],[0.77278672],[1.62689962]
[3.10432485],[0.7660333],[1.61155763]
[3.09736914],[0.76073425],[1.59481337]
[3.08972986],[0.7548974],[1.58118517]
[3.07619758],[0.74894107],[1.56633259]
[3.07220076],[0.74093547],[1.54637337]
[3.06233254],[0.73452134],[1.52978045]
[3.03926917],[0.72783015],[1.51204749]
[3.02728715],[0.72097459],[1.49617487]
[3.01742137],[0.72046028],[1.48511574]
[2.7237663],[0.71833045],[1.39589106]
[0.],[0.],[0.]
[0.],[0.],[0.]
[0.],[0.],[0.]
[0.48928693],[0.07108839],[0.01633828]
[1.37853966],[0.38009909],[0.26336711]
[1.7373386],[0.44189802],[0.48000804]
[1.97410562],[0.49150794],[0.62339542]
[2.08153627],[0.56452393],[0.72879204]
[2.47208022],[0.58494886],[0.86886394]
[2.62689748],[0.62265377],[0.97101965]
[2.80651002],[0.63461509],[1.13728693]
[2.82370592],[0.65627685],[1.16520802]
[2.9215354],[0.67221561],[1.34053857]
[2.88955182],[0.70938686],[1.37210207]
[2.99814729],[0.71770142],[1.55721069]
[2.93743955],[0.75167993],[1.54851255]
[3.03227773],[0.75514556],[1.70272087]
[3.00273125],[0.78105622],[1.67357326]
[3.08135971],[0.78498227],[1.7986697]
[3.11119543],[0.80604929],[1.77227413]
[3.21899867],[0.80484348],[1.870056]
[3.38111531],[0.82015488],[1.9587631]
[3.37763085],[0.81939451],[1.96894999]
[3.4422605],[0.82981788],[1.99051171]
[3.42318727],[0.82632708],[2.00378372]
[3.45657973],[0.83343581],[1.99794445]
[3.46427025],[0.83191423],[2.05315842]
[3.41113084],[0.83893571],[1.97889608]
[3.4925719],[0.83429967],[2.07446695]
[3.3953277],[0.8404126],[1.9585848]
[3.52273128],[0.83605301],[2.08505215]
[3.53768967],[0.84180924],[2.06500696]
[3.55567143],[0.8401123],[2.04650012]
[3.54760009],[0.84099946],[2.04313864]
[3.54282978],[0.84188446],[1.98975002]
[3.51852425],[0.84221878],[1.98005239]
[3.49313075],[0.84380196],[1.96736478]
[3.4390723],[0.84514906],[1.94516903]
[3.43821843],[0.84562893],[1.94161729]
[3.4266696],[0.84734106],[1.93304557]
[3.41322854],[0.84765395],[1.92365231]
[3.3744961],[0.84516893],[1.90272373]
[3.37968901],[0.84091501],[1.88957493]
[3.36446738],[0.83636502],[1.87046322]
[3.32741764],[0.83085008],[1.8444195]
[3.32907602],[0.82439081],[1.82950391]
[3.31922048],[0.81883547],[1.80902267]
[3.3040647],[0.81316705],[1.788831]
[3.27602552],[0.80759305],[1.76538998]
[3.27364543],[0.8010945],[1.74318841]
[3.25952697],[0.79540129],[1.72064688]
[3.22877637],[0.78947296],[1.69567707]
[3.21033092],[0.78269827],[1.67205263]
[3.19357712],[0.77705701],[1.65026578]
[2.86892977],[0.77012129],[1.53693354]
[0.],[0.],[0.]
[0.],[0.],[0.]
[0.],[0.],[0.]
[0.80384621],[0.13860414],[0.05402016]
[1.53284723],[0.39511756],[0.33243593]
[1.77076447],[0.46204767],[0.52642435]
[2.04291037],[0.53254796],[0.68942503]
[2.27714244],[0.59604612],[0.82094963]
[2.68401983],[0.6341184],[1.04054058]
[2.73901438],[0.6792121],[1.16638894]
[2.93125704],[0.7157049],[1.35974069]
[2.83004154],[0.75594916],[1.42601027]
[2.98712995],[0.76243441],[1.57998628]
[2.89524127],[0.79364998],[1.59920797]
[3.03269002],[0.79736945],[1.72223194]
[3.01737132],[0.82387687],[1.74482315]
[3.14088906],[0.82432801],[1.82886253]
[3.11950319],[0.84445942],[1.85417108]
[3.26172132],[0.84420621],[1.91876808]
[3.2218046],[0.85974664],[1.93261571]
[3.35591511],[0.85874596],[1.97757657]
[3.33057461],[0.87058103],[1.99333024]
[3.47204438],[0.87007681],[2.04850631]
[3.38742144],[0.88327131],[2.0453796]
[3.51484835],[0.87653895],[2.10461448]
[3.42210257],[0.89028121],[2.08616042]
[3.56257625],[0.88904736],[2.17328068]
[3.43895967],[0.90190183],[2.11897228]
[3.5998242],[0.8905922],[2.21844078]
[3.47268199],[0.90544855],[2.13662508]
[3.64797693],[0.89427678],[2.25784179]
[3.64015448],[0.9071147],[2.24134762]
[3.67998003],[0.90294964],[2.2296133]
[3.65607465],[0.90432264],[2.22469242]
[3.6527562],[0.90560076],[2.18235995]
[3.62143434],[0.90578331],[2.17276866]
[3.60536673],[0.90812182],[2.16438975]
[3.56346057],[0.90938372],[2.14589907]
[3.55843304],[0.90956683],[2.14182584]
[3.53744763],[0.91264884],[2.12917658]
[3.51600006],[0.91370403],[2.11432421]
[3.47926584],[0.91067365],[2.08991656]
[3.48317413],[0.9035782],[2.06735231]
[3.46856012],[0.89896411],[2.04285715]
[3.44125639],[0.89244996],[2.01464014]
[3.43985624],[0.883917],[1.99337357]
[3.43639961],[0.87740684],[1.97161613]
[3.42693177],[0.86980927],[1.94946161]
[3.41163068],[0.86398933],[1.92808193]
[3.40404498],[0.85728421],[1.90448268]
[3.38255575],[0.85114491],[1.88075726]
[3.35302062],[0.84490003],[1.85600803]
[3.33331415],[0.83797098],[1.83243284]
[3.31942639],[0.83115023],[1.80945101]
[2.98099865],[0.82358222],[1.67675637]
[0.],[0.],[0.]
[0.],[0.],[0.]
[0.],[0.],[0.]
[1.01871967],[0.22280038],[0.11142301]
[1.65264397],[0.41416413],[0.41522729]
[1.87386882],[0.48505136],[0.58216924]
[2.40353312],[0.55892934],[0.850748]
[2.55082641],[0.6395683],[1.04518802]
[2.83451547],[0.71185433],[1.30186708]
[2.80929519],[0.75450553],[1.41630492]
[2.98232895],[0.77555257],[1.58691527]
[2.89652909],[0.81178135],[1.6243902]
[3.01179336],[0.81720477],[1.7409548]
[2.97944965],[0.84218564],[1.75438782]
[3.11143914],[0.84653003],[1.85128317]
[3.09565722],[0.86710452],[1.87302186]
[3.22118872],[0.86626178],[1.93682497]
[3.20226214],[0.88384952],[1.973028]
[3.33568254],[0.88398107],[2.02773306]
[3.29824227],[0.9095775],[2.05822094]
[3.4188264],[0.90307669],[2.10170046]
[3.37523726],[0.92685645],[2.13352485]
[3.5000335],[0.92320233],[2.17606526]
[3.41331145],[0.94236033],[2.1878724]
[3.54937931],[0.93638346],[2.24891287]
[3.4516815],[0.95336933],[2.23700919]
[3.60184954],[0.94900277],[2.32940965]
[3.47429429],[0.96474157],[2.28034117]
[3.64355945],[0.95528598],[2.39027599]
[3.51398532],[0.9671674],[2.30834453]
[3.69262166],[0.9581458],[2.43273352]
[3.66103322],[0.96741721],[2.3855402]
[3.71495296],[0.96452455],[2.38604823]
[3.69155971],[0.96541748],[2.38808266]
[3.71844942],[0.96630057],[2.36540457]
[3.69173835],[0.96643198],[2.35690586]
[3.69294771],[0.96818793],[2.35487398]
[3.65921166],[0.96912683],[2.33866573]
[3.65114625],[0.96933164],[2.33209874]
[3.63386646],[0.97107333],[2.32001015]
[3.61533153],[0.97149087],[2.30800939]
[3.57848743],[0.96669666],[2.2843044]
[3.5848385],[0.95875715],[2.26443551]
[3.56981113],[0.95382861],[2.23589187]
[3.53661382],[0.94709884],[2.19709493]
[3.53096821],[0.9388044],[2.16831378]
[3.52427838],[0.93298294],[2.14521524]
[3.51318989],[0.92604979],[2.1215221]
[3.48762993],[0.91890531],[2.09332999]
[3.47751],[0.90938086],[2.06483427]
[3.46052962],[0.90334114],[2.03958754]
[3.43358414],[0.89628763],[2.01146064]
[3.41683992],[0.88707492],[1.98295797]
[3.40586106],[0.8761803],[1.95581441]
[3.03698875],[0.86855519],[1.79708294]
[0.],[0.],[0.]
[0.],[0.],[0.]
[0.],[0.],[0.]
[1.41176264],[0.31847726],[0.23107561]
[2.06671559],[0.43543454],[0.56491732]
[2.33378036],[0.51014896],[0.80229932]
[2.70982058],[0.61838029],[1.10929739]
[2.72092993],[0.70386675],[1.30437428]
[2.93069971],[0.77137555],[1.5360222]
[2.87473021],[0.80265485],[1.58751395]
[3.01537977],[0.82291637],[1.73796656]
[2.99000258],[0.85038822],[1.74774493]
[3.07644345],[0.85003061],[1.8611359]
[3.09885996],[0.87081777],[1.86453647]
[3.22342537],[0.87165262],[1.97701264]
[3.24448258],[0.89999525],[1.99883641]
[3.36097859],[0.89333823],[2.07939323]
[3.35183414],[0.9280937],[2.0983005]
[3.49766574],[0.92246796],[2.181784]
[3.45354147],[0.95012154],[2.19373759]
[3.58812629],[0.94534761],[2.26238593]
[3.50640056],[0.96557528],[2.26818264]
[3.66351653],[0.96249693],[2.36463806]
[3.54717885],[0.98274078],[2.33095381]
[3.72476916],[0.97689063],[2.44985445]
[3.58790327],[0.99207037],[2.38215783]
[3.77460355],[0.98848205],[2.53232121]
[3.5879],[1.00142393],[2.41875372]
[3.79829505],[0.99367627],[2.59351212]
[3.61405092],[1.00359253],[2.45140219]
[3.81536643],[0.99559471],[2.61867653]
[3.74379295],[1.00312652],[2.55210326]
[3.77311005],[0.99997591],[2.54044848]
[3.73072103],[1.0004773],[2.53501132]
[3.76236423],[1.00099256],[2.51152461]
[3.72629672],[1.0009097],[2.50399669]
[3.72836358],[1.00196866],[2.50166886]
[3.68938838],[1.00243168],[2.48263468]
[3.68835362],[1.00234639],[2.48124774]
[3.68659357],[1.00339381],[2.4778192]
[3.68118323],[1.00355742],[2.47364477]
[3.65322342],[0.99925171],[2.45393074]
[3.66068931],[0.99238062],[2.4333443]
[3.64735305],[0.98677662],[2.40655387]
[3.61501519],[0.98016055],[2.36825481]
[3.60831477],[0.97196215],[2.33650497]
[3.59615582],[0.96528624],[2.30495932]
[3.58094838],[0.95806584],[2.27640584]
[3.55052528],[0.95079963],[2.24171006]
[3.5434168],[0.94220892],[2.21189487]
[3.52766539],[0.93551234],[2.18329639]
[3.50108113],[0.92824432],[2.15096708]
[3.48676262],[0.91844495],[2.11975093]
[3.47163134],[0.9066019],[2.08674954]
[3.0781117],[0.89407752],[1.90444429]
[0.],[0.],[0.]
[0.],[0.],[0.]
[0.67825054],[0.12620786],[0.04134758]
[1.95012308],[0.35534891],[0.43689995]
[2.42710309],[0.46112599],[0.77475936]
[2.55330828],[0.5592009],[1.00175772]
[2.8603073],[0.66953632],[1.30663941]
[2.81914789],[0.74221522],[1.44374499]
[2.98435109],[0.79775591],[1.66221735]
[2.96578959],[0.82617217],[1.68602649]
[3.09132919],[0.83683997],[1.84763232]
[3.14463195],[0.86485303],[1.85370474]
[3.24625738],[0.86402849],[2.01029035]
[3.27089577],[0.89727569],[1.99445921]
[3.42020322],[0.89213518],[2.15932955]
[3.43014283],[0.9267123],[2.12514271]
[3.59885078],[0.92350614],[2.2800452]
[3.57522556],[0.95337511],[2.24650081]
[3.74833003],[0.95232865],[2.40976881]
[3.6836673],[0.98134964],[2.36030319]
[3.85301259],[0.97985857],[2.51339738]
[3.74894133],[1.00015325],[2.45125834]
[3.92693737],[0.9969808],[2.63776606]
[3.81655376],[1.01065224],[2.53724707]
[3.98888794],[1.00610791],[2.72647665]
[3.87605786],[1.01711846],[2.59613452]
[4.03655198],[1.01408351],[2.80534366]
[3.87980355],[1.02421915],[2.64706525]
[4.05104873],[1.01801796],[2.87837199]
[3.90654592],[1.02526937],[2.69416415]
[4.05587459],[1.01965671],[2.88243595]
[4.00915553],[1.02486592],[2.81601309]
[4.02108143],[1.02207375],[2.80543008]
[3.99154405],[1.02240761],[2.78956556]
[3.98487091],[1.02279674],[2.75337158]
[3.96054759],[1.02279877],[2.73544584]
[3.92175321],[1.02353595],[2.71121737]
[3.86221929],[1.023942],[2.68654002]
[3.84334028],[1.02400747],[2.6802305]
[3.81855563],[1.02469648],[2.67115241]
[3.79532602],[1.02492874],[2.66173165]
[3.75140056],[1.02182382],[2.6387011]
[3.75426275],[1.01810448],[2.61417713]
[3.74213742],[1.01486238],[2.57928985]
[3.70924922],[1.01145449],[2.54139356]
[3.70289263],[1.00482009],[2.51153555]
[3.69233657],[0.99936614],[2.48244176]
[3.68081741],[0.99249264],[2.45571922]
[3.65051143],[0.98542652],[2.42280586]
[3.63337314],[0.97721635],[2.38617701]
[3.60935442],[0.97048764],[2.35246667]
[3.56887671],[0.96322604],[2.31248503]
[3.54929611],[0.94919455],[2.27057443]
[3.53125228],[0.93601801],[2.2309732]
[3.11906801],[0.92121905],[2.02953135]
[0.],[0.],[0.]
[0.],[0.],[0.]
[1.53418579],[0.30196625],[0.2335056]
[2.23157023],[0.41272552],[0.65519061]
[2.6610266],[0.54448874],[0.98302822]
[2.72340729],[0.62727043],[1.19712905]
[2.92577133],[0.72482472],[1.49697677]
[2.91130122],[0.79027528],[1.58676297]
[3.0441565],[0.8270417],[1.83051424]
[3.16908861],[0.85668287],[1.8385376]
[3.29342247],[0.86290472],[2.03379302]
[3.3668141],[0.90295871],[2.04264091]
[3.49114822],[0.89966868],[2.24380469]
[3.52834628],[0.93390023],[2.20826687]
[3.69986438],[0.93118746],[2.4056179]
[3.73856655],[0.96365038],[2.36697987]
[3.89056455],[0.96262457],[2.54181887]
[3.87449839],[0.98924658],[2.48517339]
[4.03232054],[0.98865592],[2.69703232]
[3.98851558],[1.00862298],[2.5911803]
[4.12387832],[1.00591499],[2.81750117]
[4.04773784],[1.02172205],[2.70281673]
[4.20018973],[1.01893155],[2.96765193]
[4.11994542],[1.03199745],[2.83113156]
[4.26153524],[1.02709307],[3.09595262]
[4.17588746],[1.03821436],[2.91556769]
[4.30972283],[1.03418312],[3.19106677]
[4.18525745],[1.04543407],[2.97427495]
[4.30269684],[1.03754889],[3.23160735]
[4.19340242],[1.0462411],[3.01617216]
[4.29379229],[1.03957457],[3.22535814]
[4.28374711],[1.04659736],[3.13873467]
[4.25980049],[1.04661362],[3.13693432]
[4.2596991],[1.04388061],[3.09748803]
[4.19224166],[1.04446311],[3.04972494]
[4.19323053],[1.04483102],[3.02614826]
[4.13328836],[1.04642525],[3.00894792]
[4.08110677],[1.04970291],[2.98621908]
[4.06263242],[1.04972973],[2.97795475]
[4.03533315],[1.05092579],[2.96752664]
[4.0150523],[1.0533796],[2.95529128]
[3.97019205],[1.05405267],[2.92794836]
[3.96213745],[1.04219622],[2.90817247]
[3.94394863],[1.03571407],[2.87816353]
[3.90545739],[1.03266039],[2.83344814]
[3.88843264],[1.0289574],[2.79329634]
[3.8530977],[1.02608781],[2.74696457]
[3.82888797],[1.02297862],[2.70868962]
[3.77970451],[1.01991212],[2.65610641]
[3.7518687],[1.01475458],[2.6090696]
[3.72163184],[1.00831278],[2.56787427]
[3.6844043],[0.9975405],[2.52572084]
[3.65537027],[0.98392777],[2.48511672]
[3.63034503],[0.96938981],[2.44732085]
[3.2224096],[0.9489916],[2.22913055]
[0.],[0.],[0.]
[0.],[0.],[0.]
[1.64852857],[0.37634256],[0.35348829]
[2.36909484],[0.47840472],[0.77534483]
[2.78693685],[0.61045935],[1.14059212]
[2.81185975],[0.68679194],[1.3409277]
[2.97048875],[0.78044539],[1.65978892]
[2.97205595],[0.84886189],[1.73683101]
[3.09021495],[0.85264647],[1.97605633]
[3.29311383],[0.89947532],[2.01787384]
[3.44542296],[0.90418319],[2.2325284]
[3.51777429],[0.9417311],[2.2647376]
[3.66193935],[0.94063126],[2.45872178]
[3.69771065],[0.97400713],[2.4376458]
[3.9048216],[0.97307054],[2.62914056]
[3.90622191],[0.99736132],[2.60601348]
[4.05059228],[0.99705191],[2.78346656]
[4.06868154],[1.01333476],[2.74542407]
[4.19742387],[1.01833228],[2.9599053]
[4.20153516],[1.03078511],[2.85899354]
[4.29601626],[1.030737],[3.13428708]
[4.26618163],[1.0425435],[3.01552799]
[4.37412714],[1.03987713],[3.30073039]
[4.34281246],[1.04956261],[3.13781527]
[4.44042959],[1.05902622],[3.40395063]
[4.40575932],[1.0714826],[3.22512308]
[4.49249577],[1.08574681],[3.49480291]
[4.42696779],[1.09938559],[3.27580517]
[4.48814337],[1.11087133],[3.54151498]
[4.42879768],[1.11269762],[3.31059563]
[4.48761622],[1.11603097],[3.547667]
[4.51308307],[1.11710377],[3.47004672]
[4.46832842],[1.12471417],[3.47451248]
[4.50102166],[1.12195448],[3.44453918]
[4.41613272],[1.12376439],[3.37411607]
[4.44686309],[1.1246073],[3.35230625]
[4.37627589],[1.12640248],[3.32001201]
[4.32548794],[1.12929443],[3.29702806]
[4.31192258],[1.12997945],[3.29108741]
[4.28643214],[1.13175641],[3.28382682]
[4.2741396],[1.13435406],[3.27719502]
[4.24112106],[1.13464707],[3.25768147]
[4.24158359],[1.12387945],[3.24501464]
[4.22551814],[1.11277125],[3.21747883]
[4.18641629],[1.10142252],[3.17184721]
[4.17446287],[1.08788885],[3.1338152]
[4.14362798],[1.07553167],[3.08732675]
[4.0985187],[1.06369974],[3.03642136]
[4.02772956],[1.05097936],[2.97457623]
[3.98219434],[1.03653327],[2.92033648]
[3.93152546],[1.03473102],[2.87372463]
[3.86324266],[1.03605976],[2.82088013]
[3.80786444],[1.03591742],[2.76436005]
[3.76719826],[1.03581744],[2.72104635]
[3.31867139],[1.01635727],[2.4746234]
[0.],[0.],[0.]
[0.],[0.],[0.]
[1.71867977],[0.41749197],[0.428263]
[2.50414505],[0.54230727],[0.91642101]
[2.85169218],[0.66743261],[1.29833585]
[2.89725887],[0.74095764],[1.48845898]
[3.0321034],[0.82533316],[1.83722849]
[3.02061452],[0.88316605],[1.88386434]
[3.18542304],[0.89135392],[2.13918824]
[3.42437072],[0.93667317],[2.20704463]
[3.60008979],[0.94126272],[2.41275517]
[3.67360632],[0.9789202],[2.46505834]
[3.84763478],[0.97731114],[2.65137821]
[3.88724294],[0.99780535],[2.64471298]
[4.05402587],[1.00411513],[2.84638943]
[4.08996693],[1.01359466],[2.82967771]
[4.21258666],[1.01938108],[3.01201549]
[4.2569432],[1.02870607],[2.9980104]
[4.35261399],[1.03338456],[3.23697937]
[4.39172696],[1.04360667],[3.17789118]
[4.4545387],[1.04527222],[3.4074778]
[4.45531953],[1.06099757],[3.31818179]
[4.52965475],[1.08361385],[3.57306622]
[4.53176929],[1.10437531],[3.44626623]
[4.59231958],[1.12340533],[3.68297874]
[4.58624752],[1.13725726],[3.57486046]
[4.63875487],[1.15179681],[3.77885134]
[4.60262857],[1.16521567],[3.66448699]
[4.63515229],[1.17649181],[3.83715167]
[4.59982718],[1.17949052],[3.71780296]
[4.63580347],[1.18303608],[3.85618609]
[4.67060242],[1.18382591],[3.85883122]
[4.62709723],[1.19117895],[3.83513016]
[4.66756331],[1.18902022],[3.8666125]
[4.59028526],[1.19101493],[3.78271199]
[4.62195821],[1.19211779],[3.77559106]
[4.56447378],[1.1941388],[3.72551708]
[4.51880762],[1.19724707],[3.64763409]
[4.50654616],[1.19839942],[3.64501689]
[4.48621455],[1.20038822],[3.64155157]
[4.46842913],[1.20379979],[3.63466368]
[4.43019588],[1.2041516],[3.61171771]
[4.43150577],[1.19379861],[3.59515653]
[4.4189495],[1.18193664],[3.55286662]
[4.37726514],[1.17015889],[3.48887716]
[4.36927987],[1.15634249],[3.43407959]
[4.3389771],[1.14357069],[3.36580622]
[4.29816278],[1.1311597],[3.30537666]
[4.22163841],[1.11841327],[3.23366307]
[4.17691004],[1.10205273],[3.17530977]
[4.12323803],[1.08706319],[3.11206623]
[4.04751062],[1.0768454],[3.04276745]
[3.99394321],[1.0753492],[2.98422817]
[3.92555753],[1.07503946],[2.92483748]
[3.41537326],[1.06051861],[2.64043386]
[0.],[0.],[0.]
[0.],[0.],[0.]
[1.84455238],[0.47875716],[0.55433771]
[2.62833277],[0.59984759],[1.05711726]
[2.92520254],[0.72137672],[1.49479724]
[2.96680425],[0.79910778],[1.66913587]
[3.09095652],[0.8513603],[1.97621433]
[3.10756467],[0.91675095],[2.02693573]
[3.34008602],[0.92128022],[2.28501985]
[3.56082909],[0.96023488],[2.37529135]
[3.77204709],[0.96662136],[2.57906341]
[3.84316684],[0.98990784],[2.63602511]
[4.02999051],[0.993461],[2.8456954]
[4.07564886],[1.00737091],[2.86092436]
[4.20445773],[1.0168811],[3.05344472]
[4.28144621],[1.0240695],[3.06703167]
[4.36574865],[1.03154924],[3.27848071]
[4.43943879],[1.03932391],[3.29813542]
[4.5024042],[1.0452909],[3.49922306]
[4.57939702],[1.06425207],[3.4723723]
[4.60438394],[1.09801553],[3.68211206]
[4.62771296],[1.12418409],[3.66124295]
[4.67581237],[1.14625153],[3.85886918]
[4.68836952],[1.16627538],[3.84541622]
[4.73692398],[1.18447152],[3.98745741]
[4.73418773],[1.1986075],[3.96849701]
[4.7724962],[1.212644],[4.09808977]
[4.73765447],[1.22574322],[4.04299755]
[4.76956147],[1.23569185],[4.17752536]
[4.72965005],[1.23894907],[4.09211495]
[4.76312463],[1.24284165],[4.20800525]
[4.78525399],[1.24379614],[4.21412879]
[4.75107198],[1.25213616],[4.19824463]
[4.78071505],[1.2496501],[4.23133242]
[4.72610363],[1.25190705],[4.17206054]
[4.74724591],[1.25308536],[4.17809305]
[4.70128117],[1.25534247],[4.13497091]
[4.6550152],[1.25902756],[4.07354092]
[4.64578571],[1.26021906],[4.07273609]
[4.62989435],[1.26244065],[4.05041466]
[4.61953695],[1.2659006],[4.02601385]
[4.57813744],[1.26686714],[3.93369208]
[4.58048589],[1.25823129],[3.92894773]
[4.56630245],[1.24764429],[3.87168687]
[4.51523789],[1.23611673],[3.80334189]
[4.51149942],[1.22273925],[3.75239468]
[4.47847507],[1.21029879],[3.6881948]
[4.4390687],[1.19800888],[3.61909426]
[4.35648683],[1.18556532],[3.5354728]
[4.31516379],[1.17170791],[3.46463593]
[4.25827143],[1.15712518],[3.38413307]
[4.18284685],[1.14180135],[3.29372412]
[4.1349804],[1.12441746],[3.22115578]
[4.07455306],[1.11954488],[3.15346327]
[3.50233735],[1.10795371],[2.82966407]
[0.],[0.],[0.]
[0.],[0.],[0.]
[2.07764279],[0.54876358],[0.78192937]
[2.80516837],[0.66580434],[1.26167875]
[3.00795053],[0.78242703],[1.71099822]
[3.03062765],[0.84958174],[1.83469936]
[3.14420056],[0.88281321],[2.11398918]
[3.28576097],[0.94092925],[2.19198498]
[3.53394219],[0.9461327],[2.44924089]
[3.72129176],[0.98069068],[2.55721362]
[3.96816627],[0.98787362],[2.7673209]
[4.04428692],[1.00552456],[2.8539677]
[4.20735073],[1.01321246],[3.08360336]
[4.27154289],[1.02282245],[3.11751652]
[4.38407706],[1.03070985],[3.33808627]
[4.4743994],[1.0410312],[3.38219169]
[4.53071715],[1.04485047],[3.55795246]
[4.62126828],[1.0690873],[3.57666294]
[4.66645424],[1.1023909],[3.78781068]
[4.72409082],[1.13284881],[3.819203]
[4.77152697],[1.16421503],[3.9982372]
[4.76382566],[1.18706886],[4.02630234]
[4.81805616],[1.2092108],[4.20477729]
[4.79852235],[1.22547485],[4.18174683]
[4.85181709],[1.24321923],[4.33741521]
[4.82281849],[1.25615779],[4.30085129]
[4.87647369],[1.26940362],[4.44705435]
[4.82391178],[1.28027209],[4.38497064]
[4.86900823],[1.28825914],[4.51550723]
[4.80601405],[1.29061379],[4.4176684]
[4.86402632],[1.29472853],[4.54950966]
[4.88256632],[1.29575181],[4.57259887]
[4.85549802],[1.30619289],[4.54957737]
[4.86643936],[1.30181122],[4.57595673]
[4.81445465],[1.30436441],[4.50287915]
[4.82483448],[1.30562777],[4.51280395]
[4.78913302],[1.30759692],[4.46671494]
[4.73588785],[1.310654],[4.39948324]
[4.72446646],[1.31142118],[4.39389461]
[4.70958678],[1.31321322],[4.37266065]
[4.7006047],[1.31601813],[4.34856644]
[4.66606523],[1.3168053],[4.24902124]
[4.66772104],[1.30906574],[4.2533475]
[4.64725875],[1.30084525],[4.17576961]
[4.58233163],[1.2923258],[4.09640807]
[4.57105399],[1.28158607],[4.03010974]
[4.53882165],[1.27037582],[3.95744568]
[4.50595407],[1.25906413],[3.88733711]
[4.43102696],[1.24693199],[3.796971]
[4.38983794],[1.233582],[3.71723363]
[4.3369579],[1.21943689],[3.63532745]
[4.26037134],[1.20374031],[3.54451115]
[4.21227034],[1.18599115],[3.46210373]
[4.15162585],[1.16778986],[3.37050181]
[3.60022004],[1.14896969],[3.0292705]
[0.],[0.],[0.]
[0.65585255],[0.09296162],[0.02918114]
[2.25474463],[0.59896154],[0.9415918]
[2.90314194],[0.7311777],[1.44899057]
[3.06817781],[0.82130723],[1.85020953]
[3.09125791],[0.88045301],[1.96671558]
[3.22400352],[0.90642098],[2.23188155]
[3.45161126],[0.95810796],[2.35552893]
[3.71446891],[0.97052655],[2.61906443]
[3.87967025],[0.99773834],[2.73685606]
[4.12283046],[1.0090499],[2.97881618]
[4.23270816],[1.02222248],[3.13582304]
[4.35123753],[1.02692978],[3.38872767]
[4.46426591],[1.03942836],[3.45605744]
[4.53143588],[1.05652471],[3.64546737]
[4.63805733],[1.08393573],[3.69802934]
[4.66604532],[1.11754367],[3.87967674]
[4.7472195],[1.14243817],[3.97582473]
[4.77738355],[1.17557982],[4.12207206]
[4.82387138],[1.2046805],[4.21341146]
[4.86080798],[1.24873091],[4.37780693]
[4.85175583],[1.25208452],[4.40948882]
[4.90395205],[1.28595225],[4.57454071]
[4.88664554],[1.28179159],[4.58091159]
[4.93761432],[1.31224081],[4.70151231]
[4.91302954],[1.30748705],[4.69585661]
[4.96142005],[1.33594513],[4.80236697]
[4.91706719],[1.3288453],[4.78270267]
[4.9583598],[1.35373669],[4.8750309]
[4.91296317],[1.33544402],[4.83848006]
[4.95528617],[1.35210593],[4.9112127]
[4.97020489],[1.33686645],[4.95442785]
[4.95601147],[1.34479971],[4.93262603]
[4.96486463],[1.34172995],[4.96980946]
[4.92807619],[1.34360208],[4.90572961]
[4.93032764],[1.34459202],[4.9193281]
[4.90492141],[1.34646386],[4.87801764]
[4.85771928],[1.34939183],[4.83751688]
[4.84996397],[1.35038186],[4.83606947]
[4.83598549],[1.3522168],[4.82118947]
[4.82804074],[1.35468955],[4.80134305]
[4.79947413],[1.35554646],[4.72964811]
[4.7976622],[1.34870567],[4.69803275]
[4.78035884],[1.34118107],[4.63394276]
[4.7285366],[1.33348928],[4.48770393]
[4.7180006],[1.32330336],[4.43494845]
[4.68806453],[1.3138304],[4.31805383]
[4.65858232],[1.30470383],[4.22271632]
[4.57594947],[1.2951435],[4.12248267]
[4.53948638],[1.28397679],[4.03871836]
[4.48787168],[1.27219767],[3.95067604]
[4.40661472],[1.25904161],[3.84339071]
[4.36584835],[1.24315057],[3.75483627]
[4.30585784],[1.22664362],[3.65542488]
[3.67687265],[1.2102868],[3.27986862]
[0.],[0.],[0.]
[1.01765876],[0.2104845],[0.12469043]
[2.31563288],[0.64251908],[1.13939319]
[2.97071646],[0.76686476],[1.58229669]
[3.12611186],[0.83150546],[1.9547138]
[3.17261834],[0.89554235],[2.07206243]
[3.39919589],[0.92954968],[2.35416293]
[3.61183641],[0.97496601],[2.5134042]
[3.89300995],[0.98458524],[2.77457532]
[4.05698767],[1.01033034],[2.92381175]
[4.27820957],[1.01975876],[3.21446975]
[4.40300418],[1.03468733],[3.38684715]
[4.49136029],[1.04454643],[3.62223029]
[4.60737598],[1.07833162],[3.71019762]
[4.62917164],[1.11378171],[3.89931474]
[4.72539534],[1.13950454],[4.00956643]
[4.74597739],[1.1721165],[4.15456897]
[4.82789949],[1.19582802],[4.28678363]
[4.86235884],[1.24355481],[4.44395429]
[4.90707072],[1.26025875],[4.53950106]
[4.94299904],[1.30091775],[4.68075026]
[4.93703682],[1.30307178],[4.73626662]
[4.98328745],[1.33309892],[4.85856534]
[4.97463245],[1.33006272],[4.89220808]
[5.01649087],[1.35770736],[4.97177849]
[4.9987966],[1.35382415],[4.98626932]
[5.03861969],[1.37967025],[5.06781284]
[5.00534881],[1.37423683],[5.07420526]
[5.04027237],[1.39787573],[5.15169029]
[5.00320517],[1.382087],[5.13682607]
[5.0391277],[1.39737412],[5.1949166]
[5.05413103],[1.38238647],[5.24127739]
[5.04897091],[1.38934435],[5.22753014]
[5.05460444],[1.38912216],[5.26439986]
[5.03479067],[1.38889698],[5.21850567]
[5.02832275],[1.38935536],[5.23382009]
[5.01217742],[1.38841475],[5.19891541]
[4.96552535],[1.388123],[5.16704325]
[4.95900584],[1.38855785],[5.16784545]
[4.94935494],[1.39032656],[5.16060694]
[4.94114355],[1.39254816],[5.14545319]
[4.91575571],[1.39394234],[5.09184315]
[4.9128422],[1.38736056],[5.05925015]
[4.89807809],[1.3797625],[5.00024791]
[4.85661389],[1.37129256],[4.88759571]
[4.84514216],[1.3614237],[4.81954514]
[4.8200239],[1.35189992],[4.72590669]
[4.79742419],[1.34234017],[4.62824742]
[4.73088712],[1.33224928],[4.44897782]
[4.69725202],[1.3210808],[4.37405858]
[4.64837552],[1.31077082],[4.23878695]
[4.56146366],[1.29956583],[4.13285205]
[4.5295876],[1.28641832],[4.04782904]
[4.46959949],[1.27078607],[3.93326224]
[3.75072067],[1.25432102],[3.47534344]
[0.],[0.],[0.]
[1.13711984],[0.36357247],[0.2817637]
[2.35619418],[0.67147449],[1.28022932]
[3.02714031],[0.78428694],[1.69958296]
[3.1778242],[0.8510789],[2.06533596]
[3.33508457],[0.91409169],[2.20757352]
[3.56680632],[0.95514307],[2.5033723]
[3.76014618],[0.99072087],[2.67614984]
[4.03950936],[1.00474838],[2.93963085]
[4.20594545],[1.02587263],[3.13038889]
[4.39646149],[1.03337431],[3.44765482]
[4.53752433],[1.06663563],[3.61703491]
[4.61730206],[1.10261466],[3.88945358]
[4.71407926],[1.13722411],[4.02889434]
[4.73256233],[1.16874909],[4.20032617]
[4.81699056],[1.19075676],[4.32096243]
[4.85435546],[1.22576098],[4.4649308]
[4.91277575],[1.24501557],[4.58653952]
[4.9722308],[1.28975884],[4.74116781]
[4.9978867],[1.30452138],[4.83584365]
[5.0480171],[1.34059422],[4.95661679]
[5.03659446],[1.34273719],[5.02286574]
[5.07928315],[1.3715941],[5.12607006]
[5.06883499],[1.36910623],[5.16733965]
[5.11069308],[1.39566283],[5.23939852]
[5.08353074],[1.39289709],[5.25188476]
[5.13146372],[1.4174846],[5.33382463]
[5.09123279],[1.41375429],[5.33855758]
[5.13259708],[1.43568017],[5.41543117]
[5.0832115],[1.42281315],[5.39386713]
[5.13427386],[1.43736716],[5.46729423]
[5.14360969],[1.42383658],[5.50761853]
[5.14562635],[1.43060788],[5.49917013]
[5.13510342],[1.43070257],[5.52162883]
[5.12290139],[1.43077493],[5.47722723]
[5.10652529],[1.43156185],[5.48951768]
[5.10004795],[1.43104207],[5.45988288]
[5.05231382],[1.43109698],[5.43251288]
[5.04584869],[1.43247248],[5.43687104]
[5.03418841],[1.43091857],[5.42911949]
[5.02535083],[1.429938],[5.41649937]
[4.99500019],[1.42508045],[5.35918739]
[4.98895999],[1.41998684],[5.32376477]
[4.97069188],[1.41206905],[5.26523183]
[4.92942592],[1.40394756],[5.15742449]
[4.91742203],[1.39464431],[5.09479829]
[4.89215706],[1.38539644],[4.99925692]
[4.86930866],[1.37593629],[4.89290353]
[4.80922809],[1.36626323],[4.69104478]
[4.77923394],[1.35557586],[4.61702835]
[4.7246303],[1.3460216],[4.48994286]
[4.63847426],[1.33524699],[4.38526599]
[4.60097427],[1.32389422],[4.29921562]
[4.53367454],[1.31097949],[4.1906279]
[3.81627734],[1.29658635],[3.72588748]
[0.],[0.],[0.]
[1.17542284],[0.38828137],[0.32896077]
[2.38575323],[0.68692862],[1.36601863]
[3.07877639],[0.80153652],[1.79896984]
[3.22003336],[0.87503776],[2.16217669]
[3.45054296],[0.93243935],[2.34393487]
[3.68875927],[0.97259329],[2.65251304]
[3.87422041],[1.00604884],[2.83612068]
[4.1475179],[1.02225683],[3.14823686]
[4.33159556],[1.03992934],[3.40480705]
[4.49799796],[1.07970237],[3.70393572]
[4.66969171],[1.12090004],[3.94542937]
[4.70159892],[1.15303188],[4.19281497]
[4.79151718],[1.1842581],[4.32747015]
[4.81593227],[1.21377414],[4.48634642]
[4.8983381],[1.23398723],[4.6418259]
[4.93810008],[1.27785655],[4.76947441]
[5.00426182],[1.29516867],[4.91836732]
[5.04999455],[1.33579203],[5.03072771]
[5.09089599],[1.35004253],[5.15296171]
[5.12285375],[1.38100904],[5.24370466]
[5.11947252],[1.38450068],[5.32072227]
[5.15245832],[1.41099864],[5.40903096]
[5.14800195],[1.41022254],[5.45511553]
[5.18727697],[1.43425371],[5.51789437]
[5.16824357],[1.43221455],[5.54111941]
[5.21176966],[1.45578307],[5.61674881]
[5.17694194],[1.45435071],[5.63262531]
[5.2147356],[1.47484163],[5.70618893]
[5.17803887],[1.46461554],[5.70461904]
[5.21649152],[1.47831763],[5.76104815]
[5.22410777],[1.46594996],[5.80409297]
[5.23807384],[1.47222594],[5.80671942]
[5.22523174],[1.47238708],[5.82989695]
[5.22456223],[1.47251847],[5.79589674]
[5.1976582],[1.47388317],[5.80354058]
[5.19985384],[1.47346321],[5.78131605]
[5.155024],[1.47354509],[5.75873027]
[5.14906053],[1.47416165],[5.76200226]
[5.13820204],[1.47279927],[5.75700378]
[5.13022279],[1.47144714],[5.74718909]
[5.10748521],[1.46418891],[5.70474478]
[5.10013036],[1.45240307],[5.67069389]
[5.08438571],[1.44452666],[5.61947582]
[5.05037159],[1.43569725],[5.53078453]
[5.03915553],[1.42597977],[5.47138121]
[5.01774417],[1.41688407],[5.39429085]
[4.99595625],[1.4086287],[5.31111586]
[4.94952412],[1.39948116],[5.19038016]
[4.92082689],[1.38920827],[5.10870781]
[4.87450259],[1.37942037],[5.00189618]
[4.80091651],[1.36926633],[4.82834336]
[4.76101833],[1.35929832],[4.73358099]
[4.67408483],[1.34957688],[4.59746991]
[3.88091554],[1.3356721],[4.00853059]
[0.],[0.],[0.]
[1.22363926],[0.41341008],[0.36578645]
[2.40149766],[0.69843549],[1.42428922]
[3.12461004],[0.81342912],[1.88448629]
[3.31254578],[0.88683584],[2.23875528]
[3.56525094],[0.94281096],[2.47952138]
[3.80392863],[0.98651276],[2.77576588]
[3.99338695],[1.01422538],[2.97868075]
[4.24911478],[1.03287345],[3.34083875]
[4.44452169],[1.05231644],[3.57214972]
[4.61352751],[1.11550875],[3.89140213]
[4.75481285],[1.1536134],[4.15138186]
[4.77429255],[1.18639566],[4.38718534]
[4.87406008],[1.21846326],[4.57769471]
[4.89202146],[1.25185105],[4.71577373]
[4.98145311],[1.27115136],[4.89751208]
[5.01376935],[1.31250941],[5.00282329]
[5.09178826],[1.32996699],[5.1677541]
[5.12853795],[1.36849755],[5.26709785]
[5.17212832],[1.38447108],[5.3913865]
[5.20036544],[1.41245978],[5.48125352]
[5.20086997],[1.4169454],[5.55821238]
[5.23103532],[1.442017],[5.64617393]
[5.23304453],[1.44327261],[5.69812813]
[5.2710615],[1.46680318],[5.76259567]
[5.25412576],[1.46755467],[5.78879675]
[5.29416694],[1.49001469],[5.86950593]
[5.2632032],[1.49003149],[5.89191985]
[5.29969416],[1.5096917],[5.9689986]
[5.26428063],[1.50167517],[5.97575174]
[5.30116283],[1.51393068],[6.02806094]
[5.30664302],[1.50334341],[6.08449788]
[5.32922288],[1.50994435],[6.10687121]
[5.308614],[1.51028401],[6.12420534]
[5.32719199],[1.51049009],[6.11451904]
[5.29196608],[1.51134217],[6.1094975]
[5.30292888],[1.51099693],[6.09496111]
[5.25262952],[1.51115774],[6.06624755]
[5.24806235],[1.51157215],[6.06950364]
[5.24059183],[1.51023091],[6.06614332]
[5.23189406],[1.50810597],[6.05479814]
[5.21290008],[1.50182507],[6.01903471]
[5.20213874],[1.49002316],[5.98219594]
[5.18563479],[1.47567211],[5.93075602]
[5.15325472],[1.46800141],[5.84826067]
[5.14001493],[1.45965192],[5.78516407]
[5.11838714],[1.45085801],[5.70866724]
[5.09803113],[1.44137736],[5.62191842]
[5.05731902],[1.43171644],[5.50649194]
[5.02882553],[1.42093081],[5.42122764]
[4.98112243],[1.41040952],[5.32291664]
[4.91007223],[1.39989472],[5.18539225]
[4.86579125],[1.38992191],[5.08851304]
[4.72507888],[1.38026293],[4.93539319]
[3.93038808],[1.36633562],[4.21745237]
[0.],[0.],[0.]
[1.31452424],[0.450985],[0.41473836]
[2.416754],[0.72858701],[1.48129979]
[3.17123258],[0.8232474],[1.96094457]
[3.41613567],[0.90388729],[2.32606435]
[3.67969114],[0.96081618],[2.60525454]
[3.91353325],[1.00145712],[2.88226103]
[4.1217229],[1.02219465],[3.14544399]
[4.33506581],[1.04021934],[3.48927631]
[4.56612729],[1.08809377],[3.80754093]
[4.71713181],[1.14926397],[4.10978561]
[4.83836733],[1.18503657],[4.36376856]
[4.84423654],[1.21797627],[4.58031285]
[4.95792899],[1.24989878],[4.82632337]
[4.95953951],[1.28630233],[4.93236555]
[5.06289808],[1.30515962],[5.13176608]
[5.08138159],[1.34416439],[5.22370121]
[5.16688355],[1.36164478],[5.38943792]
[5.19975221],[1.39838087],[5.48922375]
[5.25402348],[1.41373458],[5.6123097]
[5.2732202],[1.44079007],[5.70104917]
[5.28283206],[1.44646328],[5.78466727]
[5.30854676],[1.47164603],[5.87467371]
[5.31590197],[1.47489839],[5.93645585]
[5.35069828],[1.49765129],[5.99964602]
[5.33468883],[1.49883787],[6.04418541]
[5.37253276],[1.52050507],[6.12669322]
[5.34107889],[1.5205071],[6.1665]
[5.37680388],[1.53965811],[6.24237828]
[5.33813748],[1.53284127],[6.26620368]
[5.37426979],[1.54340453],[6.3236157]
[5.37172731],[1.53449646],[6.37583058]
[5.40183537],[1.53952046],[6.4062537]
[5.37305691],[1.539926],[6.41683214]
[5.40280015],[1.54042944],[6.42457607]
[5.36069019],[1.54156431],[6.41136131]
[5.37883206],[1.54163646],[6.40875489]
[5.32264509],[1.54210938],[6.37683074]
[5.31478559],[1.54219668],[6.37620921]
[5.30641916],[1.54138942],[6.37361511]
[5.29700788],[1.538599],[6.35965563]
[5.27687732],[1.53241782],[6.31819174]
[5.26331272],[1.5212587],[6.27364504]
[5.24530657],[1.50720508],[6.21464973]
[5.21434131],[1.49363964],[6.12856489]
[5.19847234],[1.48001789],[6.0545108]
[5.17618447],[1.47093868],[5.96182449]
[5.15564338],[1.46242925],[5.86212624]
[5.118488],[1.45409697],[5.74812409]
[5.091533],[1.44432169],[5.65134842]
[5.04853149],[1.43379154],[5.54773868]
[4.98200741],[1.42315871],[5.41481109]
[4.93671177],[1.41175361],[5.31663557]
[4.75977661],[1.40083389],[5.15379337]
[3.96473229],[1.38615364],[4.36837435]
[0.],[0.],[0.]
[1.45765325],[0.52008079],[0.50013097]
[2.44032241],[0.76880932],[1.56316628]
[3.20086176],[0.85585361],[2.04966837]
[3.53173227],[0.92821811],[2.4374231]
[3.79123977],[0.98192344],[2.72787588]
[4.04153117],[1.01168577],[3.01878972]
[4.23887235],[1.03304834],[3.33797578]
[4.43698803],[1.06864241],[3.65942178]
[4.68923298],[1.12647519],[4.03483288]
[4.80017974],[1.18476857],[4.31162438]
[4.92675601],[1.21830958],[4.59562655]
[4.92641232],[1.25717827],[4.80275331]
[5.03922438],[1.28281931],[5.06988975]
[5.04027402],[1.32356188],[5.17510334]
[5.13622893],[1.34132066],[5.35840258]
[5.16051004],[1.37822437],[5.46278061]
[5.23900468],[1.39590731],[5.61431211]
[5.27929929],[1.43315473],[5.72928354]
[5.3187117],[1.44807651],[5.83683448]
[5.35155618],[1.47393334],[5.94207553]
[5.34315006],[1.48063038],[6.0206235]
[5.3825913],[1.50617793],[6.14324028]
[5.37254638],[1.50971294],[6.20040917]
[5.4195061],[1.53131164],[6.28937396]
[5.3871614],[1.5326741],[6.31309052]
[5.43589807],[1.55367247],[6.41385482]
[5.39462451],[1.55459792],[6.43501915]
[5.43879014],[1.5718349],[6.52833848]
[5.39972177],[1.56336185],[6.53380377]
[5.43603466],[1.57377935],[6.59873405]
[5.44005268],[1.56508879],[6.64177956]
[5.47053545],[1.57063572],[6.6767025]
[5.44366735],[1.57091939],[6.68501161]
[5.46810748],[1.5710602],[6.6867885]
[5.43259867],[1.57175568],[6.67535783]
[5.45282427],[1.57139528],[6.67749707]
[5.39829361],[1.57150078],[6.64042453]
[5.38456006],[1.57137639],[6.63065749]
[5.36453345],[1.56997234],[6.61100496]
[5.346944],[1.56777152],[6.58783994]
[5.31224969],[1.56276654],[6.53723171]
[5.29182149],[1.55324226],[6.48614941]
[5.2732062],[1.53978866],[6.42139729]
[5.24060486],[1.52667982],[6.32611726]
[5.22549149],[1.51323523],[6.24991696]
[5.20251297],[1.49760041],[6.16135739]
[5.18078836],[1.48286247],[6.05882065]
[5.14161415],[1.47406737],[5.92306259]
[5.11799281],[1.46559274],[5.81745235]
[5.07249139],[1.45706548],[5.70816268]
[4.9945669],[1.44753861],[5.56102611]
[4.94791232],[1.43587886],[5.45240013]
[4.80864473],[1.4235773],[5.29718656]
[4.00756483],[1.40761826],[4.52692259]
[0.],[0.],[0.]
[1.50237953],[0.53876703],[0.53117277]
[2.44975808],[0.78666767],[1.59829954]
[3.21079037],[0.8675667],[2.10758926]
[3.61712772],[0.94264901],[2.52582903]
[3.87842504],[0.99383754],[2.83251986]
[4.12225282],[1.02228617],[3.20102165]
[4.31247816],[1.04473659],[3.5767718]
[4.51342891],[1.10982439],[3.91366967]
[4.74779459],[1.16499781],[4.24031712]
[4.84332181],[1.22234325],[4.50964032]
[4.97035768],[1.24967055],[4.81995629]
[4.96946717],[1.30064111],[5.02704652]
[5.07886914],[1.32221951],[5.28843331]
[5.08382186],[1.36220048],[5.4056419]
[5.17789578],[1.37899982],[5.57110783]
[5.2042023],[1.41569232],[5.68892459]
[5.28157059],[1.43372564],[5.83801066]
[5.32768799],[1.4682535],[5.95769933]
[5.36650194],[1.48109496],[6.06307654]
[5.39446053],[1.50552069],[6.19337391]
[5.3867805],[1.51412483],[6.27973875]
[5.42169803],[1.54291514],[6.42295533]
[5.41424693],[1.55023157],[6.47322932]
[5.4584978],[1.57183804],[6.59478756]
[5.44072511],[1.57549566],[6.62416803]
[5.4813445],[1.59582744],[6.75068256]
[5.44884686],[1.59920833],[6.80672631]
[5.49376107],[1.61885182],[6.91151553]
[5.45126349],[1.61240731],[6.96152328]
[5.497494],[1.62015123],[7.04684622]
[5.487747],[1.6081818],[7.11903437]
[5.52663812],[1.60923543],[7.15378265]
[5.50210817],[1.60598291],[7.15890676]
[5.55141382],[1.60273578],[7.14532217]
[5.50553974],[1.60043364],[7.10870348]
[5.52241415],[1.59780088],[7.08189677]
[5.46663644],[1.59776776],[7.01626661]
[5.44863517],[1.59766266],[6.9790885]
[5.43301732],[1.59612036],[6.94834245]
[5.41617724],[1.59446046],[6.91920676]
[5.38519994],[1.58946749],[6.86694729]
[5.36786848],[1.58145034],[6.80376566]
[5.34508696],[1.56809252],[6.71379895]
[5.31011155],[1.5570487],[6.61375462]
[5.28471981],[1.54590117],[6.5337265]
[5.26294005],[1.53429468],[6.44607139]
[5.24219022],[1.52331493],[6.34853011]
[5.20669151],[1.50969253],[6.22340753]
[5.18485029],[1.49554078],[6.1074271]
[5.14466089],[1.48019027],[5.98326921]
[5.06788705],[1.46875073],[5.84515904]
[5.01912989],[1.46004638],[5.73522981]
[4.84459133],[1.44919695],[5.56774183]
[4.04111283],[1.43445538],[4.73305202]
[0.],[0.],[0.]
[1.5189449],[0.54651407],[0.56177778]
[2.45970987],[0.79475159],[1.62380361]
[3.22238492],[0.87560089],[2.14739876]
[3.69451251],[0.95269218],[2.58330805]
[3.96979339],[1.00157013],[2.90756523]
[4.18077768],[1.02941777],[3.30861541]
[4.3885459],[1.06936755],[3.70739996]
[4.56659406],[1.13708439],[4.03752543]
[4.80423698],[1.19518692],[4.37462828]
[4.88632012],[1.25043558],[4.64554029]
[5.01204041],[1.27874503],[4.96215401]
[5.01345231],[1.32890828],[5.17851798]
[5.11783835],[1.34962074],[5.42940074]
[5.12737038],[1.39045438],[5.56645551]
[5.21365941],[1.40922205],[5.73090519]
[5.250393],[1.44508336],[5.87121143]
[5.32468887],[1.46261827],[6.00872834]
[5.37171609],[1.49599125],[6.15681229]
[5.41019529],[1.51369854],[6.28954537]
[5.4362131],[1.54805956],[6.47066909]
[5.43288612],[1.56639432],[6.58064672]
[5.46364483],[1.59607137],[6.75024482]
[5.47561218],[1.60299243],[6.84783048]
[5.5174514],[1.62321835],[7.00680192]
[5.51497896],[1.62785157],[7.15334953]
[5.56629046],[1.64629936],[7.298126]
[5.533755],[1.64922943],[7.37597066]
[5.59655503],[1.66736044],[7.51413111]
[5.57479335],[1.66140416],[7.55199031]
[5.64706905],[1.66898135],[7.67620276]
[5.65853727],[1.6580808],[7.71554288]
[5.76068061],[1.65854066],[7.78039713]
[5.71014918],[1.6555964],[7.74764758]
[5.80699358],[1.65262409],[7.79648671]
[5.75156722],[1.64998706],[7.71240451]
[5.78470371],[1.64636438],[7.71159073]
[5.66565153],[1.64254782],[7.59790349]
[5.6025124],[1.63848568],[7.53977867]
[5.55447708],[1.63196191],[7.49268541]
[5.52737066],[1.62635333],[7.43651922]
[5.48662705],[1.61720316],[7.34213296]
[5.45291202],[1.6080642],[7.2351072]
[5.41501002],[1.59661088],[7.10369136]
[5.38406148],[1.58588377],[6.9599516]
[5.36694729],[1.57485495],[6.83925273]
[5.34181695],[1.56316576],[6.73443673]
[5.31605661],[1.55216028],[6.62016838]
[5.27525332],[1.54056863],[6.47814106]
[5.24857523],[1.52889925],[6.35851198]
[5.2136813],[1.51590051],[6.23676345]
[5.13822531],[1.50339276],[6.08531927]
[5.08867349],[1.48900892],[5.96505357]
[4.87857942],[1.47180042],[5.77954912]
[4.07681822],[1.45809041],[4.89563094]
[0.],[0.],[0.]
[1.5305162],[0.5505106],[0.58230526]
[2.46653473],[0.80129063],[1.6449468]
[3.2289778],[0.88245429],[2.1764533]
[3.73888148],[0.9612831],[2.62922102]
[3.99932187],[1.00806437],[2.96028551]
[4.2161323],[1.03612856],[3.39831219]
[4.41884266],[1.09145369],[3.81863245]
[4.59316565],[1.16741555],[4.15174997]
[4.83139582],[1.22550449],[4.49775097]
[4.91250197],[1.27629116],[4.7751191]
[5.03720029],[1.30523458],[5.08977147]
[5.03967981],[1.35687749],[5.32205963]
[5.14289494],[1.3778186],[5.56538401]
[5.15764505],[1.41747475],[5.72639145]
[5.2402182],[1.43554385],[5.88029834]
[5.27873209],[1.47302869],[6.05785978]
[5.35183713],[1.49835629],[6.2274964]
[5.40420762],[1.53942768],[6.43536382]
[5.44232616],[1.5625554],[6.59060589]
[5.46724294],[1.59609792],[6.79000689]
[5.47905459],[1.61365736],[6.96017673]
[5.51512433],[1.64623726],[7.18092059]
[5.54073993],[1.65177502],[7.35534071]
[5.62876411],[1.6704191],[7.53360381]
[5.69107868],[1.67370859],[7.6725084]
[5.75471813],[1.69211906],[7.83503123]
[5.77861229],[1.69482345],[7.91033848]
[5.8155297],[1.71268656],[8.0626454]
[5.83551609],[1.70665546],[8.1232697]
[5.87107776],[1.71195166],[8.2685977]
[5.92168954],[1.70252952],[8.34190467]
[6.01211688],[1.70320101],[8.46623367]
[6.00251007],[1.70008484],[8.44345695]
[6.09771716],[1.69692124],[8.55536877]
[6.10222868],[1.69413274],[8.4616871]
[6.11069374],[1.69020216],[8.46920972]
[6.02470988],[1.68575688],[8.31758532]
[5.92601218],[1.68152446],[8.21881201]
[5.84915962],[1.67353662],[8.12945014]
[5.78968099],[1.66749371],[8.04286]
[5.70906012],[1.65647758],[7.92496527]
[5.60767568],[1.64379868],[7.77644761]
[5.52691624],[1.62790427],[7.60590891]
[5.48353241],[1.61193697],[7.42561009]
[5.45150778],[1.59773975],[7.26182627]
[5.41207658],[1.5853685],[7.10025494]
[5.38540126],[1.57449668],[6.93966791]
[5.34959115],[1.56441285],[6.76692757]
[5.32669952],[1.55284932],[6.59916194]
[5.27364474],[1.54020864],[6.46582353]
[5.20972418],[1.52845918],[6.31981415]
[5.16085745],[1.51641954],[6.18606686]
[4.91797812],[1.49878155],[5.96644393]
[4.11152915],[1.47432371],[5.04052745]
[0.],[0.],[0.]
[1.55593634],[0.56132509],[0.62480369]
[2.47700785],[0.80738763],[1.67568915]
[3.23345534],[0.88769972],[2.20100333]
[3.75108699],[0.9659146],[2.65174029]
[4.02892625],[1.01253984],[2.98794661]
[4.24981032],[1.04080059],[3.46376385]
[4.45630614],[1.10176316],[3.88237295]
[4.61849117],[1.18531186],[4.21226358]
[4.85869106],[1.24445619],[4.57152061]
[4.94031685],[1.29657537],[4.85020445]
[5.065445],[1.32620715],[5.1674716]
[5.07398904],[1.37790882],[5.41731437]
[5.17259146],[1.39952563],[5.66138065]
[5.19399664],[1.44295642],[5.85672475]
[5.27500743],[1.46841906],[6.03861719]
[5.3198475],[1.51057331],[6.24970565]
[5.3908288],[1.53757234],[6.44400993]
[5.4457738],[1.57986009],[6.67478091]
[5.4786865],[1.60287827],[6.85229042]
[5.50923427],[1.63980834],[7.09281898]
[5.53055074],[1.66174415],[7.33371317]
[5.59269446],[1.68977471],[7.55581809]
[5.67236573],[1.6946999],[7.72806417]
[5.78298286],[1.71234641],[7.96797604]
[5.86344668],[1.71713193],[8.12977162]
[5.91730317],[1.73340829],[8.31979691]
[5.95830131],[1.73798595],[8.44537344]
[5.97369534],[1.7536832],[8.62577152]
[6.02533722],[1.75106473],[8.77402747]
[6.063855],[1.76459624],[8.94626033]
[6.14360733],[1.75825156],[9.08070802]
[6.18761127],[1.74960523],[9.18493969]
[6.21365739],[1.74124929],[9.18923446]
[6.23385101],[1.73865943],[9.23398199]
[6.26524793],[1.7363664],[9.20371747]
[6.26449581],[1.73277202],[9.17231128]
[6.2365458],[1.72860064],[9.07598249]
[6.17559309],[1.72435579],[8.97583071]
[6.13052506],[1.71742136],[8.88798658]
[6.07268111],[1.70992542],[8.78768243]
[5.95527172],[1.69880895],[8.63653169]
[5.78416684],[1.68516118],[8.42474689]
[5.69028868],[1.66955109],[8.1829298]
[5.59271072],[1.65329351],[7.91846708]
[5.4920822],[1.63796539],[7.69711335]
[5.45725003],[1.62195935],[7.49427653]
[5.41902707],[1.60590591],[7.30916108]
[5.36613825],[1.59248929],[7.1084505]
[5.34105654],[1.5780436],[6.89703178]
[5.29968949],[1.56464316],[6.67925058]
[5.22412345],[1.55299717],[6.49132494]
[5.17537968],[1.54105397],[6.3469152]
[4.94947407],[1.52388768],[6.13284611]
[4.14216062],[1.50050334],[5.18399998]
[0.],[0.],[0.]
[1.56616313],[0.56389815],[0.64143605]
[2.48252879],[0.81224531],[1.69175672]
[3.23869135],[0.89282685],[2.22548499]
[3.76816605],[0.97280905],[2.6848923]
[4.04382103],[1.01767508],[3.04152981]
[4.26425072],[1.04885971],[3.54154676]
[4.47214762],[1.1280754],[3.96390889]
[4.62956045],[1.21383102],[4.30515151]
[4.86965976],[1.27153047],[4.66722323]
[4.95504019],[1.32061732],[4.95970471]
[5.08140656],[1.3508649],[5.2741746]
[5.09145085],[1.40343892],[5.55099666]
[5.1903342],[1.43017804],[5.80203179]
[5.21496018],[1.47702758],[6.04003305]
[5.29519381],[1.50347722],[6.22793734]
[5.33949583],[1.54380811],[6.46620104]
[5.40803935],[1.571795],[6.67977517]
[5.4639955],[1.6125808],[6.93210008]
[5.5114887],[1.63844558],[7.14623651]
[5.57246947],[1.67523848],[7.41573656]
[5.61165555],[1.69446161],[7.63730296]
[5.72219316],[1.71786756],[7.86587148]
[5.82434766],[1.72518733],[8.08341537]
[5.91715725],[1.73927752],[8.35031654]
[6.02723162],[1.74639992],[8.56228088]
[6.08009168],[1.7599305],[8.84956724]
[6.16466928],[1.76658859],[9.05858934]
[6.17179929],[1.77967678],[9.23435506]
[6.23429402],[1.80650381],[9.38562503]
[6.23174764],[1.82361746],[9.51218779]
[6.29386967],[1.82041325],[9.62255529]
[6.29856384],[1.81678216],[9.69003027]
[6.33344149],[1.80871282],[9.69102946]
[6.32409408],[1.80583364],[9.67977558]
[6.4022832],[1.7960247],[9.6659445]
[6.39724705],[1.78925542],[9.61286131]
[6.39196809],[1.78247717],[9.54670334]
[6.30694657],[1.77505871],[9.46237553]
[6.27660787],[1.766368],[9.38802714]
[6.23888313],[1.7577159],[9.30245518]
[6.1625025],[1.74904313],[9.17592081]
[6.05742882],[1.73660547],[9.0046427]
[5.92474602],[1.70831246],[8.77270369]
[5.80904197],[1.68211114],[8.49037664]
[5.68889627],[1.66706492],[8.20155145]
[5.57054068],[1.65155985],[7.90714983]
[5.49498116],[1.63645545],[7.68055214]
[5.44936983],[1.62085303],[7.45166989]
[5.41558158],[1.60488848],[7.24261735]
[5.36466717],[1.59054686],[7.02407612]
[5.28913097],[1.57597346],[6.7771007]
[5.2323434],[1.56310009],[6.57611754]
[4.97621091],[1.54535353],[6.32307013]
[4.16875562],[1.52272791],[5.33001378]
[0.],[0.],[0.]
[1.57647858],[0.56716535],[0.65890144]
[2.48756191],[0.81495839],[1.7026704]
[3.24399933],[0.89523663],[2.23885462]
[3.78161527],[0.97630965],[2.69773025]
[4.05270566],[1.01938974],[3.05927223]
[4.27440704],[1.05049975],[3.56615993]
[4.48673859],[1.14180554],[4.00181135]
[4.64039968],[1.22684358],[4.34450918]
[4.88017783],[1.28425334],[4.70745281]
[4.96996314],[1.33607605],[5.01382077]
[5.09745886],[1.36960563],[5.34046076]
[5.11118138],[1.43035262],[5.66593487]
[5.21198372],[1.46210257],[5.93825944]
[5.2365025],[1.5094434],[6.19281769]
[5.31602507],[1.53523817],[6.41521204]
[5.3606615],[1.57598378],[6.68390793]
[5.43694611],[1.60646888],[6.91578371]
[5.52363563],[1.65142043],[7.19124296]
[5.57066248],[1.67760094],[7.45802267]
[5.6803119],[1.70627849],[7.71009179]
[5.76431268],[1.72679303],[7.93866305]
[5.85712684],[1.74744794],[8.23503258]
[5.98201952],[1.75593644],[8.50566791]
[6.07493619],[1.76827992],[8.84633218]
[6.23228088],[1.77603789],[9.18493629]
[6.25692246],[1.78939557],[9.45180909]
[6.31656583],[1.82029079],[9.63901099]
[6.30511364],[1.84494679],[9.82349081]
[6.37677481],[1.87343803],[9.95930073]
[6.33784689],[1.88845757],[10.08945505]
[6.44558309],[1.89162536],[10.1987539]
[6.45183188],[1.89903722],[10.25386982]
[6.53226721],[1.89209251],[10.33476382]
[6.56416621],[1.88946402],[10.32574839]
[6.70179382],[1.87834421],[10.43372004]
[6.74212937],[1.86767051],[10.32933023]
[6.7532788],[1.85852948],[10.25708088]
[6.65293418],[1.85113475],[10.05503532]
[6.53747366],[1.84435174],[9.92650744]
[6.41626648],[1.83626353],[9.80259082]
[6.29222852],[1.82815507],[9.67518935]
[6.23029719],[1.8113436],[9.51406431]
[6.15165747],[1.78836465],[9.30702437]
[6.04394436],[1.76142069],[9.05808638]
[5.89633271],[1.72569884],[8.78035741]
[5.80689608],[1.67995002],[8.4845816]
[5.69514789],[1.66512237],[8.17354847]
[5.55787746],[1.64887248],[7.85897141]
[5.49324513],[1.63297649],[7.59206297]
[5.45378753],[1.61601446],[7.34805541]
[5.38576195],[1.59979517],[7.10147731]
[5.29927117],[1.58614426],[6.82735851]
[4.99848815],[1.56557556],[6.51086516]
[4.19535184],[1.54125248],[5.46199314]
[0.],[0.],[0.]
[1.58682897],[0.57058022],[0.67650213]
[2.49234799],[0.81793304],[1.71377787]
[3.24962611],[0.89692459],[2.2515532]
[3.78987394],[0.98005501],[2.70780806]
[4.06192576],[1.02130502],[3.07761146]
[4.28290133],[1.05122046],[3.59266324]
[4.49759683],[1.15564756],[4.03680976]
[4.65036126],[1.23924244],[4.38238977]
[4.89099981],[1.29825112],[4.74809871]
[4.98620467],[1.35688222],[5.10482398]
[5.11631117],[1.39863346],[5.44457043]
[5.13385765],[1.45947517],[5.78890786]
[5.23335264],[1.49190954],[6.07702092]
[5.25914791],[1.53636017],[6.36170696]
[5.34065387],[1.56391297],[6.61947324]
[5.40566859],[1.60594484],[6.9060093]
[5.51270661],[1.63851599],[7.1585349]
[5.59458756],[1.68292407],[7.45809889]
[5.70341643],[1.70629032],[7.72715671]
[5.81400802],[1.73269245],[7.99231699]
[5.92651649],[1.75279097],[8.28000696]
[5.99852199],[1.77231278],[8.59040106]
[6.1649059],[1.78051445],[8.98174545]
[6.24856252],[1.80009222],[9.36160236]
[6.37429286],[1.82011601],[9.68599671]
[6.38259939],[1.84256842],[9.95744168]
[6.49097743],[1.87237742],[10.16551474]
[6.4647015],[1.8961477],[10.34578719]
[6.5620098],[1.9227628],[10.58237925]
[6.54026271],[1.93650278],[10.66343461]
[6.71020022],[1.94635603],[10.92668725]
[6.7578717],[1.95481568],[11.0045775]
[6.82921319],[1.94899043],[11.09991346]
[6.87135995],[1.94584686],[11.10159945]
[6.90880163],[1.93656806],[11.11488845]
[6.94903042],[1.92773878],[11.04946921]
[6.95169116],[1.91778044],[10.95071712]
[6.9284521],[1.90587648],[10.81149619]
[6.86099118],[1.89475104],[10.67174409]
[6.79102091],[1.88679278],[10.53995729]
[6.63840116],[1.87884302],[10.35083767]
[6.44849812],[1.8595375],[10.05152464]
[6.29075754],[1.83838598],[9.75094197]
[6.22091777],[1.81437423],[9.51029653]
[6.13646073],[1.78530245],[9.2578555]
[6.02881803],[1.73650903],[8.98888069]
[5.89726865],[1.68825692],[8.68478898]
[5.80209851],[1.67295593],[8.34603209]
[5.67392069],[1.65675883],[8.0201211]
[5.5243056],[1.63922669],[7.67811578]
[5.47774984],[1.62328098],[7.3959174]
[5.42049158],[1.60682783],[7.14480638]
[5.06000128],[1.58354223],[6.73534248]
[4.29170021],[1.55881196],[5.63030386]
[0.],[0.],[0.]
[1.60260011],[0.57729951],[0.70720482]
[2.49753063],[0.82336248],[1.73506343]
[3.25278395],[0.90112065],[2.27198915]
[3.8067359],[0.98438398],[2.73129889]
[4.08698827],[1.02535608],[3.1082536]
[4.30514686],[1.0552782],[3.63896575]
[4.52544223],[1.17288199],[4.09898281]
[4.66834131],[1.25973403],[4.4555614]
[4.91142185],[1.32537667],[4.84469969]
[5.01713286],[1.38897505],[5.23862602]
[5.15032126],[1.43091937],[5.59196049]
[5.17215068],[1.49033331],[5.94878819]
[5.26853708],[1.52320593],[6.26877573]
[5.30592921],[1.56812768],[6.58961167]
[5.40765009],[1.59854485],[6.86228961]
[5.49381433],[1.6416469],[7.16476996]
[5.58060308],[1.67662154],[7.46479396]
[5.72837196],[1.71233598],[7.7653588]
[5.87116015],[1.73660167],[8.02982195]
[5.96124152],[1.76124767],[8.34547242]
[6.09290967],[1.78043377],[8.65296854]
[6.17841003],[1.81250072],[9.0882101]
[6.31769492],[1.82083527],[9.49208892]
[6.35372883],[1.84711918],[9.86320606]
[6.53857361],[1.87573796],[10.19767121]
[6.57946929],[1.89629098],[10.54417785]
[6.73136534],[1.92704518],[10.95025046]
[6.76459928],[1.94857238],[11.13316799]
[6.85101748],[1.97486358],[11.38123692]
[6.87929025],[1.98756636],[11.49617607]
[6.92315428],[1.9974628],[11.6499633]
[6.96854633],[2.00644635],[11.72621485]
[6.98647155],[2.00228712],[11.79270377]
[7.02499237],[1.99958825],[11.80225859]
[7.02959219],[1.99083804],[11.77324189]
[7.06852814],[1.98170445],[11.71013661]
[7.06398392],[1.97250605],[11.61198098]
[7.10375036],[1.96115377],[11.50232099]
[7.02521379],[1.94972204],[11.34632308]
[6.98426762],[1.93848653],[11.20216772]
[6.89568739],[1.92652996],[11.02370849]
[6.77857036],[1.90720131],[10.79899605]
[6.66787034],[1.88868708],[10.50124513]
[6.51780717],[1.8681164],[10.10658862]
[6.2832473],[1.84128823],[9.73887579]
[6.19328239],[1.80324566],[9.45394143]
[6.11340534],[1.75701957],[9.18547783]
[6.00426238],[1.70613647],[8.86791248]
[5.89334289],[1.68468283],[8.52678322]
[5.77084869],[1.66762541],[8.16605917]
[5.58950297],[1.65137478],[7.7665875]
[5.47542954],[1.63423457],[7.44809157]
[5.181174],[1.6104348],[7.06340249]
[4.42380629],[1.58492481],[5.90039279]
[0.],[0.],[0.]
[1.60495643],[0.57343051],[0.70748541]
[2.4987815],[0.8273481],[1.74184961]
[3.25657023],[0.90477314],[2.28895068]
[3.80885922],[0.99020441],[2.7512295]
[4.08796371],[1.02894856],[3.17691597]
[4.30594937],[1.08450064],[3.72440582]
[4.52712599],[1.21086482],[4.2071283]
[4.67475653],[1.29909503],[4.61058884]
[4.91964901],[1.36459206],[4.99550619]
[5.02976982],[1.42576409],[5.42908458]
[5.16615152],[1.46617344],[5.80375042]
[5.19246998],[1.52462677],[6.17021984]
[5.31126127],[1.56000435],[6.530114]
[5.37488994],[1.60410071],[6.87434285]
[5.48660455],[1.63602757],[7.15974911]
[5.56810728],[1.68051019],[7.48407463]
[5.68654712],[1.71065048],[7.78463491]
[5.85021445],[1.73982852],[8.09538312]
[6.0285483],[1.7630977],[8.40096391]
[6.10280619],[1.78664445],[8.72588263]
[6.2765661],[1.81278],[9.15445525]
[6.31825206],[1.85554471],[9.60045556]
[6.48021551],[1.86373291],[10.0031908]
[6.55011629],[1.90140411],[10.38501586]
[6.7841055],[1.92757645],[10.9422351]
[6.87934726],[1.96774385],[11.37931745]
[6.98425987],[1.98092321],[11.68921067]
[7.03194038],[2.02239246],[11.89462192]
[7.04053874],[2.02661278],[12.07285292]
[7.07815358],[2.04222866],[12.19676443]
[7.08622203],[2.0416108],[12.30464688]
[7.17078864],[2.0510176],[12.38632619]
[7.20508511],[2.04641068],[12.44234197]
[7.36598725],[2.04404415],[12.60021907]
[7.38989481],[2.03590258],[12.5847309]
[7.47294145],[2.02696979],[12.64660564]
[7.46782674],[2.01723694],[12.55136121]
[7.50324281],[2.00625251],[12.4389477]
[7.44144072],[1.99548116],[12.22789961]
[7.33852254],[1.98488208],[12.01202524]
[7.16610553],[1.97052387],[11.72767615]
[7.01767878],[1.94755483],[11.44237361]
[6.88958384],[1.92816765],[11.16643398]
[6.81024633],[1.90832775],[10.85508669]
[6.70545703],[1.8844456],[10.50153768]
[6.57279323],[1.8519356],[10.10537885]
[6.38667554],[1.81247184],[9.74273351]
[6.18628966],[1.76772613],[9.36455401]
[6.1045542],[1.71414247],[9.04721782]
[5.99153312],[1.69718249],[8.73970335]
[5.83948193],[1.68282724],[8.35124821]
[5.64364169],[1.66699733],[7.92047057]
[5.39754758],[1.64446089],[7.4801764]
[4.5959673],[1.62132444],[6.28997234]
[0.],[0.],[0.]
[1.60703802],[0.56804004],[0.70423685]
[2.50009608],[0.82784203],[1.74119904]
[3.260117],[0.90516637],[2.29167897]
[3.81040994],[0.99091647],[2.7512806]
[4.08915363],[1.0303689],[3.16893244]
[4.30954924],[1.10605096],[3.75944177]
[4.53542069],[1.23899347],[4.28716856]
[4.68213932],[1.32838081],[4.74557793]
[4.92771983],[1.39402331],[5.14447863]
[5.04003961],[1.45524984],[5.59565629]
[5.18997949],[1.49780871],[5.99047831]
[5.24125445],[1.55836807],[6.39363841]
[5.36411107],[1.59553969],[6.77176649]
[5.43168392],[1.64188131],[7.13944616]
[5.54018007],[1.67554984],[7.4598081]
[5.61878706],[1.7126017],[7.79340777]
[5.78433984],[1.74119533],[8.08775893]
[5.94952515],[1.76849814],[8.43861627]
[6.16630342],[1.79127172],[8.78467368]
[6.25749457],[1.83097747],[9.22760865]
[6.42067219],[1.86657371],[9.68705292]
[6.47169528],[1.94192266],[10.16445252]
[6.64958594],[1.95031032],[10.63019767]
[6.78653484],[2.00348221],[11.17148966]
[6.97558515],[2.011012],[11.71477649]
[7.08356342],[2.05662703],[12.13107047]
[7.19278233],[2.06311451],[12.43543973]
[7.26610892],[2.10498284],[12.65609408]
[7.35956372],[2.10367241],[12.84555161]
[7.45898163],[2.1173768],[13.03143204]
[7.52217363],[2.10320326],[13.19670296]
[7.58505636],[2.10082563],[13.3808544]
[7.62528812],[2.09618443],[13.46381758]
[7.65783171],[2.09546838],[13.56025978]
[7.68906133],[2.08652455],[13.56638006]
[7.69510763],[2.07789692],[13.55388981]
[7.721809],[2.06828088],[13.47285856]
[7.69356061],[2.05715373],[13.34244753]
[7.69070942],[2.04679374],[13.15669116]
[7.62037611],[2.03699212],[12.95039737]
[7.52793878],[2.02184471],[12.72498682]
[7.44974143],[2.00231695],[12.4200504]
[7.30839949],[1.98130169],[12.01147385]
[7.09918095],[1.96329914],[11.60286657]
[6.89243407],[1.94323664],[11.25426164]
[6.81801897],[1.91856485],[10.95233471]
[6.72344513],[1.88832038],[10.61209295]
[6.61903629],[1.85708852],[10.22158972]
[6.48072652],[1.81591189],[9.82484058]
[6.30084463],[1.77161164],[9.43629912]
[6.12350896],[1.7251283],[9.06012919]
[5.97446383],[1.70497814],[8.68033121]
[5.70182834],[1.68255281],[8.10227684]
[4.79176269],[1.6596722],[6.80530447]
[0.],[0.],[0.]
[1.61020877],[0.56204458],[0.70095106]
[2.50021062],[0.82801527],[1.73877135]
[3.26216621],[0.90518078],[2.29161501]
[3.81369639],[0.99261763],[2.75243559]
[4.09493621],[1.03276899],[3.16659014]
[4.31702442],[1.12499104],[3.80901185]
[4.54309489],[1.26090035],[4.36593076]
[4.69084343],[1.35134272],[4.86188575]
[4.93986188],[1.41716191],[5.27492257]
[5.07640149],[1.48095108],[5.74888206]
[5.24109026],[1.52488555],[6.15885454]
[5.2973],[1.58562572],[6.58923133]
[5.41585549],[1.62675978],[6.98394787]
[5.49624021],[1.67412791],[7.38239942]
[5.5846917],[1.7061049],[7.72341575]
[5.70192359],[1.73718214],[8.05511414]
[5.88356411],[1.76443463],[8.38005682]
[6.04590008],[1.79098862],[8.76155038]
[6.30605074],[1.82189978],[9.19734375]
[6.35699076],[1.87087504],[9.68195787]
[6.55905695],[1.93763359],[10.1928104]
[6.62967979],[2.01299649],[10.68364748]
[6.86383603],[2.02714771],[11.34213668]
[7.04802543],[2.06869342],[11.86142461]
[7.14890171],[2.08024647],[12.30519815]
[7.32502328],[2.11989437],[12.77352239]
[7.5957978],[2.12870158],[13.23041779]
[7.67849092],[2.16372903],[13.54143958]
[7.738815],[2.16481678],[13.76709364]
[7.79401605],[2.17838759],[13.95189836]
[7.8031751],[2.15500953],[14.07819478]
[7.80572326],[2.1511649],[14.1943598]
[7.839832],[2.14004851],[14.26477841]
[7.83529335],[2.13784034],[14.31546062]
[7.88480979],[2.13079084],[14.31917718]
[7.86931332],[2.1236011],[14.28086154]
[8.05330588],[2.11415837],[14.33767003]
[8.00638953],[2.10378227],[14.19337021]
[8.01600191],[2.09470852],[14.11041595]
[7.86416032],[2.08659909],[13.83101418]
[7.72162182],[2.0724945],[13.61263683]
[7.67601718],[2.05648801],[13.384455]
[7.6068444],[2.03881938],[13.09594296]
[7.52690907],[2.02060163],[12.71574875]
[7.42085499],[1.99913823],[12.2806024]
[7.29183384],[1.97589941],[11.91939509]
[7.10697994],[1.94758297],[11.55080555]
[6.88754653],[1.91891307],[11.18509805]
[6.82336034],[1.88714385],[10.80978684]
[6.74852402],[1.85040332],[10.3711525]
[6.62784182],[1.80801165],[9.90069894]
[6.26140915],[1.76235315],[9.31753543]
[5.93484793],[1.71385483],[8.77318088]
[5.04639511],[1.6907123],[7.35184281]
[0.],[0.],[0.]
[1.62032324],[0.56412161],[0.72068008]
[2.50330354],[0.83181699],[1.74671483]
[3.26347938],[0.91042424],[2.30746178]
[3.83522455],[0.99728067],[2.78148157]
[4.12073409],[1.03908292],[3.21228012]
[4.33188019],[1.14454847],[3.8804638]
[4.55953599],[1.28421176],[4.45531985]
[4.72156469],[1.37719177],[4.99486967]
[4.98615902],[1.44339486],[5.43121311]
[5.1299475],[1.50918277],[5.90316864]
[5.29908672],[1.55259281],[6.32736114]
[5.35900395],[1.61278704],[6.77930821]
[5.48476724],[1.65883317],[7.19578231]
[5.56260429],[1.70270528],[7.61999698]
[5.64241224],[1.73315691],[7.94294907]
[5.79675924],[1.76128147],[8.31329278]
[5.98896838],[1.78843566],[8.67778799]
[6.16755071],[1.8226754],[9.11609607]
[6.410663],[1.86431658],[9.62705648]
[6.49042299],[1.94518118],[10.1456973]
[6.67215241],[2.02059619],[10.69922581]
[6.76914538],[2.07713547],[11.28190557]
[7.0544086],[2.09600154],[11.95043658]
[7.24626436],[2.12825942],[12.44212956]
[7.45366916],[2.14505824],[12.95264008]
[7.70088681],[2.17654307],[13.58348959]
[7.85827215],[2.19050856],[14.01937381]
[7.91273505],[2.21789167],[14.34349115]
[7.96122336],[2.22446811],[14.5394842]
[7.99329305],[2.23748393],[14.71087437]
[8.03466532],[2.22258012],[14.8458262]
[8.04967627],[2.22180447],[14.97183204]
[8.21020996],[2.21425218],[15.18185677]
[8.24802646],[2.20631787],[15.29167941]
[8.32501358],[2.19870146],[15.48457984]
[8.35946213],[2.1889844],[15.52728033]
[8.41058127],[2.18062793],[15.60824007]
[8.4488489],[2.1662595],[15.52881429]
[8.43028813],[2.15151501],[15.44853463]
[8.38996171],[2.14180048],[15.25515981]
[8.3203652],[2.12761338],[15.01929899]
[8.24386547],[2.11131577],[14.71872414]
[8.09971611],[2.0946376],[14.32139722]
[7.92214052],[2.07751584],[13.87574685]
[7.7032904],[2.05835651],[13.45536811]
[7.63773633],[2.03509297],[13.09549847]
[7.56137015],[2.00700365],[12.72149538]
[7.4723849],[1.97958109],[12.30015522]
[7.35560924],[1.95002357],[11.89229285]
[7.20431782],[1.91883138],[11.39960321]
[6.98856562],[1.8817374],[10.84676674]
[6.7606843],[1.84285639],[10.28474277]
[6.39122796],[1.79889007],[9.48878515]
[5.22925642],[1.75543484],[7.98166832]
[0.],[0.],[0.]
[1.6202239],[0.55822777],[0.71294368]
[2.50673645],[0.8360092],[1.75354947]
[3.27227381],[0.91643289],[2.33311033]
[3.84347009],[1.00592802],[2.81806846]
[4.12739962],[1.04979038],[3.34531423]
[4.34541831],[1.18341676],[4.01119325]
[4.59251979],[1.31710127],[4.61903161]
[4.76546753],[1.40858626],[5.17237674]
[5.029135],[1.47256775],[5.6250176]
[5.17958522],[1.53664486],[6.09172435]
[5.3504923],[1.58006606],[6.54549392]
[5.41511209],[1.63812402],[7.00236212]
[5.53976109],[1.68882077],[7.44683709]
[5.61165543],[1.72554523],[7.87723828]
[5.73152046],[1.7569991],[8.20291809]
[5.88184135],[1.78205421],[8.61399072]
[6.09136294],[1.81379886],[8.99940934]
[6.27448789],[1.85878243],[9.5434714]
[6.52216255],[1.92803481],[10.084043]
[6.63944887],[2.01600058],[10.61642866]
[6.84892826],[2.083807],[11.28492675]
[7.01800341],[2.13297428],[11.9595415]
[7.18845416],[2.15344572],[12.49791216]
[7.4413062],[2.18370933],[13.05194]
[7.76721123],[2.20610515],[13.72787149]
[7.88372518],[2.23560013],[14.28861693]
[8.02362074],[2.25536878],[14.7334161]
[8.1051756],[2.2781179],[15.09163864]
[8.30066004],[2.29038863],[15.42440009]
[8.38909329],[2.29945056],[15.66025416]
[8.47095717],[2.29050446],[15.99778012]
[8.5247291],[2.28765872],[16.20342317]
[8.55989119],[2.28173159],[16.47204723]
[8.60993521],[2.27468677],[16.6205651]
[8.62038456],[2.26727519],[16.74796828]
[8.65594022],[2.25836605],[16.80373351]
[8.65238727],[2.25053552],[16.81468038]
[8.82834834],[2.23487334],[16.81246854]
[8.85653226],[2.21486344],[16.72372093]
[8.86298578],[2.1929572],[16.67336375]
[8.71118594],[2.17648455],[16.31158539]
[8.59168336],[2.16029592],[16.03218886]
[8.48145349],[2.14469884],[15.71230244]
[8.38367851],[2.12854216],[15.3111539]
[8.28035674],[2.10997583],[14.82922587]
[8.16828758],[2.08687034],[14.35537891]
[8.02776646],[2.05947252],[13.90302875]
[7.83809194],[2.03093005],[13.43719259]
[7.65260989],[2.00238344],[13.02374665]
[7.58502549],[1.97461317],[12.58194816]
[7.50785542],[1.94233048],[11.98048665]
[7.35451724],[1.90614775],[11.35832037]
[6.79529584],[1.86682594],[10.46747673]
[5.84434134],[1.82900731],[8.79953473]
[0.],[0.],[0.]
[1.62343097],[0.55427522],[0.71119951]
[2.5128169],[0.83856253],[1.76359746]
[3.28099031],[0.92155401],[2.35517558]
[3.85872938],[1.01039349],[2.84668008]
[4.15485831],[1.05543225],[3.40670756]
[4.38419137],[1.20321739],[4.09825011]
[4.63817155],[1.33826036],[4.74821186]
[4.80993107],[1.43196652],[5.31362975]
[5.07133588],[1.49637945],[5.78583295]
[5.22932967],[1.55956931],[6.25444564]
[5.40131895],[1.60431208],[6.73714779]
[5.47998064],[1.66487542],[7.20332124]
[5.5861427],[1.71305704],[7.6659251]
[5.68830846],[1.74616752],[8.10140014]
[5.81895477],[1.77737636],[8.45076275]
[5.96577433],[1.80174152],[8.89152117]
[6.22188866],[1.85205786],[9.39549012]
[6.35550438],[1.93015925],[10.00038883]
[6.6372522],[2.02178112],[10.59937498]
[6.79346094],[2.09950463],[11.21891219]
[7.00605853],[2.16579023],[12.0502748]
[7.20320951],[2.21125572],[12.69178338]
[7.37974407],[2.232467],[13.23401781]
[7.75425085],[2.25916054],[13.99269391]
[7.99373993],[2.28106103],[14.64667814]
[8.0511139],[2.30689021],[15.19008059]
[8.3839086],[2.32577133],[15.75385612]
[8.54388307],[2.34443399],[16.23863864]
[8.6438996],[2.35610521],[16.71535037]
[8.76882075],[2.36405063],[17.03433877]
[8.72132684],[2.3571624],[17.34229854]
[8.76401505],[2.35333156],[17.5707931]
[8.76192314],[2.34791122],[17.74062112]
[8.90596909],[2.34143392],[17.95186518]
[8.98303389],[2.33490438],[18.0684068]
[9.11240234],[2.32812511],[18.2852427]
[9.16757501],[2.32035164],[18.33417525]
[9.23124141],[2.3054438],[18.46163283]
[9.28287591],[2.28783586],[18.39921422]
[9.28189093],[2.26868246],[18.32260627]
[9.25712715],[2.24873367],[18.12091748]
[9.18882897],[2.22574349],[17.75389855]
[9.07254857],[2.2006458],[17.34449895]
[8.90386248],[2.17948767],[16.86278472]
[8.66407987],[2.16384772],[16.28918406]
[8.46332727],[2.14199441],[15.78559369]
[8.391167],[2.1172252],[15.33108483]
[8.31418984],[2.09015164],[14.85635182]
[8.21926367],[2.06107845],[14.37633347]
[8.094113],[2.03474667],[13.8862909]
[7.93523556],[2.00656284],[13.25531683]
[7.69223504],[1.97502476],[12.57306869]
[7.36643429],[1.93901731],[11.65600809]
[6.30068414],[1.90438283],[9.76623755]
[0.],[0.],[0.]
[1.6292285],[0.55242563],[0.71459861]
[2.51870861],[0.83980004],[1.77532098]
[3.28950575],[0.92682215],[2.38322291]
[3.90314628],[1.01578801],[2.88324245]
[4.19753469],[1.06118401],[3.46699387]
[4.42614822],[1.22263635],[4.19081301]
[4.68466547],[1.35762009],[4.87378364]
[4.85064372],[1.45252353],[5.43916145]
[5.11420011],[1.51687642],[5.93499788]
[5.27759633],[1.57823452],[6.41230983]
[5.46522176],[1.62520877],[6.9190933]
[5.54256793],[1.68918468],[7.38543662]
[5.62490195],[1.73464529],[7.87013933]
[5.79492201],[1.76530959],[8.33200097]
[5.91249844],[1.79637311],[8.73045222]
[6.07018795],[1.83880698],[9.2351646]
[6.3272725],[1.90250539],[9.88354578]
[6.46592839],[2.01039699],[10.52783892]
[6.77891556],[2.09194505],[11.17491667]
[7.01755467],[2.16349094],[11.96312505]
[7.2161955],[2.22442167],[12.73968276]
[7.42683649],[2.26632395],[13.3853455]
[7.78686789],[2.28694074],[14.11430938]
[8.01006067],[2.31272124],[14.82305685]
[8.24947887],[2.33537587],[15.44129119]
[8.44625079],[2.36021435],[16.08008314]
[8.70855807],[2.37825897],[16.84555143]
[8.83809023],[2.39463839],[17.43756638]
[8.86858256],[2.40793676],[17.85109376]
[9.0452062],[2.41481962],[18.29468451]
[9.03965078],[2.41008473],[18.56323234]
[9.20518538],[2.40616497],[18.99674523]
[9.24601315],[2.40085158],[19.20360226]
[9.31044239],[2.39458186],[19.51473324]
[9.36327776],[2.38820281],[19.68914072]
[9.37672843],[2.38165129],[19.82881941]
[9.40886463],[2.37345686],[19.86188899]
[9.41677875],[2.36099351],[19.87584184]
[9.50049431],[2.34554124],[19.89030767]
[9.62364127],[2.32753593],[19.8382615]
[9.68239285],[2.3092429],[19.74170871]
[9.51611932],[2.28888489],[19.32736321]
[9.33757099],[2.25971646],[18.9169166]
[9.24757825],[2.2307828],[18.44239914]
[9.14707568],[2.20833599],[17.88469463]
[9.03176276],[2.18849534],[17.36996902]
[8.88704774],[2.16569991],[16.83623676]
[8.72898277],[2.14067699],[16.2737622]
[8.49457441],[2.11267205],[15.68507202]
[8.40499783],[2.08514191],[15.12467639]
[8.33615896],[2.05584026],[14.49613413]
[8.25468225],[2.02702089],[13.82209566]
[7.83924723],[1.99465673],[12.79233149]
[6.71247029],[1.96345672],[10.86113663]
[0.],[0.],[0.]
[1.64371603],[0.38976158],[0.52663179]
[2.52843135],[0.59711063],[1.29337439]
[3.29772705],[0.65733272],[1.79743863]
[3.94638515],[0.72372626],[2.22127172]
[4.24482761],[0.80695665],[2.75745493]
[4.47164535],[0.9699178],[3.46038181]
[4.73644952],[1.07560583],[4.12536429]
[4.88950119],[1.16462578],[4.65819798]
[5.15643696],[1.22108782],[5.14861678]
[5.32803497],[1.283699],[5.64230243]
[5.52723956],[1.32333098],[6.1358943]
[5.60482738],[1.38335509],[6.59988472]
[5.71860807],[1.41888718],[7.06898018]
[5.95019407],[1.46698851],[7.57902766]
[6.06738512],[1.52237724],[7.99347164]
[6.29897888],[1.64675356],[8.63528948]
[6.4838469],[1.72423158],[9.26116441]
[6.66399972],[1.79278497],[9.87463688]
[6.99694606],[1.84893968],[10.64595586]
[7.20065671],[1.90024066],[11.43600868]
[7.39005869],[1.94745209],[12.06303244]
[7.76386102],[1.99767757],[12.85559691]
[8.05941822],[2.03873589],[13.52706806]
[8.18521268],[2.08074225],[14.15047745]
[8.61855431],[2.12149311],[14.96817676]
[8.78798348],[2.15310875],[15.69505974]
[8.90111489],[2.18374672],[16.35745819]
[9.10623962],[2.22096809],[17.04505921]
[9.31343992],[2.2538618],[17.57069422]
[9.48517378],[2.28660158],[18.19458052]
[9.4736743],[2.33304469],[18.49056188]
[9.50568809],[2.36844906],[18.91329978]
[9.52801596],[2.39773298],[19.13425282]
[9.52166879],[2.40673169],[19.33517881]
[9.57608326],[2.40808222],[19.50130814]
[9.59548125],[2.39851261],[19.59050996]
[9.8376121],[2.38743826],[19.91140784]
[9.94022677],[2.37724112],[19.99634146]
[10.0632829],[2.36718479],[20.16644449]
[10.15586936],[2.35765033],[20.16731412]
[10.19869911],[2.34825873],[20.11503551]
[10.2512644],[2.338033],[19.93275684]
[10.08910385],[2.32536415],[19.49938196]
[9.85764611],[2.29118881],[18.89220399]
[9.48355383],[2.24590229],[18.04891364]
[9.27060094],[2.20426811],[17.45623857]
[9.18433074],[2.16285454],[16.91127242]
[9.09031649],[2.1235114],[16.37900955]
[8.99912256],[2.08368757],[15.85264414]
[8.88606798],[2.01183648],[15.27012742]
[8.74801667],[1.9878229],[14.58971983]
[8.55097731],[1.96321304],[13.73522203]
[8.19729169],[1.93800108],[12.80879972]
[7.27089965],[1.91335075],[11.14941321]
