meltWidth,meltDepth,meltArea
[0.],[0.],[0.]
[1.02318167],[0.31603528],[0.17782124]
[1.61244053],[0.4978969],[0.5746395]
[1.80495179],[0.54780832],[0.70261019]
[1.99670176],[0.58128104],[0.76537479]
[1.95527251],[0.5980115],[0.80949345]
[2.1588065],[0.60047859],[0.8671355]
[2.07129423],[0.58313418],[0.87921217]
[2.20424659],[0.54584229],[0.89455202]
[2.11026565],[0.55167437],[0.86884863]
[2.20063519],[0.51001324],[0.84093491]
[2.10921541],[0.5254619],[0.81548132]
[2.15759495],[0.4824973],[0.76551671]
[2.11416258],[0.49992393],[0.74845988]
[2.14514661],[0.47491956],[0.71572776]
[2.14738557],[0.49701632],[0.72437646]
[2.20833617],[0.47415331],[0.71565273]
[2.21650208],[0.50235359],[0.73808597]
[2.26113772],[0.47789254],[0.72857166]
[2.24327507],[0.50514107],[0.74137478]
[2.2747722],[0.48348084],[0.73019833]
[2.24827705],[0.50870607],[0.74194439]
[2.27836564],[0.48933444],[0.73193292]
[2.2502522],[0.51419007],[0.74066785]
[2.28843885],[0.49485671],[0.73157321]
[2.24986998],[0.51804047],[0.73930553]
[2.29769446],[0.49788947],[0.7314098]
[2.25969053],[0.5221852],[0.7407468]
[2.3009367],[0.5056405],[0.73815685]
[2.31609496],[0.5256261],[0.7538498]
[2.29711623],[0.52351496],[0.75838355]
[2.32848191],[0.52508328],[0.75773524]
[2.2933351],[0.52601295],[0.75402268]
[2.29560789],[0.5267014],[0.75412859]
[2.294971],[0.52771945],[0.7537955]
[2.2835602],[0.52666903],[0.75008098]
[2.28211041],[0.52477819],[0.74645314]
[2.2771871],[0.52130235],[0.74252185]
[2.27261337],[0.5142717],[0.73660798]
[2.2681226],[0.50721448],[0.73003863]
[2.2699878],[0.49984648],[0.72415681]
[2.27201662],[0.49297553],[0.72001958]
[2.27360311],[0.48601686],[0.71705656]
[2.28801043],[0.48285571],[0.72416569]
[2.30121032],[0.47830946],[0.73707511]
[2.31327177],[0.47365527],[0.75008769]
[2.32305571],[0.46980445],[0.76465905]
[2.3340971],[0.46721851],[0.78229945]
[2.33887499],[0.46468518],[0.79515959]
[2.33626078],[0.46508225],[0.80208638]
[2.34106315],[0.46856461],[0.81048706]
[2.32019201],[0.45687056],[0.78991537]
[1.94352899],[0.43851734],[0.68229648]
[0.],[0.],[0.]
[0.],[0.],[0.]
[0.],[0.],[0.]
[0.88883602],[0.43474586],[0.19038375]
[1.5875351],[0.71671054],[0.68536614]
[1.79354266],[0.80888169],[0.89221791]
[1.90698764],[0.77821252],[0.95739464]
[1.92829361],[0.82729575],[1.02711206]
[2.01327267],[0.80221365],[1.06715046]
[2.0457173],[0.8499906],[1.14193945]
[2.0936273],[0.80824686],[1.12713362]
[2.07748914],[0.83108146],[1.1250534]
[2.10588075],[0.78305736],[1.08191897]
[2.09363851],[0.81188679],[1.10013455]
[2.13235019],[0.77971349],[1.08323626]
[2.14098931],[0.83154972],[1.13557744]
[2.197738],[0.807647],[1.14967008]
[2.2349918],[0.84995504],[1.21065792]
[2.27419419],[0.83030202],[1.22422392]
[2.43075105],[0.86192696],[1.31136196]
[2.35221912],[0.84735282],[1.29312599]
[2.58795047],[0.86489779],[1.39191364]
[2.44134049],[0.85894492],[1.34115768]
[2.61721999],[0.86566512],[1.41611358]
[2.46581731],[0.8647917],[1.36560554]
[2.60728468],[0.86929416],[1.42109635]
[2.46422086],[0.86450961],[1.37672178]
[2.58869304],[0.86848221],[1.42354987]
[2.46693438],[0.85715874],[1.38323071]
[2.57074649],[0.86403108],[1.42080266]
[2.4695122],[0.84920301],[1.39071268]
[2.58498435],[0.85493296],[1.43325704]
[2.503051],[0.84525532],[1.43198136]
[2.57967953],[0.84241434],[1.44105467]
[2.49813753],[0.84259351],[1.42199621]
[2.48436374],[0.84419022],[1.41718486]
[2.48244729],[0.84841073],[1.41871674]
[2.48904689],[0.85309673],[1.42380336]
[2.49804395],[0.85650622],[1.42148845]
[2.50279569],[0.85581587],[1.41565062]
[2.5097995],[0.85594956],[1.41325956]
[2.52847254],[0.85610814],[1.4127607]
[2.5339996],[0.85682025],[1.40873358]
[2.54845753],[0.85524257],[1.40748173]
[2.55399614],[0.85531702],[1.40508126]
[2.5689735],[0.85264448],[1.40124051]
[2.57745632],[0.84720483],[1.39237717]
[2.5920016],[0.84204894],[1.39032449]
[2.61640595],[0.83210144],[1.38655251]
[2.61304504],[0.82004672],[1.37423354]
[2.6267565],[0.80845686],[1.36705571]
[2.64368817],[0.7970293],[1.36506974]
[2.67651962],[0.79261579],[1.37220824]
[2.70149668],[0.79328995],[1.3829941]
[2.32516101],[0.79336599],[1.2768172]
[0.],[0.],[0.]
[0.],[0.],[0.]
[0.],[0.],[0.]
[0.93114195],[0.64190301],[0.29460113]
[1.73242785],[0.83696905],[0.83816669]
[1.9205828],[0.93398903],[1.08753386]
[2.0476913],[0.91839353],[1.19206096]
[2.07638803],[0.9552842],[1.25442238]
[2.11543925],[0.96198144],[1.26431334]
[2.13954272],[0.97021065],[1.28731786]
[2.17434104],[0.9635839],[1.27706149]
[2.19030446],[0.96903062],[1.29501574]
[2.26397424],[0.94904505],[1.31696919]
[2.26964905],[0.9550346],[1.34497652]
[2.36283599],[0.93967893],[1.38006363]
[2.39623626],[0.96849483],[1.43851043]
[2.44967907],[0.94910824],[1.46587593]
[2.62339658],[0.98110783],[1.56882482]
[2.54318361],[0.96101785],[1.54593772]
[2.76345209],[0.99193267],[1.67009802]
[2.6223403],[0.96909868],[1.62133755]
[2.87338782],[0.99343734],[1.74401904]
[2.67702635],[0.9684269],[1.65653149]
[2.95013259],[0.98303755],[1.79378529]
[2.76673763],[0.96570329],[1.68979144]
[2.96370471],[0.97692842],[1.79595826]
[2.73183351],[0.95537182],[1.68433805]
[2.96794063],[0.96787048],[1.79863028]
[2.75921938],[0.94445892],[1.69424014]
[2.98160377],[0.95539787],[1.7946442]
[2.79571009],[0.93477989],[1.71004773]
[3.02270614],[0.94468158],[1.80592425]
[2.87383387],[0.93271817],[1.75197878]
[3.03199166],[0.93132352],[1.81246865]
[2.87706646],[0.93091503],[1.74818864]
[2.85544265],[0.93266167],[1.74135289]
[2.85991713],[0.93694239],[1.7478416]
[2.845016],[0.94173409],[1.75223187]
[2.85517825],[0.9462115],[1.75896797]
[2.8707372],[0.95026725],[1.766444]
[2.88482592],[0.95457058],[1.7719215]
[2.9250841],[0.95840739],[1.78484291]
[2.92569284],[0.96323115],[1.78496982]
[2.94622977],[0.96250785],[1.78874622]
[2.96081051],[0.96181564],[1.78680428]
[2.9901842],[0.96114475],[1.78784893]
[3.00949222],[0.95866552],[1.78384583]
[3.02605798],[0.95779534],[1.78038033]
[3.06473526],[0.95768041],[1.78428591]
[3.03755986],[0.95712379],[1.75544092]
[3.01690862],[0.94459749],[1.72620035]
[2.99726391],[0.93112945],[1.70635719]
[3.01151101],[0.92215229],[1.70185458]
[3.01528208],[0.90913184],[1.69166237]
[2.54777746],[0.89850433],[1.52432305]
[0.],[0.],[0.]
[0.],[0.],[0.]
[0.],[0.],[0.]
[1.09794619],[0.50838819],[0.27501099]
[1.92427255],[0.77439353],[0.87455783]
[2.04813483],[0.8734484],[1.07338361]
[2.19307408],[0.88899966],[1.19333428]
[2.24607364],[0.96038085],[1.30956932]
[2.34247306],[0.95519326],[1.36130722]
[2.34597873],[0.97148823],[1.41458875]
[2.44875278],[0.94201142],[1.4394167]
[2.42120519],[0.96301369],[1.45722432]
[2.5472348],[0.92463776],[1.47805766]
[2.60322974],[0.95117975],[1.53676567]
[2.65278218],[0.93319061],[1.55497272]
[2.76339715],[0.9512978],[1.6205004]
[2.72038723],[0.94332804],[1.6392015]
[2.95564184],[0.95335599],[1.73714716]
[2.85182569],[0.95567856],[1.72435007]
[3.13202861],[0.96329687],[1.85723935]
[3.12744939],[0.96084125],[1.82992659]
[3.26641395],[0.97518271],[1.95871176]
[3.31806705],[0.95953927],[1.92852075]
[3.3319908],[0.9731436],[2.00952558]
[3.40388686],[0.95520621],[1.99376018]
[3.36367677],[0.96610897],[2.0343179]
[3.42938116],[0.94786749],[2.01162356]
[3.37751874],[0.95653632],[2.05566189]
[3.4529638],[0.93996495],[2.03461553]
[3.40399099],[0.94906416],[2.07717994]
[3.47139576],[0.93367353],[2.0551921]
[3.4657318],[0.94338629],[2.11589985]
[3.47248076],[0.93452484],[2.09836919]
[3.48282548],[0.93588663],[2.14017543]
[3.47142837],[0.93568464],[2.10066987]
[3.45082897],[0.93696486],[2.08721176]
[3.44784108],[0.93961768],[2.08363099]
[3.43600349],[0.94179744],[2.07547307]
[3.42852769],[0.94381345],[2.06340265]
[3.42269459],[0.94577958],[2.05563852]
[3.41631084],[0.94826949],[2.05415231]
[3.41282422],[0.95011615],[2.05742071]
[3.40888682],[0.95323927],[2.04608969]
[3.4072228],[0.95593461],[2.04430449]
[3.3989741],[0.95837531],[2.03799357]
[3.41032881],[0.96043992],[2.03478805]
[3.41797532],[0.96090443],[2.0267881]
[3.42373032],[0.95922591],[2.01709496]
[3.42373457],[0.9573555],[2.00535925]
[3.43583585],[0.95397126],[1.97869556]
[3.4436641],[0.94672978],[1.9644895]
[3.41054801],[0.94255037],[1.93605599]
[3.38628713],[0.93754105],[1.9051867]
[3.37590053],[0.92547918],[1.88652403]
[2.77420422],[0.91734905],[1.67065421]
[0.],[0.],[0.]
[0.],[0.],[0.]
[0.],[0.],[0.]
[1.45112754],[0.5950064],[0.45941993]
[2.08904752],[0.80082461],[1.00494582]
[2.24243951],[0.9302551],[1.27818133]
[2.44205293],[0.94293762],[1.44651269]
[2.4527021],[0.98823341],[1.55258257]
[2.59258215],[0.9728069],[1.62892946]
[2.56166057],[0.98946208],[1.66377417]
[2.68116125],[0.97319249],[1.71487382]
[2.88740845],[0.98271981],[1.81719567]
[2.76450775],[0.97666929],[1.78432043]
[3.04730339],[0.98010102],[1.91449042]
[2.96862745],[0.98415607],[1.8743559]
[3.23567375],[0.9864353],[2.04995819]
[3.28332013],[0.99163531],[2.0219157]
[3.37638013],[0.99665054],[2.18004682]
[3.50380262],[0.99747256],[2.1713506]
[3.46783449],[1.00450997],[2.26799329]
[3.59011288],[0.99911609],[2.28483107]
[3.51422339],[1.0065363],[2.31544449]
[3.64454683],[0.99483223],[2.32261146]
[3.56380926],[1.00352107],[2.34268408]
[3.6844778],[0.99105716],[2.33974225]
[3.59449035],[0.9955052],[2.35217923]
[3.72186836],[0.98184805],[2.34813756]
[3.61236164],[0.98483278],[2.35739704]
[3.7386818],[0.9735966],[2.35013164]
[3.63864515],[0.97602949],[2.36015168]
[3.75536097],[0.9677704],[2.35109123]
[3.71422041],[0.96936068],[2.39252919]
[3.76313094],[0.96398428],[2.38603672]
[3.73824433],[0.96565337],[2.40433513]
[3.76286487],[0.96549478],[2.37579448]
[3.7378417],[0.96638763],[2.35059086]
[3.73198415],[0.9676782],[2.34346294]
[3.72165056],[0.96976046],[2.33664342]
[3.71354105],[0.97217266],[2.32755476]
[3.70431298],[0.97390264],[2.31738287]
[3.69012724],[0.97558572],[2.30759821]
[3.66919583],[0.97696861],[2.30500878]
[3.66024233],[0.97833586],[2.28977552]
[3.64551688],[0.97761907],[2.27565553]
[3.62329682],[0.97799523],[2.26198215]
[3.6099459],[0.97653507],[2.24786573]
[3.60610606],[0.97128594],[2.22912121]
[3.60800714],[0.96740561],[2.21480505]
[3.60073234],[0.96445042],[2.201854]
[3.61404201],[0.95948869],[2.16772796]
[3.60813775],[0.95166891],[2.1376883]
[3.61703993],[0.94400136],[2.1167648]
[3.64526565],[0.93683156],[2.10809157]
[3.65177213],[0.92874585],[2.08874382]
[2.88431664],[0.92200784],[1.7716651]
[0.],[0.],[0.]
[0.],[0.],[0.]
[0.],[0.],[0.]
[1.67449179],[0.68542551],[0.6193878]
[2.25133164],[0.88287829],[1.16830832]
[2.3740827],[0.94587253],[1.42016172]
[2.59639764],[0.96208885],[1.63057042]
[2.75408395],[0.98521889],[1.77680789]
[2.7209372],[0.99417202],[1.80312123]
[2.99449486],[0.99528196],[1.94670591]
[2.96403028],[1.00316223],[1.92332747]
[3.17875471],[1.0004237],[2.08681085]
[3.18991533],[1.0081189],[2.03766513]
[3.31074998],[1.00435355],[2.19972631]
[3.42939904],[1.0044423],[2.18564723]
[3.4497256],[0.99983395],[2.30930621]
[3.58373141],[0.99630546],[2.29901364]
[3.52104322],[0.99715432],[2.37865407]
[3.70701341],[1.00045715],[2.42874078]
[3.6731341],[1.00264627],[2.46747893]
[3.84005617],[1.00412489],[2.50952941]
[3.82072536],[1.00406039],[2.54279412]
[3.94992183],[1.00594746],[2.54734798]
[3.89790482],[1.00485236],[2.58984554]
[3.9808249],[1.00347567],[2.57728252]
[3.91820324],[1.00227834],[2.62880052]
[4.01512466],[0.9955053],[2.59906698]
[3.93448587],[0.99437501],[2.6495374]
[4.03468032],[0.98784344],[2.60757281]
[3.9554076],[0.98707331],[2.66520691]
[4.05537626],[0.98202243],[2.62698615]
[4.03981533],[0.97903775],[2.70857844]
[4.05211091],[0.9783748],[2.6965077]
[4.06814619],[0.98014841],[2.74311334]
[4.05478687],[0.98097043],[2.72355169]
[4.06733438],[0.98162843],[2.70790211]
[4.04515502],[0.98111886],[2.69314119]
[4.03226986],[0.9813952],[2.67051409]
[4.02422887],[0.98299177],[2.63653342]
[4.01226357],[0.98285516],[2.60368681]
[3.9985439],[0.9830013],[2.57226411]
[3.9758308],[0.98376957],[2.55061583]
[3.96607668],[0.98554414],[2.52208309]
[3.95593545],[0.98547508],[2.50343842]
[3.93525869],[0.98653936],[2.48706018]
[3.91905273],[0.98712243],[2.46604114]
[3.90377338],[0.9840622],[2.43916402]
[3.88472718],[0.98069385],[2.41127572]
[3.85511367],[0.97479584],[2.38159639]
[3.83972907],[0.96821714],[2.3503316]
[3.81409455],[0.95708872],[2.31325801]
[3.77218174],[0.9474446],[2.26931321]
[3.74744102],[0.93872437],[2.23058303]
[3.77105959],[0.92967948],[2.2130162]
[2.99554758],[0.92191942],[1.88642429]
[0.],[0.],[0.]
[0.],[0.],[0.]
[0.],[0.],[0.]
[1.85546118],[0.75950228],[0.75119493]
[2.39044877],[0.92889049],[1.353935]
[2.49133906],[0.99393447],[1.6090295]
[2.67184381],[1.00858118],[1.7917448]
[2.98398449],[1.02398112],[2.00359127]
[2.9320037],[1.03465602],[1.97793842]
[3.22552365],[1.03140654],[2.19306772]
[3.36405441],[1.02817738],[2.18983576]
[3.39884527],[1.02090392],[2.32793264]
[3.54723082],[1.0182671],[2.30674558]
[3.48564688],[1.01052454],[2.40303042]
[3.67271214],[1.01115002],[2.43028289]
[3.64348259],[1.00106251],[2.51514487]
[3.84629167],[1.00534633],[2.5679209]
[3.84749579],[1.00311817],[2.62745942]
[4.04017369],[1.01008132],[2.68845011]
[4.03981332],[1.00660377],[2.77339789]
[4.17652297],[1.01210889],[2.81669344]
[4.18168088],[1.0100125],[2.87414203]
[4.2822338],[1.01499883],[2.90193101]
[4.2552013],[1.01084808],[2.95142789]
[4.31246992],[1.01498017],[2.98144864]
[4.26753231],[1.01420083],[3.01268026]
[4.34474998],[1.02072044],[3.03650409]
[4.28441826],[1.02929739],[3.04704709]
[4.35819267],[1.03611234],[3.07577896]
[4.3078322],[1.04153832],[3.082179]
[4.3773376],[1.04498535],[3.09857723]
[4.40029079],[1.04591092],[3.13294328]
[4.36835368],[1.05091092],[3.13608168]
[4.42450347],[1.05309674],[3.16435167]
[4.36876632],[1.05713392],[3.15707702]
[4.41420007],[1.05149828],[3.14523294]
[4.37044892],[1.04053042],[3.11946721]
[4.35417543],[1.02141714],[3.08200846]
[4.34982687],[1.00765745],[3.03957446]
[4.3393465],[0.99909191],[3.00001548]
[4.32860965],[0.99700859],[2.9570072]
[4.30705287],[0.99731433],[2.91358664]
[4.29943299],[0.998338],[2.86713507]
[4.29209532],[0.9969271],[2.82555345]
[4.2674212],[0.9971487],[2.7733065]
[4.24812371],[0.99743718],[2.724429]
[4.22447507],[0.99456913],[2.68023546]
[4.19848089],[0.99103356],[2.62896082]
[4.15710575],[0.98711364],[2.58320105]
[4.12677227],[0.98329696],[2.52571092]
[4.08974962],[0.97510238],[2.4734834]
[4.02385895],[0.96704644],[2.43009343]
[3.95192349],[0.95910006],[2.38456709]
[3.88917677],[0.94852549],[2.33533281]
[3.14411149],[0.93927414],[1.99714809]
[0.],[0.],[0.]
[0.],[0.],[0.]
[0.],[0.],[0.]
[1.99177248],[0.68993031],[0.75808997]
[2.45254873],[0.87087293],[1.32336135]
[2.60697973],[0.92728795],[1.57324448]
[2.71182695],[0.95608251],[1.73731392]
[3.12565815],[0.97461131],[1.99930026]
[3.157585],[0.98296606],[1.9851298]
[3.37415202],[0.97881544],[2.24147983]
[3.5653423],[0.98263753],[2.27062085]
[3.55437393],[0.97572904],[2.4084106]
[3.72281327],[0.97726285],[2.423234]
[3.73014089],[0.97065674],[2.52557599]
[3.91746754],[0.97590243],[2.5662524]
[3.96183006],[0.96885433],[2.65629511]
[4.14734386],[0.97354733],[2.70336564]
[4.15677136],[0.97548436],[2.7960679]
[4.3151235],[0.99271295],[2.87939548]
[4.33682058],[1.00653406],[2.95908894]
[4.46824629],[1.0199045],[3.05269675]
[4.45222475],[1.03442233],[3.0998594]
[4.55750374],[1.05382346],[3.18655701]
[4.49418037],[1.07253121],[3.20365459]
[4.57001946],[1.08428094],[3.29264713]
[4.50746382],[1.09100971],[3.26928919]
[4.59138073],[1.09963678],[3.34625889]
[4.52212873],[1.10716426],[3.30278351]
[4.60105787],[1.11297723],[3.3852967]
[4.54627003],[1.11758063],[3.33489644]
[4.61975869],[1.12051974],[3.41841883]
[4.65974443],[1.12126276],[3.41121265]
[4.63543088],[1.12728374],[3.43120398]
[4.67716444],[1.12862394],[3.46553182]
[4.63885966],[1.13149541],[3.44811108]
[4.66929866],[1.12776317],[3.44479477]
[4.64377425],[1.11624542],[3.40504618]
[4.61665513],[1.09814042],[3.35794225]
[4.61552518],[1.07788414],[3.31626564]
[4.60258627],[1.05866569],[3.27467594]
[4.59222959],[1.03943246],[3.231277]
[4.57056999],[1.01968933],[3.18641718]
[4.56949924],[1.00408907],[3.14057666]
[4.56561078],[0.9970215],[3.09640333]
[4.54292053],[0.99745558],[3.04519817]
[4.53547519],[0.99839619],[2.98513228]
[4.51565504],[0.99239131],[2.91660563]
[4.49830708],[0.98862189],[2.84624369]
[4.46405263],[0.98567845],[2.77318715]
[4.43088682],[0.98431558],[2.70162036]
[4.39173274],[0.97634512],[2.63047982]
[4.33015686],[0.96926079],[2.56762197]
[4.24906092],[0.96184003],[2.50772981]
[4.17570738],[0.95195888],[2.45428971]
[3.40314369],[0.94322743],[2.11007508]
[0.],[0.],[0.]
[0.],[0.],[0.]
[0.77205565],[0.11294812],[0.04141626]
[2.15612629],[0.72534914],[0.89868547]
[2.53140409],[0.87786772],[1.43325119]
[2.70194382],[0.93972439],[1.69053062]
[2.75918924],[0.96696177],[1.84457316]
[3.22964694],[0.98938105],[2.14864044]
[3.3090047],[0.99964575],[2.15178236]
[3.47236387],[1.00566375],[2.41018849]
[3.68146616],[1.00955271],[2.45039774]
[3.72400678],[1.0022006],[2.59878438]
[3.88174608],[1.00184064],[2.59932525]
[3.94480439],[0.99314398],[2.72715913]
[4.12701276],[0.99955276],[2.75319027]
[4.18720722],[0.99482604],[2.8795155]
[4.3452527],[1.0052895],[2.93175376]
[4.38229733],[1.01682432],[3.02986236]
[4.52469944],[1.04252267],[3.14073415]
[4.54173283],[1.06545367],[3.2320352]
[4.70751707],[1.08343226],[3.35531416]
[4.6649872],[1.09726504],[3.37426828]
[4.78962865],[1.11394903],[3.48676504]
[4.70044231],[1.12970451],[3.47260045]
[4.80792069],[1.13763185],[3.57952486]
[4.70952717],[1.14236205],[3.52980672]
[4.82783045],[1.14898621],[3.62679685]
[4.7086003],[1.15629919],[3.55084308]
[4.84154837],[1.16226697],[3.66862797]
[4.72429591],[1.16712449],[3.58558623]
[4.85395417],[1.1699575],[3.70322956]
[4.86221192],[1.17063196],[3.68814422]
[4.86772324],[1.17642126],[3.71500594]
[4.87442436],[1.17830347],[3.74858254]
[4.87183894],[1.18130937],[3.73873581]
[4.87496737],[1.17960346],[3.7446461]
[4.88061928],[1.16701219],[3.70680879]
[4.84361749],[1.14999662],[3.6535158]
[4.84131684],[1.13087805],[3.61726119]
[4.83448946],[1.11286994],[3.56736747]
[4.8270671],[1.09469626],[3.51606407]
[4.80914472],[1.07580714],[3.4634697]
[4.80511218],[1.05451652],[3.42679208]
[4.80020924],[1.0344915],[3.38798348]
[4.78357915],[1.01617908],[3.33654048]
[4.77309493],[1.01464104],[3.29319848]
[4.75662096],[1.00836886],[3.23510529]
[4.73944224],[1.00442389],[3.16752539]
[4.70819156],[1.0016196],[3.07378735]
[4.69011108],[0.99859427],[2.98655851]
[4.67121703],[0.99175759],[2.9114434]
[4.64057689],[0.98741393],[2.83542836]
[4.60264292],[0.98332863],[2.76252315]
[4.55560483],[0.97531233],[2.71034416]
[3.78441862],[0.96852679],[2.32888185]
[0.],[0.],[0.]
[0.],[0.],[0.]
[1.05036162],[0.14047533],[0.07109339]
[2.27167923],[0.73819539],[1.01648227]
[2.58110269],[0.89145861],[1.52517145]
[2.78558501],[0.95862646],[1.79261406]
[2.84936353],[0.97753618],[1.93860922]
[3.31915487],[1.0037926],[2.2652415]
[3.42530693],[1.01418598],[2.26343175]
[3.54664616],[1.01851837],[2.51223193]
[3.77604756],[1.02685045],[2.58499823]
[3.87639346],[1.0161079],[2.75887066]
[4.02746981],[1.02257894],[2.76396115]
[4.13205238],[1.01500162],[2.9199205]
[4.27349305],[1.02538934],[2.95292286]
[4.33373672],[1.03962006],[3.09410117]
[4.47932388],[1.05972393],[3.17083911]
[4.50669188],[1.08218526],[3.27707606]
[4.65851106],[1.11025855],[3.41283566]
[4.66435445],[1.12968655],[3.47336126]
[4.82931653],[1.14539099],[3.61198871]
[4.78556007],[1.15760095],[3.61262968]
[4.90674939],[1.17238258],[3.73871249]
[4.81855891],[1.18609856],[3.71170772]
[4.9273376],[1.19237647],[3.82041015]
[4.82886415],[1.1969111],[3.76136378]
[4.94696873],[1.20313094],[3.87131284]
[4.83391941],[1.20972956],[3.78594052]
[4.95809992],[1.21522645],[3.9060204]
[4.85119777],[1.21985578],[3.81868822]
[4.97055172],[1.22248328],[3.93856886]
[4.97772345],[1.2231114],[3.93624334]
[4.99781209],[1.22843817],[3.95704468]
[4.99185726],[1.23085186],[3.9909946]
[5.00976658],[1.23355355],[3.98164617]
[4.99881301],[1.23310386],[3.98790487]
[5.0214699],[1.21990798],[3.95256546]
[4.98264397],[1.20438664],[3.90341894]
[4.98342264],[1.18641116],[3.86934809]
[4.98113497],[1.16966272],[3.823098]
[4.97608317],[1.15269527],[3.77263304]
[4.96603667],[1.1352529],[3.71396626]
[4.96277207],[1.11565036],[3.67265783]
[4.95854792],[1.0974075],[3.62338387]
[4.94696293],[1.07888292],[3.56892238]
[4.94092972],[1.05719577],[3.53299079]
[4.9283664],[1.0368476],[3.48479482]
[4.91375459],[1.01927202],[3.42351953]
[4.89098781],[1.0162581],[3.33666539]
[4.87117423],[1.01446024],[3.25706347]
[4.85413675],[1.00901508],[3.15613157]
[4.83180043],[1.00306661],[3.05472811]
[4.79411463],[0.99931549],[2.96036291]
[4.74520411],[0.99387417],[2.87693381]
[3.95542994],[0.98856206],[2.46359336]
[0.],[0.],[0.]
[0.],[0.],[0.]
[1.11722628],[0.16002702],[0.1329081]
[2.35084941],[0.75313214],[1.13461975]
[2.62776043],[0.91090988],[1.6118625]
[2.8708135],[0.96860791],[1.86935814]
[2.97943011],[0.99333382],[2.02641231]
[3.39889381],[1.0216971],[2.36771518]
[3.5360521],[1.03365674],[2.37059912]
[3.66562859],[1.03892948],[2.6454549]
[3.89457659],[1.04245859],[2.72314715]
[4.03953381],[1.03204899],[2.92658233]
[4.19694502],[1.04807559],[2.94905636]
[4.2653086],[1.06605557],[3.11004742]
[4.41597273],[1.08378652],[3.16742755]
[4.46355021],[1.09799604],[3.30183052]
[4.61107212],[1.11714462],[3.40841525]
[4.63201271],[1.13534992],[3.48760592]
[4.78700122],[1.16094233],[3.63560289]
[4.78146232],[1.17743735],[3.67800827]
[4.9460709],[1.19173714],[3.83223109]
[4.89389638],[1.20306841],[3.81708434]
[5.00426707],[1.21661522],[3.94780797]
[4.91897495],[1.22804316],[3.90353949]
[5.01723504],[1.23378676],[4.02131402]
[4.92394064],[1.23799119],[3.94657379]
[5.02516205],[1.24368545],[4.06241666]
[4.93135559],[1.24967603],[3.96928666]
[5.02789481],[1.25414731],[4.08790976]
[4.943513],[1.25832535],[3.99447346]
[5.03341545],[1.26109043],[4.11593047]
[5.03949237],[1.26193492],[4.11927685]
[5.06292797],[1.26738486],[4.14097622]
[5.04756511],[1.26993774],[4.17118236]
[5.06885563],[1.27285267],[4.16228101]
[5.04966809],[1.27168194],[4.1664733]
[5.07323436],[1.25905032],[4.12793561]
[5.03035355],[1.24432589],[4.07771611]
[5.0283627],[1.22712328],[4.04421407]
[5.02563989],[1.21116448],[3.9981476]
[5.02388705],[1.19472007],[3.95077734]
[5.01795889],[1.17825248],[3.89638743]
[5.01562723],[1.15970555],[3.85696987]
[5.01170585],[1.14299949],[3.81078987]
[5.00137758],[1.12572857],[3.75283536]
[4.99203102],[1.1053173],[3.70244033]
[4.97889823],[1.08579157],[3.64467113]
[4.96411261],[1.05921538],[3.58470621]
[4.94540357],[1.02808176],[3.50914155]
[4.9223683],[1.02217227],[3.42404132]
[4.90552657],[1.01775918],[3.33564159]
[4.88450062],[1.01367278],[3.23691521]
[4.85394249],[1.01199256],[3.12854627]
[4.78628707],[1.00536424],[3.02380276]
[3.99688481],[1.0011126],[2.56590722]
[0.],[0.],[0.]
[0.],[0.],[0.]
[1.26237321],[0.24626034],[0.236541]
[2.41148891],[0.75505717],[1.18980798]
[2.66771794],[0.90536702],[1.62014072]
[2.9536805],[0.94577207],[1.86429398]
[3.10063939],[0.97055968],[2.02740899]
[3.46823587],[0.9937251],[2.36317653]
[3.6465911],[1.00655298],[2.40770668]
[3.79555476],[1.0102028],[2.68312601]
[4.03763809],[1.05423685],[2.81514566]
[4.21192719],[1.07201777],[3.06119645]
[4.3362087],[1.09028761],[3.08739121]
[4.40470486],[1.10715783],[3.25268323]
[4.54626677],[1.12331031],[3.34457123]
[4.58451835],[1.13749183],[3.43736287]
[4.72305268],[1.15465787],[3.56603752]
[4.72948676],[1.16859007],[3.61162539]
[4.86920202],[1.19125736],[3.78240899]
[4.85813139],[1.20464958],[3.79681487]
[5.00564767],[1.21829961],[3.95585761]
[4.95552783],[1.22960141],[3.92201307]
[5.05234781],[1.24263543],[4.06837854]
[4.9781085],[1.25235274],[4.00461288]
[5.06227139],[1.25842424],[4.13597059]
[4.9887001],[1.26307367],[4.0508848]
[5.06567975],[1.26848278],[4.17221729]
[4.99284788],[1.27398414],[4.07368212]
[5.06843619],[1.27756013],[4.19627093]
[5.00491336],[1.28097317],[4.09784376]
[5.0735187],[1.28364498],[4.22117073]
[5.08247072],[1.28484133],[4.23110933]
[5.1076802],[1.28836127],[4.2461638]
[5.08895007],[1.29114083],[4.27316808]
[5.11446602],[1.29319782],[4.26549064]
[5.10225207],[1.28995333],[4.26559322]
[5.11466529],[1.27864458],[4.22568393]
[5.09011133],[1.26394629],[4.18412362]
[5.08832216],[1.24758643],[4.14612342]
[5.08610175],[1.23254229],[4.10265242]
[5.08487066],[1.21736206],[4.06038458]
[5.06385848],[1.20164591],[4.0058895]
[5.0565132],[1.18436923],[3.96041249]
[5.05276971],[1.16895997],[3.9133138]
[5.04780871],[1.15294276],[3.86094946]
[5.03603133],[1.1343802],[3.8073642]
[5.02435433],[1.11609077],[3.7476323]
[5.01020934],[1.09280812],[3.6829149]
[4.99276524],[1.06421678],[3.60511063]
[4.97159597],[1.03210772],[3.52382769]
[4.95660561],[1.00019963],[3.44040382]
[4.93667065],[0.989259],[3.3427546]
[4.90871606],[0.98732908],[3.24706551]
[4.82385685],[0.98310785],[3.13748995]
[4.03318904],[0.98028537],[2.65003632]
[0.],[0.],[0.]
[0.],[0.],[0.]
[1.33016213],[0.37159979],[0.33656383]
[2.4543189],[0.77030467],[1.26281925]
[2.72643752],[0.92065918],[1.7080595]
[3.03065189],[0.96112666],[1.95890191]
[3.23442996],[0.98781036],[2.14847137]
[3.54680235],[1.01377098],[2.48375554]
[3.79564419],[1.02416867],[2.56701881]
[3.95007088],[1.06951703],[2.89105676]
[4.20577734],[1.11243392],[3.06064661]
[4.3545512],[1.13098174],[3.30578663]
[4.46344707],[1.14557354],[3.36870856]
[4.50619977],[1.15794651],[3.48280915]
[4.63668763],[1.17006046],[3.60506994]
[4.67499085],[1.18054969],[3.65427353]
[4.80745129],[1.19345379],[3.80367585]
[4.81365527],[1.20313551],[3.82277557]
[4.95428759],[1.21995651],[4.00148436]
[4.93622846],[1.23140725],[3.98038379]
[5.08744729],[1.24388242],[4.15487513]
[5.02426934],[1.2542776],[4.09161951]
[5.12257931],[1.26586484],[4.24913578]
[5.03848977],[1.27381472],[4.16507581]
[5.12971963],[1.27922142],[4.30654072]
[5.02895847],[1.2839302],[4.19957156]
[5.13164965],[1.28938616],[4.33979541]
[5.01215956],[1.29433886],[4.20907641]
[5.13464833],[1.29783137],[4.35848397]
[5.02425533],[1.30138098],[4.23309796]
[5.15057582],[1.30436152],[4.39224729]
[5.15315758],[1.30685547],[4.39737025]
[5.17058827],[1.31170069],[4.42599947]
[5.17574739],[1.31350411],[4.45790559]
[5.18184743],[1.31548661],[4.44494132]
[5.19561795],[1.31160983],[4.4651937]
[5.19874012],[1.30146265],[4.41509476]
[5.17215656],[1.28703486],[4.36173101]
[5.17394932],[1.27135684],[4.31887678]
[5.17034588],[1.2571201],[4.26401983]
[5.16745054],[1.24211916],[4.21313181]
[5.1466705],[1.22692079],[4.15544972]
[5.13566651],[1.21076825],[4.11939651]
[5.12525068],[1.19585161],[4.07369833]
[5.11170481],[1.18017369],[4.02106736]
[5.09970047],[1.16280684],[3.97003144]
[5.09045588],[1.14520808],[3.91607615]
[5.07997186],[1.12455962],[3.85284736]
[5.06698346],[1.09747174],[3.78218796]
[5.04772532],[1.06694375],[3.70650023]
[5.03303526],[1.03666279],[3.62886006]
[5.01399883],[1.00416733],[3.53676131]
[4.98693742],[0.99560687],[3.43763221]
[4.88399962],[0.99136887],[3.34005106]
[4.09420187],[0.98852878],[2.82508883]
[0.],[0.],[0.]
[0.],[0.],[0.]
[1.39411418],[0.3990647],[0.34695531]
[2.49781881],[0.77766579],[1.31599723]
[2.7610499],[0.92762345],[1.76814164]
[3.06117844],[0.96898513],[2.01449722]
[3.32394381],[0.99365978],[2.24400516]
[3.59886444],[1.01804654],[2.56716591]
[3.88820059],[1.06576388],[2.73355479]
[4.04988096],[1.11620053],[3.08004172]
[4.28418755],[1.15128572],[3.28217954]
[4.42109797],[1.16867515],[3.48522752]
[4.52562516],[1.18201059],[3.58467347]
[4.57888814],[1.19340195],[3.66011084]
[4.70325541],[1.20439176],[3.79742688]
[4.7499103],[1.21397316],[3.82681768]
[4.87116141],[1.22573483],[3.99171412]
[4.88712897],[1.23448443],[3.99036307]
[5.01150568],[1.24943525],[4.17093937]
[5.00660056],[1.25953958],[4.13689155]
[5.13430973],[1.27097829],[4.30575539]
[5.09008655],[1.28072446],[4.24645971]
[5.16650208],[1.29175656],[4.39614691]
[5.10436746],[1.29835137],[4.33173762]
[5.18266832],[1.30393579],[4.4742619]
[5.11895227],[1.30869235],[4.3879633]
[5.20335415],[1.31441373],[4.51844234]
[5.12606417],[1.31954108],[4.41108927]
[5.22225471],[1.3231031],[4.54540394]
[5.15575692],[1.32700439],[4.45364883]
[5.24575918],[1.33113566],[4.59519745]
[5.25682012],[1.33479202],[4.63746616]
[5.2741889],[1.34335248],[4.67524809]
[5.27563706],[1.34632374],[4.71787078]
[5.291839],[1.35122989],[4.72454891]
[5.29144193],[1.34519157],[4.7348234]
[5.30219398],[1.33296477],[4.68539435]
[5.28002773],[1.31415415],[4.62466595]
[5.27760853],[1.29837252],[4.55438678]
[5.27340505],[1.28406805],[4.4789749]
[5.26719961],[1.2696232],[4.41463843]
[5.24287727],[1.25512947],[4.33294171]
[5.21992952],[1.24051581],[4.27397994]
[5.20518219],[1.22659922],[4.22805725]
[5.18949382],[1.21172049],[4.1754464]
[5.17468256],[1.19586663],[4.12539222]
[5.16028098],[1.17925779],[4.07141737]
[5.14313143],[1.16200371],[4.00857332]
[5.12188125],[1.13702049],[3.93207281]
[5.10060432],[1.10894917],[3.8567524]
[5.08223023],[1.08362895],[3.78528319]
[5.05974517],[1.05974751],[3.70656177]
[5.03336957],[1.03365272],[3.62258316]
[4.91538425],[1.00773469],[3.52877341]
[4.13234263],[1.00048674],[2.98583475]
[0.],[0.],[0.]
[0.],[0.],[0.]
[1.51441457],[0.41025577],[0.37373742]
[2.55788101],[0.76005659],[1.3391266]
[2.79674464],[0.907501],[1.76952755]
[3.08422775],[0.94659076],[1.99587861]
[3.40975107],[0.97319747],[2.26411187]
[3.66428921],[1.01783134],[2.61303139]
[3.98889244],[1.08393103],[2.82861474]
[4.13704841],[1.13326948],[3.16709797]
[4.36720101],[1.16576996],[3.37567607]
[4.4886271],[1.18317983],[3.55649738]
[4.58778275],[1.19667209],[3.67122698]
[4.65012387],[1.2079379],[3.73091736]
[4.76456517],[1.21832426],[3.88010536]
[4.81610426],[1.22744874],[3.90296852]
[4.92279945],[1.23858405],[4.07372669]
[4.94439137],[1.24732486],[4.07053096]
[5.05971651],[1.26089181],[4.24490421]
[5.06037291],[1.27268519],[4.22028621]
[5.18932787],[1.28473194],[4.38934597]
[5.18153522],[1.29424357],[4.37420302]
[5.25700382],[1.30583717],[4.51493539]
[5.20809528],[1.31440936],[4.50134738]
[5.28415564],[1.3232839],[4.63941417]
[5.22895925],[1.3318057],[4.60144118]
[5.31377379],[1.34265928],[4.73927176]
[5.24682547],[1.35209144],[4.68700706]
[5.33766047],[1.35959584],[4.83097011]
[5.27013241],[1.36769393],[4.78891735]
[5.36282579],[1.37682684],[4.9407529]
[5.37540446],[1.38269409],[4.98227817]
[5.46481617],[1.39343414],[5.04506782]
[5.47898356],[1.39539093],[5.08986659]
[5.55714241],[1.39961524],[5.11482263]
[5.58319667],[1.39547466],[5.11690517]
[5.59732577],[1.38200919],[5.05751281]
[5.56459427],[1.35746053],[4.9639274]
[5.53295142],[1.33187913],[4.87217118]
[5.51891014],[1.30870948],[4.76766676]
[5.50469658],[1.28578075],[4.660581]
[5.43881977],[1.26766891],[4.52914476]
[5.32850951],[1.25276627],[4.41550109]
[5.30071892],[1.23905626],[4.34178459]
[5.2803937],[1.22552341],[4.26750318]
[5.26219563],[1.2111627],[4.20905594]
[5.24655706],[1.19633071],[4.16043624]
[5.22797892],[1.1805132],[4.10221144]
[5.20848238],[1.15808598],[4.03028684]
[5.18886361],[1.13212969],[3.95572225]
[5.17189927],[1.11014282],[3.88684416]
[5.15220666],[1.08733999],[3.81199792]
[5.12825548],[1.06258646],[3.73102491]
[4.98927522],[1.03807735],[3.62998034]
[4.18454807],[1.01173387],[3.06940691]
[0.],[0.],[0.]
[0.],[0.],[0.]
[1.58677046],[0.43101448],[0.42630472]
[2.62106428],[0.78060599],[1.43966365]
[2.85802005],[0.9250282],[1.85631141]
[3.09528101],[0.96434295],[2.06059875]
[3.5098233],[0.9919873],[2.37966816]
[3.74919194],[1.05227178],[2.76524151]
[4.09161686],[1.11512772],[3.02747215]
[4.23484681],[1.16325924],[3.34122663]
[4.46126314],[1.19312426],[3.57438801]
[4.55881145],[1.21011909],[3.71634379]
[4.66755425],[1.22291952],[3.85140277]
[4.71272686],[1.23410138],[3.89314337]
[4.83595142],[1.24518781],[4.06193667]
[4.87431119],[1.25459649],[4.06578818]
[4.99062443],[1.26839857],[4.24687779]
[5.00613365],[1.27907711],[4.23933354]
[5.13531671],[1.30005156],[4.44795614]
[5.1487082],[1.31810111],[4.484526]
[5.31921729],[1.33477204],[4.73453775]
[5.26755393],[1.34855007],[4.7244573]
[5.40659857],[1.36470438],[4.94609364]
[5.3701954],[1.37563565],[4.89656092]
[5.50833999],[1.38683188],[5.10949564]
[5.46509117],[1.39572454],[5.01814545]
[5.60017916],[1.40699409],[5.23741242]
[5.55804749],[1.41579413],[5.10708532]
[5.69861855],[1.42282039],[5.35032082]
[5.67488],[1.42813807],[5.24686748]
[5.7896522],[1.4367986],[5.47826351]
[5.86931976],[1.44327313],[5.54203405]
[5.90177165],[1.45252458],[5.61228911]
[5.97876372],[1.45535135],[5.68289298]
[5.99742181],[1.45784276],[5.72750449]
[6.08503733],[1.45649068],[5.753416]
[6.04970118],[1.44511136],[5.70446088]
[6.07096301],[1.42205259],[5.59286256]
[6.00573594],[1.39766411],[5.46726864]
[5.98967917],[1.37446049],[5.33461507]
[5.97351416],[1.35289605],[5.20139786]
[5.95196419],[1.33199275],[5.05694163]
[5.88686206],[1.31226123],[4.92472215]
[5.7653948],[1.29294031],[4.80089451]
[5.655798],[1.27300741],[4.67492532]
[5.55286615],[1.25258133],[4.54936431]
[5.45294163],[1.23389984],[4.43630003]
[5.35867049],[1.21715051],[4.33733617]
[5.33402116],[1.19668949],[4.23592245]
[5.31327963],[1.17331873],[4.1534391]
[5.29450364],[1.15232457],[4.08109276]
[5.27458186],[1.13072623],[4.00364255]
[5.25072703],[1.10767111],[3.92649496]
[5.10811851],[1.08441468],[3.82666369]
[4.30623854],[1.05989559],[3.24563307]
[0.],[0.],[0.]
[0.],[0.],[0.]
[1.65184235],[0.44049852],[0.47514631]
[2.6625897],[0.78952118],[1.49671998]
[2.8912016],[0.93311462],[1.90281622]
[3.12273188],[0.97238254],[2.11425854]
[3.58209803],[1.03727147],[2.50592199]
[3.82344985],[1.09582237],[2.92809587]
[4.15724866],[1.1546192],[3.23212062]
[4.32011683],[1.20076313],[3.50526224]
[4.52868303],[1.22671621],[3.74222245]
[4.62439547],[1.24276224],[3.86951476]
[4.72861636],[1.25534157],[4.0321984]
[4.79722218],[1.26717707],[4.07298397]
[4.90952123],[1.27886298],[4.2768153]
[4.95265537],[1.29810558],[4.32262036]
[5.06196173],[1.32504713],[4.52116305]
[5.09702626],[1.34738523],[4.61055209]
[5.24781425],[1.37138936],[4.91790676]
[5.28014326],[1.38954428],[5.01279179]
[5.58222901],[1.40606749],[5.27555706]
[5.72704144],[1.41969908],[5.30005665]
[5.83191923],[1.43421708],[5.49905751]
[5.86456087],[1.44485632],[5.51747799]
[5.93073677],[1.4560516],[5.70389888]
[5.96893951],[1.46548883],[5.69206116]
[6.02367959],[1.47512317],[5.86946975]
[6.05553943],[1.48187076],[5.8562509]
[6.12647562],[1.48759279],[6.04240585]
[6.16406074],[1.49259726],[6.06833623]
[6.22321407],[1.50170152],[6.25007776]
[6.32015686],[1.50888074],[6.38974861]
[6.35250098],[1.51907746],[6.50319431]
[6.4183683],[1.52299763],[6.6301387]
[6.45436916],[1.52715446],[6.72280226]
[6.50492744],[1.52965442],[6.80303472]
[6.54343485],[1.51769056],[6.80982122]
[6.53157152],[1.49993516],[6.7362527]
[6.53955842],[1.47889082],[6.58861067]
[6.51548827],[1.4555561],[6.44311295]
[6.51625534],[1.43131313],[6.2541788]
[6.51493534],[1.40964167],[6.00874738]
[6.50491708],[1.39029897],[5.78880053]
[6.42139917],[1.37231575],[5.5825016]
[6.28997227],[1.35338986],[5.39164911]
[6.18010106],[1.33386152],[5.22908735]
[6.08065217],[1.31411815],[5.0756019]
[5.97657304],[1.29164519],[4.93434]
[5.869462],[1.26991603],[4.78037755]
[5.75714604],[1.24347469],[4.61774946]
[5.65077314],[1.21625743],[4.45642035]
[5.54340767],[1.1864051],[4.29500027]
[5.42401237],[1.16232472],[4.16241975]
[5.2174222],[1.14049082],[4.03168113]
[4.4207207],[1.11788443],[3.43292863]
[0.],[0.],[0.]
[0.],[0.],[0.]
[1.70785283],[0.44936514],[0.52365848]
[2.70104136],[0.79865793],[1.55024587]
[2.9236607],[0.93903645],[1.94197899]
[3.20239463],[0.9780856],[2.19492013]
[3.66633039],[1.06925353],[2.64229293]
[3.89747427],[1.12697792],[3.07793275]
[4.2218469],[1.18372163],[3.38160729]
[4.40690238],[1.2303773],[3.63346372]
[4.60549549],[1.25463352],[3.9049606]
[4.716851],[1.27139663],[4.04924194]
[4.80851077],[1.29353878],[4.25740824]
[4.88189013],[1.31596062],[4.34554419]
[4.9872265],[1.34216296],[4.56876428]
[5.03889863],[1.36341813],[4.70853056]
[5.19015166],[1.39581745],[5.00497575]
[5.25820678],[1.42234849],[5.1587207]
[5.44845585],[1.44550563],[5.42862895]
[5.63073056],[1.46182177],[5.54763029]
[5.91945425],[1.47745934],[5.85402648]
[6.17037742],[1.49041486],[6.01822575]
[6.26656557],[1.50319803],[6.22020016]
[6.328122],[1.51351535],[6.35240352]
[6.38025375],[1.52361835],[6.5507494]
[6.42327021],[1.53239916],[6.66849512]
[6.48842084],[1.54197559],[6.85440902]
[6.50039925],[1.54983866],[6.92612561]
[6.59593425],[1.5578338],[7.12540465]
[6.61058544],[1.56362323],[7.21199033]
[6.72347269],[1.57425312],[7.41292935]
[6.79359793],[1.58234716],[7.60237073]
[6.88216459],[1.59079665],[7.74698596]
[6.90079862],[1.59586802],[7.91633318]
[7.0028854],[1.60682797],[8.02536608]
[7.03175109],[1.61715807],[8.17785021]
[7.10553342],[1.62253716],[8.21185995]
[7.0891338],[1.61836563],[8.19581132]
[7.10701882],[1.56233781],[8.00998166]
[7.08985524],[1.53613896],[7.81468038]
[7.07682534],[1.51523211],[7.61272608]
[7.07511866],[1.49503325],[7.35807161]
[7.07547708],[1.47404536],[7.02628537]
[7.06148386],[1.45343403],[6.71394691]
[6.94988236],[1.43095443],[6.43392268]
[6.81529846],[1.41161446],[6.18275848]
[6.71230186],[1.39242624],[5.96083658]
[6.61010063],[1.37113585],[5.75541371]
[6.50024148],[1.34991693],[5.53752449]
[6.38741414],[1.32515628],[5.31976285]
[6.28056644],[1.29950546],[5.12276892]
[6.17126352],[1.27038623],[4.91431756]
[6.05971884],[1.24046921],[4.69728145]
[5.81835089],[1.21099055],[4.47495449]
[4.93333876],[1.18053766],[3.76762016]
[0.],[0.],[0.]
[0.],[0.],[0.]
[1.75591181],[0.45522301],[0.55507249]
[2.73700104],[0.7940331],[1.56487736]
[2.95669262],[0.93080143],[1.93581357]
[3.33164738],[0.96818127],[2.2826728]
[3.73581043],[1.08814732],[2.73836629]
[3.99008226],[1.14555436],[3.17940137]
[4.30423119],[1.20008388],[3.51787503]
[4.52088719],[1.25180461],[3.77965781]
[4.69573141],[1.28906713],[4.12273103]
[4.7998902],[1.31625072],[4.30104177]
[4.90552517],[1.3415498],[4.54014385]
[4.99964579],[1.36561081],[4.7199272]
[5.1419606],[1.39721405],[5.02213422]
[5.23160819],[1.42413862],[5.20922341]
[5.36859806],[1.45670439],[5.47475764]
[5.48371279],[1.48276207],[5.62228746]
[5.79044133],[1.5043166],[5.95203639]
[6.0464018],[1.51943697],[6.2733831]
[6.26814636],[1.53481732],[6.67331277]
[6.51499935],[1.54797406],[6.9395962]
[6.7451577],[1.56090538],[7.21497246]
[6.77212304],[1.57123408],[7.42177558]
[6.87777304],[1.58214739],[7.68737663]
[6.89385681],[1.59412109],[7.89272617]
[7.01147214],[1.60874783],[8.09333635]
[7.02152654],[1.62124752],[8.26826229]
[7.13106525],[1.62918462],[8.44746414]
[7.16875316],[1.64005365],[8.61212362]
[7.25739546],[1.64839637],[8.76539633]
[7.33767943],[1.67118561],[8.95449937]
[7.39033368],[1.69139814],[9.10208597]
[7.47683553],[1.71788697],[9.27363182]
[7.54495691],[1.73780986],[9.42553148]
[7.62660131],[1.76207222],[9.55311361]
[7.63768597],[1.78233883],[9.61563345]
[7.68415335],[1.78249937],[9.57609727]
[7.64291321],[1.74447408],[9.45571487]
[7.68271033],[1.69452602],[9.2201184]
[7.64421023],[1.63565913],[8.98145391]
[7.64197787],[1.57175117],[8.72845703]
[7.64090273],[1.53750025],[8.44937819]
[7.6405771],[1.52015985],[8.13970515]
[7.61295219],[1.50086951],[7.77838136]
[7.47235869],[1.47866344],[7.40433189]
[7.34855903],[1.45885801],[7.11251423]
[7.23740426],[1.43843558],[6.84205703]
[7.13131128],[1.41806892],[6.55821448]
[7.02105227],[1.39276336],[6.27093441]
[6.91985267],[1.36670258],[5.9946702]
[6.80871124],[1.33892599],[5.74905449]
[6.68766566],[1.31126487],[5.46014081]
[6.43897805],[1.28320406],[5.13763898]
[5.58330318],[1.2529162],[4.32287698]
[0.18132575],[0.37100574],[0.02442882]
[0.],[0.],[0.]
[1.79622769],[0.47149839],[0.61904454]
[2.76681713],[0.81767352],[1.64688016]
[3.05232749],[0.94943092],[2.02070169]
[3.46445009],[1.00243189],[2.51270772]
[3.82177756],[1.12808856],[2.98317482]
[4.10068842],[1.19434341],[3.4209989]
[4.43093177],[1.25780213],[3.87439638]
[4.62814878],[1.30963511],[4.13825181]
[4.81770487],[1.35077324],[4.50180447]
[4.94277272],[1.37968934],[4.77310009]
[5.07497192],[1.41040295],[5.09359742]
[5.18362847],[1.44217551],[5.28833074]
[5.33430675],[1.47770787],[5.60212135]
[5.33913478],[1.50479957],[5.76668009]
[5.62581408],[1.53624284],[6.10853042]
[5.8519426],[1.55928465],[6.43355251]
[6.15880461],[1.58041197],[6.92223411]
[6.38320034],[1.59398744],[7.24297094]
[6.70394341],[1.61370673],[7.76746635]
[6.89018005],[1.63806679],[8.15603498]
[7.19858699],[1.65469841],[8.55801732]
[7.3044712],[1.68027193],[8.80550047]
[7.389363],[1.70712822],[9.10286047]
[7.43602239],[1.73695207],[9.32550434]
[7.52756708],[1.75789372],[9.58960231]
[7.56725504],[1.77307329],[9.71962767]
[7.65074517],[1.78703995],[9.94278292]
[7.68837749],[1.80241529],[10.06783699]
[7.76491839],[1.81734697],[10.27325746]
[7.87057284],[1.83698656],[10.49772282]
[7.90490529],[1.85545795],[10.65731436]
[7.97653889],[1.87263167],[10.85035056]
[8.03224772],[1.88952764],[10.99649556]
[8.10779352],[1.90836992],[11.15192496]
[8.18178988],[1.92429004],[11.21869628]
[8.19392569],[1.92163069],[11.22337038]
[8.1907388],[1.894599],[11.08820973]
[8.18024549],[1.85662321],[10.91284576]
[8.19388424],[1.81568387],[10.6726845]
[8.16086578],[1.77399923],[10.4233057]
[8.16286438],[1.7279149],[10.15932091]
[8.16511125],[1.68266326],[9.84102162]
[8.16675749],[1.63414322],[9.4727326]
[8.12536186],[1.57477795],[9.04309077]
[8.00433245],[1.54260688],[8.66770405]
[7.88291059],[1.51939254],[8.31467828]
[7.77003953],[1.49968697],[7.96892413]
[7.66123895],[1.4759318],[7.62817124]
[7.55749758],[1.45154128],[7.30639759]
[7.45114719],[1.42273146],[6.99512881]
[7.33817567],[1.39537447],[6.63868019]
[7.08008744],[1.3688202],[6.20003284]
[6.22443248],[1.34079009],[5.26497696]
[0.40406313],[0.84035582],[0.22046109]
[0.],[0.],[0.]
[1.85040981],[0.48515456],[0.67781715]
[2.8300418],[0.83990093],[1.73750484]
[3.23741708],[0.97293455],[2.1983219]
[3.59183873],[1.07140074],[2.79526893]
[3.92839382],[1.20228],[3.34174003]
[4.27688419],[1.27061492],[3.83661624]
[4.57471809],[1.33218173],[4.3151975]
[4.79456403],[1.38458511],[4.63555256]
[4.98938496],[1.43654875],[5.11635871]
[5.15258892],[1.47043417],[5.46876125]
[5.29560087],[1.50308428],[5.78373436]
[5.34762204],[1.53079295],[6.05300513]
[5.55744094],[1.56111679],[6.36714428]
[5.76009537],[1.58515561],[6.69312334]
[6.06131399],[1.61424909],[7.12154512]
[6.31615718],[1.63517747],[7.49595495]
[6.59359505],[1.6765152],[8.03418365]
[6.84219891],[1.73951527],[8.55663978]
[7.14004692],[1.76779881],[9.06376871]
[7.37541537],[1.79270293],[9.58240846]
[7.65644099],[1.81863547],[10.07519761]
[7.82230289],[1.83951018],[10.35931606]
[7.9174689],[1.86677093],[10.67882738]
[7.96961774],[1.88686572],[10.97373484]
[8.05622421],[1.90679954],[11.25896209]
[8.0753752],[1.92012223],[11.45044883]
[8.19081178],[1.93613305],[11.66401422]
[8.23185703],[1.95189806],[11.8317033]
[8.34857498],[1.96637549],[12.00374645]
[8.39151588],[1.97772836],[12.21872127]
[8.4692151],[1.99529587],[12.35831627]
[8.48119604],[2.00963119],[12.61398687]
[8.57889457],[2.02637601],[12.77809217]
[8.61990882],[2.04036151],[12.93485757]
[8.70621997],[2.04927084],[13.02326346]
[8.71791158],[2.04698343],[13.04572064]
[8.73118725],[2.02699637],[12.99404262]
[8.71488813],[1.99508438],[12.82968908]
[8.72618146],[1.95941977],[12.62745718]
[8.71561075],[1.92430542],[12.36139927]
[8.70194837],[1.88534743],[12.06877779]
[8.70441923],[1.85201717],[11.78155485]
[8.70400479],[1.81440616],[11.39674616]
[8.71041082],[1.76967419],[10.93607581]
[8.63808148],[1.72310987],[10.53784005]
[8.5167545],[1.67462571],[10.11138091]
[8.39235354],[1.62029646],[9.69066857]
[8.28074126],[1.5595614],[9.25915996]
[8.1759126],[1.5346145],[8.88316975]
[8.07095522],[1.50933759],[8.51803174]
[7.96106817],[1.48366497],[8.10867834]
[7.68631451],[1.45751942],[7.68111665]
[6.82984573],[1.42852895],[6.57303228]
[0.58391131],[0.96937913],[0.46171851]
[0.],[0.],[0.]
[1.90524549],[0.50436559],[0.76219057]
[2.88928628],[0.87678796],[1.8433237]
[3.40803851],[1.00029052],[2.43136372]
[3.69126014],[1.15058295],[3.15061591]
[4.06568555],[1.28154238],[3.76186037]
[4.43613178],[1.35175887],[4.28880166]
[4.70967743],[1.41440217],[4.80215407]
[4.93549121],[1.47366097],[5.28915508]
[5.18186592],[1.52809208],[5.76559572]
[5.30838194],[1.55573196],[6.19640224]
[5.44021918],[1.58583302],[6.56249827]
[5.61301565],[1.61114878],[6.88186281]
[5.86861391],[1.63865633],[7.25563122]
[6.15666122],[1.67349823],[7.63894853]
[6.40184091],[1.73078912],[8.16422015]
[6.71766883],[1.7984437],[8.77765549]
[6.99911667],[1.84888114],[9.33471078]
[7.23353397],[1.89306168],[9.94025744]
[7.54924306],[1.92150387],[10.53311847]
[7.79988536],[1.94201866],[11.00743605]
[8.05128601],[1.96648524],[11.63412225]
[8.30620485],[1.98660657],[12.10996377]
[8.46725359],[2.01051422],[12.4381249]
[8.47103929],[2.03154928],[12.74210141]
[8.574811],[2.05051655],[13.03760125]
[8.58699447],[2.06298956],[13.34321018]
[8.70233208],[2.07759114],[13.59965512]
[8.73515625],[2.09056994],[13.80000866]
[8.82231106],[2.10166614],[14.00625696]
[8.91620462],[2.1113164],[14.22882655]
[9.01610029],[2.12437736],[14.42967417]
[9.09295486],[2.13505642],[14.61948038]
[9.12635081],[2.14801608],[14.78874384]
[9.19693942],[2.1586025],[14.94870551]
[9.2135385],[2.16396644],[15.11544884]
[9.29907879],[2.16278028],[15.17568761]
[9.26114621],[2.1487867],[15.17961028]
[9.29710071],[2.12433365],[15.0492202]
[9.25442436],[2.09789486],[14.83549925]
[9.28600432],[2.07100849],[14.57072004]
[9.24798779],[2.04013629],[14.26029531]
[9.24088399],[2.00992094],[13.92702322]
[9.24195203],[1.97733597],[13.57508437]
[9.24206786],[1.94099915],[13.0453963]
[9.24973136],[1.90402304],[12.65296659]
[9.14330011],[1.86692015],[12.18353046]
[9.01764923],[1.82514142],[11.69471875]
[8.89167743],[1.77325742],[11.17317033]
[8.78576051],[1.70939759],[10.75312553]
[8.68012361],[1.63874732],[10.28909383]
[8.57191852],[1.57399582],[9.79323751]
[8.28450404],[1.53974879],[9.25122971]
[7.43326622],[1.51508045],[8.08352076]
[0.81813137],[1.0567175],[0.64573741]
[0.],[0.],[0.]
[1.96828586],[0.5236774],[0.8224831]
[2.93317724],[0.88779168],[1.91687578]
[3.52844837],[1.00740286],[2.59407143]
[3.76468115],[1.19154963],[3.36350439]
[4.21052482],[1.32622701],[4.039895]
[4.52868423],[1.40191541],[4.56485929]
[4.81624579],[1.47710056],[5.23949622]
[5.07665957],[1.53557191],[5.73719928]
[5.30618744],[1.5842503],[6.18411077]
[5.40019269],[1.61063719],[6.74166208]
[5.62242342],[1.63931028],[7.1812688]
[5.82548953],[1.68880139],[7.50665801]
[6.11418422],[1.75189833],[8.00525942]
[6.36798067],[1.80864619],[8.56326434]
[6.64316924],[1.86467912],[9.15818366]
[6.91099785],[1.92019476],[9.80882231]
[7.21668369],[1.9654146],[10.50031742]
[7.5188423],[2.00234578],[11.05933012]
[7.73927943],[2.0370413],[11.71210008]
[8.03802029],[2.06023352],[12.36372937]
[8.37532764],[2.08030646],[12.97658251]
[8.55643307],[2.09607162],[13.56454882]
[8.76096873],[2.11534559],[14.05676598]
[8.85698259],[2.13271018],[14.393939]
[8.92458171],[2.14809076],[14.75151426]
[9.03191857],[2.15974724],[15.05330796]
[9.09720984],[2.17397709],[15.40987265]
[9.17035632],[2.18564523],[15.70646506]
[9.20423951],[2.20014686],[16.00013437]
[9.30362931],[2.2132292],[16.27192521]
[9.33978103],[2.22257729],[16.51560056]
[9.43174776],[2.23912114],[16.7241326]
[9.4767323],[2.25046916],[16.89744865]
[9.55043493],[2.26782424],[17.06312297]
[9.64617263],[2.27689475],[17.18244738]
[9.7131426],[2.27727307],[17.25849132]
[9.70551054],[2.25326206],[17.24558541]
[9.69854228],[2.22191435],[17.19654963]
[9.67845438],[2.19255073],[16.95226213]
[9.66887132],[2.16928528],[16.6816007]
[9.65705469],[2.14267837],[16.33970541]
[9.62403323],[2.11746974],[15.99639215]
[9.61820665],[2.09154847],[15.59030331]
[9.61204871],[2.06338547],[15.15717076]
[9.61093463],[2.03309263],[14.67682159]
[9.55303795],[2.00149486],[14.16136157]
[9.42424894],[1.96541353],[13.55392036]
[9.29510497],[1.92245179],[12.99408294]
[9.17320961],[1.8681708],[12.50854172]
[9.0748766],[1.80971835],[12.0347177]
[8.97228205],[1.74630545],[11.48134428]
[8.678647],[1.6773709],[10.8085247]
[7.82919741],[1.6101926],[9.53937665]
[0.99576006],[1.12240478],[0.84551975]
[0.],[0.],[0.]
[2.01869012],[0.54218425],[0.90529102]
[2.96283044],[0.91867517],[2.04356766]
[3.61741147],[1.03185868],[2.80613156]
[3.84090011],[1.22885284],[3.58202044]
[4.31855515],[1.36851544],[4.30601692]
[4.5861698],[1.45084856],[4.87850776]
[4.91313423],[1.52722394],[5.58659436]
[5.18606946],[1.58174401],[6.08769154]
[5.39028152],[1.63144306],[6.64681933]
[5.58465478],[1.66771166],[7.21672432]
[5.79351539],[1.7251815],[7.7135525]
[6.06331671],[1.78435742],[8.16893479]
[6.26175994],[1.84515647],[8.8264481]
[6.56707801],[1.89900224],[9.35222303]
[6.89022849],[1.95253418],[10.0214097]
[7.10624739],[2.00374633],[10.73452859]
[7.43265931],[2.04730833],[11.38868343]
[7.69996568],[2.07978671],[12.06352503]
[7.94521283],[2.11521257],[12.75164086]
[8.28072625],[2.13648674],[13.37507561]
[8.54146082],[2.15441216],[14.14648778]
[8.7795445],[2.16974312],[14.80430723]
[9.01933797],[2.18816889],[15.44308345]
[9.15137233],[2.20850182],[15.88471749]
[9.19704713],[2.23431024],[16.42497975]
[9.27008474],[2.25632994],[16.76630521]
[9.33433633],[2.28430426],[17.24641972]
[9.41599944],[2.30090838],[17.50002564]
[9.49662849],[2.31465738],[17.89616782]
[9.59898934],[2.34685599],[18.16682548]
[9.71250254],[2.36286628],[18.45037214]
[9.80034416],[2.3882192],[18.71925456]
[9.87937953],[2.40307923],[18.95282982]
[9.91176565],[2.42559522],[19.21508171]
[9.98847492],[2.4414159],[19.37005366]
[10.00602917],[2.46227045],[19.46827981]
[10.06413354],[2.44894729],[19.48695074]
[10.0026837],[2.40490733],[19.43537717]
[10.05489562],[2.36418176],[19.27447017]
[9.99032086],[2.31227182],[18.96091543]
[10.04075054],[2.25959065],[18.58076494]
[9.98583219],[2.21247264],[18.15914125]
[9.9772787],[2.18284779],[17.72862261]
[9.9648884],[2.15594103],[17.19578451]
[9.96247777],[2.1302514],[16.63624297]
[9.96325961],[2.10488794],[16.02877127]
[9.85250383],[2.07664064],[15.41220912]
[9.69499771],[2.03846588],[14.79198808]
[9.57201505],[1.99086365],[14.20442896]
[9.45626929],[1.93906375],[13.57899738]
[9.35119899],[1.8819577],[13.01894751]
[9.06376585],[1.82245681],[12.39604012]
[8.2171142],[1.75895715],[11.04315902]
[1.12180804],[1.1736603],[1.07730745]
[0.],[0.],[0.]
[2.1132736],[0.57007511],[0.99306243]
[3.00201182],[0.95346603],[2.16138793]
[3.70476271],[1.07282749],[3.06012601]
[4.02886531],[1.27657916],[3.84863601]
[4.41483425],[1.4241859],[4.60273758]
[4.69762554],[1.50507237],[5.27611285]
[5.05699899],[1.57940292],[5.96884777]
[5.28153776],[1.62960226],[6.5551821]
[5.52230542],[1.67914165],[7.15487607]
[5.77115278],[1.76379008],[7.72293213]
[6.03654622],[1.82066456],[8.39940939]
[6.24076513],[1.87353264],[8.98316799]
[6.50165446],[1.93090667],[9.56719458]
[6.82649948],[1.98049977],[10.25251537]
[7.08149298],[2.0306373],[10.95237949]
[7.34525422],[2.07319338],[11.53426683]
[7.65556104],[2.1139682],[12.40533128]
[7.90847399],[2.14484652],[13.04600962]
[8.21648482],[2.17706561],[13.80067046]
[8.44809476],[2.1961951],[14.59177825]
[8.76832544],[2.2148402],[15.43095034]
[9.07294585],[2.2375688],[16.04685265]
[9.25878689],[2.26521097],[16.93552361]
[9.42761847],[2.29120952],[17.46417922]
[9.48975399],[2.31751526],[17.971456]
[9.57128567],[2.35360584],[18.35431613]
[9.6527968],[2.38486295],[18.86835281]
[9.75925828],[2.43046317],[19.28282694]
[9.85487676],[2.44643038],[19.69107727]
[9.91263299],[2.47848152],[20.09762113]
[10.00095256],[2.49748435],[20.39751011]
[10.03732963],[2.52422849],[20.6488943]
[10.16777502],[2.54217259],[20.91215325]
[10.22992335],[2.56616965],[21.12200596]
[10.34415401],[2.58442244],[21.30911763]
[10.43565791],[2.6018647],[21.36842993]
[10.48711775],[2.587071],[21.40076446]
[10.46907705],[2.54386083],[21.31632075]
[10.48998538],[2.51322703],[21.24095293]
[10.48396585],[2.46427712],[20.93863931]
[10.4764212],[2.40580339],[20.57067106]
[10.47974755],[2.34536939],[20.11012201]
[10.44245631],[2.29223093],[19.64395784]
[10.43734958],[2.24407834],[19.10875052]
[10.43334859],[2.21050645],[18.58108161]
[10.43070595],[2.17980334],[17.97525939]
[10.38507554],[2.14996017],[17.29436077]
[10.20378118],[2.11556873],[16.54786643]
[9.99365273],[2.07589987],[15.86636004]
[9.85053872],[2.03098772],[15.22858241]
[9.72958155],[1.97894861],[14.59801038]
[9.43049411],[1.92265325],[13.90608633]
[8.58653474],[1.86170529],[12.43549644]
[1.37400689],[1.25350527],[1.35625611]
[0.],[0.],[0.]
[2.21614535],[0.5992317],[1.090611]
[3.02588287],[1.00056054],[2.30211888]
[3.77784458],[1.11070395],[3.2845866]
[4.17498752],[1.32137297],[4.10438757]
[4.49777312],[1.48419114],[4.90416674]
[4.86522791],[1.55631756],[5.64272399]
[5.19585571],[1.63523559],[6.33446268]
[5.35988444],[1.67232631],[6.98159737]
[5.68371804],[1.74012492],[7.6383748]
[6.01738696],[1.84599734],[8.26076144]
[6.19020783],[1.90381623],[9.11361058]
[6.46423071],[1.95750199],[9.68334956]
[6.79676196],[2.01267626],[10.37420939]
[6.98608475],[2.05855435],[11.11377261]
[7.2908498],[2.10555911],[11.83421292]
[7.6372603],[2.14622237],[12.59478436]
[7.83119885],[2.18711991],[13.46371789]
[8.17604437],[2.21163032],[14.12913481]
[8.45421442],[2.24787013],[15.04005462]
[8.69604617],[2.27469118],[15.86181757]
[9.03756411],[2.29789789],[16.70648776]
[9.28412776],[2.32120314],[17.50208727]
[9.51485501],[2.34915182],[18.37137167]
[9.73398336],[2.39538262],[19.01150746]
[9.83224988],[2.42513296],[19.54207714]
[9.893575],[2.47976145],[20.09395691]
[9.98402006],[2.52455455],[20.64383504]
[10.01420999],[2.56555018],[21.0609757]
[10.14223448],[2.58722231],[21.51527181]
[10.21942291],[2.61512105],[21.87852228]
[10.33289335],[2.63298555],[22.26255253]
[10.42225925],[2.65473159],[22.54282974]
[10.55804026],[2.67089122],[22.94493186]
[10.66664289],[2.69072796],[23.24265839]
[10.71628927],[2.7103217],[23.48903069]
[10.84698891],[2.72233076],[23.5646411]
[10.85838571],[2.70608111],[23.57418349]
[10.89915068],[2.66993997],[23.5445995]
[10.86647009],[2.64385014],[23.42183352]
[10.91610559],[2.59649155],[23.19596177]
[10.89173323],[2.54693793],[22.8299464]
[10.94097877],[2.49826156],[22.4220424]
[10.91558962],[2.44904862],[21.89872583]
[10.92146483],[2.39335859],[21.37779742]
[10.93485131],[2.33729992],[20.78722896]
[10.94782621],[2.29055738],[20.1521601]
[10.95844358],[2.24580745],[19.43804561]
[10.858646],[2.19830904],[18.63974279]
[10.60122724],[2.15764555],[17.85235182]
[10.37876743],[2.11881113],[17.09767042]
[10.16541683],[2.07551931],[16.30907339]
[9.81063459],[2.0284765],[15.53311725]
[8.95728276],[1.9748861],[14.06958649]
[1.89767452],[1.31564388],[1.68340222]
[0.],[0.],[0.]
[2.26906555],[0.61635265],[1.16599866]
[3.04938705],[0.99967156],[2.37604769]
[3.88533214],[1.13108023],[3.4811863]
[4.29463907],[1.3550314],[4.29094396]
[4.56965253],[1.51775689],[5.14826784]
[5.04184826],[1.58766021],[5.91711303]
[5.30151902],[1.65898766],[6.61633105]
[5.44354482],[1.69670637],[7.31035223]
[5.9171725],[1.80611762],[8.04570594]
[6.16801731],[1.90228095],[8.76372508]
[6.39996159],[1.96637772],[9.62061366]
[6.75519685],[2.01487921],[10.31581813]
[6.99949856],[2.06984231],[11.17200841]
[7.23793245],[2.10718401],[11.76525007]
[7.58385937],[2.1539613],[12.70703323]
[7.82761833],[2.19918069],[13.46247318]
[8.08611196],[2.24194334],[14.3226788]
[8.39830401],[2.27682702],[15.19900576]
[8.66011584],[2.32760539],[16.15911243]
[8.9840089],[2.37094025],[16.98782741]
[9.22812275],[2.40052525],[18.02493661]
[9.50742073],[2.44069825],[18.85072142]
[9.82098538],[2.48098176],[19.75622855]
[9.99388242],[2.53221241],[20.56124039]
[10.13316561],[2.57366912],[21.27661127]
[10.19953452],[2.62035023],[21.77856137]
[10.30371099],[2.66015221],[22.38239798]
[10.40024773],[2.69021645],[22.82034442]
[10.49842871],[2.71943444],[23.37026003]
[10.64903251],[2.74756724],[23.90310809]
[10.7102313],[2.77266214],[24.41149116]
[10.83543338],[2.79136707],[24.74405582]
[10.91047595],[2.81487603],[25.12579263]
[11.05139512],[2.8340024],[25.46723392]
[11.15415268],[2.85250323],[25.68556537]
[11.28042437],[2.8613934],[25.85573551]
[11.39770749],[2.84442606],[25.9836956]
[11.39249194],[2.81939386],[25.97120332]
[11.51529957],[2.79543143],[25.94763533]
[11.48068134],[2.75139202],[25.72491387]
[11.49415128],[2.68726628],[25.35285873]
[11.46105919],[2.63621134],[24.87803313]
[11.50447945],[2.5884535],[24.38166301]
[11.48922989],[2.54106016],[23.79301486]
[11.51005818],[2.49528675],[23.22745689]
[11.53155842],[2.45550988],[22.58640777]
[11.54959295],[2.41636837],[21.88653012]
[11.57140179],[2.37128294],[20.97911774]
[11.41055916],[2.32113639],[19.99582938]
[11.03921677],[2.27157235],[19.08355522]
[10.70117501],[2.20795296],[18.21198708]
[10.27344372],[2.12160757],[17.29465832]
[9.38330144],[2.05564138],[15.64741527]
[2.86930129],[1.39087069],[2.85068298]
[0.],[0.],[0.]
[2.28733011],[0.66119805],[1.27376416]
[3.06256955],[1.04323507],[2.50677089]
[3.8900315],[1.18099474],[3.7078687]
[4.37757863],[1.40787035],[4.52778459]
[4.61529798],[1.56724584],[5.42589564]
[5.15259267],[1.63571289],[6.22668036]
[5.36781281],[1.70082405],[6.99899368]
[5.61427792],[1.75098975],[7.70712953]
[6.06927521],[1.86911554],[8.51068819]
[6.32541822],[1.96330697],[9.38461135]
[6.67032147],[2.03134536],[10.22389159]
[6.91635428],[2.07489452],[11.06012354]
[7.1872462],[2.12881992],[11.90999301]
[7.52267087],[2.16440847],[12.63256121]
[7.72639424],[2.21633968],[13.6131731]
[8.02130984],[2.26200165],[14.36821613]
[8.36255175],[2.31068861],[15.34570071]
[8.54161572],[2.35694363],[16.29642075]
[8.8803741],[2.41155773],[17.28177278]
[9.18685922],[2.50506679],[18.27259085]
[9.41103509],[2.54702319],[19.35864202]
[9.7611528],[2.59324498],[20.26319047]
[10.00992109],[2.62891815],[21.24092249]
[10.24290865],[2.67099393],[22.14837909]
[10.42715237],[2.70918243],[22.98775982]
[10.55659608],[2.74902245],[23.54622919]
[10.64387493],[2.80157902],[24.29045484]
[10.7561262],[2.82854028],[24.88164886]
[10.84658759],[2.87243894],[25.52721109]
[11.01203735],[2.90423379],[26.12393564]
[11.10521853],[2.92729471],[26.62200704]
[11.2163718],[2.94379397],[27.03727852]
[11.34292302],[2.96656449],[27.47111459]
[11.45232182],[2.98442984],[27.8680549]
[11.62576018],[3.00334068],[28.23124481]
[11.75980112],[3.01521095],[28.57827722]
[11.92072216],[3.00712439],[28.85260465]
[12.10076955],[2.98997598],[29.01116766]
[12.21509181],[2.97936297],[29.05486525]
[12.26777102],[2.95652761],[28.95222388]
[12.20734168],[2.89535513],[28.55713572]
[12.23521569],[2.81291958],[28.01883388]
[12.18150818],[2.73568113],[27.39888768]
[12.20702522],[2.67851772],[26.77317163]
[12.16261584],[2.6278772],[26.06413669]
[12.12550334],[2.58484483],[25.35186577]
[12.13070152],[2.55089006],[24.54201521]
[12.15461232],[2.51141272],[23.72596403]
[12.16304845],[2.47445002],[22.79481653]
[11.98993633],[2.43626142],[21.708696]
[11.51809989],[2.39324511],[20.52684886]
[10.92067874],[2.29577883],[19.37238511]
[9.83764734],[2.1876268],[17.5630591]
[4.10995853],[1.44814631],[4.0797882]
[0.],[0.],[0.]
[2.30905749],[0.7146152],[1.39490637]
[3.0843682],[1.07644615],[2.6540001]
[3.90674318],[1.2631952],[3.96041127]
[4.46042925],[1.47474972],[4.8340453]
[4.79136347],[1.62090478],[5.75770791]
[5.24843435],[1.6910863],[6.57791609]
[5.4372285],[1.74580014],[7.44249794]
[5.8939795],[1.8265229],[8.19501586]
[6.18976005],[1.93493611],[9.17889197]
[6.60239704],[2.026928],[10.05469415]
[6.9298827],[2.0941597],[11.03712753]
[7.1196929],[2.1332826],[11.80302857]
[7.49138362],[2.18591657],[12.79358641]
[7.72630745],[2.22691838],[13.6454604]
[7.942799],[2.27536987],[14.53201874]
[8.32660536],[2.32854667],[15.51083466]
[8.54799267],[2.39054911],[16.54290019]
[8.80067814],[2.44006202],[17.42068003]
[9.13854821],[2.53109529],[18.61048834]
[9.3920079],[2.62934819],[19.66577714]
[9.68923291],[2.67237072],[20.78067916]
[9.95430021],[2.71438908],[21.80721021]
[10.24822909],[2.76407482],[22.89317516]
[10.60242647],[2.80786757],[23.8887181]
[10.79341824],[2.86463444],[24.88862075]
[10.96109613],[2.90287058],[25.67137723]
[11.04288349],[2.95609569],[26.38698915]
[11.17067046],[2.98504695],[27.07987251]
[11.36757645],[3.03294039],[27.77115393]
[11.48773138],[3.06078378],[28.39459194]
[11.64642312],[3.08490593],[29.02029431]
[11.74599698],[3.09897637],[29.62472384]
[11.92437353],[3.11983483],[30.2356162]
[12.12656511],[3.13664469],[30.8361859]
[12.26394093],[3.15500851],[31.28993397]
[12.46047976],[3.16914628],[31.76906817]
[12.60871697],[3.17000592],[32.2291383]
[12.76565682],[3.16689203],[32.53357037]
[12.94807196],[3.18405278],[32.69511764]
[12.99049976],[3.18946138],[32.65374228]
[13.0243143],[3.11073668],[32.46876502]
[12.95454636],[3.02856692],[31.97394239]
[12.99399406],[2.93937064],[31.30557353]
[12.93799711],[2.85140026],[30.52495789]
[12.98438317],[2.77125323],[29.71088323]
[12.9194374],[2.71900396],[28.74024359]
[12.88400501],[2.67586786],[27.8029888]
[12.85985553],[2.63053305],[26.6959109]
[12.84827903],[2.59516192],[25.70525671]
[12.84899146],[2.56083044],[24.58532122]
[12.64724008],[2.51905912],[23.37051017]
[11.92960172],[2.44921524],[22.00494506]
[10.74286352],[2.35344804],[19.86216894]
[5.24374317],[1.50091448],[5.39195968]
[2.19957878],[1.01339698],[0.94907266]
[2.32429996],[0.76871942],[1.49852797]
[3.10214462],[1.10517247],[2.78188246]
[3.91830152],[1.33436607],[4.1930953]
[4.54928003],[1.53696669],[5.13788699]
[5.01847204],[1.6810809],[6.11061601]
[5.33097648],[1.74453109],[6.983151]
[5.72294575],[1.79621569],[7.96231509]
[6.07537328],[1.91139485],[8.81230719]
[6.34970395],[2.02154736],[9.89269242]
[6.82709331],[2.09428462],[10.83184902]
[7.11192282],[2.16062659],[11.88747998]
[7.45146595],[2.19622411],[12.65125242]
[7.70529421],[2.25217882],[13.82747106]
[7.93969913],[2.29009646],[14.63458226]
[8.27958109],[2.35627539],[15.62442303]
[8.49411168],[2.41311376],[16.73025798]
[8.78276722],[2.47546308],[17.75989569]
[9.12048174],[2.56557833],[18.81459911]
[9.29537983],[2.65738748],[20.03673902]
[9.66393255],[2.73652779],[21.11406606]
[9.96029019],[2.80947074],[22.30898958]
[10.17167318],[2.85177067],[23.37309235]
[10.56179285],[2.90804341],[24.5324406]
[10.88730757],[2.95218521],[25.65987391]
[11.17096967],[3.00923346],[26.80388028]
[11.36249006],[3.04673043],[27.70994805]
[11.50810736],[3.10542076],[28.56771861]
[11.59108117],[3.1379252],[29.32297203]
[11.87512682],[3.19532054],[30.16806869]
[12.1040792],[3.22358868],[31.09458795]
[12.24062436],[3.24594652],[31.86868987]
[12.44010078],[3.26420448],[32.67181359]
[12.57468439],[3.28695426],[33.56937819]
[12.77115149],[3.30510602],[34.40754659]
[12.95892116],[3.32749463],[35.04030332]
[13.08698556],[3.34341733],[35.46752443]
[13.29582202],[3.35108782],[35.94896718]
[13.44202951],[3.35391076],[36.37127015]
[13.59549341],[3.36501467],[36.60252661]
[13.78485422],[3.35908093],[36.73618725]
[13.78365711],[3.30182324],[36.76727877]
[13.83315215],[3.23794255],[36.70275607]
[13.8115945],[3.16209016],[36.16933556]
[13.87053269],[3.07084811],[35.41999992]
[13.87449076],[2.9869451],[34.49284936]
[13.90707911],[2.89890925],[33.61777556]
[13.89850385],[2.81732663],[32.38267661]
[13.8937157],[2.76748453],[31.15902452]
[13.90005269],[2.72274164],[30.03590178]
[13.89660113],[2.6801456],[28.46993304]
[13.75352684],[2.63152724],[26.94042515]
[13.04000418],[2.5723367],[25.13173055]
[11.82019227],[2.49455903],[22.67466734]
[5.84430347],[1.54087875],[6.78355925]
[3.32444838],[1.15988476],[2.2795012]
[2.33706707],[0.78242494],[1.55165365]
[3.11580126],[1.0904881],[2.83961908]
[3.93275506],[1.37111351],[4.35397089]
[4.66833898],[1.56427351],[5.40255491]
[5.17789885],[1.70504562],[6.38327665]
[5.50236099],[1.75554191],[7.38465849]
[5.94893627],[1.87184208],[8.44393112]
[6.19945113],[1.97617185],[9.39143564]
[6.66441122],[2.07856036],[10.52870902]
[6.9709317],[2.14729308],[11.5649457]
[7.39682618],[2.21231783],[12.57825568]
[7.69975634],[2.2459702],[13.57350018]
[7.87348652],[2.31319715],[14.66007759]
[8.27073644],[2.37477187],[15.70237152]
[8.50107933],[2.44261577],[16.84700502]
[8.72987237],[2.50397217],[17.83890702]
[9.09470736],[2.62253878],[19.11914521]
[9.31187842],[2.70533149],[20.22392875]
[9.55324043],[2.7851958],[21.38298344]
[9.91621949],[2.86142721],[22.59448873]
[10.16232136],[2.94189571],[23.79233466]
[10.50013278],[2.98583454],[24.93150971]
[10.78376887],[3.04493651],[26.18404743]
[11.17268974],[3.08965691],[27.41416202]
[11.56734163],[3.15492955],[28.76107496]
[11.78009964],[3.19422309],[29.8364212]
[11.97095906],[3.26082647],[30.91009365]
[12.15842707],[3.30189913],[31.93069065]
[12.3951974],[3.36191366],[32.91855326]
[12.70977644],[3.39029732],[33.98936525]
[12.94002802],[3.41108213],[35.09840553]
[13.07899456],[3.43065374],[36.01109912]
[13.28372632],[3.45677876],[36.92638699]
[13.42736384],[3.47558965],[37.84722204]
[13.59975349],[3.49993058],[38.66785685]
[13.78105739],[3.5204309],[39.27632353]
[13.92834587],[3.52533907],[39.76789623]
[14.18327897],[3.53938624],[40.30042611]
[14.42594088],[3.54336876],[40.77538109]
[14.6618955],[3.52817403],[41.23210705]
[14.88213575],[3.48532533],[41.64172183]
[14.94220711],[3.43754007],[41.72747981]
[14.94206408],[3.36074364],[41.68832993]
[14.97453602],[3.27454155],[41.36101114]
[14.9774897],[3.20429605],[40.61555188]
[15.01953208],[3.11939263],[39.53676675]
[14.99178891],[3.03465102],[38.35526476]
[15.03525985],[2.94780279],[37.06186472]
[14.99629981],[2.86882103],[35.50485525]
[14.99598941],[2.81980557],[33.85435515]
[15.00769843],[2.76107898],[32.27162721]
[14.98417239],[2.69189564],[30.13852077]
[13.82165608],[2.62307278],[26.75178503]
[6.46588237],[1.60940733],[8.55561082]
[4.05531503],[1.27366708],[3.56349039]
[2.33822052],[0.81963819],[2.32814297]
[3.11589282],[1.1174941],[2.96522624]
[3.93273736],[1.42870001],[4.55659724]
[4.66555179],[1.62069444],[5.69804111]
[5.31039478],[1.75099245],[6.75716443]
[5.73802488],[1.82783357],[7.88052098]
[6.07565154],[1.95376486],[9.05574774]
[6.48876899],[2.05464903],[10.1198577]
[6.85241131],[2.15226227],[11.29799196]
[7.11721657],[2.21393654],[12.2737194]
[7.60249903],[2.27031332],[13.42632996]
[7.84207641],[2.32927069],[14.46185182]
[8.164434],[2.39985907],[15.62081096]
[8.43612469],[2.46132704],[16.84683929]
[8.66397222],[2.55578996],[17.99326298]
[9.03035876],[2.65306369],[19.1771082]
[9.25313631],[2.74945129],[20.48607242]
[9.50466308],[2.81808128],[21.53768567]
[9.84849055],[2.90306222],[22.7568453]
[10.02948997],[2.99002405],[24.02253139]
[10.37754571],[3.07473101],[25.28893137]
[10.72291314],[3.11632222],[26.53424814]
[11.03018907],[3.18155396],[27.89425834]
[11.44003451],[3.22398146],[29.27821181]
[11.82066053],[3.30063851],[30.72351504]
[12.18205495],[3.34215989],[32.12030963]
[12.40665112],[3.40892171],[33.47917011]
[12.68669506],[3.45045089],[34.61392298]
[12.99239979],[3.50305522],[35.90906143]
[13.25162777],[3.53886446],[37.03511845]
[13.53902699],[3.57229851],[38.21363561]
[13.76807055],[3.60810811],[39.36860036]
[13.90846516],[3.64520653],[40.44651578]
[14.11670693],[3.66759478],[41.56233168]
[14.2693485],[3.69260935],[42.51613622]
[14.47422303],[3.71423587],[43.37842676]
[14.74831905],[3.72165391],[44.31409852]
[15.00871589],[3.73276554],[45.05358909]
[15.27253943],[3.73993601],[45.77508259]
[15.57767907],[3.73633294],[46.3047909]
[15.85185879],[3.72371789],[46.77095923]
[16.02146459],[3.68651686],[47.11877479]
[16.06934062],[3.61728959],[47.26929262]
[16.04281402],[3.51804252],[47.25621082]
[16.08581155],[3.42293733],[46.89999792]
[16.05762495],[3.33530629],[46.19754964]
[16.09598004],[3.26723675],[45.14181394]
[16.08428019],[3.19294081],[43.50543192]
[16.11538592],[3.10993919],[41.9931634]
[16.10156703],[3.02212899],[40.44921133]
[16.09958285],[2.94364705],[38.71370154]
[16.07364648],[2.87427327],[36.41651328]
[15.36582862],[2.77916821],[33.32692642]
[8.03369991],[1.7337495],[11.39296599]
[4.71832768],[1.36503473],[5.01248333]
[2.92434571],[1.11721083],[3.67286836]
[3.12858672],[1.15163087],[3.17981413]
[3.94592305],[1.50179764],[4.80889654]
[4.68039339],[1.68843307],[6.04982748]
[5.48007292],[1.80423681],[7.25470931]
[5.92212391],[1.92373403],[8.4722504]
[6.29960669],[2.04606455],[9.80768543]
[6.7092209],[2.13804834],[10.91269239]
[6.99919586],[2.22845411],[12.1324209]
[7.46320419],[2.28496769],[13.1349514]
[7.75756847],[2.34842701],[14.42747391]
[8.15661584],[2.41975969],[15.49835714]
[8.45291967],[2.49141209],[16.87993635]
[8.60188642],[2.59211922],[18.03840393]
[8.99544314],[2.69605455],[19.40801648]
[9.25538873],[2.7769399],[20.64863897]
[9.44647433],[2.85499127],[21.80444551]
[9.82987547],[2.9307209],[23.01805972]
[10.0543966],[3.02388346],[24.29435678]
[10.30116432],[3.12142365],[25.57112036]
[10.69167964],[3.20858704],[26.9986974]
[10.98816086],[3.24749705],[28.29306218]
[11.37347821],[3.32601619],[29.80151836]
[11.73077403],[3.3712407],[31.29778662]
[12.13767222],[3.43722363],[32.87363879]
[12.572455],[3.48035637],[34.47325357]
[13.05396829],[3.54627566],[36.30843232]
[13.23265478],[3.59707919],[37.6897296]
[13.56274704],[3.6543489],[38.98632376]
[13.87806701],[3.69514392],[40.35513852]
[14.12095321],[3.73627283],[41.57263167]
[14.38732068],[3.78110627],[42.90374041]
[14.6190268],[3.82905726],[44.19053718]
[14.76036533],[3.85312665],[45.4861402]
[15.06234376],[3.88088856],[46.84298915]
[15.34832844],[3.90568088],[47.98051456]
[15.59688578],[3.91850248],[49.06361502]
[15.89186814],[3.93201043],[50.1348557]
[16.19083933],[3.94429118],[50.97807169]
[16.44254484],[3.9712246],[51.70873632]
[16.73400996],[3.98190073],[52.35225691]
[17.02622663],[3.94381663],[52.81832568]
[17.14149632],[3.87453183],[53.0949105]
[17.17889973],[3.78378271],[53.31491955]
[17.18534522],[3.73328563],[53.33309746]
[17.18203504],[3.61128787],[52.78485045]
[17.18503635],[3.48984727],[51.99996753]
[17.19156185],[3.38780473],[50.79029202]
[17.21775248],[3.31201024],[49.45104686]
[17.20367345],[3.23875066],[47.52883316]
[17.24394563],[3.16155711],[45.53900538]
[17.11932783],[3.07690966],[43.3006778]
[16.41148199],[2.97369891],[40.19293203]
[10.16424683],[2.09787401],[16.33436962]
[6.20008881],[1.55628245],[9.00522505]
[3.62805709],[1.2666996],[5.11212014]
[3.14192133],[1.22057968],[4.04184943]
[3.96158306],[1.56568777],[5.06473158]
[4.69695623],[1.75656502],[6.38126946]
[5.50231209],[1.88924106],[7.88089941]
[6.13636186],[2.0340523],[9.1778779]
[6.57889457],[2.14205327],[10.59732201]
[6.86400096],[2.22383112],[11.76898922]
[7.30433064],[2.30039825],[12.96345868]
[7.67734404],[2.35273447],[14.16025937]
[7.91697744],[2.44434672],[15.45354692]
[8.39809277],[2.52336179],[16.73656512]
[8.62552883],[2.6374433],[18.1481794]
[8.95656095],[2.72239171],[19.39781369]
[9.22005881],[2.80965516],[20.81579975]
[9.45561056],[2.8775159],[22.02041591]
[9.79744096],[2.96659457],[23.24770934]
[10.03679203],[3.04466297],[24.57138195]
[10.28294532],[3.15039336],[25.8790944]
[10.67249981],[3.25625798],[27.2841127]
[10.90404381],[3.35359674],[28.76074208]
[11.32086317],[3.39524421],[30.21251119]
[11.68731527],[3.45926611],[31.81144851]
[12.08687321],[3.50683124],[33.44733763]
[12.49996456],[3.57141715],[35.18156829]
[12.93932786],[3.62209749],[36.98381493]
[13.42976678],[3.68467875],[38.97450628]
[13.85386751],[3.73455132],[40.69515427]
[14.08938613],[3.79608744],[42.26752839]
[14.43395787],[3.83985732],[43.7656028]
[14.74451163],[3.89914721],[45.19924076]
[15.00428339],[3.95646654],[46.63083337]
[15.31701787],[4.01366655],[48.17597357]
[15.67526007],[4.04525065],[49.76371939]
[15.95303183],[4.07940683],[51.25279887]
[16.21434731],[4.10364564],[52.7672771]
[16.52919472],[4.11705078],[54.11932505]
[16.80707291],[4.13033726],[55.36506968]
[17.03728668],[4.14118367],[56.41353128]
[17.33866808],[4.15703288],[57.31655697]
[17.64532717],[4.16030235],[58.20778651]
[17.89716932],[4.13629079],[58.82711073]
[18.15580953],[4.07943931],[59.32534962]
[18.31123475],[4.06400969],[59.53258235]
[18.29330459],[4.0458737],[59.55122907]
[18.32294972],[3.96936027],[59.36280746]
[18.26941808],[3.84904272],[58.59939299]
[18.30938778],[3.6433716],[57.43661207]
[18.27811651],[3.53042339],[56.03076206]
[18.29762757],[3.44410551],[54.55177642]
[18.27783785],[3.36426791],[52.84500687]
[18.14024221],[3.29046659],[50.62655916]
[17.40237821],[3.22003882],[47.29123595]
[11.39443797],[2.48671827],[21.61436805]
[10.1119754],[1.86681533],[14.54834861]
[6.33294325],[1.46924592],[9.8165995]
[3.15621767],[1.26472596],[5.52865834]
[3.97774717],[1.58983268],[5.22787225]
[4.71640928],[1.77335257],[6.60619524]
[5.5265502],[1.97235088],[8.40128479]
[6.26937487],[2.10259603],[9.81787014]
[6.75809512],[2.19454369],[11.25800212]
[7.10949783],[2.26517135],[12.44294133]
[7.53284104],[2.34047331],[13.73383214]
[7.81290827],[2.41514072],[15.04457489]
[8.27045723],[2.54561377],[16.41810989]
[8.54468071],[2.66657485],[17.89058525]
[8.9470086],[2.76139543],[19.35461796]
[9.22950886],[2.82949028],[20.75081987]
[9.41637405],[2.89993399],[22.0734548]
[9.80188857],[2.98004593],[23.43898766]
[10.05264193],[3.07063402],[24.76542133]
[10.23343916],[3.15994582],[26.0472141]
[10.63702228],[3.2788175],[27.50638914]
[10.91106571],[3.39544593],[28.95281794]
[11.25260505],[3.47675885],[30.55730546]
[11.59581702],[3.51804701],[32.12063]
[12.01148711],[3.5841523],[33.80443862]
[12.45954311],[3.62671201],[35.65661942]
[12.91015683],[3.69124836],[37.66417133]
[13.33595584],[3.73382384],[39.4451497]
[13.80950293],[3.80205151],[41.64299026]
[14.23637951],[3.85396553],[43.50074311]
[14.69311414],[3.91883483],[45.45515948]
[14.96285565],[3.97889573],[47.16589419]
[15.30458971],[4.04988573],[48.8388992]
[15.68298886],[4.11139673],[50.41417586]
[16.07557879],[4.16181765],[52.09826685]
[16.47317296],[4.1912796],[53.92147281]
[16.82865754],[4.22730056],[55.48931982]
[17.13638566],[4.25117338],[57.03802978]
[17.40681366],[4.27011556],[58.65377428]
[17.67719596],[4.28480828],[60.13523456]
[17.98080461],[4.30370102],[61.58477325]
[18.24716307],[4.31745069],[62.70286479]
[18.50841408],[4.31365351],[63.79864272]
[18.78879489],[4.29314004],[64.65336209]
[19.05355065],[4.28817333],[65.24157056]
[19.23661086],[4.27773095],[65.59624325]
[19.28178614],[4.25712828],[65.72619152]
[19.1810543],[4.20950162],[65.56618934]
[19.18847502],[4.12584547],[65.21165751]
[19.09534302],[4.02027833],[64.39576048]
[19.1214324],[3.89691324],[63.24776508]
[19.04320676],[3.76861401],[61.37833928]
[19.07404742],[3.58044389],[59.44702606]
[18.8069105],[3.48211281],[57.1793641]
[18.11374127],[3.40157123],[54.05023147]
[12.53838561],[2.96875761],[27.49744055]
[10.98016618],[2.28710487],[20.18994727]
[9.48072289],[1.79462814],[14.92673016]
[6.50597075],[1.43068197],[10.43685875]
[3.96916012],[1.27680225],[4.85840841]
[4.70874951],[1.42927151],[5.54335403]
[5.51610915],[1.71027264],[7.4181448]
[6.25739747],[1.89270035],[8.82500077]
[6.83733978],[1.98887126],[10.23505582]
[7.24397397],[2.04693075],[11.3615517]
[7.59256392],[2.15626033],[12.74889962]
[7.96138857],[2.26246007],[14.04977432]
[8.36738782],[2.44752534],[15.60736791]
[8.57692868],[2.55150963],[17.00965535]
[9.07162081],[2.62748626],[18.53107577]
[9.31219293],[2.68281669],[19.84651283]
[9.52249971],[2.77327665],[21.19692025]
[9.99240327],[2.87087199],[22.69143784]
[10.22039926],[2.98307643],[24.07051308]
[10.4247108],[3.08175847],[25.34326935]
[10.81747037],[3.21293503],[27.00015915]
[11.0599139],[3.28313966],[28.46126204]
[11.46600563],[3.38371431],[30.17284248]
[11.79441354],[3.45793944],[31.75358564]
[12.22321537],[3.5182346],[33.75255712]
[12.71304472],[3.57189501],[35.64985296]
[13.15220448],[3.63338438],[37.78516829]
[13.5883247],[3.68858385],[39.68679162]
[14.04023234],[3.75345407],[42.01851941]
[14.5060631],[3.8070216],[43.98188333]
[14.98043726],[3.88085493],[46.26371431]
[15.41068305],[3.94532688],[48.19838072]
[15.81035446],[4.00015566],[50.03746002]
[16.26732755],[4.05547946],[51.84652803]
[16.70614698],[4.10893979],[53.51646604]
[17.1668635],[4.16275382],[55.39376113]
[17.55627198],[4.21046797],[57.17745566]
[17.92881526],[4.26007466],[58.90384912]
[18.25661642],[4.29866581],[60.74909209]
[18.5716258],[4.34204974],[62.38823459]
[18.83274437],[4.37388794],[63.94451736]
[19.09674528],[4.40363489],[65.45707091]
[19.39101705],[4.44089522],[66.7009347]
[19.52716431],[4.47957045],[67.60032983]
[19.72330298],[4.47930762],[68.42086982]
[19.91578076],[4.48533566],[68.8573624]
[19.97816139],[4.48951783],[69.04673585]
[19.97430187],[4.44963421],[69.02121335]
[19.88342634],[4.38567804],[68.66995622]
[19.87693036],[4.29003375],[68.11005991]
[19.79720346],[4.13430532],[67.26809502]
[19.81154151],[4.0011615],[66.10529846]
[19.74296581],[3.8907405],[64.37769259]
[19.52970038],[3.818196],[62.08130802]
[18.92204543],[3.65382977],[59.05356665]
